 EB(GeV)    EMITTANCEx EMITTANCEy SIZEx(m)   SIZEy(m)   DIVx(rad)  DIVy(rad)
 2.411e+00  5.499e-09  1.017e-12  8.711e-05  1.009e-06  6.313e-05  1.009e-06
 betax      alphax     betay      alphay     eta        deta       E_spread  
 1.380e+00  0.000e+00  1.000e+00  0.000e+00  0.000e+00  0.000e+00  8.600e-04
 Ibeam(A)   period(cm) #periods   Kx         Ky         Energy(eV)
 4.005e-01  1.900e+00         96  0.000e+00  1.780e+00  2.139e+02


           x            y       F.Density            PL            PC          PL45        1-|PL|
          mm           mm  ph/s/mr^2/0.1%             -             -             -             -
-7.00000e+00 -4.00000e+00       1.990e+14 -9.201247e-01  0.000000e+00  3.879940e-01  7.987535e-02
-6.30000e+00 -4.00000e+00       8.758e+14 -9.231337e-01  0.000000e+00  3.830958e-01  7.686628e-02
-5.60000e+00 -4.00000e+00       1.174e+15 -9.243262e-01  0.000000e+00  3.800796e-01  7.567380e-02
-4.90000e+00 -4.00000e+00       4.783e+14 -9.252683e-01  0.000000e+00  3.737476e-01  7.473173e-02
-4.20000e+00 -4.00000e+00       6.245e+13 -9.190573e-01  0.000000e+00  3.236487e-01  8.094275e-02
-3.50000e+00 -4.00000e+00       5.773e+12 -6.767924e-01  0.000000e+00 -2.630076e-01  3.232076e-01
-2.80000e+00 -4.00000e+00       3.670e+12 -9.559319e-02  0.000000e+00 -8.245590e-01  9.044068e-01
-2.10000e+00 -4.00000e+00       4.361e+12  2.910534e-01  0.000000e+00 -7.878294e-01  7.089466e-01
-1.40000e+00 -4.00000e+00       5.927e+12  6.514855e-01  0.000000e+00 -5.665718e-01  3.485145e-01
-7.00000e-01 -4.00000e+00       8.221e+12  8.386543e-01  0.000000e+00 -3.051617e-01  1.613457e-01
 0.00000e+00 -4.00000e+00       9.193e+12  8.914866e-01  0.000000e+00 -6.284732e-15  1.085134e-01
 7.00000e-01 -4.00000e+00       8.221e+12  8.386543e-01  0.000000e+00  3.051617e-01  1.613457e-01
 1.40000e+00 -4.00000e+00       5.927e+12  6.514855e-01  0.000000e+00  5.665718e-01  3.485145e-01
 2.10000e+00 -4.00000e+00       4.361e+12  2.910534e-01  0.000000e+00  7.878294e-01  7.089466e-01
 2.80000e+00 -4.00000e+00       3.670e+12 -9.559319e-02  0.000000e+00  8.245590e-01  9.044068e-01
 3.50000e+00 -4.00000e+00       5.773e+12 -6.767924e-01  0.000000e+00  2.630076e-01  3.232076e-01
 4.20000e+00 -4.00000e+00       6.245e+13 -9.190573e-01  0.000000e+00 -3.236487e-01  8.094275e-02
 4.90000e+00 -4.00000e+00       4.783e+14 -9.252683e-01  0.000000e+00 -3.737476e-01  7.473173e-02
 5.60000e+00 -4.00000e+00       1.174e+15 -9.243262e-01  0.000000e+00 -3.800796e-01  7.567380e-02
 6.30000e+00 -4.00000e+00       8.758e+14 -9.231337e-01  0.000000e+00 -3.830958e-01  7.686628e-02
 7.00000e+00 -4.00000e+00       1.990e+14 -9.201247e-01  0.000000e+00 -3.879940e-01  7.987535e-02
-7.00000e+00 -3.60000e+00       5.425e+13 -7.649710e-01  0.000000e+00  6.372140e-01  2.350290e-01
-6.30000e+00 -3.60000e+00       1.489e+14 -7.796756e-01  0.000000e+00  6.219597e-01  2.203244e-01
-5.60000e+00 -3.60000e+00       1.327e+14 -7.899951e-01  0.000000e+00  6.060634e-01  2.100049e-01
-4.90000e+00 -3.60000e+00       4.000e+13 -8.074028e-01  0.000000e+00  5.503012e-01  1.925972e-01
-4.20000e+00 -3.60000e+00       6.716e+12 -8.155560e-01  0.000000e+00  1.528764e-01  1.844440e-01
-3.50000e+00 -3.60000e+00       3.323e+12 -5.242589e-01  0.000000e+00 -5.902643e-01  4.757411e-01
-2.80000e+00 -3.60000e+00       4.054e+12 -8.014561e-02  0.000000e+00 -8.104901e-01  9.198544e-01
-2.10000e+00 -3.60000e+00       5.869e+12  3.048433e-01  0.000000e+00 -7.968842e-01  6.951567e-01
-1.40000e+00 -3.60000e+00       7.014e+12  5.452977e-01  0.000000e+00 -6.877319e-01  4.547023e-01
-7.00000e-01 -3.60000e+00       5.676e+12  6.991297e-01  0.000000e+00 -4.767912e-01  3.008703e-01
 0.00000e+00 -3.60000e+00       4.354e+12  7.668217e-01  0.000000e+00 -1.144761e-15  2.331783e-01
 7.00000e-01 -3.60000e+00       5.676e+12  6.991297e-01  0.000000e+00  4.767912e-01  3.008703e-01
 1.40000e+00 -3.60000e+00       7.014e+12  5.452977e-01  0.000000e+00  6.877319e-01  4.547023e-01
 2.10000e+00 -3.60000e+00       5.869e+12  3.048433e-01  0.000000e+00  7.968842e-01  6.951567e-01
 2.80000e+00 -3.60000e+00       4.054e+12 -8.014561e-02  0.000000e+00  8.104901e-01  9.198544e-01
 3.50000e+00 -3.60000e+00       3.323e+12 -5.242589e-01  0.000000e+00  5.902643e-01  4.757411e-01
 4.20000e+00 -3.60000e+00       6.716e+12 -8.155560e-01  0.000000e+00 -1.528764e-01  1.844440e-01
 4.90000e+00 -3.60000e+00       4.000e+13 -8.074028e-01  0.000000e+00 -5.503012e-01  1.925972e-01
 5.60000e+00 -3.60000e+00       1.327e+14 -7.899951e-01  0.000000e+00 -6.060634e-01  2.100049e-01
 6.30000e+00 -3.60000e+00       1.489e+14 -7.796756e-01  0.000000e+00 -6.219597e-01  2.203244e-01
 7.00000e+00 -3.60000e+00       5.425e+13 -7.649710e-01  0.000000e+00 -6.372140e-01  2.350290e-01
-7.00000e+00 -3.20000e+00       5.148e+14 -5.770162e-01  0.000000e+00  8.161180e-01  4.229838e-01
-6.30000e+00 -3.20000e+00       1.007e+15 -5.793358e-01  0.000000e+00  8.145678e-01  4.206642e-01
-5.60000e+00 -3.20000e+00       5.966e+14 -5.819932e-01  0.000000e+00  8.119326e-01  4.180068e-01
-4.90000e+00 -3.20000e+00       1.094e+14 -5.916443e-01  0.000000e+00  7.944689e-01  4.083557e-01
-4.20000e+00 -3.20000e+00       8.722e+12 -6.576331e-01  0.000000e+00  4.809409e-01  3.423669e-01
-3.50000e+00 -3.20000e+00       3.299e+12 -5.194792e-01  0.000000e+00 -5.554899e-01  4.805208e-01
-2.80000e+00 -3.20000e+00       4.354e+12 -1.599031e-01  0.000000e+00 -8.070313e-01  8.400969e-01
-2.10000e+00 -3.20000e+00       5.233e+12  1.644277e-01  0.000000e+00 -8.023783e-01  8.355723e-01
-1.40000e+00 -3.20000e+00       5.436e+12  5.203161e-01  0.000000e+00 -5.932344e-01  4.796839e-01
-7.00000e-01 -3.20000e+00       6.645e+12  7.807957e-01  0.000000e+00 -2.568563e-01  2.192043e-01
 0.00000e+00 -3.20000e+00       7.860e+12  8.502175e-01  0.000000e+00 -6.663048e-16  1.497825e-01
 7.00000e-01 -3.20000e+00       6.645e+12  7.807957e-01  0.000000e+00  2.568563e-01  2.192043e-01
 1.40000e+00 -3.20000e+00       5.436e+12  5.203161e-01  0.000000e+00  5.932344e-01  4.796839e-01
 2.10000e+00 -3.20000e+00       5.233e+12  1.644277e-01  0.000000e+00  8.023783e-01  8.355723e-01
 2.80000e+00 -3.20000e+00       4.354e+12 -1.599031e-01  0.000000e+00  8.070313e-01  8.400969e-01
 3.50000e+00 -3.20000e+00       3.299e+12 -5.194792e-01  0.000000e+00  5.554899e-01  4.805208e-01
 4.20000e+00 -3.20000e+00       8.722e+12 -6.576331e-01  0.000000e+00 -4.809409e-01  3.423669e-01
 4.90000e+00 -3.20000e+00       1.094e+14 -5.916443e-01  0.000000e+00 -7.944689e-01  4.083557e-01
 5.60000e+00 -3.20000e+00       5.966e+14 -5.819932e-01  0.000000e+00 -8.119326e-01  4.180068e-01
 6.30000e+00 -3.20000e+00       1.007e+15 -5.793358e-01  0.000000e+00 -8.145678e-01  4.206642e-01
 7.00000e+00 -3.20000e+00       5.148e+14 -5.770162e-01  0.000000e+00 -8.161180e-01  4.229838e-01
-7.00000e+00 -2.80000e+00       6.410e+14 -3.339335e-01  0.000000e+00  9.421989e-01  6.660665e-01
-6.30000e+00 -2.80000e+00       9.081e+14 -3.361598e-01  0.000000e+00  9.413489e-01  6.638402e-01
-5.60000e+00 -2.80000e+00       3.902e+14 -3.400144e-01  0.000000e+00  9.388590e-01  6.599856e-01
-4.90000e+00 -2.80000e+00       5.297e+13 -3.634990e-01  0.000000e+00  9.108312e-01  6.365010e-01
-4.20000e+00 -2.80000e+00       4.592e+12 -5.856455e-01  0.000000e+00  3.615202e-01  4.143545e-01
-3.50000e+00 -2.80000e+00       3.194e+12 -5.521393e-01  0.000000e+00 -5.213300e-01  4.478607e-01
-2.80000e+00 -2.80000e+00       4.099e+12 -2.290555e-01  0.000000e+00 -7.367560e-01  7.709445e-01
-2.10000e+00 -2.80000e+00       4.655e+12  1.840425e-01  0.000000e+00 -7.326320e-01  8.159575e-01
-1.40000e+00 -2.80000e+00       5.262e+12  5.522861e-01  0.000000e+00 -5.668288e-01  4.477139e-01
-7.00000e-01 -2.80000e+00       5.830e+12  7.492063e-01  0.000000e+00 -3.041720e-01  2.507937e-01
 0.00000e+00 -2.80000e+00       6.065e+12  8.091806e-01  0.000000e+00  3.846246e-15  1.908194e-01
 7.00000e-01 -2.80000e+00       5.830e+12  7.492063e-01  0.000000e+00  3.041720e-01  2.507937e-01
 1.40000e+00 -2.80000e+00       5.262e+12  5.522861e-01  0.000000e+00  5.668288e-01  4.477139e-01
 2.10000e+00 -2.80000e+00       4.655e+12  1.840425e-01  0.000000e+00  7.326320e-01  8.159575e-01
 2.80000e+00 -2.80000e+00       4.099e+12 -2.290555e-01  0.000000e+00  7.367560e-01  7.709445e-01
 3.50000e+00 -2.80000e+00       3.194e+12 -5.521393e-01  0.000000e+00  5.213300e-01  4.478607e-01
 4.20000e+00 -2.80000e+00       4.592e+12 -5.856455e-01  0.000000e+00 -3.615202e-01  4.143545e-01
 4.90000e+00 -2.80000e+00       5.297e+13 -3.634990e-01  0.000000e+00 -9.108312e-01  6.365010e-01
 5.60000e+00 -2.80000e+00       3.902e+14 -3.400144e-01  0.000000e+00 -9.388590e-01  6.599856e-01
 6.30000e+00 -2.80000e+00       9.081e+14 -3.361598e-01  0.000000e+00 -9.413489e-01  6.638402e-01
 7.00000e+00 -2.80000e+00       6.410e+14 -3.339335e-01  0.000000e+00 -9.421989e-01  6.660665e-01
-7.00000e+00 -2.40000e+00       1.753e+14 -6.490604e-02  0.000000e+00  9.967321e-01  9.350940e-01
-6.30000e+00 -2.40000e+00       1.893e+14 -7.353779e-02  0.000000e+00  9.955532e-01  9.264622e-01
-5.60000e+00 -2.40000e+00       6.515e+13 -9.414040e-02  0.000000e+00  9.878525e-01  9.058596e-01
-4.90000e+00 -2.40000e+00       8.983e+12 -2.385243e-01  0.000000e+00  8.696724e-01  7.614757e-01
-4.20000e+00 -2.40000e+00       2.613e+12 -6.659569e-01  0.000000e+00  9.837260e-02  3.340431e-01
-3.50000e+00 -2.40000e+00       3.007e+12 -5.616365e-01  0.000000e+00 -4.299271e-01  4.383635e-01
-2.80000e+00 -2.40000e+00       3.696e+12 -2.041730e-01  0.000000e+00 -6.568919e-01  7.958270e-01
-2.10000e+00 -2.40000e+00       4.499e+12  2.584475e-01  0.000000e+00 -6.790193e-01  7.415525e-01
-1.40000e+00 -2.40000e+00       5.823e+12  5.996432e-01  0.000000e+00 -5.088531e-01  4.003568e-01
-7.00000e-01 -2.40000e+00       7.623e+12  7.792829e-01  0.000000e+00 -2.462473e-01  2.207171e-01
 0.00000e+00 -2.40000e+00       8.720e+12  8.289270e-01  0.000000e+00  1.642669e-16  1.710730e-01
 7.00000e-01 -2.40000e+00       7.623e+12  7.792829e-01  0.000000e+00  2.462473e-01  2.207171e-01
 1.40000e+00 -2.40000e+00       5.823e+12  5.996432e-01  0.000000e+00  5.088531e-01  4.003568e-01
 2.10000e+00 -2.40000e+00       4.499e+12  2.584475e-01  0.000000e+00  6.790193e-01  7.415525e-01
 2.80000e+00 -2.40000e+00       3.696e+12 -2.041730e-01  0.000000e+00  6.568919e-01  7.958270e-01
 3.50000e+00 -2.40000e+00       3.007e+12 -5.616365e-01  0.000000e+00  4.299271e-01  4.383635e-01
 4.20000e+00 -2.40000e+00       2.613e+12 -6.659569e-01  0.000000e+00 -9.837260e-02  3.340431e-01
 4.90000e+00 -2.40000e+00       8.983e+12 -2.385243e-01  0.000000e+00 -8.696724e-01  7.614757e-01
 5.60000e+00 -2.40000e+00       6.515e+13 -9.414040e-02  0.000000e+00 -9.878525e-01  9.058596e-01
 6.30000e+00 -2.40000e+00       1.893e+14 -7.353779e-02  0.000000e+00 -9.955532e-01  9.264622e-01
 7.00000e+00 -2.40000e+00       1.753e+14 -6.490604e-02  0.000000e+00 -9.967321e-01  9.350940e-01
-7.00000e+00 -2.00000e+00       7.763e+13  2.031807e-01  0.000000e+00  9.769889e-01  7.968193e-01
-6.30000e+00 -2.00000e+00       6.833e+13  1.860897e-01  0.000000e+00  9.786217e-01  8.139103e-01
-5.60000e+00 -2.00000e+00       2.091e+13  1.343918e-01  0.000000e+00  9.724663e-01  8.656082e-01
-4.90000e+00 -2.00000e+00       3.730e+12 -1.783590e-01  0.000000e+00  8.237170e-01  8.216410e-01
-4.20000e+00 -2.00000e+00       1.993e+12 -6.594378e-01  0.000000e+00  2.360007e-01  3.405622e-01
-3.50000e+00 -2.00000e+00       2.475e+12 -5.289139e-01  0.000000e+00 -2.839961e-01  4.710861e-01
-2.80000e+00 -2.00000e+00       3.826e+12 -3.327405e-02  0.000000e+00 -6.146471e-01  9.667259e-01
-2.10000e+00 -2.00000e+00       6.136e+12  3.566135e-01  0.000000e+00 -6.570503e-01  6.433865e-01
-1.40000e+00 -2.00000e+00       7.579e+12  6.006095e-01  0.000000e+00 -5.169197e-01  3.993905e-01
-7.00000e-01 -2.00000e+00       8.465e+12  7.858651e-01  0.000000e+00 -2.502058e-01  2.141349e-01
 0.00000e+00 -2.00000e+00       9.328e+12  8.470570e-01  0.000000e+00 -2.251306e-15  1.529430e-01
 7.00000e-01 -2.00000e+00       8.465e+12  7.858651e-01  0.000000e+00  2.502058e-01  2.141349e-01
 1.40000e+00 -2.00000e+00       7.579e+12  6.006095e-01  0.000000e+00  5.169197e-01  3.993905e-01
 2.10000e+00 -2.00000e+00       6.136e+12  3.566135e-01  0.000000e+00  6.570503e-01  6.433865e-01
 2.80000e+00 -2.00000e+00       3.826e+12 -3.327405e-02  0.000000e+00  6.146471e-01  9.667259e-01
 3.50000e+00 -2.00000e+00       2.475e+12 -5.289139e-01  0.000000e+00  2.839961e-01  4.710861e-01
 4.20000e+00 -2.00000e+00       1.993e+12 -6.594378e-01  0.000000e+00 -2.360007e-01  3.405622e-01
 4.90000e+00 -2.00000e+00       3.730e+12 -1.783590e-01  0.000000e+00 -8.237170e-01  8.216410e-01
 5.60000e+00 -2.00000e+00       2.091e+13  1.343918e-01  0.000000e+00 -9.724663e-01  8.656082e-01
 6.30000e+00 -2.00000e+00       6.833e+13  1.860897e-01  0.000000e+00 -9.786217e-01  8.139103e-01
 7.00000e+00 -2.00000e+00       7.763e+13  2.031807e-01  0.000000e+00 -9.769889e-01  7.968193e-01
-7.00000e+00 -1.60000e+00       7.594e+14  4.597823e-01  0.000000e+00  8.877992e-01  5.402177e-01
-6.30000e+00 -1.60000e+00       5.458e+14  4.581042e-01  0.000000e+00  8.884116e-01  5.418958e-01
-5.60000e+00 -1.60000e+00       1.199e+14  4.505075e-01  0.000000e+00  8.895299e-01  5.494925e-01
-4.90000e+00 -1.60000e+00       9.495e+12  3.288084e-01  0.000000e+00  8.680501e-01  6.711916e-01
-4.20000e+00 -1.60000e+00       1.887e+12 -4.217839e-01  0.000000e+00  3.802794e-01  5.782161e-01
-3.50000e+00 -1.60000e+00       2.134e+12 -3.913319e-01  0.000000e+00 -1.808576e-01  6.086681e-01
-2.80000e+00 -1.60000e+00       2.913e+12  4.363124e-02  0.000000e+00 -5.365873e-01  9.563688e-01
-2.10000e+00 -1.60000e+00       4.392e+12  4.566051e-01  0.000000e+00 -5.686692e-01  5.433949e-01
-1.40000e+00 -1.60000e+00       6.606e+12  7.129467e-01  0.000000e+00 -4.035163e-01  2.870533e-01
-7.00000e-01 -1.60000e+00       9.552e+12  8.420353e-01  0.000000e+00 -1.856207e-01  1.579647e-01
 0.00000e+00 -1.60000e+00       1.134e+13  8.763388e-01  0.000000e+00  1.732445e-15  1.236612e-01
 7.00000e-01 -1.60000e+00       9.552e+12  8.420353e-01  0.000000e+00  1.856207e-01  1.579647e-01
 1.40000e+00 -1.60000e+00       6.606e+12  7.129467e-01  0.000000e+00  4.035163e-01  2.870533e-01
 2.10000e+00 -1.60000e+00       4.392e+12  4.566051e-01  0.000000e+00  5.686692e-01  5.433949e-01
 2.80000e+00 -1.60000e+00       2.913e+12  4.363124e-02  0.000000e+00  5.365873e-01  9.563688e-01
 3.50000e+00 -1.60000e+00       2.134e+12 -3.913319e-01  0.000000e+00  1.808576e-01  6.086681e-01
 4.20000e+00 -1.60000e+00       1.887e+12 -4.217839e-01  0.000000e+00 -3.802794e-01  5.782161e-01
 4.90000e+00 -1.60000e+00       9.495e+12  3.288084e-01  0.000000e+00 -8.680501e-01  6.711916e-01
 5.60000e+00 -1.60000e+00       1.199e+14  4.505075e-01  0.000000e+00 -8.895299e-01  5.494925e-01
 6.30000e+00 -1.60000e+00       5.458e+14  4.581042e-01  0.000000e+00 -8.884116e-01  5.418958e-01
 7.00000e+00 -1.60000e+00       7.594e+14  4.597823e-01  0.000000e+00 -8.877992e-01  5.402177e-01
-7.00000e+00 -1.20000e+00       7.500e+14  6.820925e-01  0.000000e+00  7.310336e-01  3.179075e-01
-6.30000e+00 -1.20000e+00       4.690e+14  6.808619e-01  0.000000e+00  7.318866e-01  3.191381e-01
-5.60000e+00 -1.20000e+00       8.991e+13  6.740832e-01  0.000000e+00  7.350862e-01  3.259168e-01
-4.90000e+00 -1.20000e+00       6.509e+12  5.462143e-01  0.000000e+00  7.525808e-01  4.537857e-01
-4.20000e+00 -1.20000e+00       1.467e+12 -1.703003e-01  0.000000e+00  4.951825e-01  8.296997e-01
-3.50000e+00 -1.20000e+00       1.684e+12 -1.471373e-01  0.000000e+00 -8.625720e-02  8.528627e-01
-2.80000e+00 -1.20000e+00       2.539e+12  2.616235e-01  0.000000e+00 -4.746934e-01  7.383765e-01
-2.10000e+00 -1.20000e+00       4.246e+12  6.027023e-01  0.000000e+00 -4.872333e-01  3.972977e-01
-1.40000e+00 -1.20000e+00       6.681e+12  7.937866e-01  0.000000e+00 -3.376024e-01  2.062134e-01
-7.00000e-01 -1.20000e+00       9.758e+12  8.869406e-01  0.000000e+00 -1.508765e-01  1.130594e-01
 0.00000e+00 -1.20000e+00       1.172e+13  9.121607e-01  0.000000e+00  1.350561e-15  8.783933e-02
 7.00000e-01 -1.20000e+00       9.758e+12  8.869406e-01  0.000000e+00  1.508765e-01  1.130594e-01
 1.40000e+00 -1.20000e+00       6.681e+12  7.937866e-01  0.000000e+00  3.376024e-01  2.062134e-01
 2.10000e+00 -1.20000e+00       4.246e+12  6.027023e-01  0.000000e+00  4.872333e-01  3.972977e-01
 2.80000e+00 -1.20000e+00       2.539e+12  2.616235e-01  0.000000e+00  4.746934e-01  7.383765e-01
 3.50000e+00 -1.20000e+00       1.684e+12 -1.471373e-01  0.000000e+00  8.625720e-02  8.528627e-01
 4.20000e+00 -1.20000e+00       1.467e+12 -1.703003e-01  0.000000e+00 -4.951825e-01  8.296997e-01
 4.90000e+00 -1.20000e+00       6.509e+12  5.462143e-01  0.000000e+00 -7.525808e-01  4.537857e-01
 5.60000e+00 -1.20000e+00       8.991e+13  6.740832e-01  0.000000e+00 -7.350862e-01  3.259168e-01
 6.30000e+00 -1.20000e+00       4.690e+14  6.808619e-01  0.000000e+00 -7.318866e-01  3.191381e-01
 7.00000e+00 -1.20000e+00       7.500e+14  6.820925e-01  0.000000e+00 -7.310336e-01  3.179075e-01
-7.00000e+00 -8.00000e-01       7.336e+14  8.540298e-01  0.000000e+00  5.199551e-01  1.459702e-01
-6.30000e+00 -8.00000e-01       4.158e+14  8.533170e-01  0.000000e+00  5.207865e-01  1.466830e-01
-5.60000e+00 -8.00000e-01       7.240e+13  8.489901e-01  0.000000e+00  5.249830e-01  1.510099e-01
-4.90000e+00 -8.00000e-01       4.907e+12  7.594268e-01  0.000000e+00  5.766903e-01  2.405732e-01
-4.20000e+00 -8.00000e-01       1.114e+12  2.417281e-01  0.000000e+00  5.425430e-01  7.582719e-01
-3.50000e+00 -8.00000e-01       1.274e+12  2.401889e-01  0.000000e+00 -1.620090e-02  7.598111e-01
-2.80000e+00 -8.00000e-01       2.170e+12  5.524103e-01  0.000000e+00 -3.802414e-01  4.475897e-01
-2.10000e+00 -8.00000e-01       4.071e+12  7.779468e-01  0.000000e+00 -3.672278e-01  2.220532e-01
-1.40000e+00 -8.00000e-01       6.989e+12  8.905976e-01  0.000000e+00 -2.408465e-01  1.094024e-01
-7.00000e-01 -8.00000e-01       1.073e+13  9.397713e-01  0.000000e+00 -1.075466e-01  6.022871e-02
 0.00000e+00 -8.00000e-01       1.287e+13  9.521248e-01  0.000000e+00 -3.505560e-16  4.787516e-02
 7.00000e-01 -8.00000e-01       1.073e+13  9.397713e-01  0.000000e+00  1.075466e-01  6.022871e-02
 1.40000e+00 -8.00000e-01       6.989e+12  8.905976e-01  0.000000e+00  2.408465e-01  1.094024e-01
 2.10000e+00 -8.00000e-01       4.071e+12  7.779468e-01  0.000000e+00  3.672278e-01  2.220532e-01
 2.80000e+00 -8.00000e-01       2.170e+12  5.524103e-01  0.000000e+00  3.802414e-01  4.475897e-01
 3.50000e+00 -8.00000e-01       1.274e+12  2.401889e-01  0.000000e+00  1.620090e-02  7.598111e-01
 4.20000e+00 -8.00000e-01       1.114e+12  2.417281e-01  0.000000e+00 -5.425430e-01  7.582719e-01
 4.90000e+00 -8.00000e-01       4.907e+12  7.594268e-01  0.000000e+00 -5.766903e-01  2.405732e-01
 5.60000e+00 -8.00000e-01       7.240e+13  8.489901e-01  0.000000e+00 -5.249830e-01  1.510099e-01
 6.30000e+00 -8.00000e-01       4.158e+14  8.533170e-01  0.000000e+00 -5.207865e-01  1.466830e-01
 7.00000e+00 -8.00000e-01       7.336e+14  8.540298e-01  0.000000e+00 -5.199551e-01  1.459702e-01
-7.00000e+00 -4.00000e-01       7.218e+14  9.627114e-01  0.000000e+00  2.700886e-01  3.728857e-02
-6.30000e+00 -4.00000e-01       3.859e+14  9.624284e-01  0.000000e+00  2.706034e-01  3.757159e-02
-5.60000e+00 -4.00000e-01       6.345e+13  9.609622e-01  0.000000e+00  2.736149e-01  3.903781e-02
-4.90000e+00 -4.00000e-01       4.110e+12  9.331680e-01  0.000000e+00  3.206298e-01  6.683196e-02
-4.20000e+00 -4.00000e-01       8.690e+11  7.450782e-01  0.000000e+00  3.968491e-01  2.549218e-01
-3.50000e+00 -4.00000e-01       9.751e+11  7.315093e-01  0.000000e+00  1.561945e-02  2.684907e-01
-2.80000e+00 -4.00000e-01       1.880e+12  8.568116e-01  0.000000e+00 -2.231401e-01  1.431884e-01
-2.10000e+00 -4.00000e-01       3.872e+12  9.340820e-01  0.000000e+00 -2.031056e-01  6.591804e-02
-1.40000e+00 -4.00000e-01       6.865e+12  9.683265e-01  0.000000e+00 -1.295637e-01  3.167345e-02
-7.00000e-01 -4.00000e-01       1.074e+13  9.828883e-01  0.000000e+00 -5.513022e-02  1.711174e-02
 0.00000e+00 -4.00000e-01       1.319e+13  9.865643e-01  0.000000e+00 -1.048657e-15  1.343569e-02
 7.00000e-01 -4.00000e-01       1.074e+13  9.828883e-01  0.000000e+00  5.513022e-02  1.711174e-02
 1.40000e+00 -4.00000e-01       6.865e+12  9.683265e-01  0.000000e+00  1.295637e-01  3.167345e-02
 2.10000e+00 -4.00000e-01       3.872e+12  9.340820e-01  0.000000e+00  2.031056e-01  6.591804e-02
 2.80000e+00 -4.00000e-01       1.880e+12  8.568116e-01  0.000000e+00  2.231401e-01  1.431884e-01
 3.50000e+00 -4.00000e-01       9.751e+11  7.315093e-01  0.000000e+00 -1.561945e-02  2.684907e-01
 4.20000e+00 -4.00000e-01       8.690e+11  7.450782e-01  0.000000e+00 -3.968491e-01  2.549218e-01
 4.90000e+00 -4.00000e-01       4.110e+12  9.331680e-01  0.000000e+00 -3.206298e-01  6.683196e-02
 5.60000e+00 -4.00000e-01       6.345e+13  9.609622e-01  0.000000e+00 -2.736149e-01  3.903781e-02
 6.30000e+00 -4.00000e-01       3.859e+14  9.624284e-01  0.000000e+00 -2.706034e-01  3.757159e-02
 7.00000e+00 -4.00000e-01       7.218e+14  9.627114e-01  0.000000e+00 -2.700886e-01  3.728857e-02
-7.00000e+00  0.00000e+00       7.182e+14  9.998880e-01  0.000000e+00 -2.501592e-08  1.120437e-04
-6.30000e+00  0.00000e+00       3.765e+14  9.997727e-01  0.000000e+00 -7.022130e-07  2.272534e-04
-5.60000e+00  0.00000e+00       6.074e+13  9.995826e-01  0.000000e+00 -1.995247e-05  4.174134e-04
-4.90000e+00  0.00000e+00       3.877e+12  9.973073e-01  0.000000e+00 -4.205518e-04  2.692673e-03
-4.20000e+00  0.00000e+00       7.834e+11  9.926197e-01  0.000000e+00 -8.318808e-04  7.380317e-03
-3.50000e+00  0.00000e+00       8.633e+11  9.993364e-01  0.000000e+00 -9.478570e-05  6.635600e-04
-2.80000e+00  0.00000e+00       1.771e+12  9.999443e-01  0.000000e+00 -4.255184e-06  5.574555e-05
-2.10000e+00  0.00000e+00       3.817e+12  9.999757e-01  0.000000e+00  2.821565e-07  2.427121e-05
-1.40000e+00  0.00000e+00       7.032e+12  9.999893e-01  0.000000e+00  1.104924e-06  1.069938e-05
-7.00000e-01  0.00000e+00       1.111e+13  9.999986e-01  0.000000e+00  2.648358e-07  1.417569e-06
 0.00000e+00  0.00000e+00       1.341e+13  9.999962e-01  0.000000e+00  6.962476e-18  3.773890e-06
 7.00000e-01  0.00000e+00       1.111e+13  9.999986e-01  0.000000e+00 -2.648358e-07  1.417569e-06
 1.40000e+00  0.00000e+00       7.032e+12  9.999893e-01  0.000000e+00 -1.104924e-06  1.069938e-05
 2.10000e+00  0.00000e+00       3.817e+12  9.999757e-01  0.000000e+00 -2.821565e-07  2.427121e-05
 2.80000e+00  0.00000e+00       1.771e+12  9.999443e-01  0.000000e+00  4.255184e-06  5.574555e-05
 3.50000e+00  0.00000e+00       8.633e+11  9.993364e-01  0.000000e+00  9.478570e-05  6.635600e-04
 4.20000e+00  0.00000e+00       7.834e+11  9.926197e-01  0.000000e+00  8.318808e-04  7.380317e-03
 4.90000e+00  0.00000e+00       3.877e+12  9.973073e-01  0.000000e+00  4.205518e-04  2.692673e-03
 5.60000e+00  0.00000e+00       6.074e+13  9.995826e-01  0.000000e+00  1.995247e-05  4.174134e-04
 6.30000e+00  0.00000e+00       3.765e+14  9.997727e-01  0.000000e+00  7.022130e-07  2.272534e-04
 7.00000e+00  0.00000e+00       7.182e+14  9.998880e-01  0.000000e+00  2.501592e-08  1.120437e-04
-7.00000e+00  4.00000e-01       7.218e+14  9.627113e-01  0.000000e+00 -2.700886e-01  3.728867e-02
-6.30000e+00  4.00000e-01       3.859e+14  9.624270e-01  0.000000e+00 -2.706046e-01  3.757303e-02
-5.60000e+00  4.00000e-01       6.345e+13  9.609477e-01  0.000000e+00 -2.736517e-01  3.905226e-02
-4.90000e+00  4.00000e-01       4.110e+12  9.331822e-01  0.000000e+00 -3.214382e-01  6.681777e-02
-4.20000e+00  4.00000e-01       8.689e+11  7.454261e-01  0.000000e+00 -3.984533e-01  2.545739e-01
-3.50000e+00  4.00000e-01       9.750e+11  7.315671e-01  0.000000e+00 -1.579018e-02  2.684329e-01
-2.80000e+00  4.00000e-01       1.880e+12  8.568130e-01  0.000000e+00  2.231322e-01  1.431870e-01
-2.10000e+00  4.00000e-01       3.872e+12  9.340819e-01  0.000000e+00  2.031062e-01  6.591806e-02
-1.40000e+00  4.00000e-01       6.865e+12  9.683264e-01  0.000000e+00  1.295660e-01  3.167357e-02
-7.00000e-01  4.00000e-01       1.074e+13  9.828882e-01  0.000000e+00  5.513078e-02  1.711179e-02
 0.00000e+00  4.00000e-01       1.319e+13  9.865643e-01  0.000000e+00  1.051646e-15  1.343571e-02
 7.00000e-01  4.00000e-01       1.074e+13  9.828882e-01  0.000000e+00 -5.513078e-02  1.711179e-02
 1.40000e+00  4.00000e-01       6.865e+12  9.683264e-01  0.000000e+00 -1.295660e-01  3.167357e-02
 2.10000e+00  4.00000e-01       3.872e+12  9.340819e-01  0.000000e+00 -2.031062e-01  6.591806e-02
 2.80000e+00  4.00000e-01       1.880e+12  8.568130e-01  0.000000e+00 -2.231322e-01  1.431870e-01
 3.50000e+00  4.00000e-01       9.750e+11  7.315671e-01  0.000000e+00  1.579018e-02  2.684329e-01
 4.20000e+00  4.00000e-01       8.689e+11  7.454261e-01  0.000000e+00  3.984533e-01  2.545739e-01
 4.90000e+00  4.00000e-01       4.110e+12  9.331822e-01  0.000000e+00  3.214382e-01  6.681777e-02
 5.60000e+00  4.00000e-01       6.345e+13  9.609477e-01  0.000000e+00  2.736517e-01  3.905226e-02
 6.30000e+00  4.00000e-01       3.859e+14  9.624270e-01  0.000000e+00  2.706046e-01  3.757303e-02
 7.00000e+00  4.00000e-01       7.218e+14  9.627113e-01  0.000000e+00  2.700886e-01  3.728867e-02
-7.00000e+00  8.00000e-01       7.336e+14  8.540296e-01  0.000000e+00 -5.199551e-01  1.459704e-01
-6.30000e+00  8.00000e-01       4.158e+14  8.533143e-01  0.000000e+00 -5.207871e-01  1.466857e-01
-5.60000e+00  8.00000e-01       7.240e+13  8.489646e-01  0.000000e+00 -5.250114e-01  1.510354e-01
-4.90000e+00  8.00000e-01       4.907e+12  7.594443e-01  0.000000e+00 -5.774044e-01  2.405557e-01
-4.20000e+00  8.00000e-01       1.113e+12  2.421237e-01  0.000000e+00 -5.439667e-01  7.578763e-01
-3.50000e+00  8.00000e-01       1.274e+12  2.402545e-01  0.000000e+00  1.606589e-02  7.597455e-01
-2.80000e+00  8.00000e-01       2.170e+12  5.524124e-01  0.000000e+00  3.802347e-01  4.475876e-01
-2.10000e+00  8.00000e-01       4.071e+12  7.779468e-01  0.000000e+00  3.672282e-01  2.220532e-01
-1.40000e+00  8.00000e-01       6.989e+12  8.905974e-01  0.000000e+00  2.408487e-01  1.094026e-01
-7.00000e-01  8.00000e-01       1.073e+13  9.397712e-01  0.000000e+00  1.075472e-01  6.022884e-02
 0.00000e+00  8.00000e-01       1.287e+13  9.521248e-01  0.000000e+00  1.390127e-17  4.787522e-02
 7.00000e-01  8.00000e-01       1.073e+13  9.397712e-01  0.000000e+00 -1.075472e-01  6.022884e-02
 1.40000e+00  8.00000e-01       6.989e+12  8.905974e-01  0.000000e+00 -2.408487e-01  1.094026e-01
 2.10000e+00  8.00000e-01       4.071e+12  7.779468e-01  0.000000e+00 -3.672282e-01  2.220532e-01
 2.80000e+00  8.00000e-01       2.170e+12  5.524124e-01  0.000000e+00 -3.802347e-01  4.475876e-01
 3.50000e+00  8.00000e-01       1.274e+12  2.402545e-01  0.000000e+00 -1.606589e-02  7.597455e-01
 4.20000e+00  8.00000e-01       1.113e+12  2.421237e-01  0.000000e+00  5.439667e-01  7.578763e-01
 4.90000e+00  8.00000e-01       4.907e+12  7.594443e-01  0.000000e+00  5.774044e-01  2.405557e-01
 5.60000e+00  8.00000e-01       7.240e+13  8.489646e-01  0.000000e+00  5.250114e-01  1.510354e-01
 6.30000e+00  8.00000e-01       4.158e+14  8.533143e-01  0.000000e+00  5.207871e-01  1.466857e-01
 7.00000e+00  8.00000e-01       7.336e+14  8.540296e-01  0.000000e+00  5.199551e-01  1.459704e-01
-7.00000e+00  1.20000e+00       7.500e+14  6.820922e-01  0.000000e+00 -7.310336e-01  3.179078e-01
-6.30000e+00  1.20000e+00       4.690e+14  6.808583e-01  0.000000e+00 -7.318863e-01  3.191417e-01
-5.60000e+00  1.20000e+00       8.991e+13  6.740522e-01  0.000000e+00 -7.351037e-01  3.259478e-01
-4.90000e+00  1.20000e+00       6.509e+12  5.462235e-01  0.000000e+00 -7.531649e-01  4.537765e-01
-4.20000e+00  1.20000e+00       1.466e+12 -1.699877e-01  0.000000e+00 -4.964012e-01  8.300123e-01
-3.50000e+00  1.20000e+00       1.684e+12 -1.470830e-01  0.000000e+00  8.615252e-02  8.529170e-01
-2.80000e+00  1.20000e+00       2.539e+12  2.616258e-01  0.000000e+00  4.746879e-01  7.383742e-01
-2.10000e+00  1.20000e+00       4.246e+12  6.027025e-01  0.000000e+00  4.872337e-01  3.972975e-01
-1.40000e+00  1.20000e+00       6.681e+12  7.937863e-01  0.000000e+00  3.376048e-01  2.062137e-01
-7.00000e-01  1.20000e+00       9.758e+12  8.869403e-01  0.000000e+00  1.508773e-01  1.130597e-01
 0.00000e+00  1.20000e+00       1.172e+13  9.121605e-01  0.000000e+00  5.400238e-16  8.783948e-02
 7.00000e-01  1.20000e+00       9.758e+12  8.869403e-01  0.000000e+00 -1.508773e-01  1.130597e-01
 1.40000e+00  1.20000e+00       6.681e+12  7.937863e-01  0.000000e+00 -3.376048e-01  2.062137e-01
 2.10000e+00  1.20000e+00       4.246e+12  6.027025e-01  0.000000e+00 -4.872337e-01  3.972975e-01
 2.80000e+00  1.20000e+00       2.539e+12  2.616258e-01  0.000000e+00 -4.746879e-01  7.383742e-01
 3.50000e+00  1.20000e+00       1.684e+12 -1.470830e-01  0.000000e+00 -8.615252e-02  8.529170e-01
 4.20000e+00  1.20000e+00       1.466e+12 -1.699877e-01  0.000000e+00  4.964012e-01  8.300123e-01
 4.90000e+00  1.20000e+00       6.509e+12  5.462235e-01  0.000000e+00  7.531649e-01  4.537765e-01
 5.60000e+00  1.20000e+00       8.991e+13  6.740522e-01  0.000000e+00  7.351037e-01  3.259478e-01
 6.30000e+00  1.20000e+00       4.690e+14  6.808583e-01  0.000000e+00  7.318863e-01  3.191417e-01
 7.00000e+00  1.20000e+00       7.500e+14  6.820922e-01  0.000000e+00  7.310336e-01  3.179078e-01
-7.00000e+00  1.60000e+00       7.594e+14  4.597819e-01  0.000000e+00 -8.877990e-01  5.402181e-01
-6.30000e+00  1.60000e+00       5.458e+14  4.581002e-01  0.000000e+00 -8.884103e-01  5.418998e-01
-5.60000e+00  1.60000e+00       1.199e+14  4.504760e-01  0.000000e+00 -8.895368e-01  5.495240e-01
-4.90000e+00  1.60000e+00       9.495e+12  3.288034e-01  0.000000e+00 -8.684947e-01  6.711966e-01
-4.20000e+00  1.60000e+00       1.886e+12 -4.215455e-01  0.000000e+00 -3.813380e-01  5.784545e-01
-3.50000e+00  1.60000e+00       2.134e+12 -3.912875e-01  0.000000e+00  1.807751e-01  6.087125e-01
-2.80000e+00  1.60000e+00       2.913e+12  4.363378e-02  0.000000e+00  5.365826e-01  9.563662e-01
-2.10000e+00  1.60000e+00       4.392e+12  4.566056e-01  0.000000e+00  5.686694e-01  5.433944e-01
-1.40000e+00  1.60000e+00       6.606e+12  7.129465e-01  0.000000e+00  4.035189e-01  2.870535e-01
-7.00000e-01  1.60000e+00       9.552e+12  8.420349e-01  0.000000e+00  1.856217e-01  1.579651e-01
 0.00000e+00  1.60000e+00       1.134e+13  8.763385e-01  0.000000e+00 -1.718750e-15  1.236615e-01
 7.00000e-01  1.60000e+00       9.552e+12  8.420349e-01  0.000000e+00 -1.856217e-01  1.579651e-01
 1.40000e+00  1.60000e+00       6.606e+12  7.129465e-01  0.000000e+00 -4.035189e-01  2.870535e-01
 2.10000e+00  1.60000e+00       4.392e+12  4.566056e-01  0.000000e+00 -5.686694e-01  5.433944e-01
 2.80000e+00  1.60000e+00       2.913e+12  4.363378e-02  0.000000e+00 -5.365826e-01  9.563662e-01
 3.50000e+00  1.60000e+00       2.134e+12 -3.912875e-01  0.000000e+00 -1.807751e-01  6.087125e-01
 4.20000e+00  1.60000e+00       1.886e+12 -4.215455e-01  0.000000e+00  3.813380e-01  5.784545e-01
 4.90000e+00  1.60000e+00       9.495e+12  3.288034e-01  0.000000e+00  8.684947e-01  6.711966e-01
 5.60000e+00  1.60000e+00       1.199e+14  4.504760e-01  0.000000e+00  8.895368e-01  5.495240e-01
 6.30000e+00  1.60000e+00       5.458e+14  4.581002e-01  0.000000e+00  8.884103e-01  5.418998e-01
 7.00000e+00  1.60000e+00       7.594e+14  4.597819e-01  0.000000e+00  8.877990e-01  5.402181e-01
-7.00000e+00  2.00000e+00       7.763e+13  2.031759e-01  0.000000e+00 -9.769857e-01  7.968241e-01
-6.30000e+00  2.00000e+00       6.833e+13  1.860496e-01  0.000000e+00 -9.786004e-01  8.139504e-01
-5.60000e+00  2.00000e+00       2.092e+13  1.341709e-01  0.000000e+00 -9.724545e-01  8.658291e-01
-4.90000e+00  2.00000e+00       3.730e+12 -1.784332e-01  0.000000e+00 -8.249955e-01  8.215668e-01
-4.20000e+00  2.00000e+00       1.992e+12 -6.592693e-01  0.000000e+00 -2.371160e-01  3.407307e-01
-3.50000e+00  2.00000e+00       2.475e+12 -5.288719e-01  0.000000e+00  2.839278e-01  4.711281e-01
-2.80000e+00  2.00000e+00       3.826e+12 -3.327144e-02  0.000000e+00  6.146436e-01  9.667286e-01
-2.10000e+00  2.00000e+00       6.136e+12  3.566140e-01  0.000000e+00  6.570503e-01  6.433860e-01
-1.40000e+00  2.00000e+00       7.579e+12  6.006094e-01  0.000000e+00  5.169220e-01  3.993906e-01
-7.00000e-01  2.00000e+00       8.465e+12  7.858644e-01  0.000000e+00  2.502072e-01  2.141356e-01
 0.00000e+00  2.00000e+00       9.328e+12  8.470564e-01  0.000000e+00  2.283202e-15  1.529436e-01
 7.00000e-01  2.00000e+00       8.465e+12  7.858644e-01  0.000000e+00 -2.502072e-01  2.141356e-01
 1.40000e+00  2.00000e+00       7.579e+12  6.006094e-01  0.000000e+00 -5.169220e-01  3.993906e-01
 2.10000e+00  2.00000e+00       6.136e+12  3.566140e-01  0.000000e+00 -6.570503e-01  6.433860e-01
 2.80000e+00  2.00000e+00       3.826e+12 -3.327144e-02  0.000000e+00 -6.146436e-01  9.667286e-01
 3.50000e+00  2.00000e+00       2.475e+12 -5.288719e-01  0.000000e+00 -2.839278e-01  4.711281e-01
 4.20000e+00  2.00000e+00       1.992e+12 -6.592693e-01  0.000000e+00  2.371160e-01  3.407307e-01
 4.90000e+00  2.00000e+00       3.730e+12 -1.784332e-01  0.000000e+00  8.249955e-01  8.215668e-01
 5.60000e+00  2.00000e+00       2.092e+13  1.341709e-01  0.000000e+00  9.724545e-01  8.658291e-01
 6.30000e+00  2.00000e+00       6.833e+13  1.860496e-01  0.000000e+00  9.786004e-01  8.139504e-01
 7.00000e+00  2.00000e+00       7.763e+13  2.031759e-01  0.000000e+00  9.769857e-01  7.968241e-01
-7.00000e+00  2.40000e+00       1.753e+14 -6.490859e-02  0.000000e+00 -9.967298e-01  9.350914e-01
-6.30000e+00  2.40000e+00       1.893e+14 -7.355544e-02  0.000000e+00 -9.955395e-01  9.264446e-01
-5.60000e+00  2.40000e+00       6.515e+13 -9.423171e-02  0.000000e+00 -9.878237e-01  9.057683e-01
-4.90000e+00  2.40000e+00       8.983e+12 -2.386026e-01  0.000000e+00 -8.702787e-01  7.613974e-01
-4.20000e+00  2.40000e+00       2.612e+12 -6.657833e-01  0.000000e+00 -9.933550e-02  3.342167e-01
-3.50000e+00  2.40000e+00       3.006e+12 -5.615901e-01  0.000000e+00  4.298820e-01  4.384099e-01
-2.80000e+00  2.40000e+00       3.696e+12 -2.041696e-01  0.000000e+00  6.568886e-01  7.958304e-01
-2.10000e+00  2.40000e+00       4.499e+12  2.584490e-01  0.000000e+00  6.790193e-01  7.415510e-01
-1.40000e+00  2.40000e+00       5.823e+12  5.996429e-01  0.000000e+00  5.088567e-01  4.003571e-01
-7.00000e-01  2.40000e+00       7.623e+12  7.792818e-01  0.000000e+00  2.462494e-01  2.207182e-01
 0.00000e+00  2.40000e+00       8.720e+12  8.289260e-01  0.000000e+00 -1.407800e-16  1.710740e-01
 7.00000e-01  2.40000e+00       7.623e+12  7.792818e-01  0.000000e+00 -2.462494e-01  2.207182e-01
 1.40000e+00  2.40000e+00       5.823e+12  5.996429e-01  0.000000e+00 -5.088567e-01  4.003571e-01
 2.10000e+00  2.40000e+00       4.499e+12  2.584490e-01  0.000000e+00 -6.790193e-01  7.415510e-01
 2.80000e+00  2.40000e+00       3.696e+12 -2.041696e-01  0.000000e+00 -6.568886e-01  7.958304e-01
 3.50000e+00  2.40000e+00       3.006e+12 -5.615901e-01  0.000000e+00 -4.298820e-01  4.384099e-01
 4.20000e+00  2.40000e+00       2.612e+12 -6.657833e-01  0.000000e+00  9.933550e-02  3.342167e-01
 4.90000e+00  2.40000e+00       8.983e+12 -2.386026e-01  0.000000e+00  8.702787e-01  7.613974e-01
 5.60000e+00  2.40000e+00       6.515e+13 -9.423171e-02  0.000000e+00  9.878237e-01  9.057683e-01
 6.30000e+00  2.40000e+00       1.893e+14 -7.355544e-02  0.000000e+00  9.955395e-01  9.264446e-01
 7.00000e+00  2.40000e+00       1.753e+14 -6.490859e-02  0.000000e+00  9.967298e-01  9.350914e-01
-7.00000e+00  2.80000e+00       6.411e+14 -3.339343e-01  0.000000e+00 -9.421979e-01  6.660657e-01
-6.30000e+00  2.80000e+00       9.081e+14 -3.361642e-01  0.000000e+00 -9.413441e-01  6.638358e-01
-5.60000e+00  2.80000e+00       3.903e+14 -3.400337e-01  0.000000e+00 -9.388473e-01  6.599663e-01
-4.90000e+00  2.80000e+00       5.297e+13 -3.635292e-01  0.000000e+00 -9.109453e-01  6.364708e-01
-4.20000e+00  2.80000e+00       4.590e+12 -5.854673e-01  0.000000e+00 -3.623763e-01  4.145327e-01
-3.50000e+00  2.80000e+00       3.193e+12 -5.520729e-01  0.000000e+00  5.213003e-01  4.479271e-01
-2.80000e+00  2.80000e+00       4.099e+12 -2.290510e-01  0.000000e+00  7.367537e-01  7.709490e-01
-2.10000e+00  2.80000e+00       4.655e+12  1.840452e-01  0.000000e+00  7.326316e-01  8.159548e-01
-1.40000e+00  2.80000e+00       5.262e+12  5.522862e-01  0.000000e+00  5.668335e-01  4.477138e-01
-7.00000e-01  2.80000e+00       5.829e+12  7.492039e-01  0.000000e+00  3.041760e-01  2.507961e-01
 0.00000e+00  2.80000e+00       6.065e+12  8.091783e-01  0.000000e+00 -3.835084e-15  1.908217e-01
 7.00000e-01  2.80000e+00       5.829e+12  7.492039e-01  0.000000e+00 -3.041760e-01  2.507961e-01
 1.40000e+00  2.80000e+00       5.262e+12  5.522862e-01  0.000000e+00 -5.668335e-01  4.477138e-01
 2.10000e+00  2.80000e+00       4.655e+12  1.840452e-01  0.000000e+00 -7.326316e-01  8.159548e-01
 2.80000e+00  2.80000e+00       4.099e+12 -2.290510e-01  0.000000e+00 -7.367537e-01  7.709490e-01
 3.50000e+00  2.80000e+00       3.193e+12 -5.520729e-01  0.000000e+00 -5.213003e-01  4.479271e-01
 4.20000e+00  2.80000e+00       4.590e+12 -5.854673e-01  0.000000e+00  3.623763e-01  4.145327e-01
 4.90000e+00  2.80000e+00       5.297e+13 -3.635292e-01  0.000000e+00  9.109453e-01  6.364708e-01
 5.60000e+00  2.80000e+00       3.903e+14 -3.400337e-01  0.000000e+00  9.388473e-01  6.599663e-01
 6.30000e+00  2.80000e+00       9.081e+14 -3.361642e-01  0.000000e+00  9.413441e-01  6.638358e-01
 7.00000e+00  2.80000e+00       6.411e+14 -3.339343e-01  0.000000e+00  9.421979e-01  6.660657e-01
-7.00000e+00  3.20000e+00       5.148e+14 -5.770174e-01  0.000000e+00 -8.161160e-01  4.229826e-01
-6.30000e+00  3.20000e+00       1.007e+15 -5.793404e-01  0.000000e+00 -8.145608e-01  4.206596e-01
-5.60000e+00  3.20000e+00       5.966e+14 -5.820089e-01  0.000000e+00 -8.119172e-01  4.179911e-01
-4.90000e+00  3.20000e+00       1.094e+14 -5.916728e-01  0.000000e+00 -7.945264e-01  4.083272e-01
-4.20000e+00  3.20000e+00       8.718e+12 -6.575399e-01  0.000000e+00 -4.816175e-01  3.424601e-01
-3.50000e+00  3.20000e+00       3.298e+12 -5.193725e-01  0.000000e+00  5.554707e-01  4.806275e-01
-2.80000e+00  3.20000e+00       4.354e+12 -1.598959e-01  0.000000e+00  8.070300e-01  8.401041e-01
-2.10000e+00  3.20000e+00       5.233e+12  1.644322e-01  0.000000e+00  8.023772e-01  8.355678e-01
-1.40000e+00  3.20000e+00       5.436e+12  5.203168e-01  0.000000e+00  5.932403e-01  4.796832e-01
-7.00000e-01  3.20000e+00       6.645e+12  7.807922e-01  0.000000e+00  2.568618e-01  2.192078e-01
 0.00000e+00  3.20000e+00       7.860e+12  8.502149e-01  0.000000e+00 -1.085329e-15  1.497851e-01
 7.00000e-01  3.20000e+00       6.645e+12  7.807922e-01  0.000000e+00 -2.568618e-01  2.192078e-01
 1.40000e+00  3.20000e+00       5.436e+12  5.203168e-01  0.000000e+00 -5.932403e-01  4.796832e-01
 2.10000e+00  3.20000e+00       5.233e+12  1.644322e-01  0.000000e+00 -8.023772e-01  8.355678e-01
 2.80000e+00  3.20000e+00       4.354e+12 -1.598959e-01  0.000000e+00 -8.070300e-01  8.401041e-01
 3.50000e+00  3.20000e+00       3.298e+12 -5.193725e-01  0.000000e+00 -5.554707e-01  4.806275e-01
 4.20000e+00  3.20000e+00       8.718e+12 -6.575399e-01  0.000000e+00  4.816175e-01  3.424601e-01
 4.90000e+00  3.20000e+00       1.094e+14 -5.916728e-01  0.000000e+00  7.945264e-01  4.083272e-01
 5.60000e+00  3.20000e+00       5.966e+14 -5.820089e-01  0.000000e+00  8.119172e-01  4.179911e-01
 6.30000e+00  3.20000e+00       1.007e+15 -5.793404e-01  0.000000e+00  8.145608e-01  4.206596e-01
 7.00000e+00  3.20000e+00       5.148e+14 -5.770174e-01  0.000000e+00  8.161160e-01  4.229826e-01
-7.00000e+00  3.60000e+00       5.425e+13 -7.649841e-01  0.000000e+00 -6.371821e-01  2.350159e-01
-6.30000e+00  3.60000e+00       1.489e+14 -7.797126e-01  0.000000e+00 -6.218775e-01  2.202874e-01
-5.60000e+00  3.60000e+00       1.328e+14 -7.900838e-01  0.000000e+00 -6.059264e-01  2.099162e-01
-4.90000e+00  3.60000e+00       4.002e+13 -8.075408e-01  0.000000e+00 -5.504464e-01  1.924592e-01
-4.20000e+00  3.60000e+00       6.712e+12 -8.155509e-01  0.000000e+00 -1.539705e-01  1.844491e-01
-3.50000e+00  3.60000e+00       3.321e+12 -5.240936e-01  0.000000e+00  5.902506e-01  4.759064e-01
-2.80000e+00  3.60000e+00       4.054e+12 -8.013238e-02  0.000000e+00  8.104903e-01  9.198676e-01
-2.10000e+00  3.60000e+00       5.869e+12  3.048486e-01  0.000000e+00  7.968823e-01  6.951514e-01
-1.40000e+00  3.60000e+00       7.014e+12  5.452986e-01  0.000000e+00  6.877366e-01  4.547014e-01
-7.00000e-01  3.60000e+00       5.676e+12  6.991224e-01  0.000000e+00  4.768026e-01  3.008776e-01
 0.00000e+00  3.60000e+00       4.354e+12  7.668108e-01  0.000000e+00 -4.732007e-16  2.331892e-01
 7.00000e-01  3.60000e+00       5.676e+12  6.991224e-01  0.000000e+00 -4.768026e-01  3.008776e-01
 1.40000e+00  3.60000e+00       7.014e+12  5.452986e-01  0.000000e+00 -6.877366e-01  4.547014e-01
 2.10000e+00  3.60000e+00       5.869e+12  3.048486e-01  0.000000e+00 -7.968823e-01  6.951514e-01
 2.80000e+00  3.60000e+00       4.054e+12 -8.013238e-02  0.000000e+00 -8.104903e-01  9.198676e-01
 3.50000e+00  3.60000e+00       3.321e+12 -5.240936e-01  0.000000e+00 -5.902506e-01  4.759064e-01
 4.20000e+00  3.60000e+00       6.712e+12 -8.155509e-01  0.000000e+00  1.539705e-01  1.844491e-01
 4.90000e+00  3.60000e+00       4.002e+13 -8.075408e-01  0.000000e+00  5.504464e-01  1.924592e-01
 5.60000e+00  3.60000e+00       1.328e+14 -7.900838e-01  0.000000e+00  6.059264e-01  2.099162e-01
 6.30000e+00  3.60000e+00       1.489e+14 -7.797126e-01  0.000000e+00  6.218775e-01  2.202874e-01
 7.00000e+00  3.60000e+00       5.425e+13 -7.649841e-01  0.000000e+00  6.371821e-01  2.350159e-01
-7.00000e+00  4.00000e+00       1.990e+14 -9.201285e-01  0.000000e+00 -3.879772e-01  7.987155e-02
-6.30000e+00  4.00000e+00       8.759e+14 -9.231413e-01  0.000000e+00 -3.830664e-01  7.685868e-02
-5.60000e+00  4.00000e+00       1.174e+15 -9.243406e-01  0.000000e+00 -3.800388e-01  7.565942e-02
-4.90000e+00  4.00000e+00       4.784e+14 -9.252930e-01  0.000000e+00 -3.737310e-01  7.470702e-02
-4.20000e+00  4.00000e+00       6.246e+13 -9.190900e-01  0.000000e+00 -3.238186e-01  8.091001e-02
-3.50000e+00  4.00000e+00       5.772e+12 -6.767120e-01  0.000000e+00  2.628385e-01  3.232880e-01
-2.80000e+00  4.00000e+00       3.670e+12 -9.557010e-02  0.000000e+00  8.245600e-01  9.044299e-01
-2.10000e+00  4.00000e+00       4.361e+12  2.910731e-01  0.000000e+00  7.878233e-01  7.089269e-01
-1.40000e+00  4.00000e+00       5.928e+12  6.514795e-01  0.000000e+00  5.665933e-01  3.485205e-01
-7.00000e-01  4.00000e+00       8.221e+12  8.386398e-01  0.000000e+00  3.051833e-01  1.613602e-01
 0.00000e+00  4.00000e+00       9.193e+12  8.914772e-01  0.000000e+00  7.487497e-16  1.085228e-01
 7.00000e-01  4.00000e+00       8.221e+12  8.386398e-01  0.000000e+00 -3.051833e-01  1.613602e-01
 1.40000e+00  4.00000e+00       5.928e+12  6.514795e-01  0.000000e+00 -5.665933e-01  3.485205e-01
 2.10000e+00  4.00000e+00       4.361e+12  2.910731e-01  0.000000e+00 -7.878233e-01  7.089269e-01
 2.80000e+00  4.00000e+00       3.670e+12 -9.557010e-02  0.000000e+00 -8.245600e-01  9.044299e-01
 3.50000e+00  4.00000e+00       5.772e+12 -6.767120e-01  0.000000e+00 -2.628385e-01  3.232880e-01
 4.20000e+00  4.00000e+00       6.246e+13 -9.190900e-01  0.000000e+00  3.238186e-01  8.091001e-02
 4.90000e+00  4.00000e+00       4.784e+14 -9.252930e-01  0.000000e+00  3.737310e-01  7.470702e-02
 5.60000e+00  4.00000e+00       1.174e+15 -9.243406e-01  0.000000e+00  3.800388e-01  7.565942e-02
 6.30000e+00  4.00000e+00       8.759e+14 -9.231413e-01  0.000000e+00  3.830664e-01  7.685868e-02
 7.00000e+00  4.00000e+00       1.990e+14 -9.201285e-01  0.000000e+00  3.879772e-01  7.987155e-02
