 EB(GeV)    EMITTANCEx EMITTANCEy SIZEx(m)   SIZEy(m)   DIVx(rad)  DIVy(rad)
 2.411e+00  5.499e-09  1.017e-12  8.711e-05  1.009e-06  6.313e-05  1.009e-06
 betax      alphax     betay      alphay     eta        deta       E_spread  
 1.380e+00  0.000e+00  1.000e+00  0.000e+00  0.000e+00  0.000e+00  8.600e-04
 Ibeam(A)   period(cm) #periods   Kx         Ky         Energy(eV)
 4.005e-01  1.900e+00         96  0.000e+00  1.780e+00  8.573e+03


           x            y       F.Density            PL            PC          PL45        1-|PL|
          mm           mm  ph/s/mr^2/0.1%             -             -             -             -
-7.00000e+00 -4.00000e+00       1.449e+08 -7.370141e-01  0.000000e+00 -1.898154e-01  2.629859e-01
-6.30000e+00 -4.00000e+00       3.918e+08 -5.911325e-01  0.000000e+00 -3.082785e-01  4.088675e-01
-5.60000e+00 -4.00000e+00       7.539e+08 -2.282608e-01  0.000000e+00 -3.960900e-01  7.717392e-01
-4.90000e+00 -4.00000e+00       1.424e+09  1.837543e-01  0.000000e+00 -4.044582e-01  8.162457e-01
-4.20000e+00 -4.00000e+00       3.415e+09  5.557876e-01  0.000000e+00 -2.785243e-01  4.442124e-01
-3.50000e+00 -4.00000e+00       6.692e+09  7.127599e-01  0.000000e+00 -2.007856e-01  2.872401e-01
-2.80000e+00 -4.00000e+00       3.652e+09  4.718290e-01  0.000000e+00 -2.569596e-01  5.281710e-01
-2.10000e+00 -4.00000e+00       4.920e+09  9.378519e-01  0.000000e+00  5.602401e-01  6.214807e-02
-1.40000e+00 -4.00000e+00       5.195e+10  9.282703e-01  0.000000e+00  1.801236e-01  7.172968e-02
-7.00000e-01 -4.00000e+00       1.236e+11  8.238884e-01  0.000000e+00  8.297093e-02  1.761116e-01
 0.00000e+00 -4.00000e+00       1.562e+11  6.823820e-01  0.000000e+00  5.723779e-17  3.176180e-01
 7.00000e-01 -4.00000e+00       1.236e+11  8.238884e-01  0.000000e+00 -8.297093e-02  1.761116e-01
 1.40000e+00 -4.00000e+00       5.195e+10  9.282703e-01  0.000000e+00 -1.801236e-01  7.172968e-02
 2.10000e+00 -4.00000e+00       4.920e+09  9.378519e-01  0.000000e+00 -5.602401e-01  6.214807e-02
 2.80000e+00 -4.00000e+00       3.652e+09  4.718290e-01  0.000000e+00  2.569596e-01  5.281710e-01
 3.50000e+00 -4.00000e+00       6.692e+09  7.127599e-01  0.000000e+00  2.007856e-01  2.872401e-01
 4.20000e+00 -4.00000e+00       3.415e+09  5.557876e-01  0.000000e+00  2.785243e-01  4.442124e-01
 4.90000e+00 -4.00000e+00       1.424e+09  1.837543e-01  0.000000e+00  4.044582e-01  8.162457e-01
 5.60000e+00 -4.00000e+00       7.539e+08 -2.282608e-01  0.000000e+00  3.960900e-01  7.717392e-01
 6.30000e+00 -4.00000e+00       3.918e+08 -5.911325e-01  0.000000e+00  3.082785e-01  4.088675e-01
 7.00000e+00 -4.00000e+00       1.449e+08 -7.370141e-01  0.000000e+00  1.898154e-01  2.629859e-01
-7.00000e+00 -3.60000e+00       1.549e+08 -7.465463e-01  0.000000e+00 -2.280237e-02  2.534537e-01
-6.30000e+00 -3.60000e+00       3.857e+08 -5.631185e-01  0.000000e+00 -2.515917e-01  4.368815e-01
-5.60000e+00 -3.60000e+00       9.165e+08 -1.911164e-01  0.000000e+00 -3.989957e-01  8.088836e-01
-4.90000e+00 -3.60000e+00       2.035e+09  1.449175e-01  0.000000e+00 -4.205906e-01  8.550825e-01
-4.20000e+00 -3.60000e+00       4.890e+09  4.783584e-01  0.000000e+00 -3.028581e-01  5.216416e-01
-3.50000e+00 -3.60000e+00       9.940e+09  6.188727e-01  0.000000e+00 -2.082311e-01  3.811273e-01
-2.80000e+00 -3.60000e+00       1.003e+10  3.707122e-01  0.000000e+00 -1.563181e-01  6.292878e-01
-2.10000e+00 -3.60000e+00       1.633e+10  5.264355e-01  0.000000e+00  3.520316e-01  4.735645e-01
-1.40000e+00 -3.60000e+00       7.196e+10  9.230212e-01  0.000000e+00  2.786880e-01  7.697879e-02
-7.00000e-01 -3.60000e+00       1.634e+11  7.847311e-01  0.000000e+00  1.270612e-01  2.152689e-01
 0.00000e+00 -3.60000e+00       2.022e+11  6.636111e-01  0.000000e+00  1.631025e-16  3.363889e-01
 7.00000e-01 -3.60000e+00       1.634e+11  7.847311e-01  0.000000e+00 -1.270612e-01  2.152689e-01
 1.40000e+00 -3.60000e+00       7.196e+10  9.230212e-01  0.000000e+00 -2.786880e-01  7.697879e-02
 2.10000e+00 -3.60000e+00       1.633e+10  5.264355e-01  0.000000e+00 -3.520316e-01  4.735645e-01
 2.80000e+00 -3.60000e+00       1.003e+10  3.707122e-01  0.000000e+00  1.563181e-01  6.292878e-01
 3.50000e+00 -3.60000e+00       9.940e+09  6.188727e-01  0.000000e+00  2.082311e-01  3.811273e-01
 4.20000e+00 -3.60000e+00       4.890e+09  4.783584e-01  0.000000e+00  3.028581e-01  5.216416e-01
 4.90000e+00 -3.60000e+00       2.035e+09  1.449175e-01  0.000000e+00  4.205906e-01  8.550825e-01
 5.60000e+00 -3.60000e+00       9.165e+08 -1.911164e-01  0.000000e+00  3.989957e-01  8.088836e-01
 6.30000e+00 -3.60000e+00       3.857e+08 -5.631185e-01  0.000000e+00  2.515917e-01  4.368815e-01
 7.00000e+00 -3.60000e+00       1.549e+08 -7.465463e-01  0.000000e+00  2.280237e-02  2.534537e-01
-7.00000e+00 -3.20000e+00       2.060e+08 -7.190624e-01  0.000000e+00  1.238277e-01  2.809376e-01
-6.30000e+00 -3.20000e+00       4.954e+08 -5.442523e-01  0.000000e+00 -1.757115e-01  4.557477e-01
-5.60000e+00 -3.20000e+00       1.337e+09 -1.813545e-01  0.000000e+00 -3.436267e-01  8.186455e-01
-4.90000e+00 -3.20000e+00       3.977e+09  1.305494e-01  0.000000e+00 -3.571584e-01  8.694506e-01
-4.20000e+00 -3.20000e+00       1.372e+10  3.658038e-01  0.000000e+00 -1.967550e-01  6.341962e-01
-3.50000e+00 -3.20000e+00       4.126e+10  3.542367e-01  0.000000e+00 -7.017571e-02  6.457633e-01
-2.80000e+00 -3.20000e+00       9.601e+10  2.892477e-01  0.000000e+00 -1.030645e-01  7.107523e-01
-2.10000e+00 -3.20000e+00       2.042e+11  3.493411e-01  0.000000e+00 -2.909588e-01  6.506589e-01
-1.40000e+00 -3.20000e+00       3.676e+11  4.281939e-01  0.000000e+00 -4.529069e-01  5.718061e-01
-7.00000e-01 -3.20000e+00       4.344e+11  4.739300e-01  0.000000e+00 -3.387374e-01  5.260700e-01
 0.00000e+00 -3.20000e+00       3.989e+11  4.901884e-01  0.000000e+00 -1.247141e-16  5.098116e-01
 7.00000e-01 -3.20000e+00       4.344e+11  4.739300e-01  0.000000e+00  3.387374e-01  5.260700e-01
 1.40000e+00 -3.20000e+00       3.676e+11  4.281939e-01  0.000000e+00  4.529069e-01  5.718061e-01
 2.10000e+00 -3.20000e+00       2.042e+11  3.493411e-01  0.000000e+00  2.909588e-01  6.506589e-01
 2.80000e+00 -3.20000e+00       9.601e+10  2.892477e-01  0.000000e+00  1.030645e-01  7.107523e-01
 3.50000e+00 -3.20000e+00       4.126e+10  3.542367e-01  0.000000e+00  7.017571e-02  6.457633e-01
 4.20000e+00 -3.20000e+00       1.372e+10  3.658038e-01  0.000000e+00  1.967550e-01  6.341962e-01
 4.90000e+00 -3.20000e+00       3.977e+09  1.305494e-01  0.000000e+00  3.571584e-01  8.694506e-01
 5.60000e+00 -3.20000e+00       1.337e+09 -1.813545e-01  0.000000e+00  3.436267e-01  8.186455e-01
 6.30000e+00 -3.20000e+00       4.954e+08 -5.442523e-01  0.000000e+00  1.757115e-01  4.557477e-01
 7.00000e+00 -3.20000e+00       2.060e+08 -7.190624e-01  0.000000e+00 -1.238277e-01  2.809376e-01
-7.00000e+00 -2.80000e+00       2.902e+08 -6.349939e-01  0.000000e+00  1.987103e-01  3.650061e-01
-6.30000e+00 -2.80000e+00       9.689e+08 -2.099901e-01  0.000000e+00 -1.972482e-01  7.900099e-01
-5.60000e+00 -2.80000e+00       5.586e+09  3.532940e-01  0.000000e+00 -1.091827e-01  6.467060e-01
-4.90000e+00 -2.80000e+00       3.296e+10  3.125830e-01  0.000000e+00  1.294651e-01  6.874170e-01
-4.20000e+00 -2.80000e+00       1.547e+11  1.584743e-01  0.000000e+00  2.172867e-02  8.415257e-01
-3.50000e+00 -2.80000e+00       5.635e+11  2.495271e-01  0.000000e+00 -8.492416e-02  7.504729e-01
-2.80000e+00 -2.80000e+00       1.463e+12  2.454650e-01  0.000000e+00 -6.450900e-02  7.545350e-01
-2.10000e+00 -2.80000e+00       2.825e+12  5.818778e-02  0.000000e+00 -1.797714e-01  9.418122e-01
-1.40000e+00 -2.80000e+00       4.877e+12 -4.397315e-02  0.000000e+00 -4.427826e-01  9.560268e-01
-7.00000e-01 -2.80000e+00       7.213e+12  7.356409e-02  0.000000e+00 -5.434054e-01  9.264359e-01
 0.00000e+00 -2.80000e+00       7.709e+12  1.480648e-01  0.000000e+00 -3.306045e-15  8.519352e-01
 7.00000e-01 -2.80000e+00       7.213e+12  7.356409e-02  0.000000e+00  5.434054e-01  9.264359e-01
 1.40000e+00 -2.80000e+00       4.877e+12 -4.397315e-02  0.000000e+00  4.427826e-01  9.560268e-01
 2.10000e+00 -2.80000e+00       2.825e+12  5.818778e-02  0.000000e+00  1.797714e-01  9.418122e-01
 2.80000e+00 -2.80000e+00       1.463e+12  2.454650e-01  0.000000e+00  6.450900e-02  7.545350e-01
 3.50000e+00 -2.80000e+00       5.635e+11  2.495271e-01  0.000000e+00  8.492416e-02  7.504729e-01
 4.20000e+00 -2.80000e+00       1.547e+11  1.584743e-01  0.000000e+00 -2.172867e-02  8.415257e-01
 4.90000e+00 -2.80000e+00       3.296e+10  3.125830e-01  0.000000e+00 -1.294651e-01  6.874170e-01
 5.60000e+00 -2.80000e+00       5.586e+09  3.532940e-01  0.000000e+00  1.091827e-01  6.467060e-01
 6.30000e+00 -2.80000e+00       9.689e+08 -2.099901e-01  0.000000e+00  1.972482e-01  7.900099e-01
 7.00000e+00 -2.80000e+00       2.902e+08 -6.349939e-01  0.000000e+00 -1.987103e-01  3.650061e-01
-7.00000e+00 -2.40000e+00       5.462e+08 -4.938174e-01  0.000000e+00  3.803375e-01  5.061826e-01
-6.30000e+00 -2.40000e+00       4.994e+09 -3.981959e-01  0.000000e+00 -1.092706e-01  6.018041e-01
-5.60000e+00 -2.40000e+00       5.553e+10  2.023026e-02  0.000000e+00 -4.533206e-01  9.797697e-01
-4.90000e+00 -2.40000e+00       4.382e+11  4.365622e-01  0.000000e+00 -3.332657e-01  5.634378e-01
-4.20000e+00 -2.40000e+00       2.061e+12  5.111030e-01  0.000000e+00 -1.554180e-02  4.888970e-01
-3.50000e+00 -2.40000e+00       6.202e+12  3.309052e-01  0.000000e+00  7.699400e-02  6.690948e-01
-2.80000e+00 -2.40000e+00       1.449e+13  2.714090e-01  0.000000e+00 -6.522146e-02  7.285910e-01
-2.10000e+00 -2.40000e+00       2.550e+13  1.261606e-01  0.000000e+00 -1.708378e-01  8.738394e-01
-1.40000e+00 -2.40000e+00       3.098e+13 -3.073006e-01  0.000000e+00 -2.210807e-01  6.926994e-01
-7.00000e-01 -2.40000e+00       2.307e+13 -6.330634e-01  0.000000e+00 -1.509681e-01  3.669366e-01
 0.00000e+00 -2.40000e+00       1.403e+13 -6.978668e-01  0.000000e+00  2.556832e-15  3.021332e-01
 7.00000e-01 -2.40000e+00       2.307e+13 -6.330634e-01  0.000000e+00  1.509681e-01  3.669366e-01
 1.40000e+00 -2.40000e+00       3.098e+13 -3.073006e-01  0.000000e+00  2.210807e-01  6.926994e-01
 2.10000e+00 -2.40000e+00       2.550e+13  1.261606e-01  0.000000e+00  1.708378e-01  8.738394e-01
 2.80000e+00 -2.40000e+00       1.449e+13  2.714090e-01  0.000000e+00  6.522146e-02  7.285910e-01
 3.50000e+00 -2.40000e+00       6.202e+12  3.309052e-01  0.000000e+00 -7.699400e-02  6.690948e-01
 4.20000e+00 -2.40000e+00       2.061e+12  5.111030e-01  0.000000e+00  1.554180e-02  4.888970e-01
 4.90000e+00 -2.40000e+00       4.382e+11  4.365622e-01  0.000000e+00  3.332657e-01  5.634378e-01
 5.60000e+00 -2.40000e+00       5.553e+10  2.023026e-02  0.000000e+00  4.533206e-01  9.797697e-01
 6.30000e+00 -2.40000e+00       4.994e+09 -3.981959e-01  0.000000e+00  1.092706e-01  6.018041e-01
 7.00000e+00 -2.40000e+00       5.462e+08 -4.938174e-01  0.000000e+00 -3.803375e-01  5.061826e-01
-7.00000e+00 -2.00000e+00       4.290e+09  6.258668e-01  0.000000e+00  4.842324e-01  3.741332e-01
-6.30000e+00 -2.00000e+00       5.542e+10  4.095805e-01  0.000000e+00  6.257401e-01  5.904195e-01
-5.60000e+00 -2.00000e+00       4.580e+11  1.414955e-02  0.000000e+00  4.824093e-01  9.858505e-01
-4.90000e+00 -2.00000e+00       2.804e+12 -8.166731e-02  0.000000e+00 -3.770770e-02  9.183327e-01
-4.20000e+00 -2.00000e+00       1.373e+13  2.803785e-01  0.000000e+00 -2.986986e-01  7.196215e-01
-3.50000e+00 -2.00000e+00       4.444e+13  5.116378e-01  0.000000e+00 -1.182086e-01  4.883622e-01
-2.80000e+00 -2.00000e+00       9.339e+13  4.726993e-01  0.000000e+00  3.175043e-02  5.273007e-01
-2.10000e+00 -2.00000e+00       1.633e+14  5.438374e-01  0.000000e+00 -6.603933e-02  4.561626e-01
-1.40000e+00 -2.00000e+00       2.173e+14  6.884692e-01  0.000000e+00 -2.615160e-01  3.115308e-01
-7.00000e-01 -2.00000e+00       1.504e+14  7.302804e-01  0.000000e+00 -4.173608e-01  2.697196e-01
 0.00000e+00 -2.00000e+00       7.706e+13  7.234261e-01  0.000000e+00 -3.106713e-16  2.765739e-01
 7.00000e-01 -2.00000e+00       1.504e+14  7.302804e-01  0.000000e+00  4.173608e-01  2.697196e-01
 1.40000e+00 -2.00000e+00       2.173e+14  6.884692e-01  0.000000e+00  2.615160e-01  3.115308e-01
 2.10000e+00 -2.00000e+00       1.633e+14  5.438374e-01  0.000000e+00  6.603933e-02  4.561626e-01
 2.80000e+00 -2.00000e+00       9.339e+13  4.726993e-01  0.000000e+00 -3.175043e-02  5.273007e-01
 3.50000e+00 -2.00000e+00       4.444e+13  5.116378e-01  0.000000e+00  1.182086e-01  4.883622e-01
 4.20000e+00 -2.00000e+00       1.373e+13  2.803785e-01  0.000000e+00  2.986986e-01  7.196215e-01
 4.90000e+00 -2.00000e+00       2.804e+12 -8.166731e-02  0.000000e+00  3.770770e-02  9.183327e-01
 5.60000e+00 -2.00000e+00       4.580e+11  1.414955e-02  0.000000e+00 -4.824093e-01  9.858505e-01
 6.30000e+00 -2.00000e+00       5.542e+10  4.095805e-01  0.000000e+00 -6.257401e-01  5.904195e-01
 7.00000e+00 -2.00000e+00       4.290e+09  6.258668e-01  0.000000e+00 -4.842324e-01  3.741332e-01
-7.00000e+00 -1.60000e+00       3.559e+10  9.292422e-01  0.000000e+00 -1.425505e-01  7.075782e-02
-6.30000e+00 -1.60000e+00       5.063e+11  9.243838e-01  0.000000e+00  8.317764e-02  7.561619e-02
-5.60000e+00 -1.60000e+00       3.961e+12  8.036712e-01  0.000000e+00  3.308815e-01  1.963288e-01
-4.90000e+00 -1.60000e+00       1.763e+13  5.129246e-01  0.000000e+00  4.668727e-01  4.870754e-01
-4.20000e+00 -1.60000e+00       5.525e+13  2.195690e-01  0.000000e+00  1.960229e-01  7.804310e-01
-3.50000e+00 -1.60000e+00       1.620e+14  3.704870e-01  0.000000e+00 -1.613109e-01  6.295130e-01
-2.80000e+00 -1.60000e+00       3.628e+14  5.542631e-01  0.000000e+00 -1.133703e-01  4.457369e-01
-2.10000e+00 -1.60000e+00       5.215e+14  4.353840e-01  0.000000e+00 -8.667591e-02  5.646160e-01
-1.40000e+00 -1.60000e+00       5.032e+14  8.510700e-02  0.000000e+00 -1.402685e-01  9.148930e-01
-7.00000e-01 -1.60000e+00       2.856e+14 -3.163609e-01  0.000000e+00 -3.991753e-02  6.836391e-01
 0.00000e+00 -1.60000e+00       1.399e+14 -5.318337e-01  0.000000e+00  3.591406e-15  4.681663e-01
 7.00000e-01 -1.60000e+00       2.856e+14 -3.163609e-01  0.000000e+00  3.991753e-02  6.836391e-01
 1.40000e+00 -1.60000e+00       5.032e+14  8.510700e-02  0.000000e+00  1.402685e-01  9.148930e-01
 2.10000e+00 -1.60000e+00       5.215e+14  4.353840e-01  0.000000e+00  8.667591e-02  5.646160e-01
 2.80000e+00 -1.60000e+00       3.628e+14  5.542631e-01  0.000000e+00  1.133703e-01  4.457369e-01
 3.50000e+00 -1.60000e+00       1.620e+14  3.704870e-01  0.000000e+00  1.613109e-01  6.295130e-01
 4.20000e+00 -1.60000e+00       5.525e+13  2.195690e-01  0.000000e+00 -1.960229e-01  7.804310e-01
 4.90000e+00 -1.60000e+00       1.763e+13  5.129246e-01  0.000000e+00 -4.668727e-01  4.870754e-01
 5.60000e+00 -1.60000e+00       3.961e+12  8.036712e-01  0.000000e+00 -3.308815e-01  1.963288e-01
 6.30000e+00 -1.60000e+00       5.063e+11  9.243838e-01  0.000000e+00 -8.317764e-02  7.561619e-02
 7.00000e+00 -1.60000e+00       3.559e+10  9.292422e-01  0.000000e+00  1.425505e-01  7.075782e-02
-7.00000e+00 -1.20000e+00       1.402e+11  8.342232e-01  0.000000e+00 -4.910174e-01  1.657768e-01
-6.30000e+00 -1.20000e+00       2.126e+12  9.105853e-01  0.000000e+00 -3.171942e-01  8.941465e-02
-5.60000e+00 -1.20000e+00       1.802e+13  9.438656e-01  0.000000e+00 -1.076383e-01  5.613442e-02
-4.90000e+00 -1.20000e+00       8.426e+13  9.027290e-01  0.000000e+00  1.261176e-01  9.727100e-02
-4.20000e+00 -1.20000e+00       2.217e+14  7.305963e-01  0.000000e+00  2.999716e-01  2.694037e-01
-3.50000e+00 -1.20000e+00       4.240e+14  5.147446e-01  0.000000e+00  1.442023e-01  4.852554e-01
-2.80000e+00 -1.20000e+00       8.487e+14  5.882740e-01  0.000000e+00 -1.076532e-01  4.117260e-01
-2.10000e+00 -1.20000e+00       1.260e+15  5.861541e-01  0.000000e+00 -9.739444e-02  4.138459e-01
-1.40000e+00 -1.20000e+00       1.128e+15  2.027447e-01  0.000000e+00 -4.406848e-02  7.972553e-01
-7.00000e-01 -1.20000e+00       7.240e+14 -3.348862e-01  0.000000e+00  1.251949e-01  6.651138e-01
 0.00000e+00 -1.20000e+00       4.683e+14 -5.663913e-01  0.000000e+00 -5.331274e-15  4.336087e-01
 7.00000e-01 -1.20000e+00       7.240e+14 -3.348862e-01  0.000000e+00 -1.251949e-01  6.651138e-01
 1.40000e+00 -1.20000e+00       1.128e+15  2.027447e-01  0.000000e+00  4.406848e-02  7.972553e-01
 2.10000e+00 -1.20000e+00       1.260e+15  5.861541e-01  0.000000e+00  9.739444e-02  4.138459e-01
 2.80000e+00 -1.20000e+00       8.487e+14  5.882740e-01  0.000000e+00  1.076532e-01  4.117260e-01
 3.50000e+00 -1.20000e+00       4.240e+14  5.147446e-01  0.000000e+00 -1.442023e-01  4.852554e-01
 4.20000e+00 -1.20000e+00       2.217e+14  7.305963e-01  0.000000e+00 -2.999716e-01  2.694037e-01
 4.90000e+00 -1.20000e+00       8.426e+13  9.027290e-01  0.000000e+00 -1.261176e-01  9.727100e-02
 5.60000e+00 -1.20000e+00       1.802e+13  9.438656e-01  0.000000e+00  1.076383e-01  5.613442e-02
 6.30000e+00 -1.20000e+00       2.126e+12  9.105853e-01  0.000000e+00  3.171942e-01  8.941465e-02
 7.00000e+00 -1.20000e+00       1.402e+11  8.342232e-01  0.000000e+00  4.910174e-01  1.657768e-01
-7.00000e+00 -8.00000e-01       2.839e+11  7.834586e-01  0.000000e+00 -5.833792e-01  2.165414e-01
-6.30000e+00 -8.00000e-01       4.557e+12  8.711785e-01  0.000000e+00 -4.427415e-01  1.288215e-01
-5.60000e+00 -8.00000e-01       4.179e+13  9.324002e-01  0.000000e+00 -2.836818e-01  6.759982e-02
-4.90000e+00 -8.00000e-01       2.163e+14  9.601717e-01  0.000000e+00 -1.074331e-01  3.982830e-02
-4.20000e+00 -8.00000e-01       6.139e+14  9.358982e-01  0.000000e+00  7.574015e-02  6.410177e-02
-3.50000e+00 -8.00000e-01       1.007e+15  8.304162e-01  0.000000e+00  1.757107e-01  1.695838e-01
-2.80000e+00 -8.00000e-01       1.492e+15  7.608368e-01  0.000000e+00  1.336805e-02  2.391632e-01
-2.10000e+00 -8.00000e-01       2.422e+15  8.281105e-01  0.000000e+00 -1.034561e-01  1.718895e-01
-1.40000e+00 -8.00000e-01       2.473e+15  8.352553e-01  0.000000e+00 -1.998563e-01  1.647447e-01
-7.00000e-01 -8.00000e-01       1.312e+15  7.905828e-01  0.000000e+00 -3.194910e-01  2.094172e-01
 0.00000e+00 -8.00000e-01       6.711e+14  7.385161e-01  0.000000e+00 -1.237160e-15  2.614839e-01
 7.00000e-01 -8.00000e-01       1.312e+15  7.905828e-01  0.000000e+00  3.194910e-01  2.094172e-01
 1.40000e+00 -8.00000e-01       2.473e+15  8.352553e-01  0.000000e+00  1.998563e-01  1.647447e-01
 2.10000e+00 -8.00000e-01       2.422e+15  8.281105e-01  0.000000e+00  1.034561e-01  1.718895e-01
 2.80000e+00 -8.00000e-01       1.492e+15  7.608368e-01  0.000000e+00 -1.336805e-02  2.391632e-01
 3.50000e+00 -8.00000e-01       1.007e+15  8.304162e-01  0.000000e+00 -1.757107e-01  1.695838e-01
 4.20000e+00 -8.00000e-01       6.139e+14  9.358982e-01  0.000000e+00 -7.574015e-02  6.410177e-02
 4.90000e+00 -8.00000e-01       2.163e+14  9.601717e-01  0.000000e+00  1.074331e-01  3.982830e-02
 5.60000e+00 -8.00000e-01       4.179e+13  9.324002e-01  0.000000e+00  2.836818e-01  6.759982e-02
 6.30000e+00 -8.00000e-01       4.557e+12  8.711785e-01  0.000000e+00  4.427415e-01  1.288215e-01
 7.00000e+00 -8.00000e-01       2.839e+11  7.834586e-01  0.000000e+00  5.833792e-01  2.165414e-01
-7.00000e+00 -4.00000e-01       3.528e+11  8.883797e-01  0.000000e+00 -4.336093e-01  1.116203e-01
-6.30000e+00 -4.00000e-01       6.069e+12  9.340016e-01  0.000000e+00 -3.295975e-01  6.599838e-02
-5.60000e+00 -4.00000e-01       5.983e+13  9.649268e-01  0.000000e+00 -2.266884e-01  3.507316e-02
-4.90000e+00 -4.00000e-01       3.362e+14  9.827368e-01  0.000000e+00 -1.235568e-01  1.726318e-02
-4.20000e+00 -4.00000e-01       1.043e+15  9.860961e-01  0.000000e+00 -1.937458e-02  1.390389e-02
-3.50000e+00 -4.00000e-01       1.751e+15  9.678077e-01  0.000000e+00  6.825145e-02  3.219231e-02
-2.80000e+00 -4.00000e-01       2.083e+15  9.325942e-01  0.000000e+00  4.751209e-02  6.740579e-02
-2.10000e+00 -4.00000e-01       2.747e+15  9.261532e-01  0.000000e+00  1.312116e-02  7.384680e-02
-1.40000e+00 -4.00000e-01       2.954e+15  9.036114e-01  0.000000e+00  1.911166e-01  9.638860e-02
-7.00000e-01 -4.00000e-01       2.784e+15  8.770191e-01  0.000000e+00  3.294812e-01  1.229809e-01
 0.00000e+00 -4.00000e-01       2.530e+15  8.744479e-01  0.000000e+00  1.420022e-15  1.255521e-01
 7.00000e-01 -4.00000e-01       2.784e+15  8.770191e-01  0.000000e+00 -3.294812e-01  1.229809e-01
 1.40000e+00 -4.00000e-01       2.954e+15  9.036114e-01  0.000000e+00 -1.911166e-01  9.638860e-02
 2.10000e+00 -4.00000e-01       2.747e+15  9.261532e-01  0.000000e+00 -1.312116e-02  7.384680e-02
 2.80000e+00 -4.00000e-01       2.083e+15  9.325942e-01  0.000000e+00 -4.751209e-02  6.740579e-02
 3.50000e+00 -4.00000e-01       1.751e+15  9.678077e-01  0.000000e+00 -6.825145e-02  3.219231e-02
 4.20000e+00 -4.00000e-01       1.043e+15  9.860961e-01  0.000000e+00  1.937458e-02  1.390389e-02
 4.90000e+00 -4.00000e-01       3.362e+14  9.827368e-01  0.000000e+00  1.235568e-01  1.726318e-02
 5.60000e+00 -4.00000e-01       5.983e+13  9.649268e-01  0.000000e+00  2.266884e-01  3.507316e-02
 6.30000e+00 -4.00000e-01       6.069e+12  9.340016e-01  0.000000e+00  3.295975e-01  6.599838e-02
 7.00000e+00 -4.00000e-01       3.528e+11  8.883797e-01  0.000000e+00  4.336093e-01  1.116203e-01
-7.00000e+00  0.00000e+00       3.547e+11  9.999059e-01  0.000000e+00  2.997851e-11  9.408597e-05
-6.30000e+00  0.00000e+00       6.362e+12  9.999359e-01  0.000000e+00  1.925459e-11  6.413806e-05
-5.60000e+00  0.00000e+00       6.499e+13  9.999632e-01  0.000000e+00  5.502521e-12  3.675095e-05
-4.90000e+00  0.00000e+00       3.779e+14  9.999826e-01  0.000000e+00  1.389168e-13  1.735060e-05
-4.20000e+00  0.00000e+00       1.215e+15  9.999908e-01  0.000000e+00 -9.809999e-14  9.248786e-06
-3.50000e+00  0.00000e+00       2.090e+15  9.999863e-01  0.000000e+00  2.666423e-13  1.373293e-05
-2.80000e+00  0.00000e+00       2.403e+15  9.999693e-01  0.000000e+00  6.481549e-13  3.073888e-05
-2.10000e+00  0.00000e+00       3.470e+15  9.999733e-01  0.000000e+00  6.910584e-13  2.672478e-05
-1.40000e+00  0.00000e+00       5.579e+15  9.999894e-01  0.000000e+00  3.725381e-13  1.056278e-05
-7.00000e-01  0.00000e+00       6.415e+15  9.999654e-01  0.000000e+00  1.825852e-13  3.464810e-05
 0.00000e+00  0.00000e+00       5.376e+15  9.999210e-01  0.000000e+00 -1.791828e-17  7.899170e-05
 7.00000e-01  0.00000e+00       6.415e+15  9.999654e-01  0.000000e+00 -1.826363e-13  3.464810e-05
 1.40000e+00  0.00000e+00       5.579e+15  9.999894e-01  0.000000e+00 -3.725773e-13  1.056278e-05
 2.10000e+00  0.00000e+00       3.470e+15  9.999733e-01  0.000000e+00 -6.910666e-13  2.672478e-05
 2.80000e+00  0.00000e+00       2.403e+15  9.999693e-01  0.000000e+00 -6.482242e-13  3.073888e-05
 3.50000e+00  0.00000e+00       2.090e+15  9.999863e-01  0.000000e+00 -2.666823e-13  1.373293e-05
 4.20000e+00  0.00000e+00       1.215e+15  9.999908e-01  0.000000e+00  9.816736e-14  9.248786e-06
 4.90000e+00  0.00000e+00       3.779e+14  9.999826e-01  0.000000e+00 -1.387075e-13  1.735060e-05
 5.60000e+00  0.00000e+00       6.499e+13  9.999632e-01  0.000000e+00 -5.502154e-12  3.675095e-05
 6.30000e+00  0.00000e+00       6.362e+12  9.999359e-01  0.000000e+00 -1.925402e-11  6.413806e-05
 7.00000e+00  0.00000e+00       3.547e+11  9.999059e-01  0.000000e+00 -2.997752e-11  9.408597e-05
-7.00000e+00  4.00000e-01       3.528e+11  8.883797e-01  0.000000e+00  4.336093e-01  1.116203e-01
-6.30000e+00  4.00000e-01       6.069e+12  9.340016e-01  0.000000e+00  3.295975e-01  6.599838e-02
-5.60000e+00  4.00000e-01       5.983e+13  9.649268e-01  0.000000e+00  2.266884e-01  3.507316e-02
-4.90000e+00  4.00000e-01       3.362e+14  9.827368e-01  0.000000e+00  1.235568e-01  1.726318e-02
-4.20000e+00  4.00000e-01       1.043e+15  9.860961e-01  0.000000e+00  1.937458e-02  1.390389e-02
-3.50000e+00  4.00000e-01       1.751e+15  9.678077e-01  0.000000e+00 -6.825145e-02  3.219231e-02
-2.80000e+00  4.00000e-01       2.083e+15  9.325942e-01  0.000000e+00 -4.751209e-02  6.740579e-02
-2.10000e+00  4.00000e-01       2.747e+15  9.261532e-01  0.000000e+00 -1.312116e-02  7.384680e-02
-1.40000e+00  4.00000e-01       2.954e+15  9.036114e-01  0.000000e+00 -1.911166e-01  9.638860e-02
-7.00000e-01  4.00000e-01       2.784e+15  8.770191e-01  0.000000e+00 -3.294812e-01  1.229809e-01
 0.00000e+00  4.00000e-01       2.530e+15  8.744479e-01  0.000000e+00 -1.425883e-15  1.255521e-01
 7.00000e-01  4.00000e-01       2.784e+15  8.770191e-01  0.000000e+00  3.294812e-01  1.229809e-01
 1.40000e+00  4.00000e-01       2.954e+15  9.036114e-01  0.000000e+00  1.911166e-01  9.638860e-02
 2.10000e+00  4.00000e-01       2.747e+15  9.261532e-01  0.000000e+00  1.312116e-02  7.384680e-02
 2.80000e+00  4.00000e-01       2.083e+15  9.325942e-01  0.000000e+00  4.751209e-02  6.740579e-02
 3.50000e+00  4.00000e-01       1.751e+15  9.678077e-01  0.000000e+00  6.825145e-02  3.219231e-02
 4.20000e+00  4.00000e-01       1.043e+15  9.860961e-01  0.000000e+00 -1.937458e-02  1.390389e-02
 4.90000e+00  4.00000e-01       3.362e+14  9.827368e-01  0.000000e+00 -1.235568e-01  1.726318e-02
 5.60000e+00  4.00000e-01       5.983e+13  9.649268e-01  0.000000e+00 -2.266884e-01  3.507316e-02
 6.30000e+00  4.00000e-01       6.069e+12  9.340016e-01  0.000000e+00 -3.295975e-01  6.599838e-02
 7.00000e+00  4.00000e-01       3.528e+11  8.883797e-01  0.000000e+00 -4.336093e-01  1.116203e-01
-7.00000e+00  8.00000e-01       2.839e+11  7.834586e-01  0.000000e+00  5.833792e-01  2.165414e-01
-6.30000e+00  8.00000e-01       4.557e+12  8.711785e-01  0.000000e+00  4.427415e-01  1.288215e-01
-5.60000e+00  8.00000e-01       4.179e+13  9.324002e-01  0.000000e+00  2.836818e-01  6.759982e-02
-4.90000e+00  8.00000e-01       2.163e+14  9.601717e-01  0.000000e+00  1.074331e-01  3.982830e-02
-4.20000e+00  8.00000e-01       6.139e+14  9.358982e-01  0.000000e+00 -7.574015e-02  6.410177e-02
-3.50000e+00  8.00000e-01       1.007e+15  8.304162e-01  0.000000e+00 -1.757107e-01  1.695838e-01
-2.80000e+00  8.00000e-01       1.492e+15  7.608368e-01  0.000000e+00 -1.336805e-02  2.391632e-01
-2.10000e+00  8.00000e-01       2.422e+15  8.281105e-01  0.000000e+00  1.034561e-01  1.718895e-01
-1.40000e+00  8.00000e-01       2.473e+15  8.352553e-01  0.000000e+00  1.998563e-01  1.647447e-01
-7.00000e-01  8.00000e-01       1.312e+15  7.905828e-01  0.000000e+00  3.194910e-01  2.094172e-01
 0.00000e+00  8.00000e-01       6.711e+14  7.385161e-01  0.000000e+00  1.952690e-15  2.614839e-01
 7.00000e-01  8.00000e-01       1.312e+15  7.905828e-01  0.000000e+00 -3.194910e-01  2.094172e-01
 1.40000e+00  8.00000e-01       2.473e+15  8.352553e-01  0.000000e+00 -1.998563e-01  1.647447e-01
 2.10000e+00  8.00000e-01       2.422e+15  8.281105e-01  0.000000e+00 -1.034561e-01  1.718895e-01
 2.80000e+00  8.00000e-01       1.492e+15  7.608368e-01  0.000000e+00  1.336805e-02  2.391632e-01
 3.50000e+00  8.00000e-01       1.007e+15  8.304162e-01  0.000000e+00  1.757107e-01  1.695838e-01
 4.20000e+00  8.00000e-01       6.139e+14  9.358982e-01  0.000000e+00  7.574015e-02  6.410177e-02
 4.90000e+00  8.00000e-01       2.163e+14  9.601717e-01  0.000000e+00 -1.074331e-01  3.982830e-02
 5.60000e+00  8.00000e-01       4.179e+13  9.324002e-01  0.000000e+00 -2.836818e-01  6.759982e-02
 6.30000e+00  8.00000e-01       4.557e+12  8.711785e-01  0.000000e+00 -4.427415e-01  1.288215e-01
 7.00000e+00  8.00000e-01       2.839e+11  7.834586e-01  0.000000e+00 -5.833792e-01  2.165414e-01
-7.00000e+00  1.20000e+00       1.402e+11  8.342232e-01  0.000000e+00  4.910174e-01  1.657768e-01
-6.30000e+00  1.20000e+00       2.126e+12  9.105853e-01  0.000000e+00  3.171942e-01  8.941465e-02
-5.60000e+00  1.20000e+00       1.802e+13  9.438656e-01  0.000000e+00  1.076383e-01  5.613442e-02
-4.90000e+00  1.20000e+00       8.426e+13  9.027290e-01  0.000000e+00 -1.261176e-01  9.727100e-02
-4.20000e+00  1.20000e+00       2.217e+14  7.305963e-01  0.000000e+00 -2.999716e-01  2.694037e-01
-3.50000e+00  1.20000e+00       4.240e+14  5.147446e-01  0.000000e+00 -1.442023e-01  4.852554e-01
-2.80000e+00  1.20000e+00       8.487e+14  5.882740e-01  0.000000e+00  1.076532e-01  4.117260e-01
-2.10000e+00  1.20000e+00       1.260e+15  5.861541e-01  0.000000e+00  9.739444e-02  4.138459e-01
-1.40000e+00  1.20000e+00       1.128e+15  2.027447e-01  0.000000e+00  4.406848e-02  7.972553e-01
-7.00000e-01  1.20000e+00       7.240e+14 -3.348862e-01  0.000000e+00 -1.251949e-01  6.651138e-01
 0.00000e+00  1.20000e+00       4.683e+14 -5.663913e-01  0.000000e+00  3.413915e-15  4.336087e-01
 7.00000e-01  1.20000e+00       7.240e+14 -3.348862e-01  0.000000e+00  1.251949e-01  6.651138e-01
 1.40000e+00  1.20000e+00       1.128e+15  2.027447e-01  0.000000e+00 -4.406848e-02  7.972553e-01
 2.10000e+00  1.20000e+00       1.260e+15  5.861541e-01  0.000000e+00 -9.739444e-02  4.138459e-01
 2.80000e+00  1.20000e+00       8.487e+14  5.882740e-01  0.000000e+00 -1.076532e-01  4.117260e-01
 3.50000e+00  1.20000e+00       4.240e+14  5.147446e-01  0.000000e+00  1.442023e-01  4.852554e-01
 4.20000e+00  1.20000e+00       2.217e+14  7.305963e-01  0.000000e+00  2.999716e-01  2.694037e-01
 4.90000e+00  1.20000e+00       8.426e+13  9.027290e-01  0.000000e+00  1.261176e-01  9.727100e-02
 5.60000e+00  1.20000e+00       1.802e+13  9.438656e-01  0.000000e+00 -1.076383e-01  5.613442e-02
 6.30000e+00  1.20000e+00       2.126e+12  9.105853e-01  0.000000e+00 -3.171942e-01  8.941465e-02
 7.00000e+00  1.20000e+00       1.402e+11  8.342232e-01  0.000000e+00 -4.910174e-01  1.657768e-01
-7.00000e+00  1.60000e+00       3.559e+10  9.292422e-01  0.000000e+00  1.425505e-01  7.075782e-02
-6.30000e+00  1.60000e+00       5.063e+11  9.243838e-01  0.000000e+00 -8.317764e-02  7.561619e-02
-5.60000e+00  1.60000e+00       3.961e+12  8.036712e-01  0.000000e+00 -3.308815e-01  1.963288e-01
-4.90000e+00  1.60000e+00       1.763e+13  5.129246e-01  0.000000e+00 -4.668727e-01  4.870754e-01
-4.20000e+00  1.60000e+00       5.525e+13  2.195690e-01  0.000000e+00 -1.960229e-01  7.804310e-01
-3.50000e+00  1.60000e+00       1.620e+14  3.704870e-01  0.000000e+00  1.613109e-01  6.295130e-01
-2.80000e+00  1.60000e+00       3.628e+14  5.542631e-01  0.000000e+00  1.133703e-01  4.457369e-01
-2.10000e+00  1.60000e+00       5.215e+14  4.353840e-01  0.000000e+00  8.667591e-02  5.646160e-01
-1.40000e+00  1.60000e+00       5.032e+14  8.510700e-02  0.000000e+00  1.402685e-01  9.148930e-01
-7.00000e-01  1.60000e+00       2.856e+14 -3.163609e-01  0.000000e+00  3.991753e-02  6.836391e-01
 0.00000e+00  1.60000e+00       1.399e+14 -5.318337e-01  0.000000e+00 -3.525047e-15  4.681663e-01
 7.00000e-01  1.60000e+00       2.856e+14 -3.163609e-01  0.000000e+00 -3.991753e-02  6.836391e-01
 1.40000e+00  1.60000e+00       5.032e+14  8.510700e-02  0.000000e+00 -1.402685e-01  9.148930e-01
 2.10000e+00  1.60000e+00       5.215e+14  4.353840e-01  0.000000e+00 -8.667591e-02  5.646160e-01
 2.80000e+00  1.60000e+00       3.628e+14  5.542631e-01  0.000000e+00 -1.133703e-01  4.457369e-01
 3.50000e+00  1.60000e+00       1.620e+14  3.704870e-01  0.000000e+00 -1.613109e-01  6.295130e-01
 4.20000e+00  1.60000e+00       5.525e+13  2.195690e-01  0.000000e+00  1.960229e-01  7.804310e-01
 4.90000e+00  1.60000e+00       1.763e+13  5.129246e-01  0.000000e+00  4.668727e-01  4.870754e-01
 5.60000e+00  1.60000e+00       3.961e+12  8.036712e-01  0.000000e+00  3.308815e-01  1.963288e-01
 6.30000e+00  1.60000e+00       5.063e+11  9.243838e-01  0.000000e+00  8.317764e-02  7.561619e-02
 7.00000e+00  1.60000e+00       3.559e+10  9.292422e-01  0.000000e+00 -1.425505e-01  7.075782e-02
-7.00000e+00  2.00000e+00       4.290e+09  6.258668e-01  0.000000e+00 -4.842323e-01  3.741332e-01
-6.30000e+00  2.00000e+00       5.542e+10  4.095805e-01  0.000000e+00 -6.257401e-01  5.904195e-01
-5.60000e+00  2.00000e+00       4.580e+11  1.414954e-02  0.000000e+00 -4.824093e-01  9.858505e-01
-4.90000e+00  2.00000e+00       2.804e+12 -8.166731e-02  0.000000e+00  3.770770e-02  9.183327e-01
-4.20000e+00  2.00000e+00       1.373e+13  2.803785e-01  0.000000e+00  2.986986e-01  7.196215e-01
-3.50000e+00  2.00000e+00       4.444e+13  5.116378e-01  0.000000e+00  1.182086e-01  4.883622e-01
-2.80000e+00  2.00000e+00       9.339e+13  4.726993e-01  0.000000e+00 -3.175043e-02  5.273007e-01
-2.10000e+00  2.00000e+00       1.633e+14  5.438374e-01  0.000000e+00  6.603933e-02  4.561626e-01
-1.40000e+00  2.00000e+00       2.173e+14  6.884692e-01  0.000000e+00  2.615160e-01  3.115308e-01
-7.00000e-01  2.00000e+00       1.504e+14  7.302804e-01  0.000000e+00  4.173608e-01  2.697196e-01
 0.00000e+00  2.00000e+00       7.706e+13  7.234261e-01  0.000000e+00  3.184629e-16  2.765739e-01
 7.00000e-01  2.00000e+00       1.504e+14  7.302804e-01  0.000000e+00 -4.173608e-01  2.697196e-01
 1.40000e+00  2.00000e+00       2.173e+14  6.884692e-01  0.000000e+00 -2.615160e-01  3.115308e-01
 2.10000e+00  2.00000e+00       1.633e+14  5.438374e-01  0.000000e+00 -6.603933e-02  4.561626e-01
 2.80000e+00  2.00000e+00       9.339e+13  4.726993e-01  0.000000e+00  3.175043e-02  5.273007e-01
 3.50000e+00  2.00000e+00       4.444e+13  5.116378e-01  0.000000e+00 -1.182086e-01  4.883622e-01
 4.20000e+00  2.00000e+00       1.373e+13  2.803785e-01  0.000000e+00 -2.986986e-01  7.196215e-01
 4.90000e+00  2.00000e+00       2.804e+12 -8.166731e-02  0.000000e+00 -3.770770e-02  9.183327e-01
 5.60000e+00  2.00000e+00       4.580e+11  1.414954e-02  0.000000e+00  4.824093e-01  9.858505e-01
 6.30000e+00  2.00000e+00       5.542e+10  4.095805e-01  0.000000e+00  6.257401e-01  5.904195e-01
 7.00000e+00  2.00000e+00       4.290e+09  6.258668e-01  0.000000e+00  4.842323e-01  3.741332e-01
-7.00000e+00  2.40000e+00       5.462e+08 -4.938174e-01  0.000000e+00 -3.803374e-01  5.061826e-01
-6.30000e+00  2.40000e+00       4.994e+09 -3.981959e-01  0.000000e+00  1.092707e-01  6.018041e-01
-5.60000e+00  2.40000e+00       5.553e+10  2.023025e-02  0.000000e+00  4.533206e-01  9.797698e-01
-4.90000e+00  2.40000e+00       4.382e+11  4.365622e-01  0.000000e+00  3.332657e-01  5.634378e-01
-4.20000e+00  2.40000e+00       2.061e+12  5.111030e-01  0.000000e+00  1.554180e-02  4.888970e-01
-3.50000e+00  2.40000e+00       6.202e+12  3.309052e-01  0.000000e+00 -7.699400e-02  6.690948e-01
-2.80000e+00  2.40000e+00       1.449e+13  2.714090e-01  0.000000e+00  6.522147e-02  7.285910e-01
-2.10000e+00  2.40000e+00       2.550e+13  1.261606e-01  0.000000e+00  1.708378e-01  8.738394e-01
-1.40000e+00  2.40000e+00       3.098e+13 -3.073006e-01  0.000000e+00  2.210807e-01  6.926994e-01
-7.00000e-01  2.40000e+00       2.307e+13 -6.330634e-01  0.000000e+00  1.509681e-01  3.669366e-01
 0.00000e+00  2.40000e+00       1.403e+13 -6.978668e-01  0.000000e+00 -2.526312e-15  3.021332e-01
 7.00000e-01  2.40000e+00       2.307e+13 -6.330634e-01  0.000000e+00 -1.509681e-01  3.669366e-01
 1.40000e+00  2.40000e+00       3.098e+13 -3.073006e-01  0.000000e+00 -2.210807e-01  6.926994e-01
 2.10000e+00  2.40000e+00       2.550e+13  1.261606e-01  0.000000e+00 -1.708378e-01  8.738394e-01
 2.80000e+00  2.40000e+00       1.449e+13  2.714090e-01  0.000000e+00 -6.522147e-02  7.285910e-01
 3.50000e+00  2.40000e+00       6.202e+12  3.309052e-01  0.000000e+00  7.699400e-02  6.690948e-01
 4.20000e+00  2.40000e+00       2.061e+12  5.111030e-01  0.000000e+00 -1.554180e-02  4.888970e-01
 4.90000e+00  2.40000e+00       4.382e+11  4.365622e-01  0.000000e+00 -3.332657e-01  5.634378e-01
 5.60000e+00  2.40000e+00       5.553e+10  2.023025e-02  0.000000e+00 -4.533206e-01  9.797698e-01
 6.30000e+00  2.40000e+00       4.994e+09 -3.981959e-01  0.000000e+00 -1.092707e-01  6.018041e-01
 7.00000e+00  2.40000e+00       5.462e+08 -4.938174e-01  0.000000e+00  3.803374e-01  5.061826e-01
-7.00000e+00  2.80000e+00       2.902e+08 -6.349938e-01  0.000000e+00 -1.987101e-01  3.650062e-01
-6.30000e+00  2.80000e+00       9.689e+08 -2.099902e-01  0.000000e+00  1.972488e-01  7.900098e-01
-5.60000e+00  2.80000e+00       5.586e+09  3.532936e-01  0.000000e+00  1.091830e-01  6.467064e-01
-4.90000e+00  2.80000e+00       3.296e+10  3.125830e-01  0.000000e+00 -1.294650e-01  6.874170e-01
-4.20000e+00  2.80000e+00       1.547e+11  1.584743e-01  0.000000e+00 -2.172866e-02  8.415257e-01
-3.50000e+00  2.80000e+00       5.635e+11  2.495271e-01  0.000000e+00  8.492417e-02  7.504729e-01
-2.80000e+00  2.80000e+00       1.463e+12  2.454650e-01  0.000000e+00  6.450901e-02  7.545350e-01
-2.10000e+00  2.80000e+00       2.825e+12  5.818779e-02  0.000000e+00  1.797714e-01  9.418122e-01
-1.40000e+00  2.80000e+00       4.877e+12 -4.397315e-02  0.000000e+00  4.427826e-01  9.560269e-01
-7.00000e-01  2.80000e+00       7.213e+12  7.356410e-02  0.000000e+00  5.434054e-01  9.264359e-01
 0.00000e+00  2.80000e+00       7.709e+12  1.480648e-01  0.000000e+00  3.319309e-15  8.519352e-01
 7.00000e-01  2.80000e+00       7.213e+12  7.356410e-02  0.000000e+00 -5.434054e-01  9.264359e-01
 1.40000e+00  2.80000e+00       4.877e+12 -4.397315e-02  0.000000e+00 -4.427826e-01  9.560269e-01
 2.10000e+00  2.80000e+00       2.825e+12  5.818779e-02  0.000000e+00 -1.797714e-01  9.418122e-01
 2.80000e+00  2.80000e+00       1.463e+12  2.454650e-01  0.000000e+00 -6.450901e-02  7.545350e-01
 3.50000e+00  2.80000e+00       5.635e+11  2.495271e-01  0.000000e+00 -8.492417e-02  7.504729e-01
 4.20000e+00  2.80000e+00       1.547e+11  1.584743e-01  0.000000e+00  2.172866e-02  8.415257e-01
 4.90000e+00  2.80000e+00       3.296e+10  3.125830e-01  0.000000e+00  1.294650e-01  6.874170e-01
 5.60000e+00  2.80000e+00       5.586e+09  3.532936e-01  0.000000e+00 -1.091830e-01  6.467064e-01
 6.30000e+00  2.80000e+00       9.689e+08 -2.099902e-01  0.000000e+00 -1.972488e-01  7.900098e-01
 7.00000e+00  2.80000e+00       2.902e+08 -6.349938e-01  0.000000e+00  1.987101e-01  3.650062e-01
-7.00000e+00  3.20000e+00       2.060e+08 -7.190622e-01  0.000000e+00 -1.238272e-01  2.809378e-01
-6.30000e+00  3.20000e+00       4.954e+08 -5.442519e-01  0.000000e+00  1.757132e-01  4.557481e-01
-5.60000e+00  3.20000e+00       1.337e+09 -1.813554e-01  0.000000e+00  3.436280e-01  8.186446e-01
-4.90000e+00  3.20000e+00       3.977e+09  1.305487e-01  0.000000e+00  3.571586e-01  8.694513e-01
-4.20000e+00  3.20000e+00       1.372e+10  3.658037e-01  0.000000e+00  1.967551e-01  6.341963e-01
-3.50000e+00  3.20000e+00       4.126e+10  3.542367e-01  0.000000e+00  7.017591e-02  6.457633e-01
-2.80000e+00  3.20000e+00       9.601e+10  2.892477e-01  0.000000e+00  1.030647e-01  7.107523e-01
-2.10000e+00  3.20000e+00       2.042e+11  3.493412e-01  0.000000e+00  2.909588e-01  6.506588e-01
-1.40000e+00  3.20000e+00       3.676e+11  4.281939e-01  0.000000e+00  4.529068e-01  5.718061e-01
-7.00000e-01  3.20000e+00       4.344e+11  4.739300e-01  0.000000e+00  3.387373e-01  5.260700e-01
 0.00000e+00  3.20000e+00       3.989e+11  4.901884e-01  0.000000e+00  1.369771e-15  5.098116e-01
 7.00000e-01  3.20000e+00       4.344e+11  4.739300e-01  0.000000e+00 -3.387373e-01  5.260700e-01
 1.40000e+00  3.20000e+00       3.676e+11  4.281939e-01  0.000000e+00 -4.529068e-01  5.718061e-01
 2.10000e+00  3.20000e+00       2.042e+11  3.493412e-01  0.000000e+00 -2.909588e-01  6.506588e-01
 2.80000e+00  3.20000e+00       9.601e+10  2.892477e-01  0.000000e+00 -1.030647e-01  7.107523e-01
 3.50000e+00  3.20000e+00       4.126e+10  3.542367e-01  0.000000e+00 -7.017591e-02  6.457633e-01
 4.20000e+00  3.20000e+00       1.372e+10  3.658037e-01  0.000000e+00 -1.967551e-01  6.341963e-01
 4.90000e+00  3.20000e+00       3.977e+09  1.305487e-01  0.000000e+00 -3.571586e-01  8.694513e-01
 5.60000e+00  3.20000e+00       1.337e+09 -1.813554e-01  0.000000e+00 -3.436280e-01  8.186446e-01
 6.30000e+00  3.20000e+00       4.954e+08 -5.442519e-01  0.000000e+00 -1.757132e-01  4.557481e-01
 7.00000e+00  3.20000e+00       2.060e+08 -7.190622e-01  0.000000e+00  1.238272e-01  2.809378e-01
-7.00000e+00  3.60000e+00       1.549e+08 -7.465457e-01  0.000000e+00  2.280347e-02  2.534543e-01
-6.30000e+00  3.60000e+00       3.857e+08 -5.631172e-01  0.000000e+00  2.515952e-01  4.368828e-01
-5.60000e+00  3.60000e+00       9.165e+08 -1.911191e-01  0.000000e+00  3.989989e-01  8.088809e-01
-4.90000e+00  3.60000e+00       2.035e+09  1.449145e-01  0.000000e+00  4.205915e-01  8.550855e-01
-4.20000e+00  3.60000e+00       4.890e+09  4.783571e-01  0.000000e+00  3.028588e-01  5.216429e-01
-3.50000e+00  3.60000e+00       9.940e+09  6.188712e-01  0.000000e+00  2.082325e-01  3.811288e-01
-2.80000e+00  3.60000e+00       1.003e+10  3.707125e-01  0.000000e+00  1.563204e-01  6.292875e-01
-2.10000e+00  3.60000e+00       1.633e+10  5.264347e-01  0.000000e+00 -3.520247e-01  4.735653e-01
-1.40000e+00  3.60000e+00       7.196e+10  9.230198e-01  0.000000e+00 -2.786865e-01  7.698015e-02
-7.00000e-01  3.60000e+00       1.634e+11  7.847306e-01  0.000000e+00 -1.270609e-01  2.152694e-01
 0.00000e+00  3.60000e+00       2.022e+11  6.636109e-01  0.000000e+00 -9.743710e-18  3.363891e-01
 7.00000e-01  3.60000e+00       1.634e+11  7.847306e-01  0.000000e+00  1.270609e-01  2.152694e-01
 1.40000e+00  3.60000e+00       7.196e+10  9.230198e-01  0.000000e+00  2.786865e-01  7.698015e-02
 2.10000e+00  3.60000e+00       1.633e+10  5.264347e-01  0.000000e+00  3.520247e-01  4.735653e-01
 2.80000e+00  3.60000e+00       1.003e+10  3.707125e-01  0.000000e+00 -1.563204e-01  6.292875e-01
 3.50000e+00  3.60000e+00       9.940e+09  6.188712e-01  0.000000e+00 -2.082325e-01  3.811288e-01
 4.20000e+00  3.60000e+00       4.890e+09  4.783571e-01  0.000000e+00 -3.028588e-01  5.216429e-01
 4.90000e+00  3.60000e+00       2.035e+09  1.449145e-01  0.000000e+00 -4.205915e-01  8.550855e-01
 5.60000e+00  3.60000e+00       9.165e+08 -1.911191e-01  0.000000e+00 -3.989989e-01  8.088809e-01
 6.30000e+00  3.60000e+00       3.857e+08 -5.631172e-01  0.000000e+00 -2.515952e-01  4.368828e-01
 7.00000e+00  3.60000e+00       1.549e+08 -7.465457e-01  0.000000e+00 -2.280347e-02  2.534543e-01
-7.00000e+00  4.00000e+00       1.449e+08 -7.370123e-01  0.000000e+00  1.898178e-01  2.629877e-01
-6.30000e+00  4.00000e+00       3.919e+08 -5.911276e-01  0.000000e+00  3.082865e-01  4.088724e-01
-5.60000e+00  4.00000e+00       7.540e+08 -2.282687e-01  0.000000e+00  3.961011e-01  7.717313e-01
-4.90000e+00  4.00000e+00       1.424e+09  1.837384e-01  0.000000e+00  4.044644e-01  8.162616e-01
-4.20000e+00  4.00000e+00       3.415e+09  5.557779e-01  0.000000e+00  2.785305e-01  4.442221e-01
-3.50000e+00  4.00000e+00       6.692e+09  7.127489e-01  0.000000e+00  2.007932e-01  2.872511e-01
-2.80000e+00  4.00000e+00       3.653e+09  4.718222e-01  0.000000e+00  2.569713e-01  5.281778e-01
-2.10000e+00  4.00000e+00       4.920e+09  9.379175e-01  0.000000e+00 -5.601789e-01  6.208253e-02
-1.40000e+00  4.00000e+00       5.195e+10  9.282779e-01  0.000000e+00 -1.801199e-01  7.172208e-02
-7.00000e-01  4.00000e+00       1.236e+11  8.238863e-01  0.000000e+00 -8.296981e-02  1.761137e-01
 0.00000e+00  4.00000e+00       1.562e+11  6.823811e-01  0.000000e+00 -3.896616e-17  3.176189e-01
 7.00000e-01  4.00000e+00       1.236e+11  8.238863e-01  0.000000e+00  8.296981e-02  1.761137e-01
 1.40000e+00  4.00000e+00       5.195e+10  9.282779e-01  0.000000e+00  1.801199e-01  7.172208e-02
 2.10000e+00  4.00000e+00       4.920e+09  9.379175e-01  0.000000e+00  5.601789e-01  6.208253e-02
 2.80000e+00  4.00000e+00       3.653e+09  4.718222e-01  0.000000e+00 -2.569713e-01  5.281778e-01
 3.50000e+00  4.00000e+00       6.692e+09  7.127489e-01  0.000000e+00 -2.007932e-01  2.872511e-01
 4.20000e+00  4.00000e+00       3.415e+09  5.557779e-01  0.000000e+00 -2.785305e-01  4.442221e-01
 4.90000e+00  4.00000e+00       1.424e+09  1.837384e-01  0.000000e+00 -4.044644e-01  8.162616e-01
 5.60000e+00  4.00000e+00       7.540e+08 -2.282687e-01  0.000000e+00 -3.961011e-01  7.717313e-01
 6.30000e+00  4.00000e+00       3.919e+08 -5.911276e-01  0.000000e+00 -3.082865e-01  4.088724e-01
 7.00000e+00  4.00000e+00       1.449e+08 -7.370123e-01  0.000000e+00 -1.898178e-01  2.629877e-01
