 EB(GeV)    EMITTANCEx EMITTANCEy SIZEx(m)   SIZEy(m)   DIVx(rad)  DIVy(rad)
 2.411e+00  5.499e-09  1.017e-12  8.711e-05  1.009e-06  6.313e-05  1.009e-06
 betax      alphax     betay      alphay     eta        deta       E_spread  
 1.380e+00  0.000e+00  1.000e+00  0.000e+00  0.000e+00  0.000e+00  8.600e-04
 Ibeam(A)   period(cm) #periods   Kx         Ky         Energy(eV)
 4.005e-01  1.900e+00         96  0.000e+00  1.780e+00  5.719e+03


           x            y       F.Density            PL            PC          PL45        1-|PL|
          mm           mm  ph/s/mr^2/0.1%             -             -             -             -
-7.00000e+00 -4.00000e+00       3.803e+08 -7.428867e-01  0.000000e+00 -6.163735e-02  2.571133e-01
-6.30000e+00 -4.00000e+00       8.098e+08 -5.189559e-01  0.000000e+00 -3.181330e-01  4.810441e-01
-5.60000e+00 -4.00000e+00       2.208e+09 -1.890835e-02  0.000000e+00 -4.020243e-01  9.810916e-01
-4.90000e+00 -4.00000e+00       6.753e+09  3.867541e-01  0.000000e+00 -3.652897e-01  6.132459e-01
-4.20000e+00 -4.00000e+00       1.229e+10  4.666413e-01  0.000000e+00 -4.104547e-01  5.333587e-01
-3.50000e+00 -4.00000e+00       1.066e+10  8.400723e-02  0.000000e+00 -6.907842e-01  9.159928e-01
-2.80000e+00 -4.00000e+00       1.849e+10 -1.898458e-02  0.000000e+00 -7.274262e-01  9.810154e-01
-2.10000e+00 -4.00000e+00       4.598e+10 -8.706468e-02  0.000000e+00 -8.023644e-01  9.129353e-01
-1.40000e+00 -4.00000e+00       9.830e+10  2.418968e-01  0.000000e+00 -6.519750e-01  7.581032e-01
-7.00000e-01 -4.00000e+00       2.610e+11  9.060629e-01  0.000000e+00 -1.722584e-01  9.393707e-02
 0.00000e+00 -4.00000e+00       3.987e+11  9.963992e-01  0.000000e+00  1.556191e-15  3.600843e-03
 7.00000e-01 -4.00000e+00       2.610e+11  9.060629e-01  0.000000e+00  1.722584e-01  9.393707e-02
 1.40000e+00 -4.00000e+00       9.830e+10  2.418968e-01  0.000000e+00  6.519750e-01  7.581032e-01
 2.10000e+00 -4.00000e+00       4.598e+10 -8.706468e-02  0.000000e+00  8.023644e-01  9.129353e-01
 2.80000e+00 -4.00000e+00       1.849e+10 -1.898458e-02  0.000000e+00  7.274262e-01  9.810154e-01
 3.50000e+00 -4.00000e+00       1.066e+10  8.400723e-02  0.000000e+00  6.907842e-01  9.159928e-01
 4.20000e+00 -4.00000e+00       1.229e+10  4.666413e-01  0.000000e+00  4.104547e-01  5.333587e-01
 4.90000e+00 -4.00000e+00       6.753e+09  3.867541e-01  0.000000e+00  3.652897e-01  6.132459e-01
 5.60000e+00 -4.00000e+00       2.208e+09 -1.890835e-02  0.000000e+00  4.020243e-01  9.810916e-01
 6.30000e+00 -4.00000e+00       8.098e+08 -5.189559e-01  0.000000e+00  3.181330e-01  4.810441e-01
 7.00000e+00 -4.00000e+00       3.803e+08 -7.428867e-01  0.000000e+00  6.163735e-02  2.571133e-01
-7.00000e+00 -3.60000e+00       5.427e+08 -7.022543e-01  0.000000e+00 -8.326884e-03  2.977457e-01
-6.30000e+00 -3.60000e+00       1.438e+09 -3.206551e-01  0.000000e+00 -3.046159e-01  6.793449e-01
-5.60000e+00 -3.60000e+00       5.672e+09  2.626287e-01  0.000000e+00 -2.181277e-01  7.373713e-01
-4.90000e+00 -3.60000e+00       2.373e+10  3.314950e-01  0.000000e+00  2.900553e-02  6.685050e-01
-4.20000e+00 -3.60000e+00       7.591e+10  8.400928e-02  0.000000e+00 -3.106249e-02  9.159907e-01
-3.50000e+00 -3.60000e+00       2.089e+11  1.396993e-01  0.000000e+00 -1.807617e-01  8.603007e-01
-2.80000e+00 -3.60000e+00       5.041e+11  3.134342e-01  0.000000e+00 -1.372371e-01  6.865658e-01
-2.10000e+00 -3.60000e+00       9.994e+11  3.626249e-01  0.000000e+00 -4.299813e-01  6.373751e-01
-1.40000e+00 -3.60000e+00       1.908e+12  5.036201e-01  0.000000e+00 -7.137160e-01  4.963799e-01
-7.00000e-01 -3.60000e+00       2.780e+12  6.289801e-01  0.000000e+00 -5.934073e-01  3.710199e-01
 0.00000e+00 -3.60000e+00       2.752e+12  6.810204e-01  0.000000e+00 -1.423187e-14  3.189796e-01
 7.00000e-01 -3.60000e+00       2.780e+12  6.289801e-01  0.000000e+00  5.934073e-01  3.710199e-01
 1.40000e+00 -3.60000e+00       1.908e+12  5.036201e-01  0.000000e+00  7.137160e-01  4.963799e-01
 2.10000e+00 -3.60000e+00       9.994e+11  3.626249e-01  0.000000e+00  4.299813e-01  6.373751e-01
 2.80000e+00 -3.60000e+00       5.041e+11  3.134342e-01  0.000000e+00  1.372371e-01  6.865658e-01
 3.50000e+00 -3.60000e+00       2.089e+11  1.396993e-01  0.000000e+00  1.807617e-01  8.603007e-01
 4.20000e+00 -3.60000e+00       7.591e+10  8.400928e-02  0.000000e+00  3.106249e-02  9.159907e-01
 4.90000e+00 -3.60000e+00       2.373e+10  3.314950e-01  0.000000e+00 -2.900553e-02  6.685050e-01
 5.60000e+00 -3.60000e+00       5.672e+09  2.626287e-01  0.000000e+00  2.181277e-01  7.373713e-01
 6.30000e+00 -3.60000e+00       1.438e+09 -3.206551e-01  0.000000e+00  3.046159e-01  6.793449e-01
 7.00000e+00 -3.60000e+00       5.427e+08 -7.022543e-01  0.000000e+00  8.326884e-03  2.977457e-01
-7.00000e+00 -3.20000e+00       9.587e+08 -6.587024e-01  0.000000e+00  1.575772e-01  3.412976e-01
-6.30000e+00 -3.20000e+00       5.452e+09 -4.827937e-01  0.000000e+00 -2.744788e-01  5.172063e-01
-5.60000e+00 -3.20000e+00       4.013e+10  1.717665e-03  0.000000e+00 -5.378677e-01  9.982823e-01
-4.90000e+00 -3.20000e+00       2.340e+11  4.529716e-01  0.000000e+00 -3.537685e-01  5.470284e-01
-4.20000e+00 -3.20000e+00       8.878e+11  4.995492e-01  0.000000e+00  2.362907e-02  5.004508e-01
-3.50000e+00 -3.20000e+00       2.298e+12  2.078960e-01  0.000000e+00  1.485917e-01  7.921040e-01
-2.80000e+00 -3.20000e+00       5.025e+12  1.973458e-01  0.000000e+00  4.640347e-02  8.026542e-01
-2.10000e+00 -3.20000e+00       1.000e+13  5.648918e-01  0.000000e+00  1.351345e-01  4.351082e-01
-1.40000e+00 -3.20000e+00       1.629e+13  8.482978e-01  0.000000e+00  8.020889e-02  1.517022e-01
-7.00000e-01 -3.20000e+00       1.492e+13  9.469953e-01  0.000000e+00 -1.897921e-02  5.300471e-02
 0.00000e+00 -3.20000e+00       9.617e+12  9.657388e-01  0.000000e+00 -1.335493e-15  3.426119e-02
 7.00000e-01 -3.20000e+00       1.492e+13  9.469953e-01  0.000000e+00  1.897921e-02  5.300471e-02
 1.40000e+00 -3.20000e+00       1.629e+13  8.482978e-01  0.000000e+00 -8.020889e-02  1.517022e-01
 2.10000e+00 -3.20000e+00       1.000e+13  5.648918e-01  0.000000e+00 -1.351345e-01  4.351082e-01
 2.80000e+00 -3.20000e+00       5.025e+12  1.973458e-01  0.000000e+00 -4.640347e-02  8.026542e-01
 3.50000e+00 -3.20000e+00       2.298e+12  2.078960e-01  0.000000e+00 -1.485917e-01  7.921040e-01
 4.20000e+00 -3.20000e+00       8.878e+11  4.995492e-01  0.000000e+00 -2.362907e-02  5.004508e-01
 4.90000e+00 -3.20000e+00       2.340e+11  4.529716e-01  0.000000e+00  3.537685e-01  5.470284e-01
 5.60000e+00 -3.20000e+00       4.013e+10  1.717665e-03  0.000000e+00  5.378677e-01  9.982823e-01
 6.30000e+00 -3.20000e+00       5.452e+09 -4.827937e-01  0.000000e+00  2.744788e-01  5.172063e-01
 7.00000e+00 -3.20000e+00       9.587e+08 -6.587024e-01  0.000000e+00 -1.575772e-01  3.412976e-01
-7.00000e+00 -2.80000e+00       5.505e+09  3.359700e-01  0.000000e+00  6.009294e-01  6.640300e-01
-6.30000e+00 -2.80000e+00       4.746e+10  6.318786e-02  0.000000e+00  6.792750e-01  9.368121e-01
-5.60000e+00 -2.80000e+00       3.067e+11 -3.164204e-01  0.000000e+00  3.712413e-01  6.835796e-01
-4.90000e+00 -2.80000e+00       1.562e+12 -2.694108e-01  0.000000e+00 -2.011707e-01  7.305892e-01
-4.20000e+00 -2.80000e+00       6.318e+12  1.973234e-01  0.000000e+00 -4.002056e-01  8.026766e-01
-3.50000e+00 -2.80000e+00       1.789e+13  4.660062e-01  0.000000e+00 -1.310069e-01  5.339938e-01
-2.80000e+00 -2.80000e+00       3.459e+13  2.990674e-01  0.000000e+00  2.298448e-02  7.009326e-01
-2.10000e+00 -2.80000e+00       5.281e+13 -7.327001e-02  0.000000e+00 -1.618435e-01  9.267300e-01
-1.40000e+00 -2.80000e+00       6.514e+13 -4.975329e-01  0.000000e+00 -6.785819e-02  5.024671e-01
-7.00000e-01 -2.80000e+00       4.795e+13 -7.516175e-01  0.000000e+00  1.367910e-01  2.483825e-01
 0.00000e+00 -2.80000e+00       2.669e+13 -7.850721e-01  0.000000e+00  6.051780e-16  2.149279e-01
 7.00000e-01 -2.80000e+00       4.795e+13 -7.516175e-01  0.000000e+00 -1.367910e-01  2.483825e-01
 1.40000e+00 -2.80000e+00       6.514e+13 -4.975329e-01  0.000000e+00  6.785819e-02  5.024671e-01
 2.10000e+00 -2.80000e+00       5.281e+13 -7.327001e-02  0.000000e+00  1.618435e-01  9.267300e-01
 2.80000e+00 -2.80000e+00       3.459e+13  2.990674e-01  0.000000e+00 -2.298448e-02  7.009326e-01
 3.50000e+00 -2.80000e+00       1.789e+13  4.660062e-01  0.000000e+00  1.310069e-01  5.339938e-01
 4.20000e+00 -2.80000e+00       6.318e+12  1.973234e-01  0.000000e+00  4.002056e-01  8.026766e-01
 4.90000e+00 -2.80000e+00       1.562e+12 -2.694108e-01  0.000000e+00  2.011707e-01  7.305892e-01
 5.60000e+00 -2.80000e+00       3.067e+11 -3.164204e-01  0.000000e+00 -3.712413e-01  6.835796e-01
 6.30000e+00 -2.80000e+00       4.746e+10  6.318786e-02  0.000000e+00 -6.792750e-01  9.368121e-01
 7.00000e+00 -2.80000e+00       5.505e+09  3.359700e-01  0.000000e+00 -6.009294e-01  6.640300e-01
-7.00000e+00 -2.40000e+00       4.876e+10  9.021991e-01  0.000000e+00 -3.622623e-02  9.780088e-02
-6.30000e+00 -2.40000e+00       4.547e+11  8.561617e-01  0.000000e+00  2.463999e-01  1.438383e-01
-5.60000e+00 -2.40000e+00       2.642e+12  6.234078e-01  0.000000e+00  5.193730e-01  3.765922e-01
-4.90000e+00 -2.40000e+00       1.001e+13  1.869715e-01  0.000000e+00  5.743164e-01  8.130285e-01
-4.20000e+00 -2.40000e+00       2.938e+13 -1.294502e-01  0.000000e+00  1.474145e-01  8.705498e-01
-3.50000e+00 -2.40000e+00       7.883e+13  1.366127e-01  0.000000e+00 -2.684619e-01  8.633873e-01
-2.80000e+00 -2.40000e+00       1.651e+14  4.062952e-01  0.000000e+00 -1.101472e-01  5.937048e-01
-2.10000e+00 -2.40000e+00       2.523e+14  3.348838e-01  0.000000e+00  3.097251e-01  6.651162e-01
-1.40000e+00 -2.40000e+00       3.674e+14  4.551414e-01  0.000000e+00  5.929614e-01  5.448586e-01
-7.00000e-01 -2.40000e+00       3.530e+14  6.315162e-01  0.000000e+00  6.130616e-01  3.684838e-01
 0.00000e+00 -2.40000e+00       2.339e+14  6.867571e-01  0.000000e+00  5.075168e-15  3.132429e-01
 7.00000e-01 -2.40000e+00       3.530e+14  6.315162e-01  0.000000e+00 -6.130616e-01  3.684838e-01
 1.40000e+00 -2.40000e+00       3.674e+14  4.551414e-01  0.000000e+00 -5.929614e-01  5.448586e-01
 2.10000e+00 -2.40000e+00       2.523e+14  3.348838e-01  0.000000e+00 -3.097251e-01  6.651162e-01
 2.80000e+00 -2.40000e+00       1.651e+14  4.062952e-01  0.000000e+00  1.101472e-01  5.937048e-01
 3.50000e+00 -2.40000e+00       7.883e+13  1.366127e-01  0.000000e+00  2.684619e-01  8.633873e-01
 4.20000e+00 -2.40000e+00       2.938e+13 -1.294502e-01  0.000000e+00 -1.474145e-01  8.705498e-01
 4.90000e+00 -2.40000e+00       1.001e+13  1.869715e-01  0.000000e+00 -5.743164e-01  8.130285e-01
 5.60000e+00 -2.40000e+00       2.642e+12  6.234078e-01  0.000000e+00 -5.193730e-01  3.765922e-01
 6.30000e+00 -2.40000e+00       4.547e+11  8.561617e-01  0.000000e+00 -2.463999e-01  1.438383e-01
 7.00000e+00 -2.40000e+00       4.876e+10  9.021991e-01  0.000000e+00  3.622623e-02  9.780088e-02
-7.00000e+00 -2.00000e+00       2.677e+11  7.531023e-01  0.000000e+00 -5.796593e-01  2.468977e-01
-6.30000e+00 -2.00000e+00       2.639e+12  8.738694e-01  0.000000e+00 -3.558072e-01  1.261306e-01
-5.60000e+00 -2.00000e+00       1.623e+13  9.192280e-01  0.000000e+00 -8.482649e-02  8.077201e-02
-4.90000e+00 -2.00000e+00       6.006e+13  8.253126e-01  0.000000e+00  2.193913e-01  1.746874e-01
-4.20000e+00 -2.00000e+00       1.424e+14  4.879506e-01  0.000000e+00  4.521868e-01  5.120494e-01
-3.50000e+00 -2.00000e+00       2.644e+14  8.928778e-02  0.000000e+00  2.591100e-01  9.107122e-01
-2.80000e+00 -2.00000e+00       4.753e+14  2.058400e-01  0.000000e+00 -8.942805e-02  7.941600e-01
-2.10000e+00 -2.00000e+00       7.805e+14  4.983660e-01  0.000000e+00  1.800791e-01  5.016340e-01
-1.40000e+00 -2.00000e+00       1.280e+15  6.397319e-01  0.000000e+00  5.724486e-01  3.602681e-01
-7.00000e-01 -2.00000e+00       1.967e+15  6.979056e-01  0.000000e+00  5.275040e-01  3.020944e-01
 0.00000e+00 -2.00000e+00       2.106e+15  7.065462e-01  0.000000e+00 -5.271465e-15  2.934538e-01
 7.00000e-01 -2.00000e+00       1.967e+15  6.979056e-01  0.000000e+00 -5.275040e-01  3.020944e-01
 1.40000e+00 -2.00000e+00       1.280e+15  6.397319e-01  0.000000e+00 -5.724486e-01  3.602681e-01
 2.10000e+00 -2.00000e+00       7.805e+14  4.983660e-01  0.000000e+00 -1.800791e-01  5.016340e-01
 2.80000e+00 -2.00000e+00       4.753e+14  2.058400e-01  0.000000e+00  8.942805e-02  7.941600e-01
 3.50000e+00 -2.00000e+00       2.644e+14  8.928778e-02  0.000000e+00 -2.591100e-01  9.107122e-01
 4.20000e+00 -2.00000e+00       1.424e+14  4.879506e-01  0.000000e+00 -4.521868e-01  5.120494e-01
 4.90000e+00 -2.00000e+00       6.006e+13  8.253126e-01  0.000000e+00 -2.193913e-01  1.746874e-01
 5.60000e+00 -2.00000e+00       1.623e+13  9.192280e-01  0.000000e+00  8.482649e-02  8.077201e-02
 6.30000e+00 -2.00000e+00       2.639e+12  8.738694e-01  0.000000e+00  3.558072e-01  1.261306e-01
 7.00000e+00 -2.00000e+00       2.677e+11  7.531023e-01  0.000000e+00  5.796593e-01  2.468977e-01
-7.00000e+00 -1.60000e+00       7.710e+11  4.492167e-01  0.000000e+00 -8.469882e-01  5.507833e-01
-6.30000e+00 -1.60000e+00       7.638e+12  6.447185e-01  0.000000e+00 -7.037455e-01  3.552815e-01
-5.60000e+00 -1.60000e+00       4.860e+13  8.044531e-01  0.000000e+00 -4.958701e-01  1.955469e-01
-4.90000e+00 -1.60000e+00       1.982e+14  8.975597e-01  0.000000e+00 -2.260299e-01  1.024403e-01
-4.20000e+00 -1.60000e+00       5.084e+14  8.710781e-01  0.000000e+00  8.532487e-02  1.289219e-01
-3.50000e+00 -1.60000e+00       8.305e+14  6.441583e-01  0.000000e+00  3.159296e-01  3.558417e-01
-2.80000e+00 -1.60000e+00       1.101e+15  3.465670e-01  0.000000e+00  1.484939e-01  6.534330e-01
-2.10000e+00 -1.60000e+00       1.634e+15  4.489465e-01  0.000000e+00  3.354552e-02  5.510535e-01
-1.40000e+00 -1.60000e+00       1.829e+15  6.240596e-01  0.000000e+00  3.318547e-01  3.759404e-01
-7.00000e-01 -1.60000e+00       9.449e+14  6.909466e-01  0.000000e+00  5.241893e-01  3.090534e-01
 0.00000e+00 -1.60000e+00       3.687e+14  7.236935e-01  0.000000e+00  1.924144e-14  2.763065e-01
 7.00000e-01 -1.60000e+00       9.449e+14  6.909466e-01  0.000000e+00 -5.241893e-01  3.090534e-01
 1.40000e+00 -1.60000e+00       1.829e+15  6.240596e-01  0.000000e+00 -3.318547e-01  3.759404e-01
 2.10000e+00 -1.60000e+00       1.634e+15  4.489465e-01  0.000000e+00 -3.354552e-02  5.510535e-01
 2.80000e+00 -1.60000e+00       1.101e+15  3.465670e-01  0.000000e+00 -1.484939e-01  6.534330e-01
 3.50000e+00 -1.60000e+00       8.305e+14  6.441583e-01  0.000000e+00 -3.159296e-01  3.558417e-01
 4.20000e+00 -1.60000e+00       5.084e+14  8.710781e-01  0.000000e+00 -8.532487e-02  1.289219e-01
 4.90000e+00 -1.60000e+00       1.982e+14  8.975597e-01  0.000000e+00  2.260299e-01  1.024403e-01
 5.60000e+00 -1.60000e+00       4.860e+13  8.044531e-01  0.000000e+00  4.958701e-01  1.955469e-01
 6.30000e+00 -1.60000e+00       7.638e+12  6.447185e-01  0.000000e+00  7.037455e-01  3.552815e-01
 7.00000e+00 -1.60000e+00       7.710e+11  4.492167e-01  0.000000e+00  8.469882e-01  5.507833e-01
-7.00000e+00 -1.20000e+00       1.348e+12  1.935445e-01  0.000000e+00 -9.308424e-01  8.064555e-01
-6.30000e+00 -1.20000e+00       1.366e+13  4.429428e-01  0.000000e+00 -8.413612e-01  5.570572e-01
-5.60000e+00 -1.20000e+00       9.129e+13  6.601254e-01  0.000000e+00 -6.832743e-01  3.398746e-01
-4.90000e+00 -1.20000e+00       4.040e+14  8.232199e-01  0.000000e+00 -4.670547e-01  1.767801e-01
-4.20000e+00 -1.20000e+00       1.159e+15  9.101843e-01  0.000000e+00 -2.062603e-01  8.981568e-02
-3.50000e+00 -1.20000e+00       2.065e+15  8.847153e-01  0.000000e+00  6.903672e-02  1.152847e-01
-2.80000e+00 -1.20000e+00       2.391e+15  6.983681e-01  0.000000e+00  1.928434e-01  3.016319e-01
-2.10000e+00 -1.20000e+00       2.474e+15  4.631182e-01  0.000000e+00 -1.157807e-01  5.368818e-01
-1.40000e+00 -1.20000e+00       2.428e+15  1.306184e-01  0.000000e+00 -2.207960e-01  8.693816e-01
-7.00000e-01 -1.20000e+00       1.802e+15 -3.970398e-01  0.000000e+00  5.896895e-02  6.029602e-01
 0.00000e+00 -1.20000e+00       1.271e+15 -6.239769e-01  0.000000e+00 -2.214817e-15  3.760231e-01
 7.00000e-01 -1.20000e+00       1.802e+15 -3.970398e-01  0.000000e+00 -5.896895e-02  6.029602e-01
 1.40000e+00 -1.20000e+00       2.428e+15  1.306184e-01  0.000000e+00  2.207960e-01  8.693816e-01
 2.10000e+00 -1.20000e+00       2.474e+15  4.631182e-01  0.000000e+00  1.157807e-01  5.368818e-01
 2.80000e+00 -1.20000e+00       2.391e+15  6.983681e-01  0.000000e+00 -1.928434e-01  3.016319e-01
 3.50000e+00 -1.20000e+00       2.065e+15  8.847153e-01  0.000000e+00 -6.903672e-02  1.152847e-01
 4.20000e+00 -1.20000e+00       1.159e+15  9.101843e-01  0.000000e+00  2.062603e-01  8.981568e-02
 4.90000e+00 -1.20000e+00       4.040e+14  8.232199e-01  0.000000e+00  4.670547e-01  1.767801e-01
 5.60000e+00 -1.20000e+00       9.129e+13  6.601254e-01  0.000000e+00  6.832743e-01  3.398746e-01
 6.30000e+00 -1.20000e+00       1.366e+13  4.429428e-01  0.000000e+00  8.413612e-01  5.570572e-01
 7.00000e+00 -1.20000e+00       1.348e+12  1.935445e-01  0.000000e+00  9.308424e-01  8.064555e-01
-7.00000e+00 -8.00000e-01       1.415e+12  1.028473e-01  0.000000e+00 -9.212766e-01  8.971527e-01
-6.30000e+00 -8.00000e-01       1.527e+13  4.016290e-01  0.000000e+00 -8.497703e-01  5.983710e-01
-5.60000e+00 -8.00000e-01       1.108e+14  6.418697e-01  0.000000e+00 -7.022856e-01  3.581303e-01
-4.90000e+00 -8.00000e-01       5.420e+14  8.119577e-01  0.000000e+00 -5.112219e-01  1.880423e-01
-4.20000e+00 -8.00000e-01       1.749e+15  9.136449e-01  0.000000e+00 -3.001871e-01  8.635508e-02
-3.50000e+00 -8.00000e-01       3.530e+15  9.481233e-01  0.000000e+00 -8.302354e-02  5.187671e-02
-2.80000e+00 -8.00000e-01       4.292e+15  9.002953e-01  0.000000e+00  1.089864e-01  9.970474e-02
-2.10000e+00 -8.00000e-01       4.558e+15  8.375623e-01  0.000000e+00  1.099180e-01  1.624377e-01
-1.40000e+00 -8.00000e-01       6.261e+15  9.228879e-01  0.000000e+00 -1.522349e-02  7.711211e-02
-7.00000e-01 -8.00000e-01       4.475e+15  9.754257e-01  0.000000e+00 -4.322141e-02  2.457431e-02
 0.00000e+00 -8.00000e-01       2.024e+15  9.896318e-01  0.000000e+00  3.053873e-17  1.036817e-02
 7.00000e-01 -8.00000e-01       4.475e+15  9.754257e-01  0.000000e+00  4.322141e-02  2.457431e-02
 1.40000e+00 -8.00000e-01       6.261e+15  9.228879e-01  0.000000e+00  1.522349e-02  7.711211e-02
 2.10000e+00 -8.00000e-01       4.558e+15  8.375623e-01  0.000000e+00 -1.099180e-01  1.624377e-01
 2.80000e+00 -8.00000e-01       4.292e+15  9.002953e-01  0.000000e+00 -1.089864e-01  9.970474e-02
 3.50000e+00 -8.00000e-01       3.530e+15  9.481233e-01  0.000000e+00  8.302354e-02  5.187671e-02
 4.20000e+00 -8.00000e-01       1.749e+15  9.136449e-01  0.000000e+00  3.001871e-01  8.635508e-02
 4.90000e+00 -8.00000e-01       5.420e+14  8.119577e-01  0.000000e+00  5.112219e-01  1.880423e-01
 5.60000e+00 -8.00000e-01       1.108e+14  6.418697e-01  0.000000e+00  7.022856e-01  3.581303e-01
 6.30000e+00 -8.00000e-01       1.527e+13  4.016290e-01  0.000000e+00  8.497703e-01  5.983710e-01
 7.00000e+00 -8.00000e-01       1.415e+12  1.028473e-01  0.000000e+00  9.212766e-01  8.971527e-01
-7.00000e+00 -4.00000e-01       8.995e+11  3.944205e-01  0.000000e+00 -8.121352e-01  6.055795e-01
-6.30000e+00 -4.00000e-01       1.171e+13  6.628778e-01  0.000000e+00 -6.778903e-01  3.371222e-01
-5.60000e+00 -4.00000e-01       9.977e+13  8.239769e-01  0.000000e+00 -5.133900e-01  1.760231e-01
-4.90000e+00 -4.00000e-01       5.566e+14  9.148353e-01  0.000000e+00 -3.566149e-01  8.516472e-02
-4.20000e+00 -4.00000e-01       2.013e+15  9.627169e-01  0.000000e+00 -2.160733e-01  3.728306e-02
-3.50000e+00 -4.00000e-01       4.519e+15  9.827022e-01  0.000000e+00 -8.908026e-02  1.729782e-02
-2.80000e+00 -4.00000e-01       5.972e+15  9.788979e-01  0.000000e+00  1.975801e-02  2.110214e-02
-2.10000e+00 -4.00000e-01       5.407e+15  9.543805e-01  0.000000e+00  1.386274e-02  4.561952e-02
-1.40000e+00 -4.00000e-01       4.432e+15  9.443740e-01  0.000000e+00 -1.539523e-01  5.562598e-02
-7.00000e-01 -4.00000e-01       2.093e+15  9.497150e-01  0.000000e+00 -2.412966e-01  5.028504e-02
 0.00000e+00 -4.00000e-01       7.389e+14  9.541586e-01  0.000000e+00 -5.223835e-16  4.584138e-02
 7.00000e-01 -4.00000e-01       2.093e+15  9.497150e-01  0.000000e+00  2.412966e-01  5.028504e-02
 1.40000e+00 -4.00000e-01       4.432e+15  9.443740e-01  0.000000e+00  1.539523e-01  5.562598e-02
 2.10000e+00 -4.00000e-01       5.407e+15  9.543805e-01  0.000000e+00 -1.386274e-02  4.561952e-02
 2.80000e+00 -4.00000e-01       5.972e+15  9.788979e-01  0.000000e+00 -1.975801e-02  2.110214e-02
 3.50000e+00 -4.00000e-01       4.519e+15  9.827022e-01  0.000000e+00  8.908026e-02  1.729782e-02
 4.20000e+00 -4.00000e-01       2.013e+15  9.627169e-01  0.000000e+00  2.160733e-01  3.728306e-02
 4.90000e+00 -4.00000e-01       5.566e+14  9.148353e-01  0.000000e+00  3.566149e-01  8.516472e-02
 5.60000e+00 -4.00000e-01       9.977e+13  8.239769e-01  0.000000e+00  5.133900e-01  1.760231e-01
 6.30000e+00 -4.00000e-01       1.171e+13  6.628778e-01  0.000000e+00  6.778903e-01  3.371222e-01
 7.00000e+00 -4.00000e-01       8.995e+11  3.944205e-01  0.000000e+00  8.121352e-01  6.055795e-01
-7.00000e+00  0.00000e+00       5.554e+11  9.992597e-01  0.000000e+00 -8.629621e-11  7.403139e-04
-6.30000e+00  0.00000e+00       9.128e+12  9.996634e-01  0.000000e+00  2.043601e-11  3.365739e-04
-5.60000e+00  0.00000e+00       8.885e+13  9.998426e-01  0.000000e+00  9.542307e-12  1.574470e-04
-4.90000e+00  0.00000e+00       5.381e+14  9.999284e-01  0.000000e+00  3.716145e-12  7.162819e-05
-4.20000e+00  0.00000e+00       2.060e+15  9.999715e-01  0.000000e+00  1.889618e-12  2.852982e-05
-3.50000e+00  0.00000e+00       4.831e+15  9.999919e-01  0.000000e+00  1.044870e-12  8.086391e-06
-2.80000e+00  0.00000e+00       6.564e+15  9.999970e-01  0.000000e+00  5.727702e-13  3.010827e-06
-2.10000e+00  0.00000e+00       5.445e+15  9.999853e-01  0.000000e+00  7.190618e-13  1.473262e-05
-1.40000e+00  0.00000e+00       3.376e+15  9.999848e-01  0.000000e+00  1.861464e-12  1.516224e-05
-7.00000e-01  0.00000e+00       1.366e+15  9.999084e-01  0.000000e+00  3.112270e-12  9.160907e-05
 0.00000e+00  0.00000e+00       5.840e+14  9.997292e-01  0.000000e+00  5.901924e-17  2.707870e-04
 7.00000e-01  0.00000e+00       1.366e+15  9.999084e-01  0.000000e+00 -3.112124e-12  9.160907e-05
 1.40000e+00  0.00000e+00       3.376e+15  9.999848e-01  0.000000e+00 -1.861389e-12  1.516224e-05
 2.10000e+00  0.00000e+00       5.445e+15  9.999853e-01  0.000000e+00 -7.190923e-13  1.473262e-05
 2.80000e+00  0.00000e+00       6.564e+15  9.999970e-01  0.000000e+00 -5.727537e-13  3.010827e-06
 3.50000e+00  0.00000e+00       4.831e+15  9.999919e-01  0.000000e+00 -1.044744e-12  8.086391e-06
 4.20000e+00  0.00000e+00       2.060e+15  9.999715e-01  0.000000e+00 -1.889292e-12  2.852982e-05
 4.90000e+00  0.00000e+00       5.381e+14  9.999284e-01  0.000000e+00 -3.715570e-12  7.162819e-05
 5.60000e+00  0.00000e+00       8.885e+13  9.998426e-01  0.000000e+00 -9.541392e-12  1.574470e-04
 6.30000e+00  0.00000e+00       9.128e+12  9.996634e-01  0.000000e+00 -2.043468e-11  3.365739e-04
 7.00000e+00  0.00000e+00       5.554e+11  9.992597e-01  0.000000e+00  8.629798e-11  7.403139e-04
-7.00000e+00  4.00000e-01       8.995e+11  3.944205e-01  0.000000e+00  8.121352e-01  6.055795e-01
-6.30000e+00  4.00000e-01       1.171e+13  6.628778e-01  0.000000e+00  6.778903e-01  3.371222e-01
-5.60000e+00  4.00000e-01       9.977e+13  8.239769e-01  0.000000e+00  5.133900e-01  1.760231e-01
-4.90000e+00  4.00000e-01       5.566e+14  9.148353e-01  0.000000e+00  3.566149e-01  8.516472e-02
-4.20000e+00  4.00000e-01       2.013e+15  9.627169e-01  0.000000e+00  2.160733e-01  3.728306e-02
-3.50000e+00  4.00000e-01       4.519e+15  9.827022e-01  0.000000e+00  8.908026e-02  1.729782e-02
-2.80000e+00  4.00000e-01       5.972e+15  9.788979e-01  0.000000e+00 -1.975801e-02  2.110214e-02
-2.10000e+00  4.00000e-01       5.407e+15  9.543805e-01  0.000000e+00 -1.386274e-02  4.561952e-02
-1.40000e+00  4.00000e-01       4.432e+15  9.443740e-01  0.000000e+00  1.539523e-01  5.562598e-02
-7.00000e-01  4.00000e-01       2.093e+15  9.497150e-01  0.000000e+00  2.412966e-01  5.028504e-02
 0.00000e+00  4.00000e-01       7.389e+14  9.541586e-01  0.000000e+00  5.320815e-16  4.584138e-02
 7.00000e-01  4.00000e-01       2.093e+15  9.497150e-01  0.000000e+00 -2.412966e-01  5.028504e-02
 1.40000e+00  4.00000e-01       4.432e+15  9.443740e-01  0.000000e+00 -1.539523e-01  5.562598e-02
 2.10000e+00  4.00000e-01       5.407e+15  9.543805e-01  0.000000e+00  1.386274e-02  4.561952e-02
 2.80000e+00  4.00000e-01       5.972e+15  9.788979e-01  0.000000e+00  1.975801e-02  2.110214e-02
 3.50000e+00  4.00000e-01       4.519e+15  9.827022e-01  0.000000e+00 -8.908026e-02  1.729782e-02
 4.20000e+00  4.00000e-01       2.013e+15  9.627169e-01  0.000000e+00 -2.160733e-01  3.728306e-02
 4.90000e+00  4.00000e-01       5.566e+14  9.148353e-01  0.000000e+00 -3.566149e-01  8.516472e-02
 5.60000e+00  4.00000e-01       9.977e+13  8.239769e-01  0.000000e+00 -5.133900e-01  1.760231e-01
 6.30000e+00  4.00000e-01       1.171e+13  6.628778e-01  0.000000e+00 -6.778903e-01  3.371222e-01
 7.00000e+00  4.00000e-01       8.995e+11  3.944205e-01  0.000000e+00 -8.121352e-01  6.055795e-01
-7.00000e+00  8.00000e-01       1.415e+12  1.028473e-01  0.000000e+00  9.212766e-01  8.971527e-01
-6.30000e+00  8.00000e-01       1.527e+13  4.016290e-01  0.000000e+00  8.497703e-01  5.983710e-01
-5.60000e+00  8.00000e-01       1.108e+14  6.418697e-01  0.000000e+00  7.022856e-01  3.581303e-01
-4.90000e+00  8.00000e-01       5.420e+14  8.119577e-01  0.000000e+00  5.112219e-01  1.880423e-01
-4.20000e+00  8.00000e-01       1.749e+15  9.136449e-01  0.000000e+00  3.001871e-01  8.635508e-02
-3.50000e+00  8.00000e-01       3.530e+15  9.481233e-01  0.000000e+00  8.302354e-02  5.187671e-02
-2.80000e+00  8.00000e-01       4.292e+15  9.002953e-01  0.000000e+00 -1.089864e-01  9.970474e-02
-2.10000e+00  8.00000e-01       4.558e+15  8.375623e-01  0.000000e+00 -1.099180e-01  1.624377e-01
-1.40000e+00  8.00000e-01       6.261e+15  9.228879e-01  0.000000e+00  1.522349e-02  7.711211e-02
-7.00000e-01  8.00000e-01       4.475e+15  9.754257e-01  0.000000e+00  4.322141e-02  2.457431e-02
 0.00000e+00  8.00000e-01       2.024e+15  9.896318e-01  0.000000e+00 -8.900313e-17  1.036817e-02
 7.00000e-01  8.00000e-01       4.475e+15  9.754257e-01  0.000000e+00 -4.322141e-02  2.457431e-02
 1.40000e+00  8.00000e-01       6.261e+15  9.228879e-01  0.000000e+00 -1.522349e-02  7.711211e-02
 2.10000e+00  8.00000e-01       4.558e+15  8.375623e-01  0.000000e+00  1.099180e-01  1.624377e-01
 2.80000e+00  8.00000e-01       4.292e+15  9.002953e-01  0.000000e+00  1.089864e-01  9.970474e-02
 3.50000e+00  8.00000e-01       3.530e+15  9.481233e-01  0.000000e+00 -8.302354e-02  5.187671e-02
 4.20000e+00  8.00000e-01       1.749e+15  9.136449e-01  0.000000e+00 -3.001871e-01  8.635508e-02
 4.90000e+00  8.00000e-01       5.420e+14  8.119577e-01  0.000000e+00 -5.112219e-01  1.880423e-01
 5.60000e+00  8.00000e-01       1.108e+14  6.418697e-01  0.000000e+00 -7.022856e-01  3.581303e-01
 6.30000e+00  8.00000e-01       1.527e+13  4.016290e-01  0.000000e+00 -8.497703e-01  5.983710e-01
 7.00000e+00  8.00000e-01       1.415e+12  1.028473e-01  0.000000e+00 -9.212766e-01  8.971527e-01
-7.00000e+00  1.20000e+00       1.348e+12  1.935445e-01  0.000000e+00  9.308424e-01  8.064555e-01
-6.30000e+00  1.20000e+00       1.366e+13  4.429428e-01  0.000000e+00  8.413612e-01  5.570572e-01
-5.60000e+00  1.20000e+00       9.129e+13  6.601254e-01  0.000000e+00  6.832743e-01  3.398746e-01
-4.90000e+00  1.20000e+00       4.040e+14  8.232199e-01  0.000000e+00  4.670547e-01  1.767801e-01
-4.20000e+00  1.20000e+00       1.159e+15  9.101843e-01  0.000000e+00  2.062603e-01  8.981568e-02
-3.50000e+00  1.20000e+00       2.065e+15  8.847153e-01  0.000000e+00 -6.903672e-02  1.152847e-01
-2.80000e+00  1.20000e+00       2.391e+15  6.983681e-01  0.000000e+00 -1.928434e-01  3.016319e-01
-2.10000e+00  1.20000e+00       2.474e+15  4.631182e-01  0.000000e+00  1.157807e-01  5.368818e-01
-1.40000e+00  1.20000e+00       2.428e+15  1.306184e-01  0.000000e+00  2.207960e-01  8.693816e-01
-7.00000e-01  1.20000e+00       1.802e+15 -3.970398e-01  0.000000e+00 -5.896895e-02  6.029602e-01
 0.00000e+00  1.20000e+00       1.271e+15 -6.239769e-01  0.000000e+00  2.461528e-15  3.760231e-01
 7.00000e-01  1.20000e+00       1.802e+15 -3.970398e-01  0.000000e+00  5.896895e-02  6.029602e-01
 1.40000e+00  1.20000e+00       2.428e+15  1.306184e-01  0.000000e+00 -2.207960e-01  8.693816e-01
 2.10000e+00  1.20000e+00       2.474e+15  4.631182e-01  0.000000e+00 -1.157807e-01  5.368818e-01
 2.80000e+00  1.20000e+00       2.391e+15  6.983681e-01  0.000000e+00  1.928434e-01  3.016319e-01
 3.50000e+00  1.20000e+00       2.065e+15  8.847153e-01  0.000000e+00  6.903672e-02  1.152847e-01
 4.20000e+00  1.20000e+00       1.159e+15  9.101843e-01  0.000000e+00 -2.062603e-01  8.981568e-02
 4.90000e+00  1.20000e+00       4.040e+14  8.232199e-01  0.000000e+00 -4.670547e-01  1.767801e-01
 5.60000e+00  1.20000e+00       9.129e+13  6.601254e-01  0.000000e+00 -6.832743e-01  3.398746e-01
 6.30000e+00  1.20000e+00       1.366e+13  4.429428e-01  0.000000e+00 -8.413612e-01  5.570572e-01
 7.00000e+00  1.20000e+00       1.348e+12  1.935445e-01  0.000000e+00 -9.308424e-01  8.064555e-01
-7.00000e+00  1.60000e+00       7.710e+11  4.492167e-01  0.000000e+00  8.469882e-01  5.507833e-01
-6.30000e+00  1.60000e+00       7.638e+12  6.447185e-01  0.000000e+00  7.037455e-01  3.552815e-01
-5.60000e+00  1.60000e+00       4.860e+13  8.044531e-01  0.000000e+00  4.958701e-01  1.955469e-01
-4.90000e+00  1.60000e+00       1.982e+14  8.975597e-01  0.000000e+00  2.260299e-01  1.024403e-01
-4.20000e+00  1.60000e+00       5.084e+14  8.710781e-01  0.000000e+00 -8.532487e-02  1.289219e-01
-3.50000e+00  1.60000e+00       8.305e+14  6.441583e-01  0.000000e+00 -3.159296e-01  3.558417e-01
-2.80000e+00  1.60000e+00       1.101e+15  3.465670e-01  0.000000e+00 -1.484939e-01  6.534330e-01
-2.10000e+00  1.60000e+00       1.634e+15  4.489465e-01  0.000000e+00 -3.354552e-02  5.510535e-01
-1.40000e+00  1.60000e+00       1.829e+15  6.240596e-01  0.000000e+00 -3.318547e-01  3.759404e-01
-7.00000e-01  1.60000e+00       9.449e+14  6.909466e-01  0.000000e+00 -5.241893e-01  3.090534e-01
 0.00000e+00  1.60000e+00       3.687e+14  7.236935e-01  0.000000e+00 -1.887227e-14  2.763065e-01
 7.00000e-01  1.60000e+00       9.449e+14  6.909466e-01  0.000000e+00  5.241893e-01  3.090534e-01
 1.40000e+00  1.60000e+00       1.829e+15  6.240596e-01  0.000000e+00  3.318547e-01  3.759404e-01
 2.10000e+00  1.60000e+00       1.634e+15  4.489465e-01  0.000000e+00  3.354552e-02  5.510535e-01
 2.80000e+00  1.60000e+00       1.101e+15  3.465670e-01  0.000000e+00  1.484939e-01  6.534330e-01
 3.50000e+00  1.60000e+00       8.305e+14  6.441583e-01  0.000000e+00  3.159296e-01  3.558417e-01
 4.20000e+00  1.60000e+00       5.084e+14  8.710781e-01  0.000000e+00  8.532487e-02  1.289219e-01
 4.90000e+00  1.60000e+00       1.982e+14  8.975597e-01  0.000000e+00 -2.260299e-01  1.024403e-01
 5.60000e+00  1.60000e+00       4.860e+13  8.044531e-01  0.000000e+00 -4.958701e-01  1.955469e-01
 6.30000e+00  1.60000e+00       7.638e+12  6.447185e-01  0.000000e+00 -7.037455e-01  3.552815e-01
 7.00000e+00  1.60000e+00       7.710e+11  4.492167e-01  0.000000e+00 -8.469882e-01  5.507833e-01
-7.00000e+00  2.00000e+00       2.677e+11  7.531023e-01  0.000000e+00  5.796593e-01  2.468977e-01
-6.30000e+00  2.00000e+00       2.639e+12  8.738694e-01  0.000000e+00  3.558072e-01  1.261306e-01
-5.60000e+00  2.00000e+00       1.623e+13  9.192280e-01  0.000000e+00  8.482649e-02  8.077201e-02
-4.90000e+00  2.00000e+00       6.006e+13  8.253126e-01  0.000000e+00 -2.193913e-01  1.746874e-01
-4.20000e+00  2.00000e+00       1.424e+14  4.879506e-01  0.000000e+00 -4.521868e-01  5.120494e-01
-3.50000e+00  2.00000e+00       2.644e+14  8.928778e-02  0.000000e+00 -2.591100e-01  9.107122e-01
-2.80000e+00  2.00000e+00       4.753e+14  2.058400e-01  0.000000e+00  8.942805e-02  7.941600e-01
-2.10000e+00  2.00000e+00       7.805e+14  4.983660e-01  0.000000e+00 -1.800791e-01  5.016340e-01
-1.40000e+00  2.00000e+00       1.280e+15  6.397319e-01  0.000000e+00 -5.724486e-01  3.602681e-01
-7.00000e-01  2.00000e+00       1.967e+15  6.979056e-01  0.000000e+00 -5.275040e-01  3.020944e-01
 0.00000e+00  2.00000e+00       2.106e+15  7.065462e-01  0.000000e+00  5.281114e-15  2.934538e-01
 7.00000e-01  2.00000e+00       1.967e+15  6.979056e-01  0.000000e+00  5.275040e-01  3.020944e-01
 1.40000e+00  2.00000e+00       1.280e+15  6.397319e-01  0.000000e+00  5.724486e-01  3.602681e-01
 2.10000e+00  2.00000e+00       7.805e+14  4.983660e-01  0.000000e+00  1.800791e-01  5.016340e-01
 2.80000e+00  2.00000e+00       4.753e+14  2.058400e-01  0.000000e+00 -8.942805e-02  7.941600e-01
 3.50000e+00  2.00000e+00       2.644e+14  8.928778e-02  0.000000e+00  2.591100e-01  9.107122e-01
 4.20000e+00  2.00000e+00       1.424e+14  4.879506e-01  0.000000e+00  4.521868e-01  5.120494e-01
 4.90000e+00  2.00000e+00       6.006e+13  8.253126e-01  0.000000e+00  2.193913e-01  1.746874e-01
 5.60000e+00  2.00000e+00       1.623e+13  9.192280e-01  0.000000e+00 -8.482649e-02  8.077201e-02
 6.30000e+00  2.00000e+00       2.639e+12  8.738694e-01  0.000000e+00 -3.558072e-01  1.261306e-01
 7.00000e+00  2.00000e+00       2.677e+11  7.531023e-01  0.000000e+00 -5.796593e-01  2.468977e-01
-7.00000e+00  2.40000e+00       4.876e+10  9.021991e-01  0.000000e+00  3.622623e-02  9.780095e-02
-6.30000e+00  2.40000e+00       4.547e+11  8.561617e-01  0.000000e+00 -2.463999e-01  1.438383e-01
-5.60000e+00  2.40000e+00       2.642e+12  6.234078e-01  0.000000e+00 -5.193730e-01  3.765922e-01
-4.90000e+00  2.40000e+00       1.001e+13  1.869715e-01  0.000000e+00 -5.743164e-01  8.130285e-01
-4.20000e+00  2.40000e+00       2.938e+13 -1.294502e-01  0.000000e+00 -1.474145e-01  8.705498e-01
-3.50000e+00  2.40000e+00       7.883e+13  1.366127e-01  0.000000e+00  2.684619e-01  8.633873e-01
-2.80000e+00  2.40000e+00       1.651e+14  4.062952e-01  0.000000e+00  1.101472e-01  5.937048e-01
-2.10000e+00  2.40000e+00       2.523e+14  3.348838e-01  0.000000e+00 -3.097251e-01  6.651162e-01
-1.40000e+00  2.40000e+00       3.674e+14  4.551414e-01  0.000000e+00 -5.929614e-01  5.448586e-01
-7.00000e-01  2.40000e+00       3.530e+14  6.315162e-01  0.000000e+00 -6.130616e-01  3.684838e-01
 0.00000e+00  2.40000e+00       2.339e+14  6.867571e-01  0.000000e+00 -5.042642e-15  3.132429e-01
 7.00000e-01  2.40000e+00       3.530e+14  6.315162e-01  0.000000e+00  6.130616e-01  3.684838e-01
 1.40000e+00  2.40000e+00       3.674e+14  4.551414e-01  0.000000e+00  5.929614e-01  5.448586e-01
 2.10000e+00  2.40000e+00       2.523e+14  3.348838e-01  0.000000e+00  3.097251e-01  6.651162e-01
 2.80000e+00  2.40000e+00       1.651e+14  4.062952e-01  0.000000e+00 -1.101472e-01  5.937048e-01
 3.50000e+00  2.40000e+00       7.883e+13  1.366127e-01  0.000000e+00 -2.684619e-01  8.633873e-01
 4.20000e+00  2.40000e+00       2.938e+13 -1.294502e-01  0.000000e+00  1.474145e-01  8.705498e-01
 4.90000e+00  2.40000e+00       1.001e+13  1.869715e-01  0.000000e+00  5.743164e-01  8.130285e-01
 5.60000e+00  2.40000e+00       2.642e+12  6.234078e-01  0.000000e+00  5.193730e-01  3.765922e-01
 6.30000e+00  2.40000e+00       4.547e+11  8.561617e-01  0.000000e+00  2.463999e-01  1.438383e-01
 7.00000e+00  2.40000e+00       4.876e+10  9.021991e-01  0.000000e+00 -3.622623e-02  9.780095e-02
-7.00000e+00  2.80000e+00       5.505e+09  3.359694e-01  0.000000e+00 -6.009291e-01  6.640306e-01
-6.30000e+00  2.80000e+00       4.746e+10  6.318780e-02  0.000000e+00 -6.792749e-01  9.368122e-01
-5.60000e+00  2.80000e+00       3.067e+11 -3.164204e-01  0.000000e+00 -3.712412e-01  6.835796e-01
-4.90000e+00  2.80000e+00       1.562e+12 -2.694108e-01  0.000000e+00  2.011707e-01  7.305892e-01
-4.20000e+00  2.80000e+00       6.318e+12  1.973234e-01  0.000000e+00  4.002056e-01  8.026766e-01
-3.50000e+00  2.80000e+00       1.789e+13  4.660062e-01  0.000000e+00  1.310069e-01  5.339938e-01
-2.80000e+00  2.80000e+00       3.459e+13  2.990674e-01  0.000000e+00 -2.298448e-02  7.009326e-01
-2.10000e+00  2.80000e+00       5.281e+13 -7.327001e-02  0.000000e+00  1.618435e-01  9.267300e-01
-1.40000e+00  2.80000e+00       6.514e+13 -4.975329e-01  0.000000e+00  6.785819e-02  5.024671e-01
-7.00000e-01  2.80000e+00       4.795e+13 -7.516175e-01  0.000000e+00 -1.367910e-01  2.483825e-01
 0.00000e+00  2.80000e+00       2.669e+13 -7.850721e-01  0.000000e+00 -4.733786e-16  2.149279e-01
 7.00000e-01  2.80000e+00       4.795e+13 -7.516175e-01  0.000000e+00  1.367910e-01  2.483825e-01
 1.40000e+00  2.80000e+00       6.514e+13 -4.975329e-01  0.000000e+00 -6.785819e-02  5.024671e-01
 2.10000e+00  2.80000e+00       5.281e+13 -7.327001e-02  0.000000e+00 -1.618435e-01  9.267300e-01
 2.80000e+00  2.80000e+00       3.459e+13  2.990674e-01  0.000000e+00  2.298448e-02  7.009326e-01
 3.50000e+00  2.80000e+00       1.789e+13  4.660062e-01  0.000000e+00 -1.310069e-01  5.339938e-01
 4.20000e+00  2.80000e+00       6.318e+12  1.973234e-01  0.000000e+00 -4.002056e-01  8.026766e-01
 4.90000e+00  2.80000e+00       1.562e+12 -2.694108e-01  0.000000e+00 -2.011707e-01  7.305892e-01
 5.60000e+00  2.80000e+00       3.067e+11 -3.164204e-01  0.000000e+00  3.712412e-01  6.835796e-01
 6.30000e+00  2.80000e+00       4.746e+10  6.318780e-02  0.000000e+00  6.792749e-01  9.368122e-01
 7.00000e+00  2.80000e+00       5.505e+09  3.359694e-01  0.000000e+00  6.009291e-01  6.640306e-01
-7.00000e+00  3.20000e+00       9.587e+08 -6.587031e-01  0.000000e+00 -1.575760e-01  3.412969e-01
-6.30000e+00  3.20000e+00       5.452e+09 -4.827939e-01  0.000000e+00  2.744790e-01  5.172061e-01
-5.60000e+00  3.20000e+00       4.013e+10  1.717505e-03  0.000000e+00  5.378677e-01  9.982825e-01
-4.90000e+00  3.20000e+00       2.340e+11  4.529715e-01  0.000000e+00  3.537686e-01  5.470285e-01
-4.20000e+00  3.20000e+00       8.878e+11  4.995492e-01  0.000000e+00 -2.362902e-02  5.004508e-01
-3.50000e+00  3.20000e+00       2.298e+12  2.078960e-01  0.000000e+00 -1.485917e-01  7.921040e-01
-2.80000e+00  3.20000e+00       5.025e+12  1.973458e-01  0.000000e+00 -4.640346e-02  8.026542e-01
-2.10000e+00  3.20000e+00       1.000e+13  5.648918e-01  0.000000e+00 -1.351345e-01  4.351082e-01
-1.40000e+00  3.20000e+00       1.629e+13  8.482978e-01  0.000000e+00 -8.020888e-02  1.517022e-01
-7.00000e-01  3.20000e+00       1.492e+13  9.469953e-01  0.000000e+00  1.897921e-02  5.300471e-02
 0.00000e+00  3.20000e+00       9.617e+12  9.657388e-01  0.000000e+00  1.966948e-15  3.426120e-02
 7.00000e-01  3.20000e+00       1.492e+13  9.469953e-01  0.000000e+00 -1.897921e-02  5.300471e-02
 1.40000e+00  3.20000e+00       1.629e+13  8.482978e-01  0.000000e+00  8.020888e-02  1.517022e-01
 2.10000e+00  3.20000e+00       1.000e+13  5.648918e-01  0.000000e+00  1.351345e-01  4.351082e-01
 2.80000e+00  3.20000e+00       5.025e+12  1.973458e-01  0.000000e+00  4.640346e-02  8.026542e-01
 3.50000e+00  3.20000e+00       2.298e+12  2.078960e-01  0.000000e+00  1.485917e-01  7.921040e-01
 4.20000e+00  3.20000e+00       8.878e+11  4.995492e-01  0.000000e+00  2.362902e-02  5.004508e-01
 4.90000e+00  3.20000e+00       2.340e+11  4.529715e-01  0.000000e+00 -3.537686e-01  5.470285e-01
 5.60000e+00  3.20000e+00       4.013e+10  1.717505e-03  0.000000e+00 -5.378677e-01  9.982825e-01
 6.30000e+00  3.20000e+00       5.452e+09 -4.827939e-01  0.000000e+00 -2.744790e-01  5.172061e-01
 7.00000e+00  3.20000e+00       9.587e+08 -6.587031e-01  0.000000e+00  1.575760e-01  3.412969e-01
-7.00000e+00  3.60000e+00       5.427e+08 -7.022562e-01  0.000000e+00  8.328593e-03  2.977438e-01
-6.30000e+00  3.60000e+00       1.438e+09 -3.206595e-01  0.000000e+00  3.046166e-01  6.793405e-01
-5.60000e+00  3.60000e+00       5.672e+09  2.626243e-01  0.000000e+00  2.181301e-01  7.373757e-01
-4.90000e+00  3.60000e+00       2.373e+10  3.314936e-01  0.000000e+00 -2.900347e-02  6.685064e-01
-4.20000e+00  3.60000e+00       7.591e+10  8.400930e-02  0.000000e+00  3.106351e-02  9.159907e-01
-3.50000e+00  3.60000e+00       2.089e+11  1.396994e-01  0.000000e+00  1.807620e-01  8.603006e-01
-2.80000e+00  3.60000e+00       5.041e+11  3.134342e-01  0.000000e+00  1.372372e-01  6.865658e-01
-2.10000e+00  3.60000e+00       9.994e+11  3.626250e-01  0.000000e+00  4.299812e-01  6.373750e-01
-1.40000e+00  3.60000e+00       1.908e+12  5.036201e-01  0.000000e+00  7.137159e-01  4.963799e-01
-7.00000e-01  3.60000e+00       2.780e+12  6.289800e-01  0.000000e+00  5.934072e-01  3.710200e-01
 0.00000e+00  3.60000e+00       2.752e+12  6.810204e-01  0.000000e+00 -5.447592e-15  3.189796e-01
 7.00000e-01  3.60000e+00       2.780e+12  6.289800e-01  0.000000e+00 -5.934072e-01  3.710200e-01
 1.40000e+00  3.60000e+00       1.908e+12  5.036201e-01  0.000000e+00 -7.137159e-01  4.963799e-01
 2.10000e+00  3.60000e+00       9.994e+11  3.626250e-01  0.000000e+00 -4.299812e-01  6.373750e-01
 2.80000e+00  3.60000e+00       5.041e+11  3.134342e-01  0.000000e+00 -1.372372e-01  6.865658e-01
 3.50000e+00  3.60000e+00       2.089e+11  1.396994e-01  0.000000e+00 -1.807620e-01  8.603006e-01
 4.20000e+00  3.60000e+00       7.591e+10  8.400930e-02  0.000000e+00 -3.106351e-02  9.159907e-01
 4.90000e+00  3.60000e+00       2.373e+10  3.314936e-01  0.000000e+00  2.900347e-02  6.685064e-01
 5.60000e+00  3.60000e+00       5.672e+09  2.626243e-01  0.000000e+00 -2.181301e-01  7.373757e-01
 6.30000e+00  3.60000e+00       1.438e+09 -3.206595e-01  0.000000e+00 -3.046166e-01  6.793405e-01
 7.00000e+00  3.60000e+00       5.427e+08 -7.022562e-01  0.000000e+00 -8.328593e-03  2.977438e-01
-7.00000e+00  4.00000e+00       3.803e+08 -7.428904e-01  0.000000e+00  6.164442e-02  2.571096e-01
-6.30000e+00  4.00000e+00       8.099e+08 -5.189657e-01  0.000000e+00  3.181366e-01  4.810343e-01
-5.60000e+00  4.00000e+00       2.208e+09 -1.893034e-02  0.000000e+00  4.020335e-01  9.810697e-01
-4.90000e+00  4.00000e+00       6.753e+09  3.867358e-01  0.000000e+00  3.652990e-01  6.132642e-01
-4.20000e+00  4.00000e+00       1.229e+10  4.666283e-01  0.000000e+00  4.104611e-01  5.333717e-01
-3.50000e+00  4.00000e+00       1.066e+10  8.401726e-02  0.000000e+00  6.907718e-01  9.159827e-01
-2.80000e+00  4.00000e+00       1.849e+10 -1.896663e-02  0.000000e+00  7.274076e-01  9.810334e-01
-2.10000e+00  4.00000e+00       4.598e+10 -8.705100e-02  0.000000e+00  8.023506e-01  9.129490e-01
-1.40000e+00  4.00000e+00       9.831e+10  2.419002e-01  0.000000e+00  6.519689e-01  7.580998e-01
-7.00000e-01  4.00000e+00       2.610e+11  9.060601e-01  0.000000e+00  1.722582e-01  9.393990e-02
 0.00000e+00  4.00000e+00       3.987e+11  9.964015e-01  0.000000e+00  1.746730e-15  3.598501e-03
 7.00000e-01  4.00000e+00       2.610e+11  9.060601e-01  0.000000e+00 -1.722582e-01  9.393990e-02
 1.40000e+00  4.00000e+00       9.831e+10  2.419002e-01  0.000000e+00 -6.519689e-01  7.580998e-01
 2.10000e+00  4.00000e+00       4.598e+10 -8.705100e-02  0.000000e+00 -8.023506e-01  9.129490e-01
 2.80000e+00  4.00000e+00       1.849e+10 -1.896663e-02  0.000000e+00 -7.274076e-01  9.810334e-01
 3.50000e+00  4.00000e+00       1.066e+10  8.401726e-02  0.000000e+00 -6.907718e-01  9.159827e-01
 4.20000e+00  4.00000e+00       1.229e+10  4.666283e-01  0.000000e+00 -4.104611e-01  5.333717e-01
 4.90000e+00  4.00000e+00       6.753e+09  3.867358e-01  0.000000e+00 -3.652990e-01  6.132642e-01
 5.60000e+00  4.00000e+00       2.208e+09 -1.893034e-02  0.000000e+00 -4.020335e-01  9.810697e-01
 6.30000e+00  4.00000e+00       8.099e+08 -5.189657e-01  0.000000e+00 -3.181366e-01  4.810343e-01
 7.00000e+00  4.00000e+00       3.803e+08 -7.428904e-01  0.000000e+00 -6.164442e-02  2.571096e-01
