 EB(GeV)    EMITTANCEx EMITTANCEy SIZEx(m)   SIZEy(m)   DIVx(rad)  DIVy(rad)
 2.411e+00  5.499e-09  1.017e-12  8.711e-05  1.009e-06  6.313e-05  1.009e-06
 betax      alphax     betay      alphay     eta        deta       E_spread  
 1.380e+00  0.000e+00  1.000e+00  0.000e+00  0.000e+00  0.000e+00  8.600e-04
 Ibeam(A)   period(cm) #periods   Kx         Ky         Energy(eV)
 4.005e-01  1.900e+00         96  0.000e+00  1.780e+00  7.146e+03


           x            y       F.Density            PL            PC          PL45        1-|PL|
          mm           mm  ph/s/mr^2/0.1%             -             -             -             -
-7.00000e+00 -4.00000e+00       1.920e+08 -7.404606e-01  0.000000e+00 -1.059741e-01  2.595394e-01
-6.30000e+00 -4.00000e+00       4.883e+08 -5.934751e-01  0.000000e+00 -3.754942e-01  4.065249e-01
-5.60000e+00 -4.00000e+00       1.111e+09 -3.909825e-01  0.000000e+00 -5.400850e-01  6.090175e-01
-4.90000e+00 -4.00000e+00       2.098e+09 -1.058527e-01  0.000000e+00 -6.006831e-01  8.941473e-01
-4.20000e+00 -4.00000e+00       3.457e+09  1.690928e-01  0.000000e+00 -5.469689e-01  8.309072e-01
-3.50000e+00 -4.00000e+00       4.610e+09  3.253752e-01  0.000000e+00 -4.783365e-01  6.746248e-01
-2.80000e+00 -4.00000e+00       5.492e+09  5.151365e-01  0.000000e+00 -4.021560e-01  4.848635e-01
-2.10000e+00 -4.00000e+00       1.313e+10  7.250128e-01  0.000000e+00 -6.346524e-02  2.749872e-01
-1.40000e+00 -4.00000e+00       2.801e+10  4.653650e-01  0.000000e+00 -4.019428e-02  5.346350e-01
-7.00000e-01 -4.00000e+00       3.800e+10  6.954639e-01  0.000000e+00  2.718632e-02  3.045361e-01
 0.00000e+00 -4.00000e+00       8.307e+10  4.456216e-01  0.000000e+00  5.699453e-16  5.543784e-01
 7.00000e-01 -4.00000e+00       3.800e+10  6.954639e-01  0.000000e+00 -2.718632e-02  3.045361e-01
 1.40000e+00 -4.00000e+00       2.801e+10  4.653650e-01  0.000000e+00  4.019428e-02  5.346350e-01
 2.10000e+00 -4.00000e+00       1.313e+10  7.250128e-01  0.000000e+00  6.346524e-02  2.749872e-01
 2.80000e+00 -4.00000e+00       5.492e+09  5.151365e-01  0.000000e+00  4.021560e-01  4.848635e-01
 3.50000e+00 -4.00000e+00       4.610e+09  3.253752e-01  0.000000e+00  4.783365e-01  6.746248e-01
 4.20000e+00 -4.00000e+00       3.457e+09  1.690928e-01  0.000000e+00  5.469689e-01  8.309072e-01
 4.90000e+00 -4.00000e+00       2.098e+09 -1.058527e-01  0.000000e+00  6.006831e-01  8.941473e-01
 5.60000e+00 -4.00000e+00       1.111e+09 -3.909825e-01  0.000000e+00  5.400850e-01  6.090175e-01
 6.30000e+00 -4.00000e+00       4.883e+08 -5.934751e-01  0.000000e+00  3.754942e-01  4.065249e-01
 7.00000e+00 -4.00000e+00       1.920e+08 -7.404606e-01  0.000000e+00  1.059741e-01  2.595394e-01
-7.00000e+00 -3.60000e+00       2.674e+08 -7.469749e-01  0.000000e+00  3.391099e-02  2.530251e-01
-6.30000e+00 -3.60000e+00       5.642e+08 -6.196468e-01  0.000000e+00 -2.671432e-01  3.803532e-01
-5.60000e+00 -3.60000e+00       1.243e+09 -3.784753e-01  0.000000e+00 -4.789643e-01  6.215247e-01
-4.90000e+00 -3.60000e+00       2.893e+09 -3.352736e-02  0.000000e+00 -5.068788e-01  9.664726e-01
-4.20000e+00 -3.60000e+00       7.300e+09  2.431367e-01  0.000000e+00 -3.014835e-01  7.568633e-01
-3.50000e+00 -3.60000e+00       1.813e+10  2.390666e-01  0.000000e+00 -1.200918e-01  7.609334e-01
-2.80000e+00 -3.60000e+00       4.237e+10  1.580659e-01  0.000000e+00 -1.480224e-01  8.419341e-01
-2.10000e+00 -3.60000e+00       8.609e+10 -1.198946e-02  0.000000e+00 -1.610531e-01  9.880105e-01
-1.40000e+00 -3.60000e+00       1.274e+11 -2.545702e-01  0.000000e+00 -1.317207e-01  7.454298e-01
-7.00000e-01 -3.60000e+00       1.454e+11 -1.933124e-01  0.000000e+00 -3.868025e-02  8.066876e-01
 0.00000e+00 -3.60000e+00       1.720e+11  1.088565e-01  0.000000e+00  9.884749e-16  8.911435e-01
 7.00000e-01 -3.60000e+00       1.454e+11 -1.933124e-01  0.000000e+00  3.868025e-02  8.066876e-01
 1.40000e+00 -3.60000e+00       1.274e+11 -2.545702e-01  0.000000e+00  1.317207e-01  7.454298e-01
 2.10000e+00 -3.60000e+00       8.609e+10 -1.198946e-02  0.000000e+00  1.610531e-01  9.880105e-01
 2.80000e+00 -3.60000e+00       4.237e+10  1.580659e-01  0.000000e+00  1.480224e-01  8.419341e-01
 3.50000e+00 -3.60000e+00       1.813e+10  2.390666e-01  0.000000e+00  1.200918e-01  7.609334e-01
 4.20000e+00 -3.60000e+00       7.300e+09  2.431367e-01  0.000000e+00  3.014835e-01  7.568633e-01
 4.90000e+00 -3.60000e+00       2.893e+09 -3.352736e-02  0.000000e+00  5.068788e-01  9.664726e-01
 5.60000e+00 -3.60000e+00       1.243e+09 -3.784753e-01  0.000000e+00  4.789643e-01  6.215247e-01
 6.30000e+00 -3.60000e+00       5.642e+08 -6.196468e-01  0.000000e+00  2.671432e-01  3.803532e-01
 7.00000e+00 -3.60000e+00       2.674e+08 -7.469749e-01  0.000000e+00 -3.391099e-02  2.530251e-01
-7.00000e+00 -3.20000e+00       3.500e+08 -6.934458e-01  0.000000e+00  8.861736e-02  3.065542e-01
-6.30000e+00 -3.20000e+00       9.669e+08 -3.996995e-01  0.000000e+00 -2.091252e-01  6.003005e-01
-5.60000e+00 -3.20000e+00       4.004e+09  1.330168e-01  0.000000e+00 -8.035071e-02  8.669832e-01
-4.90000e+00 -3.20000e+00       2.107e+10  1.081073e-01  0.000000e+00  1.158441e-01  8.918927e-01
-4.20000e+00 -3.20000e+00       9.571e+10 -7.691926e-03  0.000000e+00  8.923308e-03  9.923081e-01
-3.50000e+00 -3.20000e+00       3.434e+11  2.108552e-01  0.000000e+00 -9.139819e-03  7.891448e-01
-2.80000e+00 -3.20000e+00       8.651e+11  2.447541e-01  0.000000e+00  7.112128e-03  7.552459e-01
-2.10000e+00 -3.20000e+00       1.496e+12  1.119697e-01  0.000000e+00 -9.720157e-03  8.880303e-01
-1.40000e+00 -3.20000e+00       3.146e+12  3.804506e-01  0.000000e+00  6.894447e-02  6.195494e-01
-7.00000e-01 -3.20000e+00       9.856e+12  6.149194e-01  0.000000e+00  2.619672e-02  3.850806e-01
 0.00000e+00 -3.20000e+00       1.590e+13  6.362737e-01  0.000000e+00  1.027536e-15  3.637263e-01
 7.00000e-01 -3.20000e+00       9.856e+12  6.149194e-01  0.000000e+00 -2.619672e-02  3.850806e-01
 1.40000e+00 -3.20000e+00       3.146e+12  3.804506e-01  0.000000e+00 -6.894447e-02  6.195494e-01
 2.10000e+00 -3.20000e+00       1.496e+12  1.119697e-01  0.000000e+00  9.720157e-03  8.880303e-01
 2.80000e+00 -3.20000e+00       8.651e+11  2.447541e-01  0.000000e+00 -7.112128e-03  7.552459e-01
 3.50000e+00 -3.20000e+00       3.434e+11  2.108552e-01  0.000000e+00  9.139819e-03  7.891448e-01
 4.20000e+00 -3.20000e+00       9.571e+10 -7.691926e-03  0.000000e+00 -8.923308e-03  9.923081e-01
 4.90000e+00 -3.20000e+00       2.107e+10  1.081073e-01  0.000000e+00 -1.158441e-01  8.918927e-01
 5.60000e+00 -3.20000e+00       4.004e+09  1.330168e-01  0.000000e+00  8.035071e-02  8.669832e-01
 6.30000e+00 -3.20000e+00       9.669e+08 -3.996995e-01  0.000000e+00  2.091252e-01  6.003005e-01
 7.00000e+00 -3.20000e+00       3.500e+08 -6.934458e-01  0.000000e+00 -8.861736e-02  3.065542e-01
-7.00000e+00 -2.80000e+00       6.348e+08 -6.319756e-01  0.000000e+00  2.170137e-01  3.680244e-01
-6.30000e+00 -2.80000e+00       4.077e+09 -4.299280e-01  0.000000e+00 -2.885321e-01  5.700720e-01
-5.60000e+00 -2.80000e+00       3.634e+10  8.707233e-02  0.000000e+00 -5.224877e-01  9.129277e-01
-4.90000e+00 -2.80000e+00       2.459e+11  4.794227e-01  0.000000e+00 -2.885982e-01  5.205773e-01
-4.20000e+00 -2.80000e+00       1.043e+12  4.642231e-01  0.000000e+00  6.240970e-02  5.357769e-01
-3.50000e+00 -2.80000e+00       3.021e+12  2.297978e-01  0.000000e+00  8.974302e-02  7.702022e-01
-2.80000e+00 -2.80000e+00       7.015e+12  1.915813e-01  0.000000e+00 -9.941973e-02  8.084187e-01
-2.10000e+00 -2.80000e+00       1.235e+13 -1.743680e-02  0.000000e+00 -1.990480e-01  9.825632e-01
-1.40000e+00 -2.80000e+00       1.702e+13 -5.338690e-01  0.000000e+00 -2.852327e-01  4.661310e-01
-7.00000e-01 -2.80000e+00       1.718e+13 -7.818215e-01  0.000000e+00 -2.705743e-01  2.181785e-01
 0.00000e+00 -2.80000e+00       1.360e+13 -7.883753e-01  0.000000e+00  8.717538e-19  2.116247e-01
 7.00000e-01 -2.80000e+00       1.718e+13 -7.818215e-01  0.000000e+00  2.705743e-01  2.181785e-01
 1.40000e+00 -2.80000e+00       1.702e+13 -5.338690e-01  0.000000e+00  2.852327e-01  4.661310e-01
 2.10000e+00 -2.80000e+00       1.235e+13 -1.743680e-02  0.000000e+00  1.990480e-01  9.825632e-01
 2.80000e+00 -2.80000e+00       7.015e+12  1.915813e-01  0.000000e+00  9.941973e-02  8.084187e-01
 3.50000e+00 -2.80000e+00       3.021e+12  2.297978e-01  0.000000e+00 -8.974302e-02  7.702022e-01
 4.20000e+00 -2.80000e+00       1.043e+12  4.642231e-01  0.000000e+00 -6.240970e-02  5.357769e-01
 4.90000e+00 -2.80000e+00       2.459e+11  4.794227e-01  0.000000e+00  2.885982e-01  5.205773e-01
 5.60000e+00 -2.80000e+00       3.634e+10  8.707233e-02  0.000000e+00  5.224877e-01  9.129277e-01
 6.30000e+00 -2.80000e+00       4.077e+09 -4.299280e-01  0.000000e+00  2.885321e-01  5.700720e-01
 7.00000e+00 -2.80000e+00       6.348e+08 -6.319756e-01  0.000000e+00 -2.170137e-01  3.680244e-01
-7.00000e+00 -2.40000e+00       3.696e+09  3.805179e-01  0.000000e+00  5.957305e-01  6.194821e-01
-6.30000e+00 -2.40000e+00       3.904e+10  1.215996e-01  0.000000e+00  6.628196e-01  8.784004e-01
-5.60000e+00 -2.40000e+00       2.988e+11 -2.425552e-01  0.000000e+00  3.464245e-01  7.574448e-01
-4.90000e+00 -2.40000e+00       1.778e+12 -1.580356e-01  0.000000e+00 -2.084304e-01  8.419644e-01
-4.20000e+00 -2.40000e+00       8.147e+12  2.854210e-01  0.000000e+00 -3.462891e-01  7.145790e-01
-3.50000e+00 -2.40000e+00       2.457e+13  4.843822e-01  0.000000e+00 -8.323266e-02  5.156178e-01
-2.80000e+00 -2.40000e+00       5.045e+13  4.007564e-01  0.000000e+00  6.084845e-02  5.992436e-01
-2.10000e+00 -2.40000e+00       9.122e+13  5.258017e-01  0.000000e+00 -1.080794e-01  4.741983e-01
-1.40000e+00 -2.40000e+00       1.364e+14  7.053164e-01  0.000000e+00 -3.626214e-01  2.946836e-01
-7.00000e-01 -2.40000e+00       1.177e+14  7.305773e-01  0.000000e+00 -5.033253e-01  2.694227e-01
 0.00000e+00 -2.40000e+00       7.566e+13  7.201131e-01  0.000000e+00 -6.609785e-15  2.798869e-01
 7.00000e-01 -2.40000e+00       1.177e+14  7.305773e-01  0.000000e+00  5.033253e-01  2.694227e-01
 1.40000e+00 -2.40000e+00       1.364e+14  7.053164e-01  0.000000e+00  3.626214e-01  2.946836e-01
 2.10000e+00 -2.40000e+00       9.122e+13  5.258017e-01  0.000000e+00  1.080794e-01  4.741983e-01
 2.80000e+00 -2.40000e+00       5.045e+13  4.007564e-01  0.000000e+00 -6.084845e-02  5.992436e-01
 3.50000e+00 -2.40000e+00       2.457e+13  4.843822e-01  0.000000e+00  8.323266e-02  5.156178e-01
 4.20000e+00 -2.40000e+00       8.147e+12  2.854210e-01  0.000000e+00  3.462891e-01  7.145790e-01
 4.90000e+00 -2.40000e+00       1.778e+12 -1.580356e-01  0.000000e+00  2.084304e-01  8.419644e-01
 5.60000e+00 -2.40000e+00       2.988e+11 -2.425552e-01  0.000000e+00 -3.464245e-01  7.574448e-01
 6.30000e+00 -2.40000e+00       3.904e+10  1.215996e-01  0.000000e+00 -6.628196e-01  8.784004e-01
 7.00000e+00 -2.40000e+00       3.696e+09  3.805179e-01  0.000000e+00 -5.957305e-01  6.194821e-01
-7.00000e+00 -2.00000e+00       3.451e+10  9.148524e-01  0.000000e+00 -4.833803e-02  8.514758e-02
-6.30000e+00 -2.00000e+00       4.029e+11  8.768875e-01  0.000000e+00  2.103321e-01  1.231125e-01
-5.60000e+00 -2.00000e+00       2.746e+12  6.749287e-01  0.000000e+00  4.677432e-01  3.250713e-01
-4.90000e+00 -2.00000e+00       1.150e+13  2.823984e-01  0.000000e+00  5.254059e-01  7.176016e-01
-4.20000e+00 -2.00000e+00       3.660e+13  1.220768e-02  0.000000e+00  1.189101e-01  9.877923e-01
-3.50000e+00 -2.00000e+00       1.065e+14  2.717134e-01  0.000000e+00 -2.283812e-01  7.282866e-01
-2.80000e+00 -2.00000e+00       2.301e+14  4.767085e-01  0.000000e+00 -1.266870e-01  5.232915e-01
-2.10000e+00 -2.00000e+00       3.266e+14  2.491895e-01  0.000000e+00 -7.890409e-02  7.508105e-01
-1.40000e+00 -2.00000e+00       3.512e+14 -2.609152e-01  0.000000e+00 -5.802377e-02  7.390848e-01
-7.00000e-01 -2.00000e+00       2.656e+14 -6.280032e-01  0.000000e+00  1.316560e-01  3.719968e-01
 0.00000e+00 -2.00000e+00       1.683e+14 -7.315353e-01  0.000000e+00  6.843186e-15  2.684647e-01
 7.00000e-01 -2.00000e+00       2.656e+14 -6.280032e-01  0.000000e+00 -1.316560e-01  3.719968e-01
 1.40000e+00 -2.00000e+00       3.512e+14 -2.609152e-01  0.000000e+00  5.802377e-02  7.390848e-01
 2.10000e+00 -2.00000e+00       3.266e+14  2.491895e-01  0.000000e+00  7.890409e-02  7.508105e-01
 2.80000e+00 -2.00000e+00       2.301e+14  4.767085e-01  0.000000e+00  1.266870e-01  5.232915e-01
 3.50000e+00 -2.00000e+00       1.065e+14  2.717134e-01  0.000000e+00  2.283812e-01  7.282866e-01
 4.20000e+00 -2.00000e+00       3.660e+13  1.220768e-02  0.000000e+00 -1.189101e-01  9.877923e-01
 4.90000e+00 -2.00000e+00       1.150e+13  2.823984e-01  0.000000e+00 -5.254059e-01  7.176016e-01
 5.60000e+00 -2.00000e+00       2.746e+12  6.749287e-01  0.000000e+00 -4.677432e-01  3.250713e-01
 6.30000e+00 -2.00000e+00       4.029e+11  8.768875e-01  0.000000e+00 -2.103321e-01  1.231125e-01
 7.00000e+00 -2.00000e+00       3.451e+10  9.148524e-01  0.000000e+00  4.833803e-02  8.514758e-02
-7.00000e+00 -1.60000e+00       1.724e+11  7.966257e-01  0.000000e+00 -5.310608e-01  2.033743e-01
-6.30000e+00 -1.60000e+00       2.125e+12  8.925209e-01  0.000000e+00 -3.291791e-01  1.074791e-01
-5.60000e+00 -1.60000e+00       1.539e+13  9.265140e-01  0.000000e+00 -7.655381e-02  7.348595e-02
-4.90000e+00 -1.60000e+00       6.500e+13  8.493277e-01  0.000000e+00  2.047933e-01  1.506723e-01
-4.20000e+00 -1.60000e+00       1.651e+14  5.880488e-01  0.000000e+00  3.898998e-01  4.119512e-01
-3.50000e+00 -1.60000e+00       3.199e+14  3.012964e-01  0.000000e+00  1.599740e-01  6.987036e-01
-2.80000e+00 -1.60000e+00       6.317e+14  4.154493e-01  0.000000e+00 -1.443993e-01  5.845507e-01
-2.10000e+00 -1.60000e+00       9.318e+14  4.006466e-01  0.000000e+00 -2.530297e-02  5.993534e-01
-1.40000e+00 -1.60000e+00       9.654e+14 -9.657020e-02  0.000000e+00  3.217785e-01  9.034298e-01
-7.00000e-01 -1.60000e+00       9.709e+14 -4.652154e-01  0.000000e+00  5.240905e-01  5.347846e-01
 0.00000e+00 -1.60000e+00       8.874e+14 -5.140898e-01  0.000000e+00  1.504424e-15  4.859102e-01
 7.00000e-01 -1.60000e+00       9.709e+14 -4.652154e-01  0.000000e+00 -5.240905e-01  5.347846e-01
 1.40000e+00 -1.60000e+00       9.654e+14 -9.657020e-02  0.000000e+00 -3.217785e-01  9.034298e-01
 2.10000e+00 -1.60000e+00       9.318e+14  4.006466e-01  0.000000e+00  2.530297e-02  5.993534e-01
 2.80000e+00 -1.60000e+00       6.317e+14  4.154493e-01  0.000000e+00  1.443993e-01  5.845507e-01
 3.50000e+00 -1.60000e+00       3.199e+14  3.012964e-01  0.000000e+00 -1.599740e-01  6.987036e-01
 4.20000e+00 -1.60000e+00       1.651e+14  5.880488e-01  0.000000e+00 -3.898998e-01  4.119512e-01
 4.90000e+00 -1.60000e+00       6.500e+13  8.493277e-01  0.000000e+00 -2.047933e-01  1.506723e-01
 5.60000e+00 -1.60000e+00       1.539e+13  9.265140e-01  0.000000e+00  7.655381e-02  7.348595e-02
 6.30000e+00 -1.60000e+00       2.125e+12  8.925209e-01  0.000000e+00  3.291791e-01  1.074791e-01
 7.00000e+00 -1.60000e+00       1.724e+11  7.966257e-01  0.000000e+00  5.310608e-01  2.033743e-01
-7.00000e+00 -1.20000e+00       4.465e+11  6.087087e-01  0.000000e+00 -7.481566e-01  3.912913e-01
-6.30000e+00 -1.20000e+00       5.730e+12  7.577121e-01  0.000000e+00 -5.942596e-01  2.422879e-01
-5.60000e+00 -1.20000e+00       4.441e+13  8.701929e-01  0.000000e+00 -3.980074e-01  1.298071e-01
-4.90000e+00 -1.20000e+00       2.063e+14  9.277010e-01  0.000000e+00 -1.631211e-01  7.229903e-02
-4.20000e+00 -1.20000e+00       5.608e+14  8.937582e-01  0.000000e+00  9.306504e-02  1.062418e-01
-3.50000e+00 -1.20000e+00       9.226e+14  7.137163e-01  0.000000e+00  2.528824e-01  2.862837e-01
-2.80000e+00 -1.20000e+00       1.295e+15  5.449743e-01  0.000000e+00  4.123705e-02  4.550257e-01
-2.10000e+00 -1.20000e+00       1.864e+15  5.782799e-01  0.000000e+00 -1.425750e-01  4.217201e-01
-1.40000e+00 -1.20000e+00       1.556e+15  4.038268e-01  0.000000e+00 -7.762626e-02  5.961732e-01
-7.00000e-01 -1.20000e+00       5.956e+14  7.290183e-03  0.000000e+00  2.932926e-02  9.927098e-01
 0.00000e+00 -1.20000e+00       2.151e+14 -1.926932e-01  0.000000e+00  6.360071e-15  8.073068e-01
 7.00000e-01 -1.20000e+00       5.956e+14  7.290183e-03  0.000000e+00 -2.932926e-02  9.927098e-01
 1.40000e+00 -1.20000e+00       1.556e+15  4.038268e-01  0.000000e+00  7.762626e-02  5.961732e-01
 2.10000e+00 -1.20000e+00       1.864e+15  5.782799e-01  0.000000e+00  1.425750e-01  4.217201e-01
 2.80000e+00 -1.20000e+00       1.295e+15  5.449743e-01  0.000000e+00 -4.123705e-02  4.550257e-01
 3.50000e+00 -1.20000e+00       9.226e+14  7.137163e-01  0.000000e+00 -2.528824e-01  2.862837e-01
 4.20000e+00 -1.20000e+00       5.608e+14  8.937582e-01  0.000000e+00 -9.306504e-02  1.062418e-01
 4.90000e+00 -1.20000e+00       2.063e+14  9.277010e-01  0.000000e+00  1.631211e-01  7.229903e-02
 5.60000e+00 -1.20000e+00       4.441e+13  8.701929e-01  0.000000e+00  3.980074e-01  1.298071e-01
 6.30000e+00 -1.20000e+00       5.730e+12  7.577121e-01  0.000000e+00  5.942596e-01  2.422879e-01
 7.00000e+00 -1.20000e+00       4.465e+11  6.087087e-01  0.000000e+00  7.481566e-01  3.912913e-01
-7.00000e+00 -8.00000e-01       6.545e+11  5.555986e-01  0.000000e+00 -7.872226e-01  4.444014e-01
-6.30000e+00 -8.00000e-01       8.903e+12  7.178906e-01  0.000000e+00 -6.487927e-01  2.821094e-01
-5.60000e+00 -8.00000e-01       7.436e+13  8.406673e-01  0.000000e+00 -4.830909e-01  1.593327e-01
-4.90000e+00 -8.00000e-01       3.808e+14  9.212209e-01  0.000000e+00 -2.981195e-01  7.877910e-02
-4.20000e+00 -8.00000e-01       1.162e+15  9.535744e-01  0.000000e+00 -9.961680e-02  4.642557e-02
-3.50000e+00 -8.00000e-01       2.032e+15  9.178411e-01  0.000000e+00  8.972309e-02  8.215886e-02
-2.80000e+00 -8.00000e-01       2.384e+15  8.105408e-01  0.000000e+00  1.295314e-01  1.894592e-01
-2.10000e+00 -8.00000e-01       3.571e+15  8.449656e-01  0.000000e+00 -4.712281e-02  1.550344e-01
-1.40000e+00 -8.00000e-01       6.056e+15  9.365457e-01  0.000000e+00 -1.449056e-01  6.345431e-02
-7.00000e-01 -8.00000e-01       6.805e+15  9.542599e-01  0.000000e+00 -1.964448e-01  4.574008e-02
 0.00000e+00 -8.00000e-01       5.708e+15  9.531821e-01  0.000000e+00 -4.829865e-15  4.681790e-02
 7.00000e-01 -8.00000e-01       6.805e+15  9.542599e-01  0.000000e+00  1.964448e-01  4.574008e-02
 1.40000e+00 -8.00000e-01       6.056e+15  9.365457e-01  0.000000e+00  1.449056e-01  6.345431e-02
 2.10000e+00 -8.00000e-01       3.571e+15  8.449656e-01  0.000000e+00  4.712281e-02  1.550344e-01
 2.80000e+00 -8.00000e-01       2.384e+15  8.105408e-01  0.000000e+00 -1.295314e-01  1.894592e-01
 3.50000e+00 -8.00000e-01       2.032e+15  9.178411e-01  0.000000e+00 -8.972309e-02  8.215886e-02
 4.20000e+00 -8.00000e-01       1.162e+15  9.535744e-01  0.000000e+00  9.961680e-02  4.642557e-02
 4.90000e+00 -8.00000e-01       3.808e+14  9.212209e-01  0.000000e+00  2.981195e-01  7.877910e-02
 5.60000e+00 -8.00000e-01       7.436e+13  8.406673e-01  0.000000e+00  4.830909e-01  1.593327e-01
 6.30000e+00 -8.00000e-01       8.903e+12  7.178906e-01  0.000000e+00  6.487927e-01  2.821094e-01
 7.00000e+00 -8.00000e-01       6.545e+11  5.555986e-01  0.000000e+00  7.872226e-01  4.444014e-01
-7.00000e+00 -4.00000e-01       6.180e+11  7.579300e-01  0.000000e+00 -6.115299e-01  2.420700e-01
-6.30000e+00 -4.00000e-01       9.360e+12  8.581245e-01  0.000000e+00 -4.775251e-01  1.418755e-01
-5.60000e+00 -4.00000e-01       8.608e+13  9.231026e-01  0.000000e+00 -3.484427e-01  7.689737e-02
-4.90000e+00 -4.00000e-01       4.833e+14  9.626207e-01  0.000000e+00 -2.262317e-01  3.737932e-02
-4.20000e+00 -4.00000e-01       1.622e+15  9.823490e-01  0.000000e+00 -1.092716e-01  1.765104e-02
-3.50000e+00 -4.00000e-01       3.096e+15  9.824114e-01  0.000000e+00  1.495119e-03  1.758865e-02
-2.80000e+00 -4.00000e-01       3.461e+15  9.562738e-01  0.000000e+00  6.356695e-02  4.372620e-02
-2.10000e+00 -4.00000e-01       3.348e+15  9.201772e-01  0.000000e+00 -2.012857e-02  7.982280e-02
-1.40000e+00 -4.00000e-01       2.782e+15  8.742250e-01  0.000000e+00 -3.117914e-02  1.257750e-01
-7.00000e-01 -4.00000e-01       1.142e+15  7.457553e-01  0.000000e+00  1.424357e-01  2.542447e-01
 0.00000e+00 -4.00000e-01       4.012e+14  5.713567e-01  0.000000e+00 -2.063646e-14  4.286433e-01
 7.00000e-01 -4.00000e-01       1.142e+15  7.457553e-01  0.000000e+00 -1.424357e-01  2.542447e-01
 1.40000e+00 -4.00000e-01       2.782e+15  8.742250e-01  0.000000e+00  3.117914e-02  1.257750e-01
 2.10000e+00 -4.00000e-01       3.348e+15  9.201772e-01  0.000000e+00  2.012857e-02  7.982280e-02
 2.80000e+00 -4.00000e-01       3.461e+15  9.562738e-01  0.000000e+00 -6.356695e-02  4.372620e-02
 3.50000e+00 -4.00000e-01       3.096e+15  9.824114e-01  0.000000e+00 -1.495119e-03  1.758865e-02
 4.20000e+00 -4.00000e-01       1.622e+15  9.823490e-01  0.000000e+00  1.092716e-01  1.765104e-02
 4.90000e+00 -4.00000e-01       4.833e+14  9.626207e-01  0.000000e+00  2.262317e-01  3.737932e-02
 5.60000e+00 -4.00000e-01       8.608e+13  9.231026e-01  0.000000e+00  3.484427e-01  7.689737e-02
 6.30000e+00 -4.00000e-01       9.360e+12  8.581245e-01  0.000000e+00  4.775251e-01  1.418755e-01
 7.00000e+00 -4.00000e-01       6.180e+11  7.579300e-01  0.000000e+00  6.115299e-01  2.420700e-01
-7.00000e+00  0.00000e+00       5.367e+11  9.997749e-01  0.000000e+00  5.618020e-11  2.251107e-04
-6.30000e+00  0.00000e+00       8.837e+12  9.998780e-01  0.000000e+00  1.314721e-11  1.220321e-04
-5.60000e+00  0.00000e+00       8.627e+13  9.999369e-01  0.000000e+00  4.627976e-12  6.308083e-05
-4.90000e+00  0.00000e+00       5.079e+14  9.999701e-01  0.000000e+00  2.050746e-12  2.986468e-05
-4.20000e+00  0.00000e+00       1.778e+15  9.999866e-01  0.000000e+00  9.061644e-13  1.338280e-05
-3.50000e+00  0.00000e+00       3.517e+15  9.999892e-01  0.000000e+00  5.078467e-13  1.084290e-05
-2.80000e+00  0.00000e+00       3.932e+15  9.999739e-01  0.000000e+00  4.859681e-13  2.607972e-05
-2.10000e+00  0.00000e+00       3.565e+15  9.999487e-01  0.000000e+00  5.540337e-13  5.125619e-05
-1.40000e+00  0.00000e+00       3.389e+15  9.999173e-01  0.000000e+00  5.302495e-13  8.273526e-05
-7.00000e-01  0.00000e+00       1.962e+15  9.997352e-01  0.000000e+00  5.360403e-13  2.647848e-04
 0.00000e+00  0.00000e+00       8.989e+14  9.992597e-01  0.000000e+00 -5.933387e-17  7.403340e-04
 7.00000e-01  0.00000e+00       1.962e+15  9.997352e-01  0.000000e+00 -5.360525e-13  2.647848e-04
 1.40000e+00  0.00000e+00       3.389e+15  9.999173e-01  0.000000e+00 -5.302426e-13  8.273526e-05
 2.10000e+00  0.00000e+00       3.565e+15  9.999487e-01  0.000000e+00 -5.540558e-13  5.125619e-05
 2.80000e+00  0.00000e+00       3.932e+15  9.999739e-01  0.000000e+00 -4.860080e-13  2.607972e-05
 3.50000e+00  0.00000e+00       3.517e+15  9.999892e-01  0.000000e+00 -5.078118e-13  1.084290e-05
 4.20000e+00  0.00000e+00       1.778e+15  9.999866e-01  0.000000e+00 -9.059985e-13  1.338280e-05
 4.90000e+00  0.00000e+00       5.079e+14  9.999701e-01  0.000000e+00 -2.050407e-12  2.986468e-05
 5.60000e+00  0.00000e+00       8.627e+13  9.999369e-01  0.000000e+00 -4.627387e-12  6.308083e-05
 6.30000e+00  0.00000e+00       8.837e+12  9.998780e-01  0.000000e+00 -1.314635e-11  1.220321e-04
 7.00000e+00  0.00000e+00       5.367e+11  9.997749e-01  0.000000e+00 -5.617893e-11  2.251107e-04
-7.00000e+00  4.00000e-01       6.180e+11  7.579300e-01  0.000000e+00  6.115299e-01  2.420700e-01
-6.30000e+00  4.00000e-01       9.360e+12  8.581245e-01  0.000000e+00  4.775251e-01  1.418755e-01
-5.60000e+00  4.00000e-01       8.608e+13  9.231026e-01  0.000000e+00  3.484427e-01  7.689737e-02
-4.90000e+00  4.00000e-01       4.833e+14  9.626207e-01  0.000000e+00  2.262317e-01  3.737932e-02
-4.20000e+00  4.00000e-01       1.622e+15  9.823490e-01  0.000000e+00  1.092716e-01  1.765104e-02
-3.50000e+00  4.00000e-01       3.096e+15  9.824114e-01  0.000000e+00 -1.495119e-03  1.758865e-02
-2.80000e+00  4.00000e-01       3.461e+15  9.562738e-01  0.000000e+00 -6.356695e-02  4.372620e-02
-2.10000e+00  4.00000e-01       3.348e+15  9.201772e-01  0.000000e+00  2.012857e-02  7.982280e-02
-1.40000e+00  4.00000e-01       2.782e+15  8.742250e-01  0.000000e+00  3.117914e-02  1.257750e-01
-7.00000e-01  4.00000e-01       1.142e+15  7.457553e-01  0.000000e+00 -1.424357e-01  2.542447e-01
 0.00000e+00  4.00000e-01       4.012e+14  5.713567e-01  0.000000e+00  2.064904e-14  4.286433e-01
 7.00000e-01  4.00000e-01       1.142e+15  7.457553e-01  0.000000e+00  1.424357e-01  2.542447e-01
 1.40000e+00  4.00000e-01       2.782e+15  8.742250e-01  0.000000e+00 -3.117914e-02  1.257750e-01
 2.10000e+00  4.00000e-01       3.348e+15  9.201772e-01  0.000000e+00 -2.012857e-02  7.982280e-02
 2.80000e+00  4.00000e-01       3.461e+15  9.562738e-01  0.000000e+00  6.356695e-02  4.372620e-02
 3.50000e+00  4.00000e-01       3.096e+15  9.824114e-01  0.000000e+00  1.495119e-03  1.758865e-02
 4.20000e+00  4.00000e-01       1.622e+15  9.823490e-01  0.000000e+00 -1.092716e-01  1.765104e-02
 4.90000e+00  4.00000e-01       4.833e+14  9.626207e-01  0.000000e+00 -2.262317e-01  3.737932e-02
 5.60000e+00  4.00000e-01       8.608e+13  9.231026e-01  0.000000e+00 -3.484427e-01  7.689737e-02
 6.30000e+00  4.00000e-01       9.360e+12  8.581245e-01  0.000000e+00 -4.775251e-01  1.418755e-01
 7.00000e+00  4.00000e-01       6.180e+11  7.579300e-01  0.000000e+00 -6.115299e-01  2.420700e-01
-7.00000e+00  8.00000e-01       6.545e+11  5.555986e-01  0.000000e+00  7.872226e-01  4.444014e-01
-6.30000e+00  8.00000e-01       8.903e+12  7.178906e-01  0.000000e+00  6.487927e-01  2.821094e-01
-5.60000e+00  8.00000e-01       7.436e+13  8.406673e-01  0.000000e+00  4.830909e-01  1.593327e-01
-4.90000e+00  8.00000e-01       3.808e+14  9.212209e-01  0.000000e+00  2.981195e-01  7.877910e-02
-4.20000e+00  8.00000e-01       1.162e+15  9.535744e-01  0.000000e+00  9.961680e-02  4.642557e-02
-3.50000e+00  8.00000e-01       2.032e+15  9.178411e-01  0.000000e+00 -8.972309e-02  8.215886e-02
-2.80000e+00  8.00000e-01       2.384e+15  8.105408e-01  0.000000e+00 -1.295314e-01  1.894592e-01
-2.10000e+00  8.00000e-01       3.571e+15  8.449656e-01  0.000000e+00  4.712281e-02  1.550344e-01
-1.40000e+00  8.00000e-01       6.056e+15  9.365457e-01  0.000000e+00  1.449056e-01  6.345431e-02
-7.00000e-01  8.00000e-01       6.805e+15  9.542599e-01  0.000000e+00  1.964448e-01  4.574008e-02
 0.00000e+00  8.00000e-01       5.708e+15  9.531821e-01  0.000000e+00  5.112168e-15  4.681790e-02
 7.00000e-01  8.00000e-01       6.805e+15  9.542599e-01  0.000000e+00 -1.964448e-01  4.574008e-02
 1.40000e+00  8.00000e-01       6.056e+15  9.365457e-01  0.000000e+00 -1.449056e-01  6.345431e-02
 2.10000e+00  8.00000e-01       3.571e+15  8.449656e-01  0.000000e+00 -4.712281e-02  1.550344e-01
 2.80000e+00  8.00000e-01       2.384e+15  8.105408e-01  0.000000e+00  1.295314e-01  1.894592e-01
 3.50000e+00  8.00000e-01       2.032e+15  9.178411e-01  0.000000e+00  8.972309e-02  8.215886e-02
 4.20000e+00  8.00000e-01       1.162e+15  9.535744e-01  0.000000e+00 -9.961680e-02  4.642557e-02
 4.90000e+00  8.00000e-01       3.808e+14  9.212209e-01  0.000000e+00 -2.981195e-01  7.877910e-02
 5.60000e+00  8.00000e-01       7.436e+13  8.406673e-01  0.000000e+00 -4.830909e-01  1.593327e-01
 6.30000e+00  8.00000e-01       8.903e+12  7.178906e-01  0.000000e+00 -6.487927e-01  2.821094e-01
 7.00000e+00  8.00000e-01       6.545e+11  5.555986e-01  0.000000e+00 -7.872226e-01  4.444014e-01
-7.00000e+00  1.20000e+00       4.465e+11  6.087087e-01  0.000000e+00  7.481566e-01  3.912913e-01
-6.30000e+00  1.20000e+00       5.730e+12  7.577121e-01  0.000000e+00  5.942596e-01  2.422879e-01
-5.60000e+00  1.20000e+00       4.441e+13  8.701929e-01  0.000000e+00  3.980074e-01  1.298071e-01
-4.90000e+00  1.20000e+00       2.063e+14  9.277010e-01  0.000000e+00  1.631211e-01  7.229903e-02
-4.20000e+00  1.20000e+00       5.608e+14  8.937582e-01  0.000000e+00 -9.306504e-02  1.062418e-01
-3.50000e+00  1.20000e+00       9.226e+14  7.137163e-01  0.000000e+00 -2.528824e-01  2.862837e-01
-2.80000e+00  1.20000e+00       1.295e+15  5.449743e-01  0.000000e+00 -4.123705e-02  4.550257e-01
-2.10000e+00  1.20000e+00       1.864e+15  5.782799e-01  0.000000e+00  1.425750e-01  4.217201e-01
-1.40000e+00  1.20000e+00       1.556e+15  4.038268e-01  0.000000e+00  7.762626e-02  5.961732e-01
-7.00000e-01  1.20000e+00       5.956e+14  7.290183e-03  0.000000e+00 -2.932926e-02  9.927098e-01
 0.00000e+00  1.20000e+00       2.151e+14 -1.926932e-01  0.000000e+00 -8.544928e-15  8.073068e-01
 7.00000e-01  1.20000e+00       5.956e+14  7.290183e-03  0.000000e+00  2.932926e-02  9.927098e-01
 1.40000e+00  1.20000e+00       1.556e+15  4.038268e-01  0.000000e+00 -7.762626e-02  5.961732e-01
 2.10000e+00  1.20000e+00       1.864e+15  5.782799e-01  0.000000e+00 -1.425750e-01  4.217201e-01
 2.80000e+00  1.20000e+00       1.295e+15  5.449743e-01  0.000000e+00  4.123705e-02  4.550257e-01
 3.50000e+00  1.20000e+00       9.226e+14  7.137163e-01  0.000000e+00  2.528824e-01  2.862837e-01
 4.20000e+00  1.20000e+00       5.608e+14  8.937582e-01  0.000000e+00  9.306504e-02  1.062418e-01
 4.90000e+00  1.20000e+00       2.063e+14  9.277010e-01  0.000000e+00 -1.631211e-01  7.229903e-02
 5.60000e+00  1.20000e+00       4.441e+13  8.701929e-01  0.000000e+00 -3.980074e-01  1.298071e-01
 6.30000e+00  1.20000e+00       5.730e+12  7.577121e-01  0.000000e+00 -5.942596e-01  2.422879e-01
 7.00000e+00  1.20000e+00       4.465e+11  6.087087e-01  0.000000e+00 -7.481566e-01  3.912913e-01
-7.00000e+00  1.60000e+00       1.724e+11  7.966257e-01  0.000000e+00  5.310608e-01  2.033743e-01
-6.30000e+00  1.60000e+00       2.125e+12  8.925209e-01  0.000000e+00  3.291791e-01  1.074791e-01
-5.60000e+00  1.60000e+00       1.539e+13  9.265140e-01  0.000000e+00  7.655381e-02  7.348595e-02
-4.90000e+00  1.60000e+00       6.500e+13  8.493277e-01  0.000000e+00 -2.047933e-01  1.506723e-01
-4.20000e+00  1.60000e+00       1.651e+14  5.880488e-01  0.000000e+00 -3.898998e-01  4.119512e-01
-3.50000e+00  1.60000e+00       3.199e+14  3.012964e-01  0.000000e+00 -1.599740e-01  6.987036e-01
-2.80000e+00  1.60000e+00       6.317e+14  4.154493e-01  0.000000e+00  1.443993e-01  5.845507e-01
-2.10000e+00  1.60000e+00       9.318e+14  4.006466e-01  0.000000e+00  2.530297e-02  5.993534e-01
-1.40000e+00  1.60000e+00       9.654e+14 -9.657020e-02  0.000000e+00 -3.217785e-01  9.034298e-01
-7.00000e-01  1.60000e+00       9.709e+14 -4.652154e-01  0.000000e+00 -5.240905e-01  5.347846e-01
 0.00000e+00  1.60000e+00       8.874e+14 -5.140898e-01  0.000000e+00 -1.500829e-15  4.859102e-01
 7.00000e-01  1.60000e+00       9.709e+14 -4.652154e-01  0.000000e+00  5.240905e-01  5.347846e-01
 1.40000e+00  1.60000e+00       9.654e+14 -9.657020e-02  0.000000e+00  3.217785e-01  9.034298e-01
 2.10000e+00  1.60000e+00       9.318e+14  4.006466e-01  0.000000e+00 -2.530297e-02  5.993534e-01
 2.80000e+00  1.60000e+00       6.317e+14  4.154493e-01  0.000000e+00 -1.443993e-01  5.845507e-01
 3.50000e+00  1.60000e+00       3.199e+14  3.012964e-01  0.000000e+00  1.599740e-01  6.987036e-01
 4.20000e+00  1.60000e+00       1.651e+14  5.880488e-01  0.000000e+00  3.898998e-01  4.119512e-01
 4.90000e+00  1.60000e+00       6.500e+13  8.493277e-01  0.000000e+00  2.047933e-01  1.506723e-01
 5.60000e+00  1.60000e+00       1.539e+13  9.265140e-01  0.000000e+00 -7.655381e-02  7.348595e-02
 6.30000e+00  1.60000e+00       2.125e+12  8.925209e-01  0.000000e+00 -3.291791e-01  1.074791e-01
 7.00000e+00  1.60000e+00       1.724e+11  7.966257e-01  0.000000e+00 -5.310608e-01  2.033743e-01
-7.00000e+00  2.00000e+00       3.451e+10  9.148524e-01  0.000000e+00  4.833803e-02  8.514760e-02
-6.30000e+00  2.00000e+00       4.029e+11  8.768875e-01  0.000000e+00 -2.103321e-01  1.231125e-01
-5.60000e+00  2.00000e+00       2.746e+12  6.749287e-01  0.000000e+00 -4.677432e-01  3.250713e-01
-4.90000e+00  2.00000e+00       1.150e+13  2.823984e-01  0.000000e+00 -5.254059e-01  7.176016e-01
-4.20000e+00  2.00000e+00       3.660e+13  1.220768e-02  0.000000e+00 -1.189101e-01  9.877923e-01
-3.50000e+00  2.00000e+00       1.065e+14  2.717134e-01  0.000000e+00  2.283812e-01  7.282866e-01
-2.80000e+00  2.00000e+00       2.301e+14  4.767085e-01  0.000000e+00  1.266870e-01  5.232915e-01
-2.10000e+00  2.00000e+00       3.266e+14  2.491895e-01  0.000000e+00  7.890409e-02  7.508105e-01
-1.40000e+00  2.00000e+00       3.512e+14 -2.609152e-01  0.000000e+00  5.802377e-02  7.390848e-01
-7.00000e-01  2.00000e+00       2.656e+14 -6.280032e-01  0.000000e+00 -1.316560e-01  3.719968e-01
 0.00000e+00  2.00000e+00       1.683e+14 -7.315353e-01  0.000000e+00 -6.840788e-15  2.684647e-01
 7.00000e-01  2.00000e+00       2.656e+14 -6.280032e-01  0.000000e+00  1.316560e-01  3.719968e-01
 1.40000e+00  2.00000e+00       3.512e+14 -2.609152e-01  0.000000e+00 -5.802377e-02  7.390848e-01
 2.10000e+00  2.00000e+00       3.266e+14  2.491895e-01  0.000000e+00 -7.890409e-02  7.508105e-01
 2.80000e+00  2.00000e+00       2.301e+14  4.767085e-01  0.000000e+00 -1.266870e-01  5.232915e-01
 3.50000e+00  2.00000e+00       1.065e+14  2.717134e-01  0.000000e+00 -2.283812e-01  7.282866e-01
 4.20000e+00  2.00000e+00       3.660e+13  1.220768e-02  0.000000e+00  1.189101e-01  9.877923e-01
 4.90000e+00  2.00000e+00       1.150e+13  2.823984e-01  0.000000e+00  5.254059e-01  7.176016e-01
 5.60000e+00  2.00000e+00       2.746e+12  6.749287e-01  0.000000e+00  4.677432e-01  3.250713e-01
 6.30000e+00  2.00000e+00       4.029e+11  8.768875e-01  0.000000e+00  2.103321e-01  1.231125e-01
 7.00000e+00  2.00000e+00       3.451e+10  9.148524e-01  0.000000e+00 -4.833803e-02  8.514760e-02
-7.00000e+00  2.40000e+00       3.696e+09  3.805177e-01  0.000000e+00 -5.957303e-01  6.194823e-01
-6.30000e+00  2.40000e+00       3.904e+10  1.215996e-01  0.000000e+00 -6.628195e-01  8.784004e-01
-5.60000e+00  2.40000e+00       2.988e+11 -2.425552e-01  0.000000e+00 -3.464245e-01  7.574448e-01
-4.90000e+00  2.40000e+00       1.778e+12 -1.580356e-01  0.000000e+00  2.084304e-01  8.419644e-01
-4.20000e+00  2.40000e+00       8.147e+12  2.854210e-01  0.000000e+00  3.462891e-01  7.145790e-01
-3.50000e+00  2.40000e+00       2.457e+13  4.843822e-01  0.000000e+00  8.323266e-02  5.156178e-01
-2.80000e+00  2.40000e+00       5.045e+13  4.007564e-01  0.000000e+00 -6.084845e-02  5.992436e-01
-2.10000e+00  2.40000e+00       9.122e+13  5.258017e-01  0.000000e+00  1.080794e-01  4.741983e-01
-1.40000e+00  2.40000e+00       1.364e+14  7.053164e-01  0.000000e+00  3.626214e-01  2.946836e-01
-7.00000e-01  2.40000e+00       1.177e+14  7.305773e-01  0.000000e+00  5.033253e-01  2.694227e-01
 0.00000e+00  2.40000e+00       7.566e+13  7.201131e-01  0.000000e+00  6.602555e-15  2.798869e-01
 7.00000e-01  2.40000e+00       1.177e+14  7.305773e-01  0.000000e+00 -5.033253e-01  2.694227e-01
 1.40000e+00  2.40000e+00       1.364e+14  7.053164e-01  0.000000e+00 -3.626214e-01  2.946836e-01
 2.10000e+00  2.40000e+00       9.122e+13  5.258017e-01  0.000000e+00 -1.080794e-01  4.741983e-01
 2.80000e+00  2.40000e+00       5.045e+13  4.007564e-01  0.000000e+00  6.084845e-02  5.992436e-01
 3.50000e+00  2.40000e+00       2.457e+13  4.843822e-01  0.000000e+00 -8.323266e-02  5.156178e-01
 4.20000e+00  2.40000e+00       8.147e+12  2.854210e-01  0.000000e+00 -3.462891e-01  7.145790e-01
 4.90000e+00  2.40000e+00       1.778e+12 -1.580356e-01  0.000000e+00 -2.084304e-01  8.419644e-01
 5.60000e+00  2.40000e+00       2.988e+11 -2.425552e-01  0.000000e+00  3.464245e-01  7.574448e-01
 6.30000e+00  2.40000e+00       3.904e+10  1.215996e-01  0.000000e+00  6.628195e-01  8.784004e-01
 7.00000e+00  2.40000e+00       3.696e+09  3.805177e-01  0.000000e+00  5.957303e-01  6.194823e-01
-7.00000e+00  2.80000e+00       6.348e+08 -6.319757e-01  0.000000e+00 -2.170130e-01  3.680243e-01
-6.30000e+00  2.80000e+00       4.077e+09 -4.299281e-01  0.000000e+00  2.885322e-01  5.700719e-01
-5.60000e+00  2.80000e+00       3.634e+10  8.707227e-02  0.000000e+00  5.224878e-01  9.129277e-01
-4.90000e+00  2.80000e+00       2.459e+11  4.794227e-01  0.000000e+00  2.885982e-01  5.205773e-01
-4.20000e+00  2.80000e+00       1.043e+12  4.642231e-01  0.000000e+00 -6.240969e-02  5.357769e-01
-3.50000e+00  2.80000e+00       3.021e+12  2.297978e-01  0.000000e+00 -8.974302e-02  7.702022e-01
-2.80000e+00  2.80000e+00       7.015e+12  1.915813e-01  0.000000e+00  9.941973e-02  8.084187e-01
-2.10000e+00  2.80000e+00       1.235e+13 -1.743680e-02  0.000000e+00  1.990480e-01  9.825632e-01
-1.40000e+00  2.80000e+00       1.702e+13 -5.338690e-01  0.000000e+00  2.852327e-01  4.661310e-01
-7.00000e-01  2.80000e+00       1.718e+13 -7.818215e-01  0.000000e+00  2.705743e-01  2.181785e-01
 0.00000e+00  2.80000e+00       1.360e+13 -7.883753e-01  0.000000e+00  1.436262e-18  2.116247e-01
 7.00000e-01  2.80000e+00       1.718e+13 -7.818215e-01  0.000000e+00 -2.705743e-01  2.181785e-01
 1.40000e+00  2.80000e+00       1.702e+13 -5.338690e-01  0.000000e+00 -2.852327e-01  4.661310e-01
 2.10000e+00  2.80000e+00       1.235e+13 -1.743680e-02  0.000000e+00 -1.990480e-01  9.825632e-01
 2.80000e+00  2.80000e+00       7.015e+12  1.915813e-01  0.000000e+00 -9.941973e-02  8.084187e-01
 3.50000e+00  2.80000e+00       3.021e+12  2.297978e-01  0.000000e+00  8.974302e-02  7.702022e-01
 4.20000e+00  2.80000e+00       1.043e+12  4.642231e-01  0.000000e+00  6.240969e-02  5.357769e-01
 4.90000e+00  2.80000e+00       2.459e+11  4.794227e-01  0.000000e+00 -2.885982e-01  5.205773e-01
 5.60000e+00  2.80000e+00       3.634e+10  8.707227e-02  0.000000e+00 -5.224878e-01  9.129277e-01
 6.30000e+00  2.80000e+00       4.077e+09 -4.299281e-01  0.000000e+00 -2.885322e-01  5.700719e-01
 7.00000e+00  2.80000e+00       6.348e+08 -6.319757e-01  0.000000e+00  2.170130e-01  3.680243e-01
-7.00000e+00  3.20000e+00       3.500e+08 -6.934460e-01  0.000000e+00 -8.861570e-02  3.065540e-01
-6.30000e+00  3.20000e+00       9.669e+08 -3.997003e-01  0.000000e+00  2.091261e-01  6.002997e-01
-5.60000e+00  3.20000e+00       4.004e+09  1.330157e-01  0.000000e+00  8.035182e-02  8.669843e-01
-4.90000e+00  3.20000e+00       2.107e+10  1.081071e-01  0.000000e+00 -1.158434e-01  8.918929e-01
-4.20000e+00  3.20000e+00       9.571e+10 -7.691908e-03  0.000000e+00 -8.923107e-03  9.923081e-01
-3.50000e+00  3.20000e+00       3.434e+11  2.108552e-01  0.000000e+00  9.139882e-03  7.891448e-01
-2.80000e+00  3.20000e+00       8.651e+11  2.447541e-01  0.000000e+00 -7.112100e-03  7.552459e-01
-2.10000e+00  3.20000e+00       1.496e+12  1.119697e-01  0.000000e+00  9.720173e-03  8.880303e-01
-1.40000e+00  3.20000e+00       3.146e+12  3.804506e-01  0.000000e+00 -6.894446e-02  6.195494e-01
-7.00000e-01  3.20000e+00       9.856e+12  6.149194e-01  0.000000e+00 -2.619672e-02  3.850806e-01
 0.00000e+00  3.20000e+00       1.590e+13  6.362737e-01  0.000000e+00 -9.555260e-16  3.637263e-01
 7.00000e-01  3.20000e+00       9.856e+12  6.149194e-01  0.000000e+00  2.619672e-02  3.850806e-01
 1.40000e+00  3.20000e+00       3.146e+12  3.804506e-01  0.000000e+00  6.894446e-02  6.195494e-01
 2.10000e+00  3.20000e+00       1.496e+12  1.119697e-01  0.000000e+00 -9.720173e-03  8.880303e-01
 2.80000e+00  3.20000e+00       8.651e+11  2.447541e-01  0.000000e+00  7.112100e-03  7.552459e-01
 3.50000e+00  3.20000e+00       3.434e+11  2.108552e-01  0.000000e+00 -9.139882e-03  7.891448e-01
 4.20000e+00  3.20000e+00       9.571e+10 -7.691908e-03  0.000000e+00  8.923107e-03  9.923081e-01
 4.90000e+00  3.20000e+00       2.107e+10  1.081071e-01  0.000000e+00  1.158434e-01  8.918929e-01
 5.60000e+00  3.20000e+00       4.004e+09  1.330157e-01  0.000000e+00 -8.035182e-02  8.669843e-01
 6.30000e+00  3.20000e+00       9.669e+08 -3.997003e-01  0.000000e+00 -2.091261e-01  6.002997e-01
 7.00000e+00  3.20000e+00       3.500e+08 -6.934460e-01  0.000000e+00  8.861570e-02  3.065540e-01
-7.00000e+00  3.60000e+00       2.674e+08 -7.469746e-01  0.000000e+00 -3.390684e-02  2.530254e-01
-6.30000e+00  3.60000e+00       5.642e+08 -6.196465e-01  0.000000e+00  2.671456e-01  3.803535e-01
-5.60000e+00  3.60000e+00       1.243e+09 -3.784753e-01  0.000000e+00  4.789658e-01  6.215247e-01
-4.90000e+00  3.60000e+00       2.893e+09 -3.352881e-02  0.000000e+00  5.068808e-01  9.664712e-01
-4.20000e+00  3.60000e+00       7.300e+09  2.431351e-01  0.000000e+00  3.014865e-01  7.568649e-01
-3.50000e+00  3.60000e+00       1.813e+10  2.390667e-01  0.000000e+00  1.200939e-01  7.609333e-01
-2.80000e+00  3.60000e+00       4.237e+10  1.580666e-01  0.000000e+00  1.480231e-01  8.419334e-01
-2.10000e+00  3.60000e+00       8.609e+10 -1.198848e-02  0.000000e+00  1.610533e-01  9.880115e-01
-1.40000e+00  3.60000e+00       1.274e+11 -2.545688e-01  0.000000e+00  1.317208e-01  7.454312e-01
-7.00000e-01  3.60000e+00       1.454e+11 -1.933115e-01  0.000000e+00  3.868037e-02  8.066885e-01
 0.00000e+00  3.60000e+00       1.720e+11  1.088568e-01  0.000000e+00  1.687836e-15  8.911432e-01
 7.00000e-01  3.60000e+00       1.454e+11 -1.933115e-01  0.000000e+00 -3.868037e-02  8.066885e-01
 1.40000e+00  3.60000e+00       1.274e+11 -2.545688e-01  0.000000e+00 -1.317208e-01  7.454312e-01
 2.10000e+00  3.60000e+00       8.609e+10 -1.198848e-02  0.000000e+00 -1.610533e-01  9.880115e-01
 2.80000e+00  3.60000e+00       4.237e+10  1.580666e-01  0.000000e+00 -1.480231e-01  8.419334e-01
 3.50000e+00  3.60000e+00       1.813e+10  2.390667e-01  0.000000e+00 -1.200939e-01  7.609333e-01
 4.20000e+00  3.60000e+00       7.300e+09  2.431351e-01  0.000000e+00 -3.014865e-01  7.568649e-01
 4.90000e+00  3.60000e+00       2.893e+09 -3.352881e-02  0.000000e+00 -5.068808e-01  9.664712e-01
 5.60000e+00  3.60000e+00       1.243e+09 -3.784753e-01  0.000000e+00 -4.789658e-01  6.215247e-01
 6.30000e+00  3.60000e+00       5.642e+08 -6.196465e-01  0.000000e+00 -2.671456e-01  3.803535e-01
 7.00000e+00  3.60000e+00       2.674e+08 -7.469746e-01  0.000000e+00  3.390684e-02  2.530254e-01
-7.00000e+00  4.00000e+00       1.920e+08 -7.404590e-01  0.000000e+00  1.059857e-01  2.595410e-01
-6.30000e+00  4.00000e+00       4.884e+08 -5.934753e-01  0.000000e+00  3.754973e-01  4.065247e-01
-5.60000e+00  4.00000e+00       1.111e+09 -3.909820e-01  0.000000e+00  5.400862e-01  6.090180e-01
-4.90000e+00  4.00000e+00       2.098e+09 -1.058550e-01  0.000000e+00  6.006854e-01  8.941450e-01
-4.20000e+00  4.00000e+00       3.457e+09  1.690857e-01  0.000000e+00  5.469733e-01  8.309143e-01
-3.50000e+00  4.00000e+00       4.610e+09  3.253699e-01  0.000000e+00  4.783394e-01  6.746301e-01
-2.80000e+00  4.00000e+00       5.493e+09  5.151253e-01  0.000000e+00  4.021553e-01  4.848747e-01
-2.10000e+00  4.00000e+00       1.313e+10  7.250454e-01  0.000000e+00  6.347711e-02  2.749546e-01
-1.40000e+00  4.00000e+00       2.801e+10  4.653866e-01  0.000000e+00  4.019889e-02  5.346134e-01
-7.00000e-01  4.00000e+00       3.800e+10  6.954601e-01  0.000000e+00 -2.718374e-02  3.045399e-01
 0.00000e+00  4.00000e+00       8.307e+10  4.456217e-01  0.000000e+00 -1.420408e-16  5.543783e-01
 7.00000e-01  4.00000e+00       3.800e+10  6.954601e-01  0.000000e+00  2.718374e-02  3.045399e-01
 1.40000e+00  4.00000e+00       2.801e+10  4.653866e-01  0.000000e+00 -4.019889e-02  5.346134e-01
 2.10000e+00  4.00000e+00       1.313e+10  7.250454e-01  0.000000e+00 -6.347711e-02  2.749546e-01
 2.80000e+00  4.00000e+00       5.493e+09  5.151253e-01  0.000000e+00 -4.021553e-01  4.848747e-01
 3.50000e+00  4.00000e+00       4.610e+09  3.253699e-01  0.000000e+00 -4.783394e-01  6.746301e-01
 4.20000e+00  4.00000e+00       3.457e+09  1.690857e-01  0.000000e+00 -5.469733e-01  8.309143e-01
 4.90000e+00  4.00000e+00       2.098e+09 -1.058550e-01  0.000000e+00 -6.006854e-01  8.941450e-01
 5.60000e+00  4.00000e+00       1.111e+09 -3.909820e-01  0.000000e+00 -5.400862e-01  6.090180e-01
 6.30000e+00  4.00000e+00       4.884e+08 -5.934753e-01  0.000000e+00 -3.754973e-01  4.065247e-01
 7.00000e+00  4.00000e+00       1.920e+08 -7.404590e-01  0.000000e+00 -1.059857e-01  2.595410e-01
