 EB(GeV)    EMITTANCEx EMITTANCEy SIZEx(m)   SIZEy(m)   DIVx(rad)  DIVy(rad)
 2.411e+00  5.499e-09  1.017e-12  8.711e-05  1.009e-06  6.313e-05  1.009e-06
 betax      alphax     betay      alphay     eta        deta       E_spread  
 1.380e+00  0.000e+00  1.000e+00  0.000e+00  0.000e+00  0.000e+00  8.600e-04
 Ibeam(A)   period(cm) #periods   Kx         Ky         Energy(eV)
 4.005e-01  1.900e+00         96  0.000e+00  1.780e+00  1.641e+03


           x            y       F.Density            PL            PC          PL45        1-|PL|
          mm           mm  ph/s/mr^2/0.1%             -             -             -             -
-7.00000e+00 -4.00000e+00       4.530e+12  3.976604e-01  0.000000e+00 -8.781239e-01  6.023396e-01
-6.30000e+00 -4.00000e+00       1.435e+13  6.155702e-01  0.000000e+00 -7.305494e-01  3.844298e-01
-5.60000e+00 -4.00000e+00       3.718e+13  8.008894e-01  0.000000e+00 -4.953091e-01  1.991106e-01
-4.90000e+00 -4.00000e+00       7.886e+13  8.995231e-01  0.000000e+00 -1.691909e-01  1.004769e-01
-4.20000e+00 -4.00000e+00       1.398e+14  8.591922e-01  0.000000e+00  2.433820e-01  1.408078e-01
-3.50000e+00 -4.00000e+00       1.941e+14  5.947458e-01  0.000000e+00  4.744233e-01  4.052542e-01
-2.80000e+00 -4.00000e+00       2.549e+14 -3.483104e-01  0.000000e+00  3.938447e-01  6.516896e-01
-2.10000e+00 -4.00000e+00       3.501e+14 -8.697166e-01  0.000000e+00  3.064812e-01  1.302834e-01
-1.40000e+00 -4.00000e+00       2.029e+14 -9.282144e-01  0.000000e+00  2.784176e-01  7.178556e-02
-7.00000e-01 -4.00000e+00       3.872e+13 -8.741609e-01  0.000000e+00  2.134907e-01  1.258391e-01
 0.00000e+00 -4.00000e+00       6.466e+12 -5.120859e-01  0.000000e+00  5.312511e-15  4.879141e-01
 7.00000e-01 -4.00000e+00       3.872e+13 -8.741609e-01  0.000000e+00 -2.134907e-01  1.258391e-01
 1.40000e+00 -4.00000e+00       2.029e+14 -9.282144e-01  0.000000e+00 -2.784176e-01  7.178556e-02
 2.10000e+00 -4.00000e+00       3.501e+14 -8.697166e-01  0.000000e+00 -3.064812e-01  1.302834e-01
 2.80000e+00 -4.00000e+00       2.549e+14 -3.483104e-01  0.000000e+00 -3.938447e-01  6.516896e-01
 3.50000e+00 -4.00000e+00       1.941e+14  5.947458e-01  0.000000e+00 -4.744233e-01  4.052542e-01
 4.20000e+00 -4.00000e+00       1.398e+14  8.591922e-01  0.000000e+00 -2.433820e-01  1.408078e-01
 4.90000e+00 -4.00000e+00       7.886e+13  8.995231e-01  0.000000e+00  1.691909e-01  1.004769e-01
 5.60000e+00 -4.00000e+00       3.718e+13  8.008894e-01  0.000000e+00  4.953091e-01  1.991106e-01
 6.30000e+00 -4.00000e+00       1.435e+13  6.155702e-01  0.000000e+00  7.305494e-01  3.844298e-01
 7.00000e+00 -4.00000e+00       4.530e+12  3.976604e-01  0.000000e+00  8.781239e-01  6.023396e-01
-7.00000e+00 -3.60000e+00       1.089e+13 -1.894173e-02  0.000000e+00 -9.687718e-01  9.810583e-01
-6.30000e+00 -3.60000e+00       3.397e+13  2.300451e-01  0.000000e+00 -9.335788e-01  7.699549e-01
-5.60000e+00 -3.60000e+00       8.776e+13  4.868087e-01  0.000000e+00 -8.171267e-01  5.131913e-01
-4.90000e+00 -3.60000e+00       1.897e+14  7.218619e-01  0.000000e+00 -5.977000e-01  2.781381e-01
-4.20000e+00 -3.60000e+00       3.374e+14  8.606689e-01  0.000000e+00 -2.906911e-01  1.393311e-01
-3.50000e+00 -3.60000e+00       5.136e+14  8.223802e-01  0.000000e+00  2.212792e-01  1.776198e-01
-2.80000e+00 -3.60000e+00       6.866e+14  7.507171e-01  0.000000e+00  5.877840e-01  2.492829e-01
-2.10000e+00 -3.60000e+00       4.217e+14  7.250021e-01  0.000000e+00  6.580891e-01  2.749979e-01
-1.40000e+00 -3.60000e+00       9.830e+13  6.086294e-01  0.000000e+00  4.731721e-01  3.913706e-01
-7.00000e-01 -3.60000e+00       4.499e+13  3.918583e-01  0.000000e+00 -2.872196e-01  6.081417e-01
 0.00000e+00 -3.60000e+00       5.413e+13  5.400335e-01  0.000000e+00  1.359566e-15  4.599665e-01
 7.00000e-01 -3.60000e+00       4.499e+13  3.918583e-01  0.000000e+00  2.872196e-01  6.081417e-01
 1.40000e+00 -3.60000e+00       9.830e+13  6.086294e-01  0.000000e+00 -4.731721e-01  3.913706e-01
 2.10000e+00 -3.60000e+00       4.217e+14  7.250021e-01  0.000000e+00 -6.580891e-01  2.749979e-01
 2.80000e+00 -3.60000e+00       6.866e+14  7.507171e-01  0.000000e+00 -5.877840e-01  2.492829e-01
 3.50000e+00 -3.60000e+00       5.136e+14  8.223802e-01  0.000000e+00 -2.212792e-01  1.776198e-01
 4.20000e+00 -3.60000e+00       3.374e+14  8.606689e-01  0.000000e+00  2.906911e-01  1.393311e-01
 4.90000e+00 -3.60000e+00       1.897e+14  7.218619e-01  0.000000e+00  5.977000e-01  2.781381e-01
 5.60000e+00 -3.60000e+00       8.776e+13  4.868087e-01  0.000000e+00  8.171267e-01  5.131913e-01
 6.30000e+00 -3.60000e+00       3.397e+13  2.300451e-01  0.000000e+00  9.335788e-01  7.699549e-01
 7.00000e+00 -3.60000e+00       1.089e+13 -1.894173e-02  0.000000e+00  9.687718e-01  9.810583e-01
-7.00000e+00 -3.20000e+00       2.167e+13 -4.092627e-01  0.000000e+00 -8.799639e-01  5.907373e-01
-6.30000e+00 -3.20000e+00       6.592e+13 -1.695219e-01  0.000000e+00 -9.481729e-01  8.304781e-01
-5.60000e+00 -3.20000e+00       1.682e+14  1.103710e-01  0.000000e+00 -9.473849e-01  8.896290e-01
-4.90000e+00 -3.20000e+00       3.640e+14  4.033872e-01  0.000000e+00 -8.530671e-01  5.966128e-01
-4.20000e+00 -3.20000e+00       6.736e+14  6.814292e-01  0.000000e+00 -6.191583e-01  3.185708e-01
-3.50000e+00 -3.20000e+00       1.081e+15  8.761135e-01  0.000000e+00 -3.511060e-01  1.238865e-01
-2.80000e+00 -3.20000e+00       1.113e+15  7.128275e-01  0.000000e+00 -4.361291e-02  2.871725e-01
-2.10000e+00 -3.20000e+00       1.512e+15 -8.488399e-02  0.000000e+00  7.320298e-01  9.151160e-01
-1.40000e+00 -3.20000e+00       2.235e+15 -3.000160e-01  0.000000e+00  9.195190e-01  6.999840e-01
-7.00000e-01 -3.20000e+00       1.198e+15 -3.172498e-01  0.000000e+00  8.960484e-01  6.827502e-01
 0.00000e+00 -3.20000e+00       3.961e+14 -3.057108e-01  0.000000e+00  5.208081e-15  6.942892e-01
 7.00000e-01 -3.20000e+00       1.198e+15 -3.172498e-01  0.000000e+00 -8.960484e-01  6.827502e-01
 1.40000e+00 -3.20000e+00       2.235e+15 -3.000160e-01  0.000000e+00 -9.195190e-01  6.999840e-01
 2.10000e+00 -3.20000e+00       1.512e+15 -8.488399e-02  0.000000e+00 -7.320298e-01  9.151160e-01
 2.80000e+00 -3.20000e+00       1.113e+15  7.128275e-01  0.000000e+00  4.361291e-02  2.871725e-01
 3.50000e+00 -3.20000e+00       1.081e+15  8.761135e-01  0.000000e+00  3.511060e-01  1.238865e-01
 4.20000e+00 -3.20000e+00       6.736e+14  6.814292e-01  0.000000e+00  6.191583e-01  3.185708e-01
 4.90000e+00 -3.20000e+00       3.640e+14  4.033872e-01  0.000000e+00  8.530671e-01  5.966128e-01
 5.60000e+00 -3.20000e+00       1.682e+14  1.103710e-01  0.000000e+00  9.473849e-01  8.896290e-01
 6.30000e+00 -3.20000e+00       6.592e+13 -1.695219e-01  0.000000e+00  9.481729e-01  8.304781e-01
 7.00000e+00 -3.20000e+00       2.167e+13 -4.092627e-01  0.000000e+00  8.799639e-01  5.907373e-01
-7.00000e+00 -2.80000e+00       3.633e+13 -7.220533e-01  0.000000e+00 -6.477843e-01  2.779467e-01
-6.30000e+00 -2.80000e+00       1.067e+14 -5.236696e-01  0.000000e+00 -8.067528e-01  4.763304e-01
-5.60000e+00 -2.80000e+00       2.658e+14 -2.578378e-01  0.000000e+00 -9.167687e-01  7.421622e-01
-4.90000e+00 -2.80000e+00       5.705e+14  6.113311e-02  0.000000e+00 -9.377480e-01  9.388669e-01
-4.20000e+00 -2.80000e+00       1.083e+15  3.989919e-01  0.000000e+00 -8.500803e-01  6.010081e-01
-3.50000e+00 -2.80000e+00       1.651e+15  6.432203e-01  0.000000e+00 -6.139780e-01  3.567797e-01
-2.80000e+00 -2.80000e+00       2.655e+15  8.887129e-01  0.000000e+00 -6.289277e-02  1.112871e-01
-2.10000e+00 -2.80000e+00       3.757e+15  9.714339e-01  0.000000e+00  1.524775e-01  2.856613e-02
-1.40000e+00 -2.80000e+00       2.014e+15  9.776867e-01  0.000000e+00  1.798970e-01  2.231326e-02
-7.00000e-01 -2.80000e+00       3.395e+14  9.570949e-01  0.000000e+00  1.793345e-01  4.290513e-02
 0.00000e+00 -2.80000e+00       4.169e+13  7.871831e-01  0.000000e+00  1.118284e-15  2.128169e-01
 7.00000e-01 -2.80000e+00       3.395e+14  9.570949e-01  0.000000e+00 -1.793345e-01  4.290513e-02
 1.40000e+00 -2.80000e+00       2.014e+15  9.776867e-01  0.000000e+00 -1.798970e-01  2.231326e-02
 2.10000e+00 -2.80000e+00       3.757e+15  9.714339e-01  0.000000e+00 -1.524775e-01  2.856613e-02
 2.80000e+00 -2.80000e+00       2.655e+15  8.887129e-01  0.000000e+00  6.289277e-02  1.112871e-01
 3.50000e+00 -2.80000e+00       1.651e+15  6.432203e-01  0.000000e+00  6.139780e-01  3.567797e-01
 4.20000e+00 -2.80000e+00       1.083e+15  3.989919e-01  0.000000e+00  8.500803e-01  6.010081e-01
 4.90000e+00 -2.80000e+00       5.705e+14  6.113311e-02  0.000000e+00  9.377480e-01  9.388669e-01
 5.60000e+00 -2.80000e+00       2.658e+14 -2.578378e-01  0.000000e+00  9.167687e-01  7.421622e-01
 6.30000e+00 -2.80000e+00       1.067e+14 -5.236696e-01  0.000000e+00  8.067528e-01  4.763304e-01
 7.00000e+00 -2.80000e+00       3.633e+13 -7.220533e-01  0.000000e+00  6.477843e-01  2.779467e-01
-7.00000e+00 -2.40000e+00       5.224e+13 -9.184368e-01  0.000000e+00 -3.070696e-01  8.156320e-02
-6.30000e+00 -2.40000e+00       1.465e+14 -7.917419e-01  0.000000e+00 -5.392096e-01  2.082581e-01
-5.60000e+00 -2.40000e+00       3.517e+14 -5.737776e-01  0.000000e+00 -7.520265e-01  4.262224e-01
-4.90000e+00 -2.40000e+00       7.434e+14 -2.593840e-01  0.000000e+00 -8.966111e-01  7.406160e-01
-4.20000e+00 -2.40000e+00       1.392e+15  9.325360e-02  0.000000e+00 -9.211366e-01  9.067464e-01
-3.50000e+00 -2.40000e+00       2.427e+15  5.155484e-01  0.000000e+00 -7.353400e-01  4.844516e-01
-2.80000e+00 -2.40000e+00       4.079e+15  7.893582e-01  0.000000e+00 -5.655336e-01  2.106418e-01
-2.10000e+00 -2.40000e+00       3.203e+15  8.424404e-01  0.000000e+00 -5.278011e-01  1.575596e-01
-1.40000e+00 -2.40000e+00       8.258e+14  8.458067e-01  0.000000e+00 -5.040003e-01  1.541933e-01
-7.00000e-01 -2.40000e+00       8.621e+13  6.798152e-01  0.000000e+00 -3.206592e-01  3.201848e-01
 0.00000e+00 -2.40000e+00       2.690e+13 -5.734085e-02  0.000000e+00 -1.179189e-15  9.426592e-01
 7.00000e-01 -2.40000e+00       8.621e+13  6.798152e-01  0.000000e+00  3.206592e-01  3.201848e-01
 1.40000e+00 -2.40000e+00       8.258e+14  8.458067e-01  0.000000e+00  5.040003e-01  1.541933e-01
 2.10000e+00 -2.40000e+00       3.203e+15  8.424404e-01  0.000000e+00  5.278011e-01  1.575596e-01
 2.80000e+00 -2.40000e+00       4.079e+15  7.893582e-01  0.000000e+00  5.655336e-01  2.106418e-01
 3.50000e+00 -2.40000e+00       2.427e+15  5.155484e-01  0.000000e+00  7.353400e-01  4.844516e-01
 4.20000e+00 -2.40000e+00       1.392e+15  9.325360e-02  0.000000e+00  9.211366e-01  9.067464e-01
 4.90000e+00 -2.40000e+00       7.434e+14 -2.593840e-01  0.000000e+00  8.966111e-01  7.406160e-01
 5.60000e+00 -2.40000e+00       3.517e+14 -5.737776e-01  0.000000e+00  7.520265e-01  4.262224e-01
 6.30000e+00 -2.40000e+00       1.465e+14 -7.917419e-01  0.000000e+00  5.392096e-01  2.082581e-01
 7.00000e+00 -2.40000e+00       5.224e+13 -9.184368e-01  0.000000e+00  3.070696e-01  8.156320e-02
-7.00000e+00 -2.00000e+00       6.589e+13 -9.599051e-01  0.000000e+00  9.544759e-02  4.009488e-02
-6.30000e+00 -2.00000e+00       1.800e+14 -9.383627e-01  0.000000e+00 -1.774699e-01  6.163730e-02
-5.60000e+00 -2.00000e+00       4.074e+14 -8.030676e-01  0.000000e+00 -4.694228e-01  1.969324e-01
-4.90000e+00 -2.00000e+00       8.520e+14 -5.166160e-01  0.000000e+00 -7.592555e-01  4.833840e-01
-4.20000e+00 -2.00000e+00       1.637e+15 -1.558944e-01  0.000000e+00 -8.932367e-01  8.441056e-01
-3.50000e+00 -2.00000e+00       2.882e+15  2.846459e-01  0.000000e+00 -8.795819e-01  7.153541e-01
-2.80000e+00 -2.00000e+00       3.560e+15  4.807747e-01  0.000000e+00 -8.363516e-01  5.192253e-01
-2.10000e+00 -2.00000e+00       2.729e+15  4.919287e-01  0.000000e+00 -1.707126e-01  5.080713e-01
-1.40000e+00 -2.00000e+00       8.757e+15  4.258229e-01  0.000000e+00  7.956321e-01  5.741771e-01
-7.00000e-01 -2.00000e+00       2.272e+16  3.984048e-01  0.000000e+00  6.504496e-01  6.015952e-01
 0.00000e+00 -2.00000e+00       2.822e+16  3.834623e-01  0.000000e+00  9.389153e-15  6.165377e-01
 7.00000e-01 -2.00000e+00       2.272e+16  3.984048e-01  0.000000e+00 -6.504496e-01  6.015952e-01
 1.40000e+00 -2.00000e+00       8.757e+15  4.258229e-01  0.000000e+00 -7.956321e-01  5.741771e-01
 2.10000e+00 -2.00000e+00       2.729e+15  4.919287e-01  0.000000e+00  1.707126e-01  5.080713e-01
 2.80000e+00 -2.00000e+00       3.560e+15  4.807747e-01  0.000000e+00  8.363516e-01  5.192253e-01
 3.50000e+00 -2.00000e+00       2.882e+15  2.846459e-01  0.000000e+00  8.795819e-01  7.153541e-01
 4.20000e+00 -2.00000e+00       1.637e+15 -1.558944e-01  0.000000e+00  8.932367e-01  8.441056e-01
 4.90000e+00 -2.00000e+00       8.520e+14 -5.166160e-01  0.000000e+00  7.592555e-01  4.833840e-01
 5.60000e+00 -2.00000e+00       4.074e+14 -8.030676e-01  0.000000e+00  4.694228e-01  1.969324e-01
 6.30000e+00 -2.00000e+00       1.800e+14 -9.383627e-01  0.000000e+00  1.774699e-01  6.163730e-02
 7.00000e+00 -2.00000e+00       6.589e+13 -9.599051e-01  0.000000e+00 -9.544759e-02  4.009488e-02
-7.00000e+00 -1.60000e+00       7.263e+13 -8.099782e-01  0.000000e+00  5.243976e-01  1.900218e-01
-6.30000e+00 -1.60000e+00       1.787e+14 -9.093550e-01  0.000000e+00  2.547170e-01  9.064503e-02
-5.60000e+00 -1.60000e+00       3.797e+14 -9.084048e-01  0.000000e+00 -1.071492e-01  9.159524e-02
-4.90000e+00 -1.60000e+00       7.370e+14 -7.295731e-01  0.000000e+00 -5.045400e-01  2.704269e-01
-4.20000e+00 -1.60000e+00       1.392e+15 -3.191619e-01  0.000000e+00 -8.015327e-01  6.808381e-01
-3.50000e+00 -1.60000e+00       2.515e+15  8.752465e-02  0.000000e+00 -9.216621e-01  9.124754e-01
-2.80000e+00 -1.60000e+00       3.505e+15  4.698603e-01  0.000000e+00 -6.639095e-01  5.301397e-01
-2.10000e+00 -1.60000e+00       9.320e+15  9.342089e-01  0.000000e+00 -1.623666e-01  6.579106e-02
-1.40000e+00 -1.60000e+00       1.818e+16  9.915663e-01  0.000000e+00 -9.484052e-02  8.433699e-03
-7.00000e-01 -1.60000e+00       1.161e+16  9.933144e-01  0.000000e+00 -8.561308e-02  6.685583e-03
 0.00000e+00 -1.60000e+00       4.410e+15  9.888553e-01  0.000000e+00  4.570304e-16  1.114469e-02
 7.00000e-01 -1.60000e+00       1.161e+16  9.933144e-01  0.000000e+00  8.561308e-02  6.685583e-03
 1.40000e+00 -1.60000e+00       1.818e+16  9.915663e-01  0.000000e+00  9.484052e-02  8.433699e-03
 2.10000e+00 -1.60000e+00       9.320e+15  9.342089e-01  0.000000e+00  1.623666e-01  6.579106e-02
 2.80000e+00 -1.60000e+00       3.505e+15  4.698603e-01  0.000000e+00  6.639095e-01  5.301397e-01
 3.50000e+00 -1.60000e+00       2.515e+15  8.752465e-02  0.000000e+00  9.216621e-01  9.124754e-01
 4.20000e+00 -1.60000e+00       1.392e+15 -3.191619e-01  0.000000e+00  8.015327e-01  6.808381e-01
 4.90000e+00 -1.60000e+00       7.370e+14 -7.295731e-01  0.000000e+00  5.045400e-01  2.704269e-01
 5.60000e+00 -1.60000e+00       3.797e+14 -9.084048e-01  0.000000e+00  1.071492e-01  9.159524e-02
 6.30000e+00 -1.60000e+00       1.787e+14 -9.093550e-01  0.000000e+00 -2.547170e-01  9.064503e-02
 7.00000e+00 -1.60000e+00       7.263e+13 -8.099782e-01  0.000000e+00 -5.243976e-01  1.900218e-01
-7.00000e+00 -1.20000e+00       7.285e+13 -4.345368e-01  0.000000e+00  8.640512e-01  5.654632e-01
-6.30000e+00 -1.20000e+00       1.628e+14 -6.489239e-01  0.000000e+00  6.786879e-01  3.510761e-01
-5.60000e+00 -1.20000e+00       3.117e+14 -8.229276e-01  0.000000e+00  3.322993e-01  1.770724e-01
-4.90000e+00 -1.20000e+00       5.558e+14 -8.018660e-01  0.000000e+00 -1.770676e-01  1.981340e-01
-4.20000e+00 -1.20000e+00       1.037e+15 -4.287813e-01  0.000000e+00 -6.772900e-01  5.712187e-01
-3.50000e+00 -1.20000e+00       1.874e+15  1.194611e-02  0.000000e+00 -8.613835e-01  9.880539e-01
-2.80000e+00 -1.20000e+00       4.126e+15  6.464709e-01  0.000000e+00 -5.679576e-01  3.535291e-01
-2.10000e+00 -1.20000e+00       1.122e+16  8.927819e-01  0.000000e+00 -4.155306e-01  1.072181e-01
-1.40000e+00 -1.20000e+00       1.221e+16  9.146625e-01  0.000000e+00 -3.992854e-01  8.533747e-02
-7.00000e-01 -1.20000e+00       4.121e+15  9.163865e-01  0.000000e+00 -3.892316e-01  8.361346e-02
 0.00000e+00 -1.20000e+00       8.602e+14  9.128644e-01  0.000000e+00  2.030501e-15  8.713561e-02
 7.00000e-01 -1.20000e+00       4.121e+15  9.163865e-01  0.000000e+00  3.892316e-01  8.361346e-02
 1.40000e+00 -1.20000e+00       1.221e+16  9.146625e-01  0.000000e+00  3.992854e-01  8.533747e-02
 2.10000e+00 -1.20000e+00       1.122e+16  8.927819e-01  0.000000e+00  4.155306e-01  1.072181e-01
 2.80000e+00 -1.20000e+00       4.126e+15  6.464709e-01  0.000000e+00  5.679576e-01  3.535291e-01
 3.50000e+00 -1.20000e+00       1.874e+15  1.194611e-02  0.000000e+00  8.613835e-01  9.880539e-01
 4.20000e+00 -1.20000e+00       1.037e+15 -4.287813e-01  0.000000e+00  6.772900e-01  5.712187e-01
 4.90000e+00 -1.20000e+00       5.558e+14 -8.018660e-01  0.000000e+00  1.770676e-01  1.981340e-01
 5.60000e+00 -1.20000e+00       3.117e+14 -8.229276e-01  0.000000e+00 -3.322993e-01  1.770724e-01
 6.30000e+00 -1.20000e+00       1.628e+14 -6.489239e-01  0.000000e+00 -6.786879e-01  3.510761e-01
 7.00000e+00 -1.20000e+00       7.285e+13 -4.345368e-01  0.000000e+00 -8.640512e-01  5.654632e-01
-7.00000e+00 -8.00000e-01       6.844e+13  1.385512e-01  0.000000e+00  9.664692e-01  8.614488e-01
-6.30000e+00 -8.00000e-01       1.362e+14 -1.031044e-01  0.000000e+00  9.404061e-01  8.968956e-01
-5.60000e+00 -8.00000e-01       2.223e+14 -4.233360e-01  0.000000e+00  7.541034e-01  5.766640e-01
-4.90000e+00 -8.00000e-01       3.379e+14 -6.489334e-01  0.000000e+00  2.271301e-01  3.510666e-01
-4.20000e+00 -8.00000e-01       6.018e+14 -3.882983e-01  0.000000e+00 -5.199002e-01  6.117017e-01
-3.50000e+00 -8.00000e-01       1.259e+15  1.863364e-01  0.000000e+00 -7.445409e-01  8.136636e-01
-2.80000e+00 -8.00000e-01       4.062e+15  7.703103e-01  0.000000e+00 -5.156501e-01  2.296897e-01
-2.10000e+00 -8.00000e-01       9.110e+15  8.823701e-01  0.000000e+00 -4.555745e-01  1.176299e-01
-1.40000e+00 -8.00000e-01       6.874e+15  8.927198e-01  0.000000e+00 -4.472841e-01  1.072802e-01
-7.00000e-01 -8.00000e-01       1.606e+15  8.958132e-01  0.000000e+00 -4.331340e-01  1.041868e-01
 0.00000e+00 -8.00000e-01       2.537e+14  9.038202e-01  0.000000e+00 -1.060097e-14  9.617984e-02
 7.00000e-01 -8.00000e-01       1.606e+15  8.958132e-01  0.000000e+00  4.331340e-01  1.041868e-01
 1.40000e+00 -8.00000e-01       6.874e+15  8.927198e-01  0.000000e+00  4.472841e-01  1.072802e-01
 2.10000e+00 -8.00000e-01       9.110e+15  8.823701e-01  0.000000e+00  4.555745e-01  1.176299e-01
 2.80000e+00 -8.00000e-01       4.062e+15  7.703103e-01  0.000000e+00  5.156501e-01  2.296897e-01
 3.50000e+00 -8.00000e-01       1.259e+15  1.863364e-01  0.000000e+00  7.445409e-01  8.136636e-01
 4.20000e+00 -8.00000e-01       6.018e+14 -3.882983e-01  0.000000e+00  5.199002e-01  6.117017e-01
 4.90000e+00 -8.00000e-01       3.379e+14 -6.489334e-01  0.000000e+00 -2.271301e-01  3.510666e-01
 5.60000e+00 -8.00000e-01       2.223e+14 -4.233360e-01  0.000000e+00 -7.541034e-01  5.766640e-01
 6.30000e+00 -8.00000e-01       1.362e+14 -1.031044e-01  0.000000e+00 -9.404061e-01  8.968956e-01
 7.00000e+00 -8.00000e-01       6.844e+13  1.385512e-01  0.000000e+00 -9.664692e-01  8.614488e-01
-7.00000e+00 -4.00000e-01       5.385e+13  6.588801e-01  0.000000e+00  7.380127e-01  3.411199e-01
-6.30000e+00 -4.00000e-01       1.747e+14  5.745952e-01  0.000000e+00  8.013964e-01  4.254048e-01
-5.60000e+00 -4.00000e-01       2.743e+14  4.702172e-01  0.000000e+00  8.521728e-01  5.297828e-01
-4.90000e+00 -4.00000e-01       2.031e+14  3.142697e-01  0.000000e+00  8.388912e-01  6.857303e-01
-4.20000e+00 -4.00000e-01       1.046e+14  1.529214e-01  0.000000e+00  2.584893e-01  8.470786e-01
-3.50000e+00 -4.00000e-01       2.456e+14  7.236686e-01  0.000000e+00 -4.053411e-01  2.763314e-01
-2.80000e+00 -4.00000e-01       1.239e+15  9.317525e-01  0.000000e+00 -3.218285e-01  6.824755e-02
-2.10000e+00 -4.00000e-01       2.497e+15  9.510320e-01  0.000000e+00 -3.034997e-01  4.896797e-02
-1.40000e+00 -4.00000e-01       1.583e+15  9.541171e-01  0.000000e+00 -2.945879e-01  4.588287e-02
-7.00000e-01 -4.00000e-01       3.382e+14  9.604839e-01  0.000000e+00 -2.585356e-01  3.951611e-02
 0.00000e+00 -4.00000e-01       7.492e+13  9.818232e-01  0.000000e+00  5.903020e-15  1.817679e-02
 7.00000e-01 -4.00000e-01       3.382e+14  9.604839e-01  0.000000e+00  2.585356e-01  3.951611e-02
 1.40000e+00 -4.00000e-01       1.583e+15  9.541171e-01  0.000000e+00  2.945879e-01  4.588287e-02
 2.10000e+00 -4.00000e-01       2.497e+15  9.510320e-01  0.000000e+00  3.034997e-01  4.896797e-02
 2.80000e+00 -4.00000e-01       1.239e+15  9.317525e-01  0.000000e+00  3.218285e-01  6.824755e-02
 3.50000e+00 -4.00000e-01       2.456e+14  7.236686e-01  0.000000e+00  4.053411e-01  2.763314e-01
 4.20000e+00 -4.00000e-01       1.046e+14  1.529214e-01  0.000000e+00 -2.584893e-01  8.470786e-01
 4.90000e+00 -4.00000e-01       2.031e+14  3.142697e-01  0.000000e+00 -8.388912e-01  6.857303e-01
 5.60000e+00 -4.00000e-01       2.743e+14  4.702172e-01  0.000000e+00 -8.521728e-01  5.297828e-01
 6.30000e+00 -4.00000e-01       1.747e+14  5.745952e-01  0.000000e+00 -8.013964e-01  4.254048e-01
 7.00000e+00 -4.00000e-01       5.385e+13  6.588801e-01  0.000000e+00 -7.380127e-01  3.411199e-01
-7.00000e+00  0.00000e+00       6.111e+13  9.996969e-01  0.000000e+00  3.137627e-08  3.031422e-04
-6.30000e+00  0.00000e+00       1.028e+14  9.998647e-01  0.000000e+00  3.192799e-08  1.353229e-04
-5.60000e+00  0.00000e+00       1.199e+14  9.994407e-01  0.000000e+00 -1.065228e-08  5.593298e-04
-4.90000e+00  0.00000e+00       9.833e+13  9.973648e-01  0.000000e+00 -2.850542e-07  2.635186e-03
-4.20000e+00  0.00000e+00       1.320e+14  9.969588e-01  0.000000e+00 -5.632484e-07  3.041200e-03
-3.50000e+00  0.00000e+00       6.399e+14  9.994879e-01  0.000000e+00 -9.138945e-08  5.120650e-04
-2.80000e+00  0.00000e+00       3.264e+15  9.999174e-01  0.000000e+00 -4.166140e-08  8.259008e-05
-2.10000e+00  0.00000e+00       6.145e+15  9.999443e-01  0.000000e+00 -4.366713e-08  5.570832e-05
-1.40000e+00  0.00000e+00       3.567e+15  9.999957e-01  0.000000e+00 -3.728165e-08  4.307086e-06
-7.00000e-01  0.00000e+00       6.592e+14  9.990927e-01  0.000000e+00 -3.410316e-08  9.072953e-04
 0.00000e+00  0.00000e+00       1.075e+14  9.921864e-01  0.000000e+00  7.019467e-17  7.813644e-03
 7.00000e-01  0.00000e+00       6.592e+14  9.990927e-01  0.000000e+00  3.410317e-08  9.072953e-04
 1.40000e+00  0.00000e+00       3.567e+15  9.999957e-01  0.000000e+00  3.728165e-08  4.307086e-06
 2.10000e+00  0.00000e+00       6.145e+15  9.999443e-01  0.000000e+00  4.366713e-08  5.570832e-05
 2.80000e+00  0.00000e+00       3.264e+15  9.999174e-01  0.000000e+00  4.166140e-08  8.259008e-05
 3.50000e+00  0.00000e+00       6.399e+14  9.994879e-01  0.000000e+00  9.138945e-08  5.120650e-04
 4.20000e+00  0.00000e+00       1.320e+14  9.969588e-01  0.000000e+00  5.632484e-07  3.041200e-03
 4.90000e+00  0.00000e+00       9.833e+13  9.973648e-01  0.000000e+00  2.850542e-07  2.635186e-03
 5.60000e+00  0.00000e+00       1.199e+14  9.994407e-01  0.000000e+00  1.065228e-08  5.593298e-04
 6.30000e+00  0.00000e+00       1.028e+14  9.998647e-01  0.000000e+00 -3.192799e-08  1.353229e-04
 7.00000e+00  0.00000e+00       6.111e+13  9.996969e-01  0.000000e+00 -3.137627e-08  3.031422e-04
-7.00000e+00  4.00000e-01       5.385e+13  6.588801e-01  0.000000e+00 -7.380126e-01  3.411199e-01
-6.30000e+00  4.00000e-01       1.747e+14  5.745952e-01  0.000000e+00 -8.013963e-01  4.254048e-01
-5.60000e+00  4.00000e-01       2.743e+14  4.702172e-01  0.000000e+00 -8.521728e-01  5.297828e-01
-4.90000e+00  4.00000e-01       2.031e+14  3.142697e-01  0.000000e+00 -8.388914e-01  6.857303e-01
-4.20000e+00  4.00000e-01       1.046e+14  1.529214e-01  0.000000e+00 -2.584907e-01  8.470786e-01
-3.50000e+00  4.00000e-01       2.456e+14  7.236685e-01  0.000000e+00  4.053405e-01  2.763315e-01
-2.80000e+00  4.00000e-01       1.239e+15  9.317524e-01  0.000000e+00  3.218283e-01  6.824763e-02
-2.10000e+00  4.00000e-01       2.497e+15  9.510320e-01  0.000000e+00  3.034995e-01  4.896799e-02
-1.40000e+00  4.00000e-01       1.583e+15  9.541171e-01  0.000000e+00  2.945877e-01  4.588287e-02
-7.00000e-01  4.00000e-01       3.382e+14  9.604839e-01  0.000000e+00  2.585355e-01  3.951612e-02
 0.00000e+00  4.00000e-01       7.492e+13  9.818231e-01  0.000000e+00 -5.886867e-15  1.817686e-02
 7.00000e-01  4.00000e-01       3.382e+14  9.604839e-01  0.000000e+00 -2.585355e-01  3.951612e-02
 1.40000e+00  4.00000e-01       1.583e+15  9.541171e-01  0.000000e+00 -2.945877e-01  4.588287e-02
 2.10000e+00  4.00000e-01       2.497e+15  9.510320e-01  0.000000e+00 -3.034995e-01  4.896799e-02
 2.80000e+00  4.00000e-01       1.239e+15  9.317524e-01  0.000000e+00 -3.218283e-01  6.824763e-02
 3.50000e+00  4.00000e-01       2.456e+14  7.236685e-01  0.000000e+00 -4.053405e-01  2.763315e-01
 4.20000e+00  4.00000e-01       1.046e+14  1.529214e-01  0.000000e+00  2.584907e-01  8.470786e-01
 4.90000e+00  4.00000e-01       2.031e+14  3.142697e-01  0.000000e+00  8.388914e-01  6.857303e-01
 5.60000e+00  4.00000e-01       2.743e+14  4.702172e-01  0.000000e+00  8.521728e-01  5.297828e-01
 6.30000e+00  4.00000e-01       1.747e+14  5.745952e-01  0.000000e+00  8.013963e-01  4.254048e-01
 7.00000e+00  4.00000e-01       5.385e+13  6.588801e-01  0.000000e+00  7.380126e-01  3.411199e-01
-7.00000e+00  8.00000e-01       6.844e+13  1.385513e-01  0.000000e+00 -9.664692e-01  8.614487e-01
-6.30000e+00  8.00000e-01       1.362e+14 -1.031044e-01  0.000000e+00 -9.404060e-01  8.968956e-01
-5.60000e+00  8.00000e-01       2.223e+14 -4.233359e-01  0.000000e+00 -7.541034e-01  5.766641e-01
-4.90000e+00  8.00000e-01       3.379e+14 -6.489333e-01  0.000000e+00 -2.271302e-01  3.510667e-01
-4.20000e+00  8.00000e-01       6.018e+14 -3.882982e-01  0.000000e+00  5.198999e-01  6.117018e-01
-3.50000e+00  8.00000e-01       1.259e+15  1.863364e-01  0.000000e+00  7.445407e-01  8.136636e-01
-2.80000e+00  8.00000e-01       4.062e+15  7.703103e-01  0.000000e+00  5.156501e-01  2.296897e-01
-2.10000e+00  8.00000e-01       9.110e+15  8.823701e-01  0.000000e+00  4.555745e-01  1.176299e-01
-1.40000e+00  8.00000e-01       6.874e+15  8.927198e-01  0.000000e+00  4.472841e-01  1.072802e-01
-7.00000e-01  8.00000e-01       1.606e+15  8.958132e-01  0.000000e+00  4.331340e-01  1.041868e-01
 0.00000e+00  8.00000e-01       2.537e+14  9.038201e-01  0.000000e+00  1.037040e-14  9.617988e-02
 7.00000e-01  8.00000e-01       1.606e+15  8.958132e-01  0.000000e+00 -4.331340e-01  1.041868e-01
 1.40000e+00  8.00000e-01       6.874e+15  8.927198e-01  0.000000e+00 -4.472841e-01  1.072802e-01
 2.10000e+00  8.00000e-01       9.110e+15  8.823701e-01  0.000000e+00 -4.555745e-01  1.176299e-01
 2.80000e+00  8.00000e-01       4.062e+15  7.703103e-01  0.000000e+00 -5.156501e-01  2.296897e-01
 3.50000e+00  8.00000e-01       1.259e+15  1.863364e-01  0.000000e+00 -7.445407e-01  8.136636e-01
 4.20000e+00  8.00000e-01       6.018e+14 -3.882982e-01  0.000000e+00 -5.198999e-01  6.117018e-01
 4.90000e+00  8.00000e-01       3.379e+14 -6.489333e-01  0.000000e+00  2.271302e-01  3.510667e-01
 5.60000e+00  8.00000e-01       2.223e+14 -4.233359e-01  0.000000e+00  7.541034e-01  5.766641e-01
 6.30000e+00  8.00000e-01       1.362e+14 -1.031044e-01  0.000000e+00  9.404060e-01  8.968956e-01
 7.00000e+00  8.00000e-01       6.844e+13  1.385513e-01  0.000000e+00  9.664692e-01  8.614487e-01
-7.00000e+00  1.20000e+00       7.285e+13 -4.345368e-01  0.000000e+00 -8.640511e-01  5.654632e-01
-6.30000e+00  1.20000e+00       1.628e+14 -6.489238e-01  0.000000e+00 -6.786878e-01  3.510762e-01
-5.60000e+00  1.20000e+00       3.117e+14 -8.229274e-01  0.000000e+00 -3.322993e-01  1.770726e-01
-4.90000e+00  1.20000e+00       5.558e+14 -8.018659e-01  0.000000e+00  1.770674e-01  1.981341e-01
-4.20000e+00  1.20000e+00       1.037e+15 -4.287812e-01  0.000000e+00  6.772898e-01  5.712188e-01
-3.50000e+00  1.20000e+00       1.874e+15  1.194608e-02  0.000000e+00  8.613833e-01  9.880539e-01
-2.80000e+00  1.20000e+00       4.126e+15  6.464709e-01  0.000000e+00  5.679575e-01  3.535291e-01
-2.10000e+00  1.20000e+00       1.122e+16  8.927819e-01  0.000000e+00  4.155305e-01  1.072181e-01
-1.40000e+00  1.20000e+00       1.221e+16  9.146625e-01  0.000000e+00  3.992854e-01  8.533747e-02
-7.00000e-01  1.20000e+00       4.121e+15  9.163865e-01  0.000000e+00  3.892316e-01  8.361346e-02
 0.00000e+00  1.20000e+00       8.602e+14  9.128644e-01  0.000000e+00 -6.462958e-16  8.713563e-02
 7.00000e-01  1.20000e+00       4.121e+15  9.163865e-01  0.000000e+00 -3.892316e-01  8.361346e-02
 1.40000e+00  1.20000e+00       1.221e+16  9.146625e-01  0.000000e+00 -3.992854e-01  8.533747e-02
 2.10000e+00  1.20000e+00       1.122e+16  8.927819e-01  0.000000e+00 -4.155305e-01  1.072181e-01
 2.80000e+00  1.20000e+00       4.126e+15  6.464709e-01  0.000000e+00 -5.679575e-01  3.535291e-01
 3.50000e+00  1.20000e+00       1.874e+15  1.194608e-02  0.000000e+00 -8.613833e-01  9.880539e-01
 4.20000e+00  1.20000e+00       1.037e+15 -4.287812e-01  0.000000e+00 -6.772898e-01  5.712188e-01
 4.90000e+00  1.20000e+00       5.558e+14 -8.018659e-01  0.000000e+00 -1.770674e-01  1.981341e-01
 5.60000e+00  1.20000e+00       3.117e+14 -8.229274e-01  0.000000e+00  3.322993e-01  1.770726e-01
 6.30000e+00  1.20000e+00       1.628e+14 -6.489238e-01  0.000000e+00  6.786878e-01  3.510762e-01
 7.00000e+00  1.20000e+00       7.285e+13 -4.345368e-01  0.000000e+00  8.640511e-01  5.654632e-01
-7.00000e+00  1.60000e+00       7.263e+13 -8.099781e-01  0.000000e+00 -5.243976e-01  1.900219e-01
-6.30000e+00  1.60000e+00       1.787e+14 -9.093548e-01  0.000000e+00 -2.547170e-01  9.064515e-02
-5.60000e+00  1.60000e+00       3.797e+14 -9.084046e-01  0.000000e+00  1.071491e-01  9.159538e-02
-4.90000e+00  1.60000e+00       7.370e+14 -7.295730e-01  0.000000e+00  5.045398e-01  2.704270e-01
-4.20000e+00  1.60000e+00       1.392e+15 -3.191618e-01  0.000000e+00  8.015325e-01  6.808382e-01
-3.50000e+00  1.60000e+00       2.515e+15  8.752461e-02  0.000000e+00  9.216620e-01  9.124754e-01
-2.80000e+00  1.60000e+00       3.505e+15  4.698602e-01  0.000000e+00  6.639094e-01  5.301398e-01
-2.10000e+00  1.60000e+00       9.320e+15  9.342089e-01  0.000000e+00  1.623665e-01  6.579109e-02
-1.40000e+00  1.60000e+00       1.818e+16  9.915663e-01  0.000000e+00  9.484050e-02  8.433700e-03
-7.00000e-01  1.60000e+00       1.161e+16  9.933144e-01  0.000000e+00  8.561308e-02  6.685584e-03
 0.00000e+00  1.60000e+00       4.410e+15  9.888553e-01  0.000000e+00 -4.571011e-16  1.114469e-02
 7.00000e-01  1.60000e+00       1.161e+16  9.933144e-01  0.000000e+00 -8.561308e-02  6.685584e-03
 1.40000e+00  1.60000e+00       1.818e+16  9.915663e-01  0.000000e+00 -9.484050e-02  8.433700e-03
 2.10000e+00  1.60000e+00       9.320e+15  9.342089e-01  0.000000e+00 -1.623665e-01  6.579109e-02
 2.80000e+00  1.60000e+00       3.505e+15  4.698602e-01  0.000000e+00 -6.639094e-01  5.301398e-01
 3.50000e+00  1.60000e+00       2.515e+15  8.752461e-02  0.000000e+00 -9.216620e-01  9.124754e-01
 4.20000e+00  1.60000e+00       1.392e+15 -3.191618e-01  0.000000e+00 -8.015325e-01  6.808382e-01
 4.90000e+00  1.60000e+00       7.370e+14 -7.295730e-01  0.000000e+00 -5.045398e-01  2.704270e-01
 5.60000e+00  1.60000e+00       3.797e+14 -9.084046e-01  0.000000e+00 -1.071491e-01  9.159538e-02
 6.30000e+00  1.60000e+00       1.787e+14 -9.093548e-01  0.000000e+00  2.547170e-01  9.064515e-02
 7.00000e+00  1.60000e+00       7.263e+13 -8.099781e-01  0.000000e+00  5.243976e-01  1.900219e-01
-7.00000e+00  2.00000e+00       6.589e+13 -9.599050e-01  0.000000e+00 -9.544749e-02  4.009502e-02
-6.30000e+00  2.00000e+00       1.800e+14 -9.383625e-01  0.000000e+00  1.774700e-01  6.163748e-02
-5.60000e+00  2.00000e+00       4.074e+14 -8.030674e-01  0.000000e+00  4.694227e-01  1.969326e-01
-4.90000e+00  2.00000e+00       8.520e+14 -5.166159e-01  0.000000e+00  7.592553e-01  4.833841e-01
-4.20000e+00  2.00000e+00       1.637e+15 -1.558943e-01  0.000000e+00  8.932364e-01  8.441057e-01
-3.50000e+00  2.00000e+00       2.882e+15  2.846458e-01  0.000000e+00  8.795817e-01  7.153542e-01
-2.80000e+00  2.00000e+00       3.560e+15  4.807745e-01  0.000000e+00  8.363515e-01  5.192255e-01
-2.10000e+00  2.00000e+00       2.729e+15  4.919286e-01  0.000000e+00  1.707123e-01  5.080714e-01
-1.40000e+00  2.00000e+00       8.757e+15  4.258229e-01  0.000000e+00 -7.956321e-01  5.741771e-01
-7.00000e-01  2.00000e+00       2.272e+16  3.984048e-01  0.000000e+00 -6.504496e-01  6.015952e-01
 0.00000e+00  2.00000e+00       2.822e+16  3.834623e-01  0.000000e+00 -9.389226e-15  6.165377e-01
 7.00000e-01  2.00000e+00       2.272e+16  3.984048e-01  0.000000e+00  6.504496e-01  6.015952e-01
 1.40000e+00  2.00000e+00       8.757e+15  4.258229e-01  0.000000e+00  7.956321e-01  5.741771e-01
 2.10000e+00  2.00000e+00       2.729e+15  4.919286e-01  0.000000e+00 -1.707123e-01  5.080714e-01
 2.80000e+00  2.00000e+00       3.560e+15  4.807745e-01  0.000000e+00 -8.363515e-01  5.192255e-01
 3.50000e+00  2.00000e+00       2.882e+15  2.846458e-01  0.000000e+00 -8.795817e-01  7.153542e-01
 4.20000e+00  2.00000e+00       1.637e+15 -1.558943e-01  0.000000e+00 -8.932364e-01  8.441057e-01
 4.90000e+00  2.00000e+00       8.520e+14 -5.166159e-01  0.000000e+00 -7.592553e-01  4.833841e-01
 5.60000e+00  2.00000e+00       4.074e+14 -8.030674e-01  0.000000e+00 -4.694227e-01  1.969326e-01
 6.30000e+00  2.00000e+00       1.800e+14 -9.383625e-01  0.000000e+00 -1.774700e-01  6.163748e-02
 7.00000e+00  2.00000e+00       6.589e+13 -9.599050e-01  0.000000e+00  9.544749e-02  4.009502e-02
-7.00000e+00  2.40000e+00       5.224e+13 -9.184365e-01  0.000000e+00  3.070697e-01  8.156348e-02
-6.30000e+00  2.40000e+00       1.465e+14 -7.917416e-01  0.000000e+00  5.392096e-01  2.082584e-01
-5.60000e+00  2.40000e+00       3.517e+14 -5.737773e-01  0.000000e+00  7.520263e-01  4.262227e-01
-4.90000e+00  2.40000e+00       7.434e+14 -2.593838e-01  0.000000e+00  8.966108e-01  7.406162e-01
-4.20000e+00  2.40000e+00       1.392e+15  9.325366e-02  0.000000e+00  9.211362e-01  9.067463e-01
-3.50000e+00  2.40000e+00       2.427e+15  5.155482e-01  0.000000e+00  7.353398e-01  4.844518e-01
-2.80000e+00  2.40000e+00       4.079e+15  7.893579e-01  0.000000e+00  5.655334e-01  2.106421e-01
-2.10000e+00  2.40000e+00       3.203e+15  8.424402e-01  0.000000e+00  5.278008e-01  1.575598e-01
-1.40000e+00  2.40000e+00       8.258e+14  8.458066e-01  0.000000e+00  5.039998e-01  1.541934e-01
-7.00000e-01  2.40000e+00       8.621e+13  6.798149e-01  0.000000e+00  3.206582e-01  3.201851e-01
 0.00000e+00  2.40000e+00       2.690e+13 -5.734116e-02  0.000000e+00  1.348190e-15  9.426588e-01
 7.00000e-01  2.40000e+00       8.621e+13  6.798149e-01  0.000000e+00 -3.206582e-01  3.201851e-01
 1.40000e+00  2.40000e+00       8.258e+14  8.458066e-01  0.000000e+00 -5.039998e-01  1.541934e-01
 2.10000e+00  2.40000e+00       3.203e+15  8.424402e-01  0.000000e+00 -5.278008e-01  1.575598e-01
 2.80000e+00  2.40000e+00       4.079e+15  7.893579e-01  0.000000e+00 -5.655334e-01  2.106421e-01
 3.50000e+00  2.40000e+00       2.427e+15  5.155482e-01  0.000000e+00 -7.353398e-01  4.844518e-01
 4.20000e+00  2.40000e+00       1.392e+15  9.325366e-02  0.000000e+00 -9.211362e-01  9.067463e-01
 4.90000e+00  2.40000e+00       7.434e+14 -2.593838e-01  0.000000e+00 -8.966108e-01  7.406162e-01
 5.60000e+00  2.40000e+00       3.517e+14 -5.737773e-01  0.000000e+00 -7.520263e-01  4.262227e-01
 6.30000e+00  2.40000e+00       1.465e+14 -7.917416e-01  0.000000e+00 -5.392096e-01  2.082584e-01
 7.00000e+00  2.40000e+00       5.224e+13 -9.184365e-01  0.000000e+00 -3.070697e-01  8.156348e-02
-7.00000e+00  2.80000e+00       3.633e+13 -7.220528e-01  0.000000e+00  6.477843e-01  2.779472e-01
-6.30000e+00  2.80000e+00       1.067e+14 -5.236690e-01  0.000000e+00  8.067526e-01  4.763310e-01
-5.60000e+00  2.80000e+00       2.658e+14 -2.578373e-01  0.000000e+00  9.167683e-01  7.421627e-01
-4.90000e+00  2.80000e+00       5.705e+14  6.113340e-02  0.000000e+00  9.377474e-01  9.388666e-01
-4.20000e+00  2.80000e+00       1.083e+15  3.989920e-01  0.000000e+00  8.500796e-01  6.010080e-01
-3.50000e+00  2.80000e+00       1.651e+15  6.432199e-01  0.000000e+00  6.139776e-01  3.567801e-01
-2.80000e+00  2.80000e+00       2.655e+15  8.887121e-01  0.000000e+00  6.289253e-02  1.112879e-01
-2.10000e+00  2.80000e+00       3.757e+15  9.714336e-01  0.000000e+00 -1.524778e-01  2.856640e-02
-1.40000e+00  2.80000e+00       2.014e+15  9.776867e-01  0.000000e+00 -1.798973e-01  2.231328e-02
-7.00000e-01  2.80000e+00       3.395e+14  9.570947e-01  0.000000e+00 -1.793348e-01  4.290525e-02
 0.00000e+00  2.80000e+00       4.169e+13  7.871812e-01  0.000000e+00 -8.168049e-16  2.128188e-01
 7.00000e-01  2.80000e+00       3.395e+14  9.570947e-01  0.000000e+00  1.793348e-01  4.290525e-02
 1.40000e+00  2.80000e+00       2.014e+15  9.776867e-01  0.000000e+00  1.798973e-01  2.231328e-02
 2.10000e+00  2.80000e+00       3.757e+15  9.714336e-01  0.000000e+00  1.524778e-01  2.856640e-02
 2.80000e+00  2.80000e+00       2.655e+15  8.887121e-01  0.000000e+00 -6.289253e-02  1.112879e-01
 3.50000e+00  2.80000e+00       1.651e+15  6.432199e-01  0.000000e+00 -6.139776e-01  3.567801e-01
 4.20000e+00  2.80000e+00       1.083e+15  3.989920e-01  0.000000e+00 -8.500796e-01  6.010080e-01
 4.90000e+00  2.80000e+00       5.705e+14  6.113340e-02  0.000000e+00 -9.377474e-01  9.388666e-01
 5.60000e+00  2.80000e+00       2.658e+14 -2.578373e-01  0.000000e+00 -9.167683e-01  7.421627e-01
 6.30000e+00  2.80000e+00       1.067e+14 -5.236690e-01  0.000000e+00 -8.067526e-01  4.763310e-01
 7.00000e+00  2.80000e+00       3.633e+13 -7.220528e-01  0.000000e+00 -6.477843e-01  2.779472e-01
-7.00000e+00  3.20000e+00       2.167e+13 -4.092613e-01  0.000000e+00  8.799636e-01  5.907387e-01
-6.30000e+00  3.20000e+00       6.592e+13 -1.695206e-01  0.000000e+00  9.481721e-01  8.304794e-01
-5.60000e+00  3.20000e+00       1.682e+14  1.103720e-01  0.000000e+00  9.473836e-01  8.896280e-01
-4.90000e+00  3.20000e+00       3.640e+14  4.033876e-01  0.000000e+00  8.530653e-01  5.966124e-01
-4.20000e+00  3.20000e+00       6.736e+14  6.814289e-01  0.000000e+00  6.191566e-01  3.185711e-01
-3.50000e+00  3.20000e+00       1.081e+15  8.761120e-01  0.000000e+00  3.511052e-01  1.238880e-01
-2.80000e+00  3.20000e+00       1.113e+15  7.128246e-01  0.000000e+00  4.361215e-02  2.871754e-01
-2.10000e+00  3.20000e+00       1.512e+15 -8.488523e-02  0.000000e+00 -7.320310e-01  9.151148e-01
-1.40000e+00  3.20000e+00       2.235e+15 -3.000162e-01  0.000000e+00 -9.195195e-01  6.999838e-01
-7.00000e-01  3.20000e+00       1.198e+15 -3.172498e-01  0.000000e+00 -8.960485e-01  6.827502e-01
 0.00000e+00  3.20000e+00       3.961e+14 -3.057108e-01  0.000000e+00 -5.406834e-15  6.942892e-01
 7.00000e-01  3.20000e+00       1.198e+15 -3.172498e-01  0.000000e+00  8.960485e-01  6.827502e-01
 1.40000e+00  3.20000e+00       2.235e+15 -3.000162e-01  0.000000e+00  9.195195e-01  6.999838e-01
 2.10000e+00  3.20000e+00       1.512e+15 -8.488523e-02  0.000000e+00  7.320310e-01  9.151148e-01
 2.80000e+00  3.20000e+00       1.113e+15  7.128246e-01  0.000000e+00 -4.361215e-02  2.871754e-01
 3.50000e+00  3.20000e+00       1.081e+15  8.761120e-01  0.000000e+00 -3.511052e-01  1.238880e-01
 4.20000e+00  3.20000e+00       6.736e+14  6.814289e-01  0.000000e+00 -6.191566e-01  3.185711e-01
 4.90000e+00  3.20000e+00       3.640e+14  4.033876e-01  0.000000e+00 -8.530653e-01  5.966124e-01
 5.60000e+00  3.20000e+00       1.682e+14  1.103720e-01  0.000000e+00 -9.473836e-01  8.896280e-01
 6.30000e+00  3.20000e+00       6.592e+13 -1.695206e-01  0.000000e+00 -9.481721e-01  8.304794e-01
 7.00000e+00  3.20000e+00       2.167e+13 -4.092613e-01  0.000000e+00 -8.799636e-01  5.907387e-01
-7.00000e+00  3.60000e+00       1.089e+13 -1.893757e-02  0.000000e+00  9.687698e-01  9.810624e-01
-6.30000e+00  3.60000e+00       3.397e+13  2.300486e-01  0.000000e+00  9.335754e-01  7.699514e-01
-5.60000e+00  3.60000e+00       8.776e+13  4.868109e-01  0.000000e+00  8.171220e-01  5.131891e-01
-4.90000e+00  3.60000e+00       1.897e+14  7.218619e-01  0.000000e+00  5.976943e-01  2.781381e-01
-4.20000e+00  3.60000e+00       3.374e+14  8.606667e-01  0.000000e+00  2.906859e-01  1.393333e-01
-3.50000e+00  3.60000e+00       5.136e+14  8.223738e-01  0.000000e+00 -2.212799e-01  1.776262e-01
-2.80000e+00  3.60000e+00       6.867e+14  7.507071e-01  0.000000e+00 -5.877833e-01  2.492929e-01
-2.10000e+00  3.60000e+00       4.217e+14  7.249926e-01  0.000000e+00 -6.580950e-01  2.750074e-01
-1.40000e+00  3.60000e+00       9.830e+13  6.086235e-01  0.000000e+00 -4.731890e-01  3.913765e-01
-7.00000e-01  3.60000e+00       4.499e+13  3.918558e-01  0.000000e+00  2.872130e-01  6.081442e-01
 0.00000e+00  3.60000e+00       5.413e+13  5.400294e-01  0.000000e+00 -5.603070e-17  4.599706e-01
 7.00000e-01  3.60000e+00       4.499e+13  3.918558e-01  0.000000e+00 -2.872130e-01  6.081442e-01
 1.40000e+00  3.60000e+00       9.830e+13  6.086235e-01  0.000000e+00  4.731890e-01  3.913765e-01
 2.10000e+00  3.60000e+00       4.217e+14  7.249926e-01  0.000000e+00  6.580950e-01  2.750074e-01
 2.80000e+00  3.60000e+00       6.867e+14  7.507071e-01  0.000000e+00  5.877833e-01  2.492929e-01
 3.50000e+00  3.60000e+00       5.136e+14  8.223738e-01  0.000000e+00  2.212799e-01  1.776262e-01
 4.20000e+00  3.60000e+00       3.374e+14  8.606667e-01  0.000000e+00 -2.906859e-01  1.393333e-01
 4.90000e+00  3.60000e+00       1.897e+14  7.218619e-01  0.000000e+00 -5.976943e-01  2.781381e-01
 5.60000e+00  3.60000e+00       8.776e+13  4.868109e-01  0.000000e+00 -8.171220e-01  5.131891e-01
 6.30000e+00  3.60000e+00       3.397e+13  2.300486e-01  0.000000e+00 -9.335754e-01  7.699514e-01
 7.00000e+00  3.60000e+00       1.089e+13 -1.893757e-02  0.000000e+00 -9.687698e-01  9.810624e-01
-7.00000e+00  4.00000e+00       4.530e+12  3.976770e-01  0.000000e+00  8.781095e-01  6.023230e-01
-6.30000e+00  4.00000e+00       1.435e+13  6.155823e-01  0.000000e+00  7.305293e-01  3.844177e-01
-5.60000e+00  4.00000e+00       3.718e+13  8.008937e-01  0.000000e+00  4.952840e-01  1.991063e-01
-4.90000e+00  4.00000e+00       7.886e+13  8.995157e-01  0.000000e+00  1.691633e-01  1.004843e-01
-4.20000e+00  4.00000e+00       1.398e+14  8.591727e-01  0.000000e+00 -2.434013e-01  1.408273e-01
-3.50000e+00  4.00000e+00       1.941e+14  5.947015e-01  0.000000e+00 -4.744171e-01  4.052985e-01
-2.80000e+00  4.00000e+00       2.549e+14 -3.483512e-01  0.000000e+00 -3.938363e-01  6.516488e-01
-2.10000e+00  4.00000e+00       3.501e+14 -8.697407e-01  0.000000e+00 -3.064926e-01  1.302593e-01
-1.40000e+00  4.00000e+00       2.029e+14 -9.282298e-01  0.000000e+00 -2.784326e-01  7.177020e-02
-7.00000e-01  4.00000e+00       3.872e+13 -8.741561e-01  0.000000e+00 -2.135036e-01  1.258439e-01
 0.00000e+00  4.00000e+00       6.467e+12 -5.120441e-01  0.000000e+00 -4.753635e-15  4.879559e-01
 7.00000e-01  4.00000e+00       3.872e+13 -8.741561e-01  0.000000e+00  2.135036e-01  1.258439e-01
 1.40000e+00  4.00000e+00       2.029e+14 -9.282298e-01  0.000000e+00  2.784326e-01  7.177020e-02
 2.10000e+00  4.00000e+00       3.501e+14 -8.697407e-01  0.000000e+00  3.064926e-01  1.302593e-01
 2.80000e+00  4.00000e+00       2.549e+14 -3.483512e-01  0.000000e+00  3.938363e-01  6.516488e-01
 3.50000e+00  4.00000e+00       1.941e+14  5.947015e-01  0.000000e+00  4.744171e-01  4.052985e-01
 4.20000e+00  4.00000e+00       1.398e+14  8.591727e-01  0.000000e+00  2.434013e-01  1.408273e-01
 4.90000e+00  4.00000e+00       7.886e+13  8.995157e-01  0.000000e+00 -1.691633e-01  1.004843e-01
 5.60000e+00  4.00000e+00       3.718e+13  8.008937e-01  0.000000e+00 -4.952840e-01  1.991063e-01
 6.30000e+00  4.00000e+00       1.435e+13  6.155823e-01  0.000000e+00 -7.305293e-01  3.844177e-01
 7.00000e+00  4.00000e+00       4.530e+12  3.976770e-01  0.000000e+00 -8.781095e-01  6.023230e-01
