 EB(GeV)    EMITTANCEx EMITTANCEy SIZEx(m)   SIZEy(m)   DIVx(rad)  DIVy(rad)
 2.411e+00  5.499e-09  1.017e-12  8.711e-05  1.009e-06  6.313e-05  1.009e-06
 betax      alphax     betay      alphay     eta        deta       E_spread  
 1.380e+00  0.000e+00  1.000e+00  0.000e+00  0.000e+00  0.000e+00  8.600e-04
 Ibeam(A)   period(cm) #periods   Kx         Ky         Energy(eV)
 4.005e-01  1.900e+00         96  0.000e+00  1.780e+00  2.049e+03


           x            y       F.Density            PL            PC          PL45        1-|PL|
          mm           mm  ph/s/mr^2/0.1%             -             -             -             -
-7.00000e+00 -4.00000e+00       9.404e+11  7.966125e-01  0.000000e+00 -5.122686e-01  2.033875e-01
-6.30000e+00 -4.00000e+00       3.525e+12  9.045771e-01  0.000000e+00 -2.371587e-01  9.542290e-02
-5.60000e+00 -4.00000e+00       1.030e+13  9.020399e-01  0.000000e+00  1.073102e-01  9.796010e-02
-4.90000e+00 -4.00000e+00       2.362e+13  7.154997e-01  0.000000e+00  4.684281e-01  2.845003e-01
-4.20000e+00 -4.00000e+00       4.348e+13  2.728992e-01  0.000000e+00  7.054982e-01  7.271008e-01
-3.50000e+00 -4.00000e+00       6.890e+13 -1.778036e-01  0.000000e+00  5.140271e-01  8.221964e-01
-2.80000e+00 -4.00000e+00       1.162e+14 -1.885152e-01  0.000000e+00 -3.885688e-01  8.114848e-01
-2.10000e+00 -4.00000e+00       1.627e+14 -9.541409e-02  0.000000e+00 -8.859923e-01  9.045859e-01
-1.40000e+00 -4.00000e+00       9.157e+13 -7.196779e-02  0.000000e+00 -9.683703e-01  9.280322e-01
-7.00000e-01 -4.00000e+00       1.718e+13 -8.364717e-02  0.000000e+00 -9.018550e-01  9.163528e-01
 0.00000e+00 -4.00000e+00       3.465e+12 -1.272862e-01  0.000000e+00 -2.093786e-15  8.727138e-01
 7.00000e-01 -4.00000e+00       1.718e+13 -8.364717e-02  0.000000e+00  9.018550e-01  9.163528e-01
 1.40000e+00 -4.00000e+00       9.157e+13 -7.196779e-02  0.000000e+00  9.683703e-01  9.280322e-01
 2.10000e+00 -4.00000e+00       1.627e+14 -9.541409e-02  0.000000e+00  8.859923e-01  9.045859e-01
 2.80000e+00 -4.00000e+00       1.162e+14 -1.885152e-01  0.000000e+00  3.885688e-01  8.114848e-01
 3.50000e+00 -4.00000e+00       6.890e+13 -1.778036e-01  0.000000e+00 -5.140271e-01  8.221964e-01
 4.20000e+00 -4.00000e+00       4.348e+13  2.728992e-01  0.000000e+00 -7.054982e-01  7.271008e-01
 4.90000e+00 -4.00000e+00       2.362e+13  7.154997e-01  0.000000e+00 -4.684281e-01  2.845003e-01
 5.60000e+00 -4.00000e+00       1.030e+13  9.020399e-01  0.000000e+00 -1.073102e-01  9.796010e-02
 6.30000e+00 -4.00000e+00       3.525e+12  9.045771e-01  0.000000e+00  2.371587e-01  9.542290e-02
 7.00000e+00 -4.00000e+00       9.404e+11  7.966125e-01  0.000000e+00  5.122686e-01  2.033875e-01
-7.00000e+00 -3.60000e+00       3.110e+12  4.346634e-01  0.000000e+00 -8.583966e-01  5.653366e-01
-6.30000e+00 -3.60000e+00       1.158e+13  6.475127e-01  0.000000e+00 -6.990290e-01  3.524873e-01
-5.60000e+00 -3.60000e+00       3.374e+13  8.202047e-01  0.000000e+00 -4.526088e-01  1.797953e-01
-4.90000e+00 -3.60000e+00       7.797e+13  8.999076e-01  0.000000e+00 -1.016630e-01  1.000924e-01
-4.20000e+00 -3.60000e+00       1.466e+14  8.023459e-01  0.000000e+00  2.942375e-01  1.976541e-01
-3.50000e+00 -3.60000e+00       2.192e+14  3.892256e-01  0.000000e+00  6.352124e-01  6.107744e-01
-2.80000e+00 -3.60000e+00       2.685e+14  2.073061e-03  0.000000e+00  7.642005e-01  9.979269e-01
-2.10000e+00 -3.60000e+00       4.182e+14  5.437369e-01  0.000000e+00  9.182206e-02  4.562631e-01
-1.40000e+00 -3.60000e+00       1.128e+15  9.106317e-01  0.000000e+00 -2.751515e-01  8.936826e-02
-7.00000e-01 -3.60000e+00       1.353e+15  9.387030e-01  0.000000e+00 -2.712005e-01  6.129696e-02
 0.00000e+00 -3.60000e+00       9.319e+14  9.353622e-01  0.000000e+00 -4.488510e-15  6.463782e-02
 7.00000e-01 -3.60000e+00       1.353e+15  9.387030e-01  0.000000e+00  2.712005e-01  6.129696e-02
 1.40000e+00 -3.60000e+00       1.128e+15  9.106317e-01  0.000000e+00  2.751515e-01  8.936826e-02
 2.10000e+00 -3.60000e+00       4.182e+14  5.437369e-01  0.000000e+00 -9.182206e-02  4.562631e-01
 2.80000e+00 -3.60000e+00       2.685e+14  2.073061e-03  0.000000e+00 -7.642005e-01  9.979269e-01
 3.50000e+00 -3.60000e+00       2.192e+14  3.892256e-01  0.000000e+00 -6.352124e-01  6.107744e-01
 4.20000e+00 -3.60000e+00       1.466e+14  8.023459e-01  0.000000e+00 -2.942375e-01  1.976541e-01
 4.90000e+00 -3.60000e+00       7.797e+13  8.999076e-01  0.000000e+00  1.016630e-01  1.000924e-01
 5.60000e+00 -3.60000e+00       3.374e+13  8.202047e-01  0.000000e+00  4.526088e-01  1.797953e-01
 6.30000e+00 -3.60000e+00       1.158e+13  6.475127e-01  0.000000e+00  6.990290e-01  3.524873e-01
 7.00000e+00 -3.60000e+00       3.110e+12  4.346634e-01  0.000000e+00  8.583966e-01  5.653366e-01
-7.00000e+00 -3.20000e+00       7.865e+12 -7.940122e-05  0.000000e+00 -9.665903e-01  9.999206e-01
-6.30000e+00 -3.20000e+00       2.889e+13  2.533831e-01  0.000000e+00 -9.246037e-01  7.466169e-01
-5.60000e+00 -3.20000e+00       8.500e+13  5.121494e-01  0.000000e+00 -7.971211e-01  4.878506e-01
-4.90000e+00 -3.20000e+00       2.020e+14  7.388767e-01  0.000000e+00 -5.662068e-01  2.611233e-01
-4.20000e+00 -3.20000e+00       3.882e+14  8.762433e-01  0.000000e+00 -2.198619e-01  1.237567e-01
-3.50000e+00 -3.20000e+00       5.933e+14  8.414683e-01  0.000000e+00  1.517040e-01  1.585317e-01
-2.80000e+00 -3.20000e+00       7.094e+14  2.972386e-01  0.000000e+00  4.515816e-01  7.027614e-01
-2.10000e+00 -3.20000e+00       8.382e+14 -4.517522e-01  0.000000e+00  6.587308e-01  5.482478e-01
-1.40000e+00 -3.20000e+00       5.639e+14 -6.524696e-01  0.000000e+00  6.954427e-01  3.475304e-01
-7.00000e-01 -3.20000e+00       1.334e+14 -6.496553e-01  0.000000e+00  6.510659e-01  3.503447e-01
 0.00000e+00 -3.20000e+00       2.512e+13 -4.114685e-01  0.000000e+00 -1.491871e-15  5.885315e-01
 7.00000e-01 -3.20000e+00       1.334e+14 -6.496553e-01  0.000000e+00 -6.510659e-01  3.503447e-01
 1.40000e+00 -3.20000e+00       5.639e+14 -6.524696e-01  0.000000e+00 -6.954427e-01  3.475304e-01
 2.10000e+00 -3.20000e+00       8.382e+14 -4.517522e-01  0.000000e+00 -6.587308e-01  5.482478e-01
 2.80000e+00 -3.20000e+00       7.094e+14  2.972386e-01  0.000000e+00 -4.515816e-01  7.027614e-01
 3.50000e+00 -3.20000e+00       5.933e+14  8.414683e-01  0.000000e+00 -1.517040e-01  1.585317e-01
 4.20000e+00 -3.20000e+00       3.882e+14  8.762433e-01  0.000000e+00  2.198619e-01  1.237567e-01
 4.90000e+00 -3.20000e+00       2.020e+14  7.388767e-01  0.000000e+00  5.662068e-01  2.611233e-01
 5.60000e+00 -3.20000e+00       8.500e+13  5.121494e-01  0.000000e+00  7.971211e-01  4.878506e-01
 6.30000e+00 -3.20000e+00       2.889e+13  2.533831e-01  0.000000e+00  9.246037e-01  7.466169e-01
 7.00000e+00 -3.20000e+00       7.865e+12 -7.940122e-05  0.000000e+00  9.665903e-01  9.999206e-01
-7.00000e+00 -2.80000e+00       1.599e+13 -4.088131e-01  0.000000e+00 -8.765168e-01  5.911869e-01
-6.30000e+00 -2.80000e+00       5.710e+13 -1.596624e-01  0.000000e+00 -9.458122e-01  8.403376e-01
-5.60000e+00 -2.80000e+00       1.658e+14  1.296534e-01  0.000000e+00 -9.405419e-01  8.703466e-01
-4.90000e+00 -2.80000e+00       3.975e+14  4.316954e-01  0.000000e+00 -8.318399e-01  5.683046e-01
-4.20000e+00 -2.80000e+00       7.887e+14  6.954708e-01  0.000000e+00 -6.059828e-01  3.045292e-01
-3.50000e+00 -2.80000e+00       1.279e+15  8.462864e-01  0.000000e+00 -2.222929e-01  1.537136e-01
-2.80000e+00 -2.80000e+00       1.778e+15  8.922865e-01  0.000000e+00  2.201279e-01  1.077135e-01
-2.10000e+00 -2.80000e+00       1.430e+15  8.939423e-01  0.000000e+00  3.881481e-01  1.060577e-01
-1.40000e+00 -2.80000e+00       4.550e+14  8.312896e-01  0.000000e+00  3.421230e-01  1.687104e-01
-7.00000e-01 -2.80000e+00       2.020e+14  6.507290e-01  0.000000e+00 -1.185329e-01  3.492710e-01
 0.00000e+00 -2.80000e+00       2.587e+14  7.175180e-01  0.000000e+00  2.958545e-18  2.824820e-01
 7.00000e-01 -2.80000e+00       2.020e+14  6.507290e-01  0.000000e+00  1.185329e-01  3.492710e-01
 1.40000e+00 -2.80000e+00       4.550e+14  8.312896e-01  0.000000e+00 -3.421230e-01  1.687104e-01
 2.10000e+00 -2.80000e+00       1.430e+15  8.939423e-01  0.000000e+00 -3.881481e-01  1.060577e-01
 2.80000e+00 -2.80000e+00       1.778e+15  8.922865e-01  0.000000e+00 -2.201279e-01  1.077135e-01
 3.50000e+00 -2.80000e+00       1.279e+15  8.462864e-01  0.000000e+00  2.222929e-01  1.537136e-01
 4.20000e+00 -2.80000e+00       7.887e+14  6.954708e-01  0.000000e+00  6.059828e-01  3.045292e-01
 4.90000e+00 -2.80000e+00       3.975e+14  4.316954e-01  0.000000e+00  8.318399e-01  5.683046e-01
 5.60000e+00 -2.80000e+00       1.658e+14  1.296534e-01  0.000000e+00  9.405419e-01  8.703466e-01
 6.30000e+00 -2.80000e+00       5.710e+13 -1.596624e-01  0.000000e+00  9.458122e-01  8.403376e-01
 7.00000e+00 -2.80000e+00       1.599e+13 -4.088131e-01  0.000000e+00  8.765168e-01  5.911869e-01
-7.00000e+00 -2.40000e+00       2.647e+13 -7.332195e-01  0.000000e+00 -6.274631e-01  2.667805e-01
-6.30000e+00 -2.40000e+00       9.082e+13 -5.243846e-01  0.000000e+00 -7.987271e-01  4.756154e-01
-5.60000e+00 -2.40000e+00       2.569e+14 -2.419486e-01  0.000000e+00 -9.132515e-01  7.580514e-01
-4.90000e+00 -2.40000e+00       6.134e+14  9.435671e-02  0.000000e+00 -9.295118e-01  9.056433e-01
-4.20000e+00 -2.40000e+00       1.249e+15  4.373738e-01  0.000000e+00 -8.100698e-01  5.626262e-01
-3.50000e+00 -2.40000e+00       2.192e+15  7.315349e-01  0.000000e+00 -5.664586e-01  2.684651e-01
-2.80000e+00 -2.40000e+00       2.781e+15  8.045526e-01  0.000000e+00 -2.881646e-01  1.954474e-01
-2.10000e+00 -2.40000e+00       3.064e+15  4.161385e-01  0.000000e+00  4.636446e-01  5.838615e-01
-1.40000e+00 -2.40000e+00       4.147e+15  1.349935e-01  0.000000e+00  9.245839e-01  8.650065e-01
-7.00000e-01 -2.40000e+00       2.550e+15  9.499975e-02  0.000000e+00  9.458671e-01  9.050002e-01
 0.00000e+00 -2.40000e+00       9.756e+14  8.928989e-02  0.000000e+00  1.256093e-14  9.107101e-01
 7.00000e-01 -2.40000e+00       2.550e+15  9.499975e-02  0.000000e+00 -9.458671e-01  9.050002e-01
 1.40000e+00 -2.40000e+00       4.147e+15  1.349935e-01  0.000000e+00 -9.245839e-01  8.650065e-01
 2.10000e+00 -2.40000e+00       3.064e+15  4.161385e-01  0.000000e+00 -4.636446e-01  5.838615e-01
 2.80000e+00 -2.40000e+00       2.781e+15  8.045526e-01  0.000000e+00  2.881646e-01  1.954474e-01
 3.50000e+00 -2.40000e+00       2.192e+15  7.315349e-01  0.000000e+00  5.664586e-01  2.684651e-01
 4.20000e+00 -2.40000e+00       1.249e+15  4.373738e-01  0.000000e+00  8.100698e-01  5.626262e-01
 4.90000e+00 -2.40000e+00       6.134e+14  9.435671e-02  0.000000e+00  9.295118e-01  9.056433e-01
 5.60000e+00 -2.40000e+00       2.569e+14 -2.419486e-01  0.000000e+00  9.132515e-01  7.580514e-01
 6.30000e+00 -2.40000e+00       9.082e+13 -5.243846e-01  0.000000e+00  7.987271e-01  4.756154e-01
 7.00000e+00 -2.40000e+00       2.647e+13 -7.332195e-01  0.000000e+00  6.274631e-01  2.667805e-01
-7.00000e+00 -2.00000e+00       3.634e+13 -9.262689e-01  0.000000e+00 -2.554083e-01  7.373110e-02
-6.30000e+00 -2.00000e+00       1.182e+14 -7.958098e-01  0.000000e+00 -5.140545e-01  2.041902e-01
-5.60000e+00 -2.00000e+00       3.215e+14 -5.569190e-01  0.000000e+00 -7.482799e-01  4.430810e-01
-4.90000e+00 -2.00000e+00       7.556e+14 -2.146228e-01  0.000000e+00 -8.951375e-01  7.853772e-01
-4.20000e+00 -2.00000e+00       1.574e+15  1.845741e-01  0.000000e+00 -8.957020e-01  8.154259e-01
-3.50000e+00 -2.00000e+00       2.813e+15  5.248314e-01  0.000000e+00 -7.459654e-01  4.751686e-01
-2.80000e+00 -2.00000e+00       4.469e+15  8.036146e-01  0.000000e+00 -3.282061e-01  1.963854e-01
-2.10000e+00 -2.00000e+00       7.013e+15  9.617888e-01  0.000000e+00  1.227621e-02  3.821125e-02
-1.40000e+00 -2.00000e+00       5.262e+15  9.893004e-01  0.000000e+00  8.164348e-02  1.069958e-02
-7.00000e-01 -2.00000e+00       1.290e+15  9.827151e-01  0.000000e+00  9.280136e-02  1.728490e-02
 0.00000e+00 -2.00000e+00       2.086e+14  9.168789e-01  0.000000e+00  1.491046e-15  8.312112e-02
 7.00000e-01 -2.00000e+00       1.290e+15  9.827151e-01  0.000000e+00 -9.280136e-02  1.728490e-02
 1.40000e+00 -2.00000e+00       5.262e+15  9.893004e-01  0.000000e+00 -8.164348e-02  1.069958e-02
 2.10000e+00 -2.00000e+00       7.013e+15  9.617888e-01  0.000000e+00 -1.227621e-02  3.821125e-02
 2.80000e+00 -2.00000e+00       4.469e+15  8.036146e-01  0.000000e+00  3.282061e-01  1.963854e-01
 3.50000e+00 -2.00000e+00       2.813e+15  5.248314e-01  0.000000e+00  7.459654e-01  4.751686e-01
 4.20000e+00 -2.00000e+00       1.574e+15  1.845741e-01  0.000000e+00  8.957020e-01  8.154259e-01
 4.90000e+00 -2.00000e+00       7.556e+14 -2.146228e-01  0.000000e+00  8.951375e-01  7.853772e-01
 5.60000e+00 -2.00000e+00       3.215e+14 -5.569190e-01  0.000000e+00  7.482799e-01  4.430810e-01
 6.30000e+00 -2.00000e+00       1.182e+14 -7.958098e-01  0.000000e+00  5.140545e-01  2.041902e-01
 7.00000e+00 -2.00000e+00       3.634e+13 -9.262689e-01  0.000000e+00  2.554083e-01  7.373110e-02
-7.00000e+00 -1.60000e+00       4.213e+13 -9.348386e-01  0.000000e+00  1.973364e-01  6.516138e-02
-6.30000e+00 -1.60000e+00       1.276e+14 -9.268069e-01  0.000000e+00 -1.167512e-01  7.319310e-02
-5.60000e+00 -1.60000e+00       3.274e+14 -7.802558e-01  0.000000e+00 -4.669294e-01  2.197442e-01
-4.90000e+00 -1.60000e+00       7.491e+14 -4.605581e-01  0.000000e+00 -7.620478e-01  5.394419e-01
-4.20000e+00 -1.60000e+00       1.584e+15 -2.411827e-02  0.000000e+00 -8.923462e-01  9.758817e-01
-3.50000e+00 -1.60000e+00       3.068e+15  4.116522e-01  0.000000e+00 -7.856122e-01  5.883478e-01
-2.80000e+00 -1.60000e+00       5.862e+15  7.701719e-01  0.000000e+00 -5.344624e-01  2.298281e-01
-2.10000e+00 -1.60000e+00       7.024e+15  8.863900e-01  0.000000e+00 -4.346497e-01  1.136100e-01
-1.40000e+00 -1.60000e+00       3.042e+15  9.045063e-01  0.000000e+00 -4.105995e-01  9.549367e-02
-7.00000e-01 -1.60000e+00       4.436e+14  8.692376e-01  0.000000e+00 -3.435279e-01  1.307624e-01
 0.00000e+00 -1.60000e+00       8.115e+13  5.797025e-01  0.000000e+00 -1.936124e-15  4.202975e-01
 7.00000e-01 -1.60000e+00       4.436e+14  8.692376e-01  0.000000e+00  3.435279e-01  1.307624e-01
 1.40000e+00 -1.60000e+00       3.042e+15  9.045063e-01  0.000000e+00  4.105995e-01  9.549367e-02
 2.10000e+00 -1.60000e+00       7.024e+15  8.863900e-01  0.000000e+00  4.346497e-01  1.136100e-01
 2.80000e+00 -1.60000e+00       5.862e+15  7.701719e-01  0.000000e+00  5.344624e-01  2.298281e-01
 3.50000e+00 -1.60000e+00       3.068e+15  4.116522e-01  0.000000e+00  7.856122e-01  5.883478e-01
 4.20000e+00 -1.60000e+00       1.584e+15 -2.411827e-02  0.000000e+00  8.923462e-01  9.758817e-01
 4.90000e+00 -1.60000e+00       7.491e+14 -4.605581e-01  0.000000e+00  7.620478e-01  5.394419e-01
 5.60000e+00 -1.60000e+00       3.274e+14 -7.802558e-01  0.000000e+00  4.669294e-01  2.197442e-01
 6.30000e+00 -1.60000e+00       1.276e+14 -9.268069e-01  0.000000e+00  1.167512e-01  7.319310e-02
 7.00000e+00 -1.60000e+00       4.213e+13 -9.348386e-01  0.000000e+00 -1.973364e-01  6.516138e-02
-7.00000e+00 -1.20000e+00       4.206e+13 -6.910414e-01  0.000000e+00  6.544132e-01  3.089586e-01
-6.30000e+00 -1.20000e+00       1.153e+14 -8.433731e-01  0.000000e+00  3.573843e-01  1.566269e-01
-5.60000e+00 -1.20000e+00       2.702e+14 -8.610403e-01  0.000000e+00 -7.969521e-02  1.389597e-01
-4.90000e+00 -1.20000e+00       5.911e+14 -6.128500e-01  0.000000e+00 -5.527809e-01  3.871500e-01
-4.20000e+00 -1.20000e+00       1.284e+15 -1.323128e-01  0.000000e+00 -8.301241e-01  8.676872e-01
-3.50000e+00 -1.20000e+00       2.825e+15  3.930427e-01  0.000000e+00 -7.859260e-01  6.069573e-01
-2.80000e+00 -1.20000e+00       5.365e+15  6.975730e-01  0.000000e+00 -6.615946e-01  3.024270e-01
-2.10000e+00 -1.20000e+00       4.749e+15  7.729023e-01  0.000000e+00 -6.184914e-01  2.270977e-01
-1.40000e+00 -1.20000e+00       1.496e+15  7.737171e-01  0.000000e+00 -5.292173e-01  2.262829e-01
-7.00000e-01 -1.20000e+00       4.476e+14  4.920748e-01  0.000000e+00  8.641745e-02  5.079252e-01
 0.00000e+00 -1.20000e+00       4.535e+14  2.679226e-01  0.000000e+00  8.449356e-16  7.320774e-01
 7.00000e-01 -1.20000e+00       4.476e+14  4.920748e-01  0.000000e+00 -8.641745e-02  5.079252e-01
 1.40000e+00 -1.20000e+00       1.496e+15  7.737171e-01  0.000000e+00  5.292173e-01  2.262829e-01
 2.10000e+00 -1.20000e+00       4.749e+15  7.729023e-01  0.000000e+00  6.184914e-01  2.270977e-01
 2.80000e+00 -1.20000e+00       5.365e+15  6.975730e-01  0.000000e+00  6.615946e-01  3.024270e-01
 3.50000e+00 -1.20000e+00       2.825e+15  3.930427e-01  0.000000e+00  7.859260e-01  6.069573e-01
 4.20000e+00 -1.20000e+00       1.284e+15 -1.323128e-01  0.000000e+00  8.301241e-01  8.676872e-01
 4.90000e+00 -1.20000e+00       5.911e+14 -6.128500e-01  0.000000e+00  5.527809e-01  3.871500e-01
 5.60000e+00 -1.20000e+00       2.702e+14 -8.610403e-01  0.000000e+00  7.969521e-02  1.389597e-01
 6.30000e+00 -1.20000e+00       1.153e+14 -8.433731e-01  0.000000e+00 -3.573843e-01  1.566269e-01
 7.00000e+00 -1.20000e+00       4.206e+13 -6.910414e-01  0.000000e+00 -6.544132e-01  3.089586e-01
-7.00000e+00 -8.00000e-01       3.908e+13 -1.429259e-01  0.000000e+00  9.423527e-01  8.570741e-01
-6.30000e+00 -8.00000e-01       9.658e+13 -4.461574e-01  0.000000e+00  7.925623e-01  5.538426e-01
-5.60000e+00 -8.00000e-01       1.950e+14 -6.851067e-01  0.000000e+00  4.552791e-01  3.148933e-01
-4.90000e+00 -8.00000e-01       3.440e+14 -5.985588e-01  0.000000e+00 -1.892904e-01  4.014412e-01
-4.20000e+00 -8.00000e-01       7.738e+14 -2.406196e-02  0.000000e+00 -7.301982e-01  9.759380e-01
-3.50000e+00 -8.00000e-01       2.118e+15  5.174814e-01  0.000000e+00 -7.276495e-01  4.825186e-01
-2.80000e+00 -8.00000e-01       4.034e+15  7.306337e-01  0.000000e+00 -6.236171e-01  2.693663e-01
-2.10000e+00 -8.00000e-01       5.389e+15  8.593550e-01  0.000000e+00 -1.820071e-01  1.406450e-01
-1.40000e+00 -8.00000e-01       1.655e+16  9.468434e-01  0.000000e+00  2.560742e-01  5.315660e-02
-7.00000e-01 -8.00000e-01       3.132e+16  9.506098e-01  0.000000e+00  2.479470e-01  4.939020e-02
 0.00000e+00 -8.00000e-01       3.142e+16  9.484293e-01  0.000000e+00  2.077640e-15  5.157067e-02
 7.00000e-01 -8.00000e-01       3.132e+16  9.506098e-01  0.000000e+00 -2.479470e-01  4.939020e-02
 1.40000e+00 -8.00000e-01       1.655e+16  9.468434e-01  0.000000e+00 -2.560742e-01  5.315660e-02
 2.10000e+00 -8.00000e-01       5.389e+15  8.593550e-01  0.000000e+00  1.820071e-01  1.406450e-01
 2.80000e+00 -8.00000e-01       4.034e+15  7.306337e-01  0.000000e+00  6.236171e-01  2.693663e-01
 3.50000e+00 -8.00000e-01       2.118e+15  5.174814e-01  0.000000e+00  7.276495e-01  4.825186e-01
 4.20000e+00 -8.00000e-01       7.738e+14 -2.406196e-02  0.000000e+00  7.301982e-01  9.759380e-01
 4.90000e+00 -8.00000e-01       3.440e+14 -5.985588e-01  0.000000e+00  1.892904e-01  4.014412e-01
 5.60000e+00 -8.00000e-01       1.950e+14 -6.851067e-01  0.000000e+00 -4.552791e-01  3.148933e-01
 6.30000e+00 -8.00000e-01       9.658e+13 -4.461574e-01  0.000000e+00 -7.925623e-01  5.538426e-01
 7.00000e+00 -8.00000e-01       3.908e+13 -1.429259e-01  0.000000e+00 -9.423527e-01  8.570741e-01
-7.00000e+00 -4.00000e-01       3.208e+13  6.036208e-01  0.000000e+00  7.737417e-01  3.963792e-01
-6.30000e+00 -4.00000e-01       6.361e+13  4.114837e-01  0.000000e+00  8.463952e-01  5.885163e-01
-5.60000e+00 -4.00000e-01       9.456e+13  7.198575e-02  0.000000e+00  7.561663e-01  9.280142e-01
-4.90000e+00 -4.00000e-01       1.488e+14 -1.204551e-01  0.000000e+00  4.139984e-02  8.795449e-01
-4.20000e+00 -4.00000e-01       4.309e+14  3.990143e-01  0.000000e+00 -5.749888e-01  6.009857e-01
-3.50000e+00 -4.00000e-01       1.515e+15  7.829402e-01  0.000000e+00 -5.122779e-01  2.170598e-01
-2.80000e+00 -4.00000e-01       3.254e+15  8.974683e-01  0.000000e+00 -3.763083e-01  1.025317e-01
-2.10000e+00 -4.00000e-01       8.094e+15  9.776995e-01  0.000000e+00 -6.770131e-02  2.230047e-02
-1.40000e+00 -4.00000e-01       2.408e+16  9.979388e-01  0.000000e+00  2.593664e-02  2.061150e-03
-7.00000e-01 -4.00000e-01       2.747e+16  9.989612e-01  0.000000e+00  3.094377e-02  1.038769e-03
 0.00000e+00 -4.00000e-01       1.789e+16  9.985326e-01  0.000000e+00  7.266152e-17  1.467381e-03
 7.00000e-01 -4.00000e-01       2.747e+16  9.989612e-01  0.000000e+00 -3.094377e-02  1.038769e-03
 1.40000e+00 -4.00000e-01       2.408e+16  9.979388e-01  0.000000e+00 -2.593664e-02  2.061150e-03
 2.10000e+00 -4.00000e-01       8.094e+15  9.776995e-01  0.000000e+00  6.770131e-02  2.230047e-02
 2.80000e+00 -4.00000e-01       3.254e+15  8.974683e-01  0.000000e+00  3.763083e-01  1.025317e-01
 3.50000e+00 -4.00000e-01       1.515e+15  7.829402e-01  0.000000e+00  5.122779e-01  2.170598e-01
 4.20000e+00 -4.00000e-01       4.309e+14  3.990143e-01  0.000000e+00  5.749888e-01  6.009857e-01
 4.90000e+00 -4.00000e-01       1.488e+14 -1.204551e-01  0.000000e+00 -4.139984e-02  8.795449e-01
 5.60000e+00 -4.00000e-01       9.456e+13  7.198575e-02  0.000000e+00 -7.561663e-01  9.280142e-01
 6.30000e+00 -4.00000e-01       6.361e+13  4.114837e-01  0.000000e+00 -8.463952e-01  5.885163e-01
 7.00000e+00 -4.00000e-01       3.208e+13  6.036208e-01  0.000000e+00 -7.737417e-01  3.963792e-01
-7.00000e+00  0.00000e+00       3.099e+13  9.998603e-01  0.000000e+00 -2.943097e-09  1.397155e-04
-6.30000e+00  0.00000e+00       5.141e+13  9.998614e-01  0.000000e+00 -1.824947e-08  1.385931e-04
-5.60000e+00  0.00000e+00       5.847e+13  9.996505e-01  0.000000e+00 -7.143730e-08  3.494637e-04
-4.90000e+00  0.00000e+00       6.864e+13  9.983588e-01  0.000000e+00 -1.428256e-07  1.641151e-03
-4.20000e+00  0.00000e+00       2.831e+14  9.987020e-01  0.000000e+00 -2.988664e-08  1.298018e-03
-3.50000e+00  0.00000e+00       1.312e+15  9.996014e-01  0.000000e+00  7.914754e-09  3.986112e-04
-2.80000e+00  0.00000e+00       3.134e+15  9.998960e-01  0.000000e+00  2.783876e-08  1.039705e-04
-2.10000e+00  0.00000e+00       9.082e+15  9.999860e-01  0.000000e+00  1.924569e-08  1.395292e-05
-1.40000e+00  0.00000e+00       2.506e+16  9.999788e-01  0.000000e+00  4.430505e-09  2.123444e-05
-7.00000e-01  0.00000e+00       2.490e+16  9.999098e-01  0.000000e+00  9.548499e-10  9.021036e-05
 0.00000e+00  0.00000e+00       1.430e+16  9.997530e-01  0.000000e+00 -6.170924e-19  2.469582e-04
 7.00000e-01  0.00000e+00       2.490e+16  9.999098e-01  0.000000e+00 -9.548499e-10  9.021036e-05
 1.40000e+00  0.00000e+00       2.506e+16  9.999788e-01  0.000000e+00 -4.430505e-09  2.123444e-05
 2.10000e+00  0.00000e+00       9.082e+15  9.999860e-01  0.000000e+00 -1.924569e-08  1.395292e-05
 2.80000e+00  0.00000e+00       3.134e+15  9.998960e-01  0.000000e+00 -2.783876e-08  1.039705e-04
 3.50000e+00  0.00000e+00       1.312e+15  9.996014e-01  0.000000e+00 -7.914753e-09  3.986112e-04
 4.20000e+00  0.00000e+00       2.831e+14  9.987020e-01  0.000000e+00  2.988664e-08  1.298018e-03
 4.90000e+00  0.00000e+00       6.864e+13  9.983588e-01  0.000000e+00  1.428256e-07  1.641151e-03
 5.60000e+00  0.00000e+00       5.847e+13  9.996505e-01  0.000000e+00  7.143730e-08  3.494637e-04
 6.30000e+00  0.00000e+00       5.141e+13  9.998614e-01  0.000000e+00  1.824947e-08  1.385931e-04
 7.00000e+00  0.00000e+00       3.099e+13  9.998603e-01  0.000000e+00  2.943095e-09  1.397155e-04
-7.00000e+00  4.00000e-01       3.208e+13  6.036208e-01  0.000000e+00 -7.737417e-01  3.963792e-01
-6.30000e+00  4.00000e-01       6.361e+13  4.114837e-01  0.000000e+00 -8.463952e-01  5.885163e-01
-5.60000e+00  4.00000e-01       9.456e+13  7.198575e-02  0.000000e+00 -7.561664e-01  9.280142e-01
-4.90000e+00  4.00000e-01       1.488e+14 -1.204551e-01  0.000000e+00 -4.139997e-02  8.795449e-01
-4.20000e+00  4.00000e-01       4.309e+14  3.990143e-01  0.000000e+00  5.749887e-01  6.009857e-01
-3.50000e+00  4.00000e-01       1.515e+15  7.829402e-01  0.000000e+00  5.122779e-01  2.170598e-01
-2.80000e+00  4.00000e-01       3.254e+15  8.974683e-01  0.000000e+00  3.763083e-01  1.025317e-01
-2.10000e+00  4.00000e-01       8.094e+15  9.776995e-01  0.000000e+00  6.770135e-02  2.230047e-02
-1.40000e+00  4.00000e-01       2.408e+16  9.979388e-01  0.000000e+00 -2.593663e-02  2.061150e-03
-7.00000e-01  4.00000e-01       2.747e+16  9.989612e-01  0.000000e+00 -3.094377e-02  1.038769e-03
 0.00000e+00  4.00000e-01       1.789e+16  9.985326e-01  0.000000e+00 -7.233992e-17  1.467381e-03
 7.00000e-01  4.00000e-01       2.747e+16  9.989612e-01  0.000000e+00  3.094377e-02  1.038769e-03
 1.40000e+00  4.00000e-01       2.408e+16  9.979388e-01  0.000000e+00  2.593663e-02  2.061150e-03
 2.10000e+00  4.00000e-01       8.094e+15  9.776995e-01  0.000000e+00 -6.770135e-02  2.230047e-02
 2.80000e+00  4.00000e-01       3.254e+15  8.974683e-01  0.000000e+00 -3.763083e-01  1.025317e-01
 3.50000e+00  4.00000e-01       1.515e+15  7.829402e-01  0.000000e+00 -5.122779e-01  2.170598e-01
 4.20000e+00  4.00000e-01       4.309e+14  3.990143e-01  0.000000e+00 -5.749887e-01  6.009857e-01
 4.90000e+00  4.00000e-01       1.488e+14 -1.204551e-01  0.000000e+00  4.139997e-02  8.795449e-01
 5.60000e+00  4.00000e-01       9.456e+13  7.198575e-02  0.000000e+00  7.561664e-01  9.280142e-01
 6.30000e+00  4.00000e-01       6.361e+13  4.114837e-01  0.000000e+00  8.463952e-01  5.885163e-01
 7.00000e+00  4.00000e-01       3.208e+13  6.036208e-01  0.000000e+00  7.737417e-01  3.963792e-01
-7.00000e+00  8.00000e-01       3.908e+13 -1.429259e-01  0.000000e+00 -9.423527e-01  8.570741e-01
-6.30000e+00  8.00000e-01       9.658e+13 -4.461574e-01  0.000000e+00 -7.925623e-01  5.538426e-01
-5.60000e+00  8.00000e-01       1.950e+14 -6.851067e-01  0.000000e+00 -4.552791e-01  3.148933e-01
-4.90000e+00  8.00000e-01       3.440e+14 -5.985588e-01  0.000000e+00  1.892903e-01  4.014412e-01
-4.20000e+00  8.00000e-01       7.738e+14 -2.406197e-02  0.000000e+00  7.301981e-01  9.759380e-01
-3.50000e+00  8.00000e-01       2.118e+15  5.174814e-01  0.000000e+00  7.276495e-01  4.825186e-01
-2.80000e+00  8.00000e-01       4.034e+15  7.306337e-01  0.000000e+00  6.236172e-01  2.693663e-01
-2.10000e+00  8.00000e-01       5.389e+15  8.593550e-01  0.000000e+00  1.820072e-01  1.406450e-01
-1.40000e+00  8.00000e-01       1.655e+16  9.468434e-01  0.000000e+00 -2.560741e-01  5.315660e-02
-7.00000e-01  8.00000e-01       3.132e+16  9.506098e-01  0.000000e+00 -2.479470e-01  4.939020e-02
 0.00000e+00  8.00000e-01       3.142e+16  9.484293e-01  0.000000e+00 -2.254990e-15  5.157067e-02
 7.00000e-01  8.00000e-01       3.132e+16  9.506098e-01  0.000000e+00  2.479470e-01  4.939020e-02
 1.40000e+00  8.00000e-01       1.655e+16  9.468434e-01  0.000000e+00  2.560741e-01  5.315660e-02
 2.10000e+00  8.00000e-01       5.389e+15  8.593550e-01  0.000000e+00 -1.820072e-01  1.406450e-01
 2.80000e+00  8.00000e-01       4.034e+15  7.306337e-01  0.000000e+00 -6.236172e-01  2.693663e-01
 3.50000e+00  8.00000e-01       2.118e+15  5.174814e-01  0.000000e+00 -7.276495e-01  4.825186e-01
 4.20000e+00  8.00000e-01       7.738e+14 -2.406197e-02  0.000000e+00 -7.301981e-01  9.759380e-01
 4.90000e+00  8.00000e-01       3.440e+14 -5.985588e-01  0.000000e+00 -1.892903e-01  4.014412e-01
 5.60000e+00  8.00000e-01       1.950e+14 -6.851067e-01  0.000000e+00  4.552791e-01  3.148933e-01
 6.30000e+00  8.00000e-01       9.658e+13 -4.461574e-01  0.000000e+00  7.925623e-01  5.538426e-01
 7.00000e+00  8.00000e-01       3.908e+13 -1.429259e-01  0.000000e+00  9.423527e-01  8.570741e-01
-7.00000e+00  1.20000e+00       4.206e+13 -6.910413e-01  0.000000e+00 -6.544132e-01  3.089587e-01
-6.30000e+00  1.20000e+00       1.153e+14 -8.433730e-01  0.000000e+00 -3.573843e-01  1.566270e-01
-5.60000e+00  1.20000e+00       2.702e+14 -8.610403e-01  0.000000e+00  7.969518e-02  1.389597e-01
-4.90000e+00  1.20000e+00       5.911e+14 -6.128500e-01  0.000000e+00  5.527809e-01  3.871500e-01
-4.20000e+00  1.20000e+00       1.284e+15 -1.323128e-01  0.000000e+00  8.301240e-01  8.676872e-01
-3.50000e+00  1.20000e+00       2.825e+15  3.930427e-01  0.000000e+00  7.859260e-01  6.069573e-01
-2.80000e+00  1.20000e+00       5.365e+15  6.975730e-01  0.000000e+00  6.615946e-01  3.024270e-01
-2.10000e+00  1.20000e+00       4.749e+15  7.729024e-01  0.000000e+00  6.184915e-01  2.270976e-01
-1.40000e+00  1.20000e+00       1.496e+15  7.737171e-01  0.000000e+00  5.292175e-01  2.262829e-01
-7.00000e-01  1.20000e+00       4.476e+14  4.920748e-01  0.000000e+00 -8.641733e-02  5.079252e-01
 0.00000e+00  1.20000e+00       4.535e+14  2.679226e-01  0.000000e+00 -2.235948e-15  7.320774e-01
 7.00000e-01  1.20000e+00       4.476e+14  4.920748e-01  0.000000e+00  8.641733e-02  5.079252e-01
 1.40000e+00  1.20000e+00       1.496e+15  7.737171e-01  0.000000e+00 -5.292175e-01  2.262829e-01
 2.10000e+00  1.20000e+00       4.749e+15  7.729024e-01  0.000000e+00 -6.184915e-01  2.270976e-01
 2.80000e+00  1.20000e+00       5.365e+15  6.975730e-01  0.000000e+00 -6.615946e-01  3.024270e-01
 3.50000e+00  1.20000e+00       2.825e+15  3.930427e-01  0.000000e+00 -7.859260e-01  6.069573e-01
 4.20000e+00  1.20000e+00       1.284e+15 -1.323128e-01  0.000000e+00 -8.301240e-01  8.676872e-01
 4.90000e+00  1.20000e+00       5.911e+14 -6.128500e-01  0.000000e+00 -5.527809e-01  3.871500e-01
 5.60000e+00  1.20000e+00       2.702e+14 -8.610403e-01  0.000000e+00 -7.969518e-02  1.389597e-01
 6.30000e+00  1.20000e+00       1.153e+14 -8.433730e-01  0.000000e+00  3.573843e-01  1.566270e-01
 7.00000e+00  1.20000e+00       4.206e+13 -6.910413e-01  0.000000e+00  6.544132e-01  3.089587e-01
-7.00000e+00  1.60000e+00       4.213e+13 -9.348386e-01  0.000000e+00 -1.973364e-01  6.516140e-02
-6.30000e+00  1.60000e+00       1.276e+14 -9.268069e-01  0.000000e+00  1.167512e-01  7.319313e-02
-5.60000e+00  1.60000e+00       3.274e+14 -7.802558e-01  0.000000e+00  4.669294e-01  2.197442e-01
-4.90000e+00  1.60000e+00       7.491e+14 -4.605581e-01  0.000000e+00  7.620478e-01  5.394419e-01
-4.20000e+00  1.60000e+00       1.584e+15 -2.411829e-02  0.000000e+00  8.923462e-01  9.758817e-01
-3.50000e+00  1.60000e+00       3.068e+15  4.116522e-01  0.000000e+00  7.856122e-01  5.883478e-01
-2.80000e+00  1.60000e+00       5.862e+15  7.701719e-01  0.000000e+00  5.344625e-01  2.298281e-01
-2.10000e+00  1.60000e+00       7.024e+15  8.863900e-01  0.000000e+00  4.346498e-01  1.136100e-01
-1.40000e+00  1.60000e+00       3.042e+15  9.045063e-01  0.000000e+00  4.105996e-01  9.549366e-02
-7.00000e-01  1.60000e+00       4.436e+14  8.692376e-01  0.000000e+00  3.435280e-01  1.307624e-01
 0.00000e+00  1.60000e+00       8.115e+13  5.797025e-01  0.000000e+00  1.969405e-15  4.202975e-01
 7.00000e-01  1.60000e+00       4.436e+14  8.692376e-01  0.000000e+00 -3.435280e-01  1.307624e-01
 1.40000e+00  1.60000e+00       3.042e+15  9.045063e-01  0.000000e+00 -4.105996e-01  9.549366e-02
 2.10000e+00  1.60000e+00       7.024e+15  8.863900e-01  0.000000e+00 -4.346498e-01  1.136100e-01
 2.80000e+00  1.60000e+00       5.862e+15  7.701719e-01  0.000000e+00 -5.344625e-01  2.298281e-01
 3.50000e+00  1.60000e+00       3.068e+15  4.116522e-01  0.000000e+00 -7.856122e-01  5.883478e-01
 4.20000e+00  1.60000e+00       1.584e+15 -2.411829e-02  0.000000e+00 -8.923462e-01  9.758817e-01
 4.90000e+00  1.60000e+00       7.491e+14 -4.605581e-01  0.000000e+00 -7.620478e-01  5.394419e-01
 5.60000e+00  1.60000e+00       3.274e+14 -7.802558e-01  0.000000e+00 -4.669294e-01  2.197442e-01
 6.30000e+00  1.60000e+00       1.276e+14 -9.268069e-01  0.000000e+00 -1.167512e-01  7.319313e-02
 7.00000e+00  1.60000e+00       4.213e+13 -9.348386e-01  0.000000e+00  1.973364e-01  6.516140e-02
-7.00000e+00  2.00000e+00       3.634e+13 -9.262689e-01  0.000000e+00  2.554083e-01  7.373113e-02
-6.30000e+00  2.00000e+00       1.182e+14 -7.958098e-01  0.000000e+00  5.140544e-01  2.041902e-01
-5.60000e+00  2.00000e+00       3.215e+14 -5.569190e-01  0.000000e+00  7.482798e-01  4.430810e-01
-4.90000e+00  2.00000e+00       7.556e+14 -2.146228e-01  0.000000e+00  8.951375e-01  7.853772e-01
-4.20000e+00  2.00000e+00       1.574e+15  1.845741e-01  0.000000e+00  8.957020e-01  8.154259e-01
-3.50000e+00  2.00000e+00       2.813e+15  5.248314e-01  0.000000e+00  7.459654e-01  4.751686e-01
-2.80000e+00  2.00000e+00       4.469e+15  8.036146e-01  0.000000e+00  3.282062e-01  1.963854e-01
-2.10000e+00  2.00000e+00       7.013e+15  9.617888e-01  0.000000e+00 -1.227613e-02  3.821124e-02
-1.40000e+00  2.00000e+00       5.262e+15  9.893004e-01  0.000000e+00 -8.164342e-02  1.069956e-02
-7.00000e-01  2.00000e+00       1.290e+15  9.827151e-01  0.000000e+00 -9.280130e-02  1.728489e-02
 0.00000e+00  2.00000e+00       2.086e+14  9.168789e-01  0.000000e+00 -1.466881e-15  8.312114e-02
 7.00000e-01  2.00000e+00       1.290e+15  9.827151e-01  0.000000e+00  9.280130e-02  1.728489e-02
 1.40000e+00  2.00000e+00       5.262e+15  9.893004e-01  0.000000e+00  8.164342e-02  1.069956e-02
 2.10000e+00  2.00000e+00       7.013e+15  9.617888e-01  0.000000e+00  1.227613e-02  3.821124e-02
 2.80000e+00  2.00000e+00       4.469e+15  8.036146e-01  0.000000e+00 -3.282062e-01  1.963854e-01
 3.50000e+00  2.00000e+00       2.813e+15  5.248314e-01  0.000000e+00 -7.459654e-01  4.751686e-01
 4.20000e+00  2.00000e+00       1.574e+15  1.845741e-01  0.000000e+00 -8.957020e-01  8.154259e-01
 4.90000e+00  2.00000e+00       7.556e+14 -2.146228e-01  0.000000e+00 -8.951375e-01  7.853772e-01
 5.60000e+00  2.00000e+00       3.215e+14 -5.569190e-01  0.000000e+00 -7.482798e-01  4.430810e-01
 6.30000e+00  2.00000e+00       1.182e+14 -7.958098e-01  0.000000e+00 -5.140544e-01  2.041902e-01
 7.00000e+00  2.00000e+00       3.634e+13 -9.262689e-01  0.000000e+00 -2.554083e-01  7.373113e-02
-7.00000e+00  2.40000e+00       2.647e+13 -7.332195e-01  0.000000e+00  6.274630e-01  2.667805e-01
-6.30000e+00  2.40000e+00       9.082e+13 -5.243846e-01  0.000000e+00  7.987270e-01  4.756154e-01
-5.60000e+00  2.40000e+00       2.569e+14 -2.419486e-01  0.000000e+00  9.132514e-01  7.580514e-01
-4.90000e+00  2.40000e+00       6.134e+14  9.435670e-02  0.000000e+00  9.295117e-01  9.056433e-01
-4.20000e+00  2.40000e+00       1.249e+15  4.373738e-01  0.000000e+00  8.100698e-01  5.626262e-01
-3.50000e+00  2.40000e+00       2.192e+15  7.315349e-01  0.000000e+00  5.664585e-01  2.684651e-01
-2.80000e+00  2.40000e+00       2.781e+15  8.045526e-01  0.000000e+00  2.881647e-01  1.954474e-01
-2.10000e+00  2.40000e+00       3.064e+15  4.161386e-01  0.000000e+00 -4.636444e-01  5.838614e-01
-1.40000e+00  2.40000e+00       4.147e+15  1.349935e-01  0.000000e+00 -9.245838e-01  8.650065e-01
-7.00000e-01  2.40000e+00       2.550e+15  9.499975e-02  0.000000e+00 -9.458670e-01  9.050002e-01
 0.00000e+00  2.40000e+00       9.756e+14  8.928989e-02  0.000000e+00 -1.255641e-14  9.107101e-01
 7.00000e-01  2.40000e+00       2.550e+15  9.499975e-02  0.000000e+00  9.458670e-01  9.050002e-01
 1.40000e+00  2.40000e+00       4.147e+15  1.349935e-01  0.000000e+00  9.245838e-01  8.650065e-01
 2.10000e+00  2.40000e+00       3.064e+15  4.161386e-01  0.000000e+00  4.636444e-01  5.838614e-01
 2.80000e+00  2.40000e+00       2.781e+15  8.045526e-01  0.000000e+00 -2.881647e-01  1.954474e-01
 3.50000e+00  2.40000e+00       2.192e+15  7.315349e-01  0.000000e+00 -5.664585e-01  2.684651e-01
 4.20000e+00  2.40000e+00       1.249e+15  4.373738e-01  0.000000e+00 -8.100698e-01  5.626262e-01
 4.90000e+00  2.40000e+00       6.134e+14  9.435670e-02  0.000000e+00 -9.295117e-01  9.056433e-01
 5.60000e+00  2.40000e+00       2.569e+14 -2.419486e-01  0.000000e+00 -9.132514e-01  7.580514e-01
 6.30000e+00  2.40000e+00       9.082e+13 -5.243846e-01  0.000000e+00 -7.987270e-01  4.756154e-01
 7.00000e+00  2.40000e+00       2.647e+13 -7.332195e-01  0.000000e+00 -6.274630e-01  2.667805e-01
-7.00000e+00  2.80000e+00       1.599e+13 -4.088130e-01  0.000000e+00  8.765166e-01  5.911870e-01
-6.30000e+00  2.80000e+00       5.710e+13 -1.596623e-01  0.000000e+00  9.458120e-01  8.403377e-01
-5.60000e+00  2.80000e+00       1.658e+14  1.296535e-01  0.000000e+00  9.405417e-01  8.703465e-01
-4.90000e+00  2.80000e+00       3.975e+14  4.316953e-01  0.000000e+00  8.318396e-01  5.683047e-01
-4.20000e+00  2.80000e+00       7.887e+14  6.954706e-01  0.000000e+00  6.059826e-01  3.045294e-01
-3.50000e+00  2.80000e+00       1.279e+15  8.462862e-01  0.000000e+00  2.222930e-01  1.537138e-01
-2.80000e+00  2.80000e+00       1.778e+15  8.922865e-01  0.000000e+00 -2.201275e-01  1.077135e-01
-2.10000e+00  2.80000e+00       1.430e+15  8.939424e-01  0.000000e+00 -3.881474e-01  1.060576e-01
-1.40000e+00  2.80000e+00       4.550e+14  8.312899e-01  0.000000e+00 -3.421218e-01  1.687101e-01
-7.00000e-01  2.80000e+00       2.020e+14  6.507291e-01  0.000000e+00  1.185335e-01  3.492709e-01
 0.00000e+00  2.80000e+00       2.587e+14  7.175180e-01  0.000000e+00 -4.538344e-19  2.824820e-01
 7.00000e-01  2.80000e+00       2.020e+14  6.507291e-01  0.000000e+00 -1.185335e-01  3.492709e-01
 1.40000e+00  2.80000e+00       4.550e+14  8.312899e-01  0.000000e+00  3.421218e-01  1.687101e-01
 2.10000e+00  2.80000e+00       1.430e+15  8.939424e-01  0.000000e+00  3.881474e-01  1.060576e-01
 2.80000e+00  2.80000e+00       1.778e+15  8.922865e-01  0.000000e+00  2.201275e-01  1.077135e-01
 3.50000e+00  2.80000e+00       1.279e+15  8.462862e-01  0.000000e+00 -2.222930e-01  1.537138e-01
 4.20000e+00  2.80000e+00       7.887e+14  6.954706e-01  0.000000e+00 -6.059826e-01  3.045294e-01
 4.90000e+00  2.80000e+00       3.975e+14  4.316953e-01  0.000000e+00 -8.318396e-01  5.683047e-01
 5.60000e+00  2.80000e+00       1.658e+14  1.296535e-01  0.000000e+00 -9.405417e-01  8.703465e-01
 6.30000e+00  2.80000e+00       5.710e+13 -1.596623e-01  0.000000e+00 -9.458120e-01  8.403377e-01
 7.00000e+00  2.80000e+00       1.599e+13 -4.088130e-01  0.000000e+00 -8.765166e-01  5.911870e-01
-7.00000e+00  3.20000e+00       7.865e+12 -7.903697e-05  0.000000e+00  9.665898e-01  9.999210e-01
-6.30000e+00  3.20000e+00       2.889e+13  2.533833e-01  0.000000e+00  9.246031e-01  7.466167e-01
-5.60000e+00  3.20000e+00       8.500e+13  5.121493e-01  0.000000e+00  7.971203e-01  4.878507e-01
-4.90000e+00  3.20000e+00       2.020e+14  7.388763e-01  0.000000e+00  5.662062e-01  2.611237e-01
-4.20000e+00  3.20000e+00       3.882e+14  8.762426e-01  0.000000e+00  2.198616e-01  1.237574e-01
-3.50000e+00  3.20000e+00       5.933e+14  8.414677e-01  0.000000e+00 -1.517038e-01  1.585323e-01
-2.80000e+00  3.20000e+00       7.094e+14  2.972391e-01  0.000000e+00 -4.515801e-01  7.027609e-01
-2.10000e+00  3.20000e+00       8.382e+14 -4.517511e-01  0.000000e+00 -6.587288e-01  5.482489e-01
-1.40000e+00  3.20000e+00       5.639e+14 -6.524692e-01  0.000000e+00 -6.954413e-01  3.475308e-01
-7.00000e-01  3.20000e+00       1.334e+14 -6.496554e-01  0.000000e+00 -6.510648e-01  3.503446e-01
 0.00000e+00  3.20000e+00       2.512e+13 -4.114674e-01  0.000000e+00  5.443679e-15  5.885326e-01
 7.00000e-01  3.20000e+00       1.334e+14 -6.496554e-01  0.000000e+00  6.510648e-01  3.503446e-01
 1.40000e+00  3.20000e+00       5.639e+14 -6.524692e-01  0.000000e+00  6.954413e-01  3.475308e-01
 2.10000e+00  3.20000e+00       8.382e+14 -4.517511e-01  0.000000e+00  6.587288e-01  5.482489e-01
 2.80000e+00  3.20000e+00       7.094e+14  2.972391e-01  0.000000e+00  4.515801e-01  7.027609e-01
 3.50000e+00  3.20000e+00       5.933e+14  8.414677e-01  0.000000e+00  1.517038e-01  1.585323e-01
 4.20000e+00  3.20000e+00       3.882e+14  8.762426e-01  0.000000e+00 -2.198616e-01  1.237574e-01
 4.90000e+00  3.20000e+00       2.020e+14  7.388763e-01  0.000000e+00 -5.662062e-01  2.611237e-01
 5.60000e+00  3.20000e+00       8.500e+13  5.121493e-01  0.000000e+00 -7.971203e-01  4.878507e-01
 6.30000e+00  3.20000e+00       2.889e+13  2.533833e-01  0.000000e+00 -9.246031e-01  7.466167e-01
 7.00000e+00  3.20000e+00       7.865e+12 -7.903697e-05  0.000000e+00 -9.665898e-01  9.999210e-01
-7.00000e+00  3.60000e+00       3.110e+12  4.346644e-01  0.000000e+00  8.583941e-01  5.653356e-01
-6.30000e+00  3.60000e+00       1.158e+13  6.475128e-01  0.000000e+00  6.990260e-01  3.524872e-01
-5.60000e+00  3.60000e+00       3.374e+13  8.202036e-01  0.000000e+00  4.526057e-01  1.797964e-01
-4.90000e+00  3.60000e+00       7.797e+13  8.999050e-01  0.000000e+00  1.016608e-01  1.000950e-01
-4.20000e+00  3.60000e+00       1.466e+14  8.023422e-01  0.000000e+00 -2.942374e-01  1.976578e-01
-3.50000e+00  3.60000e+00       2.192e+14  3.892237e-01  0.000000e+00 -6.352091e-01  6.107763e-01
-2.80000e+00  3.60000e+00       2.685e+14  2.077449e-03  0.000000e+00 -7.641915e-01  9.979226e-01
-2.10000e+00  3.60000e+00       4.182e+14  5.437392e-01  0.000000e+00 -9.181646e-02  4.562608e-01
-1.40000e+00  3.60000e+00       1.128e+15  9.106321e-01  0.000000e+00  2.751527e-01  8.936789e-02
-7.00000e-01  3.60000e+00       1.353e+15  9.387031e-01  0.000000e+00  2.712007e-01  6.129691e-02
 0.00000e+00  3.60000e+00       9.319e+14  9.353621e-01  0.000000e+00  5.603632e-15  6.463785e-02
 7.00000e-01  3.60000e+00       1.353e+15  9.387031e-01  0.000000e+00 -2.712007e-01  6.129691e-02
 1.40000e+00  3.60000e+00       1.128e+15  9.106321e-01  0.000000e+00 -2.751527e-01  8.936789e-02
 2.10000e+00  3.60000e+00       4.182e+14  5.437392e-01  0.000000e+00  9.181646e-02  4.562608e-01
 2.80000e+00  3.60000e+00       2.685e+14  2.077449e-03  0.000000e+00  7.641915e-01  9.979226e-01
 3.50000e+00  3.60000e+00       2.192e+14  3.892237e-01  0.000000e+00  6.352091e-01  6.107763e-01
 4.20000e+00  3.60000e+00       1.466e+14  8.023422e-01  0.000000e+00  2.942374e-01  1.976578e-01
 4.90000e+00  3.60000e+00       7.797e+13  8.999050e-01  0.000000e+00 -1.016608e-01  1.000950e-01
 5.60000e+00  3.60000e+00       3.374e+13  8.202036e-01  0.000000e+00 -4.526057e-01  1.797964e-01
 6.30000e+00  3.60000e+00       1.158e+13  6.475128e-01  0.000000e+00 -6.990260e-01  3.524872e-01
 7.00000e+00  3.60000e+00       3.110e+12  4.346644e-01  0.000000e+00 -8.583941e-01  5.653356e-01
-7.00000e+00  4.00000e+00       9.404e+11  7.966139e-01  0.000000e+00  5.122505e-01  2.033861e-01
-6.30000e+00  4.00000e+00       3.525e+12  9.045717e-01  0.000000e+00  2.371393e-01  9.542832e-02
-5.60000e+00  4.00000e+00       1.030e+13  9.020252e-01  0.000000e+00 -1.073269e-01  9.797477e-02
-4.90000e+00  4.00000e+00       2.362e+13  7.154758e-01  0.000000e+00 -4.684343e-01  2.845242e-01
-4.20000e+00  4.00000e+00       4.348e+13  2.728739e-01  0.000000e+00 -7.054836e-01  7.271261e-01
-3.50000e+00  4.00000e+00       6.890e+13 -1.778032e-01  0.000000e+00 -5.139976e-01  8.221968e-01
-2.80000e+00  4.00000e+00       1.162e+14 -1.884773e-01  0.000000e+00  3.885807e-01  8.115227e-01
-2.10000e+00  4.00000e+00       1.627e+14 -9.538241e-02  0.000000e+00  8.860029e-01  9.046176e-01
-1.40000e+00  4.00000e+00       9.158e+13 -7.195178e-02  0.000000e+00  9.683981e-01  9.280482e-01
-7.00000e-01  4.00000e+00       1.718e+13 -8.363988e-02  0.000000e+00  9.018911e-01  9.163601e-01
 0.00000e+00  4.00000e+00       3.465e+12 -1.272478e-01  0.000000e+00  4.471608e-15  8.727522e-01
 7.00000e-01  4.00000e+00       1.718e+13 -8.363988e-02  0.000000e+00 -9.018911e-01  9.163601e-01
 1.40000e+00  4.00000e+00       9.158e+13 -7.195178e-02  0.000000e+00 -9.683981e-01  9.280482e-01
 2.10000e+00  4.00000e+00       1.627e+14 -9.538241e-02  0.000000e+00 -8.860029e-01  9.046176e-01
 2.80000e+00  4.00000e+00       1.162e+14 -1.884773e-01  0.000000e+00 -3.885807e-01  8.115227e-01
 3.50000e+00  4.00000e+00       6.890e+13 -1.778032e-01  0.000000e+00  5.139976e-01  8.221968e-01
 4.20000e+00  4.00000e+00       4.348e+13  2.728739e-01  0.000000e+00  7.054836e-01  7.271261e-01
 4.90000e+00  4.00000e+00       2.362e+13  7.154758e-01  0.000000e+00  4.684343e-01  2.845242e-01
 5.60000e+00  4.00000e+00       1.030e+13  9.020252e-01  0.000000e+00  1.073269e-01  9.797477e-02
 6.30000e+00  4.00000e+00       3.525e+12  9.045717e-01  0.000000e+00 -2.371393e-01  9.542832e-02
 7.00000e+00  4.00000e+00       9.404e+11  7.966139e-01  0.000000e+00 -5.122505e-01  2.033861e-01
