 EB(GeV)    EMITTANCEx EMITTANCEy SIZEx(m)   SIZEy(m)   DIVx(rad)  DIVy(rad)
 2.411e+00  5.499e-09  1.017e-12  8.711e-05  1.009e-06  6.313e-05  1.009e-06
 betax      alphax     betay      alphay     eta        deta       E_spread  
 1.380e+00  0.000e+00  1.000e+00  0.000e+00  0.000e+00  0.000e+00  8.600e-04
 Ibeam(A)   period(cm) #periods   Kx         Ky         Energy(eV)
 4.005e-01  1.900e+00         96  0.000e+00  1.780e+00  4.699e+03


           x            y       F.Density            PL            PC          PL45        1-|PL|
          mm           mm  ph/s/mr^2/0.1%             -             -             -             -
-7.00000e+00 -4.00000e+00       7.197e+08 -7.169381e-01  0.000000e+00 -7.807210e-02  2.830619e-01
-6.30000e+00 -4.00000e+00       1.607e+09 -3.490500e-01  0.000000e+00 -3.039102e-01  6.509500e-01
-5.60000e+00 -4.00000e+00       5.472e+09  2.326234e-01  0.000000e+00 -1.441920e-01  7.673766e-01
-4.90000e+00 -4.00000e+00       1.999e+10  3.773905e-01  0.000000e+00  2.548779e-01  6.226095e-01
-4.20000e+00 -4.00000e+00       4.601e+10  2.823691e-01  0.000000e+00  4.372118e-01  7.176309e-01
-3.50000e+00 -4.00000e+00       6.584e+10  2.211723e-01  0.000000e+00  2.474072e-01  7.788277e-01
-2.80000e+00 -4.00000e+00       1.024e+11  1.697344e-01  0.000000e+00 -1.993847e-02  8.302656e-01
-2.10000e+00 -4.00000e+00       2.434e+11  3.071249e-01  0.000000e+00 -2.241311e-01  6.928751e-01
-1.40000e+00 -4.00000e+00       1.168e+12  7.324795e-01  0.000000e+00 -2.500531e-01  2.675205e-01
-7.00000e-01 -4.00000e+00       3.856e+12  8.183842e-01  0.000000e+00 -1.390163e-01  1.816158e-01
 0.00000e+00 -4.00000e+00       5.642e+12  8.276656e-01  0.000000e+00 -2.712547e-15  1.723344e-01
 7.00000e-01 -4.00000e+00       3.856e+12  8.183842e-01  0.000000e+00  1.390163e-01  1.816158e-01
 1.40000e+00 -4.00000e+00       1.168e+12  7.324795e-01  0.000000e+00  2.500531e-01  2.675205e-01
 2.10000e+00 -4.00000e+00       2.434e+11  3.071249e-01  0.000000e+00  2.241311e-01  6.928751e-01
 2.80000e+00 -4.00000e+00       1.024e+11  1.697344e-01  0.000000e+00  1.993847e-02  8.302656e-01
 3.50000e+00 -4.00000e+00       6.584e+10  2.211723e-01  0.000000e+00 -2.474072e-01  7.788277e-01
 4.20000e+00 -4.00000e+00       4.601e+10  2.823691e-01  0.000000e+00 -4.372118e-01  7.176309e-01
 4.90000e+00 -4.00000e+00       1.999e+10  3.773905e-01  0.000000e+00 -2.548779e-01  6.226095e-01
 5.60000e+00 -4.00000e+00       5.472e+09  2.326234e-01  0.000000e+00  1.441920e-01  7.673766e-01
 6.30000e+00 -4.00000e+00       1.607e+09 -3.490500e-01  0.000000e+00  3.039102e-01  6.509500e-01
 7.00000e+00 -4.00000e+00       7.197e+08 -7.169381e-01  0.000000e+00  7.807210e-02  2.830619e-01
-7.00000e+00 -3.60000e+00       1.282e+09 -6.901555e-01  0.000000e+00  6.666808e-02  3.098445e-01
-6.30000e+00 -3.60000e+00       5.790e+09 -5.098907e-01  0.000000e+00 -3.127207e-01  4.901093e-01
-5.60000e+00 -3.60000e+00       3.449e+10 -1.918446e-02  0.000000e+00 -5.733768e-01  9.808155e-01
-4.90000e+00 -3.60000e+00       1.764e+11  4.450195e-01  0.000000e+00 -3.835062e-01  5.549805e-01
-4.20000e+00 -3.60000e+00       6.167e+11  4.995959e-01  0.000000e+00  3.294478e-02  5.004041e-01
-3.50000e+00 -3.60000e+00       1.519e+12  1.753694e-01  0.000000e+00  1.920555e-01  8.246306e-01
-2.80000e+00 -3.60000e+00       3.191e+12  1.411906e-01  0.000000e+00  7.221403e-02  8.588094e-01
-2.10000e+00 -3.60000e+00       6.048e+12  5.409753e-01  0.000000e+00  2.527701e-01  4.590247e-01
-1.40000e+00 -3.60000e+00       1.162e+13  7.232063e-01  0.000000e+00  5.226020e-01  2.767937e-01
-7.00000e-01 -3.60000e+00       1.834e+13  7.031861e-01  0.000000e+00  5.117167e-01  2.968139e-01
 0.00000e+00 -3.60000e+00       1.886e+13  6.840473e-01  0.000000e+00 -5.406892e-15  3.159527e-01
 7.00000e-01 -3.60000e+00       1.834e+13  7.031861e-01  0.000000e+00 -5.117167e-01  2.968139e-01
 1.40000e+00 -3.60000e+00       1.162e+13  7.232063e-01  0.000000e+00 -5.226020e-01  2.767937e-01
 2.10000e+00 -3.60000e+00       6.048e+12  5.409753e-01  0.000000e+00 -2.527701e-01  4.590247e-01
 2.80000e+00 -3.60000e+00       3.191e+12  1.411906e-01  0.000000e+00 -7.221403e-02  8.588094e-01
 3.50000e+00 -3.60000e+00       1.519e+12  1.753694e-01  0.000000e+00 -1.920555e-01  8.246306e-01
 4.20000e+00 -3.60000e+00       6.167e+11  4.995959e-01  0.000000e+00 -3.294478e-02  5.004041e-01
 4.90000e+00 -3.60000e+00       1.764e+11  4.450195e-01  0.000000e+00  3.835062e-01  5.549805e-01
 5.60000e+00 -3.60000e+00       3.449e+10 -1.918446e-02  0.000000e+00  5.733768e-01  9.808155e-01
 6.30000e+00 -3.60000e+00       5.790e+09 -5.098907e-01  0.000000e+00  3.127207e-01  4.901093e-01
 7.00000e+00 -3.60000e+00       1.282e+09 -6.901555e-01  0.000000e+00 -6.666808e-02  3.098445e-01
-7.00000e+00 -3.20000e+00       6.365e+09  2.012998e-01  0.000000e+00  6.196580e-01  7.987002e-01
-6.30000e+00 -3.20000e+00       4.525e+10 -8.613056e-02  0.000000e+00  6.655102e-01  9.138694e-01
-5.60000e+00 -3.20000e+00       2.557e+11 -4.331860e-01  0.000000e+00  3.014816e-01  5.668140e-01
-4.90000e+00 -3.20000e+00       1.174e+12 -3.210758e-01  0.000000e+00 -2.717536e-01  6.789242e-01
-4.20000e+00 -3.20000e+00       4.340e+12  1.849209e-01  0.000000e+00 -4.394494e-01  8.150791e-01
-3.50000e+00 -3.20000e+00       1.158e+13  4.750431e-01  0.000000e+00 -1.285739e-01  5.249569e-01
-2.80000e+00 -3.20000e+00       2.191e+13  3.260136e-01  0.000000e+00  2.817876e-02  6.739864e-01
-2.10000e+00 -3.20000e+00       3.416e+13  1.106019e-01  0.000000e+00 -4.316885e-01  8.893981e-01
-1.40000e+00 -3.20000e+00       6.084e+13  1.139943e-01  0.000000e+00 -8.443421e-01  8.860057e-01
-7.00000e-01 -3.20000e+00       1.031e+14  1.612147e-01  0.000000e+00 -7.325132e-01  8.387853e-01
 0.00000e+00 -3.20000e+00       1.135e+14  1.785883e-01  0.000000e+00  3.724455e-15  8.214117e-01
 7.00000e-01 -3.20000e+00       1.031e+14  1.612147e-01  0.000000e+00  7.325132e-01  8.387853e-01
 1.40000e+00 -3.20000e+00       6.084e+13  1.139943e-01  0.000000e+00  8.443421e-01  8.860057e-01
 2.10000e+00 -3.20000e+00       3.416e+13  1.106019e-01  0.000000e+00  4.316885e-01  8.893981e-01
 2.80000e+00 -3.20000e+00       2.191e+13  3.260136e-01  0.000000e+00 -2.817876e-02  6.739864e-01
 3.50000e+00 -3.20000e+00       1.158e+13  4.750431e-01  0.000000e+00  1.285739e-01  5.249569e-01
 4.20000e+00 -3.20000e+00       4.340e+12  1.849209e-01  0.000000e+00  4.394494e-01  8.150791e-01
 4.90000e+00 -3.20000e+00       1.174e+12 -3.210758e-01  0.000000e+00  2.717536e-01  6.789242e-01
 5.60000e+00 -3.20000e+00       2.557e+11 -4.331860e-01  0.000000e+00 -3.014816e-01  5.668140e-01
 6.30000e+00 -3.20000e+00       4.525e+10 -8.613056e-02  0.000000e+00 -6.655102e-01  9.138694e-01
 7.00000e+00 -3.20000e+00       6.365e+09  2.012998e-01  0.000000e+00 -6.196580e-01  7.987002e-01
-7.00000e+00 -2.80000e+00       3.866e+10  8.838625e-01  0.000000e+00  5.189082e-02  1.161375e-01
-6.30000e+00 -2.80000e+00       2.845e+11  7.787089e-01  0.000000e+00  3.359374e-01  2.212911e-01
-5.60000e+00 -2.80000e+00       1.524e+12  4.078514e-01  0.000000e+00  6.035142e-01  5.921486e-01
-4.90000e+00 -2.80000e+00       6.749e+12 -1.243571e-01  0.000000e+00  4.345193e-01  8.756429e-01
-4.20000e+00 -2.80000e+00       2.644e+13 -2.738391e-01  0.000000e+00 -1.408351e-01  7.261609e-01
-3.50000e+00 -2.80000e+00       8.152e+13  9.999073e-02  0.000000e+00 -4.505188e-01  9.000093e-01
-2.80000e+00 -2.80000e+00       1.610e+14  3.545283e-01  0.000000e+00 -2.820555e-01  6.454717e-01
-2.10000e+00 -2.80000e+00       2.036e+14  1.043473e-01  0.000000e+00  3.990151e-02  8.956527e-01
-1.40000e+00 -2.80000e+00       3.390e+14  2.933286e-01  0.000000e+00 -3.261043e-02  7.066714e-01
-7.00000e-01 -2.80000e+00       1.240e+15  7.191076e-01  0.000000e+00 -9.993430e-02  2.808924e-01
 0.00000e+00 -2.80000e+00       2.158e+15  7.658698e-01  0.000000e+00 -2.830410e-17  2.341302e-01
 7.00000e-01 -2.80000e+00       1.240e+15  7.191076e-01  0.000000e+00  9.993430e-02  2.808924e-01
 1.40000e+00 -2.80000e+00       3.390e+14  2.933286e-01  0.000000e+00  3.261043e-02  7.066714e-01
 2.10000e+00 -2.80000e+00       2.036e+14  1.043473e-01  0.000000e+00 -3.990151e-02  8.956527e-01
 2.80000e+00 -2.80000e+00       1.610e+14  3.545283e-01  0.000000e+00  2.820555e-01  6.454717e-01
 3.50000e+00 -2.80000e+00       8.152e+13  9.999073e-02  0.000000e+00  4.505188e-01  9.000093e-01
 4.20000e+00 -2.80000e+00       2.644e+13 -2.738391e-01  0.000000e+00  1.408351e-01  7.261609e-01
 4.90000e+00 -2.80000e+00       6.749e+12 -1.243571e-01  0.000000e+00 -4.345193e-01  8.756429e-01
 5.60000e+00 -2.80000e+00       1.524e+12  4.078514e-01  0.000000e+00 -6.035142e-01  5.921486e-01
 6.30000e+00 -2.80000e+00       2.845e+11  7.787089e-01  0.000000e+00 -3.359374e-01  2.212911e-01
 7.00000e+00 -2.80000e+00       3.866e+10  8.838625e-01  0.000000e+00 -5.189082e-02  1.161375e-01
-7.00000e+00 -2.40000e+00       3.017e+11  7.701061e-01  0.000000e+00 -5.491526e-01  2.298939e-01
-6.30000e+00 -2.40000e+00       2.382e+12  8.839577e-01  0.000000e+00 -3.080838e-01  1.160423e-01
-5.60000e+00 -2.40000e+00       1.231e+13  9.060877e-01  0.000000e+00  1.951135e-03  9.391232e-02
-4.90000e+00 -2.40000e+00       4.177e+13  7.633955e-01  0.000000e+00  3.393034e-01  2.366045e-01
-4.20000e+00 -2.40000e+00       9.649e+13  3.777169e-01  0.000000e+00  5.281385e-01  6.222831e-01
-3.50000e+00 -2.40000e+00       1.796e+14 -2.012550e-02  0.000000e+00  2.158537e-01  9.798745e-01
-2.80000e+00 -2.40000e+00       3.318e+14  1.133023e-01  0.000000e+00 -2.176605e-01  8.866977e-01
-2.10000e+00 -2.40000e+00       5.095e+14  2.776140e-01  0.000000e+00  4.601199e-02  7.223860e-01
-1.40000e+00 -2.40000e+00       4.822e+14  1.901349e-01  0.000000e+00  5.633861e-01  8.098651e-01
-7.00000e-01 -2.40000e+00       2.136e+14  1.316677e-01  0.000000e+00  7.797035e-01  8.683323e-01
 0.00000e+00 -2.40000e+00       7.566e+13  2.186488e-01  0.000000e+00  2.227393e-14  7.813512e-01
 7.00000e-01 -2.40000e+00       2.136e+14  1.316677e-01  0.000000e+00 -7.797035e-01  8.683323e-01
 1.40000e+00 -2.40000e+00       4.822e+14  1.901349e-01  0.000000e+00 -5.633861e-01  8.098651e-01
 2.10000e+00 -2.40000e+00       5.095e+14  2.776140e-01  0.000000e+00 -4.601199e-02  7.223860e-01
 2.80000e+00 -2.40000e+00       3.318e+14  1.133023e-01  0.000000e+00  2.176605e-01  8.866977e-01
 3.50000e+00 -2.40000e+00       1.796e+14 -2.012550e-02  0.000000e+00 -2.158537e-01  9.798745e-01
 4.20000e+00 -2.40000e+00       9.649e+13  3.777169e-01  0.000000e+00 -5.281385e-01  6.222831e-01
 4.90000e+00 -2.40000e+00       4.177e+13  7.633955e-01  0.000000e+00 -3.393034e-01  2.366045e-01
 5.60000e+00 -2.40000e+00       1.231e+13  9.060877e-01  0.000000e+00 -1.951135e-03  9.391232e-02
 6.30000e+00 -2.40000e+00       2.382e+12  8.839577e-01  0.000000e+00  3.080838e-01  1.160423e-01
 7.00000e+00 -2.40000e+00       3.017e+11  7.701061e-01  0.000000e+00  5.491526e-01  2.298939e-01
-7.00000e+00 -2.00000e+00       1.028e+12  4.141651e-01  0.000000e+00 -8.633553e-01  5.858349e-01
-6.30000e+00 -2.00000e+00       8.201e+12  6.227296e-01  0.000000e+00 -7.187177e-01  3.772704e-01
-5.60000e+00 -2.00000e+00       4.392e+13  7.952840e-01  0.000000e+00 -4.970856e-01  2.047160e-01
-4.90000e+00 -2.00000e+00       1.580e+14  8.904969e-01  0.000000e+00 -1.982462e-01  1.095031e-01
-4.20000e+00 -2.00000e+00       3.778e+14  8.374560e-01  0.000000e+00  1.500869e-01  1.625440e-01
-3.50000e+00 -2.00000e+00       6.118e+14  5.429870e-01  0.000000e+00  3.923151e-01  4.570130e-01
-2.80000e+00 -2.00000e+00       8.167e+14  1.598936e-01  0.000000e+00  1.367301e-01  8.401064e-01
-2.10000e+00 -2.00000e+00       1.130e+15  8.580715e-02  0.000000e+00 -1.266194e-01  9.141929e-01
-1.40000e+00 -2.00000e+00       1.424e+15  6.310026e-03  0.000000e+00  3.850682e-01  9.936900e-01
-7.00000e-01 -2.00000e+00       1.118e+15 -8.467754e-02  0.000000e+00  7.503887e-01  9.153225e-01
 0.00000e+00 -2.00000e+00       6.447e+14 -1.029754e-01  0.000000e+00  6.665393e-15  8.970246e-01
 7.00000e-01 -2.00000e+00       1.118e+15 -8.467754e-02  0.000000e+00 -7.503887e-01  9.153225e-01
 1.40000e+00 -2.00000e+00       1.424e+15  6.310026e-03  0.000000e+00 -3.850682e-01  9.936900e-01
 2.10000e+00 -2.00000e+00       1.130e+15  8.580715e-02  0.000000e+00  1.266194e-01  9.141929e-01
 2.80000e+00 -2.00000e+00       8.167e+14  1.598936e-01  0.000000e+00 -1.367301e-01  8.401064e-01
 3.50000e+00 -2.00000e+00       6.118e+14  5.429870e-01  0.000000e+00 -3.923151e-01  4.570130e-01
 4.20000e+00 -2.00000e+00       3.778e+14  8.374560e-01  0.000000e+00 -1.500869e-01  1.625440e-01
 4.90000e+00 -2.00000e+00       1.580e+14  8.904969e-01  0.000000e+00  1.982462e-01  1.095031e-01
 5.60000e+00 -2.00000e+00       4.392e+13  7.952840e-01  0.000000e+00  4.970856e-01  2.047160e-01
 6.30000e+00 -2.00000e+00       8.201e+12  6.227296e-01  0.000000e+00  7.187177e-01  3.772704e-01
 7.00000e+00 -2.00000e+00       1.028e+12  4.141651e-01  0.000000e+00  8.633553e-01  5.858349e-01
-7.00000e+00 -1.60000e+00       2.186e+12  4.323481e-02  0.000000e+00 -9.522977e-01  9.567652e-01
-6.30000e+00 -1.60000e+00       1.742e+13  3.086443e-01  0.000000e+00 -8.971182e-01  6.913557e-01
-5.60000e+00 -1.60000e+00       9.579e+13  5.603725e-01  0.000000e+00 -7.582420e-01  4.396275e-01
-4.90000e+00 -1.60000e+00       3.667e+14  7.649763e-01  0.000000e+00 -5.353518e-01  2.350237e-01
-4.20000e+00 -1.60000e+00       9.630e+14  8.815572e-01  0.000000e+00 -2.389056e-01  1.184428e-01
-3.50000e+00 -1.60000e+00       1.677e+15  8.499653e-01  0.000000e+00  9.403983e-02  1.500347e-01
-2.80000e+00 -1.60000e+00       2.021e+15  6.144607e-01  0.000000e+00  2.657605e-01  3.855393e-01
-2.10000e+00 -1.60000e+00       2.235e+15  4.273087e-01  0.000000e+00 -1.421078e-01  5.726913e-01
-1.40000e+00 -1.60000e+00       1.933e+15  4.819938e-01  0.000000e+00 -5.852909e-01  5.180062e-01
-7.00000e-01 -1.60000e+00       7.622e+14  5.368625e-01  0.000000e+00 -6.764863e-01  4.631375e-01
 0.00000e+00 -1.60000e+00       2.692e+14  5.644365e-01  0.000000e+00 -7.546483e-15  4.355635e-01
 7.00000e-01 -1.60000e+00       7.622e+14  5.368625e-01  0.000000e+00  6.764863e-01  4.631375e-01
 1.40000e+00 -1.60000e+00       1.933e+15  4.819938e-01  0.000000e+00  5.852909e-01  5.180062e-01
 2.10000e+00 -1.60000e+00       2.235e+15  4.273087e-01  0.000000e+00  1.421078e-01  5.726913e-01
 2.80000e+00 -1.60000e+00       2.021e+15  6.144607e-01  0.000000e+00 -2.657605e-01  3.855393e-01
 3.50000e+00 -1.60000e+00       1.677e+15  8.499653e-01  0.000000e+00 -9.403983e-02  1.500347e-01
 4.20000e+00 -1.60000e+00       9.630e+14  8.815572e-01  0.000000e+00  2.389056e-01  1.184428e-01
 4.90000e+00 -1.60000e+00       3.667e+14  7.649763e-01  0.000000e+00  5.353518e-01  2.350237e-01
 5.60000e+00 -1.60000e+00       9.579e+13  5.603725e-01  0.000000e+00  7.582420e-01  4.396275e-01
 6.30000e+00 -1.60000e+00       1.742e+13  3.086443e-01  0.000000e+00  8.971182e-01  6.913557e-01
 7.00000e+00 -1.60000e+00       2.186e+12  4.323481e-02  0.000000e+00  9.522977e-01  9.567652e-01
-7.00000e+00 -1.20000e+00       2.968e+12 -2.553487e-01  0.000000e+00 -8.975272e-01  7.446513e-01
-6.30000e+00 -1.20000e+00       2.376e+13  6.372337e-02  0.000000e+00 -9.299642e-01  9.362766e-01
-5.60000e+00 -1.20000e+00       1.354e+14  3.782468e-01  0.000000e+00 -8.542227e-01  6.217532e-01
-4.90000e+00 -1.20000e+00       5.550e+14  6.438907e-01  0.000000e+00 -6.811766e-01  3.561093e-01
-4.20000e+00 -1.20000e+00       1.617e+15  8.283539e-01  0.000000e+00 -4.372059e-01  1.716461e-01
-3.50000e+00 -1.20000e+00       3.185e+15  9.083524e-01  0.000000e+00 -1.519729e-01  9.164761e-02
-2.80000e+00 -1.20000e+00       3.992e+15  8.435418e-01  0.000000e+00  1.381000e-01  1.564582e-01
-2.10000e+00 -1.20000e+00       4.116e+15  7.035477e-01  0.000000e+00  2.886155e-01  2.964523e-01
-1.40000e+00 -1.20000e+00       6.982e+15  8.705080e-01  0.000000e+00  1.454442e-01  1.294920e-01
-7.00000e-01 -1.20000e+00       8.064e+15  9.680337e-01  0.000000e+00  8.007569e-02  3.196629e-02
 0.00000e+00 -1.20000e+00       5.768e+15  9.850924e-01  0.000000e+00  5.268774e-16  1.490757e-02
 7.00000e-01 -1.20000e+00       8.064e+15  9.680337e-01  0.000000e+00 -8.007569e-02  3.196629e-02
 1.40000e+00 -1.20000e+00       6.982e+15  8.705080e-01  0.000000e+00 -1.454442e-01  1.294920e-01
 2.10000e+00 -1.20000e+00       4.116e+15  7.035477e-01  0.000000e+00 -2.886155e-01  2.964523e-01
 2.80000e+00 -1.20000e+00       3.992e+15  8.435418e-01  0.000000e+00 -1.381000e-01  1.564582e-01
 3.50000e+00 -1.20000e+00       3.185e+15  9.083524e-01  0.000000e+00  1.519729e-01  9.164761e-02
 4.20000e+00 -1.20000e+00       1.617e+15  8.283539e-01  0.000000e+00  4.372059e-01  1.716461e-01
 4.90000e+00 -1.20000e+00       5.550e+14  6.438907e-01  0.000000e+00  6.811766e-01  3.561093e-01
 5.60000e+00 -1.20000e+00       1.354e+14  3.782468e-01  0.000000e+00  8.542227e-01  6.217532e-01
 6.30000e+00 -1.20000e+00       2.376e+13  6.372337e-02  0.000000e+00  9.299642e-01  9.362766e-01
 7.00000e+00 -1.20000e+00       2.968e+12 -2.553487e-01  0.000000e+00  8.975272e-01  7.446513e-01
-7.00000e+00 -8.00000e-01       2.487e+12 -4.149623e-01  0.000000e+00 -7.699486e-01  5.850377e-01
-6.30000e+00 -8.00000e-01       2.085e+13 -1.518403e-02  0.000000e+00 -8.913141e-01  9.848160e-01
-5.60000e+00 -8.00000e-01       1.295e+14  3.636884e-01  0.000000e+00 -8.419510e-01  6.363116e-01
-4.90000e+00 -8.00000e-01       5.932e+14  6.515206e-01  0.000000e+00 -6.775740e-01  3.484794e-01
-4.20000e+00 -8.00000e-01       1.954e+15  8.349427e-01  0.000000e+00 -4.620341e-01  1.650573e-01
-3.50000e+00 -8.00000e-01       4.397e+15  9.287546e-01  0.000000e+00 -2.332736e-01  7.124537e-02
-2.80000e+00 -8.00000e-01       6.321e+15  9.441832e-01  0.000000e+00 -1.729231e-02  5.581680e-02
-2.10000e+00 -8.00000e-01       5.892e+15  8.656129e-01  0.000000e+00  3.023478e-02  1.343871e-01
-1.40000e+00 -8.00000e-01       4.147e+15  7.077308e-01  0.000000e+00 -3.162717e-01  2.922692e-01
-7.00000e-01 -8.00000e-01       1.898e+15  6.095377e-01  0.000000e+00 -6.281677e-01  3.904623e-01
 0.00000e+00 -8.00000e-01       7.077e+14  5.884237e-01  0.000000e+00 -2.700384e-15  4.115763e-01
 7.00000e-01 -8.00000e-01       1.898e+15  6.095377e-01  0.000000e+00  6.281677e-01  3.904623e-01
 1.40000e+00 -8.00000e-01       4.147e+15  7.077308e-01  0.000000e+00  3.162717e-01  2.922692e-01
 2.10000e+00 -8.00000e-01       5.892e+15  8.656129e-01  0.000000e+00 -3.023478e-02  1.343871e-01
 2.80000e+00 -8.00000e-01       6.321e+15  9.441832e-01  0.000000e+00  1.729231e-02  5.581680e-02
 3.50000e+00 -8.00000e-01       4.397e+15  9.287546e-01  0.000000e+00  2.332736e-01  7.124537e-02
 4.20000e+00 -8.00000e-01       1.954e+15  8.349427e-01  0.000000e+00  4.620341e-01  1.650573e-01
 4.90000e+00 -8.00000e-01       5.932e+14  6.515206e-01  0.000000e+00  6.775740e-01  3.484794e-01
 5.60000e+00 -8.00000e-01       1.295e+14  3.636884e-01  0.000000e+00  8.419510e-01  6.363116e-01
 6.30000e+00 -8.00000e-01       2.085e+13 -1.518403e-02  0.000000e+00  8.913141e-01  9.848160e-01
 7.00000e+00 -8.00000e-01       2.487e+12 -4.149623e-01  0.000000e+00  7.699486e-01  5.850377e-01
-7.00000e+00 -4.00000e-01       1.113e+12 -2.137003e-01  0.000000e+00 -6.410443e-01  7.862997e-01
-6.30000e+00 -4.00000e-01       1.160e+13  3.004374e-01  0.000000e+00 -7.834174e-01  6.995626e-01
-5.60000e+00 -4.00000e-01       9.138e+13  6.511292e-01  0.000000e+00 -6.621498e-01  3.488708e-01
-4.90000e+00 -4.00000e-01       5.074e+14  8.382081e-01  0.000000e+00 -4.804369e-01  1.617919e-01
-4.20000e+00 -4.00000e-01       1.936e+15  9.302268e-01  0.000000e+00 -3.119557e-01  6.977321e-02
-3.50000e+00 -4.00000e-01       4.913e+15  9.721241e-01  0.000000e+00 -1.675376e-01  2.787592e-02
-2.80000e+00 -4.00000e-01       7.684e+15  9.835651e-01  0.000000e+00 -4.579548e-02  1.643491e-02
-2.10000e+00 -4.00000e-01       6.396e+15  9.578534e-01  0.000000e+00  4.505567e-02  4.214655e-02
-1.40000e+00 -4.00000e-01       2.389e+15  8.368319e-01  0.000000e+00  1.077310e-01  1.631681e-01
-7.00000e-01 -4.00000e-01       4.129e+14  5.352380e-01  0.000000e+00  1.527130e-01  4.647620e-01
 0.00000e+00 -4.00000e-01       1.065e+14  4.448875e-01  0.000000e+00 -1.186012e-15  5.551125e-01
 7.00000e-01 -4.00000e-01       4.129e+14  5.352380e-01  0.000000e+00 -1.527130e-01  4.647620e-01
 1.40000e+00 -4.00000e-01       2.389e+15  8.368319e-01  0.000000e+00 -1.077310e-01  1.631681e-01
 2.10000e+00 -4.00000e-01       6.396e+15  9.578534e-01  0.000000e+00 -4.505567e-02  4.214655e-02
 2.80000e+00 -4.00000e-01       7.684e+15  9.835651e-01  0.000000e+00  4.579548e-02  1.643491e-02
 3.50000e+00 -4.00000e-01       4.913e+15  9.721241e-01  0.000000e+00  1.675376e-01  2.787592e-02
 4.20000e+00 -4.00000e-01       1.936e+15  9.302268e-01  0.000000e+00  3.119557e-01  6.977321e-02
 4.90000e+00 -4.00000e-01       5.074e+14  8.382081e-01  0.000000e+00  4.804369e-01  1.617919e-01
 5.60000e+00 -4.00000e-01       9.138e+13  6.511292e-01  0.000000e+00  6.621498e-01  3.488708e-01
 6.30000e+00 -4.00000e-01       1.160e+13  3.004374e-01  0.000000e+00  7.834174e-01  6.995626e-01
 7.00000e+00 -4.00000e-01       1.113e+12 -2.137003e-01  0.000000e+00  6.410443e-01  7.862997e-01
-7.00000e+00  0.00000e+00       3.617e+11  9.972432e-01  0.000000e+00 -8.148692e-11  2.756804e-03
-6.30000e+00  0.00000e+00       6.537e+12  9.990859e-01  0.000000e+00  4.553323e-11  9.141138e-04
-5.60000e+00  0.00000e+00       6.970e+13  9.996623e-01  0.000000e+00  1.807094e-11  3.377166e-04
-4.90000e+00  0.00000e+00       4.513e+14  9.998641e-01  0.000000e+00  6.852778e-12  1.358975e-04
-4.20000e+00  0.00000e+00       1.874e+15  9.999445e-01  0.000000e+00  2.418476e-12  5.554569e-05
-3.50000e+00  0.00000e+00       5.018e+15  9.999775e-01  0.000000e+00  8.691842e-13  2.245182e-05
-2.80000e+00  0.00000e+00       8.121e+15  9.999871e-01  0.000000e+00  3.175221e-13  1.286543e-05
-2.10000e+00  0.00000e+00       6.840e+15  9.999728e-01  0.000000e+00 -3.613682e-12  2.724738e-05
-1.40000e+00  0.00000e+00       2.560e+15  9.998570e-01  0.000000e+00 -3.005673e-11  1.430180e-04
-7.00000e-01  0.00000e+00       4.604e+14  9.987669e-01  0.000000e+00 -2.155750e-10  1.233052e-03
 0.00000e+00  0.00000e+00       1.330e+14  9.952468e-01  0.000000e+00 -8.894811e-17  4.753225e-03
 7.00000e-01  0.00000e+00       4.604e+14  9.987669e-01  0.000000e+00  2.155746e-10  1.233052e-03
 1.40000e+00  0.00000e+00       2.560e+15  9.998570e-01  0.000000e+00  3.005659e-11  1.430180e-04
 2.10000e+00  0.00000e+00       6.840e+15  9.999728e-01  0.000000e+00  3.613661e-12  2.724738e-05
 2.80000e+00  0.00000e+00       8.121e+15  9.999871e-01  0.000000e+00 -3.174391e-13  1.286543e-05
 3.50000e+00  0.00000e+00       5.018e+15  9.999775e-01  0.000000e+00 -8.689980e-13  2.245182e-05
 4.20000e+00  0.00000e+00       1.874e+15  9.999445e-01  0.000000e+00 -2.418076e-12  5.554569e-05
 4.90000e+00  0.00000e+00       4.513e+14  9.998641e-01  0.000000e+00 -6.852041e-12  1.358975e-04
 5.60000e+00  0.00000e+00       6.970e+13  9.996623e-01  0.000000e+00 -1.806958e-11  3.377166e-04
 6.30000e+00  0.00000e+00       6.537e+12  9.990859e-01  0.000000e+00 -4.553132e-11  9.141138e-04
 7.00000e+00  0.00000e+00       3.617e+11  9.972432e-01  0.000000e+00  8.148880e-11  2.756804e-03
-7.00000e+00  4.00000e-01       1.113e+12 -2.137003e-01  0.000000e+00  6.410443e-01  7.862997e-01
-6.30000e+00  4.00000e-01       1.160e+13  3.004374e-01  0.000000e+00  7.834174e-01  6.995626e-01
-5.60000e+00  4.00000e-01       9.138e+13  6.511292e-01  0.000000e+00  6.621498e-01  3.488708e-01
-4.90000e+00  4.00000e-01       5.074e+14  8.382081e-01  0.000000e+00  4.804369e-01  1.617919e-01
-4.20000e+00  4.00000e-01       1.936e+15  9.302268e-01  0.000000e+00  3.119557e-01  6.977321e-02
-3.50000e+00  4.00000e-01       4.913e+15  9.721241e-01  0.000000e+00  1.675376e-01  2.787592e-02
-2.80000e+00  4.00000e-01       7.684e+15  9.835651e-01  0.000000e+00  4.579548e-02  1.643491e-02
-2.10000e+00  4.00000e-01       6.396e+15  9.578534e-01  0.000000e+00 -4.505567e-02  4.214655e-02
-1.40000e+00  4.00000e-01       2.389e+15  8.368319e-01  0.000000e+00 -1.077310e-01  1.631681e-01
-7.00000e-01  4.00000e-01       4.129e+14  5.352380e-01  0.000000e+00 -1.527130e-01  4.647620e-01
 0.00000e+00  4.00000e-01       1.065e+14  4.448875e-01  0.000000e+00  1.242374e-15  5.551125e-01
 7.00000e-01  4.00000e-01       4.129e+14  5.352380e-01  0.000000e+00  1.527130e-01  4.647620e-01
 1.40000e+00  4.00000e-01       2.389e+15  8.368319e-01  0.000000e+00  1.077310e-01  1.631681e-01
 2.10000e+00  4.00000e-01       6.396e+15  9.578534e-01  0.000000e+00  4.505567e-02  4.214655e-02
 2.80000e+00  4.00000e-01       7.684e+15  9.835651e-01  0.000000e+00 -4.579548e-02  1.643491e-02
 3.50000e+00  4.00000e-01       4.913e+15  9.721241e-01  0.000000e+00 -1.675376e-01  2.787592e-02
 4.20000e+00  4.00000e-01       1.936e+15  9.302268e-01  0.000000e+00 -3.119557e-01  6.977321e-02
 4.90000e+00  4.00000e-01       5.074e+14  8.382081e-01  0.000000e+00 -4.804369e-01  1.617919e-01
 5.60000e+00  4.00000e-01       9.138e+13  6.511292e-01  0.000000e+00 -6.621498e-01  3.488708e-01
 6.30000e+00  4.00000e-01       1.160e+13  3.004374e-01  0.000000e+00 -7.834174e-01  6.995626e-01
 7.00000e+00  4.00000e-01       1.113e+12 -2.137003e-01  0.000000e+00 -6.410443e-01  7.862997e-01
-7.00000e+00  8.00000e-01       2.487e+12 -4.149623e-01  0.000000e+00  7.699486e-01  5.850377e-01
-6.30000e+00  8.00000e-01       2.085e+13 -1.518403e-02  0.000000e+00  8.913141e-01  9.848160e-01
-5.60000e+00  8.00000e-01       1.295e+14  3.636884e-01  0.000000e+00  8.419510e-01  6.363116e-01
-4.90000e+00  8.00000e-01       5.932e+14  6.515206e-01  0.000000e+00  6.775740e-01  3.484794e-01
-4.20000e+00  8.00000e-01       1.954e+15  8.349427e-01  0.000000e+00  4.620341e-01  1.650573e-01
-3.50000e+00  8.00000e-01       4.397e+15  9.287546e-01  0.000000e+00  2.332736e-01  7.124537e-02
-2.80000e+00  8.00000e-01       6.321e+15  9.441832e-01  0.000000e+00  1.729231e-02  5.581680e-02
-2.10000e+00  8.00000e-01       5.892e+15  8.656129e-01  0.000000e+00 -3.023478e-02  1.343871e-01
-1.40000e+00  8.00000e-01       4.147e+15  7.077308e-01  0.000000e+00  3.162717e-01  2.922692e-01
-7.00000e-01  8.00000e-01       1.898e+15  6.095377e-01  0.000000e+00  6.281677e-01  3.904623e-01
 0.00000e+00  8.00000e-01       7.077e+14  5.884237e-01  0.000000e+00 -1.346974e-15  4.115763e-01
 7.00000e-01  8.00000e-01       1.898e+15  6.095377e-01  0.000000e+00 -6.281677e-01  3.904623e-01
 1.40000e+00  8.00000e-01       4.147e+15  7.077308e-01  0.000000e+00 -3.162717e-01  2.922692e-01
 2.10000e+00  8.00000e-01       5.892e+15  8.656129e-01  0.000000e+00  3.023478e-02  1.343871e-01
 2.80000e+00  8.00000e-01       6.321e+15  9.441832e-01  0.000000e+00 -1.729231e-02  5.581680e-02
 3.50000e+00  8.00000e-01       4.397e+15  9.287546e-01  0.000000e+00 -2.332736e-01  7.124537e-02
 4.20000e+00  8.00000e-01       1.954e+15  8.349427e-01  0.000000e+00 -4.620341e-01  1.650573e-01
 4.90000e+00  8.00000e-01       5.932e+14  6.515206e-01  0.000000e+00 -6.775740e-01  3.484794e-01
 5.60000e+00  8.00000e-01       1.295e+14  3.636884e-01  0.000000e+00 -8.419510e-01  6.363116e-01
 6.30000e+00  8.00000e-01       2.085e+13 -1.518403e-02  0.000000e+00 -8.913141e-01  9.848160e-01
 7.00000e+00  8.00000e-01       2.487e+12 -4.149623e-01  0.000000e+00 -7.699486e-01  5.850377e-01
-7.00000e+00  1.20000e+00       2.968e+12 -2.553487e-01  0.000000e+00  8.975272e-01  7.446513e-01
-6.30000e+00  1.20000e+00       2.376e+13  6.372337e-02  0.000000e+00  9.299642e-01  9.362766e-01
-5.60000e+00  1.20000e+00       1.354e+14  3.782468e-01  0.000000e+00  8.542227e-01  6.217532e-01
-4.90000e+00  1.20000e+00       5.550e+14  6.438907e-01  0.000000e+00  6.811766e-01  3.561093e-01
-4.20000e+00  1.20000e+00       1.617e+15  8.283539e-01  0.000000e+00  4.372059e-01  1.716461e-01
-3.50000e+00  1.20000e+00       3.185e+15  9.083524e-01  0.000000e+00  1.519729e-01  9.164761e-02
-2.80000e+00  1.20000e+00       3.992e+15  8.435418e-01  0.000000e+00 -1.381000e-01  1.564582e-01
-2.10000e+00  1.20000e+00       4.116e+15  7.035477e-01  0.000000e+00 -2.886155e-01  2.964523e-01
-1.40000e+00  1.20000e+00       6.982e+15  8.705080e-01  0.000000e+00 -1.454442e-01  1.294920e-01
-7.00000e-01  1.20000e+00       8.064e+15  9.680337e-01  0.000000e+00 -8.007569e-02  3.196629e-02
 0.00000e+00  1.20000e+00       5.768e+15  9.850924e-01  0.000000e+00 -6.745772e-16  1.490757e-02
 7.00000e-01  1.20000e+00       8.064e+15  9.680337e-01  0.000000e+00  8.007569e-02  3.196629e-02
 1.40000e+00  1.20000e+00       6.982e+15  8.705080e-01  0.000000e+00  1.454442e-01  1.294920e-01
 2.10000e+00  1.20000e+00       4.116e+15  7.035477e-01  0.000000e+00  2.886155e-01  2.964523e-01
 2.80000e+00  1.20000e+00       3.992e+15  8.435418e-01  0.000000e+00  1.381000e-01  1.564582e-01
 3.50000e+00  1.20000e+00       3.185e+15  9.083524e-01  0.000000e+00 -1.519729e-01  9.164761e-02
 4.20000e+00  1.20000e+00       1.617e+15  8.283539e-01  0.000000e+00 -4.372059e-01  1.716461e-01
 4.90000e+00  1.20000e+00       5.550e+14  6.438907e-01  0.000000e+00 -6.811766e-01  3.561093e-01
 5.60000e+00  1.20000e+00       1.354e+14  3.782468e-01  0.000000e+00 -8.542227e-01  6.217532e-01
 6.30000e+00  1.20000e+00       2.376e+13  6.372337e-02  0.000000e+00 -9.299642e-01  9.362766e-01
 7.00000e+00  1.20000e+00       2.968e+12 -2.553487e-01  0.000000e+00 -8.975272e-01  7.446513e-01
-7.00000e+00  1.60000e+00       2.186e+12  4.323481e-02  0.000000e+00  9.522977e-01  9.567652e-01
-6.30000e+00  1.60000e+00       1.742e+13  3.086443e-01  0.000000e+00  8.971182e-01  6.913557e-01
-5.60000e+00  1.60000e+00       9.579e+13  5.603725e-01  0.000000e+00  7.582420e-01  4.396275e-01
-4.90000e+00  1.60000e+00       3.667e+14  7.649763e-01  0.000000e+00  5.353518e-01  2.350237e-01
-4.20000e+00  1.60000e+00       9.630e+14  8.815572e-01  0.000000e+00  2.389056e-01  1.184428e-01
-3.50000e+00  1.60000e+00       1.677e+15  8.499653e-01  0.000000e+00 -9.403983e-02  1.500347e-01
-2.80000e+00  1.60000e+00       2.021e+15  6.144607e-01  0.000000e+00 -2.657605e-01  3.855393e-01
-2.10000e+00  1.60000e+00       2.235e+15  4.273087e-01  0.000000e+00  1.421078e-01  5.726913e-01
-1.40000e+00  1.60000e+00       1.933e+15  4.819938e-01  0.000000e+00  5.852909e-01  5.180062e-01
-7.00000e-01  1.60000e+00       7.622e+14  5.368625e-01  0.000000e+00  6.764863e-01  4.631375e-01
 0.00000e+00  1.60000e+00       2.692e+14  5.644365e-01  0.000000e+00  7.774348e-15  4.355635e-01
 7.00000e-01  1.60000e+00       7.622e+14  5.368625e-01  0.000000e+00 -6.764863e-01  4.631375e-01
 1.40000e+00  1.60000e+00       1.933e+15  4.819938e-01  0.000000e+00 -5.852909e-01  5.180062e-01
 2.10000e+00  1.60000e+00       2.235e+15  4.273087e-01  0.000000e+00 -1.421078e-01  5.726913e-01
 2.80000e+00  1.60000e+00       2.021e+15  6.144607e-01  0.000000e+00  2.657605e-01  3.855393e-01
 3.50000e+00  1.60000e+00       1.677e+15  8.499653e-01  0.000000e+00  9.403983e-02  1.500347e-01
 4.20000e+00  1.60000e+00       9.630e+14  8.815572e-01  0.000000e+00 -2.389056e-01  1.184428e-01
 4.90000e+00  1.60000e+00       3.667e+14  7.649763e-01  0.000000e+00 -5.353518e-01  2.350237e-01
 5.60000e+00  1.60000e+00       9.579e+13  5.603725e-01  0.000000e+00 -7.582420e-01  4.396275e-01
 6.30000e+00  1.60000e+00       1.742e+13  3.086443e-01  0.000000e+00 -8.971182e-01  6.913557e-01
 7.00000e+00  1.60000e+00       2.186e+12  4.323481e-02  0.000000e+00 -9.522977e-01  9.567652e-01
-7.00000e+00  2.00000e+00       1.028e+12  4.141651e-01  0.000000e+00  8.633553e-01  5.858349e-01
-6.30000e+00  2.00000e+00       8.201e+12  6.227296e-01  0.000000e+00  7.187177e-01  3.772704e-01
-5.60000e+00  2.00000e+00       4.392e+13  7.952840e-01  0.000000e+00  4.970856e-01  2.047160e-01
-4.90000e+00  2.00000e+00       1.580e+14  8.904969e-01  0.000000e+00  1.982462e-01  1.095031e-01
-4.20000e+00  2.00000e+00       3.778e+14  8.374560e-01  0.000000e+00 -1.500869e-01  1.625440e-01
-3.50000e+00  2.00000e+00       6.118e+14  5.429870e-01  0.000000e+00 -3.923151e-01  4.570130e-01
-2.80000e+00  2.00000e+00       8.167e+14  1.598936e-01  0.000000e+00 -1.367301e-01  8.401064e-01
-2.10000e+00  2.00000e+00       1.130e+15  8.580715e-02  0.000000e+00  1.266194e-01  9.141929e-01
-1.40000e+00  2.00000e+00       1.424e+15  6.310026e-03  0.000000e+00 -3.850682e-01  9.936900e-01
-7.00000e-01  2.00000e+00       1.118e+15 -8.467754e-02  0.000000e+00 -7.503887e-01  9.153225e-01
 0.00000e+00  2.00000e+00       6.447e+14 -1.029754e-01  0.000000e+00 -6.614244e-15  8.970246e-01
 7.00000e-01  2.00000e+00       1.118e+15 -8.467754e-02  0.000000e+00  7.503887e-01  9.153225e-01
 1.40000e+00  2.00000e+00       1.424e+15  6.310026e-03  0.000000e+00  3.850682e-01  9.936900e-01
 2.10000e+00  2.00000e+00       1.130e+15  8.580715e-02  0.000000e+00 -1.266194e-01  9.141929e-01
 2.80000e+00  2.00000e+00       8.167e+14  1.598936e-01  0.000000e+00  1.367301e-01  8.401064e-01
 3.50000e+00  2.00000e+00       6.118e+14  5.429870e-01  0.000000e+00  3.923151e-01  4.570130e-01
 4.20000e+00  2.00000e+00       3.778e+14  8.374560e-01  0.000000e+00  1.500869e-01  1.625440e-01
 4.90000e+00  2.00000e+00       1.580e+14  8.904969e-01  0.000000e+00 -1.982462e-01  1.095031e-01
 5.60000e+00  2.00000e+00       4.392e+13  7.952840e-01  0.000000e+00 -4.970856e-01  2.047160e-01
 6.30000e+00  2.00000e+00       8.201e+12  6.227296e-01  0.000000e+00 -7.187177e-01  3.772704e-01
 7.00000e+00  2.00000e+00       1.028e+12  4.141651e-01  0.000000e+00 -8.633553e-01  5.858349e-01
-7.00000e+00  2.40000e+00       3.017e+11  7.701061e-01  0.000000e+00  5.491526e-01  2.298939e-01
-6.30000e+00  2.40000e+00       2.382e+12  8.839577e-01  0.000000e+00  3.080838e-01  1.160423e-01
-5.60000e+00  2.40000e+00       1.231e+13  9.060877e-01  0.000000e+00 -1.951134e-03  9.391232e-02
-4.90000e+00  2.40000e+00       4.177e+13  7.633955e-01  0.000000e+00 -3.393034e-01  2.366045e-01
-4.20000e+00  2.40000e+00       9.649e+13  3.777169e-01  0.000000e+00 -5.281385e-01  6.222831e-01
-3.50000e+00  2.40000e+00       1.796e+14 -2.012550e-02  0.000000e+00 -2.158537e-01  9.798745e-01
-2.80000e+00  2.40000e+00       3.318e+14  1.133023e-01  0.000000e+00  2.176605e-01  8.866977e-01
-2.10000e+00  2.40000e+00       5.095e+14  2.776140e-01  0.000000e+00 -4.601199e-02  7.223860e-01
-1.40000e+00  2.40000e+00       4.822e+14  1.901349e-01  0.000000e+00 -5.633861e-01  8.098651e-01
-7.00000e-01  2.40000e+00       2.136e+14  1.316677e-01  0.000000e+00 -7.797035e-01  8.683323e-01
 0.00000e+00  2.40000e+00       7.566e+13  2.186488e-01  0.000000e+00 -2.188847e-14  7.813512e-01
 7.00000e-01  2.40000e+00       2.136e+14  1.316677e-01  0.000000e+00  7.797035e-01  8.683323e-01
 1.40000e+00  2.40000e+00       4.822e+14  1.901349e-01  0.000000e+00  5.633861e-01  8.098651e-01
 2.10000e+00  2.40000e+00       5.095e+14  2.776140e-01  0.000000e+00  4.601199e-02  7.223860e-01
 2.80000e+00  2.40000e+00       3.318e+14  1.133023e-01  0.000000e+00 -2.176605e-01  8.866977e-01
 3.50000e+00  2.40000e+00       1.796e+14 -2.012550e-02  0.000000e+00  2.158537e-01  9.798745e-01
 4.20000e+00  2.40000e+00       9.649e+13  3.777169e-01  0.000000e+00  5.281385e-01  6.222831e-01
 4.90000e+00  2.40000e+00       4.177e+13  7.633955e-01  0.000000e+00  3.393034e-01  2.366045e-01
 5.60000e+00  2.40000e+00       1.231e+13  9.060877e-01  0.000000e+00  1.951134e-03  9.391232e-02
 6.30000e+00  2.40000e+00       2.382e+12  8.839577e-01  0.000000e+00 -3.080838e-01  1.160423e-01
 7.00000e+00  2.40000e+00       3.017e+11  7.701061e-01  0.000000e+00 -5.491526e-01  2.298939e-01
-7.00000e+00  2.80000e+00       3.866e+10  8.838624e-01  0.000000e+00 -5.189081e-02  1.161376e-01
-6.30000e+00  2.80000e+00       2.845e+11  7.787088e-01  0.000000e+00 -3.359374e-01  2.212912e-01
-5.60000e+00  2.80000e+00       1.524e+12  4.078514e-01  0.000000e+00 -6.035142e-01  5.921486e-01
-4.90000e+00  2.80000e+00       6.749e+12 -1.243571e-01  0.000000e+00 -4.345193e-01  8.756429e-01
-4.20000e+00  2.80000e+00       2.644e+13 -2.738391e-01  0.000000e+00  1.408351e-01  7.261609e-01
-3.50000e+00  2.80000e+00       8.152e+13  9.999073e-02  0.000000e+00  4.505188e-01  9.000093e-01
-2.80000e+00  2.80000e+00       1.610e+14  3.545282e-01  0.000000e+00  2.820555e-01  6.454718e-01
-2.10000e+00  2.80000e+00       2.036e+14  1.043473e-01  0.000000e+00 -3.990151e-02  8.956527e-01
-1.40000e+00  2.80000e+00       3.390e+14  2.933286e-01  0.000000e+00  3.261043e-02  7.066714e-01
-7.00000e-01  2.80000e+00       1.240e+15  7.191076e-01  0.000000e+00  9.993430e-02  2.808924e-01
 0.00000e+00  2.80000e+00       2.158e+15  7.658698e-01  0.000000e+00  3.046642e-17  2.341302e-01
 7.00000e-01  2.80000e+00       1.240e+15  7.191076e-01  0.000000e+00 -9.993430e-02  2.808924e-01
 1.40000e+00  2.80000e+00       3.390e+14  2.933286e-01  0.000000e+00 -3.261043e-02  7.066714e-01
 2.10000e+00  2.80000e+00       2.036e+14  1.043473e-01  0.000000e+00  3.990151e-02  8.956527e-01
 2.80000e+00  2.80000e+00       1.610e+14  3.545282e-01  0.000000e+00 -2.820555e-01  6.454718e-01
 3.50000e+00  2.80000e+00       8.152e+13  9.999073e-02  0.000000e+00 -4.505188e-01  9.000093e-01
 4.20000e+00  2.80000e+00       2.644e+13 -2.738391e-01  0.000000e+00 -1.408351e-01  7.261609e-01
 4.90000e+00  2.80000e+00       6.749e+12 -1.243571e-01  0.000000e+00  4.345193e-01  8.756429e-01
 5.60000e+00  2.80000e+00       1.524e+12  4.078514e-01  0.000000e+00  6.035142e-01  5.921486e-01
 6.30000e+00  2.80000e+00       2.845e+11  7.787088e-01  0.000000e+00  3.359374e-01  2.212912e-01
 7.00000e+00  2.80000e+00       3.866e+10  8.838624e-01  0.000000e+00  5.189081e-02  1.161376e-01
-7.00000e+00  3.20000e+00       6.365e+09  2.012989e-01  0.000000e+00 -6.196573e-01  7.987011e-01
-6.30000e+00  3.20000e+00       4.525e+10 -8.613070e-02  0.000000e+00 -6.655099e-01  9.138693e-01
-5.60000e+00  3.20000e+00       2.557e+11 -4.331860e-01  0.000000e+00 -3.014815e-01  5.668140e-01
-4.90000e+00  3.20000e+00       1.174e+12 -3.210758e-01  0.000000e+00  2.717537e-01  6.789242e-01
-4.20000e+00  3.20000e+00       4.340e+12  1.849209e-01  0.000000e+00  4.394494e-01  8.150791e-01
-3.50000e+00  3.20000e+00       1.158e+13  4.750431e-01  0.000000e+00  1.285739e-01  5.249569e-01
-2.80000e+00  3.20000e+00       2.191e+13  3.260136e-01  0.000000e+00 -2.817876e-02  6.739864e-01
-2.10000e+00  3.20000e+00       3.416e+13  1.106019e-01  0.000000e+00  4.316884e-01  8.893981e-01
-1.40000e+00  3.20000e+00       6.084e+13  1.139943e-01  0.000000e+00  8.443421e-01  8.860057e-01
-7.00000e-01  3.20000e+00       1.031e+14  1.612147e-01  0.000000e+00  7.325132e-01  8.387853e-01
 0.00000e+00  3.20000e+00       1.135e+14  1.785883e-01  0.000000e+00 -5.290890e-15  8.214117e-01
 7.00000e-01  3.20000e+00       1.031e+14  1.612147e-01  0.000000e+00 -7.325132e-01  8.387853e-01
 1.40000e+00  3.20000e+00       6.084e+13  1.139943e-01  0.000000e+00 -8.443421e-01  8.860057e-01
 2.10000e+00  3.20000e+00       3.416e+13  1.106019e-01  0.000000e+00 -4.316884e-01  8.893981e-01
 2.80000e+00  3.20000e+00       2.191e+13  3.260136e-01  0.000000e+00  2.817876e-02  6.739864e-01
 3.50000e+00  3.20000e+00       1.158e+13  4.750431e-01  0.000000e+00 -1.285739e-01  5.249569e-01
 4.20000e+00  3.20000e+00       4.340e+12  1.849209e-01  0.000000e+00 -4.394494e-01  8.150791e-01
 4.90000e+00  3.20000e+00       1.174e+12 -3.210758e-01  0.000000e+00 -2.717537e-01  6.789242e-01
 5.60000e+00  3.20000e+00       2.557e+11 -4.331860e-01  0.000000e+00  3.014815e-01  5.668140e-01
 6.30000e+00  3.20000e+00       4.525e+10 -8.613070e-02  0.000000e+00  6.655099e-01  9.138693e-01
 7.00000e+00  3.20000e+00       6.365e+09  2.012989e-01  0.000000e+00  6.196573e-01  7.987011e-01
-7.00000e+00  3.60000e+00       1.282e+09 -6.901562e-01  0.000000e+00 -6.666592e-02  3.098438e-01
-6.30000e+00  3.60000e+00       5.790e+09 -5.098910e-01  0.000000e+00  3.127211e-01  4.901090e-01
-5.60000e+00  3.60000e+00       3.449e+10 -1.918504e-02  0.000000e+00  5.733768e-01  9.808150e-01
-4.90000e+00  3.60000e+00       1.764e+11  4.450191e-01  0.000000e+00  3.835064e-01  5.549809e-01
-4.20000e+00  3.60000e+00       6.167e+11  4.995958e-01  0.000000e+00 -3.294459e-02  5.004042e-01
-3.50000e+00  3.60000e+00       1.519e+12  1.753694e-01  0.000000e+00 -1.920554e-01  8.246306e-01
-2.80000e+00  3.60000e+00       3.191e+12  1.411906e-01  0.000000e+00 -7.221399e-02  8.588094e-01
-2.10000e+00  3.60000e+00       6.048e+12  5.409752e-01  0.000000e+00 -2.527701e-01  4.590248e-01
-1.40000e+00  3.60000e+00       1.162e+13  7.232061e-01  0.000000e+00 -5.226020e-01  2.767939e-01
-7.00000e-01  3.60000e+00       1.834e+13  7.031858e-01  0.000000e+00 -5.117167e-01  2.968142e-01
 0.00000e+00  3.60000e+00       1.886e+13  6.840471e-01  0.000000e+00  1.677131e-15  3.159529e-01
 7.00000e-01  3.60000e+00       1.834e+13  7.031858e-01  0.000000e+00  5.117167e-01  2.968142e-01
 1.40000e+00  3.60000e+00       1.162e+13  7.232061e-01  0.000000e+00  5.226020e-01  2.767939e-01
 2.10000e+00  3.60000e+00       6.048e+12  5.409752e-01  0.000000e+00  2.527701e-01  4.590248e-01
 2.80000e+00  3.60000e+00       3.191e+12  1.411906e-01  0.000000e+00  7.221399e-02  8.588094e-01
 3.50000e+00  3.60000e+00       1.519e+12  1.753694e-01  0.000000e+00  1.920554e-01  8.246306e-01
 4.20000e+00  3.60000e+00       6.167e+11  4.995958e-01  0.000000e+00  3.294459e-02  5.004042e-01
 4.90000e+00  3.60000e+00       1.764e+11  4.450191e-01  0.000000e+00 -3.835064e-01  5.549809e-01
 5.60000e+00  3.60000e+00       3.449e+10 -1.918504e-02  0.000000e+00 -5.733768e-01  9.808150e-01
 6.30000e+00  3.60000e+00       5.790e+09 -5.098910e-01  0.000000e+00 -3.127211e-01  4.901090e-01
 7.00000e+00  3.60000e+00       1.282e+09 -6.901562e-01  0.000000e+00  6.666592e-02  3.098438e-01
-7.00000e+00  4.00000e+00       7.197e+08 -7.169406e-01  0.000000e+00  7.807713e-02  2.830594e-01
-6.30000e+00  4.00000e+00       1.607e+09 -3.490657e-01  0.000000e+00  3.039160e-01  6.509343e-01
-5.60000e+00  4.00000e+00       5.472e+09  2.326006e-01  0.000000e+00  1.442079e-01  7.673994e-01
-4.90000e+00  4.00000e+00       1.999e+10  3.773808e-01  0.000000e+00 -2.548604e-01  6.226192e-01
-4.20000e+00  4.00000e+00       4.601e+10  2.823667e-01  0.000000e+00 -4.371964e-01  7.176333e-01
-3.50000e+00  4.00000e+00       6.584e+10  2.211717e-01  0.000000e+00 -2.473955e-01  7.788283e-01
-2.80000e+00  4.00000e+00       1.024e+11  1.697342e-01  0.000000e+00  1.994115e-02  8.302658e-01
-2.10000e+00  4.00000e+00       2.434e+11  3.071203e-01  0.000000e+00  2.241233e-01  6.928797e-01
-1.40000e+00  4.00000e+00       1.168e+12  7.324730e-01  0.000000e+00  2.500488e-01  2.675270e-01
-7.00000e-01  4.00000e+00       3.856e+12  8.183809e-01  0.000000e+00  1.390149e-01  1.816191e-01
 0.00000e+00  4.00000e+00       5.642e+12  8.276635e-01  0.000000e+00  3.962351e-15  1.723365e-01
 7.00000e-01  4.00000e+00       3.856e+12  8.183809e-01  0.000000e+00 -1.390149e-01  1.816191e-01
 1.40000e+00  4.00000e+00       1.168e+12  7.324730e-01  0.000000e+00 -2.500488e-01  2.675270e-01
 2.10000e+00  4.00000e+00       2.434e+11  3.071203e-01  0.000000e+00 -2.241233e-01  6.928797e-01
 2.80000e+00  4.00000e+00       1.024e+11  1.697342e-01  0.000000e+00 -1.994115e-02  8.302658e-01
 3.50000e+00  4.00000e+00       6.584e+10  2.211717e-01  0.000000e+00  2.473955e-01  7.788283e-01
 4.20000e+00  4.00000e+00       4.601e+10  2.823667e-01  0.000000e+00  4.371964e-01  7.176333e-01
 4.90000e+00  4.00000e+00       1.999e+10  3.773808e-01  0.000000e+00  2.548604e-01  6.226192e-01
 5.60000e+00  4.00000e+00       5.472e+09  2.326006e-01  0.000000e+00 -1.442079e-01  7.673994e-01
 6.30000e+00  4.00000e+00       1.607e+09 -3.490657e-01  0.000000e+00 -3.039160e-01  6.509343e-01
 7.00000e+00  4.00000e+00       7.197e+08 -7.169406e-01  0.000000e+00 -7.807713e-02  2.830594e-01
