 EB(GeV)    EMITTANCEx EMITTANCEy SIZEx(m)   SIZEy(m)   DIVx(rad)  DIVy(rad)
 2.411e+00  5.499e-09  1.017e-12  8.711e-05  1.009e-06  6.313e-05  1.009e-06
 betax      alphax     betay      alphay     eta        deta       E_spread  
 1.380e+00  0.000e+00  1.000e+00  0.000e+00  0.000e+00  0.000e+00  8.600e-04
 Ibeam(A)   period(cm) #periods   Kx         Ky         Energy(eV)
 4.005e-01  1.900e+00         96  0.000e+00  1.780e+00  7.961e+03


           x            y       F.Density            PL            PC          PL45        1-|PL|
          mm           mm  ph/s/mr^2/0.1%             -             -             -             -
-7.00000e+00 -4.00000e+00       1.433e+08 -7.311894e-01  0.000000e+00 -1.363342e-01  2.688106e-01
-6.30000e+00 -4.00000e+00       3.752e+08 -5.037802e-01  0.000000e+00 -3.153264e-01  4.962198e-01
-5.60000e+00 -4.00000e+00       8.488e+08 -8.079941e-02  0.000000e+00 -4.123509e-01  9.192006e-01
-4.90000e+00 -4.00000e+00       1.020e+09 -1.576402e-01  0.000000e+00 -8.058897e-01  8.423598e-01
-4.20000e+00 -4.00000e+00       2.545e+09  5.069029e-01  0.000000e+00 -6.580568e-01  4.930971e-01
-3.50000e+00 -4.00000e+00       5.463e+09  8.179722e-01  0.000000e+00 -3.671460e-01  1.820278e-01
-2.80000e+00 -4.00000e+00       1.165e+10  9.177605e-01  0.000000e+00  1.444667e-02  8.223945e-02
-2.10000e+00 -4.00000e+00       2.250e+10  9.494360e-01  0.000000e+00  3.345609e-01  5.056404e-02
-1.40000e+00 -4.00000e+00       5.163e+10  9.138341e-01  0.000000e+00  4.276574e-01  8.616586e-02
-7.00000e-01 -4.00000e+00       1.806e+11  9.163164e-01  0.000000e+00  1.194011e-01  8.368360e-02
 0.00000e+00 -4.00000e+00       2.938e+11  9.335062e-01  0.000000e+00 -4.159582e-16  6.649376e-02
 7.00000e-01 -4.00000e+00       1.806e+11  9.163164e-01  0.000000e+00 -1.194011e-01  8.368360e-02
 1.40000e+00 -4.00000e+00       5.163e+10  9.138341e-01  0.000000e+00 -4.276574e-01  8.616586e-02
 2.10000e+00 -4.00000e+00       2.250e+10  9.494360e-01  0.000000e+00 -3.345609e-01  5.056404e-02
 2.80000e+00 -4.00000e+00       1.165e+10  9.177605e-01  0.000000e+00 -1.444667e-02  8.223945e-02
 3.50000e+00 -4.00000e+00       5.463e+09  8.179722e-01  0.000000e+00  3.671460e-01  1.820278e-01
 4.20000e+00 -4.00000e+00       2.545e+09  5.069029e-01  0.000000e+00  6.580568e-01  4.930971e-01
 4.90000e+00 -4.00000e+00       1.020e+09 -1.576402e-01  0.000000e+00  8.058897e-01  8.423598e-01
 5.60000e+00 -4.00000e+00       8.488e+08 -8.079941e-02  0.000000e+00  4.123509e-01  9.192006e-01
 6.30000e+00 -4.00000e+00       3.752e+08 -5.037802e-01  0.000000e+00  3.153264e-01  4.962198e-01
 7.00000e+00 -4.00000e+00       1.433e+08 -7.311894e-01  0.000000e+00  1.363342e-01  2.688106e-01
-7.00000e+00 -3.60000e+00       1.846e+08 -7.338977e-01  0.000000e+00 -5.720132e-03  2.661023e-01
-6.30000e+00 -3.60000e+00       4.596e+08 -4.966843e-01  0.000000e+00 -2.601997e-01  5.033157e-01
-5.60000e+00 -3.60000e+00       1.157e+09 -8.403230e-02  0.000000e+00 -4.140955e-01  9.159677e-01
-4.90000e+00 -3.60000e+00       1.760e+09 -9.962401e-02  0.000000e+00 -7.292117e-01  9.003760e-01
-4.20000e+00 -3.60000e+00       2.961e+09  6.168981e-02  0.000000e+00 -9.115397e-01  9.383102e-01
-3.50000e+00 -3.60000e+00       6.478e+09  3.754491e-01  0.000000e+00 -5.471518e-01  6.245509e-01
-2.80000e+00 -3.60000e+00       1.329e+10  5.261990e-01  0.000000e+00 -1.346114e-01  4.738010e-01
-2.10000e+00 -3.60000e+00       2.714e+10  4.248146e-01  0.000000e+00  1.873089e-01  5.751854e-01
-1.40000e+00 -3.60000e+00       6.134e+10  3.323180e-01  0.000000e+00  3.833676e-01  6.676820e-01
-7.00000e-01 -3.60000e+00       2.022e+11  3.615299e-01  0.000000e+00  1.100360e-01  6.384701e-01
 0.00000e+00 -3.60000e+00       3.278e+11  3.431233e-01  0.000000e+00  5.775460e-15  6.568767e-01
 7.00000e-01 -3.60000e+00       2.022e+11  3.615299e-01  0.000000e+00 -1.100360e-01  6.384701e-01
 1.40000e+00 -3.60000e+00       6.134e+10  3.323180e-01  0.000000e+00 -3.833676e-01  6.676820e-01
 2.10000e+00 -3.60000e+00       2.714e+10  4.248146e-01  0.000000e+00 -1.873089e-01  5.751854e-01
 2.80000e+00 -3.60000e+00       1.329e+10  5.261990e-01  0.000000e+00  1.346114e-01  4.738010e-01
 3.50000e+00 -3.60000e+00       6.478e+09  3.754491e-01  0.000000e+00  5.471518e-01  6.245509e-01
 4.20000e+00 -3.60000e+00       2.961e+09  6.168981e-02  0.000000e+00  9.115397e-01  9.383102e-01
 4.90000e+00 -3.60000e+00       1.760e+09 -9.962401e-02  0.000000e+00  7.292117e-01  9.003760e-01
 5.60000e+00 -3.60000e+00       1.157e+09 -8.403230e-02  0.000000e+00  4.140955e-01  9.159677e-01
 6.30000e+00 -3.60000e+00       4.596e+08 -4.966843e-01  0.000000e+00  2.601997e-01  5.033157e-01
 7.00000e+00 -3.60000e+00       1.846e+08 -7.338977e-01  0.000000e+00  5.720132e-03  2.661023e-01
-7.00000e+00 -3.20000e+00       2.616e+08 -6.972978e-01  0.000000e+00  1.263770e-01  3.027022e-01
-6.30000e+00 -3.20000e+00       6.613e+08 -4.402928e-01  0.000000e+00 -1.795133e-01  5.597072e-01
-5.60000e+00 -3.20000e+00       2.059e+09 -4.603226e-02  0.000000e+00 -2.743307e-01  9.539677e-01
-4.90000e+00 -3.20000e+00       5.959e+09 -3.936206e-02  0.000000e+00 -3.383610e-01  9.606379e-01
-4.20000e+00 -3.20000e+00       1.897e+10  7.860212e-03  0.000000e+00 -3.478057e-01  9.921398e-01
-3.50000e+00 -3.20000e+00       6.958e+10  1.579654e-01  0.000000e+00 -8.898444e-02  8.420346e-01
-2.80000e+00 -3.20000e+00       1.860e+11  5.058059e-02  0.000000e+00  4.946882e-02  9.494194e-01
-2.10000e+00 -3.20000e+00       3.766e+11 -7.822689e-02  0.000000e+00  3.659843e-01  9.217731e-01
-1.40000e+00 -3.20000e+00       5.060e+11 -1.459913e-01  0.000000e+00  8.762596e-01  8.540087e-01
-7.00000e-01 -3.20000e+00       2.285e+11 -6.840775e-01  0.000000e+00  1.795793e+00  3.159225e-01
 0.00000e+00 -3.20000e+00       4.030e+11  5.582251e-01  0.000000e+00 -7.823382e-15  4.417749e-01
 7.00000e-01 -3.20000e+00       2.285e+11 -6.840775e-01  0.000000e+00 -1.795793e+00  3.159225e-01
 1.40000e+00 -3.20000e+00       5.060e+11 -1.459913e-01  0.000000e+00 -8.762596e-01  8.540087e-01
 2.10000e+00 -3.20000e+00       3.766e+11 -7.822689e-02  0.000000e+00 -3.659843e-01  9.217731e-01
 2.80000e+00 -3.20000e+00       1.860e+11  5.058059e-02  0.000000e+00 -4.946882e-02  9.494194e-01
 3.50000e+00 -3.20000e+00       6.958e+10  1.579654e-01  0.000000e+00  8.898444e-02  8.420346e-01
 4.20000e+00 -3.20000e+00       1.897e+10  7.860212e-03  0.000000e+00  3.478057e-01  9.921398e-01
 4.90000e+00 -3.20000e+00       5.959e+09 -3.936206e-02  0.000000e+00  3.383610e-01  9.606379e-01
 5.60000e+00 -3.20000e+00       2.059e+09 -4.603226e-02  0.000000e+00  2.743307e-01  9.539677e-01
 6.30000e+00 -3.20000e+00       6.613e+08 -4.402928e-01  0.000000e+00  1.795133e-01  5.597072e-01
 7.00000e+00 -3.20000e+00       2.616e+08 -6.972978e-01  0.000000e+00 -1.263770e-01  3.027022e-01
-7.00000e+00 -2.80000e+00       3.825e+08 -6.203227e-01  0.000000e+00  1.400998e-01  3.796773e-01
-6.30000e+00 -2.80000e+00       1.738e+09 -1.454379e-01  0.000000e+00 -3.601647e-01  8.545621e-01
-5.60000e+00 -2.80000e+00       1.304e+10  4.143174e-01  0.000000e+00 -3.196953e-01  5.856826e-01
-4.90000e+00 -2.80000e+00       8.053e+10  4.837553e-01  0.000000e+00  3.849865e-02  5.162447e-01
-4.20000e+00 -2.80000e+00       3.440e+11  2.339700e-01  0.000000e+00  1.457257e-01  7.660300e-01
-3.50000e+00 -2.80000e+00       1.140e+12  1.763289e-01  0.000000e+00 -3.098305e-02  8.236711e-01
-2.80000e+00 -2.80000e+00       2.870e+12  2.432797e-01  0.000000e+00 -8.077160e-04  7.567203e-01
-2.10000e+00 -2.80000e+00       5.415e+12  1.562122e-01  0.000000e+00  1.963892e-01  8.437878e-01
-1.40000e+00 -2.80000e+00       9.033e+12 -1.290508e-01  0.000000e+00  1.837580e-01  8.709492e-01
-7.00000e-01 -2.80000e+00       1.399e+13 -5.569365e-01  0.000000e+00 -5.141939e-02  4.430635e-01
 0.00000e+00 -2.80000e+00       1.638e+13 -7.108653e-01  0.000000e+00  5.727849e-15  2.891347e-01
 7.00000e-01 -2.80000e+00       1.399e+13 -5.569365e-01  0.000000e+00  5.141939e-02  4.430635e-01
 1.40000e+00 -2.80000e+00       9.033e+12 -1.290508e-01  0.000000e+00 -1.837580e-01  8.709492e-01
 2.10000e+00 -2.80000e+00       5.415e+12  1.562122e-01  0.000000e+00 -1.963892e-01  8.437878e-01
 2.80000e+00 -2.80000e+00       2.870e+12  2.432797e-01  0.000000e+00  8.077160e-04  7.567203e-01
 3.50000e+00 -2.80000e+00       1.140e+12  1.763289e-01  0.000000e+00  3.098305e-02  8.236711e-01
 4.20000e+00 -2.80000e+00       3.440e+11  2.339700e-01  0.000000e+00 -1.457257e-01  7.660300e-01
 4.90000e+00 -2.80000e+00       8.053e+10  4.837553e-01  0.000000e+00 -3.849865e-02  5.162447e-01
 5.60000e+00 -2.80000e+00       1.304e+10  4.143174e-01  0.000000e+00  3.196953e-01  5.856826e-01
 6.30000e+00 -2.80000e+00       1.738e+09 -1.454379e-01  0.000000e+00  3.601647e-01  8.545621e-01
 7.00000e+00 -2.80000e+00       3.825e+08 -6.203227e-01  0.000000e+00 -1.400998e-01  3.796773e-01
-7.00000e+00 -2.40000e+00       1.080e+09 -2.099063e-01  0.000000e+00  5.643386e-01  7.900937e-01
-6.30000e+00 -2.40000e+00       1.111e+10 -3.396272e-01  0.000000e+00  3.003021e-01  6.603728e-01
-5.60000e+00 -2.40000e+00       1.087e+11 -2.438308e-01  0.000000e+00 -2.217965e-01  7.561692e-01
-4.90000e+00 -2.40000e+00       8.034e+11  2.027960e-01  0.000000e+00 -4.206676e-01  7.972040e-01
-4.20000e+00 -2.40000e+00       3.829e+12  4.950463e-01  0.000000e+00 -1.827146e-01  5.049537e-01
-3.50000e+00 -2.40000e+00       1.125e+13  4.168540e-01  0.000000e+00  5.830194e-02  5.831460e-01
-2.80000e+00 -2.40000e+00       2.404e+13  2.460787e-01  0.000000e+00  2.277788e-03  7.539213e-01
-2.10000e+00 -2.40000e+00       4.044e+13  4.680674e-02  0.000000e+00  2.292648e-02  9.531933e-01
-1.40000e+00 -2.40000e+00       5.224e+13 -3.760003e-01  0.000000e+00  3.171745e-01  6.239997e-01
-7.00000e-01 -2.40000e+00       4.760e+13 -6.300550e-01  0.000000e+00  5.031349e-01  3.699450e-01
 0.00000e+00 -2.40000e+00       3.460e+13 -6.938832e-01  0.000000e+00 -4.443893e-15  3.061168e-01
 7.00000e-01 -2.40000e+00       4.760e+13 -6.300550e-01  0.000000e+00 -5.031349e-01  3.699450e-01
 1.40000e+00 -2.40000e+00       5.224e+13 -3.760003e-01  0.000000e+00 -3.171745e-01  6.239997e-01
 2.10000e+00 -2.40000e+00       4.044e+13  4.680674e-02  0.000000e+00 -2.292648e-02  9.531933e-01
 2.80000e+00 -2.40000e+00       2.404e+13  2.460787e-01  0.000000e+00 -2.277788e-03  7.539213e-01
 3.50000e+00 -2.40000e+00       1.125e+13  4.168540e-01  0.000000e+00 -5.830194e-02  5.831460e-01
 4.20000e+00 -2.40000e+00       3.829e+12  4.950463e-01  0.000000e+00  1.827146e-01  5.049537e-01
 4.90000e+00 -2.40000e+00       8.034e+11  2.027960e-01  0.000000e+00  4.206676e-01  7.972040e-01
 5.60000e+00 -2.40000e+00       1.087e+11 -2.438308e-01  0.000000e+00  2.217965e-01  7.561692e-01
 6.30000e+00 -2.40000e+00       1.111e+10 -3.396272e-01  0.000000e+00 -3.003021e-01  6.603728e-01
 7.00000e+00 -2.40000e+00       1.080e+09 -2.099063e-01  0.000000e+00 -5.643386e-01  7.900937e-01
-7.00000e+00 -2.00000e+00       1.049e+10  8.165413e-01  0.000000e+00  2.729551e-01  1.834587e-01
-6.30000e+00 -2.00000e+00       1.310e+11  6.724837e-01  0.000000e+00  4.979148e-01  3.275163e-01
-5.60000e+00 -2.00000e+00       9.724e+11  3.144255e-01  0.000000e+00  5.920259e-01  6.855745e-01
-4.90000e+00 -2.00000e+00       4.865e+12 -4.037088e-02  0.000000e+00  2.738862e-01  9.596291e-01
-4.20000e+00 -2.00000e+00       2.040e+13  1.056748e-01  0.000000e+00 -2.084532e-01  8.943252e-01
-3.50000e+00 -2.00000e+00       6.606e+13  4.463621e-01  0.000000e+00 -2.036967e-01  5.536379e-01
-2.80000e+00 -2.00000e+00       1.405e+14  5.117860e-01  0.000000e+00 -3.100606e-03  4.882140e-01
-2.10000e+00 -2.00000e+00       2.402e+14  5.681218e-01  0.000000e+00 -7.633374e-02  4.318782e-01
-1.40000e+00 -2.00000e+00       3.553e+14  7.210558e-01  0.000000e+00 -3.285817e-01  2.789442e-01
-7.00000e-01 -2.00000e+00       3.149e+14  7.579489e-01  0.000000e+00 -4.717505e-01  2.420511e-01
 0.00000e+00 -2.00000e+00       2.068e+14  7.483361e-01  0.000000e+00  6.543613e-16  2.516639e-01
 7.00000e-01 -2.00000e+00       3.149e+14  7.579489e-01  0.000000e+00  4.717505e-01  2.420511e-01
 1.40000e+00 -2.00000e+00       3.553e+14  7.210558e-01  0.000000e+00  3.285817e-01  2.789442e-01
 2.10000e+00 -2.00000e+00       2.402e+14  5.681218e-01  0.000000e+00  7.633374e-02  4.318782e-01
 2.80000e+00 -2.00000e+00       1.405e+14  5.117860e-01  0.000000e+00  3.100606e-03  4.882140e-01
 3.50000e+00 -2.00000e+00       6.606e+13  4.463621e-01  0.000000e+00  2.036967e-01  5.536379e-01
 4.20000e+00 -2.00000e+00       2.040e+13  1.056748e-01  0.000000e+00  2.084532e-01  8.943252e-01
 4.90000e+00 -2.00000e+00       4.865e+12 -4.037088e-02  0.000000e+00 -2.738862e-01  9.596291e-01
 5.60000e+00 -2.00000e+00       9.724e+11  3.144255e-01  0.000000e+00 -5.920259e-01  6.855745e-01
 6.30000e+00 -2.00000e+00       1.310e+11  6.724837e-01  0.000000e+00 -4.979148e-01  3.275163e-01
 7.00000e+00 -2.00000e+00       1.049e+10  8.165413e-01  0.000000e+00 -2.729551e-01  1.834587e-01
-7.00000e+00 -1.60000e+00       7.081e+10  8.967404e-01  0.000000e+00 -3.141385e-01  1.032596e-01
-6.30000e+00 -1.60000e+00       9.551e+11  9.367636e-01  0.000000e+00 -9.521728e-02  6.323640e-02
-5.60000e+00 -1.60000e+00       7.252e+12  8.890976e-01  0.000000e+00  1.638491e-01  1.109024e-01
-4.90000e+00 -1.60000e+00       3.118e+13  6.909973e-01  0.000000e+00  3.961100e-01  3.090027e-01
-4.20000e+00 -1.60000e+00       8.564e+13  3.464772e-01  0.000000e+00  3.502536e-01  6.535228e-01
-3.50000e+00 -1.60000e+00       2.114e+14  2.960590e-01  0.000000e+00 -5.985954e-02  7.039410e-01
-2.80000e+00 -1.60000e+00       4.728e+14  5.274983e-01  0.000000e+00 -1.549258e-01  4.725017e-01
-2.10000e+00 -1.60000e+00       7.177e+14  5.043948e-01  0.000000e+00 -1.806035e-01  4.956052e-01
-1.40000e+00 -1.60000e+00       7.922e+14  1.920435e-01  0.000000e+00 -5.118294e-01  8.079565e-01
-7.00000e-01 -1.60000e+00       6.585e+14 -1.520236e-01  0.000000e+00 -6.949602e-01  8.479764e-01
 0.00000e+00 -1.60000e+00       4.818e+14 -3.038779e-01  0.000000e+00 -4.072101e-15  6.961221e-01
 7.00000e-01 -1.60000e+00       6.585e+14 -1.520236e-01  0.000000e+00  6.949602e-01  8.479764e-01
 1.40000e+00 -1.60000e+00       7.922e+14  1.920435e-01  0.000000e+00  5.118294e-01  8.079565e-01
 2.10000e+00 -1.60000e+00       7.177e+14  5.043948e-01  0.000000e+00  1.806035e-01  4.956052e-01
 2.80000e+00 -1.60000e+00       4.728e+14  5.274983e-01  0.000000e+00  1.549258e-01  4.725017e-01
 3.50000e+00 -1.60000e+00       2.114e+14  2.960590e-01  0.000000e+00  5.985954e-02  7.039410e-01
 4.20000e+00 -1.60000e+00       8.564e+13  3.464772e-01  0.000000e+00 -3.502536e-01  6.535228e-01
 4.90000e+00 -1.60000e+00       3.118e+13  6.909973e-01  0.000000e+00 -3.961100e-01  3.090027e-01
 5.60000e+00 -1.60000e+00       7.252e+12  8.890976e-01  0.000000e+00 -1.638491e-01  1.109024e-01
 6.30000e+00 -1.60000e+00       9.551e+11  9.367636e-01  0.000000e+00  9.521728e-02  6.323640e-02
 7.00000e+00 -1.60000e+00       7.081e+10  8.967404e-01  0.000000e+00  3.141385e-01  1.032596e-01
-7.00000e+00 -1.20000e+00       1.625e+11  7.246646e-01  0.000000e+00 -6.522362e-01  2.753354e-01
-6.30000e+00 -1.20000e+00       1.859e+12  8.199586e-01  0.000000e+00 -4.621817e-01  1.800414e-01
-5.60000e+00 -1.20000e+00       1.695e+13  9.176073e-01  0.000000e+00 -6.958541e-02  8.239267e-02
-4.90000e+00 -1.20000e+00       1.278e+14  9.194153e-01  0.000000e+00  2.012421e-01  8.058468e-02
-4.20000e+00 -1.20000e+00       4.767e+14  8.337552e-01  0.000000e+00  3.170802e-01  1.662448e-01
-3.50000e+00 -1.20000e+00       9.179e+14  6.776802e-01  0.000000e+00  2.169282e-01  3.223198e-01
-2.80000e+00 -1.20000e+00       1.690e+15  6.751065e-01  0.000000e+00 -1.323886e-01  3.248935e-01
-2.10000e+00 -1.20000e+00       2.666e+15  7.300925e-01  0.000000e+00 -2.187817e-01  2.699075e-01
-1.40000e+00 -1.20000e+00       3.744e+15  7.635023e-01  0.000000e+00 -1.355518e-01  2.364977e-01
-7.00000e-01 -1.20000e+00       9.233e+15  8.959829e-01  0.000000e+00  5.172488e-03  1.040171e-01
 0.00000e+00 -1.20000e+00       1.443e+16  9.249880e-01  0.000000e+00  2.016376e-15  7.501202e-02
 7.00000e-01 -1.20000e+00       9.233e+15  8.959829e-01  0.000000e+00 -5.172488e-03  1.040171e-01
 1.40000e+00 -1.20000e+00       3.744e+15  7.635023e-01  0.000000e+00  1.355518e-01  2.364977e-01
 2.10000e+00 -1.20000e+00       2.666e+15  7.300925e-01  0.000000e+00  2.187817e-01  2.699075e-01
 2.80000e+00 -1.20000e+00       1.690e+15  6.751065e-01  0.000000e+00  1.323886e-01  3.248935e-01
 3.50000e+00 -1.20000e+00       9.179e+14  6.776802e-01  0.000000e+00 -2.169282e-01  3.223198e-01
 4.20000e+00 -1.20000e+00       4.767e+14  8.337552e-01  0.000000e+00 -3.170802e-01  1.662448e-01
 4.90000e+00 -1.20000e+00       1.278e+14  9.194153e-01  0.000000e+00 -2.012421e-01  8.058468e-02
 5.60000e+00 -1.20000e+00       1.695e+13  9.176073e-01  0.000000e+00  6.958541e-02  8.239267e-02
 6.30000e+00 -1.20000e+00       1.859e+12  8.199586e-01  0.000000e+00  4.621817e-01  1.800414e-01
 7.00000e+00 -1.20000e+00       1.625e+11  7.246646e-01  0.000000e+00  6.522362e-01  2.753354e-01
-7.00000e+00 -8.00000e-01       4.100e+11  7.042438e-01  0.000000e+00 -6.709370e-01  2.957562e-01
-6.30000e+00 -8.00000e-01       6.164e+12  8.182720e-01  0.000000e+00 -5.288966e-01  1.817280e-01
-5.60000e+00 -8.00000e-01       5.455e+13  9.017779e-01  0.000000e+00 -3.665555e-01  9.822207e-02
-4.90000e+00 -8.00000e-01       2.821e+14  9.500053e-01  0.000000e+00 -1.869362e-01  4.999474e-02
-4.20000e+00 -8.00000e-01       8.267e+14  9.501912e-01  0.000000e+00  4.201828e-03  4.980879e-02
-3.50000e+00 -8.00000e-01       1.370e+15  8.731460e-01  0.000000e+00  1.548754e-01  1.268540e-01
-2.80000e+00 -8.00000e-01       1.783e+15  7.710262e-01  0.000000e+00  7.745769e-02  2.289738e-01
-2.10000e+00 -8.00000e-01       3.019e+15  8.486118e-01  0.000000e+00 -3.928907e-02  1.513882e-01
-1.40000e+00 -8.00000e-01       4.501e+15  9.284001e-01  0.000000e+00 -7.862136e-02  7.159995e-02
-7.00000e-01 -8.00000e-01       3.818e+15  9.544684e-01  0.000000e+00 -1.487353e-01  4.553156e-02
 0.00000e+00 -8.00000e-01       2.385e+15  9.609400e-01  0.000000e+00  4.203997e-16  3.905998e-02
 7.00000e-01 -8.00000e-01       3.818e+15  9.544684e-01  0.000000e+00  1.487353e-01  4.553156e-02
 1.40000e+00 -8.00000e-01       4.501e+15  9.284001e-01  0.000000e+00  7.862136e-02  7.159995e-02
 2.10000e+00 -8.00000e-01       3.019e+15  8.486118e-01  0.000000e+00  3.928907e-02  1.513882e-01
 2.80000e+00 -8.00000e-01       1.783e+15  7.710262e-01  0.000000e+00 -7.745769e-02  2.289738e-01
 3.50000e+00 -8.00000e-01       1.370e+15  8.731460e-01  0.000000e+00 -1.548754e-01  1.268540e-01
 4.20000e+00 -8.00000e-01       8.267e+14  9.501912e-01  0.000000e+00 -4.201828e-03  4.980879e-02
 4.90000e+00 -8.00000e-01       2.821e+14  9.500053e-01  0.000000e+00  1.869362e-01  4.999474e-02
 5.60000e+00 -8.00000e-01       5.455e+13  9.017779e-01  0.000000e+00  3.665555e-01  9.822207e-02
 6.30000e+00 -8.00000e-01       6.164e+12  8.182720e-01  0.000000e+00  5.288966e-01  1.817280e-01
 7.00000e+00 -8.00000e-01       4.100e+11  7.042438e-01  0.000000e+00  6.709370e-01  2.957562e-01
-7.00000e+00 -4.00000e-01       4.569e+11  8.462377e-01  0.000000e+00 -5.030839e-01  1.537623e-01
-6.30000e+00 -4.00000e-01       7.455e+12  9.088637e-01  0.000000e+00 -3.874163e-01  9.113632e-02
-5.60000e+00 -4.00000e-01       7.146e+13  9.509027e-01  0.000000e+00 -2.749837e-01  4.909728e-02
-4.90000e+00 -4.00000e-01       4.023e+14  9.762888e-01  0.000000e+00 -1.651874e-01  2.371116e-02
-4.20000e+00 -4.00000e-01       1.292e+15  9.860740e-01  0.000000e+00 -5.640739e-02  1.392601e-02
-3.50000e+00 -4.00000e-01       2.274e+15  9.757927e-01  0.000000e+00  4.336398e-02  2.420726e-02
-2.80000e+00 -4.00000e-01       2.570e+15  9.423395e-01  0.000000e+00  5.806606e-02  5.766051e-02
-2.10000e+00 -4.00000e-01       3.029e+15  9.268570e-01  0.000000e+00 -4.414635e-02  7.314295e-02
-1.40000e+00 -4.00000e-01       2.482e+15  8.972458e-01  0.000000e+00 -6.444206e-02  1.027542e-01
-7.00000e-01 -4.00000e-01       8.155e+14  7.864941e-01  0.000000e+00 -3.438468e-02  2.135059e-01
 0.00000e+00 -4.00000e-01       2.196e+14  6.219599e-01  0.000000e+00  4.677288e-15  3.780401e-01
 7.00000e-01 -4.00000e-01       8.155e+14  7.864941e-01  0.000000e+00  3.438468e-02  2.135059e-01
 1.40000e+00 -4.00000e-01       2.482e+15  8.972458e-01  0.000000e+00  6.444206e-02  1.027542e-01
 2.10000e+00 -4.00000e-01       3.029e+15  9.268570e-01  0.000000e+00  4.414635e-02  7.314295e-02
 2.80000e+00 -4.00000e-01       2.570e+15  9.423395e-01  0.000000e+00 -5.806606e-02  5.766051e-02
 3.50000e+00 -4.00000e-01       2.274e+15  9.757927e-01  0.000000e+00 -4.336398e-02  2.420726e-02
 4.20000e+00 -4.00000e-01       1.292e+15  9.860740e-01  0.000000e+00  5.640739e-02  1.392601e-02
 4.90000e+00 -4.00000e-01       4.023e+14  9.762888e-01  0.000000e+00  1.651874e-01  2.371116e-02
 5.60000e+00 -4.00000e-01       7.146e+13  9.509027e-01  0.000000e+00  2.749837e-01  4.909728e-02
 6.30000e+00 -4.00000e-01       7.455e+12  9.088637e-01  0.000000e+00  3.874163e-01  9.113632e-02
 7.00000e+00 -4.00000e-01       4.569e+11  8.462377e-01  0.000000e+00  5.030839e-01  1.537623e-01
-7.00000e+00  0.00000e+00       4.363e+11  9.998611e-01  0.000000e+00  1.604115e-10  1.389109e-04
-6.30000e+00  0.00000e+00       7.517e+12  9.999210e-01  0.000000e+00  5.303888e-11  7.900958e-05
-5.60000e+00  0.00000e+00       7.523e+13  9.999585e-01  0.000000e+00  1.198763e-11  4.151408e-05
-4.90000e+00  0.00000e+00       4.401e+14  9.999812e-01  0.000000e+00  2.244430e-12  1.879459e-05
-4.20000e+00  0.00000e+00       1.467e+15  9.999917e-01  0.000000e+00  6.100560e-13  8.310749e-06
-3.50000e+00  0.00000e+00       2.664e+15  9.999885e-01  0.000000e+00  2.323340e-13  1.146643e-05
-2.80000e+00  0.00000e+00       2.923e+15  9.999682e-01  0.000000e+00  2.240825e-13  3.181568e-05
-2.10000e+00  0.00000e+00       3.140e+15  9.999498e-01  0.000000e+00  3.380891e-13  5.017467e-05
-1.40000e+00  0.00000e+00       2.651e+15  9.999277e-01  0.000000e+00  4.593359e-13  7.228618e-05
-7.00000e-01  0.00000e+00       1.073e+15  9.999007e-01  0.000000e+00  5.985554e-13  9.932809e-05
 0.00000e+00  0.00000e+00       4.447e+14  9.999971e-01  0.000000e+00 -4.299459e-17  2.928119e-06
 7.00000e-01  0.00000e+00       1.073e+15  9.999007e-01  0.000000e+00 -5.985812e-13  9.932809e-05
 1.40000e+00  0.00000e+00       2.651e+15  9.999277e-01  0.000000e+00 -4.593264e-13  7.228618e-05
 2.10000e+00  0.00000e+00       3.140e+15  9.999498e-01  0.000000e+00 -3.380939e-13  5.017467e-05
 2.80000e+00  0.00000e+00       2.923e+15  9.999682e-01  0.000000e+00 -2.241455e-13  3.181568e-05
 3.50000e+00  0.00000e+00       2.664e+15  9.999885e-01  0.000000e+00 -2.323459e-13  1.146643e-05
 4.20000e+00  0.00000e+00       1.467e+15  9.999917e-01  0.000000e+00 -6.099446e-13  8.310749e-06
 4.90000e+00  0.00000e+00       4.401e+14  9.999812e-01  0.000000e+00 -2.244174e-12  1.879459e-05
 5.60000e+00  0.00000e+00       7.523e+13  9.999585e-01  0.000000e+00 -1.198719e-11  4.151408e-05
 6.30000e+00  0.00000e+00       7.517e+12  9.999210e-01  0.000000e+00 -5.303819e-11  7.900958e-05
 7.00000e+00  0.00000e+00       4.363e+11  9.998611e-01  0.000000e+00 -1.604106e-10  1.389109e-04
-7.00000e+00  4.00000e-01       4.569e+11  8.462377e-01  0.000000e+00  5.030839e-01  1.537623e-01
-6.30000e+00  4.00000e-01       7.455e+12  9.088637e-01  0.000000e+00  3.874163e-01  9.113632e-02
-5.60000e+00  4.00000e-01       7.146e+13  9.509027e-01  0.000000e+00  2.749837e-01  4.909728e-02
-4.90000e+00  4.00000e-01       4.023e+14  9.762888e-01  0.000000e+00  1.651874e-01  2.371116e-02
-4.20000e+00  4.00000e-01       1.292e+15  9.860740e-01  0.000000e+00  5.640739e-02  1.392601e-02
-3.50000e+00  4.00000e-01       2.274e+15  9.757927e-01  0.000000e+00 -4.336398e-02  2.420726e-02
-2.80000e+00  4.00000e-01       2.570e+15  9.423395e-01  0.000000e+00 -5.806606e-02  5.766051e-02
-2.10000e+00  4.00000e-01       3.029e+15  9.268570e-01  0.000000e+00  4.414635e-02  7.314295e-02
-1.40000e+00  4.00000e-01       2.482e+15  8.972458e-01  0.000000e+00  6.444206e-02  1.027542e-01
-7.00000e-01  4.00000e-01       8.155e+14  7.864941e-01  0.000000e+00  3.438468e-02  2.135059e-01
 0.00000e+00  4.00000e-01       2.196e+14  6.219599e-01  0.000000e+00 -4.632773e-15  3.780401e-01
 7.00000e-01  4.00000e-01       8.155e+14  7.864941e-01  0.000000e+00 -3.438468e-02  2.135059e-01
 1.40000e+00  4.00000e-01       2.482e+15  8.972458e-01  0.000000e+00 -6.444206e-02  1.027542e-01
 2.10000e+00  4.00000e-01       3.029e+15  9.268570e-01  0.000000e+00 -4.414635e-02  7.314295e-02
 2.80000e+00  4.00000e-01       2.570e+15  9.423395e-01  0.000000e+00  5.806606e-02  5.766051e-02
 3.50000e+00  4.00000e-01       2.274e+15  9.757927e-01  0.000000e+00  4.336398e-02  2.420726e-02
 4.20000e+00  4.00000e-01       1.292e+15  9.860740e-01  0.000000e+00 -5.640739e-02  1.392601e-02
 4.90000e+00  4.00000e-01       4.023e+14  9.762888e-01  0.000000e+00 -1.651874e-01  2.371116e-02
 5.60000e+00  4.00000e-01       7.146e+13  9.509027e-01  0.000000e+00 -2.749837e-01  4.909728e-02
 6.30000e+00  4.00000e-01       7.455e+12  9.088637e-01  0.000000e+00 -3.874163e-01  9.113632e-02
 7.00000e+00  4.00000e-01       4.569e+11  8.462377e-01  0.000000e+00 -5.030839e-01  1.537623e-01
-7.00000e+00  8.00000e-01       4.100e+11  7.042438e-01  0.000000e+00  6.709370e-01  2.957562e-01
-6.30000e+00  8.00000e-01       6.164e+12  8.182720e-01  0.000000e+00  5.288966e-01  1.817280e-01
-5.60000e+00  8.00000e-01       5.455e+13  9.017779e-01  0.000000e+00  3.665555e-01  9.822207e-02
-4.90000e+00  8.00000e-01       2.821e+14  9.500053e-01  0.000000e+00  1.869362e-01  4.999474e-02
-4.20000e+00  8.00000e-01       8.267e+14  9.501912e-01  0.000000e+00 -4.201828e-03  4.980879e-02
-3.50000e+00  8.00000e-01       1.370e+15  8.731460e-01  0.000000e+00 -1.548754e-01  1.268540e-01
-2.80000e+00  8.00000e-01       1.783e+15  7.710262e-01  0.000000e+00 -7.745769e-02  2.289738e-01
-2.10000e+00  8.00000e-01       3.019e+15  8.486118e-01  0.000000e+00  3.928907e-02  1.513882e-01
-1.40000e+00  8.00000e-01       4.501e+15  9.284001e-01  0.000000e+00  7.862136e-02  7.159995e-02
-7.00000e-01  8.00000e-01       3.818e+15  9.544684e-01  0.000000e+00  1.487353e-01  4.553156e-02
 0.00000e+00  8.00000e-01       2.385e+15  9.609400e-01  0.000000e+00 -2.325109e-15  3.905998e-02
 7.00000e-01  8.00000e-01       3.818e+15  9.544684e-01  0.000000e+00 -1.487353e-01  4.553156e-02
 1.40000e+00  8.00000e-01       4.501e+15  9.284001e-01  0.000000e+00 -7.862136e-02  7.159995e-02
 2.10000e+00  8.00000e-01       3.019e+15  8.486118e-01  0.000000e+00 -3.928907e-02  1.513882e-01
 2.80000e+00  8.00000e-01       1.783e+15  7.710262e-01  0.000000e+00  7.745769e-02  2.289738e-01
 3.50000e+00  8.00000e-01       1.370e+15  8.731460e-01  0.000000e+00  1.548754e-01  1.268540e-01
 4.20000e+00  8.00000e-01       8.267e+14  9.501912e-01  0.000000e+00  4.201828e-03  4.980879e-02
 4.90000e+00  8.00000e-01       2.821e+14  9.500053e-01  0.000000e+00 -1.869362e-01  4.999474e-02
 5.60000e+00  8.00000e-01       5.455e+13  9.017779e-01  0.000000e+00 -3.665555e-01  9.822207e-02
 6.30000e+00  8.00000e-01       6.164e+12  8.182720e-01  0.000000e+00 -5.288966e-01  1.817280e-01
 7.00000e+00  8.00000e-01       4.100e+11  7.042438e-01  0.000000e+00 -6.709370e-01  2.957562e-01
-7.00000e+00  1.20000e+00       1.625e+11  7.246646e-01  0.000000e+00  6.522362e-01  2.753354e-01
-6.30000e+00  1.20000e+00       1.859e+12  8.199586e-01  0.000000e+00  4.621817e-01  1.800414e-01
-5.60000e+00  1.20000e+00       1.695e+13  9.176073e-01  0.000000e+00  6.958541e-02  8.239267e-02
-4.90000e+00  1.20000e+00       1.278e+14  9.194153e-01  0.000000e+00 -2.012421e-01  8.058468e-02
-4.20000e+00  1.20000e+00       4.767e+14  8.337552e-01  0.000000e+00 -3.170802e-01  1.662448e-01
-3.50000e+00  1.20000e+00       9.179e+14  6.776802e-01  0.000000e+00 -2.169282e-01  3.223198e-01
-2.80000e+00  1.20000e+00       1.690e+15  6.751065e-01  0.000000e+00  1.323886e-01  3.248935e-01
-2.10000e+00  1.20000e+00       2.666e+15  7.300925e-01  0.000000e+00  2.187817e-01  2.699075e-01
-1.40000e+00  1.20000e+00       3.744e+15  7.635023e-01  0.000000e+00  1.355518e-01  2.364977e-01
-7.00000e-01  1.20000e+00       9.233e+15  8.959829e-01  0.000000e+00 -5.172488e-03  1.040171e-01
 0.00000e+00  1.20000e+00       1.443e+16  9.249880e-01  0.000000e+00 -4.098841e-15  7.501202e-02
 7.00000e-01  1.20000e+00       9.233e+15  8.959829e-01  0.000000e+00  5.172488e-03  1.040171e-01
 1.40000e+00  1.20000e+00       3.744e+15  7.635023e-01  0.000000e+00 -1.355518e-01  2.364977e-01
 2.10000e+00  1.20000e+00       2.666e+15  7.300925e-01  0.000000e+00 -2.187817e-01  2.699075e-01
 2.80000e+00  1.20000e+00       1.690e+15  6.751065e-01  0.000000e+00 -1.323886e-01  3.248935e-01
 3.50000e+00  1.20000e+00       9.179e+14  6.776802e-01  0.000000e+00  2.169282e-01  3.223198e-01
 4.20000e+00  1.20000e+00       4.767e+14  8.337552e-01  0.000000e+00  3.170802e-01  1.662448e-01
 4.90000e+00  1.20000e+00       1.278e+14  9.194153e-01  0.000000e+00  2.012421e-01  8.058468e-02
 5.60000e+00  1.20000e+00       1.695e+13  9.176073e-01  0.000000e+00 -6.958541e-02  8.239267e-02
 6.30000e+00  1.20000e+00       1.859e+12  8.199586e-01  0.000000e+00 -4.621817e-01  1.800414e-01
 7.00000e+00  1.20000e+00       1.625e+11  7.246646e-01  0.000000e+00 -6.522362e-01  2.753354e-01
-7.00000e+00  1.60000e+00       7.081e+10  8.967404e-01  0.000000e+00  3.141385e-01  1.032596e-01
-6.30000e+00  1.60000e+00       9.551e+11  9.367636e-01  0.000000e+00  9.521728e-02  6.323640e-02
-5.60000e+00  1.60000e+00       7.252e+12  8.890976e-01  0.000000e+00 -1.638491e-01  1.109024e-01
-4.90000e+00  1.60000e+00       3.118e+13  6.909973e-01  0.000000e+00 -3.961100e-01  3.090027e-01
-4.20000e+00  1.60000e+00       8.564e+13  3.464772e-01  0.000000e+00 -3.502536e-01  6.535228e-01
-3.50000e+00  1.60000e+00       2.114e+14  2.960590e-01  0.000000e+00  5.985954e-02  7.039410e-01
-2.80000e+00  1.60000e+00       4.728e+14  5.274983e-01  0.000000e+00  1.549258e-01  4.725017e-01
-2.10000e+00  1.60000e+00       7.177e+14  5.043948e-01  0.000000e+00  1.806035e-01  4.956052e-01
-1.40000e+00  1.60000e+00       7.922e+14  1.920435e-01  0.000000e+00  5.118294e-01  8.079565e-01
-7.00000e-01  1.60000e+00       6.585e+14 -1.520236e-01  0.000000e+00  6.949602e-01  8.479764e-01
 0.00000e+00  1.60000e+00       4.818e+14 -3.038779e-01  0.000000e+00  4.109682e-15  6.961221e-01
 7.00000e-01  1.60000e+00       6.585e+14 -1.520236e-01  0.000000e+00 -6.949602e-01  8.479764e-01
 1.40000e+00  1.60000e+00       7.922e+14  1.920435e-01  0.000000e+00 -5.118294e-01  8.079565e-01
 2.10000e+00  1.60000e+00       7.177e+14  5.043948e-01  0.000000e+00 -1.806035e-01  4.956052e-01
 2.80000e+00  1.60000e+00       4.728e+14  5.274983e-01  0.000000e+00 -1.549258e-01  4.725017e-01
 3.50000e+00  1.60000e+00       2.114e+14  2.960590e-01  0.000000e+00 -5.985954e-02  7.039410e-01
 4.20000e+00  1.60000e+00       8.564e+13  3.464772e-01  0.000000e+00  3.502536e-01  6.535228e-01
 4.90000e+00  1.60000e+00       3.118e+13  6.909973e-01  0.000000e+00  3.961100e-01  3.090027e-01
 5.60000e+00  1.60000e+00       7.252e+12  8.890976e-01  0.000000e+00  1.638491e-01  1.109024e-01
 6.30000e+00  1.60000e+00       9.551e+11  9.367636e-01  0.000000e+00 -9.521728e-02  6.323640e-02
 7.00000e+00  1.60000e+00       7.081e+10  8.967404e-01  0.000000e+00 -3.141385e-01  1.032596e-01
-7.00000e+00  2.00000e+00       1.049e+10  8.165412e-01  0.000000e+00 -2.729550e-01  1.834588e-01
-6.30000e+00  2.00000e+00       1.310e+11  6.724837e-01  0.000000e+00 -4.979148e-01  3.275163e-01
-5.60000e+00  2.00000e+00       9.724e+11  3.144255e-01  0.000000e+00 -5.920259e-01  6.855745e-01
-4.90000e+00  2.00000e+00       4.865e+12 -4.037088e-02  0.000000e+00 -2.738862e-01  9.596291e-01
-4.20000e+00  2.00000e+00       2.040e+13  1.056748e-01  0.000000e+00  2.084532e-01  8.943252e-01
-3.50000e+00  2.00000e+00       6.606e+13  4.463621e-01  0.000000e+00  2.036967e-01  5.536379e-01
-2.80000e+00  2.00000e+00       1.405e+14  5.117860e-01  0.000000e+00  3.100606e-03  4.882140e-01
-2.10000e+00  2.00000e+00       2.402e+14  5.681218e-01  0.000000e+00  7.633374e-02  4.318782e-01
-1.40000e+00  2.00000e+00       3.553e+14  7.210558e-01  0.000000e+00  3.285817e-01  2.789442e-01
-7.00000e-01  2.00000e+00       3.149e+14  7.579489e-01  0.000000e+00  4.717505e-01  2.420511e-01
 0.00000e+00  2.00000e+00       2.068e+14  7.483361e-01  0.000000e+00 -6.299023e-16  2.516639e-01
 7.00000e-01  2.00000e+00       3.149e+14  7.579489e-01  0.000000e+00 -4.717505e-01  2.420511e-01
 1.40000e+00  2.00000e+00       3.553e+14  7.210558e-01  0.000000e+00 -3.285817e-01  2.789442e-01
 2.10000e+00  2.00000e+00       2.402e+14  5.681218e-01  0.000000e+00 -7.633374e-02  4.318782e-01
 2.80000e+00  2.00000e+00       1.405e+14  5.117860e-01  0.000000e+00 -3.100606e-03  4.882140e-01
 3.50000e+00  2.00000e+00       6.606e+13  4.463621e-01  0.000000e+00 -2.036967e-01  5.536379e-01
 4.20000e+00  2.00000e+00       2.040e+13  1.056748e-01  0.000000e+00 -2.084532e-01  8.943252e-01
 4.90000e+00  2.00000e+00       4.865e+12 -4.037088e-02  0.000000e+00  2.738862e-01  9.596291e-01
 5.60000e+00  2.00000e+00       9.724e+11  3.144255e-01  0.000000e+00  5.920259e-01  6.855745e-01
 6.30000e+00  2.00000e+00       1.310e+11  6.724837e-01  0.000000e+00  4.979148e-01  3.275163e-01
 7.00000e+00  2.00000e+00       1.049e+10  8.165412e-01  0.000000e+00  2.729550e-01  1.834588e-01
-7.00000e+00  2.40000e+00       1.080e+09 -2.099064e-01  0.000000e+00 -5.643382e-01  7.900936e-01
-6.30000e+00  2.40000e+00       1.111e+10 -3.396273e-01  0.000000e+00 -3.003019e-01  6.603727e-01
-5.60000e+00  2.40000e+00       1.087e+11 -2.438308e-01  0.000000e+00  2.217965e-01  7.561692e-01
-4.90000e+00  2.40000e+00       8.034e+11  2.027960e-01  0.000000e+00  4.206676e-01  7.972040e-01
-4.20000e+00  2.40000e+00       3.829e+12  4.950463e-01  0.000000e+00  1.827146e-01  5.049537e-01
-3.50000e+00  2.40000e+00       1.125e+13  4.168540e-01  0.000000e+00 -5.830194e-02  5.831460e-01
-2.80000e+00  2.40000e+00       2.404e+13  2.460787e-01  0.000000e+00 -2.277788e-03  7.539213e-01
-2.10000e+00  2.40000e+00       4.044e+13  4.680674e-02  0.000000e+00 -2.292648e-02  9.531933e-01
-1.40000e+00  2.40000e+00       5.224e+13 -3.760003e-01  0.000000e+00 -3.171745e-01  6.239997e-01
-7.00000e-01  2.40000e+00       4.760e+13 -6.300550e-01  0.000000e+00 -5.031349e-01  3.699450e-01
 0.00000e+00  2.40000e+00       3.460e+13 -6.938832e-01  0.000000e+00  4.524967e-15  3.061168e-01
 7.00000e-01  2.40000e+00       4.760e+13 -6.300550e-01  0.000000e+00  5.031349e-01  3.699450e-01
 1.40000e+00  2.40000e+00       5.224e+13 -3.760003e-01  0.000000e+00  3.171745e-01  6.239997e-01
 2.10000e+00  2.40000e+00       4.044e+13  4.680674e-02  0.000000e+00  2.292648e-02  9.531933e-01
 2.80000e+00  2.40000e+00       2.404e+13  2.460787e-01  0.000000e+00  2.277788e-03  7.539213e-01
 3.50000e+00  2.40000e+00       1.125e+13  4.168540e-01  0.000000e+00  5.830194e-02  5.831460e-01
 4.20000e+00  2.40000e+00       3.829e+12  4.950463e-01  0.000000e+00 -1.827146e-01  5.049537e-01
 4.90000e+00  2.40000e+00       8.034e+11  2.027960e-01  0.000000e+00 -4.206676e-01  7.972040e-01
 5.60000e+00  2.40000e+00       1.087e+11 -2.438308e-01  0.000000e+00 -2.217965e-01  7.561692e-01
 6.30000e+00  2.40000e+00       1.111e+10 -3.396273e-01  0.000000e+00  3.003019e-01  6.603727e-01
 7.00000e+00  2.40000e+00       1.080e+09 -2.099064e-01  0.000000e+00  5.643382e-01  7.900936e-01
-7.00000e+00  2.80000e+00       3.825e+08 -6.203227e-01  0.000000e+00 -1.400986e-01  3.796773e-01
-6.30000e+00  2.80000e+00       1.738e+09 -1.454386e-01  0.000000e+00  3.601654e-01  8.545614e-01
-5.60000e+00  2.80000e+00       1.304e+10  4.143170e-01  0.000000e+00  3.196956e-01  5.856830e-01
-4.90000e+00  2.80000e+00       8.053e+10  4.837552e-01  0.000000e+00 -3.849857e-02  5.162448e-01
-4.20000e+00  2.80000e+00       3.440e+11  2.339700e-01  0.000000e+00 -1.457257e-01  7.660300e-01
-3.50000e+00  2.80000e+00       1.140e+12  1.763289e-01  0.000000e+00  3.098305e-02  8.236711e-01
-2.80000e+00  2.80000e+00       2.870e+12  2.432797e-01  0.000000e+00  8.077184e-04  7.567203e-01
-2.10000e+00  2.80000e+00       5.415e+12  1.562122e-01  0.000000e+00 -1.963892e-01  8.437878e-01
-1.40000e+00  2.80000e+00       9.033e+12 -1.290508e-01  0.000000e+00 -1.837580e-01  8.709492e-01
-7.00000e-01  2.80000e+00       1.399e+13 -5.569365e-01  0.000000e+00  5.141939e-02  4.430635e-01
 0.00000e+00  2.80000e+00       1.638e+13 -7.108653e-01  0.000000e+00 -5.626527e-15  2.891347e-01
 7.00000e-01  2.80000e+00       1.399e+13 -5.569365e-01  0.000000e+00 -5.141939e-02  4.430635e-01
 1.40000e+00  2.80000e+00       9.033e+12 -1.290508e-01  0.000000e+00  1.837580e-01  8.709492e-01
 2.10000e+00  2.80000e+00       5.415e+12  1.562122e-01  0.000000e+00  1.963892e-01  8.437878e-01
 2.80000e+00  2.80000e+00       2.870e+12  2.432797e-01  0.000000e+00 -8.077184e-04  7.567203e-01
 3.50000e+00  2.80000e+00       1.140e+12  1.763289e-01  0.000000e+00 -3.098305e-02  8.236711e-01
 4.20000e+00  2.80000e+00       3.440e+11  2.339700e-01  0.000000e+00  1.457257e-01  7.660300e-01
 4.90000e+00  2.80000e+00       8.053e+10  4.837552e-01  0.000000e+00  3.849857e-02  5.162448e-01
 5.60000e+00  2.80000e+00       1.304e+10  4.143170e-01  0.000000e+00 -3.196956e-01  5.856830e-01
 6.30000e+00  2.80000e+00       1.738e+09 -1.454386e-01  0.000000e+00 -3.601654e-01  8.545614e-01
 7.00000e+00  2.80000e+00       3.825e+08 -6.203227e-01  0.000000e+00  1.400986e-01  3.796773e-01
-7.00000e+00  3.20000e+00       2.616e+08 -6.972974e-01  0.000000e+00 -1.263744e-01  3.027026e-01
-6.30000e+00  3.20000e+00       6.613e+08 -4.402935e-01  0.000000e+00  1.795170e-01  5.597065e-01
-5.60000e+00  3.20000e+00       2.059e+09 -4.603442e-02  0.000000e+00  2.743330e-01  9.539656e-01
-4.90000e+00  3.20000e+00       5.959e+09 -3.936254e-02  0.000000e+00  3.383619e-01  9.606375e-01
-4.20000e+00  3.20000e+00       1.897e+10  7.860231e-03  0.000000e+00  3.478060e-01  9.921398e-01
-3.50000e+00  3.20000e+00       6.958e+10  1.579655e-01  0.000000e+00  8.898458e-02  8.420345e-01
-2.80000e+00  3.20000e+00       1.860e+11  5.058065e-02  0.000000e+00 -4.946874e-02  9.494193e-01
-2.10000e+00  3.20000e+00       3.766e+11 -7.822681e-02  0.000000e+00 -3.659842e-01  9.217732e-01
-1.40000e+00  3.20000e+00       5.060e+11 -1.459912e-01  0.000000e+00 -8.762594e-01  8.540088e-01
-7.00000e-01  3.20000e+00       2.285e+11 -6.840776e-01  0.000000e+00 -1.795793e+00  3.159224e-01
 0.00000e+00  3.20000e+00       4.030e+11  5.582251e-01  0.000000e+00  4.959293e-15  4.417749e-01
 7.00000e-01  3.20000e+00       2.285e+11 -6.840776e-01  0.000000e+00  1.795793e+00  3.159224e-01
 1.40000e+00  3.20000e+00       5.060e+11 -1.459912e-01  0.000000e+00  8.762594e-01  8.540088e-01
 2.10000e+00  3.20000e+00       3.766e+11 -7.822681e-02  0.000000e+00  3.659842e-01  9.217732e-01
 2.80000e+00  3.20000e+00       1.860e+11  5.058065e-02  0.000000e+00  4.946874e-02  9.494193e-01
 3.50000e+00  3.20000e+00       6.958e+10  1.579655e-01  0.000000e+00 -8.898458e-02  8.420345e-01
 4.20000e+00  3.20000e+00       1.897e+10  7.860231e-03  0.000000e+00 -3.478060e-01  9.921398e-01
 4.90000e+00  3.20000e+00       5.959e+09 -3.936254e-02  0.000000e+00 -3.383619e-01  9.606375e-01
 5.60000e+00  3.20000e+00       2.059e+09 -4.603442e-02  0.000000e+00 -2.743330e-01  9.539656e-01
 6.30000e+00  3.20000e+00       6.613e+08 -4.402935e-01  0.000000e+00 -1.795170e-01  5.597065e-01
 7.00000e+00  3.20000e+00       2.616e+08 -6.972974e-01  0.000000e+00  1.263744e-01  3.027026e-01
-7.00000e+00  3.60000e+00       1.846e+08 -7.338962e-01  0.000000e+00  5.725723e-03  2.661038e-01
-6.30000e+00  3.60000e+00       4.596e+08 -4.966851e-01  0.000000e+00  2.602071e-01  5.033149e-01
-5.60000e+00  3.60000e+00       1.157e+09 -8.403942e-02  0.000000e+00  4.140999e-01  9.159606e-01
-4.90000e+00  3.60000e+00       1.760e+09 -9.962633e-02  0.000000e+00  7.292105e-01  9.003737e-01
-4.20000e+00  3.60000e+00       2.961e+09  6.167609e-02  0.000000e+00  9.115488e-01  9.383239e-01
-3.50000e+00  3.60000e+00       6.478e+09  3.754414e-01  0.000000e+00  5.471573e-01  6.245586e-01
-2.80000e+00  3.60000e+00       1.329e+10  5.261941e-01  0.000000e+00  1.346141e-01  4.738059e-01
-2.10000e+00  3.60000e+00       2.714e+10  4.248108e-01  0.000000e+00 -1.873081e-01  5.751892e-01
-1.40000e+00  3.60000e+00       6.134e+10  3.323158e-01  0.000000e+00 -3.833676e-01  6.676842e-01
-7.00000e-01  3.60000e+00       2.022e+11  3.615295e-01  0.000000e+00 -1.100359e-01  6.384705e-01
 0.00000e+00  3.60000e+00       3.278e+11  3.431233e-01  0.000000e+00  1.186429e-15  6.568767e-01
 7.00000e-01  3.60000e+00       2.022e+11  3.615295e-01  0.000000e+00  1.100359e-01  6.384705e-01
 1.40000e+00  3.60000e+00       6.134e+10  3.323158e-01  0.000000e+00  3.833676e-01  6.676842e-01
 2.10000e+00  3.60000e+00       2.714e+10  4.248108e-01  0.000000e+00  1.873081e-01  5.751892e-01
 2.80000e+00  3.60000e+00       1.329e+10  5.261941e-01  0.000000e+00 -1.346141e-01  4.738059e-01
 3.50000e+00  3.60000e+00       6.478e+09  3.754414e-01  0.000000e+00 -5.471573e-01  6.245586e-01
 4.20000e+00  3.60000e+00       2.961e+09  6.167609e-02  0.000000e+00 -9.115488e-01  9.383239e-01
 4.90000e+00  3.60000e+00       1.760e+09 -9.962633e-02  0.000000e+00 -7.292105e-01  9.003737e-01
 5.60000e+00  3.60000e+00       1.157e+09 -8.403942e-02  0.000000e+00 -4.140999e-01  9.159606e-01
 6.30000e+00  3.60000e+00       4.596e+08 -4.966851e-01  0.000000e+00 -2.602071e-01  5.033149e-01
 7.00000e+00  3.60000e+00       1.846e+08 -7.338962e-01  0.000000e+00 -5.725723e-03  2.661038e-01
-7.00000e+00  4.00000e+00       1.433e+08 -7.311838e-01  0.000000e+00  1.363482e-01  2.688162e-01
-6.30000e+00  4.00000e+00       3.752e+08 -5.037821e-01  0.000000e+00  3.153446e-01  4.962179e-01
-5.60000e+00  4.00000e+00       8.488e+08 -8.082767e-02  0.000000e+00  4.123657e-01  9.191723e-01
-4.90000e+00  4.00000e+00       1.020e+09 -1.576453e-01  0.000000e+00  8.058724e-01  8.423547e-01
-4.20000e+00  4.00000e+00       2.545e+09  5.068480e-01  0.000000e+00  6.580933e-01  4.931520e-01
-3.50000e+00  4.00000e+00       5.463e+09  8.179424e-01  0.000000e+00  3.671686e-01  1.820576e-01
-2.80000e+00  4.00000e+00       1.165e+10  9.177437e-01  0.000000e+00 -1.443680e-02  8.225626e-02
-2.10000e+00  4.00000e+00       2.250e+10  9.494245e-01  0.000000e+00 -3.345584e-01  5.057553e-02
-1.40000e+00  4.00000e+00       5.163e+10  9.138388e-01  0.000000e+00 -4.276599e-01  8.616121e-02
-7.00000e-01  4.00000e+00       1.806e+11  9.163172e-01  0.000000e+00 -1.194010e-01  8.368275e-02
 0.00000e+00  4.00000e+00       2.938e+11  9.335064e-01  0.000000e+00  2.886027e-15  6.649358e-02
 7.00000e-01  4.00000e+00       1.806e+11  9.163172e-01  0.000000e+00  1.194010e-01  8.368275e-02
 1.40000e+00  4.00000e+00       5.163e+10  9.138388e-01  0.000000e+00  4.276599e-01  8.616121e-02
 2.10000e+00  4.00000e+00       2.250e+10  9.494245e-01  0.000000e+00  3.345584e-01  5.057553e-02
 2.80000e+00  4.00000e+00       1.165e+10  9.177437e-01  0.000000e+00  1.443680e-02  8.225626e-02
 3.50000e+00  4.00000e+00       5.463e+09  8.179424e-01  0.000000e+00 -3.671686e-01  1.820576e-01
 4.20000e+00  4.00000e+00       2.545e+09  5.068480e-01  0.000000e+00 -6.580933e-01  4.931520e-01
 4.90000e+00  4.00000e+00       1.020e+09 -1.576453e-01  0.000000e+00 -8.058724e-01  8.423547e-01
 5.60000e+00  4.00000e+00       8.488e+08 -8.082767e-02  0.000000e+00 -4.123657e-01  9.191723e-01
 6.30000e+00  4.00000e+00       3.752e+08 -5.037821e-01  0.000000e+00 -3.153446e-01  4.962179e-01
 7.00000e+00  4.00000e+00       1.433e+08 -7.311838e-01  0.000000e+00 -1.363482e-01  2.688162e-01
