 EB(GeV)    EMITTANCEx EMITTANCEy SIZEx(m)   SIZEy(m)   DIVx(rad)  DIVy(rad)
 2.411e+00  5.499e-09  1.017e-12  8.711e-05  1.009e-06  6.313e-05  1.009e-06
 betax      alphax     betay      alphay     eta        deta       E_spread  
 1.380e+00  0.000e+00  1.000e+00  0.000e+00  0.000e+00  0.000e+00  8.600e-04
 Ibeam(A)   period(cm) #periods   Kx         Ky         Energy(eV)
 4.005e-01  1.900e+00         96  0.000e+00  1.780e+00  4.178e+02


           x            y       F.Density            PL            PC          PL45        1-|PL|
          mm           mm  ph/s/mr^2/0.1%             -             -             -             -
-7.00000e+00 -4.00000e+00       2.214e+14 -9.792263e-01  0.000000e+00 -6.950219e-02  2.077367e-02
-6.30000e+00 -4.00000e+00       6.924e+14 -9.890294e-01  0.000000e+00 -1.421940e-01  1.097060e-02
-5.60000e+00 -4.00000e+00       7.458e+14 -9.888306e-01  0.000000e+00 -1.457348e-01  1.116936e-02
-4.90000e+00 -4.00000e+00       2.446e+14 -9.846599e-01  0.000000e+00 -1.524928e-01  1.534015e-02
-4.20000e+00 -4.00000e+00       4.451e+13 -4.967876e-01  0.000000e+00 -5.033253e-01  5.032124e-01
-3.50000e+00 -4.00000e+00       4.308e+14  2.571523e-01  0.000000e+00 -9.546466e-01  7.428477e-01
-2.80000e+00 -4.00000e+00       3.484e+15  2.842706e-01  0.000000e+00 -9.558248e-01  7.157294e-01
-2.10000e+00 -4.00000e+00       8.818e+15  2.948920e-01  0.000000e+00 -9.533267e-01  7.051080e-01
-1.40000e+00 -4.00000e+00       6.876e+15  3.068587e-01  0.000000e+00 -9.473704e-01  6.931413e-01
-7.00000e-01 -4.00000e+00       1.729e+15  3.483193e-01  0.000000e+00 -9.054325e-01  6.516807e-01
 0.00000e+00 -4.00000e+00       3.598e+14  5.296289e-01  0.000000e+00 -5.838622e-15  4.703711e-01
 7.00000e-01 -4.00000e+00       1.729e+15  3.483193e-01  0.000000e+00  9.054325e-01  6.516807e-01
 1.40000e+00 -4.00000e+00       6.876e+15  3.068587e-01  0.000000e+00  9.473704e-01  6.931413e-01
 2.10000e+00 -4.00000e+00       8.818e+15  2.948920e-01  0.000000e+00  9.533267e-01  7.051080e-01
 2.80000e+00 -4.00000e+00       3.484e+15  2.842706e-01  0.000000e+00  9.558248e-01  7.157294e-01
 3.50000e+00 -4.00000e+00       4.308e+14  2.571523e-01  0.000000e+00  9.546466e-01  7.428477e-01
 4.20000e+00 -4.00000e+00       4.451e+13 -4.967876e-01  0.000000e+00  5.033253e-01  5.032124e-01
 4.90000e+00 -4.00000e+00       2.446e+14 -9.846599e-01  0.000000e+00  1.524928e-01  1.534015e-02
 5.60000e+00 -4.00000e+00       7.458e+14 -9.888306e-01  0.000000e+00  1.457348e-01  1.116936e-02
 6.30000e+00 -4.00000e+00       6.924e+14 -9.890294e-01  0.000000e+00  1.421940e-01  1.097060e-02
 7.00000e+00 -4.00000e+00       2.214e+14 -9.792263e-01  0.000000e+00  6.950219e-02  2.077367e-02
-7.00000e+00 -3.60000e+00       2.620e+14 -9.704429e-01  0.000000e+00  2.110992e-01  2.955707e-02
-6.30000e+00 -3.60000e+00       5.790e+14 -9.821195e-01  0.000000e+00  1.853648e-01  1.788047e-02
-5.60000e+00 -3.60000e+00       4.070e+14 -9.822482e-01  0.000000e+00  1.814051e-01  1.775183e-02
-4.90000e+00 -3.60000e+00       9.709e+13 -9.181783e-01  0.000000e+00  6.677630e-02  8.182169e-02
-4.20000e+00 -3.60000e+00       2.398e+14 -2.800363e-01  0.000000e+00 -9.292412e-01  7.199637e-01
-3.50000e+00 -3.60000e+00       1.990e+15 -2.450237e-01  0.000000e+00 -9.670505e-01  7.549763e-01
-2.80000e+00 -3.60000e+00       5.243e+15 -2.371005e-01  0.000000e+00 -9.696774e-01  7.628995e-01
-2.10000e+00 -3.60000e+00       4.221e+15 -2.269317e-01  0.000000e+00 -9.703219e-01  7.730683e-01
-1.40000e+00 -3.60000e+00       1.069e+15 -1.876063e-01  0.000000e+00 -9.617555e-01  8.123937e-01
-7.00000e-01 -3.60000e+00       1.221e+14  1.579258e-01  0.000000e+00 -7.762262e-01  8.420742e-01
 0.00000e+00 -3.60000e+00       4.645e+13  8.051115e-01  0.000000e+00 -1.314290e-14  1.948885e-01
 7.00000e-01 -3.60000e+00       1.221e+14  1.579258e-01  0.000000e+00  7.762262e-01  8.420742e-01
 1.40000e+00 -3.60000e+00       1.069e+15 -1.876063e-01  0.000000e+00  9.617555e-01  8.123937e-01
 2.10000e+00 -3.60000e+00       4.221e+15 -2.269317e-01  0.000000e+00  9.703219e-01  7.730683e-01
 2.80000e+00 -3.60000e+00       5.243e+15 -2.371005e-01  0.000000e+00  9.696774e-01  7.628995e-01
 3.50000e+00 -3.60000e+00       1.990e+15 -2.450237e-01  0.000000e+00  9.670505e-01  7.549763e-01
 4.20000e+00 -3.60000e+00       2.398e+14 -2.800363e-01  0.000000e+00  9.292412e-01  7.199637e-01
 4.90000e+00 -3.60000e+00       9.709e+13 -9.181783e-01  0.000000e+00 -6.677630e-02  8.182169e-02
 5.60000e+00 -3.60000e+00       4.070e+14 -9.822482e-01  0.000000e+00 -1.814051e-01  1.775183e-02
 6.30000e+00 -3.60000e+00       5.790e+14 -9.821195e-01  0.000000e+00 -1.853648e-01  1.788047e-02
 7.00000e+00 -3.60000e+00       2.620e+14 -9.704429e-01  0.000000e+00 -2.110992e-01  2.955707e-02
-7.00000e+00 -3.20000e+00       3.499e+14 -8.638684e-01  0.000000e+00  4.984855e-01  1.361316e-01
-6.30000e+00 -3.20000e+00       5.501e+14 -8.715632e-01  0.000000e+00  4.893377e-01  1.284368e-01
-5.60000e+00 -3.20000e+00       2.689e+14 -8.716860e-01  0.000000e+00  4.778966e-01  1.283140e-01
-4.90000e+00 -3.20000e+00       1.042e+14 -7.426514e-01  0.000000e+00 -2.728054e-01  2.573486e-01
-4.20000e+00 -3.20000e+00       7.882e+14 -6.472466e-01  0.000000e+00 -7.560858e-01  3.527534e-01
-3.50000e+00 -3.20000e+00       3.002e+15 -6.410472e-01  0.000000e+00 -7.653135e-01  3.589528e-01
-2.80000e+00 -3.20000e+00       3.492e+15 -6.347916e-01  0.000000e+00 -7.694187e-01  3.652084e-01
-2.10000e+00 -3.20000e+00       1.251e+15 -6.137107e-01  0.000000e+00 -7.751179e-01  3.862893e-01
-1.40000e+00 -3.20000e+00       1.614e+14 -4.167338e-01  0.000000e+00 -7.726176e-01  5.832662e-01
-7.00000e-01 -3.20000e+00       2.990e+13  5.375848e-01  0.000000e+00 -5.175481e-01  4.624152e-01
 0.00000e+00 -3.20000e+00       2.222e+13  8.296871e-01  0.000000e+00 -1.223385e-14  1.703129e-01
 7.00000e-01 -3.20000e+00       2.990e+13  5.375848e-01  0.000000e+00  5.175481e-01  4.624152e-01
 1.40000e+00 -3.20000e+00       1.614e+14 -4.167338e-01  0.000000e+00  7.726176e-01  5.832662e-01
 2.10000e+00 -3.20000e+00       1.251e+15 -6.137107e-01  0.000000e+00  7.751179e-01  3.862893e-01
 2.80000e+00 -3.20000e+00       3.492e+15 -6.347916e-01  0.000000e+00  7.694187e-01  3.652084e-01
 3.50000e+00 -3.20000e+00       3.002e+15 -6.410472e-01  0.000000e+00  7.653135e-01  3.589528e-01
 4.20000e+00 -3.20000e+00       7.882e+14 -6.472466e-01  0.000000e+00  7.560858e-01  3.527534e-01
 4.90000e+00 -3.20000e+00       1.042e+14 -7.426514e-01  0.000000e+00  2.728054e-01  2.573486e-01
 5.60000e+00 -3.20000e+00       2.689e+14 -8.716860e-01  0.000000e+00 -4.778966e-01  1.283140e-01
 6.30000e+00 -3.20000e+00       5.501e+14 -8.715632e-01  0.000000e+00 -4.893377e-01  1.284368e-01
 7.00000e+00 -3.20000e+00       3.499e+14 -8.638684e-01  0.000000e+00 -4.984855e-01  1.361316e-01
-7.00000e+00 -2.80000e+00       4.116e+14 -6.659094e-01  0.000000e+00  7.444432e-01  3.340906e-01
-6.30000e+00 -2.80000e+00       4.764e+14 -6.711573e-01  0.000000e+00  7.404692e-01  3.288427e-01
-5.60000e+00 -2.80000e+00       1.781e+14 -6.861420e-01  0.000000e+00  6.777601e-01  3.138580e-01
-4.90000e+00 -2.80000e+00       2.167e+14 -8.843309e-01  0.000000e+00 -3.204932e-01  1.156691e-01
-4.20000e+00 -2.80000e+00       1.324e+15 -9.007493e-01  0.000000e+00 -4.291325e-01  9.925067e-02
-3.50000e+00 -2.80000e+00       2.700e+15 -8.980487e-01  0.000000e+00 -4.355020e-01  1.019513e-01
-2.80000e+00 -2.80000e+00       1.677e+15 -8.903907e-01  0.000000e+00 -4.432218e-01  1.096093e-01
-2.10000e+00 -2.80000e+00       3.320e+14 -8.283427e-01  0.000000e+00 -4.715613e-01  1.716573e-01
-1.40000e+00 -2.80000e+00       4.192e+13 -7.383233e-02  0.000000e+00 -5.816481e-01  9.261677e-01
-7.00000e-01 -2.80000e+00       2.698e+13  7.720070e-01  0.000000e+00 -3.845469e-01  2.279930e-01
 0.00000e+00 -2.80000e+00       2.722e+13  8.754150e-01  0.000000e+00  5.570601e-16  1.245850e-01
 7.00000e-01 -2.80000e+00       2.698e+13  7.720070e-01  0.000000e+00  3.845469e-01  2.279930e-01
 1.40000e+00 -2.80000e+00       4.192e+13 -7.383233e-02  0.000000e+00  5.816481e-01  9.261677e-01
 2.10000e+00 -2.80000e+00       3.320e+14 -8.283427e-01  0.000000e+00  4.715613e-01  1.716573e-01
 2.80000e+00 -2.80000e+00       1.677e+15 -8.903907e-01  0.000000e+00  4.432218e-01  1.096093e-01
 3.50000e+00 -2.80000e+00       2.700e+15 -8.980487e-01  0.000000e+00  4.355020e-01  1.019513e-01
 4.20000e+00 -2.80000e+00       1.324e+15 -9.007493e-01  0.000000e+00  4.291325e-01  9.925067e-02
 4.90000e+00 -2.80000e+00       2.167e+14 -8.843309e-01  0.000000e+00  3.204932e-01  1.156691e-01
 5.60000e+00 -2.80000e+00       1.781e+14 -6.861420e-01  0.000000e+00 -6.777601e-01  3.138580e-01
 6.30000e+00 -2.80000e+00       4.764e+14 -6.711573e-01  0.000000e+00 -7.404692e-01  3.288427e-01
 7.00000e+00 -2.80000e+00       4.116e+14 -6.659094e-01  0.000000e+00 -7.444432e-01  3.340906e-01
-7.00000e+00 -2.40000e+00       4.418e+14 -3.973172e-01  0.000000e+00  9.170199e-01  6.026828e-01
-6.30000e+00 -2.40000e+00       3.935e+14 -4.020618e-01  0.000000e+00  9.140754e-01  5.979382e-01
-5.60000e+00 -2.40000e+00       1.346e+14 -5.269072e-01  0.000000e+00  7.231757e-01  4.730928e-01
-4.90000e+00 -2.40000e+00       3.782e+14 -9.831465e-01  0.000000e+00  2.511248e-03  1.685347e-02
-4.20000e+00 -2.40000e+00       1.511e+15 -9.977814e-01  0.000000e+00 -2.701102e-02  2.218609e-03
-3.50000e+00 -2.40000e+00       1.878e+15 -9.965951e-01  0.000000e+00 -3.365579e-02  3.404940e-03
-2.80000e+00 -2.40000e+00       7.153e+14 -9.845054e-01  0.000000e+00 -5.068900e-02  1.549460e-02
-2.10000e+00 -2.40000e+00       9.774e+13 -7.914408e-01  0.000000e+00 -1.850965e-01  2.085592e-01
-1.40000e+00 -2.40000e+00       2.233e+13  2.972649e-01  0.000000e+00 -6.392609e-01  7.027351e-01
-7.00000e-01 -2.40000e+00       1.419e+13  6.416505e-01  0.000000e+00 -5.437012e-01  3.583495e-01
 0.00000e+00 -2.40000e+00       9.367e+12  6.910398e-01  0.000000e+00 -2.271226e-15  3.089602e-01
 7.00000e-01 -2.40000e+00       1.419e+13  6.416505e-01  0.000000e+00  5.437012e-01  3.583495e-01
 1.40000e+00 -2.40000e+00       2.233e+13  2.972649e-01  0.000000e+00  6.392609e-01  7.027351e-01
 2.10000e+00 -2.40000e+00       9.774e+13 -7.914408e-01  0.000000e+00  1.850965e-01  2.085592e-01
 2.80000e+00 -2.40000e+00       7.153e+14 -9.845054e-01  0.000000e+00  5.068900e-02  1.549460e-02
 3.50000e+00 -2.40000e+00       1.878e+15 -9.965951e-01  0.000000e+00  3.365579e-02  3.404940e-03
 4.20000e+00 -2.40000e+00       1.511e+15 -9.977814e-01  0.000000e+00  2.701102e-02  2.218609e-03
 4.90000e+00 -2.40000e+00       3.782e+14 -9.831465e-01  0.000000e+00 -2.511248e-03  1.685347e-02
 5.60000e+00 -2.40000e+00       1.346e+14 -5.269072e-01  0.000000e+00 -7.231757e-01  4.730928e-01
 6.30000e+00 -2.40000e+00       3.935e+14 -4.020618e-01  0.000000e+00 -9.140754e-01  5.979382e-01
 7.00000e+00 -2.40000e+00       4.418e+14 -3.973172e-01  0.000000e+00 -9.170199e-01  6.026828e-01
-7.00000e+00 -2.00000e+00       4.471e+14 -8.510271e-02  0.000000e+00  9.960080e-01  9.148973e-01
-6.30000e+00 -2.00000e+00       3.209e+14 -9.284143e-02  0.000000e+00  9.923437e-01  9.071586e-01
-5.60000e+00 -2.00000e+00       1.248e+14 -4.536559e-01  0.000000e+00  7.349624e-01  5.463441e-01
-4.90000e+00 -2.00000e+00       5.049e+14 -9.072275e-01  0.000000e+00  4.040789e-01  9.277255e-02
-4.20000e+00 -2.00000e+00       1.386e+15 -9.174638e-01  0.000000e+00  3.929280e-01  8.253622e-02
-3.50000e+00 -2.00000e+00       1.165e+15 -9.178657e-01  0.000000e+00  3.849045e-01  8.213427e-02
-2.80000e+00 -2.00000e+00       3.042e+14 -8.996059e-01  0.000000e+00  3.456850e-01  1.003941e-01
-2.10000e+00 -2.00000e+00       3.637e+13 -5.264541e-01  0.000000e+00 -5.981879e-02  4.735459e-01
-1.40000e+00 -2.00000e+00       1.517e+13  4.566062e-01  0.000000e+00 -6.054455e-01  5.433938e-01
-7.00000e-01 -2.00000e+00       1.337e+13  7.570881e-01  0.000000e+00 -3.719850e-01  2.429119e-01
 0.00000e+00 -2.00000e+00       1.230e+13  8.493129e-01  0.000000e+00  4.946742e-16  1.506871e-01
 7.00000e-01 -2.00000e+00       1.337e+13  7.570881e-01  0.000000e+00  3.719850e-01  2.429119e-01
 1.40000e+00 -2.00000e+00       1.517e+13  4.566062e-01  0.000000e+00  6.054455e-01  5.433938e-01
 2.10000e+00 -2.00000e+00       3.637e+13 -5.264541e-01  0.000000e+00  5.981879e-02  4.735459e-01
 2.80000e+00 -2.00000e+00       3.042e+14 -8.996059e-01  0.000000e+00 -3.456850e-01  1.003941e-01
 3.50000e+00 -2.00000e+00       1.165e+15 -9.178657e-01  0.000000e+00 -3.849045e-01  8.213427e-02
 4.20000e+00 -2.00000e+00       1.386e+15 -9.174638e-01  0.000000e+00 -3.929280e-01  8.253622e-02
 4.90000e+00 -2.00000e+00       5.049e+14 -9.072275e-01  0.000000e+00 -4.040789e-01  9.277255e-02
 5.60000e+00 -2.00000e+00       1.248e+14 -4.536559e-01  0.000000e+00 -7.349624e-01  5.463441e-01
 6.30000e+00 -2.00000e+00       3.209e+14 -9.284143e-02  0.000000e+00 -9.923437e-01  9.071586e-01
 7.00000e+00 -2.00000e+00       4.471e+14 -8.510271e-02  0.000000e+00 -9.960080e-01  9.148973e-01
-7.00000e+00 -1.60000e+00       4.366e+14  2.387210e-01  0.000000e+00  9.708384e-01  7.612790e-01
-6.30000e+00 -1.60000e+00       2.647e+14  2.241753e-01  0.000000e+00  9.685043e-01  7.758247e-01
-5.60000e+00 -1.60000e+00       1.301e+14 -3.182073e-01  0.000000e+00  8.423627e-01  6.817927e-01
-4.90000e+00 -1.60000e+00       5.562e+14 -6.395184e-01  0.000000e+00  7.639716e-01  3.604816e-01
-4.20000e+00 -1.60000e+00       1.132e+15 -6.476759e-01  0.000000e+00  7.591404e-01  3.523241e-01
-3.50000e+00 -1.60000e+00       7.021e+14 -6.504182e-01  0.000000e+00  7.497338e-01  3.495818e-01
-2.80000e+00 -1.60000e+00       1.381e+14 -6.320351e-01  0.000000e+00  6.731555e-01  3.679649e-01
-2.10000e+00 -1.60000e+00       1.786e+13 -1.478925e-01  0.000000e+00 -9.555566e-02  8.521075e-01
-1.40000e+00 -1.60000e+00       1.286e+13  6.081861e-01  0.000000e+00 -5.106411e-01  3.918139e-01
-7.00000e-01 -1.60000e+00       1.531e+13  8.316488e-01  0.000000e+00 -2.573778e-01  1.683512e-01
 0.00000e+00 -1.60000e+00       1.690e+13  8.893268e-01  0.000000e+00 -1.544562e-15  1.106732e-01
 7.00000e-01 -1.60000e+00       1.531e+13  8.316488e-01  0.000000e+00  2.573778e-01  1.683512e-01
 1.40000e+00 -1.60000e+00       1.286e+13  6.081861e-01  0.000000e+00  5.106411e-01  3.918139e-01
 2.10000e+00 -1.60000e+00       1.786e+13 -1.478925e-01  0.000000e+00  9.555566e-02  8.521075e-01
 2.80000e+00 -1.60000e+00       1.381e+14 -6.320351e-01  0.000000e+00 -6.731555e-01  3.679649e-01
 3.50000e+00 -1.60000e+00       7.021e+14 -6.504182e-01  0.000000e+00 -7.497338e-01  3.495818e-01
 4.20000e+00 -1.60000e+00       1.132e+15 -6.476759e-01  0.000000e+00 -7.591404e-01  3.523241e-01
 4.90000e+00 -1.60000e+00       5.562e+14 -6.395184e-01  0.000000e+00 -7.639716e-01  3.604816e-01
 5.60000e+00 -1.60000e+00       1.301e+14 -3.182073e-01  0.000000e+00 -8.423627e-01  6.817927e-01
 6.30000e+00 -1.60000e+00       2.647e+14  2.241753e-01  0.000000e+00 -9.685043e-01  7.758247e-01
 7.00000e+00 -1.60000e+00       4.366e+14  2.387210e-01  0.000000e+00 -9.708384e-01  7.612790e-01
-7.00000e+00 -1.20000e+00       4.198e+14  5.397530e-01  0.000000e+00  8.416298e-01  4.602470e-01
-6.30000e+00 -1.20000e+00       2.247e+14  5.196308e-01  0.000000e+00  8.460858e-01  4.803692e-01
-5.60000e+00 -1.20000e+00       1.367e+14 -6.566626e-03  0.000000e+00  9.448019e-01  9.934334e-01
-4.90000e+00 -1.20000e+00       5.466e+14 -1.968090e-01  0.000000e+00  9.781840e-01  8.031910e-01
-4.20000e+00 -1.20000e+00       8.862e+14 -2.035111e-01  0.000000e+00  9.769364e-01  7.964889e-01
-3.50000e+00 -1.20000e+00       4.376e+14 -2.089036e-01  0.000000e+00  9.679240e-01  7.910964e-01
-2.80000e+00 -1.20000e+00       7.011e+13 -2.030556e-01  0.000000e+00  8.539003e-01  7.969444e-01
-2.10000e+00 -1.20000e+00       1.113e+13  2.414737e-01  0.000000e+00 -1.753683e-01  7.585263e-01
-1.40000e+00 -1.20000e+00       1.142e+13  7.350354e-01  0.000000e+00 -4.249483e-01  2.649646e-01
-7.00000e-01 -1.20000e+00       1.354e+13  8.745708e-01  0.000000e+00 -2.313553e-01  1.254292e-01
 0.00000e+00 -1.20000e+00       1.390e+13  9.124298e-01  0.000000e+00  1.253449e-15  8.757019e-02
 7.00000e-01 -1.20000e+00       1.354e+13  8.745708e-01  0.000000e+00  2.313553e-01  1.254292e-01
 1.40000e+00 -1.20000e+00       1.142e+13  7.350354e-01  0.000000e+00  4.249483e-01  2.649646e-01
 2.10000e+00 -1.20000e+00       1.113e+13  2.414737e-01  0.000000e+00  1.753683e-01  7.585263e-01
 2.80000e+00 -1.20000e+00       7.011e+13 -2.030556e-01  0.000000e+00 -8.539003e-01  7.969444e-01
 3.50000e+00 -1.20000e+00       4.376e+14 -2.089036e-01  0.000000e+00 -9.679240e-01  7.910964e-01
 4.20000e+00 -1.20000e+00       8.862e+14 -2.035111e-01  0.000000e+00 -9.769364e-01  7.964889e-01
 4.90000e+00 -1.20000e+00       5.466e+14 -1.968090e-01  0.000000e+00 -9.781840e-01  8.031910e-01
 5.60000e+00 -1.20000e+00       1.367e+14 -6.566626e-03  0.000000e+00 -9.448019e-01  9.934334e-01
 6.30000e+00 -1.20000e+00       2.247e+14  5.196308e-01  0.000000e+00 -8.460858e-01  4.803692e-01
 7.00000e+00 -1.20000e+00       4.198e+14  5.397530e-01  0.000000e+00 -8.416297e-01  4.602470e-01
-7.00000e+00 -8.00000e-01       4.039e+14  7.844665e-01  0.000000e+00  6.200404e-01  2.155335e-01
-6.30000e+00 -8.00000e-01       1.986e+14  7.676127e-01  0.000000e+00  6.326741e-01  2.323873e-01
-5.60000e+00 -8.00000e-01       1.390e+14  4.325145e-01  0.000000e+00  8.747014e-01  5.674855e-01
-4.90000e+00 -8.00000e-01       5.099e+14  3.420851e-01  0.000000e+00  9.384540e-01  6.579149e-01
-4.20000e+00 -8.00000e-01       7.053e+14  3.376144e-01  0.000000e+00  9.396693e-01  6.623856e-01
-3.50000e+00 -8.00000e-01       2.967e+14  3.317555e-01  0.000000e+00  9.340936e-01  6.682445e-01
-2.80000e+00 -8.00000e-01       4.116e+13  3.221704e-01  0.000000e+00  8.144775e-01  6.778296e-01
-2.10000e+00 -8.00000e-01       8.174e+12  6.000221e-01  0.000000e+00 -1.984655e-01  3.999779e-01
-1.40000e+00 -8.00000e-01       1.068e+13  8.603958e-01  0.000000e+00 -3.062186e-01  1.396042e-01
-7.00000e-01 -8.00000e-01       1.396e+13  9.356990e-01  0.000000e+00 -1.538424e-01  6.430105e-02
 0.00000e+00 -8.00000e-01       1.527e+13  9.565067e-01  0.000000e+00 -1.389299e-15  4.349328e-02
 7.00000e-01 -8.00000e-01       1.396e+13  9.356990e-01  0.000000e+00  1.538424e-01  6.430105e-02
 1.40000e+00 -8.00000e-01       1.068e+13  8.603958e-01  0.000000e+00  3.062186e-01  1.396042e-01
 2.10000e+00 -8.00000e-01       8.174e+12  6.000221e-01  0.000000e+00  1.984655e-01  3.999779e-01
 2.80000e+00 -8.00000e-01       4.116e+13  3.221704e-01  0.000000e+00 -8.144775e-01  6.778296e-01
 3.50000e+00 -8.00000e-01       2.967e+14  3.317555e-01  0.000000e+00 -9.340936e-01  6.682445e-01
 4.20000e+00 -8.00000e-01       7.053e+14  3.376144e-01  0.000000e+00 -9.396693e-01  6.623856e-01
 4.90000e+00 -8.00000e-01       5.099e+14  3.420851e-01  0.000000e+00 -9.384540e-01  6.579149e-01
 5.60000e+00 -8.00000e-01       1.390e+14  4.325145e-01  0.000000e+00 -8.747014e-01  5.674855e-01
 6.30000e+00 -8.00000e-01       1.986e+14  7.676127e-01  0.000000e+00 -6.326741e-01  2.323873e-01
 7.00000e+00 -8.00000e-01       4.039e+14  7.844665e-01  0.000000e+00 -6.200404e-01  2.155335e-01
-7.00000e+00 -4.00000e-01       3.923e+14  9.442837e-01  0.000000e+00  3.291279e-01  5.571631e-02
-6.30000e+00 -4.00000e-01       1.836e+14  9.382024e-01  0.000000e+00  3.411169e-01  6.179762e-02
-5.60000e+00 -4.00000e-01       1.380e+14  8.343265e-01  0.000000e+00  5.403601e-01  1.656735e-01
-4.90000e+00 -4.00000e-01       4.754e+14  8.100097e-01  0.000000e+00  5.859609e-01  1.899903e-01
-4.20000e+00 -4.00000e-01       5.983e+14  8.084741e-01  0.000000e+00  5.876999e-01  1.915259e-01
-3.50000e+00 -4.00000e-01       2.287e+14  8.059004e-01  0.000000e+00  5.862082e-01  1.940996e-01
-2.80000e+00 -4.00000e-01       2.895e+13  7.979906e-01  0.000000e+00  5.109798e-01  2.020094e-01
-2.10000e+00 -4.00000e-01       6.793e+12  8.846159e-01  0.000000e+00 -1.326638e-01  1.153841e-01
-1.40000e+00 -4.00000e-01       1.045e+13  9.597061e-01  0.000000e+00 -1.600288e-01  4.029394e-02
-7.00000e-01 -4.00000e-01       1.483e+13  9.826331e-01  0.000000e+00 -7.657481e-02  1.736686e-02
 0.00000e+00 -4.00000e-01       1.676e+13  9.893191e-01  0.000000e+00 -7.508079e-16  1.068087e-02
 7.00000e-01 -4.00000e-01       1.483e+13  9.826331e-01  0.000000e+00  7.657481e-02  1.736686e-02
 1.40000e+00 -4.00000e-01       1.045e+13  9.597061e-01  0.000000e+00  1.600288e-01  4.029394e-02
 2.10000e+00 -4.00000e-01       6.793e+12  8.846159e-01  0.000000e+00  1.326638e-01  1.153841e-01
 2.80000e+00 -4.00000e-01       2.895e+13  7.979906e-01  0.000000e+00 -5.109798e-01  2.020094e-01
 3.50000e+00 -4.00000e-01       2.287e+14  8.059004e-01  0.000000e+00 -5.862082e-01  1.940996e-01
 4.20000e+00 -4.00000e-01       5.983e+14  8.084741e-01  0.000000e+00 -5.876999e-01  1.915259e-01
 4.90000e+00 -4.00000e-01       4.754e+14  8.100097e-01  0.000000e+00 -5.859609e-01  1.899903e-01
 5.60000e+00 -4.00000e-01       1.380e+14  8.343265e-01  0.000000e+00 -5.403601e-01  1.656735e-01
 6.30000e+00 -4.00000e-01       1.836e+14  9.382024e-01  0.000000e+00 -3.411169e-01  6.179762e-02
 7.00000e+00 -4.00000e-01       3.923e+14  9.442837e-01  0.000000e+00 -3.291279e-01  5.571631e-02
-7.00000e+00  0.00000e+00       3.877e+14  9.999667e-01  0.000000e+00  3.625997e-09  3.327605e-05
-6.30000e+00  0.00000e+00       1.786e+14  9.998959e-01  0.000000e+00  1.401735e-06  1.041361e-04
-5.60000e+00  0.00000e+00       1.370e+14  9.997620e-01  0.000000e+00 -1.925504e-06  2.379966e-04
-4.90000e+00  0.00000e+00       4.614e+14  9.998936e-01  0.000000e+00 -2.242337e-06  1.064335e-04
-4.20000e+00  0.00000e+00       5.629e+14  9.999172e-01  0.000000e+00 -8.272840e-07  8.280374e-05
-3.50000e+00  0.00000e+00       2.083e+14  9.999216e-01  0.000000e+00 -2.175898e-07  7.838762e-05
-2.80000e+00  0.00000e+00       2.553e+13  9.999083e-01  0.000000e+00  1.458800e-06  9.170215e-05
-2.10000e+00  0.00000e+00       6.342e+12  9.994614e-01  0.000000e+00  2.784633e-05  5.386486e-04
-1.40000e+00  0.00000e+00       9.962e+12  9.976572e-01  0.000000e+00  4.959327e-05  2.342769e-03
-7.00000e-01  0.00000e+00       1.328e+13  9.997578e-01  0.000000e+00  4.639223e-05  2.421623e-04
 0.00000e+00  0.00000e+00       1.436e+13  9.978211e-01  0.000000e+00  2.270915e-18  2.178899e-03
 7.00000e-01  0.00000e+00       1.328e+13  9.997578e-01  0.000000e+00 -4.639223e-05  2.421623e-04
 1.40000e+00  0.00000e+00       9.962e+12  9.976572e-01  0.000000e+00 -4.959327e-05  2.342769e-03
 2.10000e+00  0.00000e+00       6.342e+12  9.994614e-01  0.000000e+00 -2.784633e-05  5.386486e-04
 2.80000e+00  0.00000e+00       2.553e+13  9.999083e-01  0.000000e+00 -1.458800e-06  9.170215e-05
 3.50000e+00  0.00000e+00       2.083e+14  9.999216e-01  0.000000e+00  2.175898e-07  7.838762e-05
 4.20000e+00  0.00000e+00       5.629e+14  9.999172e-01  0.000000e+00  8.272840e-07  8.280374e-05
 4.90000e+00  0.00000e+00       4.614e+14  9.998936e-01  0.000000e+00  2.242337e-06  1.064335e-04
 5.60000e+00  0.00000e+00       1.370e+14  9.997620e-01  0.000000e+00  1.925504e-06  2.379966e-04
 6.30000e+00  0.00000e+00       1.786e+14  9.998959e-01  0.000000e+00 -1.401735e-06  1.041361e-04
 7.00000e+00  0.00000e+00       3.877e+14  9.999667e-01  0.000000e+00 -3.625997e-09  3.327605e-05
-7.00000e+00  4.00000e-01       3.923e+14  9.442836e-01  0.000000e+00 -3.291279e-01  5.571644e-02
-6.30000e+00  4.00000e-01       1.836e+14  9.382006e-01  0.000000e+00 -3.411138e-01  6.179938e-02
-5.60000e+00  4.00000e-01       1.380e+14  8.343233e-01  0.000000e+00 -5.403630e-01  1.656767e-01
-4.90000e+00  4.00000e-01       4.754e+14  8.100096e-01  0.000000e+00 -5.859654e-01  1.899904e-01
-4.20000e+00  4.00000e-01       5.983e+14  8.084742e-01  0.000000e+00 -5.877015e-01  1.915258e-01
-3.50000e+00  4.00000e-01       2.287e+14  8.059005e-01  0.000000e+00 -5.862086e-01  1.940995e-01
-2.80000e+00  4.00000e-01       2.895e+13  7.979904e-01  0.000000e+00 -5.109771e-01  2.020096e-01
-2.10000e+00  4.00000e-01       6.793e+12  8.846143e-01  0.000000e+00  1.327156e-01  1.153857e-01
-1.40000e+00  4.00000e-01       1.045e+13  9.597038e-01  0.000000e+00  1.601217e-01  4.029622e-02
-7.00000e-01  4.00000e-01       1.483e+13  9.826312e-01  0.000000e+00  7.665724e-02  1.736884e-02
 0.00000e+00  4.00000e-01       1.676e+13  9.893176e-01  0.000000e+00  7.408720e-16  1.068237e-02
 7.00000e-01  4.00000e-01       1.483e+13  9.826312e-01  0.000000e+00 -7.665724e-02  1.736884e-02
 1.40000e+00  4.00000e-01       1.045e+13  9.597038e-01  0.000000e+00 -1.601217e-01  4.029622e-02
 2.10000e+00  4.00000e-01       6.793e+12  8.846143e-01  0.000000e+00 -1.327156e-01  1.153857e-01
 2.80000e+00  4.00000e-01       2.895e+13  7.979904e-01  0.000000e+00  5.109771e-01  2.020096e-01
 3.50000e+00  4.00000e-01       2.287e+14  8.059005e-01  0.000000e+00  5.862086e-01  1.940995e-01
 4.20000e+00  4.00000e-01       5.983e+14  8.084742e-01  0.000000e+00  5.877015e-01  1.915258e-01
 4.90000e+00  4.00000e-01       4.754e+14  8.100096e-01  0.000000e+00  5.859654e-01  1.899904e-01
 5.60000e+00  4.00000e-01       1.380e+14  8.343233e-01  0.000000e+00  5.403630e-01  1.656767e-01
 6.30000e+00  4.00000e-01       1.836e+14  9.382006e-01  0.000000e+00  3.411138e-01  6.179938e-02
 7.00000e+00  4.00000e-01       3.923e+14  9.442836e-01  0.000000e+00  3.291279e-01  5.571644e-02
-7.00000e+00  8.00000e-01       4.039e+14  7.844662e-01  0.000000e+00 -6.200403e-01  2.155338e-01
-6.30000e+00  8.00000e-01       1.986e+14  7.676096e-01  0.000000e+00 -6.326701e-01  2.323904e-01
-5.60000e+00  8.00000e-01       1.390e+14  4.325092e-01  0.000000e+00 -8.747023e-01  5.674908e-01
-4.90000e+00  8.00000e-01       5.099e+14  3.420849e-01  0.000000e+00 -9.384583e-01  6.579151e-01
-4.20000e+00  8.00000e-01       7.053e+14  3.376146e-01  0.000000e+00 -9.396709e-01  6.623854e-01
-3.50000e+00  8.00000e-01       2.967e+14  3.317556e-01  0.000000e+00 -9.340939e-01  6.682444e-01
-2.80000e+00  8.00000e-01       4.116e+13  3.221705e-01  0.000000e+00 -8.144751e-01  6.778295e-01
-2.10000e+00  8.00000e-01       8.174e+12  6.000235e-01  0.000000e+00  1.985089e-01  3.999765e-01
-1.40000e+00  8.00000e-01       1.068e+13  8.603951e-01  0.000000e+00  3.063051e-01  1.396049e-01
-7.00000e-01  8.00000e-01       1.396e+13  9.356973e-01  0.000000e+00  1.539275e-01  6.430267e-02
 0.00000e+00  8.00000e-01       1.527e+13  9.565053e-01  0.000000e+00  2.669905e-15  4.349470e-02
 7.00000e-01  8.00000e-01       1.396e+13  9.356973e-01  0.000000e+00 -1.539275e-01  6.430267e-02
 1.40000e+00  8.00000e-01       1.068e+13  8.603951e-01  0.000000e+00 -3.063051e-01  1.396049e-01
 2.10000e+00  8.00000e-01       8.174e+12  6.000235e-01  0.000000e+00 -1.985089e-01  3.999765e-01
 2.80000e+00  8.00000e-01       4.116e+13  3.221705e-01  0.000000e+00  8.144751e-01  6.778295e-01
 3.50000e+00  8.00000e-01       2.967e+14  3.317556e-01  0.000000e+00  9.340939e-01  6.682444e-01
 4.20000e+00  8.00000e-01       7.053e+14  3.376146e-01  0.000000e+00  9.396709e-01  6.623854e-01
 4.90000e+00  8.00000e-01       5.099e+14  3.420849e-01  0.000000e+00  9.384583e-01  6.579151e-01
 5.60000e+00  8.00000e-01       1.390e+14  4.325092e-01  0.000000e+00  8.747023e-01  5.674908e-01
 6.30000e+00  8.00000e-01       1.986e+14  7.676096e-01  0.000000e+00  6.326701e-01  2.323904e-01
 7.00000e+00  8.00000e-01       4.039e+14  7.844662e-01  0.000000e+00  6.200403e-01  2.155338e-01
-7.00000e+00  1.20000e+00       4.198e+14  5.397527e-01  0.000000e+00 -8.416295e-01  4.602473e-01
-6.30000e+00  1.20000e+00       2.247e+14  5.196269e-01  0.000000e+00 -8.460808e-01  4.803731e-01
-5.60000e+00  1.20000e+00       1.367e+14 -6.573269e-03  0.000000e+00 -9.448004e-01  9.934267e-01
-4.90000e+00  1.20000e+00       5.466e+14 -1.968094e-01  0.000000e+00 -9.781883e-01  8.031906e-01
-4.20000e+00  1.20000e+00       8.862e+14 -2.035111e-01  0.000000e+00 -9.769378e-01  7.964889e-01
-3.50000e+00  1.20000e+00       4.376e+14 -2.089036e-01  0.000000e+00 -9.679243e-01  7.910964e-01
-2.80000e+00  1.20000e+00       7.011e+13 -2.030553e-01  0.000000e+00 -8.538986e-01  7.969447e-01
-2.10000e+00  1.20000e+00       1.113e+13  2.414814e-01  0.000000e+00  1.754024e-01  7.585186e-01
-1.40000e+00  1.20000e+00       1.142e+13  7.350421e-01  0.000000e+00  4.250228e-01  2.649579e-01
-7.00000e-01  1.20000e+00       1.354e+13  8.745743e-01  0.000000e+00  2.314378e-01  1.254257e-01
 0.00000e+00  1.20000e+00       1.391e+13  9.124322e-01  0.000000e+00  1.498979e-16  8.756776e-02
 7.00000e-01  1.20000e+00       1.354e+13  8.745743e-01  0.000000e+00 -2.314378e-01  1.254257e-01
 1.40000e+00  1.20000e+00       1.142e+13  7.350421e-01  0.000000e+00 -4.250228e-01  2.649579e-01
 2.10000e+00  1.20000e+00       1.113e+13  2.414814e-01  0.000000e+00 -1.754024e-01  7.585186e-01
 2.80000e+00  1.20000e+00       7.011e+13 -2.030553e-01  0.000000e+00  8.538986e-01  7.969447e-01
 3.50000e+00  1.20000e+00       4.376e+14 -2.089036e-01  0.000000e+00  9.679243e-01  7.910964e-01
 4.20000e+00  1.20000e+00       8.862e+14 -2.035111e-01  0.000000e+00  9.769378e-01  7.964889e-01
 4.90000e+00  1.20000e+00       5.466e+14 -1.968094e-01  0.000000e+00  9.781883e-01  8.031906e-01
 5.60000e+00  1.20000e+00       1.367e+14 -6.573269e-03  0.000000e+00  9.448004e-01  9.934267e-01
 6.30000e+00  1.20000e+00       2.247e+14  5.196269e-01  0.000000e+00  8.460808e-01  4.803731e-01
 7.00000e+00  1.20000e+00       4.198e+14  5.397527e-01  0.000000e+00  8.416295e-01  4.602473e-01
-7.00000e+00  1.60000e+00       4.366e+14  2.387206e-01  0.000000e+00 -9.708380e-01  7.612794e-01
-6.30000e+00  1.60000e+00       2.647e+14  2.241712e-01  0.000000e+00 -9.684982e-01  7.758288e-01
-5.60000e+00  1.60000e+00       1.301e+14 -3.182153e-01  0.000000e+00 -8.423585e-01  6.817847e-01
-4.90000e+00  1.60000e+00       5.562e+14 -6.395192e-01  0.000000e+00 -7.639762e-01  3.604808e-01
-4.20000e+00  1.60000e+00       1.132e+15 -6.476760e-01  0.000000e+00 -7.591417e-01  3.523240e-01
-3.50000e+00  1.60000e+00       7.021e+14 -6.504182e-01  0.000000e+00 -7.497340e-01  3.495818e-01
-2.80000e+00  1.60000e+00       1.381e+14 -6.320347e-01  0.000000e+00 -6.731546e-01  3.679653e-01
-2.10000e+00  1.60000e+00       1.786e+13 -1.478788e-01  0.000000e+00  9.558042e-02  8.521212e-01
-1.40000e+00  1.60000e+00       1.287e+13  6.082058e-01  0.000000e+00  5.107000e-01  3.917942e-01
-7.00000e-01  1.60000e+00       1.531e+13  8.316593e-01  0.000000e+00  2.574491e-01  1.683407e-01
 0.00000e+00  1.60000e+00       1.690e+13  8.893331e-01  0.000000e+00  1.523037e-15  1.106669e-01
 7.00000e-01  1.60000e+00       1.531e+13  8.316593e-01  0.000000e+00 -2.574491e-01  1.683407e-01
 1.40000e+00  1.60000e+00       1.287e+13  6.082058e-01  0.000000e+00 -5.107000e-01  3.917942e-01
 2.10000e+00  1.60000e+00       1.786e+13 -1.478788e-01  0.000000e+00 -9.558042e-02  8.521212e-01
 2.80000e+00  1.60000e+00       1.381e+14 -6.320347e-01  0.000000e+00  6.731546e-01  3.679653e-01
 3.50000e+00  1.60000e+00       7.021e+14 -6.504182e-01  0.000000e+00  7.497340e-01  3.495818e-01
 4.20000e+00  1.60000e+00       1.132e+15 -6.476760e-01  0.000000e+00  7.591417e-01  3.523240e-01
 4.90000e+00  1.60000e+00       5.562e+14 -6.395192e-01  0.000000e+00  7.639762e-01  3.604808e-01
 5.60000e+00  1.60000e+00       1.301e+14 -3.182153e-01  0.000000e+00  8.423585e-01  6.817847e-01
 6.30000e+00  1.60000e+00       2.647e+14  2.241712e-01  0.000000e+00  9.684982e-01  7.758288e-01
 7.00000e+00  1.60000e+00       4.366e+14  2.387206e-01  0.000000e+00  9.708380e-01  7.612794e-01
-7.00000e+00  2.00000e+00       4.471e+14 -8.510315e-02  0.000000e+00 -9.960074e-01  9.148969e-01
-6.30000e+00  2.00000e+00       3.209e+14 -9.284514e-02  0.000000e+00 -9.923364e-01  9.071549e-01
-5.60000e+00  2.00000e+00       1.248e+14 -4.536665e-01  0.000000e+00 -7.349543e-01  5.463335e-01
-4.90000e+00  2.00000e+00       5.049e+14 -9.072288e-01  0.000000e+00 -4.040845e-01  9.277117e-02
-4.20000e+00  2.00000e+00       1.386e+15 -9.174640e-01  0.000000e+00 -3.929290e-01  8.253604e-02
-3.50000e+00  2.00000e+00       1.165e+15 -9.178657e-01  0.000000e+00 -3.849046e-01  8.213426e-02
-2.80000e+00  2.00000e+00       3.042e+14 -8.996056e-01  0.000000e+00 -3.456845e-01  1.003944e-01
-2.10000e+00  2.00000e+00       3.637e+13 -5.264395e-01  0.000000e+00  5.983352e-02  4.735605e-01
-1.40000e+00  2.00000e+00       1.517e+13  4.566475e-01  0.000000e+00  6.054838e-01  5.433525e-01
-7.00000e-01  2.00000e+00       1.338e+13  7.571237e-01  0.000000e+00  3.720431e-01  2.428763e-01
 0.00000e+00  2.00000e+00       1.230e+13  8.493376e-01  0.000000e+00 -5.263570e-16  1.506624e-01
 7.00000e-01  2.00000e+00       1.338e+13  7.571237e-01  0.000000e+00 -3.720431e-01  2.428763e-01
 1.40000e+00  2.00000e+00       1.517e+13  4.566475e-01  0.000000e+00 -6.054838e-01  5.433525e-01
 2.10000e+00  2.00000e+00       3.637e+13 -5.264395e-01  0.000000e+00 -5.983352e-02  4.735605e-01
 2.80000e+00  2.00000e+00       3.042e+14 -8.996056e-01  0.000000e+00  3.456845e-01  1.003944e-01
 3.50000e+00  2.00000e+00       1.165e+15 -9.178657e-01  0.000000e+00  3.849046e-01  8.213426e-02
 4.20000e+00  2.00000e+00       1.386e+15 -9.174640e-01  0.000000e+00  3.929290e-01  8.253604e-02
 4.90000e+00  2.00000e+00       5.049e+14 -9.072288e-01  0.000000e+00  4.040845e-01  9.277117e-02
 5.60000e+00  2.00000e+00       1.248e+14 -4.536665e-01  0.000000e+00  7.349543e-01  5.463335e-01
 6.30000e+00  2.00000e+00       3.209e+14 -9.284514e-02  0.000000e+00  9.923364e-01  9.071549e-01
 7.00000e+00  2.00000e+00       4.471e+14 -8.510315e-02  0.000000e+00  9.960074e-01  9.148969e-01
-7.00000e+00  2.40000e+00       4.418e+14 -3.973176e-01  0.000000e+00 -9.170189e-01  6.026824e-01
-6.30000e+00  2.40000e+00       3.935e+14 -4.020648e-01  0.000000e+00 -9.140671e-01  5.979352e-01
-5.60000e+00  2.40000e+00       1.346e+14 -5.269208e-01  0.000000e+00 -7.231605e-01  4.730792e-01
-4.90000e+00  2.40000e+00       3.782e+14 -9.831492e-01  0.000000e+00 -2.519608e-03  1.685079e-02
-4.20000e+00  2.40000e+00       1.511e+15 -9.977817e-01  0.000000e+00  2.701000e-02  2.218331e-03
-3.50000e+00  2.40000e+00       1.878e+15 -9.965951e-01  0.000000e+00  3.365571e-02  3.404928e-03
-2.80000e+00  2.40000e+00       7.153e+14 -9.845052e-01  0.000000e+00  5.068921e-02  1.549483e-02
-2.10000e+00  2.40000e+00       9.774e+13 -7.914307e-01  0.000000e+00  1.851025e-01  2.085693e-01
-1.40000e+00  2.40000e+00       2.234e+13  2.973254e-01  0.000000e+00  6.392786e-01  7.026746e-01
-7.00000e-01  2.40000e+00       1.419e+13  6.417406e-01  0.000000e+00  5.436910e-01  3.582594e-01
 0.00000e+00  2.40000e+00       9.373e+12  6.911818e-01  0.000000e+00  2.231878e-15  3.088182e-01
 7.00000e-01  2.40000e+00       1.419e+13  6.417406e-01  0.000000e+00 -5.436910e-01  3.582594e-01
 1.40000e+00  2.40000e+00       2.234e+13  2.973254e-01  0.000000e+00 -6.392786e-01  7.026746e-01
 2.10000e+00  2.40000e+00       9.774e+13 -7.914307e-01  0.000000e+00 -1.851025e-01  2.085693e-01
 2.80000e+00  2.40000e+00       7.153e+14 -9.845052e-01  0.000000e+00 -5.068921e-02  1.549483e-02
 3.50000e+00  2.40000e+00       1.878e+15 -9.965951e-01  0.000000e+00 -3.365571e-02  3.404928e-03
 4.20000e+00  2.40000e+00       1.511e+15 -9.977817e-01  0.000000e+00 -2.701000e-02  2.218331e-03
 4.90000e+00  2.40000e+00       3.782e+14 -9.831492e-01  0.000000e+00  2.519608e-03  1.685079e-02
 5.60000e+00  2.40000e+00       1.346e+14 -5.269208e-01  0.000000e+00  7.231605e-01  4.730792e-01
 6.30000e+00  2.40000e+00       3.935e+14 -4.020648e-01  0.000000e+00  9.140671e-01  5.979352e-01
 7.00000e+00  2.40000e+00       4.418e+14 -3.973176e-01  0.000000e+00  9.170189e-01  6.026824e-01
-7.00000e+00  2.80000e+00       4.116e+14 -6.659098e-01  0.000000e+00 -7.444417e-01  3.340902e-01
-6.30000e+00  2.80000e+00       4.764e+14 -6.711593e-01  0.000000e+00 -7.404595e-01  3.288407e-01
-5.60000e+00  2.80000e+00       1.782e+14 -6.861541e-01  0.000000e+00 -6.777376e-01  3.138459e-01
-4.90000e+00  2.80000e+00       2.167e+14 -8.843380e-01  0.000000e+00  3.204758e-01  1.156620e-01
-4.20000e+00  2.80000e+00       1.324e+15 -9.007497e-01  0.000000e+00  4.291314e-01  9.925026e-02
-3.50000e+00  2.80000e+00       2.700e+15 -8.980487e-01  0.000000e+00  4.355020e-01  1.019513e-01
-2.80000e+00  2.80000e+00       1.677e+15 -8.903905e-01  0.000000e+00  4.432219e-01  1.096095e-01
-2.10000e+00  2.80000e+00       3.320e+14 -8.283378e-01  0.000000e+00  4.715627e-01  1.716622e-01
-1.40000e+00  2.80000e+00       4.193e+13 -7.374541e-02  0.000000e+00  5.816577e-01  9.262546e-01
-7.00000e-01  2.80000e+00       2.699e+13  7.720458e-01  0.000000e+00  3.845623e-01  2.279542e-01
 0.00000e+00  2.80000e+00       2.723e+13  8.754338e-01  0.000000e+00 -5.741152e-16  1.245662e-01
 7.00000e-01  2.80000e+00       2.699e+13  7.720458e-01  0.000000e+00 -3.845623e-01  2.279542e-01
 1.40000e+00  2.80000e+00       4.193e+13 -7.374541e-02  0.000000e+00 -5.816577e-01  9.262546e-01
 2.10000e+00  2.80000e+00       3.320e+14 -8.283378e-01  0.000000e+00 -4.715627e-01  1.716622e-01
 2.80000e+00  2.80000e+00       1.677e+15 -8.903905e-01  0.000000e+00 -4.432219e-01  1.096095e-01
 3.50000e+00  2.80000e+00       2.700e+15 -8.980487e-01  0.000000e+00 -4.355020e-01  1.019513e-01
 4.20000e+00  2.80000e+00       1.324e+15 -9.007497e-01  0.000000e+00 -4.291314e-01  9.925026e-02
 4.90000e+00  2.80000e+00       2.167e+14 -8.843380e-01  0.000000e+00 -3.204758e-01  1.156620e-01
 5.60000e+00  2.80000e+00       1.782e+14 -6.861541e-01  0.000000e+00  6.777376e-01  3.138459e-01
 6.30000e+00  2.80000e+00       4.764e+14 -6.711593e-01  0.000000e+00  7.404595e-01  3.288407e-01
 7.00000e+00  2.80000e+00       4.116e+14 -6.659098e-01  0.000000e+00  7.444417e-01  3.340902e-01
-7.00000e+00  3.20000e+00       3.499e+14 -8.638686e-01  0.000000e+00 -4.984830e-01  1.361314e-01
-6.30000e+00  3.20000e+00       5.501e+14 -8.715638e-01  0.000000e+00 -4.893255e-01  1.284362e-01
-5.60000e+00  3.20000e+00       2.690e+14 -8.716930e-01  0.000000e+00 -4.778702e-01  1.283070e-01
-4.90000e+00  3.20000e+00       1.042e+14 -7.426770e-01  0.000000e+00  2.727611e-01  2.573230e-01
-4.20000e+00  3.20000e+00       7.882e+14 -6.472474e-01  0.000000e+00  7.560837e-01  3.527526e-01
-3.50000e+00  3.20000e+00       3.002e+15 -6.410472e-01  0.000000e+00  7.653134e-01  3.589528e-01
-2.80000e+00  3.20000e+00       3.492e+15 -6.347915e-01  0.000000e+00  7.694187e-01  3.652085e-01
-2.10000e+00  3.20000e+00       1.251e+15 -6.137087e-01  0.000000e+00  7.751179e-01  3.862913e-01
-1.40000e+00  3.20000e+00       1.614e+14 -4.166792e-01  0.000000e+00  7.726101e-01  5.833208e-01
-7.00000e-01  3.20000e+00       2.991e+13  5.377522e-01  0.000000e+00  5.174880e-01  4.622478e-01
 0.00000e+00  3.20000e+00       2.224e+13  8.297593e-01  0.000000e+00  1.015466e-14  1.702407e-01
 7.00000e-01  3.20000e+00       2.991e+13  5.377522e-01  0.000000e+00 -5.174880e-01  4.622478e-01
 1.40000e+00  3.20000e+00       1.614e+14 -4.166792e-01  0.000000e+00 -7.726101e-01  5.833208e-01
 2.10000e+00  3.20000e+00       1.251e+15 -6.137087e-01  0.000000e+00 -7.751179e-01  3.862913e-01
 2.80000e+00  3.20000e+00       3.492e+15 -6.347915e-01  0.000000e+00 -7.694187e-01  3.652085e-01
 3.50000e+00  3.20000e+00       3.002e+15 -6.410472e-01  0.000000e+00 -7.653134e-01  3.589528e-01
 4.20000e+00  3.20000e+00       7.882e+14 -6.472474e-01  0.000000e+00 -7.560837e-01  3.527526e-01
 4.90000e+00  3.20000e+00       1.042e+14 -7.426770e-01  0.000000e+00 -2.727611e-01  2.573230e-01
 5.60000e+00  3.20000e+00       2.690e+14 -8.716930e-01  0.000000e+00  4.778702e-01  1.283070e-01
 6.30000e+00  3.20000e+00       5.501e+14 -8.715638e-01  0.000000e+00  4.893255e-01  1.284362e-01
 7.00000e+00  3.20000e+00       3.499e+14 -8.638686e-01  0.000000e+00  4.984830e-01  1.361314e-01
-7.00000e+00  3.60000e+00       2.620e+14 -9.704422e-01  0.000000e+00 -2.110941e-01  2.955781e-02
-6.30000e+00  3.60000e+00       5.790e+14 -9.821173e-01  0.000000e+00 -1.853469e-01  1.788268e-02
-5.60000e+00  3.60000e+00       4.070e+14 -9.822490e-01  0.000000e+00 -1.813734e-01  1.775104e-02
-4.90000e+00  3.60000e+00       9.710e+13 -9.182187e-01  0.000000e+00 -6.680713e-02  8.178135e-02
-4.20000e+00  3.60000e+00       2.398e+14 -2.800392e-01  0.000000e+00  9.292321e-01  7.199608e-01
-3.50000e+00  3.60000e+00       1.990e+15 -2.450237e-01  0.000000e+00  9.670504e-01  7.549763e-01
-2.80000e+00  3.60000e+00       5.243e+15 -2.371004e-01  0.000000e+00  9.696774e-01  7.628996e-01
-2.10000e+00  3.60000e+00       4.221e+15 -2.269308e-01  0.000000e+00  9.703217e-01  7.730692e-01
-1.40000e+00  3.60000e+00       1.069e+15 -1.875923e-01  0.000000e+00  9.617497e-01  8.124077e-01
-7.00000e-01  3.60000e+00       1.222e+14  1.580978e-01  0.000000e+00  7.761273e-01  8.419022e-01
 0.00000e+00  3.60000e+00       4.649e+13  8.051999e-01  0.000000e+00  1.538163e-14  1.948001e-01
 7.00000e-01  3.60000e+00       1.222e+14  1.580978e-01  0.000000e+00 -7.761273e-01  8.419022e-01
 1.40000e+00  3.60000e+00       1.069e+15 -1.875923e-01  0.000000e+00 -9.617497e-01  8.124077e-01
 2.10000e+00  3.60000e+00       4.221e+15 -2.269308e-01  0.000000e+00 -9.703217e-01  7.730692e-01
 2.80000e+00  3.60000e+00       5.243e+15 -2.371004e-01  0.000000e+00 -9.696774e-01  7.628996e-01
 3.50000e+00  3.60000e+00       1.990e+15 -2.450237e-01  0.000000e+00 -9.670504e-01  7.549763e-01
 4.20000e+00  3.60000e+00       2.398e+14 -2.800392e-01  0.000000e+00 -9.292321e-01  7.199608e-01
 4.90000e+00  3.60000e+00       9.710e+13 -9.182187e-01  0.000000e+00  6.680713e-02  8.178135e-02
 5.60000e+00  3.60000e+00       4.070e+14 -9.822490e-01  0.000000e+00  1.813734e-01  1.775104e-02
 6.30000e+00  3.60000e+00       5.790e+14 -9.821173e-01  0.000000e+00  1.853469e-01  1.788268e-02
 7.00000e+00  3.60000e+00       2.620e+14 -9.704422e-01  0.000000e+00  2.110941e-01  2.955781e-02
-7.00000e+00  4.00000e+00       2.215e+14 -9.792226e-01  0.000000e+00  6.951075e-02  2.077739e-02
-6.30000e+00  4.00000e+00       6.925e+14 -9.890205e-01  0.000000e+00  1.422220e-01  1.097949e-02
-5.60000e+00  4.00000e+00       7.459e+14 -9.888219e-01  0.000000e+00  1.457737e-01  1.117814e-02
-4.90000e+00  4.00000e+00       2.447e+14 -9.846729e-01  0.000000e+00  1.525090e-01  1.532714e-02
-4.20000e+00  4.00000e+00       4.451e+13 -4.968729e-01  0.000000e+00  5.032260e-01  5.031271e-01
-3.50000e+00  4.00000e+00       4.308e+14  2.571521e-01  0.000000e+00  9.546458e-01  7.428479e-01
-2.80000e+00  4.00000e+00       3.484e+15  2.842706e-01  0.000000e+00  9.558247e-01  7.157294e-01
-2.10000e+00  4.00000e+00       8.818e+15  2.948925e-01  0.000000e+00  9.533263e-01  7.051075e-01
-1.40000e+00  4.00000e+00       6.876e+15  3.068621e-01  0.000000e+00  9.473676e-01  6.931379e-01
-7.00000e-01  4.00000e+00       1.729e+15  3.483460e-01  0.000000e+00  9.054045e-01  6.516540e-01
 0.00000e+00  4.00000e+00       3.599e+14  5.297346e-01  0.000000e+00  4.528486e-15  4.702654e-01
 7.00000e-01  4.00000e+00       1.729e+15  3.483460e-01  0.000000e+00 -9.054045e-01  6.516540e-01
 1.40000e+00  4.00000e+00       6.876e+15  3.068621e-01  0.000000e+00 -9.473676e-01  6.931379e-01
 2.10000e+00  4.00000e+00       8.818e+15  2.948925e-01  0.000000e+00 -9.533263e-01  7.051075e-01
 2.80000e+00  4.00000e+00       3.484e+15  2.842706e-01  0.000000e+00 -9.558247e-01  7.157294e-01
 3.50000e+00  4.00000e+00       4.308e+14  2.571521e-01  0.000000e+00 -9.546458e-01  7.428479e-01
 4.20000e+00  4.00000e+00       4.451e+13 -4.968729e-01  0.000000e+00 -5.032260e-01  5.031271e-01
 4.90000e+00  4.00000e+00       2.447e+14 -9.846729e-01  0.000000e+00 -1.525090e-01  1.532714e-02
 5.60000e+00  4.00000e+00       7.459e+14 -9.888219e-01  0.000000e+00 -1.457737e-01  1.117814e-02
 6.30000e+00  4.00000e+00       6.925e+14 -9.890205e-01  0.000000e+00 -1.422220e-01  1.097949e-02
 7.00000e+00  4.00000e+00       2.215e+14 -9.792226e-01  0.000000e+00 -6.951075e-02  2.077739e-02
