 EB(GeV)    EMITTANCEx EMITTANCEy SIZEx(m)   SIZEy(m)   DIVx(rad)  DIVy(rad)
 2.411e+00  5.499e-09  1.017e-12  8.711e-05  1.009e-06  6.313e-05  1.009e-06
 betax      alphax     betay      alphay     eta        deta       E_spread  
 1.380e+00  0.000e+00  1.000e+00  0.000e+00  0.000e+00  0.000e+00  8.600e-04
 Ibeam(A)   period(cm) #periods   Kx         Ky         Energy(eV)
 4.005e-01  1.900e+00         96  0.000e+00  1.780e+00  8.255e+02


           x            y       F.Density            PL            PC          PL45        1-|PL|
          mm           mm  ph/s/mr^2/0.1%             -             -             -             -
-7.00000e+00 -4.00000e+00       7.731e+13 -7.197742e-01  0.000000e+00 -6.613545e-01  2.802258e-01
-6.30000e+00 -4.00000e+00       1.579e+14 -5.852356e-01  0.000000e+00 -7.867040e-01  4.147644e-01
-5.60000e+00 -4.00000e+00       2.609e+14 -3.079850e-01  0.000000e+00 -8.973968e-01  6.920150e-01
-4.90000e+00 -4.00000e+00       5.483e+14 -4.846584e-02  0.000000e+00 -9.853831e-01  9.515342e-01
-4.20000e+00 -4.00000e+00       6.209e+14  9.863662e-03  0.000000e+00 -9.827050e-01  9.901363e-01
-3.50000e+00 -4.00000e+00       4.950e+14  5.474366e-01  0.000000e+00 -5.451705e-01  4.525634e-01
-2.80000e+00 -4.00000e+00       1.995e+15  9.691769e-01  0.000000e+00 -1.916893e-01  3.082310e-02
-2.10000e+00 -4.00000e+00       4.247e+15  9.819910e-01  0.000000e+00 -1.756703e-01  1.800900e-02
-1.40000e+00 -4.00000e+00       2.771e+15  9.816400e-01  0.000000e+00 -1.674021e-01  1.836003e-02
-7.00000e-01 -4.00000e+00       5.548e+14  9.690629e-01  0.000000e+00 -1.486172e-01  3.093714e-02
 0.00000e+00 -4.00000e+00       7.316e+13  8.433642e-01  0.000000e+00  4.707639e-15  1.566358e-01
 7.00000e-01 -4.00000e+00       5.548e+14  9.690629e-01  0.000000e+00  1.486172e-01  3.093714e-02
 1.40000e+00 -4.00000e+00       2.771e+15  9.816400e-01  0.000000e+00  1.674021e-01  1.836003e-02
 2.10000e+00 -4.00000e+00       4.247e+15  9.819910e-01  0.000000e+00  1.756703e-01  1.800900e-02
 2.80000e+00 -4.00000e+00       1.995e+15  9.691769e-01  0.000000e+00  1.916893e-01  3.082310e-02
 3.50000e+00 -4.00000e+00       4.950e+14  5.474366e-01  0.000000e+00  5.451705e-01  4.525634e-01
 4.20000e+00 -4.00000e+00       6.209e+14  9.863662e-03  0.000000e+00  9.827050e-01  9.901363e-01
 4.90000e+00 -4.00000e+00       5.483e+14 -4.846584e-02  0.000000e+00  9.853831e-01  9.515342e-01
 5.60000e+00 -4.00000e+00       2.609e+14 -3.079850e-01  0.000000e+00  8.973968e-01  6.920150e-01
 6.30000e+00 -4.00000e+00       1.579e+14 -5.852356e-01  0.000000e+00  7.867040e-01  4.147644e-01
 7.00000e+00 -4.00000e+00       7.731e+13 -7.197742e-01  0.000000e+00  6.613545e-01  2.802258e-01
-7.00000e+00 -3.60000e+00       1.074e+14 -8.959435e-01  0.000000e+00 -4.017177e-01  1.040565e-01
-6.30000e+00 -3.60000e+00       2.020e+14 -7.944049e-01  0.000000e+00 -5.575520e-01  2.055951e-01
-5.60000e+00 -3.60000e+00       3.776e+14 -5.602384e-01  0.000000e+00 -7.882483e-01  4.397616e-01
-4.90000e+00 -3.60000e+00       6.501e+14 -4.495238e-01  0.000000e+00 -8.799136e-01  5.504762e-01
-4.20000e+00 -3.60000e+00       6.204e+14 -1.123230e-01  0.000000e+00 -8.612952e-01  8.876770e-01
-3.50000e+00 -3.60000e+00       1.626e+15  5.508962e-01  0.000000e+00 -7.988509e-01  4.491038e-01
-2.80000e+00 -3.60000e+00       3.611e+15  6.079708e-01  0.000000e+00 -7.913013e-01  3.920292e-01
-2.10000e+00 -3.60000e+00       2.550e+15  6.129270e-01  0.000000e+00 -7.866517e-01  3.870730e-01
-1.40000e+00 -3.60000e+00       5.529e+14  6.196497e-01  0.000000e+00 -7.669631e-01  3.803503e-01
-7.00000e-01 -3.60000e+00       4.298e+13  5.990980e-01  0.000000e+00 -6.077689e-01  4.009020e-01
 0.00000e+00 -3.60000e+00       6.576e+12  1.672921e-01  0.000000e+00 -6.082013e-14  8.327079e-01
 7.00000e-01 -3.60000e+00       4.298e+13  5.990980e-01  0.000000e+00  6.077689e-01  4.009020e-01
 1.40000e+00 -3.60000e+00       5.529e+14  6.196497e-01  0.000000e+00  7.669631e-01  3.803503e-01
 2.10000e+00 -3.60000e+00       2.550e+15  6.129270e-01  0.000000e+00  7.866517e-01  3.870730e-01
 2.80000e+00 -3.60000e+00       3.611e+15  6.079708e-01  0.000000e+00  7.913013e-01  3.920292e-01
 3.50000e+00 -3.60000e+00       1.626e+15  5.508962e-01  0.000000e+00  7.988509e-01  4.491038e-01
 4.20000e+00 -3.60000e+00       6.204e+14 -1.123230e-01  0.000000e+00  8.612952e-01  8.876770e-01
 4.90000e+00 -3.60000e+00       6.501e+14 -4.495238e-01  0.000000e+00  8.799136e-01  5.504762e-01
 5.60000e+00 -3.60000e+00       3.776e+14 -5.602384e-01  0.000000e+00  7.882483e-01  4.397616e-01
 6.30000e+00 -3.60000e+00       2.020e+14 -7.944049e-01  0.000000e+00  5.575520e-01  2.055951e-01
 7.00000e+00 -3.60000e+00       1.074e+14 -8.959435e-01  0.000000e+00  4.017177e-01  1.040565e-01
-7.00000e+00 -3.20000e+00       1.413e+14 -9.796780e-01  0.000000e+00 -8.379817e-02  2.032205e-02
-6.30000e+00 -3.20000e+00       2.528e+14 -9.159436e-01  0.000000e+00 -2.996499e-01  8.405636e-02
-5.60000e+00 -3.20000e+00       4.922e+14 -8.083694e-01  0.000000e+00 -5.548173e-01  1.916306e-01
-4.90000e+00 -3.20000e+00       6.612e+14 -6.988054e-01  0.000000e+00 -6.521539e-01  3.011946e-01
-4.20000e+00 -3.20000e+00       9.801e+14 -1.154799e-01  0.000000e+00 -8.997830e-01  8.845201e-01
-3.50000e+00 -3.20000e+00       2.575e+15  1.013332e-01  0.000000e+00 -9.882303e-01  8.986668e-01
-2.80000e+00 -3.20000e+00       2.664e+15  1.156176e-01  0.000000e+00 -9.913277e-01  8.843824e-01
-2.10000e+00 -3.20000e+00       8.487e+14  1.272852e-01  0.000000e+00 -9.837376e-01  8.727148e-01
-1.40000e+00 -3.20000e+00       9.381e+13  2.158264e-01  0.000000e+00 -8.904358e-01  7.841736e-01
-7.00000e-01 -3.20000e+00       1.366e+13  6.020952e-01  0.000000e+00 -3.208983e-01  3.979048e-01
 0.00000e+00 -3.20000e+00       9.757e+12  6.766545e-01  0.000000e+00  2.291581e-14  3.233455e-01
 7.00000e-01 -3.20000e+00       1.366e+13  6.020952e-01  0.000000e+00  3.208983e-01  3.979048e-01
 1.40000e+00 -3.20000e+00       9.381e+13  2.158264e-01  0.000000e+00  8.904358e-01  7.841736e-01
 2.10000e+00 -3.20000e+00       8.487e+14  1.272852e-01  0.000000e+00  9.837376e-01  8.727148e-01
 2.80000e+00 -3.20000e+00       2.664e+15  1.156176e-01  0.000000e+00  9.913277e-01  8.843824e-01
 3.50000e+00 -3.20000e+00       2.575e+15  1.013332e-01  0.000000e+00  9.882303e-01  8.986668e-01
 4.20000e+00 -3.20000e+00       9.801e+14 -1.154799e-01  0.000000e+00  8.997830e-01  8.845201e-01
 4.90000e+00 -3.20000e+00       6.612e+14 -6.988054e-01  0.000000e+00  6.521539e-01  3.011946e-01
 5.60000e+00 -3.20000e+00       4.922e+14 -8.083694e-01  0.000000e+00  5.548173e-01  1.916306e-01
 6.30000e+00 -3.20000e+00       2.528e+14 -9.159436e-01  0.000000e+00  2.996499e-01  8.405636e-02
 7.00000e+00 -3.20000e+00       1.413e+14 -9.796780e-01  0.000000e+00  8.379817e-02  2.032205e-02
-7.00000e+00 -2.80000e+00       1.694e+14 -9.503325e-01  0.000000e+00  2.470985e-01  4.966753e-02
-6.30000e+00 -2.80000e+00       3.002e+14 -9.659066e-01  0.000000e+00 -6.248074e-03  3.409336e-02
-5.60000e+00 -2.80000e+00       5.441e+14 -9.565414e-01  0.000000e+00 -2.207472e-01  4.345862e-02
-4.90000e+00 -2.80000e+00       6.679e+14 -7.779302e-01  0.000000e+00 -4.578840e-01  2.220698e-01
-4.20000e+00 -2.80000e+00       1.400e+15 -4.050851e-01  0.000000e+00 -8.733099e-01  5.949149e-01
-3.50000e+00 -2.80000e+00       2.382e+15 -3.478278e-01  0.000000e+00 -9.341444e-01  6.521722e-01
-2.80000e+00 -2.80000e+00       1.337e+15 -3.378259e-01  0.000000e+00 -9.368597e-01  6.621741e-01
-2.10000e+00 -2.80000e+00       2.400e+14 -2.803019e-01  0.000000e+00 -9.201767e-01  7.196981e-01
-1.40000e+00 -2.80000e+00       3.093e+13  2.800368e-01  0.000000e+00 -6.815313e-01  7.199632e-01
-7.00000e-01 -2.80000e+00       1.581e+13  6.230017e-01  0.000000e+00 -3.754515e-01  3.769983e-01
 0.00000e+00 -2.80000e+00       1.147e+13  5.765836e-01  0.000000e+00 -1.534304e-14  4.234164e-01
 7.00000e-01 -2.80000e+00       1.581e+13  6.230017e-01  0.000000e+00  3.754515e-01  3.769983e-01
 1.40000e+00 -2.80000e+00       3.093e+13  2.800368e-01  0.000000e+00  6.815313e-01  7.199632e-01
 2.10000e+00 -2.80000e+00       2.400e+14 -2.803019e-01  0.000000e+00  9.201767e-01  7.196981e-01
 2.80000e+00 -2.80000e+00       1.337e+15 -3.378259e-01  0.000000e+00  9.368597e-01  6.621741e-01
 3.50000e+00 -2.80000e+00       2.382e+15 -3.478278e-01  0.000000e+00  9.341444e-01  6.521722e-01
 4.20000e+00 -2.80000e+00       1.400e+15 -4.050851e-01  0.000000e+00  8.733099e-01  5.949149e-01
 4.90000e+00 -2.80000e+00       6.679e+14 -7.779302e-01  0.000000e+00  4.578840e-01  2.220698e-01
 5.60000e+00 -2.80000e+00       5.441e+14 -9.565414e-01  0.000000e+00  2.207472e-01  4.345862e-02
 6.30000e+00 -2.80000e+00       3.002e+14 -9.659066e-01  0.000000e+00  6.248074e-03  3.409336e-02
 7.00000e+00 -2.80000e+00       1.694e+14 -9.503325e-01  0.000000e+00 -2.470985e-01  4.966753e-02
-7.00000e+00 -2.40000e+00       1.904e+14 -8.080819e-01  0.000000e+00  5.546478e-01  1.919181e-01
-6.30000e+00 -2.40000e+00       3.352e+14 -9.171215e-01  0.000000e+00  3.220878e-01  8.287847e-02
-5.60000e+00 -2.40000e+00       5.409e+14 -9.604215e-01  0.000000e+00  1.433696e-01  3.957847e-02
-4.90000e+00 -2.40000e+00       7.039e+14 -8.389390e-01  0.000000e+00 -2.963704e-01  1.610610e-01
-4.20000e+00 -2.40000e+00       1.498e+15 -7.235751e-01  0.000000e+00 -6.631319e-01  2.764249e-01
-3.50000e+00 -2.40000e+00       1.640e+15 -7.087477e-01  0.000000e+00 -7.009982e-01  2.912523e-01
-2.80000e+00 -2.40000e+00       5.709e+14 -6.880686e-01  0.000000e+00 -7.067605e-01  3.119314e-01
-2.10000e+00 -2.40000e+00       8.418e+13 -3.108811e-01  0.000000e+00 -6.947280e-01  6.891189e-01
-1.40000e+00 -2.40000e+00       7.054e+13  7.460311e-01  0.000000e+00 -4.675124e-01  2.539689e-01
-7.00000e-01 -2.40000e+00       1.497e+14  9.080667e-01  0.000000e+00 -2.107564e-01  9.193334e-02
 0.00000e+00 -2.40000e+00       2.052e+14  9.481802e-01  0.000000e+00 -6.973714e-16  5.181983e-02
 7.00000e-01 -2.40000e+00       1.497e+14  9.080667e-01  0.000000e+00  2.107564e-01  9.193334e-02
 1.40000e+00 -2.40000e+00       7.054e+13  7.460311e-01  0.000000e+00  4.675124e-01  2.539689e-01
 2.10000e+00 -2.40000e+00       8.418e+13 -3.108811e-01  0.000000e+00  6.947280e-01  6.891189e-01
 2.80000e+00 -2.40000e+00       5.709e+14 -6.880686e-01  0.000000e+00  7.067605e-01  3.119314e-01
 3.50000e+00 -2.40000e+00       1.640e+15 -7.087477e-01  0.000000e+00  7.009982e-01  2.912523e-01
 4.20000e+00 -2.40000e+00       1.498e+15 -7.235751e-01  0.000000e+00  6.631319e-01  2.764249e-01
 4.90000e+00 -2.40000e+00       7.039e+14 -8.389390e-01  0.000000e+00  2.963704e-01  1.610610e-01
 5.60000e+00 -2.40000e+00       5.409e+14 -9.604215e-01  0.000000e+00 -1.433696e-01  3.957847e-02
 6.30000e+00 -2.40000e+00       3.352e+14 -9.171215e-01  0.000000e+00 -3.220878e-01  8.287847e-02
 7.00000e+00 -2.40000e+00       1.904e+14 -8.080819e-01  0.000000e+00 -5.546478e-01  1.919181e-01
-7.00000e+00 -2.00000e+00       1.077e+13 -6.119513e-01  0.000000e+00  7.458649e-01  3.880487e-01
-6.30000e+00 -2.00000e+00       2.987e+13 -7.897025e-01  0.000000e+00  5.610755e-01  2.102975e-01
-5.60000e+00 -2.00000e+00       7.511e+13 -8.777986e-01  0.000000e+00  2.083965e-01  1.222014e-01
-4.90000e+00 -2.00000e+00       2.705e+14 -9.392572e-01  0.000000e+00 -2.315456e-01  6.074285e-02
-4.20000e+00 -2.00000e+00       6.140e+14 -9.460655e-01  0.000000e+00 -3.071815e-01  5.393452e-02
-3.50000e+00 -2.00000e+00       4.615e+14 -9.310485e-01  0.000000e+00 -3.224651e-01  6.895148e-02
-2.80000e+00 -2.00000e+00       2.205e+14  6.802183e-03  0.000000e+00 -3.682651e-01  9.931978e-01
-2.10000e+00 -2.00000e+00       2.927e+15  9.319066e-01  0.000000e+00 -3.194148e-01  6.809344e-02
-1.40000e+00 -2.00000e+00       2.663e+16  9.499858e-01  0.000000e+00 -2.742942e-01  5.001416e-02
-7.00000e-01 -2.00000e+00       8.632e+16  9.566261e-01  0.000000e+00 -1.833607e-01  4.337388e-02
 0.00000e+00 -2.00000e+00       1.211e+17  9.595177e-01  0.000000e+00  2.563425e-15  4.048234e-02
 7.00000e-01 -2.00000e+00       8.632e+16  9.566261e-01  0.000000e+00  1.833607e-01  4.337388e-02
 1.40000e+00 -2.00000e+00       2.663e+16  9.499858e-01  0.000000e+00  2.742942e-01  5.001416e-02
 2.10000e+00 -2.00000e+00       2.927e+15  9.319066e-01  0.000000e+00  3.194148e-01  6.809344e-02
 2.80000e+00 -2.00000e+00       2.205e+14  6.802183e-03  0.000000e+00  3.682651e-01  9.931978e-01
 3.50000e+00 -2.00000e+00       4.615e+14 -9.310485e-01  0.000000e+00  3.224651e-01  6.895148e-02
 4.20000e+00 -2.00000e+00       6.140e+14 -9.460655e-01  0.000000e+00  3.071815e-01  5.393452e-02
 4.90000e+00 -2.00000e+00       2.705e+14 -9.392572e-01  0.000000e+00  2.315456e-01  6.074285e-02
 5.60000e+00 -2.00000e+00       7.511e+13 -8.777986e-01  0.000000e+00 -2.083965e-01  1.222014e-01
 6.30000e+00 -2.00000e+00       2.987e+13 -7.897025e-01  0.000000e+00 -5.610755e-01  2.102975e-01
 7.00000e+00 -2.00000e+00       1.077e+13 -6.119513e-01  0.000000e+00 -7.458649e-01  3.880487e-01
-7.00000e+00 -1.60000e+00       2.093e+14 -2.120324e-01  0.000000e+00  9.601712e-01  7.879676e-01
-6.30000e+00 -1.60000e+00       3.334e+14 -4.084247e-01  0.000000e+00  8.920847e-01  5.915753e-01
-5.60000e+00 -1.60000e+00       4.343e+14 -5.693124e-01  0.000000e+00  7.418975e-01  4.306876e-01
-4.90000e+00 -1.60000e+00       6.381e+14 -8.786874e-01  0.000000e+00  2.970396e-01  1.213126e-01
-4.20000e+00 -1.60000e+00       9.616e+14 -9.794043e-01  0.000000e+00  1.430999e-01  2.059571e-02
-3.50000e+00 -1.60000e+00       5.852e+14 -8.634140e-01  0.000000e+00  5.887081e-02  1.365860e-01
-2.80000e+00 -1.60000e+00       1.138e+15  5.317521e-01  0.000000e+00 -6.685293e-01  4.682479e-01
-2.10000e+00 -1.60000e+00       7.729e+15  6.755127e-01  0.000000e+00 -7.333941e-01  3.244873e-01
-1.40000e+00 -1.60000e+00       1.742e+16  6.813692e-01  0.000000e+00 -7.295718e-01  3.186308e-01
-7.00000e-01 -1.60000e+00       1.210e+16  6.867860e-01  0.000000e+00 -7.047436e-01  3.132140e-01
 0.00000e+00 -1.60000e+00       5.020e+15  6.948506e-01  0.000000e+00 -1.022066e-14  3.051494e-01
 7.00000e-01 -1.60000e+00       1.210e+16  6.867860e-01  0.000000e+00  7.047436e-01  3.132140e-01
 1.40000e+00 -1.60000e+00       1.742e+16  6.813692e-01  0.000000e+00  7.295718e-01  3.186308e-01
 2.10000e+00 -1.60000e+00       7.729e+15  6.755127e-01  0.000000e+00  7.333941e-01  3.244873e-01
 2.80000e+00 -1.60000e+00       1.138e+15  5.317521e-01  0.000000e+00  6.685293e-01  4.682479e-01
 3.50000e+00 -1.60000e+00       5.852e+14 -8.634140e-01  0.000000e+00 -5.887081e-02  1.365860e-01
 4.20000e+00 -1.60000e+00       9.616e+14 -9.794043e-01  0.000000e+00 -1.430999e-01  2.059571e-02
 4.90000e+00 -1.60000e+00       6.381e+14 -8.786874e-01  0.000000e+00 -2.970396e-01  1.213126e-01
 5.60000e+00 -1.60000e+00       4.343e+14 -5.693124e-01  0.000000e+00 -7.418975e-01  4.306876e-01
 6.30000e+00 -1.60000e+00       3.334e+14 -4.084247e-01  0.000000e+00 -8.920847e-01  5.915753e-01
 7.00000e+00 -1.60000e+00       2.093e+14 -2.120324e-01  0.000000e+00 -9.601712e-01  7.879676e-01
-7.00000e+00 -1.20000e+00       8.549e+12  1.695783e-01  0.000000e+00  9.670014e-01  8.304217e-01
-6.30000e+00 -1.20000e+00       1.472e+13 -1.330560e-03  0.000000e+00  9.766048e-01  9.986694e-01
-5.60000e+00 -1.20000e+00       2.110e+13 -2.649531e-01  0.000000e+00  8.833015e-01  7.350469e-01
-4.90000e+00 -1.20000e+00       3.689e+13 -6.479555e-01  0.000000e+00  6.865507e-01  3.520445e-01
-4.20000e+00 -1.20000e+00       4.768e+13 -7.326657e-01  0.000000e+00  5.721345e-01  2.673343e-01
-3.50000e+00 -1.20000e+00       4.610e+13 -1.574488e-01  0.000000e+00 -2.034501e-01  8.425512e-01
-2.80000e+00 -1.20000e+00       2.666e+14  4.668455e-01  0.000000e+00 -8.372279e-01  5.331545e-01
-2.10000e+00 -1.20000e+00       9.857e+14  5.222761e-01  0.000000e+00 -8.379969e-01  4.777239e-01
-1.40000e+00 -1.20000e+00       1.222e+15  5.624733e-01  0.000000e+00 -8.031159e-01  4.375267e-01
-7.00000e-01 -1.20000e+00       5.965e+14  6.691750e-01  0.000000e+00 -6.379567e-01  3.308250e-01
 0.00000e+00 -1.20000e+00       3.163e+14  8.450152e-01  0.000000e+00 -5.123596e-15  1.549848e-01
 7.00000e-01 -1.20000e+00       5.965e+14  6.691750e-01  0.000000e+00  6.379567e-01  3.308250e-01
 1.40000e+00 -1.20000e+00       1.222e+15  5.624733e-01  0.000000e+00  8.031159e-01  4.375267e-01
 2.10000e+00 -1.20000e+00       9.857e+14  5.222761e-01  0.000000e+00  8.379969e-01  4.777239e-01
 2.80000e+00 -1.20000e+00       2.666e+14  4.668455e-01  0.000000e+00  8.372279e-01  5.331545e-01
 3.50000e+00 -1.20000e+00       4.610e+13 -1.574488e-01  0.000000e+00  2.034501e-01  8.425512e-01
 4.20000e+00 -1.20000e+00       4.768e+13 -7.326657e-01  0.000000e+00 -5.721345e-01  2.673343e-01
 4.90000e+00 -1.20000e+00       3.689e+13 -6.479555e-01  0.000000e+00 -6.865507e-01  3.520445e-01
 5.60000e+00 -1.20000e+00       2.110e+13 -2.649531e-01  0.000000e+00 -8.833015e-01  7.350469e-01
 6.30000e+00 -1.20000e+00       1.472e+13 -1.330560e-03  0.000000e+00 -9.766048e-01  9.986694e-01
 7.00000e+00 -1.20000e+00       8.549e+12  1.695783e-01  0.000000e+00 -9.670014e-01  8.304217e-01
-7.00000e+00 -8.00000e-01       2.027e+14  5.798772e-01  0.000000e+00  8.059554e-01  4.201228e-01
-6.30000e+00 -8.00000e-01       3.242e+14  4.803169e-01  0.000000e+00  8.680162e-01  5.196831e-01
-5.60000e+00 -8.00000e-01       3.565e+14  3.220108e-01  0.000000e+00  9.012040e-01  6.779892e-01
-4.90000e+00 -8.00000e-01       3.982e+14 -9.096412e-02  0.000000e+00  9.498795e-01  9.090359e-01
-4.20000e+00 -8.00000e-01       4.180e+14 -2.221789e-01  0.000000e+00  9.382176e-01  7.778211e-01
-3.50000e+00 -8.00000e-01       3.298e+14  1.631471e-01  0.000000e+00  2.518084e-02  8.368529e-01
-2.80000e+00 -8.00000e-01       1.521e+15  5.391363e-01  0.000000e+00 -8.111880e-01  4.608637e-01
-2.10000e+00 -8.00000e-01       3.984e+15  5.535226e-01  0.000000e+00 -8.298408e-01  4.464774e-01
-1.40000e+00 -8.00000e-01       3.223e+15  5.623568e-01  0.000000e+00 -8.202106e-01  4.376432e-01
-7.00000e-01 -8.00000e-01       8.646e+14  6.062743e-01  0.000000e+00 -7.496153e-01  3.937257e-01
 0.00000e+00 -8.00000e-01       2.232e+14  7.689603e-01  0.000000e+00 -2.399280e-15  2.310397e-01
 7.00000e-01 -8.00000e-01       8.646e+14  6.062743e-01  0.000000e+00  7.496153e-01  3.937257e-01
 1.40000e+00 -8.00000e-01       3.223e+15  5.623568e-01  0.000000e+00  8.202106e-01  4.376432e-01
 2.10000e+00 -8.00000e-01       3.984e+15  5.535226e-01  0.000000e+00  8.298408e-01  4.464774e-01
 2.80000e+00 -8.00000e-01       1.521e+15  5.391363e-01  0.000000e+00  8.111880e-01  4.608637e-01
 3.50000e+00 -8.00000e-01       3.298e+14  1.631471e-01  0.000000e+00 -2.518084e-02  8.368529e-01
 4.20000e+00 -8.00000e-01       4.180e+14 -2.221789e-01  0.000000e+00 -9.382176e-01  7.778211e-01
 4.90000e+00 -8.00000e-01       3.982e+14 -9.096412e-02  0.000000e+00 -9.498795e-01  9.090359e-01
 5.60000e+00 -8.00000e-01       3.565e+14  3.220108e-01  0.000000e+00 -9.012040e-01  6.779892e-01
 6.30000e+00 -8.00000e-01       3.242e+14  4.803169e-01  0.000000e+00 -8.680162e-01  5.196831e-01
 7.00000e+00 -8.00000e-01       2.027e+14  5.798772e-01  0.000000e+00 -8.059554e-01  4.201228e-01
-7.00000e+00 -4.00000e-01       2.247e+14  8.867203e-01  0.000000e+00  4.577049e-01  1.132797e-01
-6.30000e+00 -4.00000e-01       3.278e+14  8.561403e-01  0.000000e+00  5.116791e-01  1.438597e-01
-5.60000e+00 -4.00000e-01       3.237e+14  7.984228e-01  0.000000e+00  5.780084e-01  2.015772e-01
-4.90000e+00 -4.00000e-01       3.013e+14  6.259639e-01  0.000000e+00  7.555778e-01  3.740361e-01
-4.20000e+00 -4.00000e-01       2.779e+14  5.617268e-01  0.000000e+00  7.921572e-01  4.382732e-01
-3.50000e+00 -4.00000e-01       2.435e+14  6.931385e-01  0.000000e+00 -5.935027e-02  3.068615e-01
-2.80000e+00 -4.00000e-01       1.076e+15  7.852522e-01  0.000000e+00 -6.003609e-01  2.147478e-01
-2.10000e+00 -4.00000e-01       2.299e+15  7.902651e-01  0.000000e+00 -6.095948e-01  2.097349e-01
-1.40000e+00 -4.00000e-01       1.528e+15  7.971263e-01  0.000000e+00 -5.955507e-01  2.028737e-01
-7.00000e-01 -4.00000e-01       3.659e+14  8.336706e-01  0.000000e+00 -5.027546e-01  1.663294e-01
 0.00000e+00 -4.00000e-01       1.121e+14  9.319129e-01  0.000000e+00  2.872308e-15  6.808707e-02
 7.00000e-01 -4.00000e-01       3.659e+14  8.336706e-01  0.000000e+00  5.027546e-01  1.663294e-01
 1.40000e+00 -4.00000e-01       1.528e+15  7.971263e-01  0.000000e+00  5.955507e-01  2.028737e-01
 2.10000e+00 -4.00000e-01       2.299e+15  7.902651e-01  0.000000e+00  6.095948e-01  2.097349e-01
 2.80000e+00 -4.00000e-01       1.076e+15  7.852522e-01  0.000000e+00  6.003609e-01  2.147478e-01
 3.50000e+00 -4.00000e-01       2.435e+14  6.931385e-01  0.000000e+00  5.935027e-02  3.068615e-01
 4.20000e+00 -4.00000e-01       2.779e+14  5.617268e-01  0.000000e+00 -7.921572e-01  4.382732e-01
 4.90000e+00 -4.00000e-01       3.013e+14  6.259639e-01  0.000000e+00 -7.555778e-01  3.740361e-01
 5.60000e+00 -4.00000e-01       3.237e+14  7.984228e-01  0.000000e+00 -5.780084e-01  2.015772e-01
 6.30000e+00 -4.00000e-01       3.278e+14  8.561403e-01  0.000000e+00 -5.116791e-01  1.438597e-01
 7.00000e+00 -4.00000e-01       2.247e+14  8.867203e-01  0.000000e+00 -4.577049e-01  1.132797e-01
-7.00000e+00  0.00000e+00       1.868e+14  9.996828e-01  0.000000e+00  3.263039e-07  3.171561e-04
-6.30000e+00  0.00000e+00       2.663e+14  9.996937e-01  0.000000e+00  6.730598e-07  3.063005e-04
-5.60000e+00  0.00000e+00       2.606e+14  9.995994e-01  0.000000e+00  9.485367e-07  4.005850e-04
-4.90000e+00  0.00000e+00       2.493e+14  9.993097e-01  0.000000e+00  2.129803e-06  6.902826e-04
-4.20000e+00  0.00000e+00       2.287e+14  9.990948e-01  0.000000e+00  6.779268e-06  9.051902e-04
-3.50000e+00  0.00000e+00       2.053e+14  9.994038e-01  0.000000e+00  5.213216e-06  5.961724e-04
-2.80000e+00  0.00000e+00       8.774e+14  9.996927e-01  0.000000e+00  6.469938e-08  3.072911e-04
-2.10000e+00  0.00000e+00       1.758e+15  9.996050e-01  0.000000e+00 -2.789580e-08  3.949748e-04
-1.40000e+00  0.00000e+00       1.106e+15  9.994453e-01  0.000000e+00 -6.067460e-08  5.547068e-04
-7.00000e-01  0.00000e+00       2.770e+14  9.997205e-01  0.000000e+00 -3.380688e-07  2.795266e-04
 0.00000e+00  0.00000e+00       1.165e+14  9.986087e-01  0.000000e+00  5.638206e-17  1.391313e-03
 7.00000e-01  0.00000e+00       2.770e+14  9.997205e-01  0.000000e+00  3.380688e-07  2.795266e-04
 1.40000e+00  0.00000e+00       1.106e+15  9.994453e-01  0.000000e+00  6.067460e-08  5.547068e-04
 2.10000e+00  0.00000e+00       1.758e+15  9.996050e-01  0.000000e+00  2.789580e-08  3.949748e-04
 2.80000e+00  0.00000e+00       8.774e+14  9.996927e-01  0.000000e+00 -6.469938e-08  3.072911e-04
 3.50000e+00  0.00000e+00       2.053e+14  9.994038e-01  0.000000e+00 -5.213216e-06  5.961724e-04
 4.20000e+00  0.00000e+00       2.287e+14  9.990948e-01  0.000000e+00 -6.779268e-06  9.051902e-04
 4.90000e+00  0.00000e+00       2.493e+14  9.993097e-01  0.000000e+00 -2.129803e-06  6.902826e-04
 5.60000e+00  0.00000e+00       2.606e+14  9.995994e-01  0.000000e+00 -9.485367e-07  4.005850e-04
 6.30000e+00  0.00000e+00       2.663e+14  9.996937e-01  0.000000e+00 -6.730598e-07  3.063005e-04
 7.00000e+00  0.00000e+00       1.868e+14  9.996828e-01  0.000000e+00 -3.263039e-07  3.171561e-04
-7.00000e+00  4.00000e-01       2.247e+14  8.867202e-01  0.000000e+00 -4.577043e-01  1.132798e-01
-6.30000e+00  4.00000e-01       3.278e+14  8.561401e-01  0.000000e+00 -5.116779e-01  1.438599e-01
-5.60000e+00  4.00000e-01       3.237e+14  7.984226e-01  0.000000e+00 -5.780067e-01  2.015774e-01
-4.90000e+00  4.00000e-01       3.013e+14  6.259638e-01  0.000000e+00 -7.555739e-01  3.740362e-01
-4.20000e+00  4.00000e-01       2.779e+14  5.617267e-01  0.000000e+00 -7.921450e-01  4.382733e-01
-3.50000e+00  4.00000e-01       2.435e+14  6.931380e-01  0.000000e+00  5.935921e-02  3.068620e-01
-2.80000e+00  4.00000e-01       1.076e+15  7.852521e-01  0.000000e+00  6.003611e-01  2.147479e-01
-2.10000e+00  4.00000e-01       2.299e+15  7.902651e-01  0.000000e+00  6.095948e-01  2.097349e-01
-1.40000e+00  4.00000e-01       1.528e+15  7.971262e-01  0.000000e+00  5.955506e-01  2.028738e-01
-7.00000e-01  4.00000e-01       3.659e+14  8.336705e-01  0.000000e+00  5.027540e-01  1.663295e-01
 0.00000e+00  4.00000e-01       1.121e+14  9.319120e-01  0.000000e+00 -2.852461e-15  6.808795e-02
 7.00000e-01  4.00000e-01       3.659e+14  8.336705e-01  0.000000e+00 -5.027540e-01  1.663295e-01
 1.40000e+00  4.00000e-01       1.528e+15  7.971262e-01  0.000000e+00 -5.955506e-01  2.028738e-01
 2.10000e+00  4.00000e-01       2.299e+15  7.902651e-01  0.000000e+00 -6.095948e-01  2.097349e-01
 2.80000e+00  4.00000e-01       1.076e+15  7.852521e-01  0.000000e+00 -6.003611e-01  2.147479e-01
 3.50000e+00  4.00000e-01       2.435e+14  6.931380e-01  0.000000e+00 -5.935921e-02  3.068620e-01
 4.20000e+00  4.00000e-01       2.779e+14  5.617267e-01  0.000000e+00  7.921450e-01  4.382733e-01
 4.90000e+00  4.00000e-01       3.013e+14  6.259638e-01  0.000000e+00  7.555739e-01  3.740362e-01
 5.60000e+00  4.00000e-01       3.237e+14  7.984226e-01  0.000000e+00  5.780067e-01  2.015774e-01
 6.30000e+00  4.00000e-01       3.278e+14  8.561401e-01  0.000000e+00  5.116779e-01  1.438599e-01
 7.00000e+00  4.00000e-01       2.247e+14  8.867202e-01  0.000000e+00  4.577043e-01  1.132798e-01
-7.00000e+00  8.00000e-01       2.027e+14  5.798770e-01  0.000000e+00 -8.059546e-01  4.201230e-01
-6.30000e+00  8.00000e-01       3.242e+14  4.803166e-01  0.000000e+00 -8.680147e-01  5.196834e-01
-5.60000e+00  8.00000e-01       3.565e+14  3.220106e-01  0.000000e+00 -9.012021e-01  6.779894e-01
-4.90000e+00  8.00000e-01       3.982e+14 -9.096376e-02  0.000000e+00 -9.498759e-01  9.090362e-01
-4.20000e+00  8.00000e-01       4.180e+14 -2.221778e-01  0.000000e+00 -9.382082e-01  7.778222e-01
-3.50000e+00  8.00000e-01       3.298e+14  1.631467e-01  0.000000e+00 -2.517383e-02  8.368533e-01
-2.80000e+00  8.00000e-01       1.521e+15  5.391362e-01  0.000000e+00  8.111882e-01  4.608638e-01
-2.10000e+00  8.00000e-01       3.984e+15  5.535226e-01  0.000000e+00  8.298408e-01  4.464774e-01
-1.40000e+00  8.00000e-01       3.223e+15  5.623568e-01  0.000000e+00  8.202106e-01  4.376432e-01
-7.00000e-01  8.00000e-01       8.646e+14  6.062742e-01  0.000000e+00  7.496150e-01  3.937258e-01
 0.00000e+00  8.00000e-01       2.232e+14  7.689595e-01  0.000000e+00  8.643526e-17  2.310405e-01
 7.00000e-01  8.00000e-01       8.646e+14  6.062742e-01  0.000000e+00 -7.496150e-01  3.937258e-01
 1.40000e+00  8.00000e-01       3.223e+15  5.623568e-01  0.000000e+00 -8.202106e-01  4.376432e-01
 2.10000e+00  8.00000e-01       3.984e+15  5.535226e-01  0.000000e+00 -8.298408e-01  4.464774e-01
 2.80000e+00  8.00000e-01       1.521e+15  5.391362e-01  0.000000e+00 -8.111882e-01  4.608638e-01
 3.50000e+00  8.00000e-01       3.298e+14  1.631467e-01  0.000000e+00  2.517383e-02  8.368533e-01
 4.20000e+00  8.00000e-01       4.180e+14 -2.221778e-01  0.000000e+00  9.382082e-01  7.778222e-01
 4.90000e+00  8.00000e-01       3.982e+14 -9.096376e-02  0.000000e+00  9.498759e-01  9.090362e-01
 5.60000e+00  8.00000e-01       3.565e+14  3.220106e-01  0.000000e+00  9.012021e-01  6.779894e-01
 6.30000e+00  8.00000e-01       3.242e+14  4.803166e-01  0.000000e+00  8.680147e-01  5.196834e-01
 7.00000e+00  8.00000e-01       2.027e+14  5.798770e-01  0.000000e+00  8.059546e-01  4.201230e-01
-7.00000e+00  1.20000e+00       8.549e+12  1.695720e-01  0.000000e+00 -9.669763e-01  8.304280e-01
-6.30000e+00  1.20000e+00       1.472e+13 -1.334470e-03  0.000000e+00 -9.765651e-01  9.986655e-01
-5.60000e+00  1.20000e+00       2.110e+13 -2.649538e-01  0.000000e+00 -8.832634e-01  7.350462e-01
-4.90000e+00  1.20000e+00       3.689e+13 -6.479420e-01  0.000000e+00 -6.865076e-01  3.520580e-01
-4.20000e+00  1.20000e+00       4.768e+13 -7.326389e-01  0.000000e+00 -5.720453e-01  2.673611e-01
-3.50000e+00  1.20000e+00       4.610e+13 -1.574515e-01  0.000000e+00  2.035038e-01  8.425485e-01
-2.80000e+00  1.20000e+00       2.666e+14  4.668445e-01  0.000000e+00  8.372293e-01  5.331555e-01
-2.10000e+00  1.20000e+00       9.857e+14  5.222760e-01  0.000000e+00  8.379968e-01  4.777240e-01
-1.40000e+00  1.20000e+00       1.222e+15  5.624732e-01  0.000000e+00  8.031157e-01  4.375268e-01
-7.00000e-01  1.20000e+00       5.965e+14  6.691747e-01  0.000000e+00  6.379562e-01  3.308253e-01
 0.00000e+00  1.20000e+00       3.163e+14  8.450141e-01  0.000000e+00  7.350279e-15  1.549859e-01
 7.00000e-01  1.20000e+00       5.965e+14  6.691747e-01  0.000000e+00 -6.379562e-01  3.308253e-01
 1.40000e+00  1.20000e+00       1.222e+15  5.624732e-01  0.000000e+00 -8.031157e-01  4.375268e-01
 2.10000e+00  1.20000e+00       9.857e+14  5.222760e-01  0.000000e+00 -8.379968e-01  4.777240e-01
 2.80000e+00  1.20000e+00       2.666e+14  4.668445e-01  0.000000e+00 -8.372293e-01  5.331555e-01
 3.50000e+00  1.20000e+00       4.610e+13 -1.574515e-01  0.000000e+00 -2.035038e-01  8.425485e-01
 4.20000e+00  1.20000e+00       4.768e+13 -7.326389e-01  0.000000e+00  5.720453e-01  2.673611e-01
 4.90000e+00  1.20000e+00       3.689e+13 -6.479420e-01  0.000000e+00  6.865076e-01  3.520580e-01
 5.60000e+00  1.20000e+00       2.110e+13 -2.649538e-01  0.000000e+00  8.832634e-01  7.350462e-01
 6.30000e+00  1.20000e+00       1.472e+13 -1.334470e-03  0.000000e+00  9.765651e-01  9.986655e-01
 7.00000e+00  1.20000e+00       8.549e+12  1.695720e-01  0.000000e+00  9.669763e-01  8.304280e-01
-7.00000e+00  1.60000e+00       2.093e+14 -2.120326e-01  0.000000e+00 -9.601699e-01  7.879674e-01
-6.30000e+00  1.60000e+00       3.334e+14 -4.084247e-01  0.000000e+00 -8.920826e-01  5.915753e-01
-5.60000e+00  1.60000e+00       4.343e+14 -5.693122e-01  0.000000e+00 -7.418952e-01  4.306878e-01
-4.90000e+00  1.60000e+00       6.381e+14 -8.786859e-01  0.000000e+00 -2.970370e-01  1.213141e-01
-4.20000e+00  1.60000e+00       9.616e+14 -9.794018e-01  0.000000e+00 -1.430953e-01  2.059818e-02
-3.50000e+00  1.60000e+00       5.852e+14 -8.634136e-01  0.000000e+00 -5.886575e-02  1.365864e-01
-2.80000e+00  1.60000e+00       1.138e+15  5.317518e-01  0.000000e+00  6.685297e-01  4.682482e-01
-2.10000e+00  1.60000e+00       7.729e+15  6.755127e-01  0.000000e+00  7.333941e-01  3.244873e-01
-1.40000e+00  1.60000e+00       1.742e+16  6.813692e-01  0.000000e+00  7.295717e-01  3.186308e-01
-7.00000e-01  1.60000e+00       1.210e+16  6.867860e-01  0.000000e+00  7.047435e-01  3.132140e-01
 0.00000e+00  1.60000e+00       5.020e+15  6.948505e-01  0.000000e+00  1.023615e-14  3.051495e-01
 7.00000e-01  1.60000e+00       1.210e+16  6.867860e-01  0.000000e+00 -7.047435e-01  3.132140e-01
 1.40000e+00  1.60000e+00       1.742e+16  6.813692e-01  0.000000e+00 -7.295717e-01  3.186308e-01
 2.10000e+00  1.60000e+00       7.729e+15  6.755127e-01  0.000000e+00 -7.333941e-01  3.244873e-01
 2.80000e+00  1.60000e+00       1.138e+15  5.317518e-01  0.000000e+00 -6.685297e-01  4.682482e-01
 3.50000e+00  1.60000e+00       5.852e+14 -8.634136e-01  0.000000e+00  5.886575e-02  1.365864e-01
 4.20000e+00  1.60000e+00       9.616e+14 -9.794018e-01  0.000000e+00  1.430953e-01  2.059818e-02
 4.90000e+00  1.60000e+00       6.381e+14 -8.786859e-01  0.000000e+00  2.970370e-01  1.213141e-01
 5.60000e+00  1.60000e+00       4.343e+14 -5.693122e-01  0.000000e+00  7.418952e-01  4.306878e-01
 6.30000e+00  1.60000e+00       3.334e+14 -4.084247e-01  0.000000e+00  8.920826e-01  5.915753e-01
 7.00000e+00  1.60000e+00       2.093e+14 -2.120326e-01  0.000000e+00  9.601699e-01  7.879674e-01
-7.00000e+00  2.00000e+00       1.077e+13 -6.119510e-01  0.000000e+00 -7.458334e-01  3.880490e-01
-6.30000e+00  2.00000e+00       2.987e+13 -7.896971e-01  0.000000e+00 -5.610478e-01  2.103029e-01
-5.60000e+00  2.00000e+00       7.511e+13 -8.777945e-01  0.000000e+00 -2.083832e-01  1.222055e-01
-4.90000e+00  2.00000e+00       2.705e+14 -9.392516e-01  0.000000e+00  2.315512e-01  6.074836e-02
-4.20000e+00  2.00000e+00       6.140e+14 -9.460597e-01  0.000000e+00  3.071884e-01  5.394030e-02
-3.50000e+00  2.00000e+00       4.615e+14 -9.310474e-01  0.000000e+00  3.224722e-01  6.895256e-02
-2.80000e+00  2.00000e+00       2.205e+14  6.798344e-03  0.000000e+00  3.682673e-01  9.932017e-01
-2.10000e+00  2.00000e+00       2.927e+15  9.319065e-01  0.000000e+00  3.194148e-01  6.809345e-02
-1.40000e+00  2.00000e+00       2.663e+16  9.499858e-01  0.000000e+00  2.742942e-01  5.001416e-02
-7.00000e-01  2.00000e+00       8.632e+16  9.566261e-01  0.000000e+00  1.833606e-01  4.337389e-02
 0.00000e+00  2.00000e+00       1.211e+17  9.595177e-01  0.000000e+00 -2.562731e-15  4.048235e-02
 7.00000e-01  2.00000e+00       8.632e+16  9.566261e-01  0.000000e+00 -1.833606e-01  4.337389e-02
 1.40000e+00  2.00000e+00       2.663e+16  9.499858e-01  0.000000e+00 -2.742942e-01  5.001416e-02
 2.10000e+00  2.00000e+00       2.927e+15  9.319065e-01  0.000000e+00 -3.194148e-01  6.809345e-02
 2.80000e+00  2.00000e+00       2.205e+14  6.798344e-03  0.000000e+00 -3.682673e-01  9.932017e-01
 3.50000e+00  2.00000e+00       4.615e+14 -9.310474e-01  0.000000e+00 -3.224722e-01  6.895256e-02
 4.20000e+00  2.00000e+00       6.140e+14 -9.460597e-01  0.000000e+00 -3.071884e-01  5.394030e-02
 4.90000e+00  2.00000e+00       2.705e+14 -9.392516e-01  0.000000e+00 -2.315512e-01  6.074836e-02
 5.60000e+00  2.00000e+00       7.511e+13 -8.777945e-01  0.000000e+00  2.083832e-01  1.222055e-01
 6.30000e+00  2.00000e+00       2.987e+13 -7.896971e-01  0.000000e+00  5.610478e-01  2.103029e-01
 7.00000e+00  2.00000e+00       1.077e+13 -6.119510e-01  0.000000e+00  7.458334e-01  3.880490e-01
-7.00000e+00  2.40000e+00       1.904e+14 -8.080816e-01  0.000000e+00 -5.546456e-01  1.919184e-01
-6.30000e+00  2.40000e+00       3.352e+14 -9.171205e-01  0.000000e+00 -3.220848e-01  8.287946e-02
-5.60000e+00  2.40000e+00       5.409e+14 -9.604205e-01  0.000000e+00 -1.433672e-01  3.957954e-02
-4.90000e+00  2.40000e+00       7.039e+14 -8.389360e-01  0.000000e+00  2.963730e-01  1.610640e-01
-4.20000e+00  2.40000e+00       1.498e+15 -7.235720e-01  0.000000e+00  6.631344e-01  2.764280e-01
-3.50000e+00  2.40000e+00       1.640e+15 -7.087473e-01  0.000000e+00  7.010004e-01  2.912527e-01
-2.80000e+00  2.40000e+00       5.709e+14 -6.880717e-01  0.000000e+00  7.067622e-01  3.119283e-01
-2.10000e+00  2.40000e+00       8.418e+13 -3.108844e-01  0.000000e+00  6.947275e-01  6.891156e-01
-1.40000e+00  2.40000e+00       7.054e+13  7.460285e-01  0.000000e+00  4.675070e-01  2.539715e-01
-7.00000e-01  2.40000e+00       1.497e+14  9.080615e-01  0.000000e+00  2.107531e-01  9.193845e-02
 0.00000e+00  2.40000e+00       2.052e+14  9.481743e-01  0.000000e+00  7.423839e-16  5.182570e-02
 7.00000e-01  2.40000e+00       1.497e+14  9.080615e-01  0.000000e+00 -2.107531e-01  9.193845e-02
 1.40000e+00  2.40000e+00       7.054e+13  7.460285e-01  0.000000e+00 -4.675070e-01  2.539715e-01
 2.10000e+00  2.40000e+00       8.418e+13 -3.108844e-01  0.000000e+00 -6.947275e-01  6.891156e-01
 2.80000e+00  2.40000e+00       5.709e+14 -6.880717e-01  0.000000e+00 -7.067622e-01  3.119283e-01
 3.50000e+00  2.40000e+00       1.640e+15 -7.087473e-01  0.000000e+00 -7.010004e-01  2.912527e-01
 4.20000e+00  2.40000e+00       1.498e+15 -7.235720e-01  0.000000e+00 -6.631344e-01  2.764280e-01
 4.90000e+00  2.40000e+00       7.039e+14 -8.389360e-01  0.000000e+00 -2.963730e-01  1.610640e-01
 5.60000e+00  2.40000e+00       5.409e+14 -9.604205e-01  0.000000e+00  1.433672e-01  3.957954e-02
 6.30000e+00  2.40000e+00       3.352e+14 -9.171205e-01  0.000000e+00  3.220848e-01  8.287946e-02
 7.00000e+00  2.40000e+00       1.904e+14 -8.080816e-01  0.000000e+00  5.546456e-01  1.919184e-01
-7.00000e+00  2.80000e+00       1.694e+14 -9.503315e-01  0.000000e+00 -2.470953e-01  4.966850e-02
-6.30000e+00  2.80000e+00       3.002e+14 -9.659046e-01  0.000000e+00  6.252040e-03  3.409541e-02
-5.60000e+00  2.80000e+00       5.441e+14 -9.565395e-01  0.000000e+00  2.207499e-01  4.346048e-02
-4.90000e+00  2.80000e+00       6.679e+14 -7.779251e-01  0.000000e+00  4.578870e-01  2.220749e-01
-4.20000e+00  2.80000e+00       1.400e+15 -4.050809e-01  0.000000e+00  8.733122e-01  5.949191e-01
-3.50000e+00  2.80000e+00       2.382e+15 -3.478275e-01  0.000000e+00  9.341461e-01  6.521725e-01
-2.80000e+00  2.80000e+00       1.337e+15 -3.378276e-01  0.000000e+00  9.368611e-01  6.621724e-01
-2.10000e+00  2.80000e+00       2.400e+14 -2.803036e-01  0.000000e+00  9.201768e-01  7.196964e-01
-1.40000e+00  2.80000e+00       3.093e+13  2.800331e-01  0.000000e+00  6.815111e-01  7.199669e-01
-7.00000e-01  2.80000e+00       1.581e+13  6.229399e-01  0.000000e+00  3.753982e-01  3.770601e-01
 0.00000e+00  2.80000e+00       1.147e+13  5.764541e-01  0.000000e+00  1.565467e-14  4.235459e-01
 7.00000e-01  2.80000e+00       1.581e+13  6.229399e-01  0.000000e+00 -3.753982e-01  3.770601e-01
 1.40000e+00  2.80000e+00       3.093e+13  2.800331e-01  0.000000e+00 -6.815111e-01  7.199669e-01
 2.10000e+00  2.80000e+00       2.400e+14 -2.803036e-01  0.000000e+00 -9.201768e-01  7.196964e-01
 2.80000e+00  2.80000e+00       1.337e+15 -3.378276e-01  0.000000e+00 -9.368611e-01  6.621724e-01
 3.50000e+00  2.80000e+00       2.382e+15 -3.478275e-01  0.000000e+00 -9.341461e-01  6.521725e-01
 4.20000e+00  2.80000e+00       1.400e+15 -4.050809e-01  0.000000e+00 -8.733122e-01  5.949191e-01
 4.90000e+00  2.80000e+00       6.679e+14 -7.779251e-01  0.000000e+00 -4.578870e-01  2.220749e-01
 5.60000e+00  2.80000e+00       5.441e+14 -9.565395e-01  0.000000e+00 -2.207499e-01  4.346048e-02
 6.30000e+00  2.80000e+00       3.002e+14 -9.659046e-01  0.000000e+00 -6.252040e-03  3.409541e-02
 7.00000e+00  2.80000e+00       1.694e+14 -9.503315e-01  0.000000e+00  2.470953e-01  4.966850e-02
-7.00000e+00  3.20000e+00       1.413e+14 -9.796755e-01  0.000000e+00  8.380304e-02  2.032451e-02
-6.30000e+00  3.20000e+00       2.528e+14 -9.159393e-01  0.000000e+00  2.996557e-01  8.406069e-02
-5.60000e+00  3.20000e+00       4.922e+14 -8.083661e-01  0.000000e+00  5.548205e-01  1.916339e-01
-4.90000e+00  3.20000e+00       6.612e+14 -6.987965e-01  0.000000e+00  6.521569e-01  3.012035e-01
-4.20000e+00  3.20000e+00       9.801e+14 -1.154722e-01  0.000000e+00  8.997865e-01  8.845278e-01
-3.50000e+00  3.20000e+00       2.575e+15  1.013331e-01  0.000000e+00  9.882323e-01  8.986669e-01
-2.80000e+00  3.20000e+00       2.664e+15  1.156166e-01  0.000000e+00  9.913288e-01  8.843834e-01
-2.10000e+00  3.20000e+00       8.487e+14  1.272846e-01  0.000000e+00  9.837377e-01  8.727154e-01
-1.40000e+00  3.20000e+00       9.381e+13  2.158248e-01  0.000000e+00  8.904235e-01  7.841752e-01
-7.00000e-01  3.20000e+00       1.367e+13  6.019723e-01  0.000000e+00  3.208043e-01  3.980277e-01
 0.00000e+00  3.20000e+00       9.759e+12  6.763662e-01  0.000000e+00 -1.791422e-14  3.236338e-01
 7.00000e-01  3.20000e+00       1.367e+13  6.019723e-01  0.000000e+00 -3.208043e-01  3.980277e-01
 1.40000e+00  3.20000e+00       9.381e+13  2.158248e-01  0.000000e+00 -8.904235e-01  7.841752e-01
 2.10000e+00  3.20000e+00       8.487e+14  1.272846e-01  0.000000e+00 -9.837377e-01  8.727154e-01
 2.80000e+00  3.20000e+00       2.664e+15  1.156166e-01  0.000000e+00 -9.913288e-01  8.843834e-01
 3.50000e+00  3.20000e+00       2.575e+15  1.013331e-01  0.000000e+00 -9.882323e-01  8.986669e-01
 4.20000e+00  3.20000e+00       9.801e+14 -1.154722e-01  0.000000e+00 -8.997865e-01  8.845278e-01
 4.90000e+00  3.20000e+00       6.612e+14 -6.987965e-01  0.000000e+00 -6.521569e-01  3.012035e-01
 5.60000e+00  3.20000e+00       4.922e+14 -8.083661e-01  0.000000e+00 -5.548205e-01  1.916339e-01
 6.30000e+00  3.20000e+00       2.528e+14 -9.159393e-01  0.000000e+00 -2.996557e-01  8.406069e-02
 7.00000e+00  3.20000e+00       1.413e+14 -9.796755e-01  0.000000e+00 -8.380304e-02  2.032451e-02
-7.00000e+00  3.60000e+00       1.074e+14 -8.959370e-01  0.000000e+00  4.017262e-01  1.040630e-01
-6.30000e+00  3.60000e+00       2.020e+14 -7.943944e-01  0.000000e+00  5.575618e-01  2.056056e-01
-5.60000e+00  3.60000e+00       3.776e+14 -5.602318e-01  0.000000e+00  7.882527e-01  4.397682e-01
-4.90000e+00  3.60000e+00       6.501e+14 -4.495081e-01  0.000000e+00  8.799145e-01  5.504919e-01
-4.20000e+00  3.60000e+00       6.204e+14 -1.122948e-01  0.000000e+00  8.613026e-01  8.877052e-01
-3.50000e+00  3.60000e+00       1.626e+15  5.508937e-01  0.000000e+00  7.988570e-01  4.491063e-01
-2.80000e+00  3.60000e+00       3.611e+15  6.079699e-01  0.000000e+00  7.913026e-01  3.920301e-01
-2.10000e+00  3.60000e+00       2.550e+15  6.129267e-01  0.000000e+00  7.866517e-01  3.870733e-01
-1.40000e+00  3.60000e+00       5.529e+14  6.196481e-01  0.000000e+00  7.669593e-01  3.803519e-01
-7.00000e-01  3.60000e+00       4.298e+13  5.990175e-01  0.000000e+00  6.076893e-01  4.009825e-01
 0.00000e+00  3.60000e+00       6.580e+12  1.667445e-01  0.000000e+00  3.615381e-14  8.332555e-01
 7.00000e-01  3.60000e+00       4.298e+13  5.990175e-01  0.000000e+00 -6.076893e-01  4.009825e-01
 1.40000e+00  3.60000e+00       5.529e+14  6.196481e-01  0.000000e+00 -7.669593e-01  3.803519e-01
 2.10000e+00  3.60000e+00       2.550e+15  6.129267e-01  0.000000e+00 -7.866517e-01  3.870733e-01
 2.80000e+00  3.60000e+00       3.611e+15  6.079699e-01  0.000000e+00 -7.913026e-01  3.920301e-01
 3.50000e+00  3.60000e+00       1.626e+15  5.508937e-01  0.000000e+00 -7.988570e-01  4.491063e-01
 4.20000e+00  3.60000e+00       6.204e+14 -1.122948e-01  0.000000e+00 -8.613026e-01  8.877052e-01
 4.90000e+00  3.60000e+00       6.501e+14 -4.495081e-01  0.000000e+00 -8.799145e-01  5.504919e-01
 5.60000e+00  3.60000e+00       3.776e+14 -5.602318e-01  0.000000e+00 -7.882527e-01  4.397682e-01
 6.30000e+00  3.60000e+00       2.020e+14 -7.943944e-01  0.000000e+00 -5.575618e-01  2.056056e-01
 7.00000e+00  3.60000e+00       1.074e+14 -8.959370e-01  0.000000e+00 -4.017262e-01  1.040630e-01
-7.00000e+00  4.00000e+00       7.732e+13 -7.197532e-01  0.000000e+00  6.613729e-01  2.802468e-01
-6.30000e+00  4.00000e+00       1.579e+14 -5.852037e-01  0.000000e+00  7.867221e-01  4.147963e-01
-5.60000e+00  4.00000e+00       2.609e+14 -3.079663e-01  0.000000e+00  8.974057e-01  6.920337e-01
-4.90000e+00  4.00000e+00       5.484e+14 -4.843132e-02  0.000000e+00  9.853745e-01  9.515687e-01
-4.20000e+00  4.00000e+00       6.210e+14  9.947039e-03  0.000000e+00  9.826924e-01  9.900530e-01
-3.50000e+00  4.00000e+00       4.951e+14  5.474265e-01  0.000000e+00  5.452391e-01  4.525735e-01
-2.80000e+00  4.00000e+00       1.995e+15  9.691725e-01  0.000000e+00  1.916960e-01  3.082753e-02
-2.10000e+00  4.00000e+00       4.247e+15  9.819907e-01  0.000000e+00  1.756702e-01  1.800932e-02
-1.40000e+00  4.00000e+00       2.771e+15  9.816385e-01  0.000000e+00  1.674008e-01  1.836153e-02
-7.00000e-01  4.00000e+00       5.548e+14  9.690383e-01  0.000000e+00  1.486074e-01  3.096166e-02
 0.00000e+00  4.00000e+00       7.318e+13  8.431037e-01  0.000000e+00 -1.393522e-15  1.568963e-01
 7.00000e-01  4.00000e+00       5.548e+14  9.690383e-01  0.000000e+00 -1.486074e-01  3.096166e-02
 1.40000e+00  4.00000e+00       2.771e+15  9.816385e-01  0.000000e+00 -1.674008e-01  1.836153e-02
 2.10000e+00  4.00000e+00       4.247e+15  9.819907e-01  0.000000e+00 -1.756702e-01  1.800932e-02
 2.80000e+00  4.00000e+00       1.995e+15  9.691725e-01  0.000000e+00 -1.916960e-01  3.082753e-02
 3.50000e+00  4.00000e+00       4.951e+14  5.474265e-01  0.000000e+00 -5.452391e-01  4.525735e-01
 4.20000e+00  4.00000e+00       6.210e+14  9.947039e-03  0.000000e+00 -9.826924e-01  9.900530e-01
 4.90000e+00  4.00000e+00       5.484e+14 -4.843132e-02  0.000000e+00 -9.853745e-01  9.515687e-01
 5.60000e+00  4.00000e+00       2.609e+14 -3.079663e-01  0.000000e+00 -8.974057e-01  6.920337e-01
 6.30000e+00  4.00000e+00       1.579e+14 -5.852037e-01  0.000000e+00 -7.867221e-01  4.147963e-01
 7.00000e+00  4.00000e+00       7.732e+13 -7.197532e-01  0.000000e+00 -6.613729e-01  2.802468e-01
