 EB(GeV)    EMITTANCEx EMITTANCEy SIZEx(m)   SIZEy(m)   DIVx(rad)  DIVy(rad)
 2.411e+00  5.499e-09  1.017e-12  8.711e-05  1.009e-06  6.313e-05  1.009e-06
 betax      alphax     betay      alphay     eta        deta       E_spread  
 1.380e+00  0.000e+00  1.000e+00  0.000e+00  0.000e+00  0.000e+00  8.600e-04
 Ibeam(A)   period(cm) #periods   Kx         Ky         Energy(eV)
 4.005e-01  1.900e+00         96  0.000e+00  1.780e+00  8.369e+03


           x            y       F.Density            PL            PC          PL45        1-|PL|
          mm           mm  ph/s/mr^2/0.1%             -             -             -             -
-7.00000e+00 -4.00000e+00       8.649e+07 -7.301719e-01  0.000000e+00 -2.150633e-01  2.698281e-01
-6.30000e+00 -4.00000e+00       2.558e+08 -6.182228e-01  0.000000e+00 -3.504952e-01  3.817772e-01
-5.60000e+00 -4.00000e+00       5.445e+08 -4.082273e-01  0.000000e+00 -5.147837e-01  5.917727e-01
-4.90000e+00 -4.00000e+00       1.027e+09 -1.921223e-01  0.000000e+00 -6.111446e-01  8.078777e-01
-4.20000e+00 -4.00000e+00       1.700e+09  3.681758e-03  0.000000e+00 -6.156169e-01  9.963182e-01
-3.50000e+00 -4.00000e+00       2.720e+09  2.395050e-01  0.000000e+00 -5.065846e-01  7.604950e-01
-2.80000e+00 -4.00000e+00       4.871e+09  5.761489e-01  0.000000e+00 -3.504415e-01  4.238511e-01
-2.10000e+00 -4.00000e+00       1.094e+10  9.794130e-01  0.000000e+00 -4.610324e-01  2.058702e-02
-1.40000e+00 -4.00000e+00       1.667e+10  8.313482e-01  0.000000e+00 -8.575674e-01  1.686518e-01
-7.00000e-01 -4.00000e+00       1.087e+10 -6.388141e-01  0.000000e+00 -1.162451e+00  3.611859e-01
 0.00000e+00 -4.00000e+00       2.887e+10 -2.647316e-01  0.000000e+00 -8.406159e-15  7.352684e-01
 7.00000e-01 -4.00000e+00       1.087e+10 -6.388141e-01  0.000000e+00  1.162451e+00  3.611859e-01
 1.40000e+00 -4.00000e+00       1.667e+10  8.313482e-01  0.000000e+00  8.575674e-01  1.686518e-01
 2.10000e+00 -4.00000e+00       1.094e+10  9.794130e-01  0.000000e+00  4.610324e-01  2.058702e-02
 2.80000e+00 -4.00000e+00       4.871e+09  5.761489e-01  0.000000e+00  3.504415e-01  4.238511e-01
 3.50000e+00 -4.00000e+00       2.720e+09  2.395050e-01  0.000000e+00  5.065846e-01  7.604950e-01
 4.20000e+00 -4.00000e+00       1.700e+09  3.681758e-03  0.000000e+00  6.156169e-01  9.963182e-01
 4.90000e+00 -4.00000e+00       1.027e+09 -1.921223e-01  0.000000e+00  6.111446e-01  8.078777e-01
 5.60000e+00 -4.00000e+00       5.445e+08 -4.082273e-01  0.000000e+00  5.147837e-01  5.917727e-01
 6.30000e+00 -4.00000e+00       2.558e+08 -6.182228e-01  0.000000e+00  3.504952e-01  3.817772e-01
 7.00000e+00 -4.00000e+00       8.649e+07 -7.301719e-01  0.000000e+00  2.150633e-01  2.698281e-01
-7.00000e+00 -3.60000e+00       1.423e+08 -7.553652e-01  0.000000e+00 -1.686316e-02  2.446348e-01
-6.30000e+00 -3.60000e+00       3.314e+08 -6.295579e-01  0.000000e+00 -2.598011e-01  3.704421e-01
-5.60000e+00 -3.60000e+00       7.226e+08 -3.928080e-01  0.000000e+00 -4.803802e-01  6.071920e-01
-4.90000e+00 -3.60000e+00       1.541e+09 -1.453238e-01  0.000000e+00 -5.625696e-01  8.546762e-01
-4.20000e+00 -3.60000e+00       3.028e+09  5.942424e-02  0.000000e+00 -5.027049e-01  9.405758e-01
-3.50000e+00 -3.60000e+00       5.808e+09  2.670493e-01  0.000000e+00 -3.421421e-01  7.329507e-01
-2.80000e+00 -3.60000e+00       1.188e+10  4.936479e-01  0.000000e+00 -2.285291e-01  5.063521e-01
-2.10000e+00 -3.60000e+00       2.606e+10  7.261353e-01  0.000000e+00 -3.775792e-01  2.738647e-01
-1.40000e+00 -3.60000e+00       4.110e+10  8.285871e-01  0.000000e+00 -5.859136e-01  1.714129e-01
-7.00000e-01 -3.60000e+00       3.777e+10  6.454925e-01  0.000000e+00 -4.385794e-01  3.545075e-01
 0.00000e+00 -3.60000e+00       3.610e+10 -1.159205e-01  0.000000e+00 -6.386075e-15  8.840795e-01
 7.00000e-01 -3.60000e+00       3.777e+10  6.454925e-01  0.000000e+00  4.385794e-01  3.545075e-01
 1.40000e+00 -3.60000e+00       4.110e+10  8.285871e-01  0.000000e+00  5.859136e-01  1.714129e-01
 2.10000e+00 -3.60000e+00       2.606e+10  7.261353e-01  0.000000e+00  3.775792e-01  2.738647e-01
 2.80000e+00 -3.60000e+00       1.188e+10  4.936479e-01  0.000000e+00  2.285291e-01  5.063521e-01
 3.50000e+00 -3.60000e+00       5.808e+09  2.670493e-01  0.000000e+00  3.421421e-01  7.329507e-01
 4.20000e+00 -3.60000e+00       3.028e+09  5.942424e-02  0.000000e+00  5.027049e-01  9.405758e-01
 4.90000e+00 -3.60000e+00       1.541e+09 -1.453238e-01  0.000000e+00  5.625696e-01  8.546762e-01
 5.60000e+00 -3.60000e+00       7.226e+08 -3.928080e-01  0.000000e+00  4.803802e-01  6.071920e-01
 6.30000e+00 -3.60000e+00       3.314e+08 -6.295579e-01  0.000000e+00  2.598011e-01  3.704421e-01
 7.00000e+00 -3.60000e+00       1.423e+08 -7.553652e-01  0.000000e+00  1.686316e-02  2.446348e-01
-7.00000e+00 -3.20000e+00       2.225e+08 -7.227472e-01  0.000000e+00  1.084875e-01  2.772528e-01
-6.30000e+00 -3.20000e+00       5.321e+08 -6.027414e-01  0.000000e+00 -1.788398e-01  3.972586e-01
-5.60000e+00 -3.20000e+00       1.303e+09 -3.501212e-01  0.000000e+00 -3.429398e-01  6.498788e-01
-4.90000e+00 -3.20000e+00       3.594e+09 -8.911966e-02  0.000000e+00 -3.268377e-01  9.108803e-01
-4.20000e+00 -3.20000e+00       1.240e+10  1.351902e-01  0.000000e+00 -1.227692e-01  8.648098e-01
-3.50000e+00 -3.20000e+00       4.643e+10  1.277990e-01  0.000000e+00 -4.731557e-02  8.722010e-01
-2.80000e+00 -3.20000e+00       1.244e+11  5.746073e-02  0.000000e+00 -8.388585e-02  9.425393e-01
-2.10000e+00 -3.20000e+00       2.451e+11  9.471340e-02  0.000000e+00  1.225260e-01  9.052866e-01
-1.40000e+00 -3.20000e+00       4.900e+11  1.744246e-01  0.000000e+00  2.831198e-01  8.255754e-01
-7.00000e-01 -3.20000e+00       1.281e+12  1.056061e-01  0.000000e+00  1.426035e-01  8.943939e-01
 0.00000e+00 -3.20000e+00       2.037e+12  6.786274e-02  0.000000e+00 -1.511796e-16  9.321373e-01
 7.00000e-01 -3.20000e+00       1.281e+12  1.056061e-01  0.000000e+00 -1.426035e-01  8.943939e-01
 1.40000e+00 -3.20000e+00       4.900e+11  1.744246e-01  0.000000e+00 -2.831198e-01  8.255754e-01
 2.10000e+00 -3.20000e+00       2.451e+11  9.471340e-02  0.000000e+00 -1.225260e-01  9.052866e-01
 2.80000e+00 -3.20000e+00       1.244e+11  5.746073e-02  0.000000e+00  8.388585e-02  9.425393e-01
 3.50000e+00 -3.20000e+00       4.643e+10  1.277990e-01  0.000000e+00  4.731557e-02  8.722010e-01
 4.20000e+00 -3.20000e+00       1.240e+10  1.351902e-01  0.000000e+00  1.227692e-01  8.648098e-01
 4.90000e+00 -3.20000e+00       3.594e+09 -8.911966e-02  0.000000e+00  3.268377e-01  9.108803e-01
 5.60000e+00 -3.20000e+00       1.303e+09 -3.501212e-01  0.000000e+00  3.429398e-01  6.498788e-01
 6.30000e+00 -3.20000e+00       5.321e+08 -6.027414e-01  0.000000e+00  1.788398e-01  3.972586e-01
 7.00000e+00 -3.20000e+00       2.225e+08 -7.227472e-01  0.000000e+00 -1.084875e-01  2.772528e-01
-7.00000e+00 -2.80000e+00       3.136e+08 -6.271459e-01  0.000000e+00  1.979697e-01  3.728541e-01
-6.30000e+00 -2.80000e+00       1.117e+09 -1.746603e-01  0.000000e+00 -2.654994e-01  8.253397e-01
-5.60000e+00 -2.80000e+00       7.277e+09  4.028979e-01  0.000000e+00 -1.793946e-01  5.971021e-01
-4.90000e+00 -2.80000e+00       4.413e+10  3.874754e-01  0.000000e+00  1.121559e-01  6.125246e-01
-4.20000e+00 -2.80000e+00       1.971e+11  1.632775e-01  0.000000e+00  6.042548e-02  8.367225e-01
-3.50000e+00 -2.80000e+00       6.943e+11  2.020124e-01  0.000000e+00 -7.498661e-02  7.979876e-01
-2.80000e+00 -2.80000e+00       1.842e+12  2.898378e-01  0.000000e+00  3.629691e-02  7.101622e-01
-2.10000e+00 -2.80000e+00       3.891e+12  4.618445e-01  0.000000e+00  2.014155e-01  5.381555e-01
-1.40000e+00 -2.80000e+00       6.406e+12  7.387020e-01  0.000000e+00  2.853289e-01  2.612980e-01
-7.00000e-01 -2.80000e+00       5.876e+12  8.804557e-01  0.000000e+00  2.676793e-01  1.195443e-01
 0.00000e+00 -2.80000e+00       3.803e+12  9.300298e-01  0.000000e+00 -3.578770e-15  6.997018e-02
 7.00000e-01 -2.80000e+00       5.876e+12  8.804557e-01  0.000000e+00 -2.676793e-01  1.195443e-01
 1.40000e+00 -2.80000e+00       6.406e+12  7.387020e-01  0.000000e+00 -2.853289e-01  2.612980e-01
 2.10000e+00 -2.80000e+00       3.891e+12  4.618445e-01  0.000000e+00 -2.014155e-01  5.381555e-01
 2.80000e+00 -2.80000e+00       1.842e+12  2.898378e-01  0.000000e+00 -3.629691e-02  7.101622e-01
 3.50000e+00 -2.80000e+00       6.943e+11  2.020124e-01  0.000000e+00  7.498661e-02  7.979876e-01
 4.20000e+00 -2.80000e+00       1.971e+11  1.632775e-01  0.000000e+00 -6.042548e-02  8.367225e-01
 4.90000e+00 -2.80000e+00       4.413e+10  3.874754e-01  0.000000e+00 -1.121559e-01  6.125246e-01
 5.60000e+00 -2.80000e+00       7.277e+09  4.028979e-01  0.000000e+00  1.793946e-01  5.971021e-01
 6.30000e+00 -2.80000e+00       1.117e+09 -1.746603e-01  0.000000e+00  2.654994e-01  8.253397e-01
 7.00000e+00 -2.80000e+00       3.136e+08 -6.271459e-01  0.000000e+00 -1.979697e-01  3.728541e-01
-7.00000e+00 -2.40000e+00       6.691e+08 -4.307663e-01  0.000000e+00  4.469903e-01  5.692337e-01
-6.30000e+00 -2.40000e+00       6.356e+09 -4.230284e-01  0.000000e+00  2.149547e-02  5.769716e-01
-5.60000e+00 -2.40000e+00       6.864e+10 -8.477388e-02  0.000000e+00 -4.059258e-01  9.152261e-01
-4.90000e+00 -2.40000e+00       5.375e+11  3.701830e-01  0.000000e+00 -3.776112e-01  6.298170e-01
-4.20000e+00 -2.40000e+00       2.546e+12  5.181561e-01  0.000000e+00 -6.755166e-02  4.818439e-01
-3.50000e+00 -2.40000e+00       7.555e+12  3.559247e-01  0.000000e+00  8.559853e-02  6.440753e-01
-2.80000e+00 -2.40000e+00       1.725e+13  2.783728e-01  0.000000e+00  2.940930e-02  7.216272e-01
-2.10000e+00 -2.40000e+00       3.187e+13  3.792097e-01  0.000000e+00  1.791096e-01  6.207903e-01
-1.40000e+00 -2.40000e+00       4.101e+13  5.585918e-01  0.000000e+00  3.661147e-01  4.414082e-01
-7.00000e-01 -2.40000e+00       2.651e+13  7.207664e-01  0.000000e+00  4.061144e-01  2.792336e-01
 0.00000e+00 -2.40000e+00       1.223e+13  8.022704e-01  0.000000e+00  2.690104e-15  1.977296e-01
 7.00000e-01 -2.40000e+00       2.651e+13  7.207664e-01  0.000000e+00 -4.061144e-01  2.792336e-01
 1.40000e+00 -2.40000e+00       4.101e+13  5.585918e-01  0.000000e+00 -3.661147e-01  4.414082e-01
 2.10000e+00 -2.40000e+00       3.187e+13  3.792097e-01  0.000000e+00 -1.791096e-01  6.207903e-01
 2.80000e+00 -2.40000e+00       1.725e+13  2.783728e-01  0.000000e+00 -2.940930e-02  7.216272e-01
 3.50000e+00 -2.40000e+00       7.555e+12  3.559247e-01  0.000000e+00 -8.559853e-02  6.440753e-01
 4.20000e+00 -2.40000e+00       2.546e+12  5.181561e-01  0.000000e+00  6.755166e-02  4.818439e-01
 4.90000e+00 -2.40000e+00       5.375e+11  3.701830e-01  0.000000e+00  3.776112e-01  6.298170e-01
 5.60000e+00 -2.40000e+00       6.864e+10 -8.477388e-02  0.000000e+00  4.059258e-01  9.152261e-01
 6.30000e+00 -2.40000e+00       6.356e+09 -4.230284e-01  0.000000e+00 -2.149547e-02  5.769716e-01
 7.00000e+00 -2.40000e+00       6.691e+08 -4.307663e-01  0.000000e+00 -4.469903e-01  5.692337e-01
-7.00000e+00 -2.00000e+00       5.690e+09  7.000394e-01  0.000000e+00  4.260529e-01  2.999606e-01
-6.30000e+00 -2.00000e+00       7.272e+10  5.212058e-01  0.000000e+00  5.979054e-01  4.787942e-01
-5.60000e+00 -2.00000e+00       5.643e+11  1.385770e-01  0.000000e+00  5.378698e-01  8.614230e-01
-4.90000e+00 -2.00000e+00       3.215e+12 -5.730724e-02  0.000000e+00  3.685301e-02  9.426928e-01
-4.20000e+00 -2.00000e+00       1.542e+13  2.359035e-01  0.000000e+00 -3.187390e-01  7.640965e-01
-3.50000e+00 -2.00000e+00       5.011e+13  4.758615e-01  0.000000e+00 -1.693074e-01  5.241385e-01
-2.80000e+00 -2.00000e+00       1.031e+14  4.187832e-01  0.000000e+00  8.417029e-03  5.812168e-01
-2.10000e+00 -2.00000e+00       1.589e+14  2.555459e-01  0.000000e+00 -8.543981e-02  7.444541e-01
-1.40000e+00 -2.00000e+00       2.382e+14  1.923096e-02  0.000000e+00 -3.744374e-02  9.807690e-01
-7.00000e-01 -2.00000e+00       5.917e+14 -2.392306e-02  0.000000e+00  8.274061e-02  9.760769e-01
 0.00000e+00 -2.00000e+00       9.621e+14 -9.270395e-03  0.000000e+00  1.772703e-15  9.907296e-01
 7.00000e-01 -2.00000e+00       5.917e+14 -2.392306e-02  0.000000e+00 -8.274061e-02  9.760769e-01
 1.40000e+00 -2.00000e+00       2.382e+14  1.923096e-02  0.000000e+00  3.744374e-02  9.807690e-01
 2.10000e+00 -2.00000e+00       1.589e+14  2.555459e-01  0.000000e+00  8.543981e-02  7.444541e-01
 2.80000e+00 -2.00000e+00       1.031e+14  4.187832e-01  0.000000e+00 -8.417029e-03  5.812168e-01
 3.50000e+00 -2.00000e+00       5.011e+13  4.758615e-01  0.000000e+00  1.693074e-01  5.241385e-01
 4.20000e+00 -2.00000e+00       1.542e+13  2.359035e-01  0.000000e+00  3.187390e-01  7.640965e-01
 4.90000e+00 -2.00000e+00       3.215e+12 -5.730724e-02  0.000000e+00 -3.685301e-02  9.426928e-01
 5.60000e+00 -2.00000e+00       5.643e+11  1.385770e-01  0.000000e+00 -5.378698e-01  8.614230e-01
 6.30000e+00 -2.00000e+00       7.272e+10  5.212058e-01  0.000000e+00 -5.979054e-01  4.787942e-01
 7.00000e+00 -2.00000e+00       5.690e+09  7.000394e-01  0.000000e+00 -4.260529e-01  2.999606e-01
-7.00000e+00 -1.60000e+00       4.483e+10  9.226763e-01  0.000000e+00 -2.004025e-01  7.732368e-02
-6.30000e+00 -1.60000e+00       6.274e+11  9.330617e-01  0.000000e+00  2.399931e-02  6.693829e-02
-5.60000e+00 -1.60000e+00       4.862e+12  8.379933e-01  0.000000e+00  2.778820e-01  1.620067e-01
-4.90000e+00 -1.60000e+00       2.133e+13  5.766993e-01  0.000000e+00  4.533039e-01  4.233007e-01
-4.20000e+00 -1.60000e+00       6.354e+13  2.521330e-01  0.000000e+00  2.565410e-01  7.478670e-01
-3.50000e+00 -1.60000e+00       1.765e+14  3.400962e-01  0.000000e+00 -1.347395e-01  6.599038e-01
-2.80000e+00 -1.60000e+00       3.945e+14  5.398105e-01  0.000000e+00 -9.622593e-02  4.601895e-01
-2.10000e+00 -1.60000e+00       5.868e+14  5.139384e-01  0.000000e+00  1.195467e-01  4.860616e-01
-1.40000e+00 -1.60000e+00       6.344e+14  5.324743e-01  0.000000e+00  3.349643e-01  4.675257e-01
-7.00000e-01 -1.60000e+00       3.869e+14  6.276700e-01  0.000000e+00  4.556060e-01  3.723300e-01
 0.00000e+00 -1.60000e+00       1.851e+14  6.743263e-01  0.000000e+00 -7.988937e-15  3.256737e-01
 7.00000e-01 -1.60000e+00       3.869e+14  6.276700e-01  0.000000e+00 -4.556060e-01  3.723300e-01
 1.40000e+00 -1.60000e+00       6.344e+14  5.324743e-01  0.000000e+00 -3.349643e-01  4.675257e-01
 2.10000e+00 -1.60000e+00       5.868e+14  5.139384e-01  0.000000e+00 -1.195467e-01  4.860616e-01
 2.80000e+00 -1.60000e+00       3.945e+14  5.398105e-01  0.000000e+00  9.622593e-02  4.601895e-01
 3.50000e+00 -1.60000e+00       1.765e+14  3.400962e-01  0.000000e+00  1.347395e-01  6.599038e-01
 4.20000e+00 -1.60000e+00       6.354e+13  2.521330e-01  0.000000e+00 -2.565410e-01  7.478670e-01
 4.90000e+00 -1.60000e+00       2.133e+13  5.766993e-01  0.000000e+00 -4.533039e-01  4.233007e-01
 5.60000e+00 -1.60000e+00       4.862e+12  8.379933e-01  0.000000e+00 -2.778820e-01  1.620067e-01
 6.30000e+00 -1.60000e+00       6.274e+11  9.330617e-01  0.000000e+00 -2.399931e-02  6.693829e-02
 7.00000e+00 -1.60000e+00       4.483e+10  9.226763e-01  0.000000e+00  2.004025e-01  7.732368e-02
-7.00000e+00 -1.20000e+00       1.661e+11  8.105227e-01  0.000000e+00 -5.291414e-01  1.894773e-01
-6.30000e+00 -1.20000e+00       2.466e+12  8.960699e-01  0.000000e+00 -3.571049e-01  1.039301e-01
-5.60000e+00 -1.20000e+00       2.070e+13  9.402100e-01  0.000000e+00 -1.488627e-01  5.979001e-02
-4.90000e+00 -1.20000e+00       9.689e+13  9.141845e-01  0.000000e+00  8.679647e-02  8.581552e-02
-4.20000e+00 -1.20000e+00       2.548e+14  7.622529e-01  0.000000e+00  2.818138e-01  2.377471e-01
-3.50000e+00 -1.20000e+00       4.675e+14  5.326152e-01  0.000000e+00  1.781473e-01  4.673848e-01
-2.80000e+00 -1.20000e+00       8.976e+14  5.760921e-01  0.000000e+00 -7.089136e-02  4.239079e-01
-2.10000e+00 -1.20000e+00       1.468e+15  6.723218e-01  0.000000e+00  6.403076e-02  3.276782e-01
-1.40000e+00 -1.20000e+00       1.841e+15  7.342223e-01  0.000000e+00  2.948991e-01  2.657777e-01
-7.00000e-01 -1.20000e+00       1.483e+15  8.272149e-01  0.000000e+00  3.537006e-01  1.727851e-01
 0.00000e+00 -1.20000e+00       8.805e+14  8.757143e-01  0.000000e+00  1.541911e-15  1.242857e-01
 7.00000e-01 -1.20000e+00       1.483e+15  8.272149e-01  0.000000e+00 -3.537006e-01  1.727851e-01
 1.40000e+00 -1.20000e+00       1.841e+15  7.342223e-01  0.000000e+00 -2.948991e-01  2.657777e-01
 2.10000e+00 -1.20000e+00       1.468e+15  6.723218e-01  0.000000e+00 -6.403076e-02  3.276782e-01
 2.80000e+00 -1.20000e+00       8.976e+14  5.760921e-01  0.000000e+00  7.089136e-02  4.239079e-01
 3.50000e+00 -1.20000e+00       4.675e+14  5.326152e-01  0.000000e+00 -1.781473e-01  4.673848e-01
 4.20000e+00 -1.20000e+00       2.548e+14  7.622529e-01  0.000000e+00 -2.818138e-01  2.377471e-01
 4.90000e+00 -1.20000e+00       9.689e+13  9.141845e-01  0.000000e+00 -8.679647e-02  8.581552e-02
 5.60000e+00 -1.20000e+00       2.070e+13  9.402100e-01  0.000000e+00  1.488627e-01  5.979001e-02
 6.30000e+00 -1.20000e+00       2.466e+12  8.960699e-01  0.000000e+00  3.571049e-01  1.039301e-01
 7.00000e+00 -1.20000e+00       1.661e+11  8.105227e-01  0.000000e+00  5.291414e-01  1.894773e-01
-7.00000e+00 -8.00000e-01       3.214e+11  7.595353e-01  0.000000e+00 -6.122897e-01  2.404647e-01
-6.30000e+00 -8.00000e-01       5.053e+12  8.553372e-01  0.000000e+00 -4.709336e-01  1.446628e-01
-5.60000e+00 -8.00000e-01       4.585e+13  9.234497e-01  0.000000e+00 -3.108664e-01  7.655034e-02
-4.90000e+00 -8.00000e-01       2.374e+14  9.577652e-01  0.000000e+00 -1.336497e-01  4.223476e-02
-4.20000e+00 -8.00000e-01       6.808e+14  9.417606e-01  0.000000e+00  5.272980e-02  5.823941e-02
-3.50000e+00 -8.00000e-01       1.116e+15  8.450988e-01  0.000000e+00  1.717626e-01  1.549012e-01
-2.80000e+00 -8.00000e-01       1.546e+15  7.527094e-01  0.000000e+00  2.691678e-02  2.472906e-01
-2.10000e+00 -8.00000e-01       2.234e+15  7.612712e-01  0.000000e+00 -1.160188e-01  2.387288e-01
-1.40000e+00 -8.00000e-01       2.252e+15  6.016620e-01  0.000000e+00 -2.857135e-01  3.983380e-01
-7.00000e-01 -8.00000e-01       2.515e+15  4.162797e-01  0.000000e+00 -4.685126e-01  5.837203e-01
 0.00000e+00 -8.00000e-01       2.907e+15  4.123868e-01  0.000000e+00  6.087294e-16  5.876132e-01
 7.00000e-01 -8.00000e-01       2.515e+15  4.162797e-01  0.000000e+00  4.685126e-01  5.837203e-01
 1.40000e+00 -8.00000e-01       2.252e+15  6.016620e-01  0.000000e+00  2.857135e-01  3.983380e-01
 2.10000e+00 -8.00000e-01       2.234e+15  7.612712e-01  0.000000e+00  1.160188e-01  2.387288e-01
 2.80000e+00 -8.00000e-01       1.546e+15  7.527094e-01  0.000000e+00 -2.691678e-02  2.472906e-01
 3.50000e+00 -8.00000e-01       1.116e+15  8.450988e-01  0.000000e+00 -1.717626e-01  1.549012e-01
 4.20000e+00 -8.00000e-01       6.808e+14  9.417606e-01  0.000000e+00 -5.272980e-02  5.823941e-02
 4.90000e+00 -8.00000e-01       2.374e+14  9.577652e-01  0.000000e+00  1.336497e-01  4.223476e-02
 5.60000e+00 -8.00000e-01       4.585e+13  9.234497e-01  0.000000e+00  3.108664e-01  7.655034e-02
 6.30000e+00 -8.00000e-01       5.053e+12  8.553372e-01  0.000000e+00  4.709336e-01  1.446628e-01
 7.00000e+00 -8.00000e-01       3.214e+11  7.595353e-01  0.000000e+00  6.122897e-01  2.404647e-01
-7.00000e+00 -4.00000e-01       3.858e+11  8.760035e-01  0.000000e+00 -4.556508e-01  1.239965e-01
-6.30000e+00 -4.00000e-01       6.525e+12  9.265482e-01  0.000000e+00 -3.480587e-01  7.345184e-02
-5.60000e+00 -4.00000e-01       6.377e+13  9.607617e-01  0.000000e+00 -2.422192e-01  3.923830e-02
-4.90000e+00 -4.00000e-01       3.589e+14  9.809008e-01  0.000000e+00 -1.370528e-01  1.909916e-02
-4.20000e+00 -4.00000e-01       1.126e+15  9.863529e-01  0.000000e+00 -3.152140e-02  1.364713e-02
-3.50000e+00 -4.00000e-01       1.917e+15  9.707551e-01  0.000000e+00  6.089301e-02  2.924491e-02
-2.80000e+00 -4.00000e-01       2.270e+15  9.376872e-01  0.000000e+00  5.687581e-02  6.231276e-02
-2.10000e+00 -4.00000e-01       3.573e+15  9.522605e-01  0.000000e+00  7.713316e-03  4.773954e-02
-1.40000e+00 -4.00000e-01       5.905e+15  9.812577e-01  0.000000e+00  2.277278e-02  1.874235e-02
-7.00000e-01 -4.00000e-01       6.027e+15  9.936297e-01  0.000000e+00  7.481264e-03  6.370329e-03
 0.00000e+00 -4.00000e-01       4.416e+15  9.972898e-01  0.000000e+00 -4.870779e-16  2.710179e-03
 7.00000e-01 -4.00000e-01       6.027e+15  9.936297e-01  0.000000e+00 -7.481264e-03  6.370329e-03
 1.40000e+00 -4.00000e-01       5.905e+15  9.812577e-01  0.000000e+00 -2.277278e-02  1.874235e-02
 2.10000e+00 -4.00000e-01       3.573e+15  9.522605e-01  0.000000e+00 -7.713316e-03  4.773954e-02
 2.80000e+00 -4.00000e-01       2.270e+15  9.376872e-01  0.000000e+00 -5.687581e-02  6.231276e-02
 3.50000e+00 -4.00000e-01       1.917e+15  9.707551e-01  0.000000e+00 -6.089301e-02  2.924491e-02
 4.20000e+00 -4.00000e-01       1.126e+15  9.863529e-01  0.000000e+00  3.152140e-02  1.364713e-02
 4.90000e+00 -4.00000e-01       3.589e+14  9.809008e-01  0.000000e+00  1.370528e-01  1.909916e-02
 5.60000e+00 -4.00000e-01       6.377e+13  9.607617e-01  0.000000e+00  2.422192e-01  3.923830e-02
 6.30000e+00 -4.00000e-01       6.525e+12  9.265482e-01  0.000000e+00  3.480587e-01  7.345184e-02
 7.00000e+00 -4.00000e-01       3.858e+11  8.760035e-01  0.000000e+00  4.556508e-01  1.239965e-01
-7.00000e+00  0.00000e+00       3.814e+11  9.998929e-01  0.000000e+00  8.722249e-11  1.071389e-04
-6.30000e+00  0.00000e+00       6.748e+12  9.999385e-01  0.000000e+00  3.274889e-11  6.153672e-05
-5.60000e+00  0.00000e+00       6.858e+13  9.999676e-01  0.000000e+00  8.880643e-12  3.241265e-05
-4.90000e+00  0.00000e+00       4.006e+14  9.999845e-01  0.000000e+00  2.363720e-12  1.548534e-05
-4.20000e+00  0.00000e+00       1.304e+15  9.999906e-01  0.000000e+00  8.280212e-13  9.388701e-06
-3.50000e+00  0.00000e+00       2.280e+15  9.999830e-01  0.000000e+00  5.763185e-13  1.700419e-05
-2.80000e+00  0.00000e+00       2.622e+15  9.999624e-01  0.000000e+00  6.397429e-13  3.761392e-05
-2.10000e+00  0.00000e+00       3.925e+15  9.999724e-01  0.000000e+00  3.877597e-13  2.761731e-05
-1.40000e+00  0.00000e+00       5.741e+15  9.999940e-01  0.000000e+00  1.897056e-13  5.952554e-06
-7.00000e-01  0.00000e+00       4.606e+15  9.999655e-01  0.000000e+00  1.254432e-13  3.448732e-05
 0.00000e+00  0.00000e+00       2.770e+15  9.998838e-01  0.000000e+00  2.075142e-17  1.162218e-04
 7.00000e-01  0.00000e+00       4.606e+15  9.999655e-01  0.000000e+00 -1.254040e-13  3.448732e-05
 1.40000e+00  0.00000e+00       5.741e+15  9.999940e-01  0.000000e+00 -1.896917e-13  5.952554e-06
 2.10000e+00  0.00000e+00       3.925e+15  9.999724e-01  0.000000e+00 -3.877562e-13  2.761731e-05
 2.80000e+00  0.00000e+00       2.622e+15  9.999624e-01  0.000000e+00 -6.398110e-13  3.761392e-05
 3.50000e+00  0.00000e+00       2.280e+15  9.999830e-01  0.000000e+00 -5.763536e-13  1.700419e-05
 4.20000e+00  0.00000e+00       1.304e+15  9.999906e-01  0.000000e+00 -8.279414e-13  9.388701e-06
 4.90000e+00  0.00000e+00       4.006e+14  9.999845e-01  0.000000e+00 -2.363500e-12  1.548534e-05
 5.60000e+00  0.00000e+00       6.858e+13  9.999676e-01  0.000000e+00 -8.880228e-12  3.241265e-05
 6.30000e+00  0.00000e+00       6.748e+12  9.999385e-01  0.000000e+00 -3.274829e-11  6.153672e-05
 7.00000e+00  0.00000e+00       3.814e+11  9.998929e-01  0.000000e+00 -8.722193e-11  1.071389e-04
-7.00000e+00  4.00000e-01       3.858e+11  8.760035e-01  0.000000e+00  4.556508e-01  1.239965e-01
-6.30000e+00  4.00000e-01       6.525e+12  9.265482e-01  0.000000e+00  3.480587e-01  7.345184e-02
-5.60000e+00  4.00000e-01       6.377e+13  9.607617e-01  0.000000e+00  2.422192e-01  3.923830e-02
-4.90000e+00  4.00000e-01       3.589e+14  9.809008e-01  0.000000e+00  1.370528e-01  1.909916e-02
-4.20000e+00  4.00000e-01       1.126e+15  9.863529e-01  0.000000e+00  3.152140e-02  1.364713e-02
-3.50000e+00  4.00000e-01       1.917e+15  9.707551e-01  0.000000e+00 -6.089301e-02  2.924491e-02
-2.80000e+00  4.00000e-01       2.270e+15  9.376872e-01  0.000000e+00 -5.687581e-02  6.231276e-02
-2.10000e+00  4.00000e-01       3.573e+15  9.522605e-01  0.000000e+00 -7.713316e-03  4.773954e-02
-1.40000e+00  4.00000e-01       5.905e+15  9.812577e-01  0.000000e+00 -2.277278e-02  1.874235e-02
-7.00000e-01  4.00000e-01       6.027e+15  9.936297e-01  0.000000e+00 -7.481264e-03  6.370329e-03
 0.00000e+00  4.00000e-01       4.416e+15  9.972898e-01  0.000000e+00  4.829148e-16  2.710179e-03
 7.00000e-01  4.00000e-01       6.027e+15  9.936297e-01  0.000000e+00  7.481264e-03  6.370329e-03
 1.40000e+00  4.00000e-01       5.905e+15  9.812577e-01  0.000000e+00  2.277278e-02  1.874235e-02
 2.10000e+00  4.00000e-01       3.573e+15  9.522605e-01  0.000000e+00  7.713316e-03  4.773954e-02
 2.80000e+00  4.00000e-01       2.270e+15  9.376872e-01  0.000000e+00  5.687581e-02  6.231276e-02
 3.50000e+00  4.00000e-01       1.917e+15  9.707551e-01  0.000000e+00  6.089301e-02  2.924491e-02
 4.20000e+00  4.00000e-01       1.126e+15  9.863529e-01  0.000000e+00 -3.152140e-02  1.364713e-02
 4.90000e+00  4.00000e-01       3.589e+14  9.809008e-01  0.000000e+00 -1.370528e-01  1.909916e-02
 5.60000e+00  4.00000e-01       6.377e+13  9.607617e-01  0.000000e+00 -2.422192e-01  3.923830e-02
 6.30000e+00  4.00000e-01       6.525e+12  9.265482e-01  0.000000e+00 -3.480587e-01  7.345184e-02
 7.00000e+00  4.00000e-01       3.858e+11  8.760035e-01  0.000000e+00 -4.556508e-01  1.239965e-01
-7.00000e+00  8.00000e-01       3.214e+11  7.595353e-01  0.000000e+00  6.122897e-01  2.404647e-01
-6.30000e+00  8.00000e-01       5.053e+12  8.553372e-01  0.000000e+00  4.709336e-01  1.446628e-01
-5.60000e+00  8.00000e-01       4.585e+13  9.234497e-01  0.000000e+00  3.108664e-01  7.655034e-02
-4.90000e+00  8.00000e-01       2.374e+14  9.577652e-01  0.000000e+00  1.336497e-01  4.223476e-02
-4.20000e+00  8.00000e-01       6.808e+14  9.417606e-01  0.000000e+00 -5.272980e-02  5.823941e-02
-3.50000e+00  8.00000e-01       1.116e+15  8.450988e-01  0.000000e+00 -1.717626e-01  1.549012e-01
-2.80000e+00  8.00000e-01       1.546e+15  7.527094e-01  0.000000e+00 -2.691678e-02  2.472906e-01
-2.10000e+00  8.00000e-01       2.234e+15  7.612712e-01  0.000000e+00  1.160188e-01  2.387288e-01
-1.40000e+00  8.00000e-01       2.252e+15  6.016620e-01  0.000000e+00  2.857135e-01  3.983380e-01
-7.00000e-01  8.00000e-01       2.515e+15  4.162797e-01  0.000000e+00  4.685126e-01  5.837203e-01
 0.00000e+00  8.00000e-01       2.907e+15  4.123868e-01  0.000000e+00  4.580621e-15  5.876132e-01
 7.00000e-01  8.00000e-01       2.515e+15  4.162797e-01  0.000000e+00 -4.685126e-01  5.837203e-01
 1.40000e+00  8.00000e-01       2.252e+15  6.016620e-01  0.000000e+00 -2.857135e-01  3.983380e-01
 2.10000e+00  8.00000e-01       2.234e+15  7.612712e-01  0.000000e+00 -1.160188e-01  2.387288e-01
 2.80000e+00  8.00000e-01       1.546e+15  7.527094e-01  0.000000e+00  2.691678e-02  2.472906e-01
 3.50000e+00  8.00000e-01       1.116e+15  8.450988e-01  0.000000e+00  1.717626e-01  1.549012e-01
 4.20000e+00  8.00000e-01       6.808e+14  9.417606e-01  0.000000e+00  5.272980e-02  5.823941e-02
 4.90000e+00  8.00000e-01       2.374e+14  9.577652e-01  0.000000e+00 -1.336497e-01  4.223476e-02
 5.60000e+00  8.00000e-01       4.585e+13  9.234497e-01  0.000000e+00 -3.108664e-01  7.655034e-02
 6.30000e+00  8.00000e-01       5.053e+12  8.553372e-01  0.000000e+00 -4.709336e-01  1.446628e-01
 7.00000e+00  8.00000e-01       3.214e+11  7.595353e-01  0.000000e+00 -6.122897e-01  2.404647e-01
-7.00000e+00  1.20000e+00       1.661e+11  8.105227e-01  0.000000e+00  5.291414e-01  1.894773e-01
-6.30000e+00  1.20000e+00       2.466e+12  8.960699e-01  0.000000e+00  3.571049e-01  1.039301e-01
-5.60000e+00  1.20000e+00       2.070e+13  9.402100e-01  0.000000e+00  1.488627e-01  5.979001e-02
-4.90000e+00  1.20000e+00       9.689e+13  9.141845e-01  0.000000e+00 -8.679647e-02  8.581552e-02
-4.20000e+00  1.20000e+00       2.548e+14  7.622529e-01  0.000000e+00 -2.818138e-01  2.377471e-01
-3.50000e+00  1.20000e+00       4.675e+14  5.326152e-01  0.000000e+00 -1.781473e-01  4.673848e-01
-2.80000e+00  1.20000e+00       8.976e+14  5.760921e-01  0.000000e+00  7.089136e-02  4.239079e-01
-2.10000e+00  1.20000e+00       1.468e+15  6.723218e-01  0.000000e+00 -6.403076e-02  3.276782e-01
-1.40000e+00  1.20000e+00       1.841e+15  7.342223e-01  0.000000e+00 -2.948991e-01  2.657777e-01
-7.00000e-01  1.20000e+00       1.483e+15  8.272149e-01  0.000000e+00 -3.537006e-01  1.727851e-01
 0.00000e+00  1.20000e+00       8.805e+14  8.757143e-01  0.000000e+00  3.762086e-16  1.242857e-01
 7.00000e-01  1.20000e+00       1.483e+15  8.272149e-01  0.000000e+00  3.537006e-01  1.727851e-01
 1.40000e+00  1.20000e+00       1.841e+15  7.342223e-01  0.000000e+00  2.948991e-01  2.657777e-01
 2.10000e+00  1.20000e+00       1.468e+15  6.723218e-01  0.000000e+00  6.403076e-02  3.276782e-01
 2.80000e+00  1.20000e+00       8.976e+14  5.760921e-01  0.000000e+00 -7.089136e-02  4.239079e-01
 3.50000e+00  1.20000e+00       4.675e+14  5.326152e-01  0.000000e+00  1.781473e-01  4.673848e-01
 4.20000e+00  1.20000e+00       2.548e+14  7.622529e-01  0.000000e+00  2.818138e-01  2.377471e-01
 4.90000e+00  1.20000e+00       9.689e+13  9.141845e-01  0.000000e+00  8.679647e-02  8.581552e-02
 5.60000e+00  1.20000e+00       2.070e+13  9.402100e-01  0.000000e+00 -1.488627e-01  5.979001e-02
 6.30000e+00  1.20000e+00       2.466e+12  8.960699e-01  0.000000e+00 -3.571049e-01  1.039301e-01
 7.00000e+00  1.20000e+00       1.661e+11  8.105227e-01  0.000000e+00 -5.291414e-01  1.894773e-01
-7.00000e+00  1.60000e+00       4.483e+10  9.226763e-01  0.000000e+00  2.004025e-01  7.732369e-02
-6.30000e+00  1.60000e+00       6.274e+11  9.330617e-01  0.000000e+00 -2.399931e-02  6.693829e-02
-5.60000e+00  1.60000e+00       4.862e+12  8.379933e-01  0.000000e+00 -2.778820e-01  1.620067e-01
-4.90000e+00  1.60000e+00       2.133e+13  5.766993e-01  0.000000e+00 -4.533039e-01  4.233007e-01
-4.20000e+00  1.60000e+00       6.354e+13  2.521330e-01  0.000000e+00 -2.565410e-01  7.478670e-01
-3.50000e+00  1.60000e+00       1.765e+14  3.400962e-01  0.000000e+00  1.347395e-01  6.599038e-01
-2.80000e+00  1.60000e+00       3.945e+14  5.398105e-01  0.000000e+00  9.622593e-02  4.601895e-01
-2.10000e+00  1.60000e+00       5.868e+14  5.139384e-01  0.000000e+00 -1.195467e-01  4.860616e-01
-1.40000e+00  1.60000e+00       6.344e+14  5.324743e-01  0.000000e+00 -3.349643e-01  4.675257e-01
-7.00000e-01  1.60000e+00       3.869e+14  6.276700e-01  0.000000e+00 -4.556060e-01  3.723300e-01
 0.00000e+00  1.60000e+00       1.851e+14  6.743263e-01  0.000000e+00  7.940176e-15  3.256737e-01
 7.00000e-01  1.60000e+00       3.869e+14  6.276700e-01  0.000000e+00  4.556060e-01  3.723300e-01
 1.40000e+00  1.60000e+00       6.344e+14  5.324743e-01  0.000000e+00  3.349643e-01  4.675257e-01
 2.10000e+00  1.60000e+00       5.868e+14  5.139384e-01  0.000000e+00  1.195467e-01  4.860616e-01
 2.80000e+00  1.60000e+00       3.945e+14  5.398105e-01  0.000000e+00 -9.622593e-02  4.601895e-01
 3.50000e+00  1.60000e+00       1.765e+14  3.400962e-01  0.000000e+00 -1.347395e-01  6.599038e-01
 4.20000e+00  1.60000e+00       6.354e+13  2.521330e-01  0.000000e+00  2.565410e-01  7.478670e-01
 4.90000e+00  1.60000e+00       2.133e+13  5.766993e-01  0.000000e+00  4.533039e-01  4.233007e-01
 5.60000e+00  1.60000e+00       4.862e+12  8.379933e-01  0.000000e+00  2.778820e-01  1.620067e-01
 6.30000e+00  1.60000e+00       6.274e+11  9.330617e-01  0.000000e+00  2.399931e-02  6.693829e-02
 7.00000e+00  1.60000e+00       4.483e+10  9.226763e-01  0.000000e+00 -2.004025e-01  7.732369e-02
-7.00000e+00  2.00000e+00       5.690e+09  7.000393e-01  0.000000e+00 -4.260529e-01  2.999607e-01
-6.30000e+00  2.00000e+00       7.272e+10  5.212058e-01  0.000000e+00 -5.979054e-01  4.787942e-01
-5.60000e+00  2.00000e+00       5.643e+11  1.385770e-01  0.000000e+00 -5.378698e-01  8.614230e-01
-4.90000e+00  2.00000e+00       3.215e+12 -5.730724e-02  0.000000e+00 -3.685301e-02  9.426928e-01
-4.20000e+00  2.00000e+00       1.542e+13  2.359035e-01  0.000000e+00  3.187390e-01  7.640965e-01
-3.50000e+00  2.00000e+00       5.011e+13  4.758615e-01  0.000000e+00  1.693074e-01  5.241385e-01
-2.80000e+00  2.00000e+00       1.031e+14  4.187832e-01  0.000000e+00 -8.417029e-03  5.812168e-01
-2.10000e+00  2.00000e+00       1.589e+14  2.555459e-01  0.000000e+00  8.543981e-02  7.444541e-01
-1.40000e+00  2.00000e+00       2.382e+14  1.923096e-02  0.000000e+00  3.744374e-02  9.807690e-01
-7.00000e-01  2.00000e+00       5.917e+14 -2.392306e-02  0.000000e+00 -8.274061e-02  9.760769e-01
 0.00000e+00  2.00000e+00       9.621e+14 -9.270395e-03  0.000000e+00 -1.780278e-15  9.907296e-01
 7.00000e-01  2.00000e+00       5.917e+14 -2.392306e-02  0.000000e+00  8.274061e-02  9.760769e-01
 1.40000e+00  2.00000e+00       2.382e+14  1.923096e-02  0.000000e+00 -3.744374e-02  9.807690e-01
 2.10000e+00  2.00000e+00       1.589e+14  2.555459e-01  0.000000e+00 -8.543981e-02  7.444541e-01
 2.80000e+00  2.00000e+00       1.031e+14  4.187832e-01  0.000000e+00  8.417029e-03  5.812168e-01
 3.50000e+00  2.00000e+00       5.011e+13  4.758615e-01  0.000000e+00 -1.693074e-01  5.241385e-01
 4.20000e+00  2.00000e+00       1.542e+13  2.359035e-01  0.000000e+00 -3.187390e-01  7.640965e-01
 4.90000e+00  2.00000e+00       3.215e+12 -5.730724e-02  0.000000e+00  3.685301e-02  9.426928e-01
 5.60000e+00  2.00000e+00       5.643e+11  1.385770e-01  0.000000e+00  5.378698e-01  8.614230e-01
 6.30000e+00  2.00000e+00       7.272e+10  5.212058e-01  0.000000e+00  5.979054e-01  4.787942e-01
 7.00000e+00  2.00000e+00       5.690e+09  7.000393e-01  0.000000e+00  4.260529e-01  2.999607e-01
-7.00000e+00  2.40000e+00       6.691e+08 -4.307664e-01  0.000000e+00 -4.469900e-01  5.692336e-01
-6.30000e+00  2.40000e+00       6.356e+09 -4.230284e-01  0.000000e+00 -2.149533e-02  5.769716e-01
-5.60000e+00  2.40000e+00       6.864e+10 -8.477389e-02  0.000000e+00  4.059259e-01  9.152261e-01
-4.90000e+00  2.40000e+00       5.375e+11  3.701830e-01  0.000000e+00  3.776112e-01  6.298170e-01
-4.20000e+00  2.40000e+00       2.546e+12  5.181561e-01  0.000000e+00  6.755166e-02  4.818439e-01
-3.50000e+00  2.40000e+00       7.555e+12  3.559247e-01  0.000000e+00 -8.559853e-02  6.440753e-01
-2.80000e+00  2.40000e+00       1.725e+13  2.783728e-01  0.000000e+00 -2.940930e-02  7.216272e-01
-2.10000e+00  2.40000e+00       3.187e+13  3.792097e-01  0.000000e+00 -1.791096e-01  6.207903e-01
-1.40000e+00  2.40000e+00       4.101e+13  5.585918e-01  0.000000e+00 -3.661147e-01  4.414082e-01
-7.00000e-01  2.40000e+00       2.651e+13  7.207664e-01  0.000000e+00 -4.061144e-01  2.792336e-01
 0.00000e+00  2.40000e+00       1.223e+13  8.022704e-01  0.000000e+00 -2.870778e-15  1.977296e-01
 7.00000e-01  2.40000e+00       2.651e+13  7.207664e-01  0.000000e+00  4.061144e-01  2.792336e-01
 1.40000e+00  2.40000e+00       4.101e+13  5.585918e-01  0.000000e+00  3.661147e-01  4.414082e-01
 2.10000e+00  2.40000e+00       3.187e+13  3.792097e-01  0.000000e+00  1.791096e-01  6.207903e-01
 2.80000e+00  2.40000e+00       1.725e+13  2.783728e-01  0.000000e+00  2.940930e-02  7.216272e-01
 3.50000e+00  2.40000e+00       7.555e+12  3.559247e-01  0.000000e+00  8.559853e-02  6.440753e-01
 4.20000e+00  2.40000e+00       2.546e+12  5.181561e-01  0.000000e+00 -6.755166e-02  4.818439e-01
 4.90000e+00  2.40000e+00       5.375e+11  3.701830e-01  0.000000e+00 -3.776112e-01  6.298170e-01
 5.60000e+00  2.40000e+00       6.864e+10 -8.477389e-02  0.000000e+00 -4.059259e-01  9.152261e-01
 6.30000e+00  2.40000e+00       6.356e+09 -4.230284e-01  0.000000e+00  2.149533e-02  5.769716e-01
 7.00000e+00  2.40000e+00       6.691e+08 -4.307664e-01  0.000000e+00  4.469900e-01  5.692336e-01
-7.00000e+00  2.80000e+00       3.136e+08 -6.271458e-01  0.000000e+00 -1.979690e-01  3.728542e-01
-6.30000e+00  2.80000e+00       1.117e+09 -1.746608e-01  0.000000e+00  2.655001e-01  8.253392e-01
-5.60000e+00  2.80000e+00       7.277e+09  4.028974e-01  0.000000e+00  1.793950e-01  5.971026e-01
-4.90000e+00  2.80000e+00       4.413e+10  3.874753e-01  0.000000e+00 -1.121557e-01  6.125247e-01
-4.20000e+00  2.80000e+00       1.971e+11  1.632775e-01  0.000000e+00 -6.042544e-02  8.367225e-01
-3.50000e+00  2.80000e+00       6.943e+11  2.020124e-01  0.000000e+00  7.498662e-02  7.979876e-01
-2.80000e+00  2.80000e+00       1.842e+12  2.898378e-01  0.000000e+00 -3.629691e-02  7.101622e-01
-2.10000e+00  2.80000e+00       3.891e+12  4.618445e-01  0.000000e+00 -2.014155e-01  5.381555e-01
-1.40000e+00  2.80000e+00       6.406e+12  7.387020e-01  0.000000e+00 -2.853289e-01  2.612980e-01
-7.00000e-01  2.80000e+00       5.876e+12  8.804557e-01  0.000000e+00 -2.676793e-01  1.195443e-01
 0.00000e+00  2.80000e+00       3.803e+12  9.300298e-01  0.000000e+00  3.310438e-15  6.997018e-02
 7.00000e-01  2.80000e+00       5.876e+12  8.804557e-01  0.000000e+00  2.676793e-01  1.195443e-01
 1.40000e+00  2.80000e+00       6.406e+12  7.387020e-01  0.000000e+00  2.853289e-01  2.612980e-01
 2.10000e+00  2.80000e+00       3.891e+12  4.618445e-01  0.000000e+00  2.014155e-01  5.381555e-01
 2.80000e+00  2.80000e+00       1.842e+12  2.898378e-01  0.000000e+00  3.629691e-02  7.101622e-01
 3.50000e+00  2.80000e+00       6.943e+11  2.020124e-01  0.000000e+00 -7.498662e-02  7.979876e-01
 4.20000e+00  2.80000e+00       1.971e+11  1.632775e-01  0.000000e+00  6.042544e-02  8.367225e-01
 4.90000e+00  2.80000e+00       4.413e+10  3.874753e-01  0.000000e+00  1.121557e-01  6.125247e-01
 5.60000e+00  2.80000e+00       7.277e+09  4.028974e-01  0.000000e+00 -1.793950e-01  5.971026e-01
 6.30000e+00  2.80000e+00       1.117e+09 -1.746608e-01  0.000000e+00 -2.655001e-01  8.253392e-01
 7.00000e+00  2.80000e+00       3.136e+08 -6.271458e-01  0.000000e+00  1.979690e-01  3.728542e-01
-7.00000e+00  3.20000e+00       2.225e+08 -7.227469e-01  0.000000e+00 -1.084860e-01  2.772531e-01
-6.30000e+00  3.20000e+00       5.322e+08 -6.027409e-01  0.000000e+00  1.788425e-01  3.972591e-01
-5.60000e+00  3.20000e+00       1.303e+09 -3.501214e-01  0.000000e+00  3.429420e-01  6.498786e-01
-4.90000e+00  3.20000e+00       3.594e+09 -8.912007e-02  0.000000e+00  3.268392e-01  9.108799e-01
-4.20000e+00  3.20000e+00       1.240e+10  1.351900e-01  0.000000e+00  1.227700e-01  8.648100e-01
-3.50000e+00  3.20000e+00       4.643e+10  1.277991e-01  0.000000e+00  4.731588e-02  8.722009e-01
-2.80000e+00  3.20000e+00       1.244e+11  5.746084e-02  0.000000e+00  8.388597e-02  9.425392e-01
-2.10000e+00  3.20000e+00       2.451e+11  9.471348e-02  0.000000e+00 -1.225259e-01  9.052865e-01
-1.40000e+00  3.20000e+00       4.900e+11  1.744246e-01  0.000000e+00 -2.831197e-01  8.255754e-01
-7.00000e-01  3.20000e+00       1.281e+12  1.056061e-01  0.000000e+00 -1.426035e-01  8.943939e-01
 0.00000e+00  3.20000e+00       2.037e+12  6.786274e-02  0.000000e+00  5.330893e-15  9.321373e-01
 7.00000e-01  3.20000e+00       1.281e+12  1.056061e-01  0.000000e+00  1.426035e-01  8.943939e-01
 1.40000e+00  3.20000e+00       4.900e+11  1.744246e-01  0.000000e+00  2.831197e-01  8.255754e-01
 2.10000e+00  3.20000e+00       2.451e+11  9.471348e-02  0.000000e+00  1.225259e-01  9.052865e-01
 2.80000e+00  3.20000e+00       1.244e+11  5.746084e-02  0.000000e+00 -8.388597e-02  9.425392e-01
 3.50000e+00  3.20000e+00       4.643e+10  1.277991e-01  0.000000e+00 -4.731588e-02  8.722009e-01
 4.20000e+00  3.20000e+00       1.240e+10  1.351900e-01  0.000000e+00 -1.227700e-01  8.648100e-01
 4.90000e+00  3.20000e+00       3.594e+09 -8.912007e-02  0.000000e+00 -3.268392e-01  9.108799e-01
 5.60000e+00  3.20000e+00       1.303e+09 -3.501214e-01  0.000000e+00 -3.429420e-01  6.498786e-01
 6.30000e+00  3.20000e+00       5.322e+08 -6.027409e-01  0.000000e+00 -1.788425e-01  3.972591e-01
 7.00000e+00  3.20000e+00       2.225e+08 -7.227469e-01  0.000000e+00  1.084860e-01  2.772531e-01
-7.00000e+00  3.60000e+00       1.423e+08 -7.553639e-01  0.000000e+00  1.686665e-02  2.446361e-01
-6.30000e+00  3.60000e+00       3.314e+08 -6.295555e-01  0.000000e+00  2.598073e-01  3.704445e-01
-5.60000e+00  3.60000e+00       7.226e+08 -3.928078e-01  0.000000e+00  4.803841e-01  6.071922e-01
-4.90000e+00  3.60000e+00       1.541e+09 -1.453247e-01  0.000000e+00  5.625718e-01  8.546753e-01
-4.20000e+00  3.60000e+00       3.028e+09  5.942398e-02  0.000000e+00  5.027068e-01  9.405760e-01
-3.50000e+00  3.60000e+00       5.808e+09  2.670492e-01  0.000000e+00  3.421442e-01  7.329508e-01
-2.80000e+00  3.60000e+00       1.188e+10  4.936470e-01  0.000000e+00  2.285307e-01  5.063530e-01
-2.10000e+00  3.60000e+00       2.606e+10  7.261339e-01  0.000000e+00  3.775788e-01  2.738661e-01
-1.40000e+00  3.60000e+00       4.110e+10  8.285859e-01  0.000000e+00  5.859123e-01  1.714141e-01
-7.00000e-01  3.60000e+00       3.777e+10  6.454941e-01  0.000000e+00  4.385794e-01  3.545059e-01
 0.00000e+00  3.60000e+00       3.610e+10 -1.159201e-01  0.000000e+00 -7.648836e-15  8.840799e-01
 7.00000e-01  3.60000e+00       3.777e+10  6.454941e-01  0.000000e+00 -4.385794e-01  3.545059e-01
 1.40000e+00  3.60000e+00       4.110e+10  8.285859e-01  0.000000e+00 -5.859123e-01  1.714141e-01
 2.10000e+00  3.60000e+00       2.606e+10  7.261339e-01  0.000000e+00 -3.775788e-01  2.738661e-01
 2.80000e+00  3.60000e+00       1.188e+10  4.936470e-01  0.000000e+00 -2.285307e-01  5.063530e-01
 3.50000e+00  3.60000e+00       5.808e+09  2.670492e-01  0.000000e+00 -3.421442e-01  7.329508e-01
 4.20000e+00  3.60000e+00       3.028e+09  5.942398e-02  0.000000e+00 -5.027068e-01  9.405760e-01
 4.90000e+00  3.60000e+00       1.541e+09 -1.453247e-01  0.000000e+00 -5.625718e-01  8.546753e-01
 5.60000e+00  3.60000e+00       7.226e+08 -3.928078e-01  0.000000e+00 -4.803841e-01  6.071922e-01
 6.30000e+00  3.60000e+00       3.314e+08 -6.295555e-01  0.000000e+00 -2.598073e-01  3.704445e-01
 7.00000e+00  3.60000e+00       1.423e+08 -7.553639e-01  0.000000e+00 -1.686665e-02  2.446361e-01
-7.00000e+00  4.00000e+00       8.650e+07 -7.301663e-01  0.000000e+00  2.150729e-01  2.698337e-01
-6.30000e+00  4.00000e+00       2.558e+08 -6.182138e-01  0.000000e+00  3.505101e-01  3.817862e-01
-5.60000e+00  4.00000e+00       5.445e+08 -4.082240e-01  0.000000e+00  5.147929e-01  5.917760e-01
-4.90000e+00  4.00000e+00       1.027e+09 -1.921215e-01  0.000000e+00  6.111477e-01  8.078785e-01
-4.20000e+00  4.00000e+00       1.700e+09  3.685255e-03  0.000000e+00  6.156171e-01  9.963147e-01
-3.50000e+00  4.00000e+00       2.721e+09  2.395064e-01  0.000000e+00  5.065858e-01  7.604936e-01
-2.80000e+00  4.00000e+00       4.871e+09  5.761356e-01  0.000000e+00  3.504455e-01  4.238644e-01
-2.10000e+00  4.00000e+00       1.094e+10  9.793918e-01  0.000000e+00  4.610257e-01  2.060822e-02
-1.40000e+00  4.00000e+00       1.667e+10  8.313661e-01  0.000000e+00  8.575612e-01  1.686339e-01
-7.00000e-01  4.00000e+00       1.087e+10 -6.387726e-01  0.000000e+00  1.162438e+00  3.612274e-01
 0.00000e+00  4.00000e+00       2.887e+10 -2.647355e-01  0.000000e+00 -6.924018e-15  7.352645e-01
 7.00000e-01  4.00000e+00       1.087e+10 -6.387726e-01  0.000000e+00 -1.162438e+00  3.612274e-01
 1.40000e+00  4.00000e+00       1.667e+10  8.313661e-01  0.000000e+00 -8.575612e-01  1.686339e-01
 2.10000e+00  4.00000e+00       1.094e+10  9.793918e-01  0.000000e+00 -4.610257e-01  2.060822e-02
 2.80000e+00  4.00000e+00       4.871e+09  5.761356e-01  0.000000e+00 -3.504455e-01  4.238644e-01
 3.50000e+00  4.00000e+00       2.721e+09  2.395064e-01  0.000000e+00 -5.065858e-01  7.604936e-01
 4.20000e+00  4.00000e+00       1.700e+09  3.685255e-03  0.000000e+00 -6.156171e-01  9.963147e-01
 4.90000e+00  4.00000e+00       1.027e+09 -1.921215e-01  0.000000e+00 -6.111477e-01  8.078785e-01
 5.60000e+00  4.00000e+00       5.445e+08 -4.082240e-01  0.000000e+00 -5.147929e-01  5.917760e-01
 6.30000e+00  4.00000e+00       2.558e+08 -6.182138e-01  0.000000e+00 -3.505101e-01  3.817862e-01
 7.00000e+00  4.00000e+00       8.650e+07 -7.301663e-01  0.000000e+00 -2.150729e-01  2.698337e-01
