 EB(GeV)    EMITTANCEx EMITTANCEy SIZEx(m)   SIZEy(m)   DIVx(rad)  DIVy(rad)
 2.411e+00  5.499e-09  1.017e-12  8.711e-05  1.009e-06  6.313e-05  1.009e-06
 betax      alphax     betay      alphay     eta        deta       E_spread  
 1.380e+00  0.000e+00  1.000e+00  0.000e+00  0.000e+00  0.000e+00  8.600e-04
 Ibeam(A)   period(cm) #periods   Kx         Ky         Energy(eV)
 4.005e-01  1.900e+00         96  0.000e+00  1.780e+00  4.088e+03


           x            y       F.Density            PL            PC          PL45        1-|PL|
          mm           mm  ph/s/mr^2/0.1%             -             -             -             -
-7.00000e+00 -4.00000e+00       1.191e+09 -7.185111e-01  0.000000e+00 -1.024969e-01  2.814889e-01
-6.30000e+00 -4.00000e+00       4.132e+09 -4.220782e-01  0.000000e+00 -4.739898e-01  5.779218e-01
-5.60000e+00 -4.00000e+00       1.933e+10  1.340048e-01  0.000000e+00 -5.771379e-01  8.659952e-01
-4.90000e+00 -4.00000e+00       8.229e+10  5.085013e-01  0.000000e+00 -2.373154e-01  4.914987e-01
-4.20000e+00 -4.00000e+00       2.610e+11  3.954820e-01  0.000000e+00  1.805984e-01  6.045180e-01
-3.50000e+00 -4.00000e+00       6.413e+11  6.844639e-02  0.000000e+00  1.627044e-01  9.315536e-01
-2.80000e+00 -4.00000e+00       1.385e+12  2.254995e-01  0.000000e+00 -2.077174e-01  7.745005e-01
-2.10000e+00 -4.00000e+00       2.592e+12  3.830282e-01  0.000000e+00 -5.620124e-01  6.169718e-01
-1.40000e+00 -4.00000e+00       4.072e+12  1.773147e-01  0.000000e+00 -8.365489e-01  8.226853e-01
-7.00000e-01 -4.00000e+00       3.687e+12  1.419425e-01  0.000000e+00 -8.241729e-01  8.580575e-01
 0.00000e+00 -4.00000e+00       2.425e+12  2.747849e-01  0.000000e+00  3.594695e-15  7.252151e-01
 7.00000e-01 -4.00000e+00       3.687e+12  1.419425e-01  0.000000e+00  8.241729e-01  8.580575e-01
 1.40000e+00 -4.00000e+00       4.072e+12  1.773147e-01  0.000000e+00  8.365489e-01  8.226853e-01
 2.10000e+00 -4.00000e+00       2.592e+12  3.830282e-01  0.000000e+00  5.620124e-01  6.169718e-01
 2.80000e+00 -4.00000e+00       1.385e+12  2.254995e-01  0.000000e+00  2.077174e-01  7.745005e-01
 3.50000e+00 -4.00000e+00       6.413e+11  6.844639e-02  0.000000e+00 -1.627044e-01  9.315536e-01
 4.20000e+00 -4.00000e+00       2.610e+11  3.954820e-01  0.000000e+00 -1.805984e-01  6.045180e-01
 4.90000e+00 -4.00000e+00       8.229e+10  5.085013e-01  0.000000e+00  2.373154e-01  4.914987e-01
 5.60000e+00 -4.00000e+00       1.933e+10  1.340048e-01  0.000000e+00  5.771379e-01  8.659952e-01
 6.30000e+00 -4.00000e+00       4.132e+09 -4.220782e-01  0.000000e+00  4.739898e-01  5.779218e-01
 7.00000e+00 -4.00000e+00       1.191e+09 -7.185111e-01  0.000000e+00  1.024969e-01  2.814889e-01
-7.00000e+00 -3.60000e+00       4.206e+09 -2.131514e-01  0.000000e+00  5.501923e-01  7.868486e-01
-6.30000e+00 -3.60000e+00       2.492e+10 -4.418346e-01  0.000000e+00  4.355993e-01  5.581654e-01
-5.60000e+00 -3.60000e+00       1.337e+11 -5.374496e-01  0.000000e+00 -6.754465e-02  4.625504e-01
-4.90000e+00 -3.60000e+00       5.994e+11 -1.549120e-01  0.000000e+00 -4.936687e-01  8.450880e-01
-4.20000e+00 -3.60000e+00       2.087e+12  3.564977e-01  0.000000e+00 -4.023307e-01  6.435023e-01
-3.50000e+00 -3.60000e+00       5.185e+12  4.671725e-01  0.000000e+00 -6.111309e-03  5.328275e-01
-2.80000e+00 -3.60000e+00       9.299e+12  5.479227e-02  0.000000e+00  1.063786e-01  9.452077e-01
-2.10000e+00 -3.60000e+00       1.445e+13 -4.175510e-01  0.000000e+00  1.341591e-01  5.824490e-01
-1.40000e+00 -3.60000e+00       2.314e+13 -5.095060e-01  0.000000e+00  5.590937e-01  4.904940e-01
-7.00000e-01 -3.60000e+00       2.247e+13 -4.764427e-01  0.000000e+00  6.993272e-01  5.235573e-01
 0.00000e+00 -3.60000e+00       1.460e+13 -4.295851e-01  0.000000e+00 -6.067684e-15  5.704149e-01
 7.00000e-01 -3.60000e+00       2.247e+13 -4.764427e-01  0.000000e+00 -6.993272e-01  5.235573e-01
 1.40000e+00 -3.60000e+00       2.314e+13 -5.095060e-01  0.000000e+00 -5.590937e-01  4.904940e-01
 2.10000e+00 -3.60000e+00       1.445e+13 -4.175510e-01  0.000000e+00 -1.341591e-01  5.824490e-01
 2.80000e+00 -3.60000e+00       9.299e+12  5.479227e-02  0.000000e+00 -1.063786e-01  9.452077e-01
 3.50000e+00 -3.60000e+00       5.185e+12  4.671725e-01  0.000000e+00  6.111309e-03  5.328275e-01
 4.20000e+00 -3.60000e+00       2.087e+12  3.564977e-01  0.000000e+00  4.023307e-01  6.435023e-01
 4.90000e+00 -3.60000e+00       5.994e+11 -1.549120e-01  0.000000e+00  4.936687e-01  8.450880e-01
 5.60000e+00 -3.60000e+00       1.337e+11 -5.374496e-01  0.000000e+00  6.754465e-02  4.625504e-01
 6.30000e+00 -3.60000e+00       2.492e+10 -4.418346e-01  0.000000e+00 -4.355993e-01  5.581654e-01
 7.00000e+00 -3.60000e+00       4.206e+09 -2.131514e-01  0.000000e+00 -5.501923e-01  7.868486e-01
-7.00000e+00 -3.20000e+00       3.252e+10  7.636289e-01  0.000000e+00  3.249922e-01  2.363711e-01
-6.30000e+00 -3.20000e+00       2.151e+11  5.689611e-01  0.000000e+00  5.980745e-01  4.310389e-01
-5.60000e+00 -3.20000e+00       1.001e+12  1.396798e-01  0.000000e+00  7.057468e-01  8.603202e-01
-4.90000e+00 -3.20000e+00       3.507e+12 -3.140527e-01  0.000000e+00  4.008222e-01  6.859473e-01
-4.20000e+00 -3.20000e+00       1.049e+13 -2.856859e-01  0.000000e+00 -2.016390e-01  7.143141e-01
-3.50000e+00 -3.20000e+00       2.708e+13  1.930221e-01  0.000000e+00 -3.909378e-01  8.069779e-01
-2.80000e+00 -3.20000e+00       5.200e+13  3.804698e-01  0.000000e+00 -1.773306e-03  6.195302e-01
-2.10000e+00 -3.20000e+00       7.632e+13  2.029168e-01  0.000000e+00  5.698287e-01  7.970832e-01
-1.40000e+00 -3.20000e+00       1.367e+14  2.813248e-01  0.000000e+00  8.390004e-01  7.186752e-01
-7.00000e-01 -3.20000e+00       2.096e+14  3.697665e-01  0.000000e+00  7.396699e-01  6.302335e-01
 0.00000e+00 -3.20000e+00       2.035e+14  3.766345e-01  0.000000e+00  9.273637e-16  6.233655e-01
 7.00000e-01 -3.20000e+00       2.096e+14  3.697665e-01  0.000000e+00 -7.396699e-01  6.302335e-01
 1.40000e+00 -3.20000e+00       1.367e+14  2.813248e-01  0.000000e+00 -8.390004e-01  7.186752e-01
 2.10000e+00 -3.20000e+00       7.632e+13  2.029168e-01  0.000000e+00 -5.698287e-01  7.970832e-01
 2.80000e+00 -3.20000e+00       5.200e+13  3.804698e-01  0.000000e+00  1.773306e-03  6.195302e-01
 3.50000e+00 -3.20000e+00       2.708e+13  1.930221e-01  0.000000e+00  3.909378e-01  8.069779e-01
 4.20000e+00 -3.20000e+00       1.049e+13 -2.856859e-01  0.000000e+00  2.016390e-01  7.143141e-01
 4.90000e+00 -3.20000e+00       3.507e+12 -3.140527e-01  0.000000e+00 -4.008222e-01  6.859473e-01
 5.60000e+00 -3.20000e+00       1.001e+12  1.396798e-01  0.000000e+00 -7.057468e-01  8.603202e-01
 6.30000e+00 -3.20000e+00       2.151e+11  5.689611e-01  0.000000e+00 -5.980745e-01  4.310389e-01
 7.00000e+00 -3.20000e+00       3.252e+10  7.636289e-01  0.000000e+00 -3.249922e-01  2.363711e-01
-7.00000e+00 -2.80000e+00       2.106e+11  8.595829e-01  0.000000e+00 -3.593398e-01  1.404171e-01
-6.30000e+00 -2.80000e+00       1.438e+12  9.171413e-01  0.000000e+00 -7.620881e-02  8.285869e-02
-5.60000e+00 -2.80000e+00       6.618e+12  8.388617e-01  0.000000e+00  2.591538e-01  1.611383e-01
-4.90000e+00 -2.80000e+00       2.080e+13  5.459035e-01  0.000000e+00  5.520654e-01  4.540965e-01
-4.20000e+00 -2.80000e+00       4.787e+13  4.816274e-02  0.000000e+00  5.330998e-01  9.518373e-01
-3.50000e+00 -2.80000e+00       9.675e+13 -1.847468e-01  0.000000e+00  1.054648e-02  8.152532e-01
-2.80000e+00 -2.80000e+00       1.894e+14  1.764329e-01  0.000000e+00 -2.258991e-01  8.235671e-01
-2.10000e+00 -2.80000e+00       2.900e+14  5.293387e-01  0.000000e+00  1.728576e-01  4.706613e-01
-1.40000e+00 -2.80000e+00       2.351e+14  6.481344e-01  0.000000e+00  5.041367e-01  3.518656e-01
-7.00000e-01 -2.80000e+00       8.029e+13  6.111172e-01  0.000000e+00  5.468314e-01  3.888828e-01
 0.00000e+00 -2.80000e+00       2.933e+13  3.929414e-01  0.000000e+00  6.993687e-15  6.070586e-01
 7.00000e-01 -2.80000e+00       8.029e+13  6.111172e-01  0.000000e+00 -5.468314e-01  3.888828e-01
 1.40000e+00 -2.80000e+00       2.351e+14  6.481344e-01  0.000000e+00 -5.041367e-01  3.518656e-01
 2.10000e+00 -2.80000e+00       2.900e+14  5.293387e-01  0.000000e+00 -1.728576e-01  4.706613e-01
 2.80000e+00 -2.80000e+00       1.894e+14  1.764329e-01  0.000000e+00  2.258991e-01  8.235671e-01
 3.50000e+00 -2.80000e+00       9.675e+13 -1.847468e-01  0.000000e+00 -1.054648e-02  8.152532e-01
 4.20000e+00 -2.80000e+00       4.787e+13  4.816274e-02  0.000000e+00 -5.330998e-01  9.518373e-01
 4.90000e+00 -2.80000e+00       2.080e+13  5.459035e-01  0.000000e+00 -5.520654e-01  4.540965e-01
 5.60000e+00 -2.80000e+00       6.618e+12  8.388617e-01  0.000000e+00 -2.591538e-01  1.611383e-01
 6.30000e+00 -2.80000e+00       1.438e+12  9.171413e-01  0.000000e+00  7.620881e-02  8.285869e-02
 7.00000e+00 -2.80000e+00       2.106e+11  8.595829e-01  0.000000e+00  3.593398e-01  1.404171e-01
-7.00000e+00 -2.40000e+00       8.692e+11  5.384691e-01  0.000000e+00 -7.890720e-01  4.615309e-01
-6.30000e+00 -2.40000e+00       6.004e+12  7.264076e-01  0.000000e+00 -6.073985e-01  2.735924e-01
-5.60000e+00 -2.40000e+00       2.846e+13  8.623251e-01  0.000000e+00 -3.443161e-01  1.376749e-01
-4.90000e+00 -2.40000e+00       9.263e+13  8.909983e-01  0.000000e+00 -5.706847e-03  1.090017e-01
-4.20000e+00 -2.40000e+00       2.070e+14  7.202510e-01  0.000000e+00  3.478927e-01  2.797490e-01
-3.50000e+00 -2.40000e+00       3.353e+14  2.855721e-01  0.000000e+00  4.664529e-01  7.144279e-01
-2.80000e+00 -2.40000e+00       4.926e+14 -2.799271e-02  0.000000e+00  9.613693e-02  9.720073e-01
-2.10000e+00 -2.40000e+00       8.303e+14  3.471636e-01  0.000000e+00  7.198249e-02  6.528364e-01
-1.40000e+00 -2.40000e+00       1.097e+15  7.073433e-01  0.000000e+00  3.616726e-01  2.926567e-01
-7.00000e-01 -2.40000e+00       6.153e+14  8.120836e-01  0.000000e+00  4.668904e-01  1.879164e-01
 0.00000e+00 -2.40000e+00       2.231e+14  8.307486e-01  0.000000e+00  3.716302e-15  1.692514e-01
 7.00000e-01 -2.40000e+00       6.153e+14  8.120836e-01  0.000000e+00 -4.668904e-01  1.879164e-01
 1.40000e+00 -2.40000e+00       1.097e+15  7.073433e-01  0.000000e+00 -3.616726e-01  2.926567e-01
 2.10000e+00 -2.40000e+00       8.303e+14  3.471636e-01  0.000000e+00 -7.198249e-02  6.528364e-01
 2.80000e+00 -2.40000e+00       4.926e+14 -2.799271e-02  0.000000e+00 -9.613693e-02  9.720073e-01
 3.50000e+00 -2.40000e+00       3.353e+14  2.855721e-01  0.000000e+00 -4.664529e-01  7.144279e-01
 4.20000e+00 -2.40000e+00       2.070e+14  7.202510e-01  0.000000e+00 -3.478927e-01  2.797490e-01
 4.90000e+00 -2.40000e+00       9.263e+13  8.909983e-01  0.000000e+00  5.706847e-03  1.090017e-01
 5.60000e+00 -2.40000e+00       2.846e+13  8.623251e-01  0.000000e+00  3.443161e-01  1.376749e-01
 6.30000e+00 -2.40000e+00       6.004e+12  7.264076e-01  0.000000e+00  6.073985e-01  2.735924e-01
 7.00000e+00 -2.40000e+00       8.692e+11  5.384691e-01  0.000000e+00  7.890720e-01  4.615309e-01
-7.00000e+00 -2.00000e+00       2.311e+12  1.246315e-01  0.000000e+00 -9.496148e-01  8.753685e-01
-6.30000e+00 -2.00000e+00       1.587e+13  3.768380e-01  0.000000e+00 -8.733284e-01  6.231620e-01
-5.60000e+00 -2.00000e+00       7.675e+13  6.154272e-01  0.000000e+00 -7.122086e-01  3.845728e-01
-4.90000e+00 -2.00000e+00       2.632e+14  8.028411e-01  0.000000e+00 -4.598543e-01  1.971589e-01
-4.20000e+00 -2.00000e+00       6.332e+14  8.831059e-01  0.000000e+00 -1.244706e-01  1.168941e-01
-3.50000e+00 -2.00000e+00       1.048e+15  7.678337e-01  0.000000e+00  2.300844e-01  2.321663e-01
-2.80000e+00 -2.00000e+00       1.247e+15  3.644276e-01  0.000000e+00  3.200044e-01  6.355724e-01
-2.10000e+00 -2.00000e+00       1.280e+15 -1.830494e-01  0.000000e+00 -3.090601e-02  8.169506e-01
-1.40000e+00 -2.00000e+00       1.742e+15 -5.361636e-01  0.000000e+00  2.324292e-01  4.638364e-01
-7.00000e-01 -2.00000e+00       2.885e+15 -6.256658e-01  0.000000e+00  4.616613e-01  3.743342e-01
 0.00000e+00 -2.00000e+00       3.229e+15 -6.366154e-01  0.000000e+00 -1.154946e-15  3.633846e-01
 7.00000e-01 -2.00000e+00       2.885e+15 -6.256658e-01  0.000000e+00 -4.616613e-01  3.743342e-01
 1.40000e+00 -2.00000e+00       1.742e+15 -5.361636e-01  0.000000e+00 -2.324292e-01  4.638364e-01
 2.10000e+00 -2.00000e+00       1.280e+15 -1.830494e-01  0.000000e+00  3.090601e-02  8.169506e-01
 2.80000e+00 -2.00000e+00       1.247e+15  3.644276e-01  0.000000e+00 -3.200044e-01  6.355724e-01
 3.50000e+00 -2.00000e+00       1.048e+15  7.678337e-01  0.000000e+00 -2.300844e-01  2.321663e-01
 4.20000e+00 -2.00000e+00       6.332e+14  8.831059e-01  0.000000e+00  1.244706e-01  1.168941e-01
 4.90000e+00 -2.00000e+00       2.632e+14  8.028411e-01  0.000000e+00  4.598543e-01  1.971589e-01
 5.60000e+00 -2.00000e+00       7.675e+13  6.154272e-01  0.000000e+00  7.122086e-01  3.845728e-01
 6.30000e+00 -2.00000e+00       1.587e+13  3.768380e-01  0.000000e+00  8.733284e-01  6.231620e-01
 7.00000e+00 -2.00000e+00       2.311e+12  1.246315e-01  0.000000e+00  9.496148e-01  8.753685e-01
-7.00000e+00 -1.60000e+00       4.101e+12 -2.596064e-01  0.000000e+00 -9.124063e-01  7.403936e-01
-6.30000e+00 -1.60000e+00       2.773e+13  3.160110e-02  0.000000e+00 -9.420885e-01  9.683989e-01
-5.60000e+00 -1.60000e+00       1.357e+14  3.353473e-01  0.000000e+00 -8.751179e-01  6.646527e-01
-4.90000e+00 -1.60000e+00       4.879e+14  6.100669e-01  0.000000e+00 -7.041817e-01  3.899331e-01
-4.20000e+00 -1.60000e+00       1.279e+15  8.097101e-01  0.000000e+00 -4.395276e-01  1.902899e-01
-3.50000e+00 -1.60000e+00       2.353e+15  8.849305e-01  0.000000e+00 -1.061765e-01  1.150695e-01
-2.80000e+00 -1.60000e+00       2.981e+15  7.796906e-01  0.000000e+00  1.985976e-01  2.203094e-01
-2.10000e+00 -1.60000e+00       3.162e+15  5.420006e-01  0.000000e+00  5.759438e-03  4.579994e-01
-1.40000e+00 -1.60000e+00       3.141e+15  4.286344e-01  0.000000e+00 -5.755294e-01  5.713656e-01
-7.00000e-01 -1.60000e+00       1.649e+15  4.222139e-01  0.000000e+00 -7.945874e-01  5.777861e-01
 0.00000e+00 -1.60000e+00       5.979e+14  4.394877e-01  0.000000e+00 -1.072537e-14  5.605123e-01
 7.00000e-01 -1.60000e+00       1.649e+15  4.222139e-01  0.000000e+00  7.945874e-01  5.777861e-01
 1.40000e+00 -1.60000e+00       3.141e+15  4.286344e-01  0.000000e+00  5.755294e-01  5.713656e-01
 2.10000e+00 -1.60000e+00       3.162e+15  5.420006e-01  0.000000e+00 -5.759438e-03  4.579994e-01
 2.80000e+00 -1.60000e+00       2.981e+15  7.796906e-01  0.000000e+00 -1.985976e-01  2.203094e-01
 3.50000e+00 -1.60000e+00       2.353e+15  8.849305e-01  0.000000e+00  1.061765e-01  1.150695e-01
 4.20000e+00 -1.60000e+00       1.279e+15  8.097101e-01  0.000000e+00  4.395276e-01  1.902899e-01
 4.90000e+00 -1.60000e+00       4.879e+14  6.100669e-01  0.000000e+00  7.041817e-01  3.899331e-01
 5.60000e+00 -1.60000e+00       1.357e+14  3.353473e-01  0.000000e+00  8.751179e-01  6.646527e-01
 6.30000e+00 -1.60000e+00       2.773e+13  3.160110e-02  0.000000e+00  9.420885e-01  9.683989e-01
 7.00000e+00 -1.60000e+00       4.101e+12 -2.596064e-01  0.000000e+00  9.124063e-01  7.403936e-01
-7.00000e+00 -1.20000e+00       4.886e+12 -5.596309e-01  0.000000e+00 -7.328145e-01  4.403691e-01
-6.30000e+00 -1.20000e+00       3.257e+13 -2.356391e-01  0.000000e+00 -8.853268e-01  7.643609e-01
-5.60000e+00 -1.20000e+00       1.630e+14  1.317911e-01  0.000000e+00 -9.082731e-01  8.682089e-01
-4.90000e+00 -1.20000e+00       6.229e+14  4.725033e-01  0.000000e+00 -7.953559e-01  5.274967e-01
-4.20000e+00 -1.20000e+00       1.797e+15  7.306220e-01  0.000000e+00 -5.782574e-01  2.693780e-01
-3.50000e+00 -1.20000e+00       3.745e+15  8.789929e-01  0.000000e+00 -3.013866e-01  1.210071e-01
-2.80000e+00 -1.20000e+00       5.151e+15  8.882473e-01  0.000000e+00 -3.961097e-03  1.117527e-01
-2.10000e+00 -1.20000e+00       4.228e+15  6.826877e-01  0.000000e+00  3.217129e-01  3.173123e-01
-1.40000e+00 -1.20000e+00       2.024e+15  3.158360e-01  0.000000e+00  6.478821e-01  6.841640e-01
-7.00000e-01 -1.20000e+00       6.225e+14  2.187787e-01  0.000000e+00  6.699787e-01  7.812213e-01
 0.00000e+00 -1.20000e+00       3.248e+14  5.079635e-01  0.000000e+00  7.632959e-15  4.920365e-01
 7.00000e-01 -1.20000e+00       6.225e+14  2.187787e-01  0.000000e+00 -6.699787e-01  7.812213e-01
 1.40000e+00 -1.20000e+00       2.024e+15  3.158360e-01  0.000000e+00 -6.478821e-01  6.841640e-01
 2.10000e+00 -1.20000e+00       4.228e+15  6.826877e-01  0.000000e+00 -3.217129e-01  3.173123e-01
 2.80000e+00 -1.20000e+00       5.151e+15  8.882473e-01  0.000000e+00  3.961097e-03  1.117527e-01
 3.50000e+00 -1.20000e+00       3.745e+15  8.789929e-01  0.000000e+00  3.013866e-01  1.210071e-01
 4.20000e+00 -1.20000e+00       1.797e+15  7.306220e-01  0.000000e+00  5.782574e-01  2.693780e-01
 4.90000e+00 -1.20000e+00       6.229e+14  4.725033e-01  0.000000e+00  7.953559e-01  5.274967e-01
 5.60000e+00 -1.20000e+00       1.630e+14  1.317911e-01  0.000000e+00  9.082731e-01  8.682089e-01
 6.30000e+00 -1.20000e+00       3.257e+13 -2.356391e-01  0.000000e+00  8.853268e-01  7.643609e-01
 7.00000e+00 -1.20000e+00       4.886e+12 -5.596309e-01  0.000000e+00  7.328145e-01  4.403691e-01
-7.00000e+00 -8.00000e-01       3.731e+12 -7.202564e-01  0.000000e+00 -4.430233e-01  2.797436e-01
-6.30000e+00 -8.00000e-01       2.502e+13 -3.547000e-01  0.000000e+00 -7.666630e-01  6.453000e-01
-5.60000e+00 -8.00000e-01       1.347e+14  1.012459e-01  0.000000e+00 -8.709828e-01  8.987541e-01
-4.90000e+00 -8.00000e-01       5.768e+14  4.922908e-01  0.000000e+00 -7.722369e-01  5.077092e-01
-4.20000e+00 -8.00000e-01       1.897e+15  7.528719e-01  0.000000e+00 -5.682251e-01  2.471281e-01
-3.50000e+00 -8.00000e-01       4.522e+15  8.951895e-01  0.000000e+00 -3.344040e-01  1.048105e-01
-2.80000e+00 -8.00000e-01       7.287e+15  9.494438e-01  0.000000e+00 -9.338468e-02  5.055619e-02
-2.10000e+00 -8.00000e-01       8.438e+15  9.492002e-01  0.000000e+00  7.066368e-02  5.079981e-02
-1.40000e+00 -8.00000e-01       1.169e+16  9.473092e-01  0.000000e+00 -1.157575e-01  5.269083e-02
-7.00000e-01 -8.00000e-01       1.629e+16  9.525050e-01  0.000000e+00 -2.204659e-01  4.749501e-02
 0.00000e+00 -8.00000e-01       1.540e+16  9.538229e-01  0.000000e+00  1.034093e-15  4.617708e-02
 7.00000e-01 -8.00000e-01       1.629e+16  9.525050e-01  0.000000e+00  2.204659e-01  4.749501e-02
 1.40000e+00 -8.00000e-01       1.169e+16  9.473092e-01  0.000000e+00  1.157575e-01  5.269083e-02
 2.10000e+00 -8.00000e-01       8.438e+15  9.492002e-01  0.000000e+00 -7.066368e-02  5.079981e-02
 2.80000e+00 -8.00000e-01       7.287e+15  9.494438e-01  0.000000e+00  9.338468e-02  5.055619e-02
 3.50000e+00 -8.00000e-01       4.522e+15  8.951895e-01  0.000000e+00  3.344040e-01  1.048105e-01
 4.20000e+00 -8.00000e-01       1.897e+15  7.528719e-01  0.000000e+00  5.682251e-01  2.471281e-01
 4.90000e+00 -8.00000e-01       5.768e+14  4.922908e-01  0.000000e+00  7.722369e-01  5.077092e-01
 5.60000e+00 -8.00000e-01       1.347e+14  1.012459e-01  0.000000e+00  8.709828e-01  8.987541e-01
 6.30000e+00 -8.00000e-01       2.502e+13 -3.547000e-01  0.000000e+00  7.666630e-01  6.453000e-01
 7.00000e+00 -8.00000e-01       3.731e+12 -7.202564e-01  0.000000e+00  4.430233e-01  2.797436e-01
-7.00000e+00 -4.00000e-01       1.522e+12 -5.184792e-01  0.000000e+00 -4.503918e-02  4.815208e-01
-6.30000e+00 -4.00000e-01       1.122e+13 -8.385080e-02  0.000000e+00 -6.376207e-01  9.161492e-01
-5.60000e+00 -4.00000e-01       7.834e+13  4.438064e-01  0.000000e+00 -7.284342e-01  5.561936e-01
-4.90000e+00 -4.00000e-01       4.308e+14  7.512024e-01  0.000000e+00 -5.685382e-01  2.487976e-01
-4.20000e+00 -4.00000e-01       1.705e+15  8.953746e-01  0.000000e+00 -3.823675e-01  1.046254e-01
-3.50000e+00 -4.00000e-01       4.667e+15  9.590231e-01  0.000000e+00 -2.224323e-01  4.097695e-02
-2.80000e+00 -4.00000e-01       8.417e+15  9.836657e-01  0.000000e+00 -8.963186e-02  1.633426e-02
-2.10000e+00 -4.00000e-01       9.128e+15  9.789707e-01  0.000000e+00 -2.348772e-02  2.102930e-02
-1.40000e+00 -4.00000e-01       5.619e+15  9.097277e-01  0.000000e+00 -1.560610e-01  9.027231e-02
-7.00000e-01 -4.00000e-01       2.503e+15  7.795725e-01  0.000000e+00 -4.508828e-01  2.204275e-01
 0.00000e+00 -4.00000e-01       1.288e+15  7.296601e-01  0.000000e+00  7.932657e-15  2.703399e-01
 7.00000e-01 -4.00000e-01       2.503e+15  7.795725e-01  0.000000e+00  4.508828e-01  2.204275e-01
 1.40000e+00 -4.00000e-01       5.619e+15  9.097277e-01  0.000000e+00  1.560610e-01  9.027231e-02
 2.10000e+00 -4.00000e-01       9.128e+15  9.789707e-01  0.000000e+00  2.348772e-02  2.102930e-02
 2.80000e+00 -4.00000e-01       8.417e+15  9.836657e-01  0.000000e+00  8.963186e-02  1.633426e-02
 3.50000e+00 -4.00000e-01       4.667e+15  9.590231e-01  0.000000e+00  2.224323e-01  4.097695e-02
 4.20000e+00 -4.00000e-01       1.705e+15  8.953746e-01  0.000000e+00  3.823675e-01  1.046254e-01
 4.90000e+00 -4.00000e-01       4.308e+14  7.512024e-01  0.000000e+00  5.685382e-01  2.487976e-01
 5.60000e+00 -4.00000e-01       7.834e+13  4.438064e-01  0.000000e+00  7.284342e-01  5.561936e-01
 6.30000e+00 -4.00000e-01       1.122e+13 -8.385080e-02  0.000000e+00  6.376207e-01  9.161492e-01
 7.00000e+00 -4.00000e-01       1.522e+12 -5.184792e-01  0.000000e+00  4.503918e-02  4.815208e-01
-7.00000e+00  0.00000e+00       4.081e+11  9.958984e-01  0.000000e+00 -2.908060e-10  4.101626e-03
-6.30000e+00  0.00000e+00       4.373e+12  9.979909e-01  0.000000e+00  6.571415e-11  2.009090e-03
-5.60000e+00  0.00000e+00       5.032e+13  9.993739e-01  0.000000e+00  3.859893e-11  6.261145e-04
-4.90000e+00  0.00000e+00       3.549e+14  9.997800e-01  0.000000e+00  1.597981e-11  2.199564e-04
-4.20000e+00  0.00000e+00       1.583e+15  9.999168e-01  0.000000e+00  5.861486e-12  8.315883e-05
-3.50000e+00  0.00000e+00       4.631e+15  9.999689e-01  0.000000e+00  3.503984e-12  3.106106e-05
-2.80000e+00  0.00000e+00       8.685e+15  9.999881e-01  0.000000e+00  1.806752e-12  1.190337e-05
-2.10000e+00  0.00000e+00       9.141e+15  9.999842e-01  0.000000e+00  7.267072e-13  1.582689e-05
-1.40000e+00  0.00000e+00       4.313e+15  9.999132e-01  0.000000e+00  2.310058e-11  8.681913e-05
-7.00000e-01  0.00000e+00       9.175e+14  9.995226e-01  0.000000e+00  2.215927e-10  4.774091e-04
 0.00000e+00  0.00000e+00       2.641e+14  9.985990e-01  0.000000e+00  1.187405e-16  1.400991e-03
 7.00000e-01  0.00000e+00       9.175e+14  9.995226e-01  0.000000e+00 -2.215925e-10  4.774091e-04
 1.40000e+00  0.00000e+00       4.313e+15  9.999132e-01  0.000000e+00 -2.310060e-11  8.681913e-05
 2.10000e+00  0.00000e+00       9.141e+15  9.999842e-01  0.000000e+00 -7.266826e-13  1.582689e-05
 2.80000e+00  0.00000e+00       8.685e+15  9.999881e-01  0.000000e+00 -1.806658e-12  1.190337e-05
 3.50000e+00  0.00000e+00       4.631e+15  9.999689e-01  0.000000e+00 -3.503729e-12  3.106106e-05
 4.20000e+00  0.00000e+00       1.583e+15  9.999168e-01  0.000000e+00 -5.861005e-12  8.315883e-05
 4.90000e+00  0.00000e+00       3.549e+14  9.997800e-01  0.000000e+00 -1.597867e-11  2.199564e-04
 5.60000e+00  0.00000e+00       5.032e+13  9.993739e-01  0.000000e+00 -3.859752e-11  6.261145e-04
 6.30000e+00  0.00000e+00       4.373e+12  9.979909e-01  0.000000e+00 -6.571187e-11  2.009090e-03
 7.00000e+00  0.00000e+00       4.081e+11  9.958984e-01  0.000000e+00  2.908041e-10  4.101626e-03
-7.00000e+00  4.00000e-01       1.522e+12 -5.184792e-01  0.000000e+00  4.503918e-02  4.815208e-01
-6.30000e+00  4.00000e-01       1.122e+13 -8.385080e-02  0.000000e+00  6.376207e-01  9.161492e-01
-5.60000e+00  4.00000e-01       7.834e+13  4.438064e-01  0.000000e+00  7.284342e-01  5.561936e-01
-4.90000e+00  4.00000e-01       4.308e+14  7.512024e-01  0.000000e+00  5.685382e-01  2.487976e-01
-4.20000e+00  4.00000e-01       1.705e+15  8.953746e-01  0.000000e+00  3.823675e-01  1.046254e-01
-3.50000e+00  4.00000e-01       4.667e+15  9.590231e-01  0.000000e+00  2.224323e-01  4.097695e-02
-2.80000e+00  4.00000e-01       8.417e+15  9.836657e-01  0.000000e+00  8.963186e-02  1.633426e-02
-2.10000e+00  4.00000e-01       9.128e+15  9.789707e-01  0.000000e+00  2.348772e-02  2.102930e-02
-1.40000e+00  4.00000e-01       5.619e+15  9.097277e-01  0.000000e+00  1.560610e-01  9.027231e-02
-7.00000e-01  4.00000e-01       2.503e+15  7.795725e-01  0.000000e+00  4.508828e-01  2.204275e-01
 0.00000e+00  4.00000e-01       1.288e+15  7.296601e-01  0.000000e+00 -7.957785e-15  2.703399e-01
 7.00000e-01  4.00000e-01       2.503e+15  7.795725e-01  0.000000e+00 -4.508828e-01  2.204275e-01
 1.40000e+00  4.00000e-01       5.619e+15  9.097277e-01  0.000000e+00 -1.560610e-01  9.027231e-02
 2.10000e+00  4.00000e-01       9.128e+15  9.789707e-01  0.000000e+00 -2.348772e-02  2.102930e-02
 2.80000e+00  4.00000e-01       8.417e+15  9.836657e-01  0.000000e+00 -8.963186e-02  1.633426e-02
 3.50000e+00  4.00000e-01       4.667e+15  9.590231e-01  0.000000e+00 -2.224323e-01  4.097695e-02
 4.20000e+00  4.00000e-01       1.705e+15  8.953746e-01  0.000000e+00 -3.823675e-01  1.046254e-01
 4.90000e+00  4.00000e-01       4.308e+14  7.512024e-01  0.000000e+00 -5.685382e-01  2.487976e-01
 5.60000e+00  4.00000e-01       7.834e+13  4.438064e-01  0.000000e+00 -7.284342e-01  5.561936e-01
 6.30000e+00  4.00000e-01       1.122e+13 -8.385080e-02  0.000000e+00 -6.376207e-01  9.161492e-01
 7.00000e+00  4.00000e-01       1.522e+12 -5.184792e-01  0.000000e+00 -4.503918e-02  4.815208e-01
-7.00000e+00  8.00000e-01       3.731e+12 -7.202564e-01  0.000000e+00  4.430233e-01  2.797436e-01
-6.30000e+00  8.00000e-01       2.502e+13 -3.547000e-01  0.000000e+00  7.666630e-01  6.453000e-01
-5.60000e+00  8.00000e-01       1.347e+14  1.012459e-01  0.000000e+00  8.709828e-01  8.987541e-01
-4.90000e+00  8.00000e-01       5.768e+14  4.922908e-01  0.000000e+00  7.722369e-01  5.077092e-01
-4.20000e+00  8.00000e-01       1.897e+15  7.528719e-01  0.000000e+00  5.682251e-01  2.471281e-01
-3.50000e+00  8.00000e-01       4.522e+15  8.951895e-01  0.000000e+00  3.344040e-01  1.048105e-01
-2.80000e+00  8.00000e-01       7.287e+15  9.494438e-01  0.000000e+00  9.338468e-02  5.055619e-02
-2.10000e+00  8.00000e-01       8.438e+15  9.492002e-01  0.000000e+00 -7.066368e-02  5.079981e-02
-1.40000e+00  8.00000e-01       1.169e+16  9.473092e-01  0.000000e+00  1.157575e-01  5.269083e-02
-7.00000e-01  8.00000e-01       1.629e+16  9.525050e-01  0.000000e+00  2.204659e-01  4.749501e-02
 0.00000e+00  8.00000e-01       1.540e+16  9.538229e-01  0.000000e+00  1.559373e-15  4.617708e-02
 7.00000e-01  8.00000e-01       1.629e+16  9.525050e-01  0.000000e+00 -2.204659e-01  4.749501e-02
 1.40000e+00  8.00000e-01       1.169e+16  9.473092e-01  0.000000e+00 -1.157575e-01  5.269083e-02
 2.10000e+00  8.00000e-01       8.438e+15  9.492002e-01  0.000000e+00  7.066368e-02  5.079981e-02
 2.80000e+00  8.00000e-01       7.287e+15  9.494438e-01  0.000000e+00 -9.338468e-02  5.055619e-02
 3.50000e+00  8.00000e-01       4.522e+15  8.951895e-01  0.000000e+00 -3.344040e-01  1.048105e-01
 4.20000e+00  8.00000e-01       1.897e+15  7.528719e-01  0.000000e+00 -5.682251e-01  2.471281e-01
 4.90000e+00  8.00000e-01       5.768e+14  4.922908e-01  0.000000e+00 -7.722369e-01  5.077092e-01
 5.60000e+00  8.00000e-01       1.347e+14  1.012459e-01  0.000000e+00 -8.709828e-01  8.987541e-01
 6.30000e+00  8.00000e-01       2.502e+13 -3.547000e-01  0.000000e+00 -7.666630e-01  6.453000e-01
 7.00000e+00  8.00000e-01       3.731e+12 -7.202564e-01  0.000000e+00 -4.430233e-01  2.797436e-01
-7.00000e+00  1.20000e+00       4.886e+12 -5.596309e-01  0.000000e+00  7.328145e-01  4.403691e-01
-6.30000e+00  1.20000e+00       3.257e+13 -2.356391e-01  0.000000e+00  8.853268e-01  7.643609e-01
-5.60000e+00  1.20000e+00       1.630e+14  1.317911e-01  0.000000e+00  9.082731e-01  8.682089e-01
-4.90000e+00  1.20000e+00       6.229e+14  4.725033e-01  0.000000e+00  7.953559e-01  5.274967e-01
-4.20000e+00  1.20000e+00       1.797e+15  7.306220e-01  0.000000e+00  5.782574e-01  2.693780e-01
-3.50000e+00  1.20000e+00       3.745e+15  8.789929e-01  0.000000e+00  3.013866e-01  1.210071e-01
-2.80000e+00  1.20000e+00       5.151e+15  8.882473e-01  0.000000e+00  3.961097e-03  1.117527e-01
-2.10000e+00  1.20000e+00       4.228e+15  6.826877e-01  0.000000e+00 -3.217129e-01  3.173123e-01
-1.40000e+00  1.20000e+00       2.024e+15  3.158360e-01  0.000000e+00 -6.478821e-01  6.841640e-01
-7.00000e-01  1.20000e+00       6.225e+14  2.187787e-01  0.000000e+00 -6.699787e-01  7.812213e-01
 0.00000e+00  1.20000e+00       3.248e+14  5.079635e-01  0.000000e+00 -7.446907e-15  4.920365e-01
 7.00000e-01  1.20000e+00       6.225e+14  2.187787e-01  0.000000e+00  6.699787e-01  7.812213e-01
 1.40000e+00  1.20000e+00       2.024e+15  3.158360e-01  0.000000e+00  6.478821e-01  6.841640e-01
 2.10000e+00  1.20000e+00       4.228e+15  6.826877e-01  0.000000e+00  3.217129e-01  3.173123e-01
 2.80000e+00  1.20000e+00       5.151e+15  8.882473e-01  0.000000e+00 -3.961097e-03  1.117527e-01
 3.50000e+00  1.20000e+00       3.745e+15  8.789929e-01  0.000000e+00 -3.013866e-01  1.210071e-01
 4.20000e+00  1.20000e+00       1.797e+15  7.306220e-01  0.000000e+00 -5.782574e-01  2.693780e-01
 4.90000e+00  1.20000e+00       6.229e+14  4.725033e-01  0.000000e+00 -7.953559e-01  5.274967e-01
 5.60000e+00  1.20000e+00       1.630e+14  1.317911e-01  0.000000e+00 -9.082731e-01  8.682089e-01
 6.30000e+00  1.20000e+00       3.257e+13 -2.356391e-01  0.000000e+00 -8.853268e-01  7.643609e-01
 7.00000e+00  1.20000e+00       4.886e+12 -5.596309e-01  0.000000e+00 -7.328145e-01  4.403691e-01
-7.00000e+00  1.60000e+00       4.101e+12 -2.596064e-01  0.000000e+00  9.124063e-01  7.403936e-01
-6.30000e+00  1.60000e+00       2.773e+13  3.160110e-02  0.000000e+00  9.420885e-01  9.683989e-01
-5.60000e+00  1.60000e+00       1.357e+14  3.353473e-01  0.000000e+00  8.751179e-01  6.646527e-01
-4.90000e+00  1.60000e+00       4.879e+14  6.100669e-01  0.000000e+00  7.041817e-01  3.899331e-01
-4.20000e+00  1.60000e+00       1.279e+15  8.097101e-01  0.000000e+00  4.395276e-01  1.902899e-01
-3.50000e+00  1.60000e+00       2.353e+15  8.849305e-01  0.000000e+00  1.061765e-01  1.150695e-01
-2.80000e+00  1.60000e+00       2.981e+15  7.796906e-01  0.000000e+00 -1.985976e-01  2.203094e-01
-2.10000e+00  1.60000e+00       3.162e+15  5.420006e-01  0.000000e+00 -5.759438e-03  4.579994e-01
-1.40000e+00  1.60000e+00       3.141e+15  4.286344e-01  0.000000e+00  5.755294e-01  5.713656e-01
-7.00000e-01  1.60000e+00       1.649e+15  4.222139e-01  0.000000e+00  7.945874e-01  5.777861e-01
 0.00000e+00  1.60000e+00       5.979e+14  4.394877e-01  0.000000e+00  1.071904e-14  5.605123e-01
 7.00000e-01  1.60000e+00       1.649e+15  4.222139e-01  0.000000e+00 -7.945874e-01  5.777861e-01
 1.40000e+00  1.60000e+00       3.141e+15  4.286344e-01  0.000000e+00 -5.755294e-01  5.713656e-01
 2.10000e+00  1.60000e+00       3.162e+15  5.420006e-01  0.000000e+00  5.759438e-03  4.579994e-01
 2.80000e+00  1.60000e+00       2.981e+15  7.796906e-01  0.000000e+00  1.985976e-01  2.203094e-01
 3.50000e+00  1.60000e+00       2.353e+15  8.849305e-01  0.000000e+00 -1.061765e-01  1.150695e-01
 4.20000e+00  1.60000e+00       1.279e+15  8.097101e-01  0.000000e+00 -4.395276e-01  1.902899e-01
 4.90000e+00  1.60000e+00       4.879e+14  6.100669e-01  0.000000e+00 -7.041817e-01  3.899331e-01
 5.60000e+00  1.60000e+00       1.357e+14  3.353473e-01  0.000000e+00 -8.751179e-01  6.646527e-01
 6.30000e+00  1.60000e+00       2.773e+13  3.160110e-02  0.000000e+00 -9.420885e-01  9.683989e-01
 7.00000e+00  1.60000e+00       4.101e+12 -2.596064e-01  0.000000e+00 -9.124063e-01  7.403936e-01
-7.00000e+00  2.00000e+00       2.311e+12  1.246315e-01  0.000000e+00  9.496148e-01  8.753685e-01
-6.30000e+00  2.00000e+00       1.587e+13  3.768380e-01  0.000000e+00  8.733284e-01  6.231620e-01
-5.60000e+00  2.00000e+00       7.675e+13  6.154272e-01  0.000000e+00  7.122086e-01  3.845728e-01
-4.90000e+00  2.00000e+00       2.632e+14  8.028411e-01  0.000000e+00  4.598543e-01  1.971589e-01
-4.20000e+00  2.00000e+00       6.332e+14  8.831059e-01  0.000000e+00  1.244706e-01  1.168941e-01
-3.50000e+00  2.00000e+00       1.048e+15  7.678337e-01  0.000000e+00 -2.300844e-01  2.321663e-01
-2.80000e+00  2.00000e+00       1.247e+15  3.644276e-01  0.000000e+00 -3.200044e-01  6.355724e-01
-2.10000e+00  2.00000e+00       1.280e+15 -1.830494e-01  0.000000e+00  3.090601e-02  8.169506e-01
-1.40000e+00  2.00000e+00       1.742e+15 -5.361636e-01  0.000000e+00 -2.324292e-01  4.638364e-01
-7.00000e-01  2.00000e+00       2.885e+15 -6.256658e-01  0.000000e+00 -4.616613e-01  3.743342e-01
 0.00000e+00  2.00000e+00       3.229e+15 -6.366154e-01  0.000000e+00  1.154930e-15  3.633846e-01
 7.00000e-01  2.00000e+00       2.885e+15 -6.256658e-01  0.000000e+00  4.616613e-01  3.743342e-01
 1.40000e+00  2.00000e+00       1.742e+15 -5.361636e-01  0.000000e+00  2.324292e-01  4.638364e-01
 2.10000e+00  2.00000e+00       1.280e+15 -1.830494e-01  0.000000e+00 -3.090601e-02  8.169506e-01
 2.80000e+00  2.00000e+00       1.247e+15  3.644276e-01  0.000000e+00  3.200044e-01  6.355724e-01
 3.50000e+00  2.00000e+00       1.048e+15  7.678337e-01  0.000000e+00  2.300844e-01  2.321663e-01
 4.20000e+00  2.00000e+00       6.332e+14  8.831059e-01  0.000000e+00 -1.244706e-01  1.168941e-01
 4.90000e+00  2.00000e+00       2.632e+14  8.028411e-01  0.000000e+00 -4.598543e-01  1.971589e-01
 5.60000e+00  2.00000e+00       7.675e+13  6.154272e-01  0.000000e+00 -7.122086e-01  3.845728e-01
 6.30000e+00  2.00000e+00       1.587e+13  3.768380e-01  0.000000e+00 -8.733284e-01  6.231620e-01
 7.00000e+00  2.00000e+00       2.311e+12  1.246315e-01  0.000000e+00 -9.496148e-01  8.753685e-01
-7.00000e+00  2.40000e+00       8.692e+11  5.384691e-01  0.000000e+00  7.890720e-01  4.615309e-01
-6.30000e+00  2.40000e+00       6.004e+12  7.264076e-01  0.000000e+00  6.073985e-01  2.735924e-01
-5.60000e+00  2.40000e+00       2.846e+13  8.623251e-01  0.000000e+00  3.443161e-01  1.376749e-01
-4.90000e+00  2.40000e+00       9.263e+13  8.909983e-01  0.000000e+00  5.706847e-03  1.090017e-01
-4.20000e+00  2.40000e+00       2.070e+14  7.202510e-01  0.000000e+00 -3.478927e-01  2.797490e-01
-3.50000e+00  2.40000e+00       3.353e+14  2.855721e-01  0.000000e+00 -4.664529e-01  7.144279e-01
-2.80000e+00  2.40000e+00       4.926e+14 -2.799271e-02  0.000000e+00 -9.613693e-02  9.720073e-01
-2.10000e+00  2.40000e+00       8.303e+14  3.471636e-01  0.000000e+00 -7.198249e-02  6.528364e-01
-1.40000e+00  2.40000e+00       1.097e+15  7.073433e-01  0.000000e+00 -3.616726e-01  2.926567e-01
-7.00000e-01  2.40000e+00       6.153e+14  8.120836e-01  0.000000e+00 -4.668904e-01  1.879164e-01
 0.00000e+00  2.40000e+00       2.231e+14  8.307486e-01  0.000000e+00 -3.720755e-15  1.692514e-01
 7.00000e-01  2.40000e+00       6.153e+14  8.120836e-01  0.000000e+00  4.668904e-01  1.879164e-01
 1.40000e+00  2.40000e+00       1.097e+15  7.073433e-01  0.000000e+00  3.616726e-01  2.926567e-01
 2.10000e+00  2.40000e+00       8.303e+14  3.471636e-01  0.000000e+00  7.198249e-02  6.528364e-01
 2.80000e+00  2.40000e+00       4.926e+14 -2.799271e-02  0.000000e+00  9.613693e-02  9.720073e-01
 3.50000e+00  2.40000e+00       3.353e+14  2.855721e-01  0.000000e+00  4.664529e-01  7.144279e-01
 4.20000e+00  2.40000e+00       2.070e+14  7.202510e-01  0.000000e+00  3.478927e-01  2.797490e-01
 4.90000e+00  2.40000e+00       9.263e+13  8.909983e-01  0.000000e+00 -5.706847e-03  1.090017e-01
 5.60000e+00  2.40000e+00       2.846e+13  8.623251e-01  0.000000e+00 -3.443161e-01  1.376749e-01
 6.30000e+00  2.40000e+00       6.004e+12  7.264076e-01  0.000000e+00 -6.073985e-01  2.735924e-01
 7.00000e+00  2.40000e+00       8.692e+11  5.384691e-01  0.000000e+00 -7.890720e-01  4.615309e-01
-7.00000e+00  2.80000e+00       2.106e+11  8.595828e-01  0.000000e+00  3.593398e-01  1.404172e-01
-6.30000e+00  2.80000e+00       1.438e+12  9.171413e-01  0.000000e+00  7.620881e-02  8.285870e-02
-5.60000e+00  2.80000e+00       6.618e+12  8.388617e-01  0.000000e+00 -2.591538e-01  1.611383e-01
-4.90000e+00  2.80000e+00       2.080e+13  5.459035e-01  0.000000e+00 -5.520654e-01  4.540965e-01
-4.20000e+00  2.80000e+00       4.787e+13  4.816274e-02  0.000000e+00 -5.330998e-01  9.518373e-01
-3.50000e+00  2.80000e+00       9.675e+13 -1.847468e-01  0.000000e+00 -1.054648e-02  8.152532e-01
-2.80000e+00  2.80000e+00       1.894e+14  1.764329e-01  0.000000e+00  2.258991e-01  8.235671e-01
-2.10000e+00  2.80000e+00       2.900e+14  5.293387e-01  0.000000e+00 -1.728576e-01  4.706613e-01
-1.40000e+00  2.80000e+00       2.351e+14  6.481344e-01  0.000000e+00 -5.041367e-01  3.518656e-01
-7.00000e-01  2.80000e+00       8.029e+13  6.111172e-01  0.000000e+00 -5.468314e-01  3.888828e-01
 0.00000e+00  2.80000e+00       2.933e+13  3.929414e-01  0.000000e+00 -7.038061e-15  6.070586e-01
 7.00000e-01  2.80000e+00       8.029e+13  6.111172e-01  0.000000e+00  5.468314e-01  3.888828e-01
 1.40000e+00  2.80000e+00       2.351e+14  6.481344e-01  0.000000e+00  5.041367e-01  3.518656e-01
 2.10000e+00  2.80000e+00       2.900e+14  5.293387e-01  0.000000e+00  1.728576e-01  4.706613e-01
 2.80000e+00  2.80000e+00       1.894e+14  1.764329e-01  0.000000e+00 -2.258991e-01  8.235671e-01
 3.50000e+00  2.80000e+00       9.675e+13 -1.847468e-01  0.000000e+00  1.054648e-02  8.152532e-01
 4.20000e+00  2.80000e+00       4.787e+13  4.816274e-02  0.000000e+00  5.330998e-01  9.518373e-01
 4.90000e+00  2.80000e+00       2.080e+13  5.459035e-01  0.000000e+00  5.520654e-01  4.540965e-01
 5.60000e+00  2.80000e+00       6.618e+12  8.388617e-01  0.000000e+00  2.591538e-01  1.611383e-01
 6.30000e+00  2.80000e+00       1.438e+12  9.171413e-01  0.000000e+00 -7.620881e-02  8.285870e-02
 7.00000e+00  2.80000e+00       2.106e+11  8.595828e-01  0.000000e+00 -3.593398e-01  1.404172e-01
-7.00000e+00  3.20000e+00       3.252e+10  7.636284e-01  0.000000e+00 -3.249921e-01  2.363716e-01
-6.30000e+00  3.20000e+00       2.151e+11  5.689610e-01  0.000000e+00 -5.980744e-01  4.310390e-01
-5.60000e+00  3.20000e+00       1.001e+12  1.396798e-01  0.000000e+00 -7.057467e-01  8.603202e-01
-4.90000e+00  3.20000e+00       3.507e+12 -3.140527e-01  0.000000e+00 -4.008222e-01  6.859473e-01
-4.20000e+00  3.20000e+00       1.049e+13 -2.856859e-01  0.000000e+00  2.016390e-01  7.143141e-01
-3.50000e+00  3.20000e+00       2.708e+13  1.930221e-01  0.000000e+00  3.909378e-01  8.069779e-01
-2.80000e+00  3.20000e+00       5.200e+13  3.804698e-01  0.000000e+00  1.773309e-03  6.195302e-01
-2.10000e+00  3.20000e+00       7.632e+13  2.029168e-01  0.000000e+00 -5.698287e-01  7.970832e-01
-1.40000e+00  3.20000e+00       1.367e+14  2.813248e-01  0.000000e+00 -8.390004e-01  7.186752e-01
-7.00000e-01  3.20000e+00       2.096e+14  3.697665e-01  0.000000e+00 -7.396699e-01  6.302335e-01
 0.00000e+00  3.20000e+00       2.035e+14  3.766345e-01  0.000000e+00 -1.126236e-15  6.233655e-01
 7.00000e-01  3.20000e+00       2.096e+14  3.697665e-01  0.000000e+00  7.396699e-01  6.302335e-01
 1.40000e+00  3.20000e+00       1.367e+14  2.813248e-01  0.000000e+00  8.390004e-01  7.186752e-01
 2.10000e+00  3.20000e+00       7.632e+13  2.029168e-01  0.000000e+00  5.698287e-01  7.970832e-01
 2.80000e+00  3.20000e+00       5.200e+13  3.804698e-01  0.000000e+00 -1.773309e-03  6.195302e-01
 3.50000e+00  3.20000e+00       2.708e+13  1.930221e-01  0.000000e+00 -3.909378e-01  8.069779e-01
 4.20000e+00  3.20000e+00       1.049e+13 -2.856859e-01  0.000000e+00 -2.016390e-01  7.143141e-01
 4.90000e+00  3.20000e+00       3.507e+12 -3.140527e-01  0.000000e+00  4.008222e-01  6.859473e-01
 5.60000e+00  3.20000e+00       1.001e+12  1.396798e-01  0.000000e+00  7.057467e-01  8.603202e-01
 6.30000e+00  3.20000e+00       2.151e+11  5.689610e-01  0.000000e+00  5.980744e-01  4.310390e-01
 7.00000e+00  3.20000e+00       3.252e+10  7.636284e-01  0.000000e+00  3.249921e-01  2.363716e-01
-7.00000e+00  3.60000e+00       4.206e+09 -2.131543e-01  0.000000e+00 -5.501891e-01  7.868457e-01
-6.30000e+00  3.60000e+00       2.492e+10 -4.418348e-01  0.000000e+00 -4.355981e-01  5.581652e-01
-5.60000e+00  3.60000e+00       1.337e+11 -5.374494e-01  0.000000e+00  6.754499e-02  4.625506e-01
-4.90000e+00  3.60000e+00       5.994e+11 -1.549120e-01  0.000000e+00  4.936687e-01  8.450880e-01
-4.20000e+00  3.60000e+00       2.087e+12  3.564976e-01  0.000000e+00  4.023307e-01  6.435024e-01
-3.50000e+00  3.60000e+00       5.185e+12  4.671725e-01  0.000000e+00  6.111369e-03  5.328275e-01
-2.80000e+00  3.60000e+00       9.299e+12  5.479228e-02  0.000000e+00 -1.063786e-01  9.452077e-01
-2.10000e+00  3.60000e+00       1.445e+13 -4.175511e-01  0.000000e+00 -1.341591e-01  5.824489e-01
-1.40000e+00  3.60000e+00       2.314e+13 -5.095061e-01  0.000000e+00 -5.590937e-01  4.904939e-01
-7.00000e-01  3.60000e+00       2.247e+13 -4.764429e-01  0.000000e+00 -6.993272e-01  5.235571e-01
 0.00000e+00  3.60000e+00       1.460e+13 -4.295854e-01  0.000000e+00 -3.605379e-15  5.704146e-01
 7.00000e-01  3.60000e+00       2.247e+13 -4.764429e-01  0.000000e+00  6.993272e-01  5.235571e-01
 1.40000e+00  3.60000e+00       2.314e+13 -5.095061e-01  0.000000e+00  5.590937e-01  4.904939e-01
 2.10000e+00  3.60000e+00       1.445e+13 -4.175511e-01  0.000000e+00  1.341591e-01  5.824489e-01
 2.80000e+00  3.60000e+00       9.299e+12  5.479228e-02  0.000000e+00  1.063786e-01  9.452077e-01
 3.50000e+00  3.60000e+00       5.185e+12  4.671725e-01  0.000000e+00 -6.111369e-03  5.328275e-01
 4.20000e+00  3.60000e+00       2.087e+12  3.564976e-01  0.000000e+00 -4.023307e-01  6.435024e-01
 4.90000e+00  3.60000e+00       5.994e+11 -1.549120e-01  0.000000e+00 -4.936687e-01  8.450880e-01
 5.60000e+00  3.60000e+00       1.337e+11 -5.374494e-01  0.000000e+00 -6.754499e-02  4.625506e-01
 6.30000e+00  3.60000e+00       2.492e+10 -4.418348e-01  0.000000e+00  4.355981e-01  5.581652e-01
 7.00000e+00  3.60000e+00       4.206e+09 -2.131543e-01  0.000000e+00  5.501891e-01  7.868457e-01
-7.00000e+00  4.00000e+00       1.191e+09 -7.185134e-01  0.000000e+00  1.024962e-01  2.814866e-01
-6.30000e+00  4.00000e+00       4.132e+09 -4.220825e-01  0.000000e+00  4.739871e-01  5.779175e-01
-5.60000e+00  4.00000e+00       1.933e+10  1.339987e-01  0.000000e+00  5.771381e-01  8.660013e-01
-4.90000e+00  4.00000e+00       8.229e+10  5.084968e-01  0.000000e+00  2.373185e-01  4.915032e-01
-4.20000e+00  4.00000e+00       2.610e+11  3.954807e-01  0.000000e+00 -1.805951e-01  6.045193e-01
-3.50000e+00  4.00000e+00       6.413e+11  6.844690e-02  0.000000e+00 -1.627026e-01  9.315531e-01
-2.80000e+00  4.00000e+00       1.385e+12  2.254997e-01  0.000000e+00  2.077179e-01  7.745003e-01
-2.10000e+00  4.00000e+00       2.592e+12  3.830279e-01  0.000000e+00  5.620125e-01  6.169721e-01
-1.40000e+00  4.00000e+00       4.072e+12  1.773140e-01  0.000000e+00  8.365501e-01  8.226860e-01
-7.00000e-01  4.00000e+00       3.687e+12  1.419410e-01  0.000000e+00  8.241756e-01  8.580590e-01
 0.00000e+00  4.00000e+00       2.425e+12  2.747829e-01  0.000000e+00  9.291180e-15  7.252171e-01
 7.00000e-01  4.00000e+00       3.687e+12  1.419410e-01  0.000000e+00 -8.241756e-01  8.580590e-01
 1.40000e+00  4.00000e+00       4.072e+12  1.773140e-01  0.000000e+00 -8.365501e-01  8.226860e-01
 2.10000e+00  4.00000e+00       2.592e+12  3.830279e-01  0.000000e+00 -5.620125e-01  6.169721e-01
 2.80000e+00  4.00000e+00       1.385e+12  2.254997e-01  0.000000e+00 -2.077179e-01  7.745003e-01
 3.50000e+00  4.00000e+00       6.413e+11  6.844690e-02  0.000000e+00  1.627026e-01  9.315531e-01
 4.20000e+00  4.00000e+00       2.610e+11  3.954807e-01  0.000000e+00  1.805951e-01  6.045193e-01
 4.90000e+00  4.00000e+00       8.229e+10  5.084968e-01  0.000000e+00 -2.373185e-01  4.915032e-01
 5.60000e+00  4.00000e+00       1.933e+10  1.339987e-01  0.000000e+00 -5.771381e-01  8.660013e-01
 6.30000e+00  4.00000e+00       4.132e+09 -4.220825e-01  0.000000e+00 -4.739871e-01  5.779175e-01
 7.00000e+00  4.00000e+00       1.191e+09 -7.185134e-01  0.000000e+00 -1.024962e-01  2.814866e-01
