 EB(GeV)    EMITTANCEx EMITTANCEy SIZEx(m)   SIZEy(m)   DIVx(rad)  DIVy(rad)
 2.411e+00  5.499e-09  1.017e-12  8.711e-05  1.009e-06  6.313e-05  1.009e-06
 betax      alphax     betay      alphay     eta        deta       E_spread  
 1.380e+00  0.000e+00  1.000e+00  0.000e+00  0.000e+00  0.000e+00  8.600e-04
 Ibeam(A)   period(cm) #periods   Kx         Ky         Energy(eV)
 4.005e-01  1.900e+00         96  0.000e+00  1.780e+00  8.165e+03


           x            y       F.Density            PL            PC          PL45        1-|PL|
          mm           mm  ph/s/mr^2/0.1%             -             -             -             -
-7.00000e+00 -4.00000e+00       3.912e+07 -6.441191e-01  0.000000e+00 -3.673276e-01  3.558809e-01
-6.30000e+00 -4.00000e+00       2.056e+08 -5.371463e-01  0.000000e+00 -4.489641e-01  4.628537e-01
-5.60000e+00 -4.00000e+00       6.418e+08 -3.506863e-01  0.000000e+00 -5.571593e-01  6.493137e-01
-4.90000e+00 -4.00000e+00       1.373e+09 -1.646487e-01  0.000000e+00 -6.243238e-01  8.353513e-01
-4.20000e+00 -4.00000e+00       2.061e+09  4.106262e-02  0.000000e+00 -6.093535e-01  9.589374e-01
-3.50000e+00 -4.00000e+00       2.894e+09  3.311283e-01  0.000000e+00 -4.500416e-01  6.688717e-01
-2.80000e+00 -4.00000e+00       4.218e+09  4.065278e-01  0.000000e+00 -3.498938e-01  5.934722e-01
-2.10000e+00 -4.00000e+00       5.726e+09 -4.204595e-01  0.000000e+00 -7.183280e-01  5.795405e-01
-1.40000e+00 -4.00000e+00       2.463e+10  1.147933e-01  0.000000e+00 -5.536360e-01  8.852067e-01
-7.00000e-01 -4.00000e+00       1.582e+10 -7.187379e-01  0.000000e+00 -1.546188e+00  2.812621e-01
 0.00000e+00 -4.00000e+00       2.914e+10  1.385242e-01  0.000000e+00  1.205036e-14  8.614758e-01
 7.00000e-01 -4.00000e+00       1.582e+10 -7.187379e-01  0.000000e+00  1.546188e+00  2.812621e-01
 1.40000e+00 -4.00000e+00       2.463e+10  1.147933e-01  0.000000e+00  5.536360e-01  8.852067e-01
 2.10000e+00 -4.00000e+00       5.726e+09 -4.204595e-01  0.000000e+00  7.183280e-01  5.795405e-01
 2.80000e+00 -4.00000e+00       4.218e+09  4.065278e-01  0.000000e+00  3.498938e-01  5.934722e-01
 3.50000e+00 -4.00000e+00       2.894e+09  3.311283e-01  0.000000e+00  4.500416e-01  6.688717e-01
 4.20000e+00 -4.00000e+00       2.061e+09  4.106262e-02  0.000000e+00  6.093535e-01  9.589374e-01
 4.90000e+00 -4.00000e+00       1.373e+09 -1.646487e-01  0.000000e+00  6.243238e-01  8.353513e-01
 5.60000e+00 -4.00000e+00       6.418e+08 -3.506863e-01  0.000000e+00  5.571593e-01  6.493137e-01
 6.30000e+00 -4.00000e+00       2.056e+08 -5.371463e-01  0.000000e+00  4.489641e-01  4.628537e-01
 7.00000e+00 -4.00000e+00       3.912e+07 -6.441191e-01  0.000000e+00  3.673276e-01  3.558809e-01
-7.00000e+00 -3.60000e+00       1.708e+08 -7.536007e-01  0.000000e+00 -7.241377e-03  2.463993e-01
-6.30000e+00 -3.60000e+00       3.944e+08 -6.291987e-01  0.000000e+00 -2.649209e-01  3.708013e-01
-5.60000e+00 -3.60000e+00       8.545e+08 -3.977043e-01  0.000000e+00 -4.812223e-01  6.022957e-01
-4.90000e+00 -3.60000e+00       1.743e+09 -1.291090e-01  0.000000e+00 -5.685772e-01  8.708910e-01
-4.20000e+00 -3.60000e+00       3.427e+09  1.135207e-01  0.000000e+00 -4.998355e-01  8.864793e-01
-3.50000e+00 -3.60000e+00       7.033e+09  3.000065e-01  0.000000e+00 -3.237801e-01  6.999935e-01
-2.80000e+00 -3.60000e+00       1.419e+10  3.094697e-01  0.000000e+00 -1.748124e-01  6.905303e-01
-2.10000e+00 -3.60000e+00       2.009e+10 -1.811255e-01  0.000000e+00 -9.575080e-02  8.188745e-01
-1.40000e+00 -3.60000e+00       2.649e+10 -7.276085e-01  0.000000e+00 -2.431198e-01  2.723915e-01
-7.00000e-01 -3.60000e+00       2.934e+10 -6.357754e-01  0.000000e+00 -8.223677e-01  3.642246e-01
 0.00000e+00 -3.60000e+00       4.219e+10  6.384413e-02  0.000000e+00  1.040002e-14  9.361559e-01
 7.00000e-01 -3.60000e+00       2.934e+10 -6.357754e-01  0.000000e+00  8.223677e-01  3.642246e-01
 1.40000e+00 -3.60000e+00       2.649e+10 -7.276085e-01  0.000000e+00  2.431198e-01  2.723915e-01
 2.10000e+00 -3.60000e+00       2.009e+10 -1.811255e-01  0.000000e+00  9.575080e-02  8.188745e-01
 2.80000e+00 -3.60000e+00       1.419e+10  3.094697e-01  0.000000e+00  1.748124e-01  6.905303e-01
 3.50000e+00 -3.60000e+00       7.033e+09  3.000065e-01  0.000000e+00  3.237801e-01  6.999935e-01
 4.20000e+00 -3.60000e+00       3.427e+09  1.135207e-01  0.000000e+00  4.998355e-01  8.864793e-01
 4.90000e+00 -3.60000e+00       1.743e+09 -1.291090e-01  0.000000e+00  5.685772e-01  8.708910e-01
 5.60000e+00 -3.60000e+00       8.545e+08 -3.977043e-01  0.000000e+00  4.812223e-01  6.022957e-01
 6.30000e+00 -3.60000e+00       3.944e+08 -6.291987e-01  0.000000e+00  2.649209e-01  3.708013e-01
 7.00000e+00 -3.60000e+00       1.708e+08 -7.536007e-01  0.000000e+00  7.241377e-03  2.463993e-01
-7.00000e+00 -3.20000e+00       2.386e+08 -7.156462e-01  0.000000e+00  1.438285e-01  2.843538e-01
-6.30000e+00 -3.20000e+00       5.464e+08 -5.767677e-01  0.000000e+00 -1.801619e-01  4.232323e-01
-5.60000e+00 -3.20000e+00       1.465e+09 -3.044721e-01  0.000000e+00 -3.233299e-01  6.955279e-01
-4.90000e+00 -3.20000e+00       4.726e+09 -4.541492e-02  0.000000e+00 -3.335658e-01  9.545851e-01
-4.20000e+00 -3.20000e+00       1.776e+10  2.040338e-01  0.000000e+00 -2.320794e-01  7.959662e-01
-3.50000e+00 -3.20000e+00       5.984e+10  2.646653e-01  0.000000e+00 -5.799972e-02  7.353347e-01
-2.80000e+00 -3.20000e+00       1.631e+11  2.918587e-01  0.000000e+00 -7.343015e-02  7.081413e-01
-2.10000e+00 -3.20000e+00       3.553e+11  4.237536e-01  0.000000e+00 -2.670209e-01  5.762464e-01
-1.40000e+00 -3.20000e+00       6.351e+11  5.964824e-01  0.000000e+00 -4.613320e-01  4.035176e-01
-7.00000e-01 -3.20000e+00       7.922e+11  7.408770e-01  0.000000e+00 -4.271997e-01  2.591230e-01
 0.00000e+00 -3.20000e+00       7.160e+11  7.923889e-01  0.000000e+00 -7.487936e-15  2.076111e-01
 7.00000e-01 -3.20000e+00       7.922e+11  7.408770e-01  0.000000e+00  4.271997e-01  2.591230e-01
 1.40000e+00 -3.20000e+00       6.351e+11  5.964824e-01  0.000000e+00  4.613320e-01  4.035176e-01
 2.10000e+00 -3.20000e+00       3.553e+11  4.237536e-01  0.000000e+00  2.670209e-01  5.762464e-01
 2.80000e+00 -3.20000e+00       1.631e+11  2.918587e-01  0.000000e+00  7.343015e-02  7.081413e-01
 3.50000e+00 -3.20000e+00       5.984e+10  2.646653e-01  0.000000e+00  5.799972e-02  7.353347e-01
 4.20000e+00 -3.20000e+00       1.776e+10  2.040338e-01  0.000000e+00  2.320794e-01  7.959662e-01
 4.90000e+00 -3.20000e+00       4.726e+09 -4.541492e-02  0.000000e+00  3.335658e-01  9.545851e-01
 5.60000e+00 -3.20000e+00       1.465e+09 -3.044721e-01  0.000000e+00  3.233299e-01  6.955279e-01
 6.30000e+00 -3.20000e+00       5.464e+08 -5.767677e-01  0.000000e+00  1.801619e-01  4.232323e-01
 7.00000e+00 -3.20000e+00       2.386e+08 -7.156462e-01  0.000000e+00 -1.438285e-01  2.843538e-01
-7.00000e+00 -2.80000e+00       3.373e+08 -6.319607e-01  0.000000e+00  1.647958e-01  3.680393e-01
-6.30000e+00 -2.80000e+00       1.331e+09 -1.910656e-01  0.000000e+00 -3.105533e-01  8.089344e-01
-5.60000e+00 -2.80000e+00       9.203e+09  4.011343e-01  0.000000e+00 -2.412638e-01  5.988657e-01
-4.90000e+00 -2.80000e+00       5.774e+10  4.333859e-01  0.000000e+00  9.214690e-02  5.666141e-01
-4.20000e+00 -2.80000e+00       2.577e+11  1.955570e-01  0.000000e+00  1.108361e-01  8.044430e-01
-3.50000e+00 -2.80000e+00       8.943e+11  2.057727e-01  0.000000e+00 -6.169049e-02  7.942273e-01
-2.80000e+00 -2.80000e+00       2.331e+12  2.870073e-01  0.000000e+00 -9.389324e-02  7.129927e-01
-2.10000e+00 -2.80000e+00       4.296e+12  1.521566e-01  0.000000e+00 -2.598727e-01  8.478434e-01
-1.40000e+00 -2.80000e+00       5.011e+12 -1.585920e-01  0.000000e+00 -4.849059e-01  8.414080e-01
-7.00000e-01 -2.80000e+00       2.915e+12 -4.616495e-01  0.000000e+00 -5.807494e-01  5.383505e-01
 0.00000e+00 -2.80000e+00       1.308e+12 -6.030168e-01  0.000000e+00  3.543367e-15  3.969832e-01
 7.00000e-01 -2.80000e+00       2.915e+12 -4.616495e-01  0.000000e+00  5.807494e-01  5.383505e-01
 1.40000e+00 -2.80000e+00       5.011e+12 -1.585920e-01  0.000000e+00  4.849059e-01  8.414080e-01
 2.10000e+00 -2.80000e+00       4.296e+12  1.521566e-01  0.000000e+00  2.598727e-01  8.478434e-01
 2.80000e+00 -2.80000e+00       2.331e+12  2.870073e-01  0.000000e+00  9.389324e-02  7.129927e-01
 3.50000e+00 -2.80000e+00       8.943e+11  2.057727e-01  0.000000e+00  6.169049e-02  7.942273e-01
 4.20000e+00 -2.80000e+00       2.577e+11  1.955570e-01  0.000000e+00 -1.108361e-01  8.044430e-01
 4.90000e+00 -2.80000e+00       5.774e+10  4.333859e-01  0.000000e+00 -9.214690e-02  5.666141e-01
 5.60000e+00 -2.80000e+00       9.203e+09  4.011343e-01  0.000000e+00  2.412638e-01  5.988657e-01
 6.30000e+00 -2.80000e+00       1.331e+09 -1.910656e-01  0.000000e+00  3.105533e-01  8.089344e-01
 7.00000e+00 -2.80000e+00       3.373e+08 -6.319607e-01  0.000000e+00 -1.647958e-01  3.680393e-01
-7.00000e+00 -2.40000e+00       8.427e+08 -3.227215e-01  0.000000e+00  5.329579e-01  6.772785e-01
-6.30000e+00 -2.40000e+00       8.376e+09 -3.846337e-01  0.000000e+00  1.780816e-01  6.153663e-01
-5.60000e+00 -2.40000e+00       8.725e+10 -1.567814e-01  0.000000e+00 -3.416332e-01  8.432186e-01
-4.90000e+00 -2.40000e+00       6.732e+11  2.866982e-01  0.000000e+00 -4.223769e-01  7.133018e-01
-4.20000e+00 -2.40000e+00       3.194e+12  4.987008e-01  0.000000e+00 -1.123302e-01  5.012992e-01
-3.50000e+00 -2.40000e+00       9.357e+12  3.910735e-01  0.000000e+00  1.191891e-01  6.089265e-01
-2.80000e+00 -2.40000e+00       2.066e+13  3.367368e-01  0.000000e+00  2.104878e-02  6.632632e-01
-2.10000e+00 -2.40000e+00       3.958e+13  4.855801e-01  0.000000e+00 -1.179547e-01  5.144199e-01
-1.40000e+00 -2.40000e+00       7.340e+13  6.780278e-01  0.000000e+00 -6.204693e-02  3.219722e-01
-7.00000e-01 -2.40000e+00       1.323e+14  8.229103e-01  0.000000e+00  1.038585e-01  1.770897e-01
 0.00000e+00 -2.40000e+00       1.638e+14  8.562328e-01  0.000000e+00 -7.478822e-15  1.437672e-01
 7.00000e-01 -2.40000e+00       1.323e+14  8.229103e-01  0.000000e+00 -1.038585e-01  1.770897e-01
 1.40000e+00 -2.40000e+00       7.340e+13  6.780278e-01  0.000000e+00  6.204693e-02  3.219722e-01
 2.10000e+00 -2.40000e+00       3.958e+13  4.855801e-01  0.000000e+00  1.179547e-01  5.144199e-01
 2.80000e+00 -2.40000e+00       2.066e+13  3.367368e-01  0.000000e+00 -2.104878e-02  6.632632e-01
 3.50000e+00 -2.40000e+00       9.357e+12  3.910735e-01  0.000000e+00 -1.191891e-01  6.089265e-01
 4.20000e+00 -2.40000e+00       3.194e+12  4.987008e-01  0.000000e+00  1.123302e-01  5.012992e-01
 4.90000e+00 -2.40000e+00       6.732e+11  2.866982e-01  0.000000e+00  4.223769e-01  7.133018e-01
 5.60000e+00 -2.40000e+00       8.725e+10 -1.567814e-01  0.000000e+00  3.416332e-01  8.432186e-01
 6.30000e+00 -2.40000e+00       8.376e+09 -3.846337e-01  0.000000e+00 -1.780816e-01  6.153663e-01
 7.00000e+00 -2.40000e+00       8.427e+08 -3.227215e-01  0.000000e+00 -5.329579e-01  6.772785e-01
-7.00000e+00 -2.00000e+00       7.762e+09  7.658949e-01  0.000000e+00  3.490932e-01  2.341051e-01
-6.30000e+00 -2.00000e+00       9.820e+10  5.943004e-01  0.000000e+00  5.543199e-01  4.056996e-01
-5.60000e+00 -2.00000e+00       7.512e+11  2.096377e-01  0.000000e+00  5.795589e-01  7.903623e-01
-4.90000e+00 -2.00000e+00       4.008e+12 -7.765074e-02  0.000000e+00  1.724232e-01  9.223493e-01
-4.20000e+00 -2.00000e+00       1.786e+13  1.617311e-01  0.000000e+00 -2.542850e-01  8.382689e-01
-3.50000e+00 -2.00000e+00       5.805e+13  4.724551e-01  0.000000e+00 -1.795837e-01  5.275449e-01
-2.80000e+00 -2.00000e+00       1.197e+14  4.528847e-01  0.000000e+00  3.190707e-02  5.471153e-01
-2.10000e+00 -2.00000e+00       1.877e+14  3.180305e-01  0.000000e+00  2.066805e-01  6.819695e-01
-1.40000e+00 -2.00000e+00       2.692e+14  2.186436e-01  0.000000e+00  5.834013e-01  7.813564e-01
-7.00000e-01 -2.00000e+00       3.227e+14  8.127869e-02  0.000000e+00  7.005620e-01  9.187213e-01
 0.00000e+00 -2.00000e+00       3.101e+14  1.692570e-02  0.000000e+00 -5.881960e-15  9.830743e-01
 7.00000e-01 -2.00000e+00       3.227e+14  8.127869e-02  0.000000e+00 -7.005620e-01  9.187213e-01
 1.40000e+00 -2.00000e+00       2.692e+14  2.186436e-01  0.000000e+00 -5.834013e-01  7.813564e-01
 2.10000e+00 -2.00000e+00       1.877e+14  3.180305e-01  0.000000e+00 -2.066805e-01  6.819695e-01
 2.80000e+00 -2.00000e+00       1.197e+14  4.528847e-01  0.000000e+00 -3.190707e-02  5.471153e-01
 3.50000e+00 -2.00000e+00       5.805e+13  4.724551e-01  0.000000e+00  1.795837e-01  5.275449e-01
 4.20000e+00 -2.00000e+00       1.786e+13  1.617311e-01  0.000000e+00  2.542850e-01  8.382689e-01
 4.90000e+00 -2.00000e+00       4.008e+12 -7.765074e-02  0.000000e+00 -1.724232e-01  9.223493e-01
 5.60000e+00 -2.00000e+00       7.512e+11  2.096377e-01  0.000000e+00 -5.795589e-01  7.903623e-01
 6.30000e+00 -2.00000e+00       9.820e+10  5.943004e-01  0.000000e+00 -5.543199e-01  4.056996e-01
 7.00000e+00 -2.00000e+00       7.762e+09  7.658949e-01  0.000000e+00 -3.490932e-01  2.341051e-01
-7.00000e+00 -1.60000e+00       5.914e+10  9.114612e-01  0.000000e+00 -2.648006e-01  8.853881e-02
-6.30000e+00 -1.60000e+00       7.904e+11  9.347066e-01  0.000000e+00 -4.658901e-02  6.529339e-02
-5.60000e+00 -1.60000e+00       5.968e+12  8.576206e-01  0.000000e+00  2.295082e-01  1.423794e-01
-4.90000e+00 -1.60000e+00       2.659e+13  6.306291e-01  0.000000e+00  4.459871e-01  3.693709e-01
-4.20000e+00 -1.60000e+00       7.704e+13  3.028422e-01  0.000000e+00  3.001559e-01  6.971578e-01
-3.50000e+00 -1.60000e+00       1.925e+14  2.801756e-01  0.000000e+00 -1.386104e-01  7.198244e-01
-2.80000e+00 -1.60000e+00       4.104e+14  5.127848e-01  0.000000e+00 -1.454551e-01  4.872152e-01
-2.10000e+00 -1.60000e+00       6.922e+14  6.577190e-01  0.000000e+00  2.983643e-02  3.422810e-01
-1.40000e+00 -1.60000e+00       1.215e+15  8.086698e-01  0.000000e+00  1.484893e-01  1.913302e-01
-7.00000e-01 -1.60000e+00       2.043e+15  8.602122e-01  0.000000e+00  2.250180e-01  1.397878e-01
 0.00000e+00 -1.60000e+00       2.445e+15  8.573624e-01  0.000000e+00 -6.276305e-15  1.426376e-01
 7.00000e-01 -1.60000e+00       2.043e+15  8.602122e-01  0.000000e+00 -2.250180e-01  1.397878e-01
 1.40000e+00 -1.60000e+00       1.215e+15  8.086698e-01  0.000000e+00 -1.484893e-01  1.913302e-01
 2.10000e+00 -1.60000e+00       6.922e+14  6.577190e-01  0.000000e+00 -2.983643e-02  3.422810e-01
 2.80000e+00 -1.60000e+00       4.104e+14  5.127848e-01  0.000000e+00  1.454551e-01  4.872152e-01
 3.50000e+00 -1.60000e+00       1.925e+14  2.801756e-01  0.000000e+00  1.386104e-01  7.198244e-01
 4.20000e+00 -1.60000e+00       7.704e+13  3.028422e-01  0.000000e+00 -3.001559e-01  6.971578e-01
 4.90000e+00 -1.60000e+00       2.659e+13  6.306291e-01  0.000000e+00 -4.459871e-01  3.693709e-01
 5.60000e+00 -1.60000e+00       5.968e+12  8.576206e-01  0.000000e+00 -2.295082e-01  1.423794e-01
 6.30000e+00 -1.60000e+00       7.904e+11  9.347066e-01  0.000000e+00  4.658901e-02  6.529339e-02
 7.00000e+00 -1.60000e+00       5.914e+10  9.114612e-01  0.000000e+00  2.648006e-01  8.853881e-02
-7.00000e+00 -1.20000e+00       1.966e+11  7.844084e-01  0.000000e+00 -5.668246e-01  2.155916e-01
-6.30000e+00 -1.20000e+00       2.859e+12  8.793726e-01  0.000000e+00 -3.970110e-01  1.206274e-01
-5.60000e+00 -1.20000e+00       2.373e+13  9.343195e-01  0.000000e+00 -1.904993e-01  6.568048e-02
-4.90000e+00 -1.20000e+00       1.110e+14  9.229467e-01  0.000000e+00  4.628256e-02  7.705328e-02
-4.20000e+00 -1.20000e+00       2.923e+14  7.916239e-01  0.000000e+00  2.586652e-01  2.083761e-01
-3.50000e+00 -1.20000e+00       5.189e+14  5.574028e-01  0.000000e+00  2.069597e-01  4.425972e-01
-2.80000e+00 -1.20000e+00       9.694e+14  5.843548e-01  0.000000e+00 -6.067862e-02  4.156452e-01
-2.10000e+00 -1.20000e+00       1.691e+15  7.454916e-01  0.000000e+00 -5.402016e-02  2.545084e-01
-1.40000e+00 -1.20000e+00       2.020e+15  8.319465e-01  0.000000e+00 -1.026912e-01  1.680535e-01
-7.00000e-01 -1.20000e+00       1.268e+15  8.814837e-01  0.000000e+00 -2.127273e-01  1.185163e-01
 0.00000e+00 -1.20000e+00       5.893e+14  8.974822e-01  0.000000e+00  5.491279e-16  1.025178e-01
 7.00000e-01 -1.20000e+00       1.268e+15  8.814837e-01  0.000000e+00  2.127273e-01  1.185163e-01
 1.40000e+00 -1.20000e+00       2.020e+15  8.319465e-01  0.000000e+00  1.026912e-01  1.680535e-01
 2.10000e+00 -1.20000e+00       1.691e+15  7.454916e-01  0.000000e+00  5.402016e-02  2.545084e-01
 2.80000e+00 -1.20000e+00       9.694e+14  5.843548e-01  0.000000e+00  6.067862e-02  4.156452e-01
 3.50000e+00 -1.20000e+00       5.189e+14  5.574028e-01  0.000000e+00 -2.069597e-01  4.425972e-01
 4.20000e+00 -1.20000e+00       2.923e+14  7.916239e-01  0.000000e+00 -2.586652e-01  2.083761e-01
 4.90000e+00 -1.20000e+00       1.110e+14  9.229467e-01  0.000000e+00 -4.628256e-02  7.705328e-02
 5.60000e+00 -1.20000e+00       2.373e+13  9.343195e-01  0.000000e+00  1.904993e-01  6.568048e-02
 6.30000e+00 -1.20000e+00       2.859e+12  8.793726e-01  0.000000e+00  3.970110e-01  1.206274e-01
 7.00000e+00 -1.20000e+00       1.966e+11  7.844084e-01  0.000000e+00  5.668246e-01  2.155916e-01
-7.00000e+00 -8.00000e-01       3.634e+11  7.332499e-01  0.000000e+00 -6.414983e-01  2.667501e-01
-6.30000e+00 -8.00000e-01       5.591e+12  8.377701e-01  0.000000e+00 -4.996613e-01  1.622299e-01
-5.60000e+00 -8.00000e-01       5.012e+13  9.132620e-01  0.000000e+00 -3.385265e-01  8.673799e-02
-4.90000e+00 -8.00000e-01       2.594e+14  9.543755e-01  0.000000e+00 -1.601730e-01  4.562453e-02
-4.20000e+00 -8.00000e-01       7.519e+14  9.465291e-01  0.000000e+00  2.883015e-02  5.347090e-02
-3.50000e+00 -8.00000e-01       1.237e+15  8.592747e-01  0.000000e+00  1.649707e-01  1.407253e-01
-2.80000e+00 -8.00000e-01       1.634e+15  7.543719e-01  0.000000e+00  6.346969e-02  2.456281e-01
-2.10000e+00 -8.00000e-01       2.499e+15  7.908727e-01  0.000000e+00  4.675456e-02  2.091273e-01
-1.40000e+00 -8.00000e-01       3.509e+15  8.366666e-01  0.000000e+00  2.889506e-01  1.633334e-01
-7.00000e-01 -8.00000e-01       3.926e+15  8.776777e-01  0.000000e+00  3.484901e-01  1.223223e-01
 0.00000e+00 -8.00000e-01       3.384e+15  8.957505e-01  0.000000e+00  5.862885e-15  1.042495e-01
 7.00000e-01 -8.00000e-01       3.926e+15  8.776777e-01  0.000000e+00 -3.484901e-01  1.223223e-01
 1.40000e+00 -8.00000e-01       3.509e+15  8.366666e-01  0.000000e+00 -2.889506e-01  1.633334e-01
 2.10000e+00 -8.00000e-01       2.499e+15  7.908727e-01  0.000000e+00 -4.675456e-02  2.091273e-01
 2.80000e+00 -8.00000e-01       1.634e+15  7.543719e-01  0.000000e+00 -6.346969e-02  2.456281e-01
 3.50000e+00 -8.00000e-01       1.237e+15  8.592747e-01  0.000000e+00 -1.649707e-01  1.407253e-01
 4.20000e+00 -8.00000e-01       7.519e+14  9.465291e-01  0.000000e+00 -2.883015e-02  5.347090e-02
 4.90000e+00 -8.00000e-01       2.594e+14  9.543755e-01  0.000000e+00  1.601730e-01  4.562453e-02
 5.60000e+00 -8.00000e-01       5.012e+13  9.132620e-01  0.000000e+00  3.385265e-01  8.673799e-02
 6.30000e+00 -8.00000e-01       5.591e+12  8.377701e-01  0.000000e+00  4.996613e-01  1.622299e-01
 7.00000e+00 -8.00000e-01       3.634e+11  7.332499e-01  0.000000e+00  6.414983e-01  2.667501e-01
-7.00000e+00 -4.00000e-01       4.205e+11  8.620274e-01  0.000000e+00 -4.788261e-01  1.379726e-01
-6.30000e+00 -4.00000e-01       6.988e+12  9.182278e-01  0.000000e+00 -3.672612e-01  8.177223e-02
-5.60000e+00 -4.00000e-01       6.765e+13  9.561106e-01  0.000000e+00 -2.583465e-01  4.388938e-02
-4.90000e+00 -4.00000e-01       3.806e+14  9.787334e-01  0.000000e+00 -1.511416e-01  2.126661e-02
-4.20000e+00 -4.00000e-01       1.207e+15  9.863152e-01  0.000000e+00 -4.402008e-02  1.368481e-02
-3.50000e+00 -4.00000e-01       2.087e+15  9.734100e-01  0.000000e+00  5.255516e-02  2.659004e-02
-2.80000e+00 -4.00000e-01       2.443e+15  9.413949e-01  0.000000e+00  5.510578e-02  5.860513e-02
-2.10000e+00 -4.00000e-01       3.530e+15  9.475484e-01  0.000000e+00 -5.082580e-02  5.245163e-02
-1.40000e+00 -4.00000e-01       4.260e+15  9.565249e-01  0.000000e+00 -1.286166e-01  4.347514e-02
-7.00000e-01 -4.00000e-01       2.600e+15  9.446259e-01  0.000000e+00 -2.165063e-01  5.537414e-02
 0.00000e+00 -4.00000e-01       1.263e+15  9.327833e-01  0.000000e+00  1.186630e-14  6.721669e-02
 7.00000e-01 -4.00000e-01       2.600e+15  9.446259e-01  0.000000e+00  2.165063e-01  5.537414e-02
 1.40000e+00 -4.00000e-01       4.260e+15  9.565249e-01  0.000000e+00  1.286166e-01  4.347514e-02
 2.10000e+00 -4.00000e-01       3.530e+15  9.475484e-01  0.000000e+00  5.082580e-02  5.245163e-02
 2.80000e+00 -4.00000e-01       2.443e+15  9.413949e-01  0.000000e+00 -5.510578e-02  5.860513e-02
 3.50000e+00 -4.00000e-01       2.087e+15  9.734100e-01  0.000000e+00 -5.255516e-02  2.659004e-02
 4.20000e+00 -4.00000e-01       1.207e+15  9.863152e-01  0.000000e+00  4.402008e-02  1.368481e-02
 4.90000e+00 -4.00000e-01       3.806e+14  9.787334e-01  0.000000e+00  1.511416e-01  2.126661e-02
 5.60000e+00 -4.00000e-01       6.765e+13  9.561106e-01  0.000000e+00  2.583465e-01  4.388938e-02
 6.30000e+00 -4.00000e-01       6.988e+12  9.182278e-01  0.000000e+00  3.672612e-01  8.177223e-02
 7.00000e+00 -4.00000e-01       4.205e+11  8.620274e-01  0.000000e+00  4.788261e-01  1.379726e-01
-7.00000e+00  0.00000e+00       4.087e+11  9.998801e-01  0.000000e+00  1.652754e-10  1.198869e-04
-6.30000e+00  0.00000e+00       7.133e+12  9.999315e-01  0.000000e+00  4.763834e-11  6.845647e-05
-5.60000e+00  0.00000e+00       7.189e+13  9.999640e-01  0.000000e+00  1.430079e-11  3.603081e-05
-4.90000e+00  0.00000e+00       4.199e+14  9.999829e-01  0.000000e+00  4.908547e-12  1.712337e-05
-4.20000e+00  0.00000e+00       1.383e+15  9.999904e-01  0.000000e+00  2.101686e-12  9.565459e-06
-3.50000e+00  0.00000e+00       2.467e+15  9.999846e-01  0.000000e+00  1.420060e-12  1.544816e-05
-2.80000e+00  0.00000e+00       2.776e+15  9.999627e-01  0.000000e+00  1.306657e-12  3.728993e-05
-2.10000e+00  0.00000e+00       3.413e+15  9.999516e-01  0.000000e+00  9.271062e-13  4.837289e-05
-1.40000e+00  0.00000e+00       3.145e+15  9.999239e-01  0.000000e+00  7.402781e-13  7.605805e-05
-7.00000e-01  0.00000e+00       1.222e+15  9.997675e-01  0.000000e+00  1.035805e-12  2.324589e-04
 0.00000e+00  0.00000e+00       3.782e+14  9.992568e-01  0.000000e+00  7.066786e-17  7.431952e-04
 7.00000e-01  0.00000e+00       1.222e+15  9.997675e-01  0.000000e+00 -1.035668e-12  2.324589e-04
 1.40000e+00  0.00000e+00       3.145e+15  9.999239e-01  0.000000e+00 -7.402177e-13  7.605805e-05
 2.10000e+00  0.00000e+00       3.413e+15  9.999516e-01  0.000000e+00 -9.270955e-13  4.837289e-05
 2.80000e+00  0.00000e+00       2.776e+15  9.999627e-01  0.000000e+00 -1.306727e-12  3.728993e-05
 3.50000e+00  0.00000e+00       2.467e+15  9.999846e-01  0.000000e+00 -1.420086e-12  1.544816e-05
 4.20000e+00  0.00000e+00       1.383e+15  9.999904e-01  0.000000e+00 -2.101597e-12  9.565459e-06
 4.90000e+00  0.00000e+00       4.199e+14  9.999829e-01  0.000000e+00 -4.908307e-12  1.712337e-05
 5.60000e+00  0.00000e+00       7.189e+13  9.999640e-01  0.000000e+00 -1.430039e-11  3.603081e-05
 6.30000e+00  0.00000e+00       7.133e+12  9.999315e-01  0.000000e+00 -4.763771e-11  6.845647e-05
 7.00000e+00  0.00000e+00       4.087e+11  9.998801e-01  0.000000e+00 -1.652739e-10  1.198869e-04
-7.00000e+00  4.00000e-01       4.205e+11  8.620274e-01  0.000000e+00  4.788261e-01  1.379726e-01
-6.30000e+00  4.00000e-01       6.988e+12  9.182278e-01  0.000000e+00  3.672612e-01  8.177223e-02
-5.60000e+00  4.00000e-01       6.765e+13  9.561106e-01  0.000000e+00  2.583465e-01  4.388938e-02
-4.90000e+00  4.00000e-01       3.806e+14  9.787334e-01  0.000000e+00  1.511416e-01  2.126661e-02
-4.20000e+00  4.00000e-01       1.207e+15  9.863152e-01  0.000000e+00  4.402008e-02  1.368481e-02
-3.50000e+00  4.00000e-01       2.087e+15  9.734100e-01  0.000000e+00 -5.255516e-02  2.659004e-02
-2.80000e+00  4.00000e-01       2.443e+15  9.413949e-01  0.000000e+00 -5.510578e-02  5.860513e-02
-2.10000e+00  4.00000e-01       3.530e+15  9.475484e-01  0.000000e+00  5.082580e-02  5.245163e-02
-1.40000e+00  4.00000e-01       4.260e+15  9.565249e-01  0.000000e+00  1.286166e-01  4.347514e-02
-7.00000e-01  4.00000e-01       2.600e+15  9.446259e-01  0.000000e+00  2.165063e-01  5.537414e-02
 0.00000e+00  4.00000e-01       1.263e+15  9.327833e-01  0.000000e+00 -1.186791e-14  6.721669e-02
 7.00000e-01  4.00000e-01       2.600e+15  9.446259e-01  0.000000e+00 -2.165063e-01  5.537414e-02
 1.40000e+00  4.00000e-01       4.260e+15  9.565249e-01  0.000000e+00 -1.286166e-01  4.347514e-02
 2.10000e+00  4.00000e-01       3.530e+15  9.475484e-01  0.000000e+00 -5.082580e-02  5.245163e-02
 2.80000e+00  4.00000e-01       2.443e+15  9.413949e-01  0.000000e+00  5.510578e-02  5.860513e-02
 3.50000e+00  4.00000e-01       2.087e+15  9.734100e-01  0.000000e+00  5.255516e-02  2.659004e-02
 4.20000e+00  4.00000e-01       1.207e+15  9.863152e-01  0.000000e+00 -4.402008e-02  1.368481e-02
 4.90000e+00  4.00000e-01       3.806e+14  9.787334e-01  0.000000e+00 -1.511416e-01  2.126661e-02
 5.60000e+00  4.00000e-01       6.765e+13  9.561106e-01  0.000000e+00 -2.583465e-01  4.388938e-02
 6.30000e+00  4.00000e-01       6.988e+12  9.182278e-01  0.000000e+00 -3.672612e-01  8.177223e-02
 7.00000e+00  4.00000e-01       4.205e+11  8.620274e-01  0.000000e+00 -4.788261e-01  1.379726e-01
-7.00000e+00  8.00000e-01       3.634e+11  7.332499e-01  0.000000e+00  6.414983e-01  2.667501e-01
-6.30000e+00  8.00000e-01       5.591e+12  8.377701e-01  0.000000e+00  4.996613e-01  1.622299e-01
-5.60000e+00  8.00000e-01       5.012e+13  9.132620e-01  0.000000e+00  3.385265e-01  8.673799e-02
-4.90000e+00  8.00000e-01       2.594e+14  9.543755e-01  0.000000e+00  1.601730e-01  4.562453e-02
-4.20000e+00  8.00000e-01       7.519e+14  9.465291e-01  0.000000e+00 -2.883015e-02  5.347090e-02
-3.50000e+00  8.00000e-01       1.237e+15  8.592747e-01  0.000000e+00 -1.649707e-01  1.407253e-01
-2.80000e+00  8.00000e-01       1.634e+15  7.543719e-01  0.000000e+00 -6.346969e-02  2.456281e-01
-2.10000e+00  8.00000e-01       2.499e+15  7.908727e-01  0.000000e+00 -4.675456e-02  2.091273e-01
-1.40000e+00  8.00000e-01       3.509e+15  8.366666e-01  0.000000e+00 -2.889506e-01  1.633334e-01
-7.00000e-01  8.00000e-01       3.926e+15  8.776777e-01  0.000000e+00 -3.484901e-01  1.223223e-01
 0.00000e+00  8.00000e-01       3.384e+15  8.957505e-01  0.000000e+00 -6.862840e-15  1.042495e-01
 7.00000e-01  8.00000e-01       3.926e+15  8.776777e-01  0.000000e+00  3.484901e-01  1.223223e-01
 1.40000e+00  8.00000e-01       3.509e+15  8.366666e-01  0.000000e+00  2.889506e-01  1.633334e-01
 2.10000e+00  8.00000e-01       2.499e+15  7.908727e-01  0.000000e+00  4.675456e-02  2.091273e-01
 2.80000e+00  8.00000e-01       1.634e+15  7.543719e-01  0.000000e+00  6.346969e-02  2.456281e-01
 3.50000e+00  8.00000e-01       1.237e+15  8.592747e-01  0.000000e+00  1.649707e-01  1.407253e-01
 4.20000e+00  8.00000e-01       7.519e+14  9.465291e-01  0.000000e+00  2.883015e-02  5.347090e-02
 4.90000e+00  8.00000e-01       2.594e+14  9.543755e-01  0.000000e+00 -1.601730e-01  4.562453e-02
 5.60000e+00  8.00000e-01       5.012e+13  9.132620e-01  0.000000e+00 -3.385265e-01  8.673799e-02
 6.30000e+00  8.00000e-01       5.591e+12  8.377701e-01  0.000000e+00 -4.996613e-01  1.622299e-01
 7.00000e+00  8.00000e-01       3.634e+11  7.332499e-01  0.000000e+00 -6.414983e-01  2.667501e-01
-7.00000e+00  1.20000e+00       1.966e+11  7.844084e-01  0.000000e+00  5.668246e-01  2.155916e-01
-6.30000e+00  1.20000e+00       2.859e+12  8.793726e-01  0.000000e+00  3.970110e-01  1.206274e-01
-5.60000e+00  1.20000e+00       2.373e+13  9.343195e-01  0.000000e+00  1.904993e-01  6.568048e-02
-4.90000e+00  1.20000e+00       1.110e+14  9.229467e-01  0.000000e+00 -4.628256e-02  7.705328e-02
-4.20000e+00  1.20000e+00       2.923e+14  7.916239e-01  0.000000e+00 -2.586652e-01  2.083761e-01
-3.50000e+00  1.20000e+00       5.189e+14  5.574028e-01  0.000000e+00 -2.069597e-01  4.425972e-01
-2.80000e+00  1.20000e+00       9.694e+14  5.843548e-01  0.000000e+00  6.067862e-02  4.156452e-01
-2.10000e+00  1.20000e+00       1.691e+15  7.454916e-01  0.000000e+00  5.402016e-02  2.545084e-01
-1.40000e+00  1.20000e+00       2.020e+15  8.319465e-01  0.000000e+00  1.026912e-01  1.680535e-01
-7.00000e-01  1.20000e+00       1.268e+15  8.814837e-01  0.000000e+00  2.127273e-01  1.185163e-01
 0.00000e+00  1.20000e+00       5.893e+14  8.974822e-01  0.000000e+00 -1.083123e-15  1.025178e-01
 7.00000e-01  1.20000e+00       1.268e+15  8.814837e-01  0.000000e+00 -2.127273e-01  1.185163e-01
 1.40000e+00  1.20000e+00       2.020e+15  8.319465e-01  0.000000e+00 -1.026912e-01  1.680535e-01
 2.10000e+00  1.20000e+00       1.691e+15  7.454916e-01  0.000000e+00 -5.402016e-02  2.545084e-01
 2.80000e+00  1.20000e+00       9.694e+14  5.843548e-01  0.000000e+00 -6.067862e-02  4.156452e-01
 3.50000e+00  1.20000e+00       5.189e+14  5.574028e-01  0.000000e+00  2.069597e-01  4.425972e-01
 4.20000e+00  1.20000e+00       2.923e+14  7.916239e-01  0.000000e+00  2.586652e-01  2.083761e-01
 4.90000e+00  1.20000e+00       1.110e+14  9.229467e-01  0.000000e+00  4.628256e-02  7.705328e-02
 5.60000e+00  1.20000e+00       2.373e+13  9.343195e-01  0.000000e+00 -1.904993e-01  6.568048e-02
 6.30000e+00  1.20000e+00       2.859e+12  8.793726e-01  0.000000e+00 -3.970110e-01  1.206274e-01
 7.00000e+00  1.20000e+00       1.966e+11  7.844084e-01  0.000000e+00 -5.668246e-01  2.155916e-01
-7.00000e+00  1.60000e+00       5.914e+10  9.114612e-01  0.000000e+00  2.648006e-01  8.853881e-02
-6.30000e+00  1.60000e+00       7.904e+11  9.347066e-01  0.000000e+00  4.658901e-02  6.529340e-02
-5.60000e+00  1.60000e+00       5.968e+12  8.576206e-01  0.000000e+00 -2.295082e-01  1.423794e-01
-4.90000e+00  1.60000e+00       2.659e+13  6.306291e-01  0.000000e+00 -4.459871e-01  3.693709e-01
-4.20000e+00  1.60000e+00       7.704e+13  3.028422e-01  0.000000e+00 -3.001559e-01  6.971578e-01
-3.50000e+00  1.60000e+00       1.925e+14  2.801756e-01  0.000000e+00  1.386104e-01  7.198244e-01
-2.80000e+00  1.60000e+00       4.104e+14  5.127848e-01  0.000000e+00  1.454551e-01  4.872152e-01
-2.10000e+00  1.60000e+00       6.922e+14  6.577190e-01  0.000000e+00 -2.983643e-02  3.422810e-01
-1.40000e+00  1.60000e+00       1.215e+15  8.086698e-01  0.000000e+00 -1.484893e-01  1.913302e-01
-7.00000e-01  1.60000e+00       2.043e+15  8.602122e-01  0.000000e+00 -2.250180e-01  1.397878e-01
 0.00000e+00  1.60000e+00       2.445e+15  8.573624e-01  0.000000e+00  6.277759e-15  1.426376e-01
 7.00000e-01  1.60000e+00       2.043e+15  8.602122e-01  0.000000e+00  2.250180e-01  1.397878e-01
 1.40000e+00  1.60000e+00       1.215e+15  8.086698e-01  0.000000e+00  1.484893e-01  1.913302e-01
 2.10000e+00  1.60000e+00       6.922e+14  6.577190e-01  0.000000e+00  2.983643e-02  3.422810e-01
 2.80000e+00  1.60000e+00       4.104e+14  5.127848e-01  0.000000e+00 -1.454551e-01  4.872152e-01
 3.50000e+00  1.60000e+00       1.925e+14  2.801756e-01  0.000000e+00 -1.386104e-01  7.198244e-01
 4.20000e+00  1.60000e+00       7.704e+13  3.028422e-01  0.000000e+00  3.001559e-01  6.971578e-01
 4.90000e+00  1.60000e+00       2.659e+13  6.306291e-01  0.000000e+00  4.459871e-01  3.693709e-01
 5.60000e+00  1.60000e+00       5.968e+12  8.576206e-01  0.000000e+00  2.295082e-01  1.423794e-01
 6.30000e+00  1.60000e+00       7.904e+11  9.347066e-01  0.000000e+00 -4.658901e-02  6.529340e-02
 7.00000e+00  1.60000e+00       5.914e+10  9.114612e-01  0.000000e+00 -2.648006e-01  8.853881e-02
-7.00000e+00  2.00000e+00       7.762e+09  7.658949e-01  0.000000e+00 -3.490932e-01  2.341051e-01
-6.30000e+00  2.00000e+00       9.820e+10  5.943004e-01  0.000000e+00 -5.543199e-01  4.056996e-01
-5.60000e+00  2.00000e+00       7.512e+11  2.096377e-01  0.000000e+00 -5.795588e-01  7.903623e-01
-4.90000e+00  2.00000e+00       4.008e+12 -7.765074e-02  0.000000e+00 -1.724232e-01  9.223493e-01
-4.20000e+00  2.00000e+00       1.786e+13  1.617311e-01  0.000000e+00  2.542850e-01  8.382689e-01
-3.50000e+00  2.00000e+00       5.805e+13  4.724551e-01  0.000000e+00  1.795837e-01  5.275449e-01
-2.80000e+00  2.00000e+00       1.197e+14  4.528847e-01  0.000000e+00 -3.190707e-02  5.471153e-01
-2.10000e+00  2.00000e+00       1.877e+14  3.180305e-01  0.000000e+00 -2.066805e-01  6.819695e-01
-1.40000e+00  2.00000e+00       2.692e+14  2.186436e-01  0.000000e+00 -5.834013e-01  7.813564e-01
-7.00000e-01  2.00000e+00       3.227e+14  8.127869e-02  0.000000e+00 -7.005620e-01  9.187213e-01
 0.00000e+00  2.00000e+00       3.101e+14  1.692570e-02  0.000000e+00  5.882018e-15  9.830743e-01
 7.00000e-01  2.00000e+00       3.227e+14  8.127869e-02  0.000000e+00  7.005620e-01  9.187213e-01
 1.40000e+00  2.00000e+00       2.692e+14  2.186436e-01  0.000000e+00  5.834013e-01  7.813564e-01
 2.10000e+00  2.00000e+00       1.877e+14  3.180305e-01  0.000000e+00  2.066805e-01  6.819695e-01
 2.80000e+00  2.00000e+00       1.197e+14  4.528847e-01  0.000000e+00  3.190707e-02  5.471153e-01
 3.50000e+00  2.00000e+00       5.805e+13  4.724551e-01  0.000000e+00 -1.795837e-01  5.275449e-01
 4.20000e+00  2.00000e+00       1.786e+13  1.617311e-01  0.000000e+00 -2.542850e-01  8.382689e-01
 4.90000e+00  2.00000e+00       4.008e+12 -7.765074e-02  0.000000e+00  1.724232e-01  9.223493e-01
 5.60000e+00  2.00000e+00       7.512e+11  2.096377e-01  0.000000e+00  5.795588e-01  7.903623e-01
 6.30000e+00  2.00000e+00       9.820e+10  5.943004e-01  0.000000e+00  5.543199e-01  4.056996e-01
 7.00000e+00  2.00000e+00       7.762e+09  7.658949e-01  0.000000e+00  3.490932e-01  2.341051e-01
-7.00000e+00  2.40000e+00       8.427e+08 -3.227216e-01  0.000000e+00 -5.329573e-01  6.772784e-01
-6.30000e+00  2.40000e+00       8.376e+09 -3.846337e-01  0.000000e+00 -1.780814e-01  6.153663e-01
-5.60000e+00  2.40000e+00       8.725e+10 -1.567814e-01  0.000000e+00  3.416332e-01  8.432186e-01
-4.90000e+00  2.40000e+00       6.732e+11  2.866982e-01  0.000000e+00  4.223769e-01  7.133018e-01
-4.20000e+00  2.40000e+00       3.194e+12  4.987008e-01  0.000000e+00  1.123302e-01  5.012992e-01
-3.50000e+00  2.40000e+00       9.357e+12  3.910735e-01  0.000000e+00 -1.191891e-01  6.089265e-01
-2.80000e+00  2.40000e+00       2.066e+13  3.367368e-01  0.000000e+00 -2.104878e-02  6.632632e-01
-2.10000e+00  2.40000e+00       3.958e+13  4.855801e-01  0.000000e+00  1.179547e-01  5.144199e-01
-1.40000e+00  2.40000e+00       7.340e+13  6.780278e-01  0.000000e+00  6.204693e-02  3.219722e-01
-7.00000e-01  2.40000e+00       1.323e+14  8.229103e-01  0.000000e+00 -1.038585e-01  1.770897e-01
 0.00000e+00  2.40000e+00       1.638e+14  8.562328e-01  0.000000e+00  7.478119e-15  1.437672e-01
 7.00000e-01  2.40000e+00       1.323e+14  8.229103e-01  0.000000e+00  1.038585e-01  1.770897e-01
 1.40000e+00  2.40000e+00       7.340e+13  6.780278e-01  0.000000e+00 -6.204693e-02  3.219722e-01
 2.10000e+00  2.40000e+00       3.958e+13  4.855801e-01  0.000000e+00 -1.179547e-01  5.144199e-01
 2.80000e+00  2.40000e+00       2.066e+13  3.367368e-01  0.000000e+00  2.104878e-02  6.632632e-01
 3.50000e+00  2.40000e+00       9.357e+12  3.910735e-01  0.000000e+00  1.191891e-01  6.089265e-01
 4.20000e+00  2.40000e+00       3.194e+12  4.987008e-01  0.000000e+00 -1.123302e-01  5.012992e-01
 4.90000e+00  2.40000e+00       6.732e+11  2.866982e-01  0.000000e+00 -4.223769e-01  7.133018e-01
 5.60000e+00  2.40000e+00       8.725e+10 -1.567814e-01  0.000000e+00 -3.416332e-01  8.432186e-01
 6.30000e+00  2.40000e+00       8.376e+09 -3.846337e-01  0.000000e+00  1.780814e-01  6.153663e-01
 7.00000e+00  2.40000e+00       8.427e+08 -3.227216e-01  0.000000e+00  5.329573e-01  6.772784e-01
-7.00000e+00  2.80000e+00       3.373e+08 -6.319607e-01  0.000000e+00 -1.647945e-01  3.680393e-01
-6.30000e+00  2.80000e+00       1.331e+09 -1.910663e-01  0.000000e+00  3.105541e-01  8.089337e-01
-5.60000e+00  2.80000e+00       9.203e+09  4.011338e-01  0.000000e+00  2.412643e-01  5.988662e-01
-4.90000e+00  2.80000e+00       5.774e+10  4.333858e-01  0.000000e+00 -9.214667e-02  5.666142e-01
-4.20000e+00  2.80000e+00       2.577e+11  1.955570e-01  0.000000e+00 -1.108360e-01  8.044430e-01
-3.50000e+00  2.80000e+00       8.943e+11  2.057727e-01  0.000000e+00  6.169051e-02  7.942273e-01
-2.80000e+00  2.80000e+00       2.331e+12  2.870073e-01  0.000000e+00  9.389325e-02  7.129927e-01
-2.10000e+00  2.80000e+00       4.296e+12  1.521566e-01  0.000000e+00  2.598727e-01  8.478434e-01
-1.40000e+00  2.80000e+00       5.011e+12 -1.585920e-01  0.000000e+00  4.849059e-01  8.414080e-01
-7.00000e-01  2.80000e+00       2.915e+12 -4.616495e-01  0.000000e+00  5.807494e-01  5.383505e-01
 0.00000e+00  2.80000e+00       1.308e+12 -6.030167e-01  0.000000e+00 -3.452335e-15  3.969833e-01
 7.00000e-01  2.80000e+00       2.915e+12 -4.616495e-01  0.000000e+00 -5.807494e-01  5.383505e-01
 1.40000e+00  2.80000e+00       5.011e+12 -1.585920e-01  0.000000e+00 -4.849059e-01  8.414080e-01
 2.10000e+00  2.80000e+00       4.296e+12  1.521566e-01  0.000000e+00 -2.598727e-01  8.478434e-01
 2.80000e+00  2.80000e+00       2.331e+12  2.870073e-01  0.000000e+00 -9.389325e-02  7.129927e-01
 3.50000e+00  2.80000e+00       8.943e+11  2.057727e-01  0.000000e+00 -6.169051e-02  7.942273e-01
 4.20000e+00  2.80000e+00       2.577e+11  1.955570e-01  0.000000e+00  1.108360e-01  8.044430e-01
 4.90000e+00  2.80000e+00       5.774e+10  4.333858e-01  0.000000e+00  9.214667e-02  5.666142e-01
 5.60000e+00  2.80000e+00       9.203e+09  4.011338e-01  0.000000e+00 -2.412643e-01  5.988662e-01
 6.30000e+00  2.80000e+00       1.331e+09 -1.910663e-01  0.000000e+00 -3.105541e-01  8.089337e-01
 7.00000e+00  2.80000e+00       3.373e+08 -6.319607e-01  0.000000e+00  1.647945e-01  3.680393e-01
-7.00000e+00  3.20000e+00       2.386e+08 -7.156458e-01  0.000000e+00 -1.438255e-01  2.843542e-01
-6.30000e+00  3.20000e+00       5.464e+08 -5.767674e-01  0.000000e+00  1.801657e-01  4.232326e-01
-5.60000e+00  3.20000e+00       1.465e+09 -3.044725e-01  0.000000e+00  3.233334e-01  6.955275e-01
-4.90000e+00  3.20000e+00       4.726e+09 -4.541555e-02  0.000000e+00  3.335681e-01  9.545845e-01
-4.20000e+00  3.20000e+00       1.776e+10  2.040335e-01  0.000000e+00  2.320805e-01  7.959665e-01
-3.50000e+00  3.20000e+00       5.984e+10  2.646652e-01  0.000000e+00  5.800024e-02  7.353348e-01
-2.80000e+00  3.20000e+00       1.631e+11  2.918587e-01  0.000000e+00  7.343034e-02  7.081413e-01
-2.10000e+00  3.20000e+00       3.553e+11  4.237536e-01  0.000000e+00  2.670209e-01  5.762464e-01
-1.40000e+00  3.20000e+00       6.351e+11  5.964823e-01  0.000000e+00  4.613319e-01  4.035177e-01
-7.00000e-01  3.20000e+00       7.922e+11  7.408769e-01  0.000000e+00  4.271997e-01  2.591231e-01
 0.00000e+00  3.20000e+00       7.160e+11  7.923889e-01  0.000000e+00  4.291780e-15  2.076111e-01
 7.00000e-01  3.20000e+00       7.922e+11  7.408769e-01  0.000000e+00 -4.271997e-01  2.591231e-01
 1.40000e+00  3.20000e+00       6.351e+11  5.964823e-01  0.000000e+00 -4.613319e-01  4.035177e-01
 2.10000e+00  3.20000e+00       3.553e+11  4.237536e-01  0.000000e+00 -2.670209e-01  5.762464e-01
 2.80000e+00  3.20000e+00       1.631e+11  2.918587e-01  0.000000e+00 -7.343034e-02  7.081413e-01
 3.50000e+00  3.20000e+00       5.984e+10  2.646652e-01  0.000000e+00 -5.800024e-02  7.353348e-01
 4.20000e+00  3.20000e+00       1.776e+10  2.040335e-01  0.000000e+00 -2.320805e-01  7.959665e-01
 4.90000e+00  3.20000e+00       4.726e+09 -4.541555e-02  0.000000e+00 -3.335681e-01  9.545845e-01
 5.60000e+00  3.20000e+00       1.465e+09 -3.044725e-01  0.000000e+00 -3.233334e-01  6.955275e-01
 6.30000e+00  3.20000e+00       5.464e+08 -5.767674e-01  0.000000e+00 -1.801657e-01  4.232326e-01
 7.00000e+00  3.20000e+00       2.386e+08 -7.156458e-01  0.000000e+00  1.438255e-01  2.843542e-01
-7.00000e+00  3.60000e+00       1.708e+08 -7.535991e-01  0.000000e+00  7.247471e-03  2.464009e-01
-6.30000e+00  3.60000e+00       3.944e+08 -6.291962e-01  0.000000e+00  2.649283e-01  3.708038e-01
-5.60000e+00  3.60000e+00       8.545e+08 -3.977031e-01  0.000000e+00  4.812278e-01  6.022969e-01
-4.90000e+00  3.60000e+00       1.743e+09 -1.291100e-01  0.000000e+00  5.685812e-01  8.708900e-01
-4.20000e+00  3.60000e+00       3.427e+09  1.135192e-01  0.000000e+00  4.998396e-01  8.864808e-01
-3.50000e+00  3.60000e+00       7.033e+09  3.000056e-01  0.000000e+00  3.237844e-01  6.999944e-01
-2.80000e+00  3.60000e+00       1.419e+10  3.094703e-01  0.000000e+00  1.748155e-01  6.905297e-01
-2.10000e+00  3.60000e+00       2.009e+10 -1.811192e-01  0.000000e+00  9.575301e-02  8.188808e-01
-1.40000e+00  3.60000e+00       2.649e+10 -7.276209e-01  0.000000e+00  2.431227e-01  2.723791e-01
-7.00000e-01  3.60000e+00       2.934e+10 -6.357651e-01  0.000000e+00  8.223610e-01  3.642349e-01
 0.00000e+00  3.60000e+00       4.219e+10  6.384683e-02  0.000000e+00 -9.468302e-15  9.361532e-01
 7.00000e-01  3.60000e+00       2.934e+10 -6.357651e-01  0.000000e+00 -8.223610e-01  3.642349e-01
 1.40000e+00  3.60000e+00       2.649e+10 -7.276209e-01  0.000000e+00 -2.431227e-01  2.723791e-01
 2.10000e+00  3.60000e+00       2.009e+10 -1.811192e-01  0.000000e+00 -9.575301e-02  8.188808e-01
 2.80000e+00  3.60000e+00       1.419e+10  3.094703e-01  0.000000e+00 -1.748155e-01  6.905297e-01
 3.50000e+00  3.60000e+00       7.033e+09  3.000056e-01  0.000000e+00 -3.237844e-01  6.999944e-01
 4.20000e+00  3.60000e+00       3.427e+09  1.135192e-01  0.000000e+00 -4.998396e-01  8.864808e-01
 4.90000e+00  3.60000e+00       1.743e+09 -1.291100e-01  0.000000e+00 -5.685812e-01  8.708900e-01
 5.60000e+00  3.60000e+00       8.545e+08 -3.977031e-01  0.000000e+00 -4.812278e-01  6.022969e-01
 6.30000e+00  3.60000e+00       3.944e+08 -6.291962e-01  0.000000e+00 -2.649283e-01  3.708038e-01
 7.00000e+00  3.60000e+00       1.708e+08 -7.535991e-01  0.000000e+00 -7.247471e-03  2.464009e-01
-7.00000e+00  4.00000e+00       3.912e+07 -6.441150e-01  0.000000e+00  3.673432e-01  3.558850e-01
-6.30000e+00  4.00000e+00       2.057e+08 -5.371450e-01  0.000000e+00  4.489748e-01  4.628550e-01
-5.60000e+00  4.00000e+00       6.419e+08 -3.506868e-01  0.000000e+00  5.571664e-01  6.493132e-01
-4.90000e+00  4.00000e+00       1.374e+09 -1.646480e-01  0.000000e+00  6.243277e-01  8.353520e-01
-4.20000e+00  4.00000e+00       2.062e+09  4.106430e-02  0.000000e+00  6.093564e-01  9.589357e-01
-3.50000e+00  4.00000e+00       2.895e+09  3.311169e-01  0.000000e+00  4.500540e-01  6.688831e-01
-2.80000e+00  4.00000e+00       4.219e+09  4.065233e-01  0.000000e+00  3.499029e-01  5.934767e-01
-2.10000e+00  4.00000e+00       5.725e+09 -4.205960e-01  0.000000e+00  7.183990e-01  5.794040e-01
-1.40000e+00  4.00000e+00       2.463e+10  1.147630e-01  0.000000e+00  5.536504e-01  8.852370e-01
-7.00000e-01  4.00000e+00       1.582e+10 -7.188119e-01  0.000000e+00  1.546234e+00  2.811881e-01
 0.00000e+00  4.00000e+00       2.914e+10  1.385348e-01  0.000000e+00 -1.008013e-14  8.614652e-01
 7.00000e-01  4.00000e+00       1.582e+10 -7.188119e-01  0.000000e+00 -1.546234e+00  2.811881e-01
 1.40000e+00  4.00000e+00       2.463e+10  1.147630e-01  0.000000e+00 -5.536504e-01  8.852370e-01
 2.10000e+00  4.00000e+00       5.725e+09 -4.205960e-01  0.000000e+00 -7.183990e-01  5.794040e-01
 2.80000e+00  4.00000e+00       4.219e+09  4.065233e-01  0.000000e+00 -3.499029e-01  5.934767e-01
 3.50000e+00  4.00000e+00       2.895e+09  3.311169e-01  0.000000e+00 -4.500540e-01  6.688831e-01
 4.20000e+00  4.00000e+00       2.062e+09  4.106430e-02  0.000000e+00 -6.093564e-01  9.589357e-01
 4.90000e+00  4.00000e+00       1.374e+09 -1.646480e-01  0.000000e+00 -6.243277e-01  8.353520e-01
 5.60000e+00  4.00000e+00       6.419e+08 -3.506868e-01  0.000000e+00 -5.571664e-01  6.493132e-01
 6.30000e+00  4.00000e+00       2.057e+08 -5.371450e-01  0.000000e+00 -4.489748e-01  4.628550e-01
 7.00000e+00  4.00000e+00       3.912e+07 -6.441150e-01  0.000000e+00 -3.673432e-01  3.558850e-01
