 EB(GeV)    EMITTANCEx EMITTANCEy SIZEx(m)   SIZEy(m)   DIVx(rad)  DIVy(rad)
 2.411e+00  5.499e-09  1.017e-12  8.711e-05  1.009e-06  6.313e-05  1.009e-06
 betax      alphax     betay      alphay     eta        deta       E_spread  
 1.380e+00  0.000e+00  1.000e+00  0.000e+00  0.000e+00  0.000e+00  8.600e-04
 Ibeam(A)   period(cm) #periods   Kx         Ky         Energy(eV)
 4.005e-01  1.900e+00         96  0.000e+00  1.780e+00  6.126e+03


           x            y       F.Density            PL            PC          PL45        1-|PL|
          mm           mm  ph/s/mr^2/0.1%             -             -             -             -
-7.00000e+00 -4.00000e+00       3.178e+08 -7.310411e-01  0.000000e+00 -6.504956e-02  2.689589e-01
-6.30000e+00 -4.00000e+00       7.399e+08 -4.205731e-01  0.000000e+00 -3.124524e-01  5.794269e-01
-5.60000e+00 -4.00000e+00       1.995e+09 -1.599420e-02  0.000000e+00 -4.121319e-01  9.840058e-01
-4.90000e+00 -4.00000e+00       3.388e+09  8.102257e-03  0.000000e+00 -4.902255e-01  9.918977e-01
-4.20000e+00 -4.00000e+00       3.705e+09 -3.095554e-01  0.000000e+00 -5.802813e-01  6.904446e-01
-3.50000e+00 -4.00000e+00       1.401e+10  3.533801e-01  0.000000e+00 -3.103706e-01  6.466199e-01
-2.80000e+00 -4.00000e+00       2.098e+10  1.013074e-01  0.000000e+00 -4.930426e-01  8.986926e-01
-2.10000e+00 -4.00000e+00       3.045e+10 -4.455420e-01  0.000000e+00 -4.103875e-01  5.544580e-01
-1.40000e+00 -4.00000e+00       1.179e+11 -7.009181e-02  0.000000e+00  4.421271e-02  9.299082e-01
-7.00000e-01 -4.00000e+00       5.536e+11  3.168780e-01  0.000000e+00  2.251977e-02  6.831220e-01
 0.00000e+00 -4.00000e+00       8.975e+11  3.438745e-01  0.000000e+00  2.047019e-15  6.561255e-01
 7.00000e-01 -4.00000e+00       5.536e+11  3.168780e-01  0.000000e+00 -2.251977e-02  6.831220e-01
 1.40000e+00 -4.00000e+00       1.179e+11 -7.009181e-02  0.000000e+00 -4.421271e-02  9.299082e-01
 2.10000e+00 -4.00000e+00       3.045e+10 -4.455420e-01  0.000000e+00  4.103875e-01  5.544580e-01
 2.80000e+00 -4.00000e+00       2.098e+10  1.013074e-01  0.000000e+00  4.930426e-01  8.986926e-01
 3.50000e+00 -4.00000e+00       1.401e+10  3.533801e-01  0.000000e+00  3.103706e-01  6.466199e-01
 4.20000e+00 -4.00000e+00       3.705e+09 -3.095554e-01  0.000000e+00  5.802813e-01  6.904446e-01
 4.90000e+00 -4.00000e+00       3.388e+09  8.102257e-03  0.000000e+00  4.902255e-01  9.918977e-01
 5.60000e+00 -4.00000e+00       1.995e+09 -1.599420e-02  0.000000e+00  4.121319e-01  9.840058e-01
 6.30000e+00 -4.00000e+00       7.399e+08 -4.205731e-01  0.000000e+00  3.124524e-01  5.794269e-01
 7.00000e+00 -4.00000e+00       3.178e+08 -7.310411e-01  0.000000e+00  6.504956e-02  2.689589e-01
-7.00000e+00 -3.60000e+00       4.427e+08 -7.051424e-01  0.000000e+00  2.465566e-02  2.948576e-01
-6.30000e+00 -3.60000e+00       1.102e+09 -3.443712e-01  0.000000e+00 -2.545364e-01  6.556288e-01
-5.60000e+00 -3.60000e+00       3.592e+09  7.015270e-02  0.000000e+00 -2.436498e-01  9.298473e-01
-4.90000e+00 -3.60000e+00       1.028e+10  1.468632e-02  0.000000e+00 -1.168924e-01  9.853137e-01
-4.20000e+00 -3.60000e+00       2.840e+10 -1.314406e-01  0.000000e+00 -2.336642e-01  8.685594e-01
-3.50000e+00 -3.60000e+00       8.602e+10  7.703327e-02  0.000000e+00 -1.877905e-01  9.229667e-01
-2.80000e+00 -3.60000e+00       2.302e+11  2.135972e-01  0.000000e+00 -9.657318e-02  7.864028e-01
-2.10000e+00 -3.60000e+00       4.942e+11  3.491799e-01  0.000000e+00 -3.709458e-01  6.508201e-01
-1.40000e+00 -3.60000e+00       8.741e+11  4.241847e-01  0.000000e+00 -5.897743e-01  5.758153e-01
-7.00000e-01 -3.60000e+00       1.163e+12  5.099665e-01  0.000000e+00 -4.247298e-01  4.900335e-01
 0.00000e+00 -3.60000e+00       1.196e+12  5.778331e-01  0.000000e+00  3.970577e-15  4.221669e-01
 7.00000e-01 -3.60000e+00       1.163e+12  5.099665e-01  0.000000e+00  4.247298e-01  4.900335e-01
 1.40000e+00 -3.60000e+00       8.741e+11  4.241847e-01  0.000000e+00  5.897743e-01  5.758153e-01
 2.10000e+00 -3.60000e+00       4.942e+11  3.491799e-01  0.000000e+00  3.709458e-01  6.508201e-01
 2.80000e+00 -3.60000e+00       2.302e+11  2.135972e-01  0.000000e+00  9.657318e-02  7.864028e-01
 3.50000e+00 -3.60000e+00       8.602e+10  7.703327e-02  0.000000e+00  1.877905e-01  9.229667e-01
 4.20000e+00 -3.60000e+00       2.840e+10 -1.314406e-01  0.000000e+00  2.336642e-01  8.685594e-01
 4.90000e+00 -3.60000e+00       1.028e+10  1.468632e-02  0.000000e+00  1.168924e-01  9.853137e-01
 5.60000e+00 -3.60000e+00       3.592e+09  7.015270e-02  0.000000e+00  2.436498e-01  9.298473e-01
 6.30000e+00 -3.60000e+00       1.102e+09 -3.443712e-01  0.000000e+00  2.545364e-01  6.556288e-01
 7.00000e+00 -3.60000e+00       4.427e+08 -7.051424e-01  0.000000e+00 -2.465566e-02  2.948576e-01
-7.00000e+00 -3.20000e+00       6.713e+08 -6.700379e-01  0.000000e+00  5.074928e-02  3.299621e-01
-6.30000e+00 -3.20000e+00       3.085e+09 -2.903490e-01  0.000000e+00 -4.159519e-01  7.096510e-01
-5.60000e+00 -3.20000e+00       2.043e+10  2.602435e-01  0.000000e+00 -4.851158e-01  7.397565e-01
-4.90000e+00 -3.20000e+00       1.104e+11  5.169187e-01  0.000000e+00 -1.397407e-01  4.830813e-01
-4.20000e+00 -3.20000e+00       4.123e+11  3.318128e-01  0.000000e+00  1.686543e-01  6.681872e-01
-3.50000e+00 -3.20000e+00       1.176e+12  9.644071e-02  0.000000e+00  5.988751e-02  9.035593e-01
-2.80000e+00 -3.20000e+00       2.855e+12  2.555396e-01  0.000000e+00 -1.978771e-02  7.444604e-01
-2.10000e+00 -3.20000e+00       5.562e+12  5.252559e-01  0.000000e+00  2.867240e-02  4.747441e-01
-1.40000e+00 -3.20000e+00       7.275e+12  7.257595e-01  0.000000e+00 -1.217045e-01  2.742405e-01
-7.00000e-01 -3.20000e+00       4.911e+12  7.952805e-01  0.000000e+00 -2.165221e-01  2.047195e-01
 0.00000e+00 -3.20000e+00       2.843e+12  7.517400e-01  0.000000e+00 -2.716317e-15  2.482600e-01
 7.00000e-01 -3.20000e+00       4.911e+12  7.952805e-01  0.000000e+00  2.165221e-01  2.047195e-01
 1.40000e+00 -3.20000e+00       7.275e+12  7.257595e-01  0.000000e+00  1.217045e-01  2.742405e-01
 2.10000e+00 -3.20000e+00       5.562e+12  5.252559e-01  0.000000e+00 -2.867240e-02  4.747441e-01
 2.80000e+00 -3.20000e+00       2.855e+12  2.555396e-01  0.000000e+00  1.978771e-02  7.444604e-01
 3.50000e+00 -3.20000e+00       1.176e+12  9.644071e-02  0.000000e+00 -5.988751e-02  9.035593e-01
 4.20000e+00 -3.20000e+00       4.123e+11  3.318128e-01  0.000000e+00 -1.686543e-01  6.681872e-01
 4.90000e+00 -3.20000e+00       1.104e+11  5.169187e-01  0.000000e+00  1.397407e-01  4.830813e-01
 5.60000e+00 -3.20000e+00       2.043e+10  2.602435e-01  0.000000e+00  4.851158e-01  7.397565e-01
 6.30000e+00 -3.20000e+00       3.085e+09 -2.903490e-01  0.000000e+00  4.159519e-01  7.096510e-01
 7.00000e+00 -3.20000e+00       6.713e+08 -6.700379e-01  0.000000e+00 -5.074928e-02  3.299621e-01
-7.00000e+00 -2.80000e+00       2.490e+09 -5.638412e-02  0.000000e+00  6.009877e-01  9.436159e-01
-6.30000e+00 -2.80000e+00       2.139e+10 -2.722405e-01  0.000000e+00  4.935328e-01  7.277595e-01
-5.60000e+00 -2.80000e+00       1.576e+11 -4.052542e-01  0.000000e+00 -2.833819e-03  5.947458e-01
-4.90000e+00 -2.80000e+00       9.213e+11 -5.221989e-02  0.000000e+00 -4.189687e-01  9.477801e-01
-4.20000e+00 -2.80000e+00       3.915e+12  3.911416e-01  0.000000e+00 -3.190429e-01  6.088584e-01
-3.50000e+00 -2.80000e+00       1.090e+13  4.449008e-01  0.000000e+00  9.290560e-03  5.550992e-01
-2.80000e+00 -2.80000e+00       2.146e+13  1.915141e-01  0.000000e+00  5.995183e-02  8.084859e-01
-2.10000e+00 -2.80000e+00       3.378e+13  8.106583e-03  0.000000e+00  8.458306e-02  9.918934e-01
-1.40000e+00 -2.80000e+00       3.482e+13 -1.149472e-01  0.000000e+00  4.213611e-01  8.850528e-01
-7.00000e-01 -2.80000e+00       1.784e+13 -1.494723e-01  0.000000e+00  6.212667e-01  8.505277e-01
 0.00000e+00 -2.80000e+00       8.217e+12 -2.370817e-03  0.000000e+00  3.035178e-15  9.976292e-01
 7.00000e-01 -2.80000e+00       1.784e+13 -1.494723e-01  0.000000e+00 -6.212667e-01  8.505277e-01
 1.40000e+00 -2.80000e+00       3.482e+13 -1.149472e-01  0.000000e+00 -4.213611e-01  8.850528e-01
 2.10000e+00 -2.80000e+00       3.378e+13  8.106583e-03  0.000000e+00 -8.458306e-02  9.918934e-01
 2.80000e+00 -2.80000e+00       2.146e+13  1.915141e-01  0.000000e+00 -5.995183e-02  8.084859e-01
 3.50000e+00 -2.80000e+00       1.090e+13  4.449008e-01  0.000000e+00 -9.290560e-03  5.550992e-01
 4.20000e+00 -2.80000e+00       3.915e+12  3.911416e-01  0.000000e+00  3.190429e-01  6.088584e-01
 4.90000e+00 -2.80000e+00       9.213e+11 -5.221989e-02  0.000000e+00  4.189687e-01  9.477801e-01
 5.60000e+00 -2.80000e+00       1.576e+11 -4.052542e-01  0.000000e+00  2.833819e-03  5.947458e-01
 6.30000e+00 -2.80000e+00       2.139e+10 -2.722405e-01  0.000000e+00 -4.935328e-01  7.277595e-01
 7.00000e+00 -2.80000e+00       2.490e+09 -5.638412e-02  0.000000e+00 -6.009877e-01  9.436159e-01
-7.00000e+00 -2.40000e+00       2.316e+10  8.491566e-01  0.000000e+00  1.791318e-01  1.508434e-01
-6.30000e+00 -2.40000e+00       2.270e+11  7.280155e-01  0.000000e+00  4.460944e-01  2.719845e-01
-5.60000e+00 -2.40000e+00       1.391e+12  3.847635e-01  0.000000e+00  6.255692e-01  6.152365e-01
-4.90000e+00 -2.40000e+00       5.777e+12 -6.440858e-02  0.000000e+00  4.429108e-01  9.355914e-01
-4.20000e+00 -2.40000e+00       1.980e+13 -1.087357e-01  0.000000e+00 -1.083913e-01  8.912643e-01
-3.50000e+00 -2.40000e+00       5.806e+13  2.921534e-01  0.000000e+00 -2.832933e-01  7.078466e-01
-2.80000e+00 -2.40000e+00       1.217e+14  4.777317e-01  0.000000e+00 -2.142908e-02  5.222683e-01
-2.10000e+00 -2.40000e+00       1.919e+14  5.211787e-01  0.000000e+00  8.202397e-02  4.788213e-01
-1.40000e+00 -2.40000e+00       2.186e+14  7.164036e-01  0.000000e+00 -6.452561e-02  2.835964e-01
-7.00000e-01 -2.40000e+00       1.175e+14  8.403612e-01  0.000000e+00 -1.495167e-01  1.596388e-01
 0.00000e+00 -2.40000e+00       4.667e+13  8.160578e-01  0.000000e+00 -4.351678e-15  1.839422e-01
 7.00000e-01 -2.40000e+00       1.175e+14  8.403612e-01  0.000000e+00  1.495167e-01  1.596388e-01
 1.40000e+00 -2.40000e+00       2.186e+14  7.164036e-01  0.000000e+00  6.452561e-02  2.835964e-01
 2.10000e+00 -2.40000e+00       1.919e+14  5.211787e-01  0.000000e+00 -8.202397e-02  4.788213e-01
 2.80000e+00 -2.40000e+00       1.217e+14  4.777317e-01  0.000000e+00  2.142908e-02  5.222683e-01
 3.50000e+00 -2.40000e+00       5.806e+13  2.921534e-01  0.000000e+00  2.832933e-01  7.078466e-01
 4.20000e+00 -2.40000e+00       1.980e+13 -1.087357e-01  0.000000e+00  1.083913e-01  8.912643e-01
 4.90000e+00 -2.40000e+00       5.777e+12 -6.440858e-02  0.000000e+00 -4.429108e-01  9.355914e-01
 5.60000e+00 -2.40000e+00       1.391e+12  3.847635e-01  0.000000e+00 -6.255692e-01  6.152365e-01
 6.30000e+00 -2.40000e+00       2.270e+11  7.280155e-01  0.000000e+00 -4.460944e-01  2.719845e-01
 7.00000e+00 -2.40000e+00       2.316e+10  8.491566e-01  0.000000e+00 -1.791318e-01  1.508434e-01
-7.00000e+00 -2.00000e+00       1.474e+11  8.368645e-01  0.000000e+00 -4.398765e-01  1.631355e-01
-6.30000e+00 -2.00000e+00       1.522e+12  9.143610e-01  0.000000e+00 -2.025718e-01  8.563902e-02
-5.60000e+00 -2.00000e+00       9.570e+12  8.979639e-01  0.000000e+00  9.005692e-02  1.020361e-01
-4.90000e+00 -2.00000e+00       3.671e+13  7.177510e-01  0.000000e+00  3.836518e-01  2.822490e-01
-4.20000e+00 -2.00000e+00       9.187e+13  3.269378e-01  0.000000e+00  4.604414e-01  6.730622e-01
-3.50000e+00 -2.00000e+00       1.941e+14  9.963763e-02  0.000000e+00  5.447841e-02  9.003624e-01
-2.80000e+00 -2.00000e+00       4.106e+14  3.930758e-01  0.000000e+00 -1.920892e-01  6.069242e-01
-2.10000e+00 -2.00000e+00       6.806e+14  5.823991e-01  0.000000e+00 -1.700898e-01  4.176009e-01
-1.40000e+00 -2.00000e+00       7.466e+14  5.233210e-01  0.000000e+00 -4.186936e-01  4.766790e-01
-7.00000e-01 -2.00000e+00       4.357e+14  4.408530e-01  0.000000e+00 -6.596908e-01  5.591470e-01
 0.00000e+00 -2.00000e+00       1.990e+14  3.996376e-01  0.000000e+00  1.155583e-14  6.003624e-01
 7.00000e-01 -2.00000e+00       4.357e+14  4.408530e-01  0.000000e+00  6.596908e-01  5.591470e-01
 1.40000e+00 -2.00000e+00       7.466e+14  5.233210e-01  0.000000e+00  4.186936e-01  4.766790e-01
 2.10000e+00 -2.00000e+00       6.806e+14  5.823991e-01  0.000000e+00  1.700898e-01  4.176009e-01
 2.80000e+00 -2.00000e+00       4.106e+14  3.930758e-01  0.000000e+00  1.920892e-01  6.069242e-01
 3.50000e+00 -2.00000e+00       1.941e+14  9.963763e-02  0.000000e+00 -5.447841e-02  9.003624e-01
 4.20000e+00 -2.00000e+00       9.187e+13  3.269378e-01  0.000000e+00 -4.604414e-01  6.730622e-01
 4.90000e+00 -2.00000e+00       3.671e+13  7.177510e-01  0.000000e+00 -3.836518e-01  2.822490e-01
 5.60000e+00 -2.00000e+00       9.570e+12  8.979639e-01  0.000000e+00 -9.005692e-02  1.020361e-01
 6.30000e+00 -2.00000e+00       1.522e+12  9.143610e-01  0.000000e+00  2.025718e-01  8.563902e-02
 7.00000e+00 -2.00000e+00       1.474e+11  8.368645e-01  0.000000e+00  4.398765e-01  1.631355e-01
-7.00000e+00 -1.60000e+00       5.056e+11  5.729929e-01  0.000000e+00 -7.695545e-01  4.270071e-01
-6.30000e+00 -1.60000e+00       5.379e+12  7.394016e-01  0.000000e+00 -6.042763e-01  2.605984e-01
-5.60000e+00 -1.60000e+00       3.578e+13  8.634484e-01  0.000000e+00 -3.793416e-01  1.365516e-01
-4.90000e+00 -1.60000e+00       1.480e+14  9.116310e-01  0.000000e+00 -9.891805e-02  8.836900e-02
-4.20000e+00 -1.60000e+00       3.756e+14  8.212577e-01  0.000000e+00  2.019401e-01  1.787423e-01
-3.50000e+00 -1.60000e+00       6.204e+14  5.303342e-01  0.000000e+00  3.357645e-01  4.696658e-01
-2.80000e+00 -1.60000e+00       9.530e+14  3.778208e-01  0.000000e+00  2.926230e-02  6.221792e-01
-2.10000e+00 -1.60000e+00       1.690e+15  6.483561e-01  0.000000e+00 -1.910817e-01  3.516439e-01
-1.40000e+00 -1.60000e+00       2.442e+15  7.544583e-01  0.000000e+00 -3.715199e-01  2.455417e-01
-7.00000e-01 -1.60000e+00       2.241e+15  7.124201e-01  0.000000e+00 -5.300871e-01  2.875799e-01
 0.00000e+00 -1.60000e+00       1.585e+15  6.855661e-01  0.000000e+00 -9.665491e-15  3.144339e-01
 7.00000e-01 -1.60000e+00       2.241e+15  7.124201e-01  0.000000e+00  5.300871e-01  2.875799e-01
 1.40000e+00 -1.60000e+00       2.442e+15  7.544583e-01  0.000000e+00  3.715199e-01  2.455417e-01
 2.10000e+00 -1.60000e+00       1.690e+15  6.483561e-01  0.000000e+00  1.910817e-01  3.516439e-01
 2.80000e+00 -1.60000e+00       9.530e+14  3.778208e-01  0.000000e+00 -2.926230e-02  6.221792e-01
 3.50000e+00 -1.60000e+00       6.204e+14  5.303342e-01  0.000000e+00 -3.357645e-01  4.696658e-01
 4.20000e+00 -1.60000e+00       3.756e+14  8.212577e-01  0.000000e+00 -2.019401e-01  1.787423e-01
 4.90000e+00 -1.60000e+00       1.480e+14  9.116310e-01  0.000000e+00  9.891805e-02  8.836900e-02
 5.60000e+00 -1.60000e+00       3.578e+13  8.634484e-01  0.000000e+00  3.793416e-01  1.365516e-01
 6.30000e+00 -1.60000e+00       5.379e+12  7.394016e-01  0.000000e+00  6.042763e-01  2.605984e-01
 7.00000e+00 -1.60000e+00       5.056e+11  5.729929e-01  0.000000e+00  7.695545e-01  4.270071e-01
-7.00000e+00 -1.20000e+00       9.868e+11  3.367880e-01  0.000000e+00 -8.946391e-01  6.632120e-01
-6.30000e+00 -1.20000e+00       1.080e+13  5.546736e-01  0.000000e+00 -7.783699e-01  4.453264e-01
-5.60000e+00 -1.20000e+00       7.579e+13  7.375339e-01  0.000000e+00 -6.043683e-01  2.624661e-01
-4.90000e+00 -1.20000e+00       3.416e+14  8.674514e-01  0.000000e+00 -3.799849e-01  1.325486e-01
-4.20000e+00 -1.20000e+00       9.666e+14  9.201393e-01  0.000000e+00 -1.167683e-01  7.986068e-02
-3.50000e+00 -1.20000e+00       1.661e+15  8.495916e-01  0.000000e+00  1.434681e-01  1.504084e-01
-2.80000e+00 -1.20000e+00       1.957e+15  6.352816e-01  0.000000e+00  2.100140e-01  3.647184e-01
-2.10000e+00 -1.20000e+00       2.621e+15  6.417922e-01  0.000000e+00  5.751393e-02  3.582078e-01
-1.40000e+00 -1.20000e+00       3.158e+15  8.301931e-01  0.000000e+00  1.240693e-01  1.698069e-01
-7.00000e-01 -1.20000e+00       1.689e+15  9.111157e-01  0.000000e+00  1.994889e-01  8.888426e-02
 0.00000e+00 -1.20000e+00       6.489e+14  9.164462e-01  0.000000e+00 -4.919640e-17  8.355385e-02
 7.00000e-01 -1.20000e+00       1.689e+15  9.111157e-01  0.000000e+00 -1.994889e-01  8.888426e-02
 1.40000e+00 -1.20000e+00       3.158e+15  8.301931e-01  0.000000e+00 -1.240693e-01  1.698069e-01
 2.10000e+00 -1.20000e+00       2.621e+15  6.417922e-01  0.000000e+00 -5.751393e-02  3.582078e-01
 2.80000e+00 -1.20000e+00       1.957e+15  6.352816e-01  0.000000e+00 -2.100140e-01  3.647184e-01
 3.50000e+00 -1.20000e+00       1.661e+15  8.495916e-01  0.000000e+00 -1.434681e-01  1.504084e-01
 4.20000e+00 -1.20000e+00       9.666e+14  9.201393e-01  0.000000e+00  1.167683e-01  7.986068e-02
 4.90000e+00 -1.20000e+00       3.416e+14  8.674514e-01  0.000000e+00  3.799849e-01  1.325486e-01
 5.60000e+00 -1.20000e+00       7.579e+13  7.375339e-01  0.000000e+00  6.043683e-01  2.624661e-01
 6.30000e+00 -1.20000e+00       1.080e+13  5.546736e-01  0.000000e+00  7.783699e-01  4.453264e-01
 7.00000e+00 -1.20000e+00       9.868e+11  3.367880e-01  0.000000e+00  8.946391e-01  6.632120e-01
-7.00000e+00 -8.00000e-01       1.140e+12  2.645895e-01  0.000000e+00 -9.033117e-01  7.354105e-01
-6.30000e+00 -8.00000e-01       1.329e+13  5.172972e-01  0.000000e+00 -7.980783e-01  4.827028e-01
-5.60000e+00 -8.00000e-01       1.010e+14  7.150841e-01  0.000000e+00 -6.388559e-01  2.849159e-01
-4.90000e+00 -8.00000e-01       5.022e+14  8.530455e-01  0.000000e+00 -4.478687e-01  1.469545e-01
-4.20000e+00 -8.00000e-01       1.598e+15  9.317426e-01  0.000000e+00 -2.403525e-01  6.825741e-02
-3.50000e+00 -8.00000e-01       3.089e+15  9.462174e-01  0.000000e+00 -2.911592e-02  5.378256e-02
-2.80000e+00 -8.00000e-01       3.594e+15  8.738078e-01  0.000000e+00  1.148695e-01  1.261922e-01
-2.10000e+00 -8.00000e-01       3.309e+15  7.304322e-01  0.000000e+00 -6.294947e-02  2.695678e-01
-1.40000e+00 -8.00000e-01       2.863e+15  4.948580e-01  0.000000e+00 -3.516290e-01  5.051420e-01
-7.00000e-01 -8.00000e-01       1.827e+15 -2.992958e-02  0.000000e+00 -3.732022e-01  9.700704e-01
 0.00000e+00 -8.00000e-01       1.239e+15 -3.753097e-01  0.000000e+00  7.790985e-15  6.246903e-01
 7.00000e-01 -8.00000e-01       1.827e+15 -2.992958e-02  0.000000e+00  3.732022e-01  9.700704e-01
 1.40000e+00 -8.00000e-01       2.863e+15  4.948580e-01  0.000000e+00  3.516290e-01  5.051420e-01
 2.10000e+00 -8.00000e-01       3.309e+15  7.304322e-01  0.000000e+00  6.294947e-02  2.695678e-01
 2.80000e+00 -8.00000e-01       3.594e+15  8.738078e-01  0.000000e+00 -1.148695e-01  1.261922e-01
 3.50000e+00 -8.00000e-01       3.089e+15  9.462174e-01  0.000000e+00  2.911592e-02  5.378256e-02
 4.20000e+00 -8.00000e-01       1.598e+15  9.317426e-01  0.000000e+00  2.403525e-01  6.825741e-02
 4.90000e+00 -8.00000e-01       5.022e+14  8.530455e-01  0.000000e+00  4.478687e-01  1.469545e-01
 5.60000e+00 -8.00000e-01       1.010e+14  7.150841e-01  0.000000e+00  6.388559e-01  2.849159e-01
 6.30000e+00 -8.00000e-01       1.329e+13  5.172972e-01  0.000000e+00  7.980783e-01  4.827028e-01
 7.00000e+00 -8.00000e-01       1.140e+12  2.645895e-01  0.000000e+00  9.033117e-01  7.354105e-01
-7.00000e+00 -4.00000e-01       8.257e+11  5.424492e-01  0.000000e+00 -7.640446e-01  4.575508e-01
-6.30000e+00 -4.00000e-01       1.129e+13  7.410936e-01  0.000000e+00 -6.161123e-01  2.589064e-01
-5.60000e+00 -4.00000e-01       9.832e+13  8.624517e-01  0.000000e+00 -4.605666e-01  1.375483e-01
-4.90000e+00 -4.00000e-01       5.492e+14  9.329865e-01  0.000000e+00 -3.153064e-01  6.701349e-02
-4.20000e+00 -4.00000e-01       1.945e+15  9.705211e-01  0.000000e+00 -1.830858e-01  2.947889e-02
-3.50000e+00 -4.00000e-01       4.160e+15  9.841325e-01  0.000000e+00 -6.135534e-02  1.586752e-02
-2.80000e+00 -4.00000e-01       5.064e+15  9.723095e-01  0.000000e+00  4.331162e-02  2.769054e-02
-2.10000e+00 -4.00000e-01       4.489e+15  9.378154e-01  0.000000e+00  9.240080e-02  6.218456e-02
-1.40000e+00 -4.00000e-01       6.064e+15  9.554933e-01  0.000000e+00  1.207871e-01  4.450675e-02
-7.00000e-01 -4.00000e-01       5.795e+15  9.769433e-01  0.000000e+00  1.409933e-01  2.305673e-02
 0.00000e+00 -4.00000e-01       3.563e+15  9.827700e-01  0.000000e+00 -4.892271e-15  1.722998e-02
 7.00000e-01 -4.00000e-01       5.795e+15  9.769433e-01  0.000000e+00 -1.409933e-01  2.305673e-02
 1.40000e+00 -4.00000e-01       6.064e+15  9.554933e-01  0.000000e+00 -1.207871e-01  4.450675e-02
 2.10000e+00 -4.00000e-01       4.489e+15  9.378154e-01  0.000000e+00 -9.240080e-02  6.218456e-02
 2.80000e+00 -4.00000e-01       5.064e+15  9.723095e-01  0.000000e+00 -4.331162e-02  2.769054e-02
 3.50000e+00 -4.00000e-01       4.160e+15  9.841325e-01  0.000000e+00  6.135534e-02  1.586752e-02
 4.20000e+00 -4.00000e-01       1.945e+15  9.705211e-01  0.000000e+00  1.830858e-01  2.947889e-02
 4.90000e+00 -4.00000e-01       5.492e+14  9.329865e-01  0.000000e+00  3.153064e-01  6.701349e-02
 5.60000e+00 -4.00000e-01       9.832e+13  8.624517e-01  0.000000e+00  4.605666e-01  1.375483e-01
 6.30000e+00 -4.00000e-01       1.129e+13  7.410936e-01  0.000000e+00  6.161123e-01  2.589064e-01
 7.00000e+00 -4.00000e-01       8.257e+11  5.424492e-01  0.000000e+00  7.640446e-01  4.575508e-01
-7.00000e+00  0.00000e+00       5.849e+11  9.994672e-01  0.000000e+00 -6.491323e-11  5.328198e-04
-6.30000e+00  0.00000e+00       9.443e+12  9.997132e-01  0.000000e+00  7.096304e-12  2.868048e-04
-5.60000e+00  0.00000e+00       9.107e+13  9.998493e-01  0.000000e+00  4.687241e-12  1.506880e-04
-4.90000e+00  0.00000e+00       5.440e+14  9.999347e-01  0.000000e+00  2.348040e-12  6.526338e-05
-4.20000e+00  0.00000e+00       2.024e+15  9.999763e-01  0.000000e+00  1.626963e-12  2.374816e-05
-3.50000e+00  0.00000e+00       4.512e+15  9.999912e-01  0.000000e+00  1.154552e-12  8.777309e-06
-2.80000e+00  0.00000e+00       5.690e+15  9.999834e-01  0.000000e+00  9.883677e-13  1.660820e-05
-2.10000e+00  0.00000e+00       5.370e+15  9.999555e-01  0.000000e+00  9.385835e-13  4.453310e-05
-1.40000e+00  0.00000e+00       7.557e+15  9.999768e-01  0.000000e+00  3.867043e-13  2.322822e-05
-7.00000e-01  0.00000e+00       6.611e+15  9.999912e-01  0.000000e+00  1.887504e-13  8.757610e-06
 0.00000e+00  0.00000e+00       3.632e+15  9.999635e-01  0.000000e+00 -7.831669e-18  3.645347e-05
 7.00000e-01  0.00000e+00       6.611e+15  9.999912e-01  0.000000e+00 -1.887900e-13  8.757610e-06
 1.40000e+00  0.00000e+00       7.557e+15  9.999768e-01  0.000000e+00 -3.867360e-13  2.322822e-05
 2.10000e+00  0.00000e+00       5.370e+15  9.999555e-01  0.000000e+00 -9.386323e-13  4.453310e-05
 2.80000e+00  0.00000e+00       5.690e+15  9.999834e-01  0.000000e+00 -9.883805e-13  1.660820e-05
 3.50000e+00  0.00000e+00       4.512e+15  9.999912e-01  0.000000e+00 -1.154448e-12  8.777309e-06
 4.20000e+00  0.00000e+00       2.024e+15  9.999763e-01  0.000000e+00 -1.626690e-12  2.374816e-05
 4.90000e+00  0.00000e+00       5.440e+14  9.999347e-01  0.000000e+00 -2.347569e-12  6.526338e-05
 5.60000e+00  0.00000e+00       9.107e+13  9.998493e-01  0.000000e+00 -4.686455e-12  1.506880e-04
 6.30000e+00  0.00000e+00       9.443e+12  9.997132e-01  0.000000e+00 -7.095288e-12  2.868048e-04
 7.00000e+00  0.00000e+00       5.849e+11  9.994672e-01  0.000000e+00  6.491485e-11  5.328198e-04
-7.00000e+00  4.00000e-01       8.257e+11  5.424492e-01  0.000000e+00  7.640446e-01  4.575508e-01
-6.30000e+00  4.00000e-01       1.129e+13  7.410936e-01  0.000000e+00  6.161123e-01  2.589064e-01
-5.60000e+00  4.00000e-01       9.832e+13  8.624517e-01  0.000000e+00  4.605666e-01  1.375483e-01
-4.90000e+00  4.00000e-01       5.492e+14  9.329865e-01  0.000000e+00  3.153064e-01  6.701349e-02
-4.20000e+00  4.00000e-01       1.945e+15  9.705211e-01  0.000000e+00  1.830858e-01  2.947889e-02
-3.50000e+00  4.00000e-01       4.160e+15  9.841325e-01  0.000000e+00  6.135534e-02  1.586752e-02
-2.80000e+00  4.00000e-01       5.064e+15  9.723095e-01  0.000000e+00 -4.331162e-02  2.769054e-02
-2.10000e+00  4.00000e-01       4.489e+15  9.378154e-01  0.000000e+00 -9.240080e-02  6.218456e-02
-1.40000e+00  4.00000e-01       6.064e+15  9.554933e-01  0.000000e+00 -1.207871e-01  4.450675e-02
-7.00000e-01  4.00000e-01       5.795e+15  9.769433e-01  0.000000e+00 -1.409933e-01  2.305673e-02
 0.00000e+00  4.00000e-01       3.563e+15  9.827700e-01  0.000000e+00  4.892287e-15  1.722998e-02
 7.00000e-01  4.00000e-01       5.795e+15  9.769433e-01  0.000000e+00  1.409933e-01  2.305673e-02
 1.40000e+00  4.00000e-01       6.064e+15  9.554933e-01  0.000000e+00  1.207871e-01  4.450675e-02
 2.10000e+00  4.00000e-01       4.489e+15  9.378154e-01  0.000000e+00  9.240080e-02  6.218456e-02
 2.80000e+00  4.00000e-01       5.064e+15  9.723095e-01  0.000000e+00  4.331162e-02  2.769054e-02
 3.50000e+00  4.00000e-01       4.160e+15  9.841325e-01  0.000000e+00 -6.135534e-02  1.586752e-02
 4.20000e+00  4.00000e-01       1.945e+15  9.705211e-01  0.000000e+00 -1.830858e-01  2.947889e-02
 4.90000e+00  4.00000e-01       5.492e+14  9.329865e-01  0.000000e+00 -3.153064e-01  6.701349e-02
 5.60000e+00  4.00000e-01       9.832e+13  8.624517e-01  0.000000e+00 -4.605666e-01  1.375483e-01
 6.30000e+00  4.00000e-01       1.129e+13  7.410936e-01  0.000000e+00 -6.161123e-01  2.589064e-01
 7.00000e+00  4.00000e-01       8.257e+11  5.424492e-01  0.000000e+00 -7.640446e-01  4.575508e-01
-7.00000e+00  8.00000e-01       1.140e+12  2.645895e-01  0.000000e+00  9.033117e-01  7.354105e-01
-6.30000e+00  8.00000e-01       1.329e+13  5.172972e-01  0.000000e+00  7.980783e-01  4.827028e-01
-5.60000e+00  8.00000e-01       1.010e+14  7.150841e-01  0.000000e+00  6.388559e-01  2.849159e-01
-4.90000e+00  8.00000e-01       5.022e+14  8.530455e-01  0.000000e+00  4.478687e-01  1.469545e-01
-4.20000e+00  8.00000e-01       1.598e+15  9.317426e-01  0.000000e+00  2.403525e-01  6.825741e-02
-3.50000e+00  8.00000e-01       3.089e+15  9.462174e-01  0.000000e+00  2.911592e-02  5.378256e-02
-2.80000e+00  8.00000e-01       3.594e+15  8.738078e-01  0.000000e+00 -1.148695e-01  1.261922e-01
-2.10000e+00  8.00000e-01       3.309e+15  7.304322e-01  0.000000e+00  6.294947e-02  2.695678e-01
-1.40000e+00  8.00000e-01       2.863e+15  4.948580e-01  0.000000e+00  3.516290e-01  5.051420e-01
-7.00000e-01  8.00000e-01       1.827e+15 -2.992958e-02  0.000000e+00  3.732022e-01  9.700704e-01
 0.00000e+00  8.00000e-01       1.239e+15 -3.753097e-01  0.000000e+00 -5.663239e-16  6.246903e-01
 7.00000e-01  8.00000e-01       1.827e+15 -2.992958e-02  0.000000e+00 -3.732022e-01  9.700704e-01
 1.40000e+00  8.00000e-01       2.863e+15  4.948580e-01  0.000000e+00 -3.516290e-01  5.051420e-01
 2.10000e+00  8.00000e-01       3.309e+15  7.304322e-01  0.000000e+00 -6.294947e-02  2.695678e-01
 2.80000e+00  8.00000e-01       3.594e+15  8.738078e-01  0.000000e+00  1.148695e-01  1.261922e-01
 3.50000e+00  8.00000e-01       3.089e+15  9.462174e-01  0.000000e+00 -2.911592e-02  5.378256e-02
 4.20000e+00  8.00000e-01       1.598e+15  9.317426e-01  0.000000e+00 -2.403525e-01  6.825741e-02
 4.90000e+00  8.00000e-01       5.022e+14  8.530455e-01  0.000000e+00 -4.478687e-01  1.469545e-01
 5.60000e+00  8.00000e-01       1.010e+14  7.150841e-01  0.000000e+00 -6.388559e-01  2.849159e-01
 6.30000e+00  8.00000e-01       1.329e+13  5.172972e-01  0.000000e+00 -7.980783e-01  4.827028e-01
 7.00000e+00  8.00000e-01       1.140e+12  2.645895e-01  0.000000e+00 -9.033117e-01  7.354105e-01
-7.00000e+00  1.20000e+00       9.868e+11  3.367880e-01  0.000000e+00  8.946391e-01  6.632120e-01
-6.30000e+00  1.20000e+00       1.080e+13  5.546736e-01  0.000000e+00  7.783699e-01  4.453264e-01
-5.60000e+00  1.20000e+00       7.579e+13  7.375339e-01  0.000000e+00  6.043683e-01  2.624661e-01
-4.90000e+00  1.20000e+00       3.416e+14  8.674514e-01  0.000000e+00  3.799849e-01  1.325486e-01
-4.20000e+00  1.20000e+00       9.666e+14  9.201393e-01  0.000000e+00  1.167683e-01  7.986068e-02
-3.50000e+00  1.20000e+00       1.661e+15  8.495916e-01  0.000000e+00 -1.434681e-01  1.504084e-01
-2.80000e+00  1.20000e+00       1.957e+15  6.352816e-01  0.000000e+00 -2.100140e-01  3.647184e-01
-2.10000e+00  1.20000e+00       2.621e+15  6.417922e-01  0.000000e+00 -5.751393e-02  3.582078e-01
-1.40000e+00  1.20000e+00       3.158e+15  8.301931e-01  0.000000e+00 -1.240693e-01  1.698069e-01
-7.00000e-01  1.20000e+00       1.689e+15  9.111157e-01  0.000000e+00 -1.994889e-01  8.888426e-02
 0.00000e+00  1.20000e+00       6.489e+14  9.164462e-01  0.000000e+00 -3.193508e-16  8.355385e-02
 7.00000e-01  1.20000e+00       1.689e+15  9.111157e-01  0.000000e+00  1.994889e-01  8.888426e-02
 1.40000e+00  1.20000e+00       3.158e+15  8.301931e-01  0.000000e+00  1.240693e-01  1.698069e-01
 2.10000e+00  1.20000e+00       2.621e+15  6.417922e-01  0.000000e+00  5.751393e-02  3.582078e-01
 2.80000e+00  1.20000e+00       1.957e+15  6.352816e-01  0.000000e+00  2.100140e-01  3.647184e-01
 3.50000e+00  1.20000e+00       1.661e+15  8.495916e-01  0.000000e+00  1.434681e-01  1.504084e-01
 4.20000e+00  1.20000e+00       9.666e+14  9.201393e-01  0.000000e+00 -1.167683e-01  7.986068e-02
 4.90000e+00  1.20000e+00       3.416e+14  8.674514e-01  0.000000e+00 -3.799849e-01  1.325486e-01
 5.60000e+00  1.20000e+00       7.579e+13  7.375339e-01  0.000000e+00 -6.043683e-01  2.624661e-01
 6.30000e+00  1.20000e+00       1.080e+13  5.546736e-01  0.000000e+00 -7.783699e-01  4.453264e-01
 7.00000e+00  1.20000e+00       9.868e+11  3.367880e-01  0.000000e+00 -8.946391e-01  6.632120e-01
-7.00000e+00  1.60000e+00       5.056e+11  5.729929e-01  0.000000e+00  7.695545e-01  4.270071e-01
-6.30000e+00  1.60000e+00       5.379e+12  7.394016e-01  0.000000e+00  6.042763e-01  2.605984e-01
-5.60000e+00  1.60000e+00       3.578e+13  8.634484e-01  0.000000e+00  3.793416e-01  1.365516e-01
-4.90000e+00  1.60000e+00       1.480e+14  9.116310e-01  0.000000e+00  9.891805e-02  8.836900e-02
-4.20000e+00  1.60000e+00       3.756e+14  8.212577e-01  0.000000e+00 -2.019401e-01  1.787423e-01
-3.50000e+00  1.60000e+00       6.204e+14  5.303342e-01  0.000000e+00 -3.357645e-01  4.696658e-01
-2.80000e+00  1.60000e+00       9.530e+14  3.778208e-01  0.000000e+00 -2.926230e-02  6.221792e-01
-2.10000e+00  1.60000e+00       1.690e+15  6.483561e-01  0.000000e+00  1.910817e-01  3.516439e-01
-1.40000e+00  1.60000e+00       2.442e+15  7.544583e-01  0.000000e+00  3.715199e-01  2.455417e-01
-7.00000e-01  1.60000e+00       2.241e+15  7.124201e-01  0.000000e+00  5.300871e-01  2.875799e-01
 0.00000e+00  1.60000e+00       1.585e+15  6.855661e-01  0.000000e+00  9.649731e-15  3.144339e-01
 7.00000e-01  1.60000e+00       2.241e+15  7.124201e-01  0.000000e+00 -5.300871e-01  2.875799e-01
 1.40000e+00  1.60000e+00       2.442e+15  7.544583e-01  0.000000e+00 -3.715199e-01  2.455417e-01
 2.10000e+00  1.60000e+00       1.690e+15  6.483561e-01  0.000000e+00 -1.910817e-01  3.516439e-01
 2.80000e+00  1.60000e+00       9.530e+14  3.778208e-01  0.000000e+00  2.926230e-02  6.221792e-01
 3.50000e+00  1.60000e+00       6.204e+14  5.303342e-01  0.000000e+00  3.357645e-01  4.696658e-01
 4.20000e+00  1.60000e+00       3.756e+14  8.212577e-01  0.000000e+00  2.019401e-01  1.787423e-01
 4.90000e+00  1.60000e+00       1.480e+14  9.116310e-01  0.000000e+00 -9.891805e-02  8.836900e-02
 5.60000e+00  1.60000e+00       3.578e+13  8.634484e-01  0.000000e+00 -3.793416e-01  1.365516e-01
 6.30000e+00  1.60000e+00       5.379e+12  7.394016e-01  0.000000e+00 -6.042763e-01  2.605984e-01
 7.00000e+00  1.60000e+00       5.056e+11  5.729929e-01  0.000000e+00 -7.695545e-01  4.270071e-01
-7.00000e+00  2.00000e+00       1.474e+11  8.368645e-01  0.000000e+00  4.398765e-01  1.631355e-01
-6.30000e+00  2.00000e+00       1.522e+12  9.143610e-01  0.000000e+00  2.025718e-01  8.563902e-02
-5.60000e+00  2.00000e+00       9.570e+12  8.979639e-01  0.000000e+00 -9.005692e-02  1.020361e-01
-4.90000e+00  2.00000e+00       3.671e+13  7.177510e-01  0.000000e+00 -3.836518e-01  2.822490e-01
-4.20000e+00  2.00000e+00       9.187e+13  3.269378e-01  0.000000e+00 -4.604414e-01  6.730622e-01
-3.50000e+00  2.00000e+00       1.941e+14  9.963763e-02  0.000000e+00 -5.447841e-02  9.003624e-01
-2.80000e+00  2.00000e+00       4.106e+14  3.930758e-01  0.000000e+00  1.920892e-01  6.069242e-01
-2.10000e+00  2.00000e+00       6.806e+14  5.823991e-01  0.000000e+00  1.700898e-01  4.176009e-01
-1.40000e+00  2.00000e+00       7.466e+14  5.233210e-01  0.000000e+00  4.186936e-01  4.766790e-01
-7.00000e-01  2.00000e+00       4.357e+14  4.408530e-01  0.000000e+00  6.596908e-01  5.591470e-01
 0.00000e+00  2.00000e+00       1.990e+14  3.996376e-01  0.000000e+00 -1.167951e-14  6.003624e-01
 7.00000e-01  2.00000e+00       4.357e+14  4.408530e-01  0.000000e+00 -6.596908e-01  5.591470e-01
 1.40000e+00  2.00000e+00       7.466e+14  5.233210e-01  0.000000e+00 -4.186936e-01  4.766790e-01
 2.10000e+00  2.00000e+00       6.806e+14  5.823991e-01  0.000000e+00 -1.700898e-01  4.176009e-01
 2.80000e+00  2.00000e+00       4.106e+14  3.930758e-01  0.000000e+00 -1.920892e-01  6.069242e-01
 3.50000e+00  2.00000e+00       1.941e+14  9.963763e-02  0.000000e+00  5.447841e-02  9.003624e-01
 4.20000e+00  2.00000e+00       9.187e+13  3.269378e-01  0.000000e+00  4.604414e-01  6.730622e-01
 4.90000e+00  2.00000e+00       3.671e+13  7.177510e-01  0.000000e+00  3.836518e-01  2.822490e-01
 5.60000e+00  2.00000e+00       9.570e+12  8.979639e-01  0.000000e+00  9.005692e-02  1.020361e-01
 6.30000e+00  2.00000e+00       1.522e+12  9.143610e-01  0.000000e+00 -2.025718e-01  8.563902e-02
 7.00000e+00  2.00000e+00       1.474e+11  8.368645e-01  0.000000e+00 -4.398765e-01  1.631355e-01
-7.00000e+00  2.40000e+00       2.316e+10  8.491565e-01  0.000000e+00 -1.791318e-01  1.508435e-01
-6.30000e+00  2.40000e+00       2.270e+11  7.280155e-01  0.000000e+00 -4.460944e-01  2.719845e-01
-5.60000e+00  2.40000e+00       1.391e+12  3.847635e-01  0.000000e+00 -6.255692e-01  6.152365e-01
-4.90000e+00  2.40000e+00       5.777e+12 -6.440858e-02  0.000000e+00 -4.429107e-01  9.355914e-01
-4.20000e+00  2.40000e+00       1.980e+13 -1.087357e-01  0.000000e+00  1.083913e-01  8.912643e-01
-3.50000e+00  2.40000e+00       5.806e+13  2.921534e-01  0.000000e+00  2.832933e-01  7.078466e-01
-2.80000e+00  2.40000e+00       1.217e+14  4.777317e-01  0.000000e+00  2.142908e-02  5.222683e-01
-2.10000e+00  2.40000e+00       1.919e+14  5.211787e-01  0.000000e+00 -8.202397e-02  4.788213e-01
-1.40000e+00  2.40000e+00       2.186e+14  7.164036e-01  0.000000e+00  6.452561e-02  2.835964e-01
-7.00000e-01  2.40000e+00       1.175e+14  8.403612e-01  0.000000e+00  1.495167e-01  1.596388e-01
 0.00000e+00  2.40000e+00       4.667e+13  8.160578e-01  0.000000e+00  4.275786e-15  1.839422e-01
 7.00000e-01  2.40000e+00       1.175e+14  8.403612e-01  0.000000e+00 -1.495167e-01  1.596388e-01
 1.40000e+00  2.40000e+00       2.186e+14  7.164036e-01  0.000000e+00 -6.452561e-02  2.835964e-01
 2.10000e+00  2.40000e+00       1.919e+14  5.211787e-01  0.000000e+00  8.202397e-02  4.788213e-01
 2.80000e+00  2.40000e+00       1.217e+14  4.777317e-01  0.000000e+00 -2.142908e-02  5.222683e-01
 3.50000e+00  2.40000e+00       5.806e+13  2.921534e-01  0.000000e+00 -2.832933e-01  7.078466e-01
 4.20000e+00  2.40000e+00       1.980e+13 -1.087357e-01  0.000000e+00 -1.083913e-01  8.912643e-01
 4.90000e+00  2.40000e+00       5.777e+12 -6.440858e-02  0.000000e+00  4.429107e-01  9.355914e-01
 5.60000e+00  2.40000e+00       1.391e+12  3.847635e-01  0.000000e+00  6.255692e-01  6.152365e-01
 6.30000e+00  2.40000e+00       2.270e+11  7.280155e-01  0.000000e+00  4.460944e-01  2.719845e-01
 7.00000e+00  2.40000e+00       2.316e+10  8.491565e-01  0.000000e+00  1.791318e-01  1.508435e-01
-7.00000e+00  2.80000e+00       2.490e+09 -5.638466e-02  0.000000e+00 -6.009874e-01  9.436153e-01
-6.30000e+00  2.80000e+00       2.139e+10 -2.722405e-01  0.000000e+00 -4.935328e-01  7.277595e-01
-5.60000e+00  2.80000e+00       1.576e+11 -4.052542e-01  0.000000e+00  2.833840e-03  5.947458e-01
-4.90000e+00  2.80000e+00       9.213e+11 -5.221989e-02  0.000000e+00  4.189687e-01  9.477801e-01
-4.20000e+00  2.80000e+00       3.915e+12  3.911416e-01  0.000000e+00  3.190429e-01  6.088584e-01
-3.50000e+00  2.80000e+00       1.090e+13  4.449008e-01  0.000000e+00 -9.290557e-03  5.550992e-01
-2.80000e+00  2.80000e+00       2.146e+13  1.915141e-01  0.000000e+00 -5.995182e-02  8.084859e-01
-2.10000e+00  2.80000e+00       3.378e+13  8.106584e-03  0.000000e+00 -8.458306e-02  9.918934e-01
-1.40000e+00  2.80000e+00       3.482e+13 -1.149472e-01  0.000000e+00 -4.213611e-01  8.850528e-01
-7.00000e-01  2.80000e+00       1.784e+13 -1.494723e-01  0.000000e+00 -6.212667e-01  8.505277e-01
 0.00000e+00  2.80000e+00       8.217e+12 -2.370811e-03  0.000000e+00 -3.194381e-15  9.976292e-01
 7.00000e-01  2.80000e+00       1.784e+13 -1.494723e-01  0.000000e+00  6.212667e-01  8.505277e-01
 1.40000e+00  2.80000e+00       3.482e+13 -1.149472e-01  0.000000e+00  4.213611e-01  8.850528e-01
 2.10000e+00  2.80000e+00       3.378e+13  8.106584e-03  0.000000e+00  8.458306e-02  9.918934e-01
 2.80000e+00  2.80000e+00       2.146e+13  1.915141e-01  0.000000e+00  5.995182e-02  8.084859e-01
 3.50000e+00  2.80000e+00       1.090e+13  4.449008e-01  0.000000e+00  9.290557e-03  5.550992e-01
 4.20000e+00  2.80000e+00       3.915e+12  3.911416e-01  0.000000e+00 -3.190429e-01  6.088584e-01
 4.90000e+00  2.80000e+00       9.213e+11 -5.221989e-02  0.000000e+00 -4.189687e-01  9.477801e-01
 5.60000e+00  2.80000e+00       1.576e+11 -4.052542e-01  0.000000e+00 -2.833840e-03  5.947458e-01
 6.30000e+00  2.80000e+00       2.139e+10 -2.722405e-01  0.000000e+00  4.935328e-01  7.277595e-01
 7.00000e+00  2.80000e+00       2.490e+09 -5.638466e-02  0.000000e+00  6.009874e-01  9.436153e-01
-7.00000e+00  3.20000e+00       6.713e+08 -6.700386e-01  0.000000e+00 -5.074938e-02  3.299614e-01
-6.30000e+00  3.20000e+00       3.085e+09 -2.903493e-01  0.000000e+00  4.159518e-01  7.096507e-01
-5.60000e+00  3.20000e+00       2.043e+10  2.602433e-01  0.000000e+00  4.851159e-01  7.397567e-01
-4.90000e+00  3.20000e+00       1.104e+11  5.169186e-01  0.000000e+00  1.397408e-01  4.830814e-01
-4.20000e+00  3.20000e+00       4.123e+11  3.318128e-01  0.000000e+00 -1.686542e-01  6.681872e-01
-3.50000e+00  3.20000e+00       1.176e+12  9.644072e-02  0.000000e+00 -5.988747e-02  9.035593e-01
-2.80000e+00  3.20000e+00       2.855e+12  2.555396e-01  0.000000e+00  1.978773e-02  7.444604e-01
-2.10000e+00  3.20000e+00       5.562e+12  5.252559e-01  0.000000e+00 -2.867240e-02  4.747441e-01
-1.40000e+00  3.20000e+00       7.275e+12  7.257595e-01  0.000000e+00  1.217045e-01  2.742405e-01
-7.00000e-01  3.20000e+00       4.911e+12  7.952805e-01  0.000000e+00  2.165221e-01  2.047195e-01
 0.00000e+00  3.20000e+00       2.843e+12  7.517400e-01  0.000000e+00 -2.586298e-15  2.482600e-01
 7.00000e-01  3.20000e+00       4.911e+12  7.952805e-01  0.000000e+00 -2.165221e-01  2.047195e-01
 1.40000e+00  3.20000e+00       7.275e+12  7.257595e-01  0.000000e+00 -1.217045e-01  2.742405e-01
 2.10000e+00  3.20000e+00       5.562e+12  5.252559e-01  0.000000e+00  2.867240e-02  4.747441e-01
 2.80000e+00  3.20000e+00       2.855e+12  2.555396e-01  0.000000e+00 -1.978773e-02  7.444604e-01
 3.50000e+00  3.20000e+00       1.176e+12  9.644072e-02  0.000000e+00  5.988747e-02  9.035593e-01
 4.20000e+00  3.20000e+00       4.123e+11  3.318128e-01  0.000000e+00  1.686542e-01  6.681872e-01
 4.90000e+00  3.20000e+00       1.104e+11  5.169186e-01  0.000000e+00 -1.397408e-01  4.830814e-01
 5.60000e+00  3.20000e+00       2.043e+10  2.602433e-01  0.000000e+00 -4.851159e-01  7.397567e-01
 6.30000e+00  3.20000e+00       3.085e+09 -2.903493e-01  0.000000e+00 -4.159518e-01  7.096507e-01
 7.00000e+00  3.20000e+00       6.713e+08 -6.700386e-01  0.000000e+00  5.074938e-02  3.299614e-01
-7.00000e+00  3.60000e+00       4.427e+08 -7.051442e-01  0.000000e+00 -2.465602e-02  2.948558e-01
-6.30000e+00  3.60000e+00       1.102e+09 -3.443724e-01  0.000000e+00  2.545370e-01  6.556276e-01
-5.60000e+00  3.60000e+00       3.592e+09  7.015069e-02  0.000000e+00  2.436519e-01  9.298493e-01
-4.90000e+00  3.60000e+00       1.028e+10  1.468580e-02  0.000000e+00  1.168950e-01  9.853142e-01
-4.20000e+00  3.60000e+00       2.840e+10 -1.314396e-01  0.000000e+00  2.336657e-01  8.685604e-01
-3.50000e+00  3.60000e+00       8.602e+10  7.703359e-02  0.000000e+00  1.877912e-01  9.229664e-01
-2.80000e+00  3.60000e+00       2.302e+11  2.135974e-01  0.000000e+00  9.657350e-02  7.864026e-01
-2.10000e+00  3.60000e+00       4.942e+11  3.491800e-01  0.000000e+00  3.709458e-01  6.508200e-01
-1.40000e+00  3.60000e+00       8.741e+11  4.241847e-01  0.000000e+00  5.897741e-01  5.758153e-01
-7.00000e-01  3.60000e+00       1.163e+12  5.099665e-01  0.000000e+00  4.247297e-01  4.900335e-01
 0.00000e+00  3.60000e+00       1.196e+12  5.778330e-01  0.000000e+00 -4.380772e-15  4.221670e-01
 7.00000e-01  3.60000e+00       1.163e+12  5.099665e-01  0.000000e+00 -4.247297e-01  4.900335e-01
 1.40000e+00  3.60000e+00       8.741e+11  4.241847e-01  0.000000e+00 -5.897741e-01  5.758153e-01
 2.10000e+00  3.60000e+00       4.942e+11  3.491800e-01  0.000000e+00 -3.709458e-01  6.508200e-01
 2.80000e+00  3.60000e+00       2.302e+11  2.135974e-01  0.000000e+00 -9.657350e-02  7.864026e-01
 3.50000e+00  3.60000e+00       8.602e+10  7.703359e-02  0.000000e+00 -1.877912e-01  9.229664e-01
 4.20000e+00  3.60000e+00       2.840e+10 -1.314396e-01  0.000000e+00 -2.336657e-01  8.685604e-01
 4.90000e+00  3.60000e+00       1.028e+10  1.468580e-02  0.000000e+00 -1.168950e-01  9.853142e-01
 5.60000e+00  3.60000e+00       3.592e+09  7.015069e-02  0.000000e+00 -2.436519e-01  9.298493e-01
 6.30000e+00  3.60000e+00       1.102e+09 -3.443724e-01  0.000000e+00 -2.545370e-01  6.556276e-01
 7.00000e+00  3.60000e+00       4.427e+08 -7.051442e-01  0.000000e+00  2.465602e-02  2.948558e-01
-7.00000e+00  4.00000e+00       3.178e+08 -7.310473e-01  0.000000e+00  6.504358e-02  2.689527e-01
-6.30000e+00  4.00000e+00       7.400e+08 -4.205765e-01  0.000000e+00  3.124543e-01  5.794235e-01
-5.60000e+00  4.00000e+00       1.995e+09 -1.600386e-02  0.000000e+00  4.121391e-01  9.839961e-01
-4.90000e+00  4.00000e+00       3.388e+09  8.096830e-03  0.000000e+00  4.902325e-01  9.919032e-01
-4.20000e+00  4.00000e+00       3.705e+09 -3.096500e-01  0.000000e+00  5.803425e-01  6.903500e-01
-3.50000e+00  4.00000e+00       1.401e+10  3.533479e-01  0.000000e+00  3.103916e-01  6.466521e-01
-2.80000e+00  4.00000e+00       2.098e+10  1.012746e-01  0.000000e+00  4.930617e-01  8.987254e-01
-2.10000e+00  4.00000e+00       3.045e+10 -4.455847e-01  0.000000e+00  4.104035e-01  5.544153e-01
-1.40000e+00  4.00000e+00       1.179e+11 -7.008585e-02  0.000000e+00 -4.421029e-02  9.299141e-01
-7.00000e-01  4.00000e+00       5.536e+11  3.168784e-01  0.000000e+00 -2.251950e-02  6.831216e-01
 0.00000e+00  4.00000e+00       8.975e+11  3.438747e-01  0.000000e+00 -2.215861e-15  6.561253e-01
 7.00000e-01  4.00000e+00       5.536e+11  3.168784e-01  0.000000e+00  2.251950e-02  6.831216e-01
 1.40000e+00  4.00000e+00       1.179e+11 -7.008585e-02  0.000000e+00  4.421029e-02  9.299141e-01
 2.10000e+00  4.00000e+00       3.045e+10 -4.455847e-01  0.000000e+00 -4.104035e-01  5.544153e-01
 2.80000e+00  4.00000e+00       2.098e+10  1.012746e-01  0.000000e+00 -4.930617e-01  8.987254e-01
 3.50000e+00  4.00000e+00       1.401e+10  3.533479e-01  0.000000e+00 -3.103916e-01  6.466521e-01
 4.20000e+00  4.00000e+00       3.705e+09 -3.096500e-01  0.000000e+00 -5.803425e-01  6.903500e-01
 4.90000e+00  4.00000e+00       3.388e+09  8.096830e-03  0.000000e+00 -4.902325e-01  9.919032e-01
 5.60000e+00  4.00000e+00       1.995e+09 -1.600386e-02  0.000000e+00 -4.121391e-01  9.839961e-01
 6.30000e+00  4.00000e+00       7.400e+08 -4.205765e-01  0.000000e+00 -3.124543e-01  5.794235e-01
 7.00000e+00  4.00000e+00       3.178e+08 -7.310473e-01  0.000000e+00 -6.504358e-02  2.689527e-01
