 EB(GeV)    EMITTANCEx EMITTANCEy SIZEx(m)   SIZEy(m)   DIVx(rad)  DIVy(rad)
 2.411e+00  5.499e-09  1.017e-12  8.711e-05  1.009e-06  6.313e-05  1.009e-06
 betax      alphax     betay      alphay     eta        deta       E_spread  
 1.380e+00  0.000e+00  1.000e+00  0.000e+00  0.000e+00  0.000e+00  8.600e-04
 Ibeam(A)   period(cm) #periods   Kx         Ky         Energy(eV)
 4.005e-01  1.900e+00         96  0.000e+00  1.780e+00  3.068e+03


           x            y       F.Density            PL            PC          PL45        1-|PL|
          mm           mm  ph/s/mr^2/0.1%             -             -             -             -
-7.00000e+00 -4.00000e+00       1.587e+10  2.976023e-01  0.000000e+00  6.318392e-01  7.023977e-01
-6.30000e+00 -4.00000e+00       8.000e+10 -3.604500e-02  0.000000e+00  7.272874e-01  9.639550e-01
-5.60000e+00 -4.00000e+00       3.257e+11 -4.540412e-01  0.000000e+00  4.543799e-01  5.459588e-01
-4.90000e+00 -4.00000e+00       1.112e+12 -5.209460e-01  0.000000e+00 -1.336863e-01  4.790540e-01
-4.20000e+00 -4.00000e+00       3.269e+12 -6.936899e-02  0.000000e+00 -5.142801e-01  9.306310e-01
-3.50000e+00 -4.00000e+00       7.810e+12  4.468602e-01  0.000000e+00 -3.108003e-01  5.531398e-01
-2.80000e+00 -4.00000e+00       1.422e+13  5.228284e-01  0.000000e+00 -4.504355e-02  4.771716e-01
-2.10000e+00 -4.00000e+00       2.189e+13  2.334673e-02  0.000000e+00 -4.035064e-01  9.766533e-01
-1.40000e+00 -4.00000e+00       2.452e+13 -3.215469e-01  0.000000e+00 -7.462014e-01  6.784531e-01
-7.00000e-01 -4.00000e+00       1.202e+13 -3.184348e-01  0.000000e+00 -7.597706e-01  6.815652e-01
 0.00000e+00 -4.00000e+00       4.538e+12 -8.216081e-02  0.000000e+00 -1.041017e-14  9.178392e-01
 7.00000e-01 -4.00000e+00       1.202e+13 -3.184348e-01  0.000000e+00  7.597706e-01  6.815652e-01
 1.40000e+00 -4.00000e+00       2.452e+13 -3.215469e-01  0.000000e+00  7.462014e-01  6.784531e-01
 2.10000e+00 -4.00000e+00       2.189e+13  2.334673e-02  0.000000e+00  4.035064e-01  9.766533e-01
 2.80000e+00 -4.00000e+00       1.422e+13  5.228284e-01  0.000000e+00  4.504355e-02  4.771716e-01
 3.50000e+00 -4.00000e+00       7.810e+12  4.468602e-01  0.000000e+00  3.108003e-01  5.531398e-01
 4.20000e+00 -4.00000e+00       3.269e+12 -6.936899e-02  0.000000e+00  5.142801e-01  9.306310e-01
 4.90000e+00 -4.00000e+00       1.112e+12 -5.209460e-01  0.000000e+00  1.336863e-01  4.790540e-01
 5.60000e+00 -4.00000e+00       3.257e+11 -4.540412e-01  0.000000e+00 -4.543799e-01  5.459588e-01
 6.30000e+00 -4.00000e+00       8.000e+10 -3.604500e-02  0.000000e+00 -7.272874e-01  9.639550e-01
 7.00000e+00 -4.00000e+00       1.587e+10  2.976023e-01  0.000000e+00 -6.318392e-01  7.023977e-01
-7.00000e+00 -3.60000e+00       1.072e+11  8.838971e-01  0.000000e+00  8.047603e-02  1.161029e-01
-6.30000e+00 -3.60000e+00       5.554e+11  7.792745e-01  0.000000e+00  4.000785e-01  2.207255e-01
-5.60000e+00 -3.60000e+00       2.093e+12  4.614006e-01  0.000000e+00  6.665246e-01  5.385994e-01
-4.90000e+00 -3.60000e+00       5.962e+12 -4.575399e-02  0.000000e+00  6.678769e-01  9.542460e-01
-4.20000e+00 -3.60000e+00       1.416e+13 -4.154833e-01  0.000000e+00  1.988459e-01  5.845167e-01
-3.50000e+00 -3.60000e+00       3.133e+13 -1.361204e-01  0.000000e+00 -3.421246e-01  8.638796e-01
-2.80000e+00 -3.60000e+00       6.075e+13  4.452424e-01  0.000000e+00 -4.326531e-01  5.547576e-01
-2.10000e+00 -3.60000e+00       9.090e+13  3.800391e-01  0.000000e+00 -5.207180e-01  6.199609e-01
-1.40000e+00 -3.60000e+00       1.440e+14 -1.988016e-01  0.000000e+00 -7.840846e-01  8.011984e-01
-7.00000e-01 -3.60000e+00       1.475e+14 -3.557600e-01  0.000000e+00 -8.054992e-01  6.442400e-01
 0.00000e+00 -3.60000e+00       9.752e+13 -3.514888e-01  0.000000e+00  1.761275e-15  6.485112e-01
 7.00000e-01 -3.60000e+00       1.475e+14 -3.557600e-01  0.000000e+00  8.054992e-01  6.442400e-01
 1.40000e+00 -3.60000e+00       1.440e+14 -1.988016e-01  0.000000e+00  7.840846e-01  8.011984e-01
 2.10000e+00 -3.60000e+00       9.090e+13  3.800391e-01  0.000000e+00  5.207180e-01  6.199609e-01
 2.80000e+00 -3.60000e+00       6.075e+13  4.452424e-01  0.000000e+00  4.326531e-01  5.547576e-01
 3.50000e+00 -3.60000e+00       3.133e+13 -1.361204e-01  0.000000e+00  3.421246e-01  8.638796e-01
 4.20000e+00 -3.60000e+00       1.416e+13 -4.154833e-01  0.000000e+00 -1.988459e-01  5.845167e-01
 4.90000e+00 -3.60000e+00       5.962e+12 -4.575399e-02  0.000000e+00 -6.678769e-01  9.542460e-01
 5.60000e+00 -3.60000e+00       2.093e+12  4.614006e-01  0.000000e+00 -6.665246e-01  5.385994e-01
 6.30000e+00 -3.60000e+00       5.554e+11  7.792745e-01  0.000000e+00 -4.000785e-01  2.207255e-01
 7.00000e+00 -3.60000e+00       1.072e+11  8.838971e-01  0.000000e+00 -8.047603e-02  1.161029e-01
-7.00000e+00 -3.20000e+00       5.457e+11  7.792573e-01  0.000000e+00 -5.325560e-01  2.207427e-01
-6.30000e+00 -3.20000e+00       2.865e+12  8.929498e-01  0.000000e+00 -2.675305e-01  1.070502e-01
-5.60000e+00 -3.20000e+00       1.085e+13  8.992133e-01  0.000000e+00  6.977900e-02  1.007867e-01
-4.90000e+00 -3.20000e+00       2.982e+13  7.189506e-01  0.000000e+00  4.278790e-01  2.810494e-01
-4.20000e+00 -3.20000e+00       6.133e+13  2.800586e-01  0.000000e+00  6.276120e-01  7.199414e-01
-3.50000e+00 -3.20000e+00       1.057e+14 -1.973201e-01  0.000000e+00  3.526325e-01  8.026799e-01
-2.80000e+00 -3.20000e+00       1.885e+14  3.738448e-02  0.000000e+00 -2.475118e-01  9.626155e-01
-2.10000e+00 -3.20000e+00       2.819e+14  5.338032e-01  0.000000e+00 -5.391472e-01  4.661968e-01
-1.40000e+00 -3.20000e+00       1.912e+14  7.058313e-01  0.000000e+00 -5.839587e-01  2.941687e-01
-7.00000e-01 -3.20000e+00       5.100e+13  6.686754e-01  0.000000e+00 -4.657244e-01  3.313246e-01
 0.00000e+00 -3.20000e+00       1.829e+13  4.981978e-01  0.000000e+00 -5.003424e-15  5.018022e-01
 7.00000e-01 -3.20000e+00       5.100e+13  6.686754e-01  0.000000e+00  4.657244e-01  3.313246e-01
 1.40000e+00 -3.20000e+00       1.912e+14  7.058313e-01  0.000000e+00  5.839587e-01  2.941687e-01
 2.10000e+00 -3.20000e+00       2.819e+14  5.338032e-01  0.000000e+00  5.391472e-01  4.661968e-01
 2.80000e+00 -3.20000e+00       1.885e+14  3.738448e-02  0.000000e+00  2.475118e-01  9.626155e-01
 3.50000e+00 -3.20000e+00       1.057e+14 -1.973201e-01  0.000000e+00 -3.526325e-01  8.026799e-01
 4.20000e+00 -3.20000e+00       6.133e+13  2.800586e-01  0.000000e+00 -6.276120e-01  7.199414e-01
 4.90000e+00 -3.20000e+00       2.982e+13  7.189506e-01  0.000000e+00 -4.278790e-01  2.810494e-01
 5.60000e+00 -3.20000e+00       1.085e+13  8.992133e-01  0.000000e+00 -6.977900e-02  1.007867e-01
 6.30000e+00 -3.20000e+00       2.865e+12  8.929498e-01  0.000000e+00  2.675305e-01  1.070502e-01
 7.00000e+00 -3.20000e+00       5.457e+11  7.792573e-01  0.000000e+00  5.325560e-01  2.207427e-01
-7.00000e+00 -2.80000e+00       1.933e+12  3.925095e-01  0.000000e+00 -8.748767e-01  6.074905e-01
-6.30000e+00 -2.80000e+00       1.013e+13  6.123422e-01  0.000000e+00 -7.263512e-01  3.876578e-01
-5.60000e+00 -2.80000e+00       3.899e+13  7.958735e-01  0.000000e+00 -4.889838e-01  2.041265e-01
-4.90000e+00 -2.80000e+00       1.106e+14  8.908323e-01  0.000000e+00 -1.595713e-01  1.091677e-01
-4.20000e+00 -2.80000e+00       2.306e+14  8.108265e-01  0.000000e+00  2.279486e-01  1.891735e-01
-3.50000e+00 -2.80000e+00       3.579e+14  4.416698e-01  0.000000e+00  5.229230e-01  5.583302e-01
-2.80000e+00 -2.80000e+00       4.793e+14  2.224627e-02  0.000000e+00  4.133647e-01  9.777537e-01
-2.10000e+00 -2.80000e+00       8.331e+14  4.531511e-01  0.000000e+00 -1.215646e-01  5.468489e-01
-1.40000e+00 -2.80000e+00       1.233e+15  8.206019e-01  0.000000e+00 -3.499273e-01  1.793981e-01
-7.00000e-01 -2.80000e+00       7.186e+14  8.915845e-01  0.000000e+00 -3.724773e-01  1.084155e-01
 0.00000e+00 -2.80000e+00       2.614e+14  8.885669e-01  0.000000e+00 -7.298350e-15  1.114331e-01
 7.00000e-01 -2.80000e+00       7.186e+14  8.915845e-01  0.000000e+00  3.724773e-01  1.084155e-01
 1.40000e+00 -2.80000e+00       1.233e+15  8.206019e-01  0.000000e+00  3.499273e-01  1.793981e-01
 2.10000e+00 -2.80000e+00       8.331e+14  4.531511e-01  0.000000e+00  1.215646e-01  5.468489e-01
 2.80000e+00 -2.80000e+00       4.793e+14  2.224627e-02  0.000000e+00 -4.133647e-01  9.777537e-01
 3.50000e+00 -2.80000e+00       3.579e+14  4.416698e-01  0.000000e+00 -5.229230e-01  5.583302e-01
 4.20000e+00 -2.80000e+00       2.306e+14  8.108265e-01  0.000000e+00 -2.279486e-01  1.891735e-01
 4.90000e+00 -2.80000e+00       1.106e+14  8.908323e-01  0.000000e+00  1.595713e-01  1.091677e-01
 5.60000e+00 -2.80000e+00       3.899e+13  7.958735e-01  0.000000e+00  4.889838e-01  2.041265e-01
 6.30000e+00 -2.80000e+00       1.013e+13  6.123422e-01  0.000000e+00  7.263512e-01  3.876578e-01
 7.00000e+00 -2.80000e+00       1.933e+12  3.925095e-01  0.000000e+00  8.748767e-01  6.074905e-01
-7.00000e+00 -2.40000e+00       4.862e+12 -5.307831e-02  0.000000e+00 -9.597404e-01  9.469217e-01
-6.30000e+00 -2.40000e+00       2.504e+13  2.102998e-01  0.000000e+00 -9.298571e-01  7.897002e-01
-5.60000e+00 -2.40000e+00       9.673e+13  4.793086e-01  0.000000e+00 -8.117434e-01  5.206914e-01
-4.90000e+00 -2.40000e+00       2.834e+14  7.155852e-01  0.000000e+00 -5.897444e-01  2.844148e-01
-4.20000e+00 -2.40000e+00       6.272e+14  8.608925e-01  0.000000e+00 -2.622702e-01  1.391075e-01
-3.50000e+00 -2.40000e+00       1.027e+15  8.250641e-01  0.000000e+00  1.254568e-01  1.749359e-01
-2.80000e+00 -2.40000e+00       1.223e+15  4.323943e-01  0.000000e+00  4.204653e-01  5.676057e-01
-2.10000e+00 -2.40000e+00       1.068e+15 -2.578482e-01  0.000000e+00  5.163083e-01  7.421518e-01
-1.40000e+00 -2.40000e+00       5.515e+14 -6.122361e-01  0.000000e+00  4.948258e-01  3.877639e-01
-7.00000e-01 -2.40000e+00       1.704e+14 -2.892518e-01  0.000000e+00  3.292440e-01  7.107482e-01
 0.00000e+00 -2.40000e+00       1.062e+14  1.439535e-01  0.000000e+00 -2.779287e-16  8.560465e-01
 7.00000e-01 -2.40000e+00       1.704e+14 -2.892518e-01  0.000000e+00 -3.292440e-01  7.107482e-01
 1.40000e+00 -2.40000e+00       5.515e+14 -6.122361e-01  0.000000e+00 -4.948258e-01  3.877639e-01
 2.10000e+00 -2.40000e+00       1.068e+15 -2.578482e-01  0.000000e+00 -5.163083e-01  7.421518e-01
 2.80000e+00 -2.40000e+00       1.223e+15  4.323943e-01  0.000000e+00 -4.204653e-01  5.676057e-01
 3.50000e+00 -2.40000e+00       1.027e+15  8.250641e-01  0.000000e+00 -1.254568e-01  1.749359e-01
 4.20000e+00 -2.40000e+00       6.272e+14  8.608925e-01  0.000000e+00  2.622702e-01  1.391075e-01
 4.90000e+00 -2.40000e+00       2.834e+14  7.155852e-01  0.000000e+00  5.897444e-01  2.844148e-01
 5.60000e+00 -2.40000e+00       9.673e+13  4.793086e-01  0.000000e+00  8.117434e-01  5.206914e-01
 6.30000e+00 -2.40000e+00       2.504e+13  2.102998e-01  0.000000e+00  9.298571e-01  7.897002e-01
 7.00000e+00 -2.40000e+00       4.862e+12 -5.307831e-02  0.000000e+00  9.597404e-01  9.469217e-01
-7.00000e+00 -2.00000e+00       8.951e+12 -4.577949e-01  0.000000e+00 -8.397648e-01  5.422051e-01
-6.30000e+00 -2.00000e+00       4.468e+13 -1.877804e-01  0.000000e+00 -9.289176e-01  8.122196e-01
-5.60000e+00 -2.00000e+00       1.711e+14  1.246748e-01  0.000000e+00 -9.303055e-01  8.753252e-01
-4.90000e+00 -2.00000e+00       5.123e+14  4.413079e-01  0.000000e+00 -8.179796e-01  5.586921e-01
-4.20000e+00 -2.00000e+00       1.201e+15  7.071429e-01  0.000000e+00 -5.843496e-01  2.928571e-01
-3.50000e+00 -2.00000e+00       2.156e+15  8.593006e-01  0.000000e+00 -2.406594e-01  1.406994e-01
-2.80000e+00 -2.00000e+00       2.874e+15  8.431385e-01  0.000000e+00  1.124641e-01  1.568615e-01
-2.10000e+00 -2.00000e+00       2.933e+15  4.864819e-01  0.000000e+00  4.210252e-03  5.135181e-01
-1.40000e+00 -2.00000e+00       2.974e+15 -1.229558e-01  0.000000e+00 -6.157564e-01  8.770442e-01
-7.00000e-01 -2.00000e+00       1.998e+15 -3.135870e-01  0.000000e+00 -8.209867e-01  6.864130e-01
 0.00000e+00 -2.00000e+00       9.412e+14 -3.031778e-01  0.000000e+00 -5.344468e-16  6.968222e-01
 7.00000e-01 -2.00000e+00       1.998e+15 -3.135870e-01  0.000000e+00  8.209867e-01  6.864130e-01
 1.40000e+00 -2.00000e+00       2.974e+15 -1.229558e-01  0.000000e+00  6.157564e-01  8.770442e-01
 2.10000e+00 -2.00000e+00       2.933e+15  4.864819e-01  0.000000e+00 -4.210252e-03  5.135181e-01
 2.80000e+00 -2.00000e+00       2.874e+15  8.431385e-01  0.000000e+00 -1.124641e-01  1.568615e-01
 3.50000e+00 -2.00000e+00       2.156e+15  8.593006e-01  0.000000e+00  2.406594e-01  1.406994e-01
 4.20000e+00 -2.00000e+00       1.201e+15  7.071429e-01  0.000000e+00  5.843496e-01  2.928571e-01
 4.90000e+00 -2.00000e+00       5.123e+14  4.413079e-01  0.000000e+00  8.179796e-01  5.586921e-01
 5.60000e+00 -2.00000e+00       1.711e+14  1.246748e-01  0.000000e+00  9.303055e-01  8.753252e-01
 6.30000e+00 -2.00000e+00       4.468e+13 -1.877804e-01  0.000000e+00  9.289176e-01  8.122196e-01
 7.00000e+00 -2.00000e+00       8.951e+12 -4.577949e-01  0.000000e+00  8.397648e-01  5.422051e-01
-7.00000e+00 -1.60000e+00       1.231e+13 -7.646797e-01  0.000000e+00 -5.536653e-01  2.353203e-01
-6.30000e+00 -1.60000e+00       5.884e+13 -5.227988e-01  0.000000e+00 -7.706184e-01  4.772012e-01
-5.60000e+00 -1.60000e+00       2.213e+14 -1.893692e-01  0.000000e+00 -9.015775e-01  8.106308e-01
-4.90000e+00 -1.60000e+00       6.746e+14  1.877529e-01  0.000000e+00 -8.976209e-01  8.122471e-01
-4.20000e+00 -1.60000e+00       1.678e+15  5.341371e-01  0.000000e+00 -7.454679e-01  4.658629e-01
-3.50000e+00 -1.60000e+00       3.312e+15  7.810123e-01  0.000000e+00 -4.777872e-01  2.189877e-01
-2.80000e+00 -1.60000e+00       4.777e+15  8.594745e-01  0.000000e+00 -1.249329e-01  1.405255e-01
-2.10000e+00 -1.60000e+00       5.021e+15  7.358059e-01  0.000000e+00  3.652750e-01  2.641941e-01
-1.40000e+00 -1.60000e+00       3.537e+15  6.016003e-01  0.000000e+00  7.035174e-01  3.983997e-01
-7.00000e-01 -1.60000e+00       1.093e+15  5.601139e-01  0.000000e+00  7.733102e-01  4.398861e-01
 0.00000e+00 -1.60000e+00       2.514e+14  5.762641e-01  0.000000e+00 -1.211007e-14  4.237359e-01
 7.00000e-01 -1.60000e+00       1.093e+15  5.601139e-01  0.000000e+00 -7.733102e-01  4.398861e-01
 1.40000e+00 -1.60000e+00       3.537e+15  6.016003e-01  0.000000e+00 -7.035174e-01  3.983997e-01
 2.10000e+00 -1.60000e+00       5.021e+15  7.358059e-01  0.000000e+00 -3.652750e-01  2.641941e-01
 2.80000e+00 -1.60000e+00       4.777e+15  8.594745e-01  0.000000e+00  1.249329e-01  1.405255e-01
 3.50000e+00 -1.60000e+00       3.312e+15  7.810123e-01  0.000000e+00  4.777872e-01  2.189877e-01
 4.20000e+00 -1.60000e+00       1.678e+15  5.341371e-01  0.000000e+00  7.454679e-01  4.658629e-01
 4.90000e+00 -1.60000e+00       6.746e+14  1.877529e-01  0.000000e+00  8.976209e-01  8.122471e-01
 5.60000e+00 -1.60000e+00       2.213e+14 -1.893692e-01  0.000000e+00  9.015775e-01  8.106308e-01
 6.30000e+00 -1.60000e+00       5.884e+13 -5.227988e-01  0.000000e+00  7.706184e-01  4.772012e-01
 7.00000e+00 -1.60000e+00       1.231e+13 -7.646797e-01  0.000000e+00  5.536653e-01  2.353203e-01
-7.00000e+00 -1.20000e+00       1.270e+13 -9.114771e-01  0.000000e+00 -1.223311e-01  8.852288e-02
-6.30000e+00 -1.20000e+00       5.698e+13 -7.520345e-01  0.000000e+00 -4.822135e-01  2.479655e-01
-5.60000e+00 -1.20000e+00       2.096e+14 -4.171355e-01  0.000000e+00 -7.732595e-01  5.828645e-01
-4.90000e+00 -1.20000e+00       6.586e+14  2.426903e-02  0.000000e+00 -8.852526e-01  9.757310e-01
-4.20000e+00 -1.20000e+00       1.773e+15  4.387020e-01  0.000000e+00 -7.933473e-01  5.612980e-01
-3.50000e+00 -1.20000e+00       3.911e+15  7.316457e-01  0.000000e+00 -5.621429e-01  2.683543e-01
-2.80000e+00 -1.20000e+00       6.743e+15  8.961169e-01  0.000000e+00 -2.483849e-01  1.038831e-01
-2.10000e+00 -1.20000e+00       8.063e+15  9.658104e-01  0.000000e+00  3.374846e-04  3.418955e-02
-1.40000e+00 -1.20000e+00       4.554e+15  9.815039e-01  0.000000e+00  8.842392e-02  1.849610e-02
-7.00000e-01 -1.20000e+00       1.201e+15  9.467730e-01  0.000000e+00  3.619546e-02  5.322702e-02
 0.00000e+00 -1.20000e+00       6.710e+14  8.875582e-01  0.000000e+00  1.957855e-16  1.124418e-01
 7.00000e-01 -1.20000e+00       1.201e+15  9.467730e-01  0.000000e+00 -3.619546e-02  5.322702e-02
 1.40000e+00 -1.20000e+00       4.554e+15  9.815039e-01  0.000000e+00 -8.842392e-02  1.849610e-02
 2.10000e+00 -1.20000e+00       8.063e+15  9.658104e-01  0.000000e+00 -3.374846e-04  3.418955e-02
 2.80000e+00 -1.20000e+00       6.743e+15  8.961169e-01  0.000000e+00  2.483849e-01  1.038831e-01
 3.50000e+00 -1.20000e+00       3.911e+15  7.316457e-01  0.000000e+00  5.621429e-01  2.683543e-01
 4.20000e+00 -1.20000e+00       1.773e+15  4.387020e-01  0.000000e+00  7.933473e-01  5.612980e-01
 4.90000e+00 -1.20000e+00       6.586e+14  2.426903e-02  0.000000e+00  8.852526e-01  9.757310e-01
 5.60000e+00 -1.20000e+00       2.096e+14 -4.171355e-01  0.000000e+00  7.732595e-01  5.828645e-01
 6.30000e+00 -1.20000e+00       5.698e+13 -7.520345e-01  0.000000e+00  4.822135e-01  2.479655e-01
 7.00000e+00 -1.20000e+00       1.270e+13 -9.114771e-01  0.000000e+00  1.223311e-01  8.852288e-02
-7.00000e+00 -8.00000e-01       9.703e+12 -7.644452e-01  0.000000e+00  4.290010e-01  2.355548e-01
-6.30000e+00 -8.00000e-01       3.893e+13 -7.954222e-01  0.000000e+00 -6.635553e-02  2.045778e-01
-5.60000e+00 -8.00000e-01       1.393e+14 -4.937141e-01  0.000000e+00 -5.837328e-01  5.062859e-01
-4.90000e+00 -8.00000e-01       4.759e+14  3.844079e-02  0.000000e+00 -8.229139e-01  9.615592e-01
-4.20000e+00 -8.00000e-01       1.481e+15  5.009889e-01  0.000000e+00 -7.451523e-01  4.990111e-01
-3.50000e+00 -8.00000e-01       3.825e+15  7.806557e-01  0.000000e+00 -5.231527e-01  2.193443e-01
-2.80000e+00 -8.00000e-01       7.507e+15  9.184725e-01  0.000000e+00 -2.979287e-01  8.152751e-02
-2.10000e+00 -8.00000e-01       8.551e+15  9.301749e-01  0.000000e+00 -1.808669e-01  6.982511e-02
-1.40000e+00 -8.00000e-01       4.862e+15  5.375801e-01  0.000000e+00 -1.717412e-01  4.624199e-01
-7.00000e-01 -8.00000e-01       3.035e+15 -3.951453e-01  0.000000e+00 -2.177215e-01  6.048547e-01
 0.00000e+00 -8.00000e-01       2.682e+15 -5.566022e-01  0.000000e+00  5.070889e-15  4.433978e-01
 7.00000e-01 -8.00000e-01       3.035e+15 -3.951453e-01  0.000000e+00  2.177215e-01  6.048547e-01
 1.40000e+00 -8.00000e-01       4.862e+15  5.375801e-01  0.000000e+00  1.717412e-01  4.624199e-01
 2.10000e+00 -8.00000e-01       8.551e+15  9.301749e-01  0.000000e+00  1.808669e-01  6.982511e-02
 2.80000e+00 -8.00000e-01       7.507e+15  9.184725e-01  0.000000e+00  2.979287e-01  8.152751e-02
 3.50000e+00 -8.00000e-01       3.825e+15  7.806557e-01  0.000000e+00  5.231527e-01  2.193443e-01
 4.20000e+00 -8.00000e-01       1.481e+15  5.009889e-01  0.000000e+00  7.451523e-01  4.990111e-01
 4.90000e+00 -8.00000e-01       4.759e+14  3.844079e-02  0.000000e+00  8.229139e-01  9.615592e-01
 5.60000e+00 -8.00000e-01       1.393e+14 -4.937141e-01  0.000000e+00  5.837328e-01  5.062859e-01
 6.30000e+00 -8.00000e-01       3.893e+13 -7.954222e-01  0.000000e+00  6.635553e-02  2.045778e-01
 7.00000e+00 -8.00000e-01       9.703e+12 -7.644452e-01  0.000000e+00 -4.290010e-01  2.355548e-01
-7.00000e+00 -4.00000e-01       5.624e+12  4.882126e-03  0.000000e+00  8.616718e-01  9.951179e-01
-6.30000e+00 -4.00000e-01       1.708e+13 -3.288072e-01  0.000000e+00  4.561015e-01  6.711928e-01
-5.60000e+00 -4.00000e-01       5.814e+13 -1.594208e-01  0.000000e+00 -3.627741e-01  8.405792e-01
-4.90000e+00 -4.00000e-01       2.604e+14  4.277010e-01  0.000000e+00 -6.681594e-01  5.722990e-01
-4.20000e+00 -4.00000e-01       1.080e+15  7.729415e-01  0.000000e+00 -5.279112e-01  2.270585e-01
-3.50000e+00 -4.00000e-01       3.396e+15  9.145784e-01  0.000000e+00 -3.380651e-01  8.542157e-02
-2.80000e+00 -4.00000e-01       7.291e+15  9.675716e-01  0.000000e+00 -1.982477e-01  3.242842e-02
-2.10000e+00 -4.00000e-01       8.730e+15  9.725580e-01  0.000000e+00 -6.524197e-02  2.744204e-02
-1.40000e+00 -4.00000e-01       7.547e+15  9.323855e-01  0.000000e+00  2.238808e-01  6.761445e-02
-7.00000e-01 -4.00000e-01       5.757e+15  9.038003e-01  0.000000e+00  3.724849e-01  9.619966e-02
 0.00000e+00 -4.00000e-01       3.520e+15  8.988637e-01  0.000000e+00 -2.379067e-15  1.011363e-01
 7.00000e-01 -4.00000e-01       5.757e+15  9.038003e-01  0.000000e+00 -3.724849e-01  9.619966e-02
 1.40000e+00 -4.00000e-01       7.547e+15  9.323855e-01  0.000000e+00 -2.238808e-01  6.761445e-02
 2.10000e+00 -4.00000e-01       8.730e+15  9.725580e-01  0.000000e+00  6.524197e-02  2.744204e-02
 2.80000e+00 -4.00000e-01       7.291e+15  9.675716e-01  0.000000e+00  1.982477e-01  3.242842e-02
 3.50000e+00 -4.00000e-01       3.396e+15  9.145784e-01  0.000000e+00  3.380651e-01  8.542157e-02
 4.20000e+00 -4.00000e-01       1.080e+15  7.729415e-01  0.000000e+00  5.279112e-01  2.270585e-01
 4.90000e+00 -4.00000e-01       2.604e+14  4.277010e-01  0.000000e+00  6.681594e-01  5.722990e-01
 5.60000e+00 -4.00000e-01       5.814e+13 -1.594208e-01  0.000000e+00  3.627741e-01  8.405792e-01
 6.30000e+00 -4.00000e-01       1.708e+13 -3.288072e-01  0.000000e+00 -4.561015e-01  6.711928e-01
 7.00000e+00 -4.00000e-01       5.624e+12  4.882126e-03  0.000000e+00 -8.616718e-01  9.951179e-01
-7.00000e+00  0.00000e+00       3.745e+12  9.989474e-01  0.000000e+00 -4.202999e-11  1.052587e-03
-6.30000e+00  0.00000e+00       7.376e+12  9.978484e-01  0.000000e+00  1.216191e-09  2.151613e-03
-5.60000e+00  0.00000e+00       2.274e+13  9.979452e-01  0.000000e+00  3.134034e-09  2.054785e-03
-4.90000e+00  0.00000e+00       1.663e+14  9.993799e-01  0.000000e+00  1.155444e-09  6.201350e-04
-4.20000e+00  0.00000e+00       8.994e+14  9.998100e-01  0.000000e+00 -8.410793e-11  1.900011e-04
-3.50000e+00  0.00000e+00       3.169e+15  9.999353e-01  0.000000e+00 -1.976791e-10  6.470406e-05
-2.80000e+00  0.00000e+00       7.122e+15  9.999758e-01  0.000000e+00  2.017714e-10  2.418247e-05
-2.10000e+00  0.00000e+00       9.221e+15  9.999833e-01  0.000000e+00  9.277951e-11  1.669713e-05
-1.40000e+00  0.00000e+00       9.734e+15  9.999720e-01  0.000000e+00 -8.189173e-10  2.798877e-05
-7.00000e-01  0.00000e+00       7.441e+15  9.999046e-01  0.000000e+00 -1.118162e-09  9.544166e-05
 0.00000e+00  0.00000e+00       4.074e+15  9.997225e-01  0.000000e+00 -5.096781e-17  2.775353e-04
 7.00000e-01  0.00000e+00       7.441e+15  9.999046e-01  0.000000e+00  1.118162e-09  9.544166e-05
 1.40000e+00  0.00000e+00       9.734e+15  9.999720e-01  0.000000e+00  8.189172e-10  2.798877e-05
 2.10000e+00  0.00000e+00       9.221e+15  9.999833e-01  0.000000e+00 -9.277943e-11  1.669713e-05
 2.80000e+00  0.00000e+00       7.122e+15  9.999758e-01  0.000000e+00 -2.017712e-10  2.418247e-05
 3.50000e+00  0.00000e+00       3.169e+15  9.999353e-01  0.000000e+00  1.976796e-10  6.470406e-05
 4.20000e+00  0.00000e+00       8.994e+14  9.998100e-01  0.000000e+00  8.410856e-11  1.900011e-04
 4.90000e+00  0.00000e+00       1.663e+14  9.993799e-01  0.000000e+00 -1.155443e-09  6.201350e-04
 5.60000e+00  0.00000e+00       2.274e+13  9.979452e-01  0.000000e+00 -3.134035e-09  2.054785e-03
 6.30000e+00  0.00000e+00       7.376e+12  9.978484e-01  0.000000e+00 -1.216195e-09  2.151613e-03
 7.00000e+00  0.00000e+00       3.745e+12  9.989474e-01  0.000000e+00  4.202667e-11  1.052587e-03
-7.00000e+00  4.00000e-01       5.624e+12  4.882126e-03  0.000000e+00 -8.616718e-01  9.951179e-01
-6.30000e+00  4.00000e-01       1.708e+13 -3.288072e-01  0.000000e+00 -4.561015e-01  6.711928e-01
-5.60000e+00  4.00000e-01       5.814e+13 -1.594208e-01  0.000000e+00  3.627741e-01  8.405792e-01
-4.90000e+00  4.00000e-01       2.604e+14  4.277010e-01  0.000000e+00  6.681594e-01  5.722990e-01
-4.20000e+00  4.00000e-01       1.080e+15  7.729415e-01  0.000000e+00  5.279111e-01  2.270585e-01
-3.50000e+00  4.00000e-01       3.396e+15  9.145784e-01  0.000000e+00  3.380651e-01  8.542157e-02
-2.80000e+00  4.00000e-01       7.291e+15  9.675716e-01  0.000000e+00  1.982477e-01  3.242843e-02
-2.10000e+00  4.00000e-01       8.730e+15  9.725580e-01  0.000000e+00  6.524197e-02  2.744204e-02
-1.40000e+00  4.00000e-01       7.547e+15  9.323855e-01  0.000000e+00 -2.238808e-01  6.761446e-02
-7.00000e-01  4.00000e-01       5.757e+15  9.038003e-01  0.000000e+00 -3.724849e-01  9.619966e-02
 0.00000e+00  4.00000e-01       3.520e+15  8.988637e-01  0.000000e+00  2.379976e-15  1.011363e-01
 7.00000e-01  4.00000e-01       5.757e+15  9.038003e-01  0.000000e+00  3.724849e-01  9.619966e-02
 1.40000e+00  4.00000e-01       7.547e+15  9.323855e-01  0.000000e+00  2.238808e-01  6.761446e-02
 2.10000e+00  4.00000e-01       8.730e+15  9.725580e-01  0.000000e+00 -6.524197e-02  2.744204e-02
 2.80000e+00  4.00000e-01       7.291e+15  9.675716e-01  0.000000e+00 -1.982477e-01  3.242843e-02
 3.50000e+00  4.00000e-01       3.396e+15  9.145784e-01  0.000000e+00 -3.380651e-01  8.542157e-02
 4.20000e+00  4.00000e-01       1.080e+15  7.729415e-01  0.000000e+00 -5.279111e-01  2.270585e-01
 4.90000e+00  4.00000e-01       2.604e+14  4.277010e-01  0.000000e+00 -6.681594e-01  5.722990e-01
 5.60000e+00  4.00000e-01       5.814e+13 -1.594208e-01  0.000000e+00 -3.627741e-01  8.405792e-01
 6.30000e+00  4.00000e-01       1.708e+13 -3.288072e-01  0.000000e+00  4.561015e-01  6.711928e-01
 7.00000e+00  4.00000e-01       5.624e+12  4.882126e-03  0.000000e+00  8.616718e-01  9.951179e-01
-7.00000e+00  8.00000e-01       9.703e+12 -7.644452e-01  0.000000e+00 -4.290010e-01  2.355548e-01
-6.30000e+00  8.00000e-01       3.893e+13 -7.954222e-01  0.000000e+00  6.635553e-02  2.045778e-01
-5.60000e+00  8.00000e-01       1.393e+14 -4.937141e-01  0.000000e+00  5.837328e-01  5.062859e-01
-4.90000e+00  8.00000e-01       4.759e+14  3.844079e-02  0.000000e+00  8.229139e-01  9.615592e-01
-4.20000e+00  8.00000e-01       1.481e+15  5.009889e-01  0.000000e+00  7.451523e-01  4.990111e-01
-3.50000e+00  8.00000e-01       3.825e+15  7.806557e-01  0.000000e+00  5.231527e-01  2.193443e-01
-2.80000e+00  8.00000e-01       7.507e+15  9.184725e-01  0.000000e+00  2.979287e-01  8.152751e-02
-2.10000e+00  8.00000e-01       8.551e+15  9.301749e-01  0.000000e+00  1.808669e-01  6.982511e-02
-1.40000e+00  8.00000e-01       4.862e+15  5.375801e-01  0.000000e+00  1.717412e-01  4.624199e-01
-7.00000e-01  8.00000e-01       3.035e+15 -3.951453e-01  0.000000e+00  2.177215e-01  6.048547e-01
 0.00000e+00  8.00000e-01       2.682e+15 -5.566022e-01  0.000000e+00 -2.052020e-15  4.433978e-01
 7.00000e-01  8.00000e-01       3.035e+15 -3.951453e-01  0.000000e+00 -2.177215e-01  6.048547e-01
 1.40000e+00  8.00000e-01       4.862e+15  5.375801e-01  0.000000e+00 -1.717412e-01  4.624199e-01
 2.10000e+00  8.00000e-01       8.551e+15  9.301749e-01  0.000000e+00 -1.808669e-01  6.982511e-02
 2.80000e+00  8.00000e-01       7.507e+15  9.184725e-01  0.000000e+00 -2.979287e-01  8.152751e-02
 3.50000e+00  8.00000e-01       3.825e+15  7.806557e-01  0.000000e+00 -5.231527e-01  2.193443e-01
 4.20000e+00  8.00000e-01       1.481e+15  5.009889e-01  0.000000e+00 -7.451523e-01  4.990111e-01
 4.90000e+00  8.00000e-01       4.759e+14  3.844079e-02  0.000000e+00 -8.229139e-01  9.615592e-01
 5.60000e+00  8.00000e-01       1.393e+14 -4.937141e-01  0.000000e+00 -5.837328e-01  5.062859e-01
 6.30000e+00  8.00000e-01       3.893e+13 -7.954222e-01  0.000000e+00 -6.635553e-02  2.045778e-01
 7.00000e+00  8.00000e-01       9.703e+12 -7.644452e-01  0.000000e+00  4.290010e-01  2.355548e-01
-7.00000e+00  1.20000e+00       1.270e+13 -9.114771e-01  0.000000e+00  1.223311e-01  8.852288e-02
-6.30000e+00  1.20000e+00       5.698e+13 -7.520345e-01  0.000000e+00  4.822135e-01  2.479655e-01
-5.60000e+00  1.20000e+00       2.096e+14 -4.171355e-01  0.000000e+00  7.732595e-01  5.828645e-01
-4.90000e+00  1.20000e+00       6.586e+14  2.426903e-02  0.000000e+00  8.852526e-01  9.757310e-01
-4.20000e+00  1.20000e+00       1.773e+15  4.387020e-01  0.000000e+00  7.933473e-01  5.612980e-01
-3.50000e+00  1.20000e+00       3.911e+15  7.316457e-01  0.000000e+00  5.621429e-01  2.683543e-01
-2.80000e+00  1.20000e+00       6.743e+15  8.961169e-01  0.000000e+00  2.483849e-01  1.038831e-01
-2.10000e+00  1.20000e+00       8.063e+15  9.658104e-01  0.000000e+00 -3.374843e-04  3.418956e-02
-1.40000e+00  1.20000e+00       4.554e+15  9.815039e-01  0.000000e+00 -8.842392e-02  1.849611e-02
-7.00000e-01  1.20000e+00       1.201e+15  9.467730e-01  0.000000e+00 -3.619547e-02  5.322703e-02
 0.00000e+00  1.20000e+00       6.710e+14  8.875582e-01  0.000000e+00  5.113402e-16  1.124418e-01
 7.00000e-01  1.20000e+00       1.201e+15  9.467730e-01  0.000000e+00  3.619547e-02  5.322703e-02
 1.40000e+00  1.20000e+00       4.554e+15  9.815039e-01  0.000000e+00  8.842392e-02  1.849611e-02
 2.10000e+00  1.20000e+00       8.063e+15  9.658104e-01  0.000000e+00  3.374843e-04  3.418956e-02
 2.80000e+00  1.20000e+00       6.743e+15  8.961169e-01  0.000000e+00 -2.483849e-01  1.038831e-01
 3.50000e+00  1.20000e+00       3.911e+15  7.316457e-01  0.000000e+00 -5.621429e-01  2.683543e-01
 4.20000e+00  1.20000e+00       1.773e+15  4.387020e-01  0.000000e+00 -7.933473e-01  5.612980e-01
 4.90000e+00  1.20000e+00       6.586e+14  2.426903e-02  0.000000e+00 -8.852526e-01  9.757310e-01
 5.60000e+00  1.20000e+00       2.096e+14 -4.171355e-01  0.000000e+00 -7.732595e-01  5.828645e-01
 6.30000e+00  1.20000e+00       5.698e+13 -7.520345e-01  0.000000e+00 -4.822135e-01  2.479655e-01
 7.00000e+00  1.20000e+00       1.270e+13 -9.114771e-01  0.000000e+00 -1.223311e-01  8.852288e-02
-7.00000e+00  1.60000e+00       1.231e+13 -7.646797e-01  0.000000e+00  5.536653e-01  2.353203e-01
-6.30000e+00  1.60000e+00       5.884e+13 -5.227988e-01  0.000000e+00  7.706184e-01  4.772012e-01
-5.60000e+00  1.60000e+00       2.213e+14 -1.893692e-01  0.000000e+00  9.015775e-01  8.106308e-01
-4.90000e+00  1.60000e+00       6.746e+14  1.877529e-01  0.000000e+00  8.976209e-01  8.122471e-01
-4.20000e+00  1.60000e+00       1.678e+15  5.341371e-01  0.000000e+00  7.454679e-01  4.658629e-01
-3.50000e+00  1.60000e+00       3.312e+15  7.810123e-01  0.000000e+00  4.777872e-01  2.189877e-01
-2.80000e+00  1.60000e+00       4.777e+15  8.594745e-01  0.000000e+00  1.249329e-01  1.405255e-01
-2.10000e+00  1.60000e+00       5.021e+15  7.358059e-01  0.000000e+00 -3.652750e-01  2.641941e-01
-1.40000e+00  1.60000e+00       3.537e+15  6.016003e-01  0.000000e+00 -7.035174e-01  3.983997e-01
-7.00000e-01  1.60000e+00       1.093e+15  5.601139e-01  0.000000e+00 -7.733102e-01  4.398861e-01
 0.00000e+00  1.60000e+00       2.514e+14  5.762641e-01  0.000000e+00  1.213112e-14  4.237359e-01
 7.00000e-01  1.60000e+00       1.093e+15  5.601139e-01  0.000000e+00  7.733102e-01  4.398861e-01
 1.40000e+00  1.60000e+00       3.537e+15  6.016003e-01  0.000000e+00  7.035174e-01  3.983997e-01
 2.10000e+00  1.60000e+00       5.021e+15  7.358059e-01  0.000000e+00  3.652750e-01  2.641941e-01
 2.80000e+00  1.60000e+00       4.777e+15  8.594745e-01  0.000000e+00 -1.249329e-01  1.405255e-01
 3.50000e+00  1.60000e+00       3.312e+15  7.810123e-01  0.000000e+00 -4.777872e-01  2.189877e-01
 4.20000e+00  1.60000e+00       1.678e+15  5.341371e-01  0.000000e+00 -7.454679e-01  4.658629e-01
 4.90000e+00  1.60000e+00       6.746e+14  1.877529e-01  0.000000e+00 -8.976209e-01  8.122471e-01
 5.60000e+00  1.60000e+00       2.213e+14 -1.893692e-01  0.000000e+00 -9.015775e-01  8.106308e-01
 6.30000e+00  1.60000e+00       5.884e+13 -5.227988e-01  0.000000e+00 -7.706184e-01  4.772012e-01
 7.00000e+00  1.60000e+00       1.231e+13 -7.646797e-01  0.000000e+00 -5.536653e-01  2.353203e-01
-7.00000e+00  2.00000e+00       8.951e+12 -4.577949e-01  0.000000e+00  8.397648e-01  5.422051e-01
-6.30000e+00  2.00000e+00       4.468e+13 -1.877804e-01  0.000000e+00  9.289176e-01  8.122196e-01
-5.60000e+00  2.00000e+00       1.711e+14  1.246748e-01  0.000000e+00  9.303055e-01  8.753252e-01
-4.90000e+00  2.00000e+00       5.123e+14  4.413079e-01  0.000000e+00  8.179796e-01  5.586921e-01
-4.20000e+00  2.00000e+00       1.201e+15  7.071429e-01  0.000000e+00  5.843496e-01  2.928571e-01
-3.50000e+00  2.00000e+00       2.156e+15  8.593006e-01  0.000000e+00  2.406594e-01  1.406994e-01
-2.80000e+00  2.00000e+00       2.874e+15  8.431385e-01  0.000000e+00 -1.124641e-01  1.568615e-01
-2.10000e+00  2.00000e+00       2.933e+15  4.864819e-01  0.000000e+00 -4.210251e-03  5.135181e-01
-1.40000e+00  2.00000e+00       2.974e+15 -1.229558e-01  0.000000e+00  6.157564e-01  8.770442e-01
-7.00000e-01  2.00000e+00       1.998e+15 -3.135870e-01  0.000000e+00  8.209867e-01  6.864130e-01
 0.00000e+00  2.00000e+00       9.412e+14 -3.031778e-01  0.000000e+00  5.910812e-16  6.968222e-01
 7.00000e-01  2.00000e+00       1.998e+15 -3.135870e-01  0.000000e+00 -8.209867e-01  6.864130e-01
 1.40000e+00  2.00000e+00       2.974e+15 -1.229558e-01  0.000000e+00 -6.157564e-01  8.770442e-01
 2.10000e+00  2.00000e+00       2.933e+15  4.864819e-01  0.000000e+00  4.210251e-03  5.135181e-01
 2.80000e+00  2.00000e+00       2.874e+15  8.431385e-01  0.000000e+00  1.124641e-01  1.568615e-01
 3.50000e+00  2.00000e+00       2.156e+15  8.593006e-01  0.000000e+00 -2.406594e-01  1.406994e-01
 4.20000e+00  2.00000e+00       1.201e+15  7.071429e-01  0.000000e+00 -5.843496e-01  2.928571e-01
 4.90000e+00  2.00000e+00       5.123e+14  4.413079e-01  0.000000e+00 -8.179796e-01  5.586921e-01
 5.60000e+00  2.00000e+00       1.711e+14  1.246748e-01  0.000000e+00 -9.303055e-01  8.753252e-01
 6.30000e+00  2.00000e+00       4.468e+13 -1.877804e-01  0.000000e+00 -9.289176e-01  8.122196e-01
 7.00000e+00  2.00000e+00       8.951e+12 -4.577949e-01  0.000000e+00 -8.397648e-01  5.422051e-01
-7.00000e+00  2.40000e+00       4.862e+12 -5.307831e-02  0.000000e+00  9.597404e-01  9.469217e-01
-6.30000e+00  2.40000e+00       2.504e+13  2.102998e-01  0.000000e+00  9.298571e-01  7.897002e-01
-5.60000e+00  2.40000e+00       9.673e+13  4.793086e-01  0.000000e+00  8.117434e-01  5.206914e-01
-4.90000e+00  2.40000e+00       2.834e+14  7.155852e-01  0.000000e+00  5.897444e-01  2.844148e-01
-4.20000e+00  2.40000e+00       6.272e+14  8.608925e-01  0.000000e+00  2.622702e-01  1.391075e-01
-3.50000e+00  2.40000e+00       1.027e+15  8.250641e-01  0.000000e+00 -1.254568e-01  1.749359e-01
-2.80000e+00  2.40000e+00       1.223e+15  4.323943e-01  0.000000e+00 -4.204652e-01  5.676057e-01
-2.10000e+00  2.40000e+00       1.068e+15 -2.578483e-01  0.000000e+00 -5.163082e-01  7.421517e-01
-1.40000e+00  2.40000e+00       5.515e+14 -6.122361e-01  0.000000e+00 -4.948258e-01  3.877639e-01
-7.00000e-01  2.40000e+00       1.704e+14 -2.892519e-01  0.000000e+00 -3.292441e-01  7.107481e-01
 0.00000e+00  2.40000e+00       1.062e+14  1.439534e-01  0.000000e+00  7.746986e-16  8.560466e-01
 7.00000e-01  2.40000e+00       1.704e+14 -2.892519e-01  0.000000e+00  3.292441e-01  7.107481e-01
 1.40000e+00  2.40000e+00       5.515e+14 -6.122361e-01  0.000000e+00  4.948258e-01  3.877639e-01
 2.10000e+00  2.40000e+00       1.068e+15 -2.578483e-01  0.000000e+00  5.163082e-01  7.421517e-01
 2.80000e+00  2.40000e+00       1.223e+15  4.323943e-01  0.000000e+00  4.204652e-01  5.676057e-01
 3.50000e+00  2.40000e+00       1.027e+15  8.250641e-01  0.000000e+00  1.254568e-01  1.749359e-01
 4.20000e+00  2.40000e+00       6.272e+14  8.608925e-01  0.000000e+00 -2.622702e-01  1.391075e-01
 4.90000e+00  2.40000e+00       2.834e+14  7.155852e-01  0.000000e+00 -5.897444e-01  2.844148e-01
 5.60000e+00  2.40000e+00       9.673e+13  4.793086e-01  0.000000e+00 -8.117434e-01  5.206914e-01
 6.30000e+00  2.40000e+00       2.504e+13  2.102998e-01  0.000000e+00 -9.298571e-01  7.897002e-01
 7.00000e+00  2.40000e+00       4.862e+12 -5.307831e-02  0.000000e+00 -9.597404e-01  9.469217e-01
-7.00000e+00  2.80000e+00       1.933e+12  3.925095e-01  0.000000e+00  8.748767e-01  6.074905e-01
-6.30000e+00  2.80000e+00       1.013e+13  6.123421e-01  0.000000e+00  7.263512e-01  3.876579e-01
-5.60000e+00  2.80000e+00       3.899e+13  7.958735e-01  0.000000e+00  4.889838e-01  2.041265e-01
-4.90000e+00  2.80000e+00       1.106e+14  8.908323e-01  0.000000e+00  1.595713e-01  1.091677e-01
-4.20000e+00  2.80000e+00       2.306e+14  8.108265e-01  0.000000e+00 -2.279486e-01  1.891735e-01
-3.50000e+00  2.80000e+00       3.579e+14  4.416698e-01  0.000000e+00 -5.229230e-01  5.583302e-01
-2.80000e+00  2.80000e+00       4.793e+14  2.224625e-02  0.000000e+00 -4.133647e-01  9.777537e-01
-2.10000e+00  2.80000e+00       8.331e+14  4.531511e-01  0.000000e+00  1.215646e-01  5.468489e-01
-1.40000e+00  2.80000e+00       1.233e+15  8.206018e-01  0.000000e+00  3.499272e-01  1.793982e-01
-7.00000e-01  2.80000e+00       7.186e+14  8.915844e-01  0.000000e+00  3.724773e-01  1.084156e-01
 0.00000e+00  2.80000e+00       2.614e+14  8.885667e-01  0.000000e+00  7.320276e-15  1.114333e-01
 7.00000e-01  2.80000e+00       7.186e+14  8.915844e-01  0.000000e+00 -3.724773e-01  1.084156e-01
 1.40000e+00  2.80000e+00       1.233e+15  8.206018e-01  0.000000e+00 -3.499272e-01  1.793982e-01
 2.10000e+00  2.80000e+00       8.331e+14  4.531511e-01  0.000000e+00 -1.215646e-01  5.468489e-01
 2.80000e+00  2.80000e+00       4.793e+14  2.224625e-02  0.000000e+00  4.133647e-01  9.777537e-01
 3.50000e+00  2.80000e+00       3.579e+14  4.416698e-01  0.000000e+00  5.229230e-01  5.583302e-01
 4.20000e+00  2.80000e+00       2.306e+14  8.108265e-01  0.000000e+00  2.279486e-01  1.891735e-01
 4.90000e+00  2.80000e+00       1.106e+14  8.908323e-01  0.000000e+00 -1.595713e-01  1.091677e-01
 5.60000e+00  2.80000e+00       3.899e+13  7.958735e-01  0.000000e+00 -4.889838e-01  2.041265e-01
 6.30000e+00  2.80000e+00       1.013e+13  6.123421e-01  0.000000e+00 -7.263512e-01  3.876579e-01
 7.00000e+00  2.80000e+00       1.933e+12  3.925095e-01  0.000000e+00 -8.748767e-01  6.074905e-01
-7.00000e+00  3.20000e+00       5.457e+11  7.792572e-01  0.000000e+00  5.325560e-01  2.207428e-01
-6.30000e+00  3.20000e+00       2.865e+12  8.929498e-01  0.000000e+00  2.675305e-01  1.070502e-01
-5.60000e+00  3.20000e+00       1.085e+13  8.992132e-01  0.000000e+00 -6.977894e-02  1.007868e-01
-4.90000e+00  3.20000e+00       2.982e+13  7.189506e-01  0.000000e+00 -4.278789e-01  2.810494e-01
-4.20000e+00  3.20000e+00       6.133e+13  2.800587e-01  0.000000e+00 -6.276120e-01  7.199413e-01
-3.50000e+00  3.20000e+00       1.057e+14 -1.973200e-01  0.000000e+00 -3.526325e-01  8.026800e-01
-2.80000e+00  3.20000e+00       1.885e+14  3.738439e-02  0.000000e+00  2.475118e-01  9.626156e-01
-2.10000e+00  3.20000e+00       2.819e+14  5.338029e-01  0.000000e+00  5.391471e-01  4.661971e-01
-1.40000e+00  3.20000e+00       1.912e+14  7.058304e-01  0.000000e+00  5.839581e-01  2.941696e-01
-7.00000e-01  3.20000e+00       5.100e+13  6.686726e-01  0.000000e+00  4.657222e-01  3.313274e-01
 0.00000e+00  3.20000e+00       1.829e+13  4.981943e-01  0.000000e+00  2.210121e-15  5.018057e-01
 7.00000e-01  3.20000e+00       5.100e+13  6.686726e-01  0.000000e+00 -4.657222e-01  3.313274e-01
 1.40000e+00  3.20000e+00       1.912e+14  7.058304e-01  0.000000e+00 -5.839581e-01  2.941696e-01
 2.10000e+00  3.20000e+00       2.819e+14  5.338029e-01  0.000000e+00 -5.391471e-01  4.661971e-01
 2.80000e+00  3.20000e+00       1.885e+14  3.738439e-02  0.000000e+00 -2.475118e-01  9.626156e-01
 3.50000e+00  3.20000e+00       1.057e+14 -1.973200e-01  0.000000e+00  3.526325e-01  8.026800e-01
 4.20000e+00  3.20000e+00       6.133e+13  2.800587e-01  0.000000e+00  6.276120e-01  7.199413e-01
 4.90000e+00  3.20000e+00       2.982e+13  7.189506e-01  0.000000e+00  4.278789e-01  2.810494e-01
 5.60000e+00  3.20000e+00       1.085e+13  8.992132e-01  0.000000e+00  6.977894e-02  1.007868e-01
 6.30000e+00  3.20000e+00       2.865e+12  8.929498e-01  0.000000e+00 -2.675305e-01  1.070502e-01
 7.00000e+00  3.20000e+00       5.457e+11  7.792572e-01  0.000000e+00 -5.325560e-01  2.207428e-01
-7.00000e+00  3.60000e+00       1.072e+11  8.838958e-01  0.000000e+00 -8.047590e-02  1.161042e-01
-6.30000e+00  3.60000e+00       5.554e+11  7.792736e-01  0.000000e+00 -4.000779e-01  2.207264e-01
-5.60000e+00  3.60000e+00       2.093e+12  4.614003e-01  0.000000e+00 -6.665235e-01  5.385997e-01
-4.90000e+00  3.60000e+00       5.962e+12 -4.575349e-02  0.000000e+00 -6.678758e-01  9.542465e-01
-4.20000e+00  3.60000e+00       1.416e+13 -4.154822e-01  0.000000e+00 -1.988457e-01  5.845178e-01
-3.50000e+00  3.60000e+00       3.133e+13 -1.361201e-01  0.000000e+00  3.421240e-01  8.638799e-01
-2.80000e+00  3.60000e+00       6.075e+13  4.452415e-01  0.000000e+00  4.326530e-01  5.547585e-01
-2.10000e+00  3.60000e+00       9.090e+13  3.800375e-01  0.000000e+00  5.207175e-01  6.199625e-01
-1.40000e+00  3.60000e+00       1.440e+14 -1.988027e-01  0.000000e+00  7.840826e-01  8.011973e-01
-7.00000e-01  3.60000e+00       1.475e+14 -3.557606e-01  0.000000e+00  8.054973e-01  6.442394e-01
 0.00000e+00  3.60000e+00       9.752e+13 -3.514893e-01  0.000000e+00  1.240418e-14  6.485107e-01
 7.00000e-01  3.60000e+00       1.475e+14 -3.557606e-01  0.000000e+00 -8.054973e-01  6.442394e-01
 1.40000e+00  3.60000e+00       1.440e+14 -1.988027e-01  0.000000e+00 -7.840826e-01  8.011973e-01
 2.10000e+00  3.60000e+00       9.090e+13  3.800375e-01  0.000000e+00 -5.207175e-01  6.199625e-01
 2.80000e+00  3.60000e+00       6.075e+13  4.452415e-01  0.000000e+00 -4.326530e-01  5.547585e-01
 3.50000e+00  3.60000e+00       3.133e+13 -1.361201e-01  0.000000e+00 -3.421240e-01  8.638799e-01
 4.20000e+00  3.60000e+00       1.416e+13 -4.154822e-01  0.000000e+00  1.988457e-01  5.845178e-01
 4.90000e+00  3.60000e+00       5.962e+12 -4.575349e-02  0.000000e+00  6.678758e-01  9.542465e-01
 5.60000e+00  3.60000e+00       2.093e+12  4.614003e-01  0.000000e+00  6.665235e-01  5.385997e-01
 6.30000e+00  3.60000e+00       5.554e+11  7.792736e-01  0.000000e+00  4.000779e-01  2.207264e-01
 7.00000e+00  3.60000e+00       1.072e+11  8.838958e-01  0.000000e+00  8.047590e-02  1.161042e-01
-7.00000e+00  4.00000e+00       1.587e+10  2.975831e-01  0.000000e+00 -6.318253e-01  7.024169e-01
-6.30000e+00  4.00000e+00       8.000e+10 -3.605173e-02  0.000000e+00 -7.272709e-01  9.639483e-01
-5.60000e+00  4.00000e+00       3.257e+11 -4.540352e-01  0.000000e+00 -4.543635e-01  5.459648e-01
-4.90000e+00  4.00000e+00       1.112e+12 -5.209307e-01  0.000000e+00  1.336911e-01  4.790693e-01
-4.20000e+00  4.00000e+00       3.269e+12 -6.935972e-02  0.000000e+00  5.142710e-01  9.306403e-01
-3.50000e+00  4.00000e+00       7.810e+12  4.468560e-01  0.000000e+00  3.107927e-01  5.531440e-01
-2.80000e+00  4.00000e+00       1.422e+13  5.228156e-01  0.000000e+00  4.504680e-02  4.771844e-01
-2.10000e+00  4.00000e+00       2.189e+13  2.333299e-02  0.000000e+00  4.035012e-01  9.766670e-01
-1.40000e+00  4.00000e+00       2.452e+13 -3.215609e-01  0.000000e+00  7.461686e-01  6.784391e-01
-7.00000e-01  4.00000e+00       1.202e+13 -3.184568e-01  0.000000e+00  7.597072e-01  6.815432e-01
 0.00000e+00  4.00000e+00       4.539e+12 -8.220496e-02  0.000000e+00  1.116506e-14  9.177950e-01
 7.00000e-01  4.00000e+00       1.202e+13 -3.184568e-01  0.000000e+00 -7.597072e-01  6.815432e-01
 1.40000e+00  4.00000e+00       2.452e+13 -3.215609e-01  0.000000e+00 -7.461686e-01  6.784391e-01
 2.10000e+00  4.00000e+00       2.189e+13  2.333299e-02  0.000000e+00 -4.035012e-01  9.766670e-01
 2.80000e+00  4.00000e+00       1.422e+13  5.228156e-01  0.000000e+00 -4.504680e-02  4.771844e-01
 3.50000e+00  4.00000e+00       7.810e+12  4.468560e-01  0.000000e+00 -3.107927e-01  5.531440e-01
 4.20000e+00  4.00000e+00       3.269e+12 -6.935972e-02  0.000000e+00 -5.142710e-01  9.306403e-01
 4.90000e+00  4.00000e+00       1.112e+12 -5.209307e-01  0.000000e+00 -1.336911e-01  4.790693e-01
 5.60000e+00  4.00000e+00       3.257e+11 -4.540352e-01  0.000000e+00  4.543635e-01  5.459648e-01
 6.30000e+00  4.00000e+00       8.000e+10 -3.605173e-02  0.000000e+00  7.272709e-01  9.639483e-01
 7.00000e+00  4.00000e+00       1.587e+10  2.975831e-01  0.000000e+00  6.318253e-01  7.024169e-01
