 EB(GeV)    EMITTANCEx EMITTANCEy SIZEx(m)   SIZEy(m)   DIVx(rad)  DIVy(rad)
 2.411e+00  5.499e-09  1.017e-12  8.711e-05  1.009e-06  6.313e-05  1.009e-06
 betax      alphax     betay      alphay     eta        deta       E_spread  
 1.380e+00  0.000e+00  1.000e+00  0.000e+00  0.000e+00  0.000e+00  8.600e-04
 Ibeam(A)   period(cm) #periods   Kx         Ky         Energy(eV)
 4.005e-01  1.900e+00         96  0.000e+00  1.780e+00  2.253e+03


           x            y       F.Density            PL            PC          PL45        1-|PL|
          mm           mm  ph/s/mr^2/0.1%             -             -             -             -
-7.00000e+00 -4.00000e+00       4.225e+11  8.910079e-01  0.000000e+00 -2.619831e-01  1.089921e-01
-6.30000e+00 -4.00000e+00       1.677e+12  9.130219e-01  0.000000e+00  5.111575e-02  8.697811e-02
-5.60000e+00 -4.00000e+00       5.138e+12  7.768814e-01  0.000000e+00  4.077028e-01  2.231186e-01
-4.90000e+00 -4.00000e+00       1.242e+13  4.233635e-01  0.000000e+00  6.862581e-01  5.766365e-01
-4.20000e+00 -4.00000e+00       2.421e+13 -9.675491e-02  0.000000e+00  6.411345e-01  9.032451e-01
-3.50000e+00 -4.00000e+00       4.229e+13 -4.767513e-01  0.000000e+00  4.380535e-02  5.232487e-01
-2.80000e+00 -4.00000e+00       6.490e+13 -4.465367e-01  0.000000e+00 -3.380223e-01  5.534633e-01
-2.10000e+00 -4.00000e+00       1.147e+14  1.276799e-01  0.000000e+00  4.119449e-01  8.723201e-01
-1.40000e+00 -4.00000e+00       2.271e+14  3.847841e-01  0.000000e+00  8.418887e-01  6.152159e-01
-7.00000e-01 -4.00000e+00       1.842e+14  3.895848e-01  0.000000e+00  8.606446e-01  6.104152e-01
 0.00000e+00 -4.00000e+00       8.914e+13  3.435602e-01  0.000000e+00  1.222888e-14  6.564398e-01
 7.00000e-01 -4.00000e+00       1.842e+14  3.895848e-01  0.000000e+00 -8.606446e-01  6.104152e-01
 1.40000e+00 -4.00000e+00       2.271e+14  3.847841e-01  0.000000e+00 -8.418887e-01  6.152159e-01
 2.10000e+00 -4.00000e+00       1.147e+14  1.276799e-01  0.000000e+00 -4.119449e-01  8.723201e-01
 2.80000e+00 -4.00000e+00       6.490e+13 -4.465367e-01  0.000000e+00  3.380223e-01  5.534633e-01
 3.50000e+00 -4.00000e+00       4.229e+13 -4.767513e-01  0.000000e+00 -4.380535e-02  5.232487e-01
 4.20000e+00 -4.00000e+00       2.421e+13 -9.675491e-02  0.000000e+00 -6.411345e-01  9.032451e-01
 4.90000e+00 -4.00000e+00       1.242e+13  4.233635e-01  0.000000e+00 -6.862581e-01  5.766365e-01
 5.60000e+00 -4.00000e+00       5.138e+12  7.768814e-01  0.000000e+00 -4.077028e-01  2.231186e-01
 6.30000e+00 -4.00000e+00       1.677e+12  9.130219e-01  0.000000e+00 -5.111575e-02  8.697811e-02
 7.00000e+00 -4.00000e+00       4.225e+11  8.910079e-01  0.000000e+00  2.619831e-01  1.089921e-01
-7.00000e+00 -3.60000e+00       1.605e+12  6.185499e-01  0.000000e+00 -7.273300e-01  3.814501e-01
-6.30000e+00 -3.60000e+00       6.489e+12  7.946028e-01  0.000000e+00 -5.110871e-01  2.053972e-01
-5.60000e+00 -3.60000e+00       2.025e+13  9.011117e-01  0.000000e+00 -2.100792e-01  9.888832e-02
-4.90000e+00 -3.60000e+00       4.878e+13  8.712909e-01  0.000000e+00  1.609118e-01  1.287091e-01
-4.20000e+00 -3.60000e+00       9.165e+13  6.129692e-01  0.000000e+00  5.291515e-01  3.870308e-01
-3.50000e+00 -3.60000e+00       1.408e+14  1.461914e-01  0.000000e+00  6.012455e-01  8.538086e-01
-2.80000e+00 -3.60000e+00       2.051e+14 -3.405276e-01  0.000000e+00 -6.353885e-02  6.594724e-01
-2.10000e+00 -3.60000e+00       2.442e+14 -5.668240e-01  0.000000e+00 -6.114218e-01  4.331760e-01
-1.40000e+00 -3.60000e+00       1.271e+14 -6.089089e-01  0.000000e+00 -7.194085e-01  3.910911e-01
-7.00000e-01 -3.60000e+00       3.117e+13 -7.341310e-01  0.000000e+00 -4.027868e-01  2.658690e-01
 0.00000e+00 -3.60000e+00       2.037e+13 -9.667002e-01  0.000000e+00 -1.364234e-14  3.329984e-02
 7.00000e-01 -3.60000e+00       3.117e+13 -7.341310e-01  0.000000e+00  4.027868e-01  2.658690e-01
 1.40000e+00 -3.60000e+00       1.271e+14 -6.089089e-01  0.000000e+00  7.194085e-01  3.910911e-01
 2.10000e+00 -3.60000e+00       2.442e+14 -5.668240e-01  0.000000e+00  6.114218e-01  4.331760e-01
 2.80000e+00 -3.60000e+00       2.051e+14 -3.405276e-01  0.000000e+00  6.353885e-02  6.594724e-01
 3.50000e+00 -3.60000e+00       1.408e+14  1.461914e-01  0.000000e+00 -6.012455e-01  8.538086e-01
 4.20000e+00 -3.60000e+00       9.165e+13  6.129692e-01  0.000000e+00 -5.291515e-01  3.870308e-01
 4.90000e+00 -3.60000e+00       4.878e+13  8.712909e-01  0.000000e+00 -1.609118e-01  1.287091e-01
 5.60000e+00 -3.60000e+00       2.025e+13  9.011117e-01  0.000000e+00  2.100792e-01  9.888832e-02
 6.30000e+00 -3.60000e+00       6.489e+12  7.946028e-01  0.000000e+00  5.110871e-01  2.053972e-01
 7.00000e+00 -3.60000e+00       1.605e+12  6.185499e-01  0.000000e+00  7.273300e-01  3.814501e-01
-7.00000e+00 -3.20000e+00       4.683e+12  1.948567e-01  0.000000e+00 -9.438183e-01  8.051433e-01
-6.30000e+00 -3.20000e+00       1.872e+13  4.384687e-01  0.000000e+00 -8.486940e-01  5.615313e-01
-5.60000e+00 -3.20000e+00       5.860e+13  6.686766e-01  0.000000e+00 -6.643935e-01  3.313234e-01
-4.90000e+00 -3.20000e+00       1.445e+14  8.407332e-01  0.000000e+00 -3.784140e-01  1.592668e-01
-4.20000e+00 -3.20000e+00       2.798e+14  8.809267e-01  0.000000e+00 -1.215791e-03  1.190733e-01
-3.50000e+00 -3.20000e+00       4.260e+14  6.781327e-01  0.000000e+00  4.331530e-01  3.218673e-01
-2.80000e+00 -3.20000e+00       5.317e+14  3.891210e-01  0.000000e+00  6.224361e-01  6.108790e-01
-2.10000e+00 -3.20000e+00       7.829e+14  3.907379e-01  0.000000e+00 -2.529459e-01  6.092621e-01
-1.40000e+00 -3.20000e+00       1.497e+15  4.628591e-01  0.000000e+00 -8.009098e-01  5.371409e-01
-7.00000e-01 -3.20000e+00       1.251e+15  4.673192e-01  0.000000e+00 -8.173704e-01  5.326808e-01
 0.00000e+00 -3.20000e+00       6.326e+14  4.395997e-01  0.000000e+00 -1.738088e-14  5.604003e-01
 7.00000e-01 -3.20000e+00       1.251e+15  4.673192e-01  0.000000e+00  8.173704e-01  5.326808e-01
 1.40000e+00 -3.20000e+00       1.497e+15  4.628591e-01  0.000000e+00  8.009098e-01  5.371409e-01
 2.10000e+00 -3.20000e+00       7.829e+14  3.907379e-01  0.000000e+00  2.529459e-01  6.092621e-01
 2.80000e+00 -3.20000e+00       5.317e+14  3.891210e-01  0.000000e+00 -6.224361e-01  6.108790e-01
 3.50000e+00 -3.20000e+00       4.260e+14  6.781327e-01  0.000000e+00 -4.331530e-01  3.218673e-01
 4.20000e+00 -3.20000e+00       2.798e+14  8.809267e-01  0.000000e+00  1.215791e-03  1.190733e-01
 4.90000e+00 -3.20000e+00       1.445e+14  8.407332e-01  0.000000e+00  3.784140e-01  1.592668e-01
 5.60000e+00 -3.20000e+00       5.860e+13  6.686766e-01  0.000000e+00  6.643935e-01  3.313234e-01
 6.30000e+00 -3.20000e+00       1.872e+13  4.384687e-01  0.000000e+00  8.486940e-01  5.615313e-01
 7.00000e+00 -3.20000e+00       4.683e+12  1.948567e-01  0.000000e+00  9.438183e-01  8.051433e-01
-7.00000e+00 -2.80000e+00       1.057e+13 -2.390897e-01  0.000000e+00 -9.356338e-01  7.609103e-01
-6.30000e+00 -2.80000e+00       4.122e+13  1.946665e-02  0.000000e+00 -9.575458e-01  9.805333e-01
-5.60000e+00 -2.80000e+00       1.279e+14  3.036503e-01  0.000000e+00 -8.975857e-01  6.963497e-01
-4.90000e+00 -2.80000e+00       3.204e+14  5.800276e-01  0.000000e+00 -7.322956e-01  4.199724e-01
-4.20000e+00 -2.80000e+00       6.485e+14  7.971070e-01  0.000000e+00 -4.464445e-01  2.028930e-01
-3.50000e+00 -2.80000e+00       1.038e+15  8.713389e-01  0.000000e+00 -8.305916e-02  1.286611e-01
-2.80000e+00 -2.80000e+00       1.277e+15  5.724630e-01  0.000000e+00  3.696215e-01  4.275370e-01
-2.10000e+00 -2.80000e+00       1.396e+15  6.815182e-02  0.000000e+00  8.166719e-01  9.318482e-01
-1.40000e+00 -2.80000e+00       8.634e+14 -1.126132e-01  0.000000e+00  9.538614e-01  8.873868e-01
-7.00000e-01 -2.80000e+00       1.699e+14 -2.922751e-01  0.000000e+00  1.064155e+00  7.077249e-01
 0.00000e+00 -2.80000e+00       4.448e+13  1.876243e-01  0.000000e+00  3.657490e-16  8.123757e-01
 7.00000e-01 -2.80000e+00       1.699e+14 -2.922751e-01  0.000000e+00 -1.064155e+00  7.077249e-01
 1.40000e+00 -2.80000e+00       8.634e+14 -1.126132e-01  0.000000e+00 -9.538614e-01  8.873868e-01
 2.10000e+00 -2.80000e+00       1.396e+15  6.815182e-02  0.000000e+00 -8.166719e-01  9.318482e-01
 2.80000e+00 -2.80000e+00       1.277e+15  5.724630e-01  0.000000e+00 -3.696215e-01  4.275370e-01
 3.50000e+00 -2.80000e+00       1.038e+15  8.713389e-01  0.000000e+00  8.305916e-02  1.286611e-01
 4.20000e+00 -2.80000e+00       6.485e+14  7.971070e-01  0.000000e+00  4.464445e-01  2.028930e-01
 4.90000e+00 -2.80000e+00       3.204e+14  5.800276e-01  0.000000e+00  7.322956e-01  4.199724e-01
 5.60000e+00 -2.80000e+00       1.279e+14  3.036503e-01  0.000000e+00  8.975857e-01  6.963497e-01
 6.30000e+00 -2.80000e+00       4.122e+13  1.946665e-02  0.000000e+00  9.575458e-01  9.805333e-01
 7.00000e+00 -2.80000e+00       1.057e+13 -2.390897e-01  0.000000e+00  9.356338e-01  7.609103e-01
-7.00000e+00 -2.40000e+00       7.460e+12 -5.677180e-01  0.000000e+00 -6.982533e-01  4.322820e-01
-6.30000e+00 -2.40000e+00       5.456e+13 -6.617748e-02  0.000000e+00 -9.598203e-01  9.338225e-01
-5.60000e+00 -2.40000e+00       3.525e+14  3.615742e-02  0.000000e+00 -9.860818e-01  9.638426e-01
-4.90000e+00 -2.40000e+00       9.428e+14  2.020353e-01  0.000000e+00 -9.075512e-01  7.979647e-01
-4.20000e+00 -2.40000e+00       1.985e+15  6.185089e-01  0.000000e+00 -6.911792e-01  3.814911e-01
-3.50000e+00 -2.40000e+00       3.334e+15  7.834616e-01  0.000000e+00 -5.962306e-01  2.165384e-01
-2.80000e+00 -2.40000e+00       2.209e+15  8.136378e-01  0.000000e+00 -5.353655e-01  1.863622e-01
-2.10000e+00 -2.40000e+00       9.958e+14  8.696693e-01  0.000000e+00 -2.917474e-01  1.303307e-01
-1.40000e+00 -2.40000e+00       7.478e+15  9.249628e-01  0.000000e+00 -1.595803e-01  7.503716e-02
-7.00000e-01 -2.40000e+00       4.097e+16  9.378763e-01  0.000000e+00 -8.251324e-02  6.212372e-02
 0.00000e+00 -2.40000e+00       7.250e+16  9.414596e-01  0.000000e+00 -2.509496e-16  5.854044e-02
 7.00000e-01 -2.40000e+00       4.097e+16  9.378763e-01  0.000000e+00  8.251324e-02  6.212372e-02
 1.40000e+00 -2.40000e+00       7.478e+15  9.249628e-01  0.000000e+00  1.595803e-01  7.503716e-02
 2.10000e+00 -2.40000e+00       9.958e+14  8.696693e-01  0.000000e+00  2.917474e-01  1.303307e-01
 2.80000e+00 -2.40000e+00       2.209e+15  8.136378e-01  0.000000e+00  5.353655e-01  1.863622e-01
 3.50000e+00 -2.40000e+00       3.334e+15  7.834616e-01  0.000000e+00  5.962306e-01  2.165384e-01
 4.20000e+00 -2.40000e+00       1.985e+15  6.185089e-01  0.000000e+00  6.911792e-01  3.814911e-01
 4.90000e+00 -2.40000e+00       9.428e+14  2.020353e-01  0.000000e+00  9.075512e-01  7.979647e-01
 5.60000e+00 -2.40000e+00       3.525e+14  3.615742e-02  0.000000e+00  9.860818e-01  9.638426e-01
 6.30000e+00 -2.40000e+00       5.456e+13 -6.617748e-02  0.000000e+00  9.598203e-01  9.338225e-01
 7.00000e+00 -2.40000e+00       7.460e+12 -5.677180e-01  0.000000e+00  6.982533e-01  4.322820e-01
-7.00000e+00 -2.00000e+00       2.731e+13 -8.653817e-01  0.000000e+00 -4.130082e-01  1.346183e-01
-6.30000e+00 -2.00000e+00       9.776e+13 -6.910242e-01  0.000000e+00 -6.467296e-01  3.089758e-01
-5.60000e+00 -2.00000e+00       2.876e+14 -4.171367e-01  0.000000e+00 -8.350216e-01  5.828633e-01
-4.90000e+00 -2.00000e+00       7.176e+14 -6.139034e-02  0.000000e+00 -9.209186e-01  9.386097e-01
-4.20000e+00 -2.00000e+00       1.543e+15  3.187287e-01  0.000000e+00 -8.576054e-01  6.812713e-01
-3.50000e+00 -2.00000e+00       2.863e+15  6.507133e-01  0.000000e+00 -6.508432e-01  3.492867e-01
-2.80000e+00 -2.00000e+00       3.966e+15  7.940828e-01  0.000000e+00 -3.729446e-01  2.059172e-01
-2.10000e+00 -2.00000e+00       4.583e+15  6.447538e-01  0.000000e+00  3.182475e-01  3.552462e-01
-1.40000e+00 -2.00000e+00       5.823e+15  4.952661e-01  0.000000e+00  7.973931e-01  5.047339e-01
-7.00000e-01 -2.00000e+00       3.427e+15  4.627349e-01  0.000000e+00  8.506724e-01  5.372651e-01
 0.00000e+00 -2.00000e+00       1.236e+15  4.374259e-01  0.000000e+00 -7.275878e-15  5.625741e-01
 7.00000e-01 -2.00000e+00       3.427e+15  4.627349e-01  0.000000e+00 -8.506724e-01  5.372651e-01
 1.40000e+00 -2.00000e+00       5.823e+15  4.952661e-01  0.000000e+00 -7.973931e-01  5.047339e-01
 2.10000e+00 -2.00000e+00       4.583e+15  6.447538e-01  0.000000e+00 -3.182475e-01  3.552462e-01
 2.80000e+00 -2.00000e+00       3.966e+15  7.940828e-01  0.000000e+00  3.729446e-01  2.059172e-01
 3.50000e+00 -2.00000e+00       2.863e+15  6.507133e-01  0.000000e+00  6.508432e-01  3.492867e-01
 4.20000e+00 -2.00000e+00       1.543e+15  3.187287e-01  0.000000e+00  8.576054e-01  6.812713e-01
 4.90000e+00 -2.00000e+00       7.176e+14 -6.139034e-02  0.000000e+00  9.209186e-01  9.386097e-01
 5.60000e+00 -2.00000e+00       2.876e+14 -4.171367e-01  0.000000e+00  8.350216e-01  5.828633e-01
 6.30000e+00 -2.00000e+00       9.776e+13 -6.910242e-01  0.000000e+00  6.467296e-01  3.089758e-01
 7.00000e+00 -2.00000e+00       2.731e+13 -8.653817e-01  0.000000e+00  4.130082e-01  1.346183e-01
-7.00000e+00 -1.60000e+00       3.252e+13 -9.509664e-01  0.000000e+00  2.841852e-02  4.903364e-02
-6.30000e+00 -1.60000e+00       1.089e+14 -8.857173e-01  0.000000e+00 -2.870497e-01  1.142827e-01
-5.60000e+00 -1.60000e+00       3.048e+14 -6.778800e-01  0.000000e+00 -6.065213e-01  3.221200e-01
-4.90000e+00 -1.60000e+00       7.481e+14 -3.196809e-01  0.000000e+00 -8.371843e-01  6.803191e-01
-4.20000e+00 -1.60000e+00       1.658e+15  1.191490e-01  0.000000e+00 -8.891143e-01  8.808510e-01
-3.50000e+00 -1.60000e+00       3.226e+15  5.006480e-01  0.000000e+00 -7.600226e-01  4.993520e-01
-2.80000e+00 -1.60000e+00       5.466e+15  7.870471e-01  0.000000e+00 -4.016520e-01  2.129529e-01
-2.10000e+00 -1.60000e+00       8.920e+15  9.562903e-01  0.000000e+00 -6.196423e-02  4.370972e-02
-1.40000e+00 -1.60000e+00       7.438e+15  9.919884e-01  0.000000e+00  2.155443e-02  8.011638e-03
-7.00000e-01 -1.60000e+00       2.062e+15  9.916892e-01  0.000000e+00  3.616513e-02  8.310821e-03
 0.00000e+00 -1.60000e+00       3.537e+14  9.607595e-01  0.000000e+00 -9.341744e-16  3.924047e-02
 7.00000e-01 -1.60000e+00       2.062e+15  9.916892e-01  0.000000e+00 -3.616513e-02  8.310821e-03
 1.40000e+00 -1.60000e+00       7.438e+15  9.919884e-01  0.000000e+00 -2.155443e-02  8.011638e-03
 2.10000e+00 -1.60000e+00       8.920e+15  9.562903e-01  0.000000e+00  6.196423e-02  4.370972e-02
 2.80000e+00 -1.60000e+00       5.466e+15  7.870471e-01  0.000000e+00  4.016520e-01  2.129529e-01
 3.50000e+00 -1.60000e+00       3.226e+15  5.006480e-01  0.000000e+00  7.600226e-01  4.993520e-01
 4.20000e+00 -1.60000e+00       1.658e+15  1.191490e-01  0.000000e+00  8.891143e-01  8.808510e-01
 4.90000e+00 -1.60000e+00       7.481e+14 -3.196809e-01  0.000000e+00  8.371843e-01  6.803191e-01
 5.60000e+00 -1.60000e+00       3.048e+14 -6.778800e-01  0.000000e+00  6.065213e-01  3.221200e-01
 6.30000e+00 -1.60000e+00       1.089e+14 -8.857173e-01  0.000000e+00  2.870497e-01  1.142827e-01
 7.00000e+00 -1.60000e+00       3.252e+13 -9.509664e-01  0.000000e+00 -2.841852e-02  4.903364e-02
-7.00000e+00 -1.20000e+00       3.246e+13 -7.888879e-01  0.000000e+00  5.175105e-01  2.111121e-01
-6.30000e+00 -1.20000e+00       9.859e+13 -8.887722e-01  0.000000e+00  1.773704e-01  1.112278e-01
-5.60000e+00 -1.20000e+00       2.552e+14 -8.174852e-01  0.000000e+00 -2.685881e-01  1.825148e-01
-4.90000e+00 -1.20000e+00       6.101e+14 -4.870436e-01  0.000000e+00 -6.794330e-01  5.129564e-01
-4.20000e+00 -1.20000e+00       1.412e+15  1.288114e-02  0.000000e+00 -8.591072e-01  9.871189e-01
-3.50000e+00 -1.20000e+00       3.054e+15  4.661627e-01  0.000000e+00 -7.575772e-01  5.338373e-01
-2.80000e+00 -1.20000e+00       6.370e+15  7.993845e-01  0.000000e+00 -4.839818e-01  2.006155e-01
-2.10000e+00 -1.20000e+00       9.056e+15  9.202887e-01  0.000000e+00 -3.515410e-01  7.971129e-02
-1.40000e+00 -1.20000e+00       4.909e+15  9.421391e-01  0.000000e+00 -3.220282e-01  5.786095e-02
-7.00000e-01 -1.20000e+00       8.594e+14  9.346714e-01  0.000000e+00 -2.959388e-01  6.532863e-02
 0.00000e+00 -1.20000e+00       1.175e+14  8.221308e-01  0.000000e+00  1.136577e-15  1.778692e-01
 7.00000e-01 -1.20000e+00       8.594e+14  9.346714e-01  0.000000e+00  2.959388e-01  6.532863e-02
 1.40000e+00 -1.20000e+00       4.909e+15  9.421391e-01  0.000000e+00  3.220282e-01  5.786095e-02
 2.10000e+00 -1.20000e+00       9.056e+15  9.202887e-01  0.000000e+00  3.515410e-01  7.971129e-02
 2.80000e+00 -1.20000e+00       6.370e+15  7.993845e-01  0.000000e+00  4.839818e-01  2.006155e-01
 3.50000e+00 -1.20000e+00       3.054e+15  4.661627e-01  0.000000e+00  7.575772e-01  5.338373e-01
 4.20000e+00 -1.20000e+00       1.412e+15  1.288114e-02  0.000000e+00  8.591072e-01  9.871189e-01
 4.90000e+00 -1.20000e+00       6.101e+14 -4.870436e-01  0.000000e+00  6.794330e-01  5.129564e-01
 5.60000e+00 -1.20000e+00       2.552e+14 -8.174852e-01  0.000000e+00  2.685881e-01  1.825148e-01
 6.30000e+00 -1.20000e+00       9.859e+13 -8.887722e-01  0.000000e+00 -1.773704e-01  1.112278e-01
 7.00000e+00 -1.20000e+00       3.246e+13 -7.888879e-01  0.000000e+00 -5.175105e-01  2.111121e-01
-7.00000e+00 -8.00000e-01       2.802e+13 -2.837538e-01  0.000000e+00  9.007995e-01  7.162462e-01
-6.30000e+00 -8.00000e-01       7.321e+13 -5.614604e-01  0.000000e+00  6.753096e-01  4.385396e-01
-5.60000e+00 -8.00000e-01       1.635e+14 -7.330845e-01  0.000000e+00  1.771754e-01  2.669155e-01
-4.90000e+00 -8.00000e-01       3.727e+14 -4.929515e-01  0.000000e+00 -4.714214e-01  5.070485e-01
-4.20000e+00 -8.00000e-01       9.543e+14  8.744039e-02  0.000000e+00 -7.881841e-01  9.125596e-01
-3.50000e+00 -8.00000e-01       2.507e+15  5.792100e-01  0.000000e+00 -6.779868e-01  4.207900e-01
-2.80000e+00 -8.00000e-01       5.840e+15  8.351716e-01  0.000000e+00 -4.814962e-01  1.648284e-01
-2.10000e+00 -8.00000e-01       6.921e+15  9.020601e-01  0.000000e+00 -4.138755e-01  9.793986e-02
-1.40000e+00 -8.00000e-01       2.835e+15  9.137970e-01  0.000000e+00 -3.896035e-01  8.620296e-02
-7.00000e-01 -8.00000e-01       4.403e+14  8.822822e-01  0.000000e+00 -2.623295e-01  1.177178e-01
 0.00000e+00 -8.00000e-01       1.326e+14  7.074296e-01  0.000000e+00 -1.679998e-15  2.925704e-01
 7.00000e-01 -8.00000e-01       4.403e+14  8.822822e-01  0.000000e+00  2.623295e-01  1.177178e-01
 1.40000e+00 -8.00000e-01       2.835e+15  9.137970e-01  0.000000e+00  3.896035e-01  8.620296e-02
 2.10000e+00 -8.00000e-01       6.921e+15  9.020601e-01  0.000000e+00  4.138755e-01  9.793986e-02
 2.80000e+00 -8.00000e-01       5.840e+15  8.351716e-01  0.000000e+00  4.814962e-01  1.648284e-01
 3.50000e+00 -8.00000e-01       2.507e+15  5.792100e-01  0.000000e+00  6.779868e-01  4.207900e-01
 4.20000e+00 -8.00000e-01       9.543e+14  8.744039e-02  0.000000e+00  7.881841e-01  9.125596e-01
 4.90000e+00 -8.00000e-01       3.727e+14 -4.929515e-01  0.000000e+00  4.714214e-01  5.070485e-01
 5.60000e+00 -8.00000e-01       1.635e+14 -7.330845e-01  0.000000e+00 -1.771754e-01  2.669155e-01
 6.30000e+00 -8.00000e-01       7.321e+13 -5.614604e-01  0.000000e+00 -6.753096e-01  4.385396e-01
 7.00000e+00 -8.00000e-01       2.802e+13 -2.837538e-01  0.000000e+00 -9.007995e-01  7.162462e-01
-7.00000e+00 -4.00000e-01       8.806e+11  5.772693e-01  0.000000e+00  7.724634e-01  4.227307e-01
-6.30000e+00 -4.00000e-01       1.382e+12  3.417821e-01  0.000000e+00  8.085250e-01  6.582179e-01
-5.60000e+00 -4.00000e-01       2.086e+12 -6.017495e-02  0.000000e+00  4.994998e-01  9.398251e-01
-4.90000e+00 -4.00000e-01       5.338e+12  4.666603e-02  0.000000e+00 -3.711634e-01  9.533340e-01
-4.20000e+00 -4.00000e-01       2.258e+13  5.750490e-01  0.000000e+00 -6.010639e-01  4.249510e-01
-3.50000e+00 -4.00000e-01       8.293e+13  8.361033e-01  0.000000e+00 -4.508725e-01  1.638967e-01
-2.80000e+00 -4.00000e-01       2.032e+14  9.321371e-01  0.000000e+00 -3.132544e-01  6.786289e-02
-2.10000e+00 -4.00000e-01       2.516e+14  9.600079e-01  0.000000e+00 -2.190422e-01  3.999214e-02
-1.40000e+00 -4.00000e-01       2.444e+14  9.425679e-01  0.000000e+00  2.095887e-02  5.743207e-02
-7.00000e-01 -4.00000e-01       3.834e+14  8.594167e-01  0.000000e+00  1.489364e-01  1.405833e-01
 0.00000e+00 -4.00000e-01       4.787e+14  8.103176e-01  0.000000e+00  9.217950e-16  1.896824e-01
 7.00000e-01 -4.00000e-01       3.834e+14  8.594167e-01  0.000000e+00 -1.489364e-01  1.405833e-01
 1.40000e+00 -4.00000e-01       2.444e+14  9.425679e-01  0.000000e+00 -2.095887e-02  5.743207e-02
 2.10000e+00 -4.00000e-01       2.516e+14  9.600079e-01  0.000000e+00  2.190422e-01  3.999214e-02
 2.80000e+00 -4.00000e-01       2.032e+14  9.321371e-01  0.000000e+00  3.132544e-01  6.786289e-02
 3.50000e+00 -4.00000e-01       8.293e+13  8.361033e-01  0.000000e+00  4.508725e-01  1.638967e-01
 4.20000e+00 -4.00000e-01       2.258e+13  5.750490e-01  0.000000e+00  6.010639e-01  4.249510e-01
 4.90000e+00 -4.00000e-01       5.338e+12  4.666603e-02  0.000000e+00  3.711634e-01  9.533340e-01
 5.60000e+00 -4.00000e-01       2.086e+12 -6.017495e-02  0.000000e+00 -4.994998e-01  9.398251e-01
 6.30000e+00 -4.00000e-01       1.382e+12  3.417821e-01  0.000000e+00 -8.085250e-01  6.582179e-01
 7.00000e+00 -4.00000e-01       8.806e+11  5.772693e-01  0.000000e+00 -7.724634e-01  4.227307e-01
-7.00000e+00  0.00000e+00       2.038e+13  9.989371e-01  0.000000e+00 -4.962488e-09  1.062925e-03
-6.30000e+00  0.00000e+00       3.716e+13  9.981721e-01  0.000000e+00 -1.871534e-08  1.827877e-03
-5.60000e+00  0.00000e+00       4.365e+13  9.963440e-01  0.000000e+00 -4.842169e-08  3.655961e-03
-4.90000e+00  0.00000e+00       7.202e+13  9.957331e-01  0.000000e+00 -4.411989e-08  4.266925e-03
-4.20000e+00  0.00000e+00       3.689e+14  9.986588e-01  0.000000e+00 -4.408618e-09  1.341243e-03
-3.50000e+00  0.00000e+00       1.671e+15  9.996341e-01  0.000000e+00  7.072725e-09  3.659195e-04
-2.80000e+00  0.00000e+00       4.431e+15  9.998639e-01  0.000000e+00  9.200585e-09  1.360865e-04
-2.10000e+00  0.00000e+00       4.584e+15  9.999008e-01  0.000000e+00  6.747178e-09  9.920240e-05
-1.40000e+00  0.00000e+00       2.139e+15  9.998210e-01  0.000000e+00  3.617111e-08  1.789986e-04
-7.00000e-01  0.00000e+00       2.994e+15  9.997190e-01  0.000000e+00  7.627461e-08  2.810459e-04
 0.00000e+00  0.00000e+00       4.671e+15  9.997322e-01  0.000000e+00 -2.451795e-17  2.678224e-04
 7.00000e-01  0.00000e+00       2.994e+15  9.997190e-01  0.000000e+00 -7.627461e-08  2.810459e-04
 1.40000e+00  0.00000e+00       2.139e+15  9.998210e-01  0.000000e+00 -3.617111e-08  1.789986e-04
 2.10000e+00  0.00000e+00       4.584e+15  9.999008e-01  0.000000e+00 -6.747178e-09  9.920240e-05
 2.80000e+00  0.00000e+00       4.431e+15  9.998639e-01  0.000000e+00 -9.200585e-09  1.360865e-04
 3.50000e+00  0.00000e+00       1.671e+15  9.996341e-01  0.000000e+00 -7.072724e-09  3.659195e-04
 4.20000e+00  0.00000e+00       3.689e+14  9.986588e-01  0.000000e+00  4.408619e-09  1.341243e-03
 4.90000e+00  0.00000e+00       7.202e+13  9.957331e-01  0.000000e+00  4.411989e-08  4.266925e-03
 5.60000e+00  0.00000e+00       4.365e+13  9.963440e-01  0.000000e+00  4.842169e-08  3.655961e-03
 6.30000e+00  0.00000e+00       3.716e+13  9.981721e-01  0.000000e+00  1.871534e-08  1.827877e-03
 7.00000e+00  0.00000e+00       2.038e+13  9.989371e-01  0.000000e+00  4.962486e-09  1.062925e-03
-7.00000e+00  4.00000e-01       8.806e+11  5.772693e-01  0.000000e+00 -7.724636e-01  4.227307e-01
-6.30000e+00  4.00000e-01       1.382e+12  3.417821e-01  0.000000e+00 -8.085259e-01  6.582179e-01
-5.60000e+00  4.00000e-01       2.086e+12 -6.017497e-02  0.000000e+00 -4.995018e-01  9.398250e-01
-4.90000e+00  4.00000e-01       5.338e+12  4.666588e-02  0.000000e+00  3.711622e-01  9.533341e-01
-4.20000e+00  4.00000e-01       2.258e+13  5.750489e-01  0.000000e+00  6.010637e-01  4.249511e-01
-3.50000e+00  4.00000e-01       8.293e+13  8.361033e-01  0.000000e+00  4.508728e-01  1.638967e-01
-2.80000e+00  4.00000e-01       2.032e+14  9.321371e-01  0.000000e+00  3.132548e-01  6.786292e-02
-2.10000e+00  4.00000e-01       2.516e+14  9.600077e-01  0.000000e+00  2.190425e-01  3.999228e-02
-1.40000e+00  4.00000e-01       2.444e+14  9.425678e-01  0.000000e+00 -2.095823e-02  5.743224e-02
-7.00000e-01  4.00000e-01       3.834e+14  8.594168e-01  0.000000e+00 -1.489352e-01  1.405832e-01
 0.00000e+00  4.00000e-01       4.787e+14  8.103179e-01  0.000000e+00 -9.233271e-16  1.896821e-01
 7.00000e-01  4.00000e-01       3.834e+14  8.594168e-01  0.000000e+00  1.489352e-01  1.405832e-01
 1.40000e+00  4.00000e-01       2.444e+14  9.425678e-01  0.000000e+00  2.095823e-02  5.743224e-02
 2.10000e+00  4.00000e-01       2.516e+14  9.600077e-01  0.000000e+00 -2.190425e-01  3.999228e-02
 2.80000e+00  4.00000e-01       2.032e+14  9.321371e-01  0.000000e+00 -3.132548e-01  6.786292e-02
 3.50000e+00  4.00000e-01       8.293e+13  8.361033e-01  0.000000e+00 -4.508728e-01  1.638967e-01
 4.20000e+00  4.00000e-01       2.258e+13  5.750489e-01  0.000000e+00 -6.010637e-01  4.249511e-01
 4.90000e+00  4.00000e-01       5.338e+12  4.666588e-02  0.000000e+00 -3.711622e-01  9.533341e-01
 5.60000e+00  4.00000e-01       2.086e+12 -6.017497e-02  0.000000e+00  4.995018e-01  9.398250e-01
 6.30000e+00  4.00000e-01       1.382e+12  3.417821e-01  0.000000e+00  8.085259e-01  6.582179e-01
 7.00000e+00  4.00000e-01       8.806e+11  5.772693e-01  0.000000e+00  7.724636e-01  4.227307e-01
-7.00000e+00  8.00000e-01       2.802e+13 -2.837538e-01  0.000000e+00 -9.007995e-01  7.162462e-01
-6.30000e+00  8.00000e-01       7.321e+13 -5.614604e-01  0.000000e+00 -6.753097e-01  4.385396e-01
-5.60000e+00  8.00000e-01       1.635e+14 -7.330845e-01  0.000000e+00 -1.771754e-01  2.669155e-01
-4.90000e+00  8.00000e-01       3.727e+14 -4.929515e-01  0.000000e+00  4.714214e-01  5.070485e-01
-4.20000e+00  8.00000e-01       9.543e+14  8.744038e-02  0.000000e+00  7.881841e-01  9.125596e-01
-3.50000e+00  8.00000e-01       2.507e+15  5.792100e-01  0.000000e+00  6.779868e-01  4.207900e-01
-2.80000e+00  8.00000e-01       5.840e+15  8.351716e-01  0.000000e+00  4.814962e-01  1.648284e-01
-2.10000e+00  8.00000e-01       6.921e+15  9.020601e-01  0.000000e+00  4.138755e-01  9.793987e-02
-1.40000e+00  8.00000e-01       2.835e+15  9.137970e-01  0.000000e+00  3.896035e-01  8.620299e-02
-7.00000e-01  8.00000e-01       4.403e+14  8.822825e-01  0.000000e+00  2.623307e-01  1.177175e-01
 0.00000e+00  8.00000e-01       1.326e+14  7.074314e-01  0.000000e+00  3.172890e-15  2.925686e-01
 7.00000e-01  8.00000e-01       4.403e+14  8.822825e-01  0.000000e+00 -2.623307e-01  1.177175e-01
 1.40000e+00  8.00000e-01       2.835e+15  9.137970e-01  0.000000e+00 -3.896035e-01  8.620299e-02
 2.10000e+00  8.00000e-01       6.921e+15  9.020601e-01  0.000000e+00 -4.138755e-01  9.793987e-02
 2.80000e+00  8.00000e-01       5.840e+15  8.351716e-01  0.000000e+00 -4.814962e-01  1.648284e-01
 3.50000e+00  8.00000e-01       2.507e+15  5.792100e-01  0.000000e+00 -6.779868e-01  4.207900e-01
 4.20000e+00  8.00000e-01       9.543e+14  8.744038e-02  0.000000e+00 -7.881841e-01  9.125596e-01
 4.90000e+00  8.00000e-01       3.727e+14 -4.929515e-01  0.000000e+00 -4.714214e-01  5.070485e-01
 5.60000e+00  8.00000e-01       1.635e+14 -7.330845e-01  0.000000e+00  1.771754e-01  2.669155e-01
 6.30000e+00  8.00000e-01       7.321e+13 -5.614604e-01  0.000000e+00  6.753097e-01  4.385396e-01
 7.00000e+00  8.00000e-01       2.802e+13 -2.837538e-01  0.000000e+00  9.007995e-01  7.162462e-01
-7.00000e+00  1.20000e+00       3.246e+13 -7.888879e-01  0.000000e+00 -5.175105e-01  2.111121e-01
-6.30000e+00  1.20000e+00       9.859e+13 -8.887722e-01  0.000000e+00 -1.773705e-01  1.112278e-01
-5.60000e+00  1.20000e+00       2.552e+14 -8.174852e-01  0.000000e+00  2.685880e-01  1.825148e-01
-4.90000e+00  1.20000e+00       6.101e+14 -4.870436e-01  0.000000e+00  6.794330e-01  5.129564e-01
-4.20000e+00  1.20000e+00       1.412e+15  1.288114e-02  0.000000e+00  8.591072e-01  9.871189e-01
-3.50000e+00  1.20000e+00       3.054e+15  4.661627e-01  0.000000e+00  7.575772e-01  5.338373e-01
-2.80000e+00  1.20000e+00       6.370e+15  7.993845e-01  0.000000e+00  4.839818e-01  2.006155e-01
-2.10000e+00  1.20000e+00       9.056e+15  9.202887e-01  0.000000e+00  3.515410e-01  7.971131e-02
-1.40000e+00  1.20000e+00       4.909e+15  9.421390e-01  0.000000e+00  3.220282e-01  5.786098e-02
-7.00000e-01  1.20000e+00       8.594e+14  9.346716e-01  0.000000e+00  2.959395e-01  6.532838e-02
 0.00000e+00  1.20000e+00       1.175e+14  8.221346e-01  0.000000e+00  5.486558e-15  1.778654e-01
 7.00000e-01  1.20000e+00       8.594e+14  9.346716e-01  0.000000e+00 -2.959395e-01  6.532838e-02
 1.40000e+00  1.20000e+00       4.909e+15  9.421390e-01  0.000000e+00 -3.220282e-01  5.786098e-02
 2.10000e+00  1.20000e+00       9.056e+15  9.202887e-01  0.000000e+00 -3.515410e-01  7.971131e-02
 2.80000e+00  1.20000e+00       6.370e+15  7.993845e-01  0.000000e+00 -4.839818e-01  2.006155e-01
 3.50000e+00  1.20000e+00       3.054e+15  4.661627e-01  0.000000e+00 -7.575772e-01  5.338373e-01
 4.20000e+00  1.20000e+00       1.412e+15  1.288114e-02  0.000000e+00 -8.591072e-01  9.871189e-01
 4.90000e+00  1.20000e+00       6.101e+14 -4.870436e-01  0.000000e+00 -6.794330e-01  5.129564e-01
 5.60000e+00  1.20000e+00       2.552e+14 -8.174852e-01  0.000000e+00 -2.685880e-01  1.825148e-01
 6.30000e+00  1.20000e+00       9.859e+13 -8.887722e-01  0.000000e+00  1.773705e-01  1.112278e-01
 7.00000e+00  1.20000e+00       3.246e+13 -7.888879e-01  0.000000e+00  5.175105e-01  2.111121e-01
-7.00000e+00  1.60000e+00       3.252e+13 -9.509664e-01  0.000000e+00 -2.841852e-02  4.903365e-02
-6.30000e+00  1.60000e+00       1.089e+14 -8.857173e-01  0.000000e+00  2.870497e-01  1.142827e-01
-5.60000e+00  1.60000e+00       3.048e+14 -6.778800e-01  0.000000e+00  6.065213e-01  3.221200e-01
-4.90000e+00  1.60000e+00       7.481e+14 -3.196809e-01  0.000000e+00  8.371843e-01  6.803191e-01
-4.20000e+00  1.60000e+00       1.658e+15  1.191490e-01  0.000000e+00  8.891143e-01  8.808510e-01
-3.50000e+00  1.60000e+00       3.226e+15  5.006480e-01  0.000000e+00  7.600226e-01  4.993520e-01
-2.80000e+00  1.60000e+00       5.466e+15  7.870471e-01  0.000000e+00  4.016520e-01  2.129529e-01
-2.10000e+00  1.60000e+00       8.920e+15  9.562903e-01  0.000000e+00  6.196424e-02  4.370974e-02
-1.40000e+00  1.60000e+00       7.438e+15  9.919883e-01  0.000000e+00 -2.155440e-02  8.011668e-03
-7.00000e-01  1.60000e+00       2.062e+15  9.916893e-01  0.000000e+00 -3.616485e-02  8.310655e-03
 0.00000e+00  1.60000e+00       3.537e+14  9.607618e-01  0.000000e+00  9.115743e-16  3.923824e-02
 7.00000e-01  1.60000e+00       2.062e+15  9.916893e-01  0.000000e+00  3.616485e-02  8.310655e-03
 1.40000e+00  1.60000e+00       7.438e+15  9.919883e-01  0.000000e+00  2.155440e-02  8.011668e-03
 2.10000e+00  1.60000e+00       8.920e+15  9.562903e-01  0.000000e+00 -6.196424e-02  4.370974e-02
 2.80000e+00  1.60000e+00       5.466e+15  7.870471e-01  0.000000e+00 -4.016520e-01  2.129529e-01
 3.50000e+00  1.60000e+00       3.226e+15  5.006480e-01  0.000000e+00 -7.600226e-01  4.993520e-01
 4.20000e+00  1.60000e+00       1.658e+15  1.191490e-01  0.000000e+00 -8.891143e-01  8.808510e-01
 4.90000e+00  1.60000e+00       7.481e+14 -3.196809e-01  0.000000e+00 -8.371843e-01  6.803191e-01
 5.60000e+00  1.60000e+00       3.048e+14 -6.778800e-01  0.000000e+00 -6.065213e-01  3.221200e-01
 6.30000e+00  1.60000e+00       1.089e+14 -8.857173e-01  0.000000e+00 -2.870497e-01  1.142827e-01
 7.00000e+00  1.60000e+00       3.252e+13 -9.509664e-01  0.000000e+00  2.841852e-02  4.903365e-02
-7.00000e+00  2.00000e+00       2.731e+13 -8.653817e-01  0.000000e+00  4.130082e-01  1.346183e-01
-6.30000e+00  2.00000e+00       9.776e+13 -6.910242e-01  0.000000e+00  6.467296e-01  3.089758e-01
-5.60000e+00  2.00000e+00       2.876e+14 -4.171367e-01  0.000000e+00  8.350216e-01  5.828633e-01
-4.90000e+00  2.00000e+00       7.176e+14 -6.139035e-02  0.000000e+00  9.209185e-01  9.386097e-01
-4.20000e+00  2.00000e+00       1.543e+15  3.187287e-01  0.000000e+00  8.576054e-01  6.812713e-01
-3.50000e+00  2.00000e+00       2.863e+15  6.507133e-01  0.000000e+00  6.508432e-01  3.492867e-01
-2.80000e+00  2.00000e+00       3.966e+15  7.940828e-01  0.000000e+00  3.729447e-01  2.059172e-01
-2.10000e+00  2.00000e+00       4.583e+15  6.447538e-01  0.000000e+00 -3.182475e-01  3.552462e-01
-1.40000e+00  2.00000e+00       5.823e+15  4.952660e-01  0.000000e+00 -7.973930e-01  5.047340e-01
-7.00000e-01  2.00000e+00       3.427e+15  4.627349e-01  0.000000e+00 -8.506724e-01  5.372651e-01
 0.00000e+00  2.00000e+00       1.236e+15  4.374263e-01  0.000000e+00  7.258147e-15  5.625737e-01
 7.00000e-01  2.00000e+00       3.427e+15  4.627349e-01  0.000000e+00  8.506724e-01  5.372651e-01
 1.40000e+00  2.00000e+00       5.823e+15  4.952660e-01  0.000000e+00  7.973930e-01  5.047340e-01
 2.10000e+00  2.00000e+00       4.583e+15  6.447538e-01  0.000000e+00  3.182475e-01  3.552462e-01
 2.80000e+00  2.00000e+00       3.966e+15  7.940828e-01  0.000000e+00 -3.729447e-01  2.059172e-01
 3.50000e+00  2.00000e+00       2.863e+15  6.507133e-01  0.000000e+00 -6.508432e-01  3.492867e-01
 4.20000e+00  2.00000e+00       1.543e+15  3.187287e-01  0.000000e+00 -8.576054e-01  6.812713e-01
 4.90000e+00  2.00000e+00       7.176e+14 -6.139035e-02  0.000000e+00 -9.209185e-01  9.386097e-01
 5.60000e+00  2.00000e+00       2.876e+14 -4.171367e-01  0.000000e+00 -8.350216e-01  5.828633e-01
 6.30000e+00  2.00000e+00       9.776e+13 -6.910242e-01  0.000000e+00 -6.467296e-01  3.089758e-01
 7.00000e+00  2.00000e+00       2.731e+13 -8.653817e-01  0.000000e+00 -4.130082e-01  1.346183e-01
-7.00000e+00  2.40000e+00       7.460e+12 -5.677179e-01  0.000000e+00  6.982532e-01  4.322821e-01
-6.30000e+00  2.40000e+00       5.456e+13 -6.617747e-02  0.000000e+00  9.598202e-01  9.338225e-01
-5.60000e+00  2.40000e+00       3.525e+14  3.615741e-02  0.000000e+00  9.860818e-01  9.638426e-01
-4.90000e+00  2.40000e+00       9.428e+14  2.020353e-01  0.000000e+00  9.075512e-01  7.979647e-01
-4.20000e+00  2.40000e+00       1.985e+15  6.185089e-01  0.000000e+00  6.911792e-01  3.814911e-01
-3.50000e+00  2.40000e+00       3.334e+15  7.834616e-01  0.000000e+00  5.962306e-01  2.165384e-01
-2.80000e+00  2.40000e+00       2.209e+15  8.136378e-01  0.000000e+00  5.353655e-01  1.863622e-01
-2.10000e+00  2.40000e+00       9.958e+14  8.696689e-01  0.000000e+00  2.917475e-01  1.303311e-01
-1.40000e+00  2.40000e+00       7.478e+15  9.249628e-01  0.000000e+00  1.595803e-01  7.503722e-02
-7.00000e-01  2.40000e+00       4.097e+16  9.378763e-01  0.000000e+00  8.251326e-02  6.212370e-02
 0.00000e+00  2.40000e+00       7.250e+16  9.414596e-01  0.000000e+00  2.506054e-16  5.854042e-02
 7.00000e-01  2.40000e+00       4.097e+16  9.378763e-01  0.000000e+00 -8.251326e-02  6.212370e-02
 1.40000e+00  2.40000e+00       7.478e+15  9.249628e-01  0.000000e+00 -1.595803e-01  7.503722e-02
 2.10000e+00  2.40000e+00       9.958e+14  8.696689e-01  0.000000e+00 -2.917475e-01  1.303311e-01
 2.80000e+00  2.40000e+00       2.209e+15  8.136378e-01  0.000000e+00 -5.353655e-01  1.863622e-01
 3.50000e+00  2.40000e+00       3.334e+15  7.834616e-01  0.000000e+00 -5.962306e-01  2.165384e-01
 4.20000e+00  2.40000e+00       1.985e+15  6.185089e-01  0.000000e+00 -6.911792e-01  3.814911e-01
 4.90000e+00  2.40000e+00       9.428e+14  2.020353e-01  0.000000e+00 -9.075512e-01  7.979647e-01
 5.60000e+00  2.40000e+00       3.525e+14  3.615741e-02  0.000000e+00 -9.860818e-01  9.638426e-01
 6.30000e+00  2.40000e+00       5.456e+13 -6.617747e-02  0.000000e+00 -9.598202e-01  9.338225e-01
 7.00000e+00  2.40000e+00       7.460e+12 -5.677179e-01  0.000000e+00 -6.982532e-01  4.322821e-01
-7.00000e+00  2.80000e+00       1.057e+13 -2.390896e-01  0.000000e+00  9.356337e-01  7.609104e-01
-6.30000e+00  2.80000e+00       4.122e+13  1.946666e-02  0.000000e+00  9.575456e-01  9.805333e-01
-5.60000e+00  2.80000e+00       1.279e+14  3.036503e-01  0.000000e+00  8.975856e-01  6.963497e-01
-4.90000e+00  2.80000e+00       3.204e+14  5.800275e-01  0.000000e+00  7.322955e-01  4.199725e-01
-4.20000e+00  2.80000e+00       6.485e+14  7.971069e-01  0.000000e+00  4.464445e-01  2.028931e-01
-3.50000e+00  2.80000e+00       1.038e+15  8.713389e-01  0.000000e+00  8.305922e-02  1.286611e-01
-2.80000e+00  2.80000e+00       1.277e+15  5.724630e-01  0.000000e+00 -3.696212e-01  4.275370e-01
-2.10000e+00  2.80000e+00       1.396e+15  6.815158e-02  0.000000e+00 -8.166716e-01  9.318484e-01
-1.40000e+00  2.80000e+00       8.634e+14 -1.126139e-01  0.000000e+00 -9.538608e-01  8.873861e-01
-7.00000e-01  2.80000e+00       1.699e+14 -2.922789e-01  0.000000e+00 -1.064157e+00  7.077211e-01
 0.00000e+00  2.80000e+00       4.448e+13  1.876837e-01  0.000000e+00 -9.887211e-16  8.123163e-01
 7.00000e-01  2.80000e+00       1.699e+14 -2.922789e-01  0.000000e+00  1.064157e+00  7.077211e-01
 1.40000e+00  2.80000e+00       8.634e+14 -1.126139e-01  0.000000e+00  9.538608e-01  8.873861e-01
 2.10000e+00  2.80000e+00       1.396e+15  6.815158e-02  0.000000e+00  8.166716e-01  9.318484e-01
 2.80000e+00  2.80000e+00       1.277e+15  5.724630e-01  0.000000e+00  3.696212e-01  4.275370e-01
 3.50000e+00  2.80000e+00       1.038e+15  8.713389e-01  0.000000e+00 -8.305922e-02  1.286611e-01
 4.20000e+00  2.80000e+00       6.485e+14  7.971069e-01  0.000000e+00 -4.464445e-01  2.028931e-01
 4.90000e+00  2.80000e+00       3.204e+14  5.800275e-01  0.000000e+00 -7.322955e-01  4.199725e-01
 5.60000e+00  2.80000e+00       1.279e+14  3.036503e-01  0.000000e+00 -8.975856e-01  6.963497e-01
 6.30000e+00  2.80000e+00       4.122e+13  1.946666e-02  0.000000e+00 -9.575456e-01  9.805333e-01
 7.00000e+00  2.80000e+00       1.057e+13 -2.390896e-01  0.000000e+00 -9.356337e-01  7.609104e-01
-7.00000e+00  3.20000e+00       4.683e+12  1.948568e-01  0.000000e+00  9.438179e-01  8.051432e-01
-6.30000e+00  3.20000e+00       1.872e+13  4.384687e-01  0.000000e+00  8.486935e-01  5.615313e-01
-5.60000e+00  3.20000e+00       5.860e+13  6.686763e-01  0.000000e+00  6.643931e-01  3.313237e-01
-4.90000e+00  3.20000e+00       1.445e+14  8.407328e-01  0.000000e+00  3.784138e-01  1.592672e-01
-4.20000e+00  3.20000e+00       2.798e+14  8.809262e-01  0.000000e+00  1.215798e-03  1.190738e-01
-3.50000e+00  3.20000e+00       4.260e+14  6.781325e-01  0.000000e+00 -4.331526e-01  3.218675e-01
-2.80000e+00  3.20000e+00       5.317e+14  3.891209e-01  0.000000e+00 -6.224352e-01  6.108791e-01
-2.10000e+00  3.20000e+00       7.829e+14  3.907369e-01  0.000000e+00  2.529460e-01  6.092631e-01
-1.40000e+00  3.20000e+00       1.497e+15  4.628582e-01  0.000000e+00  8.009100e-01  5.371418e-01
-7.00000e-01  3.20000e+00       1.251e+15  4.673197e-01  0.000000e+00  8.173731e-01  5.326803e-01
 0.00000e+00  3.20000e+00       6.326e+14  4.396031e-01  0.000000e+00 -5.879777e-16  5.603969e-01
 7.00000e-01  3.20000e+00       1.251e+15  4.673197e-01  0.000000e+00 -8.173731e-01  5.326803e-01
 1.40000e+00  3.20000e+00       1.497e+15  4.628582e-01  0.000000e+00 -8.009100e-01  5.371418e-01
 2.10000e+00  3.20000e+00       7.829e+14  3.907369e-01  0.000000e+00 -2.529460e-01  6.092631e-01
 2.80000e+00  3.20000e+00       5.317e+14  3.891209e-01  0.000000e+00  6.224352e-01  6.108791e-01
 3.50000e+00  3.20000e+00       4.260e+14  6.781325e-01  0.000000e+00  4.331526e-01  3.218675e-01
 4.20000e+00  3.20000e+00       2.798e+14  8.809262e-01  0.000000e+00 -1.215798e-03  1.190738e-01
 4.90000e+00  3.20000e+00       1.445e+14  8.407328e-01  0.000000e+00 -3.784138e-01  1.592672e-01
 5.60000e+00  3.20000e+00       5.860e+13  6.686763e-01  0.000000e+00 -6.643931e-01  3.313237e-01
 6.30000e+00  3.20000e+00       1.872e+13  4.384687e-01  0.000000e+00 -8.486935e-01  5.615313e-01
 7.00000e+00  3.20000e+00       4.683e+12  1.948568e-01  0.000000e+00 -9.438179e-01  8.051432e-01
-7.00000e+00  3.60000e+00       1.605e+12  6.185498e-01  0.000000e+00  7.273279e-01  3.814502e-01
-6.30000e+00  3.60000e+00       6.489e+12  7.946018e-01  0.000000e+00  5.110846e-01  2.053982e-01
-5.60000e+00  3.60000e+00       2.025e+13  9.011099e-01  0.000000e+00  2.100773e-01  9.889008e-02
-4.90000e+00  3.60000e+00       4.878e+13  8.712885e-01  0.000000e+00 -1.609124e-01  1.287115e-01
-4.20000e+00  3.60000e+00       9.165e+13  6.129669e-01  0.000000e+00 -5.291505e-01  3.870331e-01
-3.50000e+00  3.60000e+00       1.408e+14  1.461913e-01  0.000000e+00 -6.012426e-01  8.538087e-01
-2.80000e+00  3.60000e+00       2.051e+14 -3.405260e-01  0.000000e+00  6.354146e-02  6.594740e-01
-2.10000e+00  3.60000e+00       2.443e+14 -5.668255e-01  0.000000e+00  6.114201e-01  4.331745e-01
-1.40000e+00  3.60000e+00       1.271e+14 -6.089216e-01  0.000000e+00  7.194094e-01  3.910784e-01
-7.00000e-01  3.60000e+00       3.116e+13 -7.342556e-01  0.000000e+00  4.029207e-01  2.657444e-01
 0.00000e+00  3.60000e+00       2.037e+13 -9.663259e-01  0.000000e+00 -4.231255e-17  3.367406e-02
 7.00000e-01  3.60000e+00       3.116e+13 -7.342556e-01  0.000000e+00 -4.029207e-01  2.657444e-01
 1.40000e+00  3.60000e+00       1.271e+14 -6.089216e-01  0.000000e+00 -7.194094e-01  3.910784e-01
 2.10000e+00  3.60000e+00       2.443e+14 -5.668255e-01  0.000000e+00 -6.114201e-01  4.331745e-01
 2.80000e+00  3.60000e+00       2.051e+14 -3.405260e-01  0.000000e+00 -6.354146e-02  6.594740e-01
 3.50000e+00  3.60000e+00       1.408e+14  1.461913e-01  0.000000e+00  6.012426e-01  8.538087e-01
 4.20000e+00  3.60000e+00       9.165e+13  6.129669e-01  0.000000e+00  5.291505e-01  3.870331e-01
 4.90000e+00  3.60000e+00       4.878e+13  8.712885e-01  0.000000e+00  1.609124e-01  1.287115e-01
 5.60000e+00  3.60000e+00       2.025e+13  9.011099e-01  0.000000e+00 -2.100773e-01  9.889008e-02
 6.30000e+00  3.60000e+00       6.489e+12  7.946018e-01  0.000000e+00 -5.110846e-01  2.053982e-01
 7.00000e+00  3.60000e+00       1.605e+12  6.185498e-01  0.000000e+00 -7.273279e-01  3.814502e-01
-7.00000e+00  4.00000e+00       4.225e+11  8.910012e-01  0.000000e+00  2.619671e-01  1.089988e-01
-6.30000e+00  4.00000e+00       1.677e+12  9.130078e-01  0.000000e+00 -5.113177e-02  8.699217e-02
-5.60000e+00  4.00000e+00       5.138e+12  7.768619e-01  0.000000e+00 -4.077110e-01  2.231381e-01
-4.90000e+00  4.00000e+00       1.242e+13  4.233419e-01  0.000000e+00 -6.862524e-01  5.766581e-01
-4.20000e+00  4.00000e+00       2.421e+13 -9.676755e-02  0.000000e+00 -6.411169e-01  9.032325e-01
-3.50000e+00  4.00000e+00       4.229e+13 -4.767350e-01  0.000000e+00 -4.378726e-02  5.232650e-01
-2.80000e+00  4.00000e+00       6.490e+13 -4.465152e-01  0.000000e+00  3.380345e-01  5.534848e-01
-2.10000e+00  4.00000e+00       1.147e+14  1.276500e-01  0.000000e+00 -4.119245e-01  8.723500e-01
-1.40000e+00  4.00000e+00       2.271e+14  3.847508e-01  0.000000e+00 -8.418695e-01  6.152492e-01
-7.00000e-01  4.00000e+00       1.842e+14  3.895894e-01  0.000000e+00 -8.606582e-01  6.104106e-01
 0.00000e+00  4.00000e+00       8.913e+13  3.436419e-01  0.000000e+00 -1.294567e-14  6.563581e-01
 7.00000e-01  4.00000e+00       1.842e+14  3.895894e-01  0.000000e+00  8.606582e-01  6.104106e-01
 1.40000e+00  4.00000e+00       2.271e+14  3.847508e-01  0.000000e+00  8.418695e-01  6.152492e-01
 2.10000e+00  4.00000e+00       1.147e+14  1.276500e-01  0.000000e+00  4.119245e-01  8.723500e-01
 2.80000e+00  4.00000e+00       6.490e+13 -4.465152e-01  0.000000e+00 -3.380345e-01  5.534848e-01
 3.50000e+00  4.00000e+00       4.229e+13 -4.767350e-01  0.000000e+00  4.378726e-02  5.232650e-01
 4.20000e+00  4.00000e+00       2.421e+13 -9.676755e-02  0.000000e+00  6.411169e-01  9.032325e-01
 4.90000e+00  4.00000e+00       1.242e+13  4.233419e-01  0.000000e+00  6.862524e-01  5.766581e-01
 5.60000e+00  4.00000e+00       5.138e+12  7.768619e-01  0.000000e+00  4.077110e-01  2.231381e-01
 6.30000e+00  4.00000e+00       1.677e+12  9.130078e-01  0.000000e+00  5.113177e-02  8.699217e-02
 7.00000e+00  4.00000e+00       4.225e+11  8.910012e-01  0.000000e+00 -2.619671e-01  1.089988e-01
