 EB(GeV)    EMITTANCEx EMITTANCEy SIZEx(m)   SIZEy(m)   DIVx(rad)  DIVy(rad)
 2.411e+00  5.499e-09  1.017e-12  8.711e-05  1.009e-06  6.313e-05  1.009e-06
 betax      alphax     betay      alphay     eta        deta       E_spread  
 1.380e+00  0.000e+00  1.000e+00  0.000e+00  0.000e+00  0.000e+00  8.600e-04
 Ibeam(A)   period(cm) #periods   Kx         Ky         Energy(eV)
 4.005e-01  1.900e+00         96  0.000e+00  1.780e+00  6.942e+03


           x            y       F.Density            PL            PC          PL45        1-|PL|
          mm           mm  ph/s/mr^2/0.1%             -             -             -             -
-7.00000e+00 -4.00000e+00       2.275e+08 -7.592552e-01  0.000000e+00 -8.302047e-02  2.407448e-01
-6.30000e+00 -4.00000e+00       4.712e+08 -6.233757e-01  0.000000e+00 -3.165965e-01  3.766243e-01
-5.60000e+00 -4.00000e+00       9.296e+08 -3.694026e-01  0.000000e+00 -4.925258e-01  6.305974e-01
-4.90000e+00 -4.00000e+00       1.816e+09 -7.972991e-02  0.000000e+00 -5.379682e-01  9.202701e-01
-4.20000e+00 -4.00000e+00       3.371e+09  1.403083e-01  0.000000e+00 -4.787736e-01  8.596917e-01
-3.50000e+00 -4.00000e+00       5.735e+09  2.830129e-01  0.000000e+00 -3.822089e-01  7.169871e-01
-2.80000e+00 -4.00000e+00       9.854e+09  4.223743e-01  0.000000e+00 -2.918280e-01  5.776257e-01
-2.10000e+00 -4.00000e+00       2.085e+10  6.091197e-01  0.000000e+00 -4.401665e-01  3.908803e-01
-1.40000e+00 -4.00000e+00       5.357e+10  8.564341e-01  0.000000e+00 -5.108348e-01  1.435659e-01
-7.00000e-01 -4.00000e+00       1.277e+11  7.629041e-01  0.000000e+00 -2.685077e-01  2.370959e-01
 0.00000e+00 -4.00000e+00       1.710e+11  5.906908e-01  0.000000e+00  1.926009e-16  4.093092e-01
 7.00000e-01 -4.00000e+00       1.277e+11  7.629041e-01  0.000000e+00  2.685077e-01  2.370959e-01
 1.40000e+00 -4.00000e+00       5.357e+10  8.564341e-01  0.000000e+00  5.108348e-01  1.435659e-01
 2.10000e+00 -4.00000e+00       2.085e+10  6.091197e-01  0.000000e+00  4.401665e-01  3.908803e-01
 2.80000e+00 -4.00000e+00       9.854e+09  4.223743e-01  0.000000e+00  2.918280e-01  5.776257e-01
 3.50000e+00 -4.00000e+00       5.735e+09  2.830129e-01  0.000000e+00  3.822089e-01  7.169871e-01
 4.20000e+00 -4.00000e+00       3.371e+09  1.403083e-01  0.000000e+00  4.787736e-01  8.596917e-01
 4.90000e+00 -4.00000e+00       1.816e+09 -7.972991e-02  0.000000e+00  5.379682e-01  9.202701e-01
 5.60000e+00 -4.00000e+00       9.296e+08 -3.694026e-01  0.000000e+00  4.925258e-01  6.305974e-01
 6.30000e+00 -4.00000e+00       4.712e+08 -6.233757e-01  0.000000e+00  3.165965e-01  3.766243e-01
 7.00000e+00 -4.00000e+00       2.275e+08 -7.592552e-01  0.000000e+00  8.302047e-02  2.407448e-01
-7.00000e+00 -3.60000e+00       2.959e+08 -7.425986e-01  0.000000e+00  3.573512e-02  2.574014e-01
-6.30000e+00 -3.60000e+00       6.300e+08 -6.012396e-01  0.000000e+00 -2.557773e-01  3.987604e-01
-5.60000e+00 -3.60000e+00       1.455e+09 -3.356345e-01  0.000000e+00 -4.240010e-01  6.643655e-01
-4.90000e+00 -3.60000e+00       3.691e+09 -3.789054e-02  0.000000e+00 -4.439196e-01  9.621095e-01
-4.20000e+00 -3.60000e+00       1.026e+10  2.103990e-01  0.000000e+00 -2.924724e-01  7.896010e-01
-3.50000e+00 -3.60000e+00       2.748e+10  2.437083e-01  0.000000e+00 -9.392830e-02  7.562917e-01
-2.80000e+00 -3.60000e+00       6.654e+10  3.076812e-01  0.000000e+00 -3.520645e-02  6.923188e-01
-2.10000e+00 -3.60000e+00       1.381e+11  5.600883e-01  0.000000e+00 -1.260125e-01  4.399117e-01
-1.40000e+00 -3.60000e+00       2.062e+11  7.908837e-01  0.000000e+00 -3.506977e-01  2.091163e-01
-7.00000e-01 -3.60000e+00       2.312e+11  9.228324e-01  0.000000e+00 -3.519886e-01  7.716762e-02
 0.00000e+00 -3.60000e+00       2.533e+11  7.482508e-01  0.000000e+00  1.214457e-15  2.517492e-01
 7.00000e-01 -3.60000e+00       2.312e+11  9.228324e-01  0.000000e+00  3.519886e-01  7.716762e-02
 1.40000e+00 -3.60000e+00       2.062e+11  7.908837e-01  0.000000e+00  3.506977e-01  2.091163e-01
 2.10000e+00 -3.60000e+00       1.381e+11  5.600883e-01  0.000000e+00  1.260125e-01  4.399117e-01
 2.80000e+00 -3.60000e+00       6.654e+10  3.076812e-01  0.000000e+00  3.520645e-02  6.923188e-01
 3.50000e+00 -3.60000e+00       2.748e+10  2.437083e-01  0.000000e+00  9.392830e-02  7.562917e-01
 4.20000e+00 -3.60000e+00       1.026e+10  2.103990e-01  0.000000e+00  2.924724e-01  7.896010e-01
 4.90000e+00 -3.60000e+00       3.691e+09 -3.789054e-02  0.000000e+00  4.439196e-01  9.621095e-01
 5.60000e+00 -3.60000e+00       1.455e+09 -3.356345e-01  0.000000e+00  4.240010e-01  6.643655e-01
 6.30000e+00 -3.60000e+00       6.300e+08 -6.012396e-01  0.000000e+00  2.557773e-01  3.987604e-01
 7.00000e+00 -3.60000e+00       2.959e+08 -7.425986e-01  0.000000e+00 -3.573512e-02  2.574014e-01
-7.00000e+00 -3.20000e+00       3.987e+08 -6.818434e-01  0.000000e+00  9.181892e-02  3.181566e-01
-6.30000e+00 -3.20000e+00       1.156e+09 -3.119849e-01  0.000000e+00 -2.585629e-01  6.880151e-01
-5.60000e+00 -3.20000e+00       5.241e+09  2.615975e-01  0.000000e+00 -1.570287e-01  7.384025e-01
-4.90000e+00 -3.20000e+00       2.574e+10  2.803770e-01  0.000000e+00  1.208344e-01  7.196230e-01
-4.20000e+00 -3.20000e+00       1.050e+11  9.469793e-02  0.000000e+00  2.813153e-02  9.053021e-01
-3.50000e+00 -3.20000e+00       3.567e+11  2.077413e-01  0.000000e+00 -9.705033e-02  7.922587e-01
-2.80000e+00 -3.20000e+00       9.249e+11  3.469967e-01  0.000000e+00 -9.147776e-04  6.530033e-01
-2.10000e+00 -3.20000e+00       1.943e+12  5.709740e-01  0.000000e+00 -7.298129e-02  4.290260e-01
-1.40000e+00 -3.20000e+00       3.418e+12  8.200961e-01  0.000000e+00 -2.382067e-01  1.799039e-01
-7.00000e-01 -3.20000e+00       3.741e+12  8.948778e-01  0.000000e+00 -2.655172e-01  1.051222e-01
 0.00000e+00 -3.20000e+00       2.921e+12  8.997614e-01  0.000000e+00  1.108132e-14  1.002386e-01
 7.00000e-01 -3.20000e+00       3.741e+12  8.948778e-01  0.000000e+00  2.655172e-01  1.051222e-01
 1.40000e+00 -3.20000e+00       3.418e+12  8.200961e-01  0.000000e+00  2.382067e-01  1.799039e-01
 2.10000e+00 -3.20000e+00       1.943e+12  5.709740e-01  0.000000e+00  7.298129e-02  4.290260e-01
 2.80000e+00 -3.20000e+00       9.249e+11  3.469967e-01  0.000000e+00  9.147776e-04  6.530033e-01
 3.50000e+00 -3.20000e+00       3.567e+11  2.077413e-01  0.000000e+00  9.705033e-02  7.922587e-01
 4.20000e+00 -3.20000e+00       1.050e+11  9.469793e-02  0.000000e+00 -2.813153e-02  9.053021e-01
 4.90000e+00 -3.20000e+00       2.574e+10  2.803770e-01  0.000000e+00 -1.208344e-01  7.196230e-01
 5.60000e+00 -3.20000e+00       5.241e+09  2.615975e-01  0.000000e+00  1.570287e-01  7.384025e-01
 6.30000e+00 -3.20000e+00       1.156e+09 -3.119849e-01  0.000000e+00  2.585629e-01  6.880151e-01
 7.00000e+00 -3.20000e+00       3.987e+08 -6.818434e-01  0.000000e+00 -9.181892e-02  3.181566e-01
-7.00000e+00 -2.80000e+00       7.714e+08 -5.911861e-01  0.000000e+00  2.859448e-01  4.088139e-01
-6.30000e+00 -2.80000e+00       5.430e+09 -4.794912e-01  0.000000e+00 -1.617502e-01  5.205088e-01
-5.60000e+00 -2.80000e+00       4.821e+10 -3.945115e-02  0.000000e+00 -4.962582e-01  9.605488e-01
-4.90000e+00 -2.80000e+00       3.244e+11  4.112746e-01  0.000000e+00 -3.634365e-01  5.887254e-01
-4.20000e+00 -2.80000e+00       1.381e+12  4.935646e-01  0.000000e+00 -4.233112e-03  5.064354e-01
-3.50000e+00 -2.80000e+00       3.904e+12  2.667924e-01  0.000000e+00  1.175370e-01  7.332076e-01
-2.80000e+00 -2.80000e+00       8.905e+12  2.321353e-01  0.000000e+00  3.401857e-02  7.678647e-01
-2.10000e+00 -2.80000e+00       1.729e+13  4.675859e-01  0.000000e+00  1.653865e-01  5.324141e-01
-1.40000e+00 -2.80000e+00       2.469e+13  7.295090e-01  0.000000e+00  2.050036e-01  2.704910e-01
-7.00000e-01 -2.80000e+00       1.808e+13  8.742373e-01  0.000000e+00  1.315997e-01  1.257627e-01
 0.00000e+00 -2.80000e+00       9.415e+12  9.103731e-01  0.000000e+00 -1.813317e-15  8.962689e-02
 7.00000e-01 -2.80000e+00       1.808e+13  8.742373e-01  0.000000e+00 -1.315997e-01  1.257627e-01
 1.40000e+00 -2.80000e+00       2.469e+13  7.295090e-01  0.000000e+00 -2.050036e-01  2.704910e-01
 2.10000e+00 -2.80000e+00       1.729e+13  4.675859e-01  0.000000e+00 -1.653865e-01  5.324141e-01
 2.80000e+00 -2.80000e+00       8.905e+12  2.321353e-01  0.000000e+00 -3.401857e-02  7.678647e-01
 3.50000e+00 -2.80000e+00       3.904e+12  2.667924e-01  0.000000e+00 -1.175370e-01  7.332076e-01
 4.20000e+00 -2.80000e+00       1.381e+12  4.935646e-01  0.000000e+00  4.233112e-03  5.064354e-01
 4.90000e+00 -2.80000e+00       3.244e+11  4.112746e-01  0.000000e+00  3.634365e-01  5.887254e-01
 5.60000e+00 -2.80000e+00       4.821e+10 -3.945115e-02  0.000000e+00  4.962582e-01  9.605488e-01
 6.30000e+00 -2.80000e+00       5.430e+09 -4.794912e-01  0.000000e+00  1.617502e-01  5.205088e-01
 7.00000e+00 -2.80000e+00       7.714e+08 -5.911861e-01  0.000000e+00 -2.859448e-01  4.088139e-01
-7.00000e+00 -2.40000e+00       5.290e+09  5.145504e-01  0.000000e+00  5.403807e-01  4.854496e-01
-6.30000e+00 -2.40000e+00       5.550e+10  2.682372e-01  0.000000e+00  6.709272e-01  7.317628e-01
-5.60000e+00 -2.40000e+00       4.010e+11 -1.459051e-01  0.000000e+00  4.695828e-01  8.540949e-01
-4.90000e+00 -2.40000e+00       2.208e+12 -2.100931e-01  0.000000e+00 -8.582932e-02  7.899069e-01
-4.20000e+00 -2.40000e+00       9.753e+12  2.018700e-01  0.000000e+00 -3.505319e-01  7.981300e-01
-3.50000e+00 -2.40000e+00       2.960e+13  4.723374e-01  0.000000e+00 -1.393750e-01  5.276626e-01
-2.80000e+00 -2.40000e+00       5.907e+13  3.597337e-01  0.000000e+00  1.590800e-02  6.402663e-01
-2.10000e+00 -2.40000e+00       8.920e+13  9.668645e-02  0.000000e+00 -8.573410e-02  9.033136e-01
-1.40000e+00 -2.40000e+00       9.361e+13 -2.321746e-01  0.000000e+00  4.394066e-03  7.678254e-01
-7.00000e-01 -2.40000e+00       5.148e+13 -4.992849e-01  0.000000e+00  1.952376e-01  5.007151e-01
 0.00000e+00 -2.40000e+00       2.259e+13 -5.308092e-01  0.000000e+00 -9.999578e-15  4.691908e-01
 7.00000e-01 -2.40000e+00       5.148e+13 -4.992849e-01  0.000000e+00 -1.952376e-01  5.007151e-01
 1.40000e+00 -2.40000e+00       9.361e+13 -2.321746e-01  0.000000e+00 -4.394066e-03  7.678254e-01
 2.10000e+00 -2.40000e+00       8.920e+13  9.668645e-02  0.000000e+00  8.573410e-02  9.033136e-01
 2.80000e+00 -2.40000e+00       5.907e+13  3.597337e-01  0.000000e+00 -1.590800e-02  6.402663e-01
 3.50000e+00 -2.40000e+00       2.960e+13  4.723374e-01  0.000000e+00  1.393750e-01  5.276626e-01
 4.20000e+00 -2.40000e+00       9.753e+12  2.018700e-01  0.000000e+00  3.505319e-01  7.981300e-01
 4.90000e+00 -2.40000e+00       2.208e+12 -2.100931e-01  0.000000e+00  8.582932e-02  7.899069e-01
 5.60000e+00 -2.40000e+00       4.010e+11 -1.459051e-01  0.000000e+00 -4.695828e-01  8.540949e-01
 6.30000e+00 -2.40000e+00       5.550e+10  2.682372e-01  0.000000e+00 -6.709272e-01  7.317628e-01
 7.00000e+00 -2.40000e+00       5.290e+09  5.145504e-01  0.000000e+00 -5.403807e-01  4.854496e-01
-7.00000e+00 -2.00000e+00       4.636e+10  9.148477e-01  0.000000e+00 -1.286912e-01  8.515226e-02
-6.30000e+00 -2.00000e+00       5.299e+11  9.023738e-01  0.000000e+00  1.293843e-01  9.762619e-02
-5.60000e+00 -2.00000e+00       3.554e+12  7.412755e-01  0.000000e+00  4.041336e-01  2.587245e-01
-4.90000e+00 -2.00000e+00       1.449e+13  3.809337e-01  0.000000e+00  5.336843e-01  6.190663e-01
-4.20000e+00 -2.00000e+00       4.325e+13  3.814053e-02  0.000000e+00  2.135857e-01  9.618595e-01
-3.50000e+00 -2.00000e+00       1.193e+14  2.183548e-01  0.000000e+00 -2.005016e-01  7.816452e-01
-2.80000e+00 -2.00000e+00       2.601e+14  4.683062e-01  0.000000e+00 -9.797517e-02  5.316938e-01
-2.10000e+00 -2.00000e+00       4.053e+14  4.820907e-01  0.000000e+00  1.849592e-01  5.179093e-01
-1.40000e+00 -2.00000e+00       5.090e+14  6.258430e-01  0.000000e+00  3.295241e-01  3.741570e-01
-7.00000e-01 -2.00000e+00       3.531e+14  7.907651e-01  0.000000e+00  3.462223e-01  2.092349e-01
 0.00000e+00 -2.00000e+00       1.730e+14  8.538723e-01  0.000000e+00  9.419237e-15  1.461277e-01
 7.00000e-01 -2.00000e+00       3.531e+14  7.907651e-01  0.000000e+00 -3.462223e-01  2.092349e-01
 1.40000e+00 -2.00000e+00       5.090e+14  6.258430e-01  0.000000e+00 -3.295241e-01  3.741570e-01
 2.10000e+00 -2.00000e+00       4.053e+14  4.820907e-01  0.000000e+00 -1.849592e-01  5.179093e-01
 2.80000e+00 -2.00000e+00       2.601e+14  4.683062e-01  0.000000e+00  9.797517e-02  5.316938e-01
 3.50000e+00 -2.00000e+00       1.193e+14  2.183548e-01  0.000000e+00  2.005016e-01  7.816452e-01
 4.20000e+00 -2.00000e+00       4.325e+13  3.814053e-02  0.000000e+00 -2.135857e-01  9.618595e-01
 4.90000e+00 -2.00000e+00       1.449e+13  3.809337e-01  0.000000e+00 -5.336843e-01  6.190663e-01
 5.60000e+00 -2.00000e+00       3.554e+12  7.412755e-01  0.000000e+00 -4.041336e-01  2.587245e-01
 6.30000e+00 -2.00000e+00       5.299e+11  9.023738e-01  0.000000e+00 -1.293843e-01  9.762619e-02
 7.00000e+00 -2.00000e+00       4.636e+10  9.148477e-01  0.000000e+00  1.286912e-01  8.515226e-02
-7.00000e+00 -1.60000e+00       2.144e+11  7.610163e-01  0.000000e+00 -5.824425e-01  2.389837e-01
-6.30000e+00 -1.60000e+00       2.574e+12  8.707947e-01  0.000000e+00 -3.862658e-01  1.292053e-01
-5.60000e+00 -1.60000e+00       1.838e+13  9.234073e-01  0.000000e+00 -1.376693e-01  7.659270e-02
-4.90000e+00 -1.60000e+00       7.738e+13  8.734219e-01  0.000000e+00  1.472849e-01  1.265781e-01
-4.20000e+00 -1.60000e+00       1.954e+14  6.452344e-01  0.000000e+00  3.692166e-01  3.547656e-01
-3.50000e+00 -1.60000e+00       3.605e+14  3.296737e-01  0.000000e+00  2.164748e-01  6.703263e-01
-2.80000e+00 -1.60000e+00       6.914e+14  4.158173e-01  0.000000e+00 -9.136330e-02  5.841827e-01
-2.10000e+00 -1.60000e+00       1.221e+15  6.508732e-01  0.000000e+00  5.440894e-02  3.491268e-01
-1.40000e+00 -1.60000e+00       1.792e+15  8.257176e-01  0.000000e+00  1.518620e-01  1.742824e-01
-7.00000e-01 -1.60000e+00       1.651e+15  9.353681e-01  0.000000e+00  8.293119e-02  6.463192e-02
 0.00000e+00 -1.60000e+00       1.083e+15  9.735347e-01  0.000000e+00 -3.061699e-16  2.646534e-02
 7.00000e-01 -1.60000e+00       1.651e+15  9.353681e-01  0.000000e+00 -8.293119e-02  6.463192e-02
 1.40000e+00 -1.60000e+00       1.792e+15  8.257176e-01  0.000000e+00 -1.518620e-01  1.742824e-01
 2.10000e+00 -1.60000e+00       1.221e+15  6.508732e-01  0.000000e+00 -5.440894e-02  3.491268e-01
 2.80000e+00 -1.60000e+00       6.914e+14  4.158173e-01  0.000000e+00  9.136330e-02  5.841827e-01
 3.50000e+00 -1.60000e+00       3.605e+14  3.296737e-01  0.000000e+00 -2.164748e-01  6.703263e-01
 4.20000e+00 -1.60000e+00       1.954e+14  6.452344e-01  0.000000e+00 -3.692166e-01  3.547656e-01
 4.90000e+00 -1.60000e+00       7.738e+13  8.734219e-01  0.000000e+00 -1.472849e-01  1.265781e-01
 5.60000e+00 -1.60000e+00       1.838e+13  9.234073e-01  0.000000e+00  1.376693e-01  7.659270e-02
 6.30000e+00 -1.60000e+00       2.574e+12  8.707947e-01  0.000000e+00  3.862658e-01  1.292053e-01
 7.00000e+00 -1.60000e+00       2.144e+11  7.610163e-01  0.000000e+00  5.824425e-01  2.389837e-01
-7.00000e+00 -1.20000e+00       5.240e+11  5.630041e-01  0.000000e+00 -7.815023e-01  4.369959e-01
-6.30000e+00 -1.20000e+00       6.533e+12  7.245487e-01  0.000000e+00 -6.327781e-01  2.754513e-01
-5.60000e+00 -1.20000e+00       4.978e+13  8.498120e-01  0.000000e+00 -4.394711e-01  1.501880e-01
-4.90000e+00 -1.20000e+00       2.304e+14  9.210770e-01  0.000000e+00 -2.058293e-01  7.892304e-02
-4.20000e+00 -1.20000e+00       6.321e+14  9.050644e-01  0.000000e+00  5.343260e-02  9.493564e-02
-3.50000e+00 -1.20000e+00       1.040e+15  7.449621e-01  0.000000e+00  2.423022e-01  2.550379e-01
-2.80000e+00 -1.20000e+00       1.378e+15  5.441373e-01  0.000000e+00  9.814457e-02  4.558627e-01
-2.10000e+00 -1.20000e+00       1.998e+15  5.716970e-01  0.000000e+00  1.249222e-02  4.283030e-01
-1.40000e+00 -1.20000e+00       2.375e+15  3.388828e-01  0.000000e+00  2.335449e-01  6.611172e-01
-7.00000e-01 -1.20000e+00       3.178e+15 -3.066564e-01  0.000000e+00  1.669341e-01  6.933436e-01
 0.00000e+00 -1.20000e+00       4.096e+15 -5.083378e-01  0.000000e+00  4.971321e-15  4.916622e-01
 7.00000e-01 -1.20000e+00       3.178e+15 -3.066564e-01  0.000000e+00 -1.669341e-01  6.933436e-01
 1.40000e+00 -1.20000e+00       2.375e+15  3.388828e-01  0.000000e+00 -2.335449e-01  6.611172e-01
 2.10000e+00 -1.20000e+00       1.998e+15  5.716970e-01  0.000000e+00 -1.249222e-02  4.283030e-01
 2.80000e+00 -1.20000e+00       1.378e+15  5.441373e-01  0.000000e+00 -9.814457e-02  4.558627e-01
 3.50000e+00 -1.20000e+00       1.040e+15  7.449621e-01  0.000000e+00 -2.423022e-01  2.550379e-01
 4.20000e+00 -1.20000e+00       6.321e+14  9.050644e-01  0.000000e+00 -5.343260e-02  9.493564e-02
 4.90000e+00 -1.20000e+00       2.304e+14  9.210770e-01  0.000000e+00  2.058293e-01  7.892304e-02
 5.60000e+00 -1.20000e+00       4.978e+13  8.498120e-01  0.000000e+00  4.394711e-01  1.501880e-01
 6.30000e+00 -1.20000e+00       6.533e+12  7.245487e-01  0.000000e+00  6.327781e-01  2.754513e-01
 7.00000e+00 -1.20000e+00       5.240e+11  5.630041e-01  0.000000e+00  7.815023e-01  4.369959e-01
-7.00000e+00 -8.00000e-01       7.334e+11  5.084258e-01  0.000000e+00 -8.146063e-01  4.915742e-01
-6.30000e+00 -8.00000e-01       9.707e+12  6.858761e-01  0.000000e+00 -6.791388e-01  3.141239e-01
-5.60000e+00 -8.00000e-01       7.980e+13  8.208426e-01  0.000000e+00 -5.132965e-01  1.791574e-01
-4.90000e+00 -8.00000e-01       4.069e+14  9.108609e-01  0.000000e+00 -3.271779e-01  8.913908e-02
-4.20000e+00 -8.00000e-01       1.252e+15  9.516032e-01  0.000000e+00 -1.272837e-01  4.839683e-02
-3.50000e+00 -8.00000e-01       2.227e+15  9.261039e-01  0.000000e+00  6.768205e-02  7.389608e-02
-2.80000e+00 -8.00000e-01       2.554e+15  8.186518e-01  0.000000e+00  1.229569e-01  1.813482e-01
-2.10000e+00 -8.00000e-01       3.021e+15  7.586800e-01  0.000000e+00 -1.149222e-01  2.413200e-01
-1.40000e+00 -8.00000e-01       2.910e+15  6.602136e-01  0.000000e+00 -2.867534e-01  3.397864e-01
-7.00000e-01 -8.00000e-01       1.391e+15  3.208724e-01  0.000000e+00 -4.037883e-01  6.791276e-01
 0.00000e+00 -8.00000e-01       5.905e+14 -4.636283e-02  0.000000e+00 -1.160341e-14  9.536372e-01
 7.00000e-01 -8.00000e-01       1.391e+15  3.208724e-01  0.000000e+00  4.037883e-01  6.791276e-01
 1.40000e+00 -8.00000e-01       2.910e+15  6.602136e-01  0.000000e+00  2.867534e-01  3.397864e-01
 2.10000e+00 -8.00000e-01       3.021e+15  7.586800e-01  0.000000e+00  1.149222e-01  2.413200e-01
 2.80000e+00 -8.00000e-01       2.554e+15  8.186518e-01  0.000000e+00 -1.229569e-01  1.813482e-01
 3.50000e+00 -8.00000e-01       2.227e+15  9.261039e-01  0.000000e+00 -6.768205e-02  7.389608e-02
 4.20000e+00 -8.00000e-01       1.252e+15  9.516032e-01  0.000000e+00  1.272837e-01  4.839683e-02
 4.90000e+00 -8.00000e-01       4.069e+14  9.108609e-01  0.000000e+00  3.271779e-01  8.913908e-02
 5.60000e+00 -8.00000e-01       7.980e+13  8.208426e-01  0.000000e+00  5.132965e-01  1.791574e-01
 6.30000e+00 -8.00000e-01       9.707e+12  6.858761e-01  0.000000e+00  6.791388e-01  3.141239e-01
 7.00000e+00 -8.00000e-01       7.334e+11  5.084258e-01  0.000000e+00  8.146063e-01  4.915742e-01
-7.00000e+00 -4.00000e-01       6.599e+11  7.268769e-01  0.000000e+00 -6.415798e-01  2.731231e-01
-6.30000e+00 -4.00000e-01       9.798e+12  8.407951e-01  0.000000e+00 -5.028945e-01  1.592049e-01
-5.60000e+00 -4.00000e-01       8.917e+13  9.138919e-01  0.000000e+00 -3.687140e-01  8.610810e-02
-4.90000e+00 -4.00000e-01       5.005e+14  9.580765e-01  0.000000e+00 -2.425966e-01  4.192350e-02
-4.20000e+00 -4.00000e-01       1.699e+15  9.807139e-01  0.000000e+00 -1.231983e-01  1.928610e-02
-3.50000e+00 -4.00000e-01       3.314e+15  9.833381e-01  0.000000e+00 -1.026767e-02  1.666194e-02
-2.80000e+00 -4.00000e-01       3.719e+15  9.593739e-01  0.000000e+00  6.726451e-02  4.062606e-02
-2.10000e+00 -4.00000e-01       3.680e+15  9.300762e-01  0.000000e+00  5.162992e-02  6.992379e-02
-1.40000e+00 -4.00000e-01       4.305e+15  9.468306e-01  0.000000e+00  1.052237e-01  5.316944e-02
-7.00000e-01 -4.00000e-01       2.782e+15  9.612766e-01  0.000000e+00  1.766028e-01  3.872340e-02
 0.00000e+00 -4.00000e-01       1.241e+15  9.662154e-01  0.000000e+00  5.533538e-16  3.378456e-02
 7.00000e-01 -4.00000e-01       2.782e+15  9.612766e-01  0.000000e+00 -1.766028e-01  3.872340e-02
 1.40000e+00 -4.00000e-01       4.305e+15  9.468306e-01  0.000000e+00 -1.052237e-01  5.316944e-02
 2.10000e+00 -4.00000e-01       3.680e+15  9.300762e-01  0.000000e+00 -5.162992e-02  6.992379e-02
 2.80000e+00 -4.00000e-01       3.719e+15  9.593739e-01  0.000000e+00 -6.726451e-02  4.062606e-02
 3.50000e+00 -4.00000e-01       3.314e+15  9.833381e-01  0.000000e+00  1.026767e-02  1.666194e-02
 4.20000e+00 -4.00000e-01       1.699e+15  9.807139e-01  0.000000e+00  1.231983e-01  1.928610e-02
 4.90000e+00 -4.00000e-01       5.005e+14  9.580765e-01  0.000000e+00  2.425966e-01  4.192350e-02
 5.60000e+00 -4.00000e-01       8.917e+13  9.138919e-01  0.000000e+00  3.687140e-01  8.610810e-02
 6.30000e+00 -4.00000e-01       9.798e+12  8.407951e-01  0.000000e+00  5.028945e-01  1.592049e-01
 7.00000e+00 -4.00000e-01       6.599e+11  7.268769e-01  0.000000e+00  6.415798e-01  2.731231e-01
-7.00000e+00  0.00000e+00       5.564e+11  9.997405e-01  0.000000e+00  5.837739e-11  2.595025e-04
-6.30000e+00  0.00000e+00       9.083e+12  9.998617e-01  0.000000e+00  1.402989e-11  1.382972e-04
-5.60000e+00  0.00000e+00       8.826e+13  9.999290e-01  0.000000e+00  5.273638e-12  7.101631e-05
-4.90000e+00  0.00000e+00       5.206e+14  9.999662e-01  0.000000e+00  2.181961e-12  3.377047e-05
-4.20000e+00  0.00000e+00       1.844e+15  9.999849e-01  0.000000e+00  8.907107e-13  1.511825e-05
-3.50000e+00  0.00000e+00       3.733e+15  9.999890e-01  0.000000e+00  5.212121e-13  1.100307e-05
-2.80000e+00  0.00000e+00       4.268e+15  9.999762e-01  0.000000e+00  5.268523e-13  2.383052e-05
-2.10000e+00  0.00000e+00       4.305e+15  9.999661e-01  0.000000e+00  5.316511e-13  3.389384e-05
-1.40000e+00  0.00000e+00       5.393e+15  9.999919e-01  0.000000e+00  3.195599e-13  8.112121e-06
-7.00000e-01  0.00000e+00       3.460e+15  9.998456e-01  0.000000e+00  2.228424e-13  1.543771e-04
 0.00000e+00  0.00000e+00       1.455e+15  9.994167e-01  0.000000e+00 -1.970219e-17  5.832609e-04
 7.00000e-01  0.00000e+00       3.460e+15  9.998456e-01  0.000000e+00 -2.229111e-13  1.543771e-04
 1.40000e+00  0.00000e+00       5.393e+15  9.999919e-01  0.000000e+00 -3.195715e-13  8.112121e-06
 2.10000e+00  0.00000e+00       4.305e+15  9.999661e-01  0.000000e+00 -5.316868e-13  3.389384e-05
 2.80000e+00  0.00000e+00       4.268e+15  9.999762e-01  0.000000e+00 -5.268963e-13  2.383052e-05
 3.50000e+00  0.00000e+00       3.733e+15  9.999890e-01  0.000000e+00 -5.211674e-13  1.100307e-05
 4.20000e+00  0.00000e+00       1.844e+15  9.999849e-01  0.000000e+00 -8.905244e-13  1.511825e-05
 4.90000e+00  0.00000e+00       5.206e+14  9.999662e-01  0.000000e+00 -2.181576e-12  3.377047e-05
 5.60000e+00  0.00000e+00       8.826e+13  9.999290e-01  0.000000e+00 -5.273056e-12  7.101631e-05
 6.30000e+00  0.00000e+00       9.083e+12  9.998617e-01  0.000000e+00 -1.402888e-11  1.382972e-04
 7.00000e+00  0.00000e+00       5.564e+11  9.997405e-01  0.000000e+00 -5.837557e-11  2.595025e-04
-7.00000e+00  4.00000e-01       6.599e+11  7.268769e-01  0.000000e+00  6.415798e-01  2.731231e-01
-6.30000e+00  4.00000e-01       9.798e+12  8.407951e-01  0.000000e+00  5.028945e-01  1.592049e-01
-5.60000e+00  4.00000e-01       8.917e+13  9.138919e-01  0.000000e+00  3.687140e-01  8.610810e-02
-4.90000e+00  4.00000e-01       5.005e+14  9.580765e-01  0.000000e+00  2.425966e-01  4.192350e-02
-4.20000e+00  4.00000e-01       1.699e+15  9.807139e-01  0.000000e+00  1.231983e-01  1.928610e-02
-3.50000e+00  4.00000e-01       3.314e+15  9.833381e-01  0.000000e+00  1.026767e-02  1.666194e-02
-2.80000e+00  4.00000e-01       3.719e+15  9.593739e-01  0.000000e+00 -6.726451e-02  4.062606e-02
-2.10000e+00  4.00000e-01       3.680e+15  9.300762e-01  0.000000e+00 -5.162992e-02  6.992379e-02
-1.40000e+00  4.00000e-01       4.305e+15  9.468306e-01  0.000000e+00 -1.052237e-01  5.316944e-02
-7.00000e-01  4.00000e-01       2.782e+15  9.612766e-01  0.000000e+00 -1.766028e-01  3.872340e-02
 0.00000e+00  4.00000e-01       1.241e+15  9.662154e-01  0.000000e+00 -5.532126e-16  3.378456e-02
 7.00000e-01  4.00000e-01       2.782e+15  9.612766e-01  0.000000e+00  1.766028e-01  3.872340e-02
 1.40000e+00  4.00000e-01       4.305e+15  9.468306e-01  0.000000e+00  1.052237e-01  5.316944e-02
 2.10000e+00  4.00000e-01       3.680e+15  9.300762e-01  0.000000e+00  5.162992e-02  6.992379e-02
 2.80000e+00  4.00000e-01       3.719e+15  9.593739e-01  0.000000e+00  6.726451e-02  4.062606e-02
 3.50000e+00  4.00000e-01       3.314e+15  9.833381e-01  0.000000e+00 -1.026767e-02  1.666194e-02
 4.20000e+00  4.00000e-01       1.699e+15  9.807139e-01  0.000000e+00 -1.231983e-01  1.928610e-02
 4.90000e+00  4.00000e-01       5.005e+14  9.580765e-01  0.000000e+00 -2.425966e-01  4.192350e-02
 5.60000e+00  4.00000e-01       8.917e+13  9.138919e-01  0.000000e+00 -3.687140e-01  8.610810e-02
 6.30000e+00  4.00000e-01       9.798e+12  8.407951e-01  0.000000e+00 -5.028945e-01  1.592049e-01
 7.00000e+00  4.00000e-01       6.599e+11  7.268769e-01  0.000000e+00 -6.415798e-01  2.731231e-01
-7.00000e+00  8.00000e-01       7.334e+11  5.084258e-01  0.000000e+00  8.146063e-01  4.915742e-01
-6.30000e+00  8.00000e-01       9.707e+12  6.858761e-01  0.000000e+00  6.791388e-01  3.141239e-01
-5.60000e+00  8.00000e-01       7.980e+13  8.208426e-01  0.000000e+00  5.132965e-01  1.791574e-01
-4.90000e+00  8.00000e-01       4.069e+14  9.108609e-01  0.000000e+00  3.271779e-01  8.913908e-02
-4.20000e+00  8.00000e-01       1.252e+15  9.516032e-01  0.000000e+00  1.272837e-01  4.839683e-02
-3.50000e+00  8.00000e-01       2.227e+15  9.261039e-01  0.000000e+00 -6.768205e-02  7.389608e-02
-2.80000e+00  8.00000e-01       2.554e+15  8.186518e-01  0.000000e+00 -1.229569e-01  1.813482e-01
-2.10000e+00  8.00000e-01       3.021e+15  7.586800e-01  0.000000e+00  1.149222e-01  2.413200e-01
-1.40000e+00  8.00000e-01       2.910e+15  6.602136e-01  0.000000e+00  2.867534e-01  3.397864e-01
-7.00000e-01  8.00000e-01       1.391e+15  3.208724e-01  0.000000e+00  4.037883e-01  6.791276e-01
 0.00000e+00  8.00000e-01       5.905e+14 -4.636283e-02  0.000000e+00  1.084468e-14  9.536372e-01
 7.00000e-01  8.00000e-01       1.391e+15  3.208724e-01  0.000000e+00 -4.037883e-01  6.791276e-01
 1.40000e+00  8.00000e-01       2.910e+15  6.602136e-01  0.000000e+00 -2.867534e-01  3.397864e-01
 2.10000e+00  8.00000e-01       3.021e+15  7.586800e-01  0.000000e+00 -1.149222e-01  2.413200e-01
 2.80000e+00  8.00000e-01       2.554e+15  8.186518e-01  0.000000e+00  1.229569e-01  1.813482e-01
 3.50000e+00  8.00000e-01       2.227e+15  9.261039e-01  0.000000e+00  6.768205e-02  7.389608e-02
 4.20000e+00  8.00000e-01       1.252e+15  9.516032e-01  0.000000e+00 -1.272837e-01  4.839683e-02
 4.90000e+00  8.00000e-01       4.069e+14  9.108609e-01  0.000000e+00 -3.271779e-01  8.913908e-02
 5.60000e+00  8.00000e-01       7.980e+13  8.208426e-01  0.000000e+00 -5.132965e-01  1.791574e-01
 6.30000e+00  8.00000e-01       9.707e+12  6.858761e-01  0.000000e+00 -6.791388e-01  3.141239e-01
 7.00000e+00  8.00000e-01       7.334e+11  5.084258e-01  0.000000e+00 -8.146063e-01  4.915742e-01
-7.00000e+00  1.20000e+00       5.240e+11  5.630041e-01  0.000000e+00  7.815023e-01  4.369959e-01
-6.30000e+00  1.20000e+00       6.533e+12  7.245487e-01  0.000000e+00  6.327781e-01  2.754513e-01
-5.60000e+00  1.20000e+00       4.978e+13  8.498120e-01  0.000000e+00  4.394711e-01  1.501880e-01
-4.90000e+00  1.20000e+00       2.304e+14  9.210770e-01  0.000000e+00  2.058293e-01  7.892304e-02
-4.20000e+00  1.20000e+00       6.321e+14  9.050644e-01  0.000000e+00 -5.343260e-02  9.493564e-02
-3.50000e+00  1.20000e+00       1.040e+15  7.449621e-01  0.000000e+00 -2.423022e-01  2.550379e-01
-2.80000e+00  1.20000e+00       1.378e+15  5.441373e-01  0.000000e+00 -9.814457e-02  4.558627e-01
-2.10000e+00  1.20000e+00       1.998e+15  5.716970e-01  0.000000e+00 -1.249222e-02  4.283030e-01
-1.40000e+00  1.20000e+00       2.375e+15  3.388828e-01  0.000000e+00 -2.335449e-01  6.611172e-01
-7.00000e-01  1.20000e+00       3.178e+15 -3.066564e-01  0.000000e+00 -1.669341e-01  6.933436e-01
 0.00000e+00  1.20000e+00       4.096e+15 -5.083378e-01  0.000000e+00 -4.519891e-15  4.916622e-01
 7.00000e-01  1.20000e+00       3.178e+15 -3.066564e-01  0.000000e+00  1.669341e-01  6.933436e-01
 1.40000e+00  1.20000e+00       2.375e+15  3.388828e-01  0.000000e+00  2.335449e-01  6.611172e-01
 2.10000e+00  1.20000e+00       1.998e+15  5.716970e-01  0.000000e+00  1.249222e-02  4.283030e-01
 2.80000e+00  1.20000e+00       1.378e+15  5.441373e-01  0.000000e+00  9.814457e-02  4.558627e-01
 3.50000e+00  1.20000e+00       1.040e+15  7.449621e-01  0.000000e+00  2.423022e-01  2.550379e-01
 4.20000e+00  1.20000e+00       6.321e+14  9.050644e-01  0.000000e+00  5.343260e-02  9.493564e-02
 4.90000e+00  1.20000e+00       2.304e+14  9.210770e-01  0.000000e+00 -2.058293e-01  7.892304e-02
 5.60000e+00  1.20000e+00       4.978e+13  8.498120e-01  0.000000e+00 -4.394711e-01  1.501880e-01
 6.30000e+00  1.20000e+00       6.533e+12  7.245487e-01  0.000000e+00 -6.327781e-01  2.754513e-01
 7.00000e+00  1.20000e+00       5.240e+11  5.630041e-01  0.000000e+00 -7.815023e-01  4.369959e-01
-7.00000e+00  1.60000e+00       2.144e+11  7.610163e-01  0.000000e+00  5.824425e-01  2.389837e-01
-6.30000e+00  1.60000e+00       2.574e+12  8.707947e-01  0.000000e+00  3.862658e-01  1.292053e-01
-5.60000e+00  1.60000e+00       1.838e+13  9.234073e-01  0.000000e+00  1.376693e-01  7.659270e-02
-4.90000e+00  1.60000e+00       7.738e+13  8.734219e-01  0.000000e+00 -1.472849e-01  1.265781e-01
-4.20000e+00  1.60000e+00       1.954e+14  6.452344e-01  0.000000e+00 -3.692166e-01  3.547656e-01
-3.50000e+00  1.60000e+00       3.605e+14  3.296737e-01  0.000000e+00 -2.164748e-01  6.703263e-01
-2.80000e+00  1.60000e+00       6.914e+14  4.158173e-01  0.000000e+00  9.136330e-02  5.841827e-01
-2.10000e+00  1.60000e+00       1.221e+15  6.508732e-01  0.000000e+00 -5.440894e-02  3.491268e-01
-1.40000e+00  1.60000e+00       1.792e+15  8.257176e-01  0.000000e+00 -1.518620e-01  1.742824e-01
-7.00000e-01  1.60000e+00       1.651e+15  9.353681e-01  0.000000e+00 -8.293119e-02  6.463192e-02
 0.00000e+00  1.60000e+00       1.083e+15  9.735347e-01  0.000000e+00  3.049299e-16  2.646534e-02
 7.00000e-01  1.60000e+00       1.651e+15  9.353681e-01  0.000000e+00  8.293119e-02  6.463192e-02
 1.40000e+00  1.60000e+00       1.792e+15  8.257176e-01  0.000000e+00  1.518620e-01  1.742824e-01
 2.10000e+00  1.60000e+00       1.221e+15  6.508732e-01  0.000000e+00  5.440894e-02  3.491268e-01
 2.80000e+00  1.60000e+00       6.914e+14  4.158173e-01  0.000000e+00 -9.136330e-02  5.841827e-01
 3.50000e+00  1.60000e+00       3.605e+14  3.296737e-01  0.000000e+00  2.164748e-01  6.703263e-01
 4.20000e+00  1.60000e+00       1.954e+14  6.452344e-01  0.000000e+00  3.692166e-01  3.547656e-01
 4.90000e+00  1.60000e+00       7.738e+13  8.734219e-01  0.000000e+00  1.472849e-01  1.265781e-01
 5.60000e+00  1.60000e+00       1.838e+13  9.234073e-01  0.000000e+00 -1.376693e-01  7.659270e-02
 6.30000e+00  1.60000e+00       2.574e+12  8.707947e-01  0.000000e+00 -3.862658e-01  1.292053e-01
 7.00000e+00  1.60000e+00       2.144e+11  7.610163e-01  0.000000e+00 -5.824425e-01  2.389837e-01
-7.00000e+00  2.00000e+00       4.636e+10  9.148477e-01  0.000000e+00  1.286912e-01  8.515228e-02
-6.30000e+00  2.00000e+00       5.299e+11  9.023738e-01  0.000000e+00 -1.293843e-01  9.762620e-02
-5.60000e+00  2.00000e+00       3.554e+12  7.412755e-01  0.000000e+00 -4.041336e-01  2.587245e-01
-4.90000e+00  2.00000e+00       1.449e+13  3.809337e-01  0.000000e+00 -5.336843e-01  6.190663e-01
-4.20000e+00  2.00000e+00       4.325e+13  3.814053e-02  0.000000e+00 -2.135857e-01  9.618595e-01
-3.50000e+00  2.00000e+00       1.193e+14  2.183548e-01  0.000000e+00  2.005016e-01  7.816452e-01
-2.80000e+00  2.00000e+00       2.601e+14  4.683062e-01  0.000000e+00  9.797517e-02  5.316938e-01
-2.10000e+00  2.00000e+00       4.053e+14  4.820907e-01  0.000000e+00 -1.849592e-01  5.179093e-01
-1.40000e+00  2.00000e+00       5.090e+14  6.258430e-01  0.000000e+00 -3.295241e-01  3.741570e-01
-7.00000e-01  2.00000e+00       3.531e+14  7.907651e-01  0.000000e+00 -3.462223e-01  2.092349e-01
 0.00000e+00  2.00000e+00       1.730e+14  8.538723e-01  0.000000e+00 -9.448200e-15  1.461277e-01
 7.00000e-01  2.00000e+00       3.531e+14  7.907651e-01  0.000000e+00  3.462223e-01  2.092349e-01
 1.40000e+00  2.00000e+00       5.090e+14  6.258430e-01  0.000000e+00  3.295241e-01  3.741570e-01
 2.10000e+00  2.00000e+00       4.053e+14  4.820907e-01  0.000000e+00  1.849592e-01  5.179093e-01
 2.80000e+00  2.00000e+00       2.601e+14  4.683062e-01  0.000000e+00 -9.797517e-02  5.316938e-01
 3.50000e+00  2.00000e+00       1.193e+14  2.183548e-01  0.000000e+00 -2.005016e-01  7.816452e-01
 4.20000e+00  2.00000e+00       4.325e+13  3.814053e-02  0.000000e+00  2.135857e-01  9.618595e-01
 4.90000e+00  2.00000e+00       1.449e+13  3.809337e-01  0.000000e+00  5.336843e-01  6.190663e-01
 5.60000e+00  2.00000e+00       3.554e+12  7.412755e-01  0.000000e+00  4.041336e-01  2.587245e-01
 6.30000e+00  2.00000e+00       5.299e+11  9.023738e-01  0.000000e+00  1.293843e-01  9.762620e-02
 7.00000e+00  2.00000e+00       4.636e+10  9.148477e-01  0.000000e+00 -1.286912e-01  8.515228e-02
-7.00000e+00  2.40000e+00       5.290e+09  5.145502e-01  0.000000e+00 -5.403806e-01  4.854498e-01
-6.30000e+00  2.40000e+00       5.550e+10  2.682372e-01  0.000000e+00 -6.709272e-01  7.317628e-01
-5.60000e+00  2.40000e+00       4.010e+11 -1.459051e-01  0.000000e+00 -4.695828e-01  8.540949e-01
-4.90000e+00  2.40000e+00       2.208e+12 -2.100931e-01  0.000000e+00  8.582932e-02  7.899069e-01
-4.20000e+00  2.40000e+00       9.753e+12  2.018700e-01  0.000000e+00  3.505319e-01  7.981300e-01
-3.50000e+00  2.40000e+00       2.960e+13  4.723374e-01  0.000000e+00  1.393750e-01  5.276626e-01
-2.80000e+00  2.40000e+00       5.907e+13  3.597337e-01  0.000000e+00 -1.590800e-02  6.402663e-01
-2.10000e+00  2.40000e+00       8.920e+13  9.668645e-02  0.000000e+00  8.573410e-02  9.033136e-01
-1.40000e+00  2.40000e+00       9.361e+13 -2.321746e-01  0.000000e+00 -4.394066e-03  7.678254e-01
-7.00000e-01  2.40000e+00       5.148e+13 -4.992849e-01  0.000000e+00 -1.952376e-01  5.007151e-01
 0.00000e+00  2.40000e+00       2.259e+13 -5.308092e-01  0.000000e+00  9.801687e-15  4.691908e-01
 7.00000e-01  2.40000e+00       5.148e+13 -4.992849e-01  0.000000e+00  1.952376e-01  5.007151e-01
 1.40000e+00  2.40000e+00       9.361e+13 -2.321746e-01  0.000000e+00  4.394066e-03  7.678254e-01
 2.10000e+00  2.40000e+00       8.920e+13  9.668645e-02  0.000000e+00 -8.573410e-02  9.033136e-01
 2.80000e+00  2.40000e+00       5.907e+13  3.597337e-01  0.000000e+00  1.590800e-02  6.402663e-01
 3.50000e+00  2.40000e+00       2.960e+13  4.723374e-01  0.000000e+00 -1.393750e-01  5.276626e-01
 4.20000e+00  2.40000e+00       9.753e+12  2.018700e-01  0.000000e+00 -3.505319e-01  7.981300e-01
 4.90000e+00  2.40000e+00       2.208e+12 -2.100931e-01  0.000000e+00 -8.582932e-02  7.899069e-01
 5.60000e+00  2.40000e+00       4.010e+11 -1.459051e-01  0.000000e+00  4.695828e-01  8.540949e-01
 6.30000e+00  2.40000e+00       5.550e+10  2.682372e-01  0.000000e+00  6.709272e-01  7.317628e-01
 7.00000e+00  2.40000e+00       5.290e+09  5.145502e-01  0.000000e+00  5.403806e-01  4.854498e-01
-7.00000e+00  2.80000e+00       7.714e+08 -5.911864e-01  0.000000e+00 -2.859439e-01  4.088136e-01
-6.30000e+00  2.80000e+00       5.430e+09 -4.794912e-01  0.000000e+00  1.617503e-01  5.205088e-01
-5.60000e+00  2.80000e+00       4.821e+10 -3.945119e-02  0.000000e+00  4.962582e-01  9.605488e-01
-4.90000e+00  2.80000e+00       3.244e+11  4.112746e-01  0.000000e+00  3.634365e-01  5.887254e-01
-4.20000e+00  2.80000e+00       1.381e+12  4.935646e-01  0.000000e+00  4.233120e-03  5.064354e-01
-3.50000e+00  2.80000e+00       3.904e+12  2.667924e-01  0.000000e+00 -1.175370e-01  7.332076e-01
-2.80000e+00  2.80000e+00       8.905e+12  2.321353e-01  0.000000e+00 -3.401857e-02  7.678647e-01
-2.10000e+00  2.80000e+00       1.729e+13  4.675859e-01  0.000000e+00 -1.653865e-01  5.324141e-01
-1.40000e+00  2.80000e+00       2.469e+13  7.295090e-01  0.000000e+00 -2.050036e-01  2.704910e-01
-7.00000e-01  2.80000e+00       1.808e+13  8.742373e-01  0.000000e+00 -1.315997e-01  1.257627e-01
 0.00000e+00  2.80000e+00       9.415e+12  9.103731e-01  0.000000e+00  1.750892e-15  8.962689e-02
 7.00000e-01  2.80000e+00       1.808e+13  8.742373e-01  0.000000e+00  1.315997e-01  1.257627e-01
 1.40000e+00  2.80000e+00       2.469e+13  7.295090e-01  0.000000e+00  2.050036e-01  2.704910e-01
 2.10000e+00  2.80000e+00       1.729e+13  4.675859e-01  0.000000e+00  1.653865e-01  5.324141e-01
 2.80000e+00  2.80000e+00       8.905e+12  2.321353e-01  0.000000e+00  3.401857e-02  7.678647e-01
 3.50000e+00  2.80000e+00       3.904e+12  2.667924e-01  0.000000e+00  1.175370e-01  7.332076e-01
 4.20000e+00  2.80000e+00       1.381e+12  4.935646e-01  0.000000e+00 -4.233120e-03  5.064354e-01
 4.90000e+00  2.80000e+00       3.244e+11  4.112746e-01  0.000000e+00 -3.634365e-01  5.887254e-01
 5.60000e+00  2.80000e+00       4.821e+10 -3.945119e-02  0.000000e+00 -4.962582e-01  9.605488e-01
 6.30000e+00  2.80000e+00       5.430e+09 -4.794912e-01  0.000000e+00 -1.617503e-01  5.205088e-01
 7.00000e+00  2.80000e+00       7.714e+08 -5.911864e-01  0.000000e+00  2.859439e-01  4.088136e-01
-7.00000e+00  3.20000e+00       3.987e+08 -6.818439e-01  0.000000e+00 -9.181707e-02  3.181561e-01
-6.30000e+00  3.20000e+00       1.156e+09 -3.119863e-01  0.000000e+00  2.585635e-01  6.880137e-01
-5.60000e+00  3.20000e+00       5.241e+09  2.615963e-01  0.000000e+00  1.570295e-01  7.384037e-01
-4.90000e+00  3.20000e+00       2.574e+10  2.803767e-01  0.000000e+00 -1.208338e-01  7.196233e-01
-4.20000e+00  3.20000e+00       1.050e+11  9.469792e-02  0.000000e+00 -2.813134e-02  9.053021e-01
-3.50000e+00  3.20000e+00       3.567e+11  2.077413e-01  0.000000e+00  9.705038e-02  7.922587e-01
-2.80000e+00  3.20000e+00       9.249e+11  3.469967e-01  0.000000e+00  9.148076e-04  6.530033e-01
-2.10000e+00  3.20000e+00       1.943e+12  5.709740e-01  0.000000e+00  7.298130e-02  4.290260e-01
-1.40000e+00  3.20000e+00       3.418e+12  8.200961e-01  0.000000e+00  2.382067e-01  1.799039e-01
-7.00000e-01  3.20000e+00       3.741e+12  8.948778e-01  0.000000e+00  2.655172e-01  1.051222e-01
 0.00000e+00  3.20000e+00       2.921e+12  8.997614e-01  0.000000e+00  9.612462e-16  1.002386e-01
 7.00000e-01  3.20000e+00       3.741e+12  8.948778e-01  0.000000e+00 -2.655172e-01  1.051222e-01
 1.40000e+00  3.20000e+00       3.418e+12  8.200961e-01  0.000000e+00 -2.382067e-01  1.799039e-01
 2.10000e+00  3.20000e+00       1.943e+12  5.709740e-01  0.000000e+00 -7.298130e-02  4.290260e-01
 2.80000e+00  3.20000e+00       9.249e+11  3.469967e-01  0.000000e+00 -9.148076e-04  6.530033e-01
 3.50000e+00  3.20000e+00       3.567e+11  2.077413e-01  0.000000e+00 -9.705038e-02  7.922587e-01
 4.20000e+00  3.20000e+00       1.050e+11  9.469792e-02  0.000000e+00  2.813134e-02  9.053021e-01
 4.90000e+00  3.20000e+00       2.574e+10  2.803767e-01  0.000000e+00  1.208338e-01  7.196233e-01
 5.60000e+00  3.20000e+00       5.241e+09  2.615963e-01  0.000000e+00 -1.570295e-01  7.384037e-01
 6.30000e+00  3.20000e+00       1.156e+09 -3.119863e-01  0.000000e+00 -2.585635e-01  6.880137e-01
 7.00000e+00  3.20000e+00       3.987e+08 -6.818439e-01  0.000000e+00  9.181707e-02  3.181561e-01
-7.00000e+00  3.60000e+00       2.959e+08 -7.425989e-01  0.000000e+00 -3.573053e-02  2.574011e-01
-6.30000e+00  3.60000e+00       6.300e+08 -6.012400e-01  0.000000e+00  2.557795e-01  3.987600e-01
-5.60000e+00  3.60000e+00       1.455e+09 -3.356351e-01  0.000000e+00  4.240033e-01  6.643649e-01
-4.90000e+00  3.60000e+00       3.691e+09 -3.789184e-02  0.000000e+00  4.439221e-01  9.621082e-01
-4.20000e+00  3.60000e+00       1.026e+10  2.103980e-01  0.000000e+00  2.924746e-01  7.896020e-01
-3.50000e+00  3.60000e+00       2.748e+10  2.437083e-01  0.000000e+00  9.392987e-02  7.562917e-01
-2.80000e+00  3.60000e+00       6.654e+10  3.076813e-01  0.000000e+00  3.520728e-02  6.923187e-01
-2.10000e+00  3.60000e+00       1.381e+11  5.600881e-01  0.000000e+00  1.260127e-01  4.399119e-01
-1.40000e+00  3.60000e+00       2.062e+11  7.908833e-01  0.000000e+00  3.506974e-01  2.091167e-01
-7.00000e-01  3.60000e+00       2.312e+11  9.228331e-01  0.000000e+00  3.519885e-01  7.716692e-02
 0.00000e+00  3.60000e+00       2.533e+11  7.482515e-01  0.000000e+00 -3.234400e-16  2.517485e-01
 7.00000e-01  3.60000e+00       2.312e+11  9.228331e-01  0.000000e+00 -3.519885e-01  7.716692e-02
 1.40000e+00  3.60000e+00       2.062e+11  7.908833e-01  0.000000e+00 -3.506974e-01  2.091167e-01
 2.10000e+00  3.60000e+00       1.381e+11  5.600881e-01  0.000000e+00 -1.260127e-01  4.399119e-01
 2.80000e+00  3.60000e+00       6.654e+10  3.076813e-01  0.000000e+00 -3.520728e-02  6.923187e-01
 3.50000e+00  3.60000e+00       2.748e+10  2.437083e-01  0.000000e+00 -9.392987e-02  7.562917e-01
 4.20000e+00  3.60000e+00       1.026e+10  2.103980e-01  0.000000e+00 -2.924746e-01  7.896020e-01
 4.90000e+00  3.60000e+00       3.691e+09 -3.789184e-02  0.000000e+00 -4.439221e-01  9.621082e-01
 5.60000e+00  3.60000e+00       1.455e+09 -3.356351e-01  0.000000e+00 -4.240033e-01  6.643649e-01
 6.30000e+00  3.60000e+00       6.300e+08 -6.012400e-01  0.000000e+00 -2.557795e-01  3.987600e-01
 7.00000e+00  3.60000e+00       2.959e+08 -7.425989e-01  0.000000e+00  3.573053e-02  2.574011e-01
-7.00000e+00  4.00000e+00       2.275e+08 -7.592543e-01  0.000000e+00  8.303196e-02  2.407457e-01
-6.30000e+00  4.00000e+00       4.712e+08 -6.233751e-01  0.000000e+00  3.166025e-01  3.766249e-01
-5.60000e+00  4.00000e+00       9.297e+08 -3.694034e-01  0.000000e+00  4.925314e-01  6.305966e-01
-4.90000e+00  4.00000e+00       1.816e+09 -7.973557e-02  0.000000e+00  5.379762e-01  9.202644e-01
-4.20000e+00  4.00000e+00       3.372e+09  1.403027e-01  0.000000e+00  4.787826e-01  8.596973e-01
-3.50000e+00  4.00000e+00       5.735e+09  2.830113e-01  0.000000e+00  3.822168e-01  7.169887e-01
-2.80000e+00  4.00000e+00       9.854e+09  4.223719e-01  0.000000e+00  2.918334e-01  5.776281e-01
-2.10000e+00  4.00000e+00       2.085e+10  6.091141e-01  0.000000e+00  4.401610e-01  3.908859e-01
-1.40000e+00  4.00000e+00       5.357e+10  8.564279e-01  0.000000e+00  5.108294e-01  1.435721e-01
-7.00000e-01  4.00000e+00       1.277e+11  7.629090e-01  0.000000e+00  2.685073e-01  2.370910e-01
 0.00000e+00  4.00000e+00       1.710e+11  5.906953e-01  0.000000e+00 -9.121126e-16  4.093047e-01
 7.00000e-01  4.00000e+00       1.277e+11  7.629090e-01  0.000000e+00 -2.685073e-01  2.370910e-01
 1.40000e+00  4.00000e+00       5.357e+10  8.564279e-01  0.000000e+00 -5.108294e-01  1.435721e-01
 2.10000e+00  4.00000e+00       2.085e+10  6.091141e-01  0.000000e+00 -4.401610e-01  3.908859e-01
 2.80000e+00  4.00000e+00       9.854e+09  4.223719e-01  0.000000e+00 -2.918334e-01  5.776281e-01
 3.50000e+00  4.00000e+00       5.735e+09  2.830113e-01  0.000000e+00 -3.822168e-01  7.169887e-01
 4.20000e+00  4.00000e+00       3.372e+09  1.403027e-01  0.000000e+00 -4.787826e-01  8.596973e-01
 4.90000e+00  4.00000e+00       1.816e+09 -7.973557e-02  0.000000e+00 -5.379762e-01  9.202644e-01
 5.60000e+00  4.00000e+00       9.297e+08 -3.694034e-01  0.000000e+00 -4.925314e-01  6.305966e-01
 6.30000e+00  4.00000e+00       4.712e+08 -6.233751e-01  0.000000e+00 -3.166025e-01  3.766249e-01
 7.00000e+00  4.00000e+00       2.275e+08 -7.592543e-01  0.000000e+00 -8.303196e-02  2.407457e-01
