 EB(GeV)    EMITTANCEx EMITTANCEy SIZEx(m)   SIZEy(m)   DIVx(rad)  DIVy(rad)
 2.411e+00  5.499e-09  1.017e-12  8.711e-05  1.009e-06  6.313e-05  1.009e-06
 betax      alphax     betay      alphay     eta        deta       E_spread  
 1.380e+00  0.000e+00  1.000e+00  0.000e+00  0.000e+00  0.000e+00  8.600e-04
 Ibeam(A)   period(cm) #periods   Kx         Ky         Energy(eV)
 4.005e-01  1.900e+00         96  0.000e+00  1.780e+00  1.845e+03


           x            y       F.Density            PL            PC          PL45        1-|PL|
          mm           mm  ph/s/mr^2/0.1%             -             -             -             -
-7.00000e+00 -4.00000e+00       2.071e+12  6.254247e-01  0.000000e+00 -7.238931e-01  3.745753e-01
-6.30000e+00 -4.00000e+00       7.249e+12  8.035534e-01  0.000000e+00 -5.003502e-01  1.964466e-01
-5.60000e+00 -4.00000e+00       2.044e+13  9.072670e-01  0.000000e+00 -2.011877e-01  9.273302e-02
-4.90000e+00 -4.00000e+00       4.542e+13  8.808184e-01  0.000000e+00  1.658228e-01  1.191816e-01
-4.20000e+00 -4.00000e+00       7.995e+13  6.387423e-01  0.000000e+00  5.103960e-01  3.612577e-01
-3.50000e+00 -4.00000e+00       1.175e+14  4.103457e-02  0.000000e+00  7.086112e-01  9.589654e-01
-2.80000e+00 -4.00000e+00       1.421e+14 -3.492309e-01  0.000000e+00  7.347776e-01  6.507691e-01
-2.10000e+00 -4.00000e+00       2.118e+14  4.730397e-01  0.000000e+00  3.623968e-01  5.269603e-01
-1.40000e+00 -4.00000e+00       7.096e+14  9.403735e-01  0.000000e+00  1.937596e-01  5.962647e-02
-7.00000e-01 -4.00000e+00       1.081e+15  9.591748e-01  0.000000e+00  1.769558e-01  4.082522e-02
 0.00000e+00 -4.00000e+00       9.062e+14  9.505823e-01  0.000000e+00 -2.730533e-15  4.941766e-02
 7.00000e-01 -4.00000e+00       1.081e+15  9.591748e-01  0.000000e+00 -1.769558e-01  4.082522e-02
 1.40000e+00 -4.00000e+00       7.096e+14  9.403735e-01  0.000000e+00 -1.937596e-01  5.962647e-02
 2.10000e+00 -4.00000e+00       2.118e+14  4.730397e-01  0.000000e+00 -3.623968e-01  5.269603e-01
 2.80000e+00 -4.00000e+00       1.421e+14 -3.492309e-01  0.000000e+00 -7.347776e-01  6.507691e-01
 3.50000e+00 -4.00000e+00       1.175e+14  4.103457e-02  0.000000e+00 -7.086112e-01  9.589654e-01
 4.20000e+00 -4.00000e+00       7.995e+13  6.387423e-01  0.000000e+00 -5.103960e-01  3.612577e-01
 4.90000e+00 -4.00000e+00       4.542e+13  8.808184e-01  0.000000e+00 -1.658228e-01  1.191816e-01
 5.60000e+00 -4.00000e+00       2.044e+13  9.072670e-01  0.000000e+00  2.011877e-01  9.273302e-02
 6.30000e+00 -4.00000e+00       7.249e+12  8.035534e-01  0.000000e+00  5.003502e-01  1.964466e-01
 7.00000e+00 -4.00000e+00       2.071e+12  6.254247e-01  0.000000e+00  7.238931e-01  3.745753e-01
-7.00000e+00 -3.60000e+00       5.831e+12  2.188210e-01  0.000000e+00 -9.409387e-01  7.811790e-01
-6.30000e+00 -3.60000e+00       1.998e+13  4.578493e-01  0.000000e+00 -8.411000e-01  5.421507e-01
-5.60000e+00 -3.60000e+00       5.534e+13  6.825505e-01  0.000000e+00 -6.535732e-01  3.174495e-01
-4.90000e+00 -3.60000e+00       1.244e+14  8.485694e-01  0.000000e+00 -3.674386e-01  1.514306e-01
-4.20000e+00 -3.60000e+00       2.284e+14  8.924444e-01  0.000000e+00  2.541424e-02  1.075556e-01
-3.50000e+00 -3.60000e+00       3.351e+14  7.454185e-01  0.000000e+00  3.573890e-01  2.545815e-01
-2.80000e+00 -3.60000e+00       4.065e+14 -1.255406e-02  0.000000e+00  4.270896e-01  9.874459e-01
-2.10000e+00 -3.60000e+00       5.362e+14 -7.585172e-01  0.000000e+00  3.786443e-01  2.414828e-01
-1.40000e+00 -3.60000e+00       3.643e+14 -8.931610e-01  0.000000e+00  3.526772e-01  1.068390e-01
-7.00000e-01 -3.60000e+00       8.353e+13 -8.544382e-01  0.000000e+00  3.049475e-01  1.455618e-01
 0.00000e+00 -3.60000e+00       1.478e+13 -5.193106e-01  0.000000e+00  5.769917e-15  4.806894e-01
 7.00000e-01 -3.60000e+00       8.353e+13 -8.544382e-01  0.000000e+00 -3.049475e-01  1.455618e-01
 1.40000e+00 -3.60000e+00       3.643e+14 -8.931610e-01  0.000000e+00 -3.526772e-01  1.068390e-01
 2.10000e+00 -3.60000e+00       5.362e+14 -7.585172e-01  0.000000e+00 -3.786443e-01  2.414828e-01
 2.80000e+00 -3.60000e+00       4.065e+14 -1.255406e-02  0.000000e+00 -4.270896e-01  9.874459e-01
 3.50000e+00 -3.60000e+00       3.351e+14  7.454185e-01  0.000000e+00 -3.573890e-01  2.545815e-01
 4.20000e+00 -3.60000e+00       2.284e+14  8.924444e-01  0.000000e+00 -2.541424e-02  1.075556e-01
 4.90000e+00 -3.60000e+00       1.244e+14  8.485694e-01  0.000000e+00  3.674386e-01  1.514306e-01
 5.60000e+00 -3.60000e+00       5.534e+13  6.825505e-01  0.000000e+00  6.535732e-01  3.174495e-01
 6.30000e+00 -3.60000e+00       1.998e+13  4.578493e-01  0.000000e+00  8.411000e-01  5.421507e-01
 7.00000e+00 -3.60000e+00       5.831e+12  2.188210e-01  0.000000e+00  9.409387e-01  7.811790e-01
-7.00000e+00 -3.20000e+00       1.311e+13 -2.042339e-01  0.000000e+00 -9.469827e-01  7.957661e-01
-6.30000e+00 -3.20000e+00       4.399e+13  4.853933e-02  0.000000e+00 -9.598851e-01  9.514607e-01
-5.60000e+00 -3.20000e+00       1.210e+14  3.243429e-01  0.000000e+00 -8.941993e-01  6.756571e-01
-4.90000e+00 -3.20000e+00       2.755e+14  5.940211e-01  0.000000e+00 -7.251472e-01  4.059789e-01
-4.20000e+00 -3.20000e+00       5.191e+14  8.004516e-01  0.000000e+00 -4.516386e-01  1.995484e-01
-3.50000e+00 -3.20000e+00       8.021e+14  8.539592e-01  0.000000e+00 -5.837934e-03  1.460408e-01
-2.80000e+00 -3.20000e+00       1.101e+15  8.134733e-01  0.000000e+00  4.439336e-01  1.865267e-01
-2.10000e+00 -3.20000e+00       8.160e+14  7.898790e-01  0.000000e+00  5.761334e-01  2.101210e-01
-1.40000e+00 -3.20000e+00       2.263e+14  7.193017e-01  0.000000e+00  4.962151e-01  2.806983e-01
-7.00000e-01 -3.20000e+00       7.387e+13  4.793874e-01  0.000000e+00 -1.564391e-01  5.206126e-01
 0.00000e+00 -3.20000e+00       8.092e+13  5.721297e-01  0.000000e+00  8.110952e-17  4.278703e-01
 7.00000e-01 -3.20000e+00       7.387e+13  4.793874e-01  0.000000e+00  1.564391e-01  5.206126e-01
 1.40000e+00 -3.20000e+00       2.263e+14  7.193017e-01  0.000000e+00 -4.962151e-01  2.806983e-01
 2.10000e+00 -3.20000e+00       8.160e+14  7.898790e-01  0.000000e+00 -5.761334e-01  2.101210e-01
 2.80000e+00 -3.20000e+00       1.101e+15  8.134733e-01  0.000000e+00 -4.439336e-01  1.865267e-01
 3.50000e+00 -3.20000e+00       8.021e+14  8.539592e-01  0.000000e+00  5.837934e-03  1.460408e-01
 4.20000e+00 -3.20000e+00       5.191e+14  8.004516e-01  0.000000e+00  4.516386e-01  1.995484e-01
 4.90000e+00 -3.20000e+00       2.755e+14  5.940211e-01  0.000000e+00  7.251472e-01  4.059789e-01
 5.60000e+00 -3.20000e+00       1.210e+14  3.243429e-01  0.000000e+00  8.941993e-01  6.756571e-01
 6.30000e+00 -3.20000e+00       4.399e+13  4.853933e-02  0.000000e+00  9.598851e-01  9.514607e-01
 7.00000e+00 -3.20000e+00       1.311e+13 -2.042339e-01  0.000000e+00  9.469827e-01  7.957661e-01
-7.00000e+00 -2.80000e+00       2.415e+13 -5.725004e-01  0.000000e+00 -7.813071e-01  4.274996e-01
-6.30000e+00 -2.80000e+00       7.850e+13 -3.431190e-01  0.000000e+00 -8.970705e-01  6.568810e-01
-5.60000e+00 -2.80000e+00       2.118e+14 -5.922014e-02  0.000000e+00 -9.489060e-01  9.407799e-01
-4.90000e+00 -2.80000e+00       4.825e+14  2.571280e-01  0.000000e+00 -9.046937e-01  7.428720e-01
-4.20000e+00 -2.80000e+00       9.335e+14  5.647459e-01  0.000000e+00 -7.278525e-01  4.352541e-01
-3.50000e+00 -2.80000e+00       1.568e+15  8.149670e-01  0.000000e+00 -4.540101e-01  1.850330e-01
-2.80000e+00 -2.80000e+00       1.809e+15  7.937538e-01  0.000000e+00 -1.818686e-01  2.062462e-01
-2.10000e+00 -2.80000e+00       2.050e+15  1.335754e-01  0.000000e+00  5.822696e-01  8.664246e-01
-1.40000e+00 -2.80000e+00       3.013e+15 -1.971188e-01  0.000000e+00  9.253696e-01  8.028812e-01
-7.00000e-01 -2.80000e+00       1.848e+15 -2.292651e-01  0.000000e+00  9.178086e-01  7.707349e-01
 0.00000e+00 -2.80000e+00       6.988e+14 -2.210580e-01  0.000000e+00 -5.281138e-16  7.789420e-01
 7.00000e-01 -2.80000e+00       1.848e+15 -2.292651e-01  0.000000e+00 -9.178086e-01  7.707349e-01
 1.40000e+00 -2.80000e+00       3.013e+15 -1.971188e-01  0.000000e+00 -9.253696e-01  8.028812e-01
 2.10000e+00 -2.80000e+00       2.050e+15  1.335754e-01  0.000000e+00 -5.822696e-01  8.664246e-01
 2.80000e+00 -2.80000e+00       1.809e+15  7.937538e-01  0.000000e+00  1.818686e-01  2.062462e-01
 3.50000e+00 -2.80000e+00       1.568e+15  8.149670e-01  0.000000e+00  4.540101e-01  1.850330e-01
 4.20000e+00 -2.80000e+00       9.335e+14  5.647459e-01  0.000000e+00  7.278525e-01  4.352541e-01
 4.90000e+00 -2.80000e+00       4.825e+14  2.571280e-01  0.000000e+00  9.046937e-01  7.428720e-01
 5.60000e+00 -2.80000e+00       2.118e+14 -5.922014e-02  0.000000e+00  9.489060e-01  9.407799e-01
 6.30000e+00 -2.80000e+00       7.850e+13 -3.431190e-01  0.000000e+00  8.970705e-01  6.568810e-01
 7.00000e+00 -2.80000e+00       2.415e+13 -5.725004e-01  0.000000e+00  7.813071e-01  4.274996e-01
-7.00000e+00 -2.40000e+00       3.719e+13 -8.385862e-01  0.000000e+00 -4.806961e-01  1.614138e-01
-6.30000e+00 -2.40000e+00       1.157e+14 -6.663331e-01  0.000000e+00 -6.861998e-01  3.336669e-01
-5.60000e+00 -2.40000e+00       3.025e+14 -4.093257e-01  0.000000e+00 -8.518192e-01  5.906743e-01
-4.90000e+00 -2.40000e+00       6.808e+14 -7.906257e-02  0.000000e+00 -9.301362e-01  9.209374e-01
-4.20000e+00 -2.40000e+00       1.349e+15  2.894721e-01  0.000000e+00 -8.808072e-01  7.105279e-01
-3.50000e+00 -2.40000e+00       2.233e+15  5.810486e-01  0.000000e+00 -6.978746e-01  4.189514e-01
-2.80000e+00 -2.40000e+00       3.447e+15  8.401999e-01  0.000000e+00 -2.043896e-01  1.598001e-01
-2.10000e+00 -2.40000e+00       5.245e+15  9.655129e-01  0.000000e+00  1.031046e-01  3.448713e-02
-1.40000e+00 -2.40000e+00       3.463e+15  9.818748e-01  0.000000e+00  1.529075e-01  1.812524e-02
-7.00000e-01 -2.40000e+00       7.306e+14  9.749404e-01  0.000000e+00  1.600458e-01  2.505963e-02
 0.00000e+00 -2.40000e+00       1.029e+14  9.425484e-01  0.000000e+00  6.938759e-16  5.745164e-02
 7.00000e-01 -2.40000e+00       7.306e+14  9.749404e-01  0.000000e+00 -1.600458e-01  2.505963e-02
 1.40000e+00 -2.40000e+00       3.463e+15  9.818748e-01  0.000000e+00 -1.529075e-01  1.812524e-02
 2.10000e+00 -2.40000e+00       5.245e+15  9.655129e-01  0.000000e+00 -1.031046e-01  3.448713e-02
 2.80000e+00 -2.40000e+00       3.447e+15  8.401999e-01  0.000000e+00  2.043896e-01  1.598001e-01
 3.50000e+00 -2.40000e+00       2.233e+15  5.810486e-01  0.000000e+00  6.978746e-01  4.189514e-01
 4.20000e+00 -2.40000e+00       1.349e+15  2.894721e-01  0.000000e+00  8.808072e-01  7.105279e-01
 4.90000e+00 -2.40000e+00       6.808e+14 -7.906257e-02  0.000000e+00  9.301362e-01  9.209374e-01
 5.60000e+00 -2.40000e+00       3.025e+14 -4.093257e-01  0.000000e+00  8.518192e-01  5.906743e-01
 6.30000e+00 -2.40000e+00       1.157e+14 -6.663331e-01  0.000000e+00  6.861998e-01  3.336669e-01
 7.00000e+00 -2.40000e+00       3.719e+13 -8.385862e-01  0.000000e+00  4.806961e-01  1.614138e-01
-7.00000e+00 -2.00000e+00       4.866e+13 -9.598197e-01  0.000000e+00 -8.220959e-02  4.018031e-02
-6.30000e+00 -2.00000e+00       1.432e+14 -8.800398e-01  0.000000e+00 -3.556304e-01  1.199602e-01
-5.60000e+00 -2.00000e+00       3.578e+14 -6.886039e-01  0.000000e+00 -6.294575e-01  3.113961e-01
-4.90000e+00 -2.00000e+00       7.872e+14 -3.724317e-01  0.000000e+00 -8.387680e-01  6.275683e-01
-4.20000e+00 -2.00000e+00       1.561e+15  1.899772e-02  0.000000e+00 -9.147358e-01  9.810023e-01
-3.50000e+00 -2.00000e+00       2.815e+15  4.384931e-01  0.000000e+00 -7.731008e-01  5.615069e-01
-2.80000e+00 -2.00000e+00       5.054e+15  7.763811e-01  0.000000e+00 -5.505565e-01  2.236189e-01
-2.10000e+00 -2.00000e+00       5.052e+15  8.651384e-01  0.000000e+00 -4.831491e-01  1.348616e-01
-1.40000e+00 -2.00000e+00       1.734e+15  8.773404e-01  0.000000e+00 -4.608506e-01  1.226596e-01
-7.00000e-01 -2.00000e+00       2.089e+14  8.730913e-01  0.000000e+00 -3.379439e-01  1.269087e-01
 0.00000e+00 -2.00000e+00       3.820e+13  9.401687e-01  0.000000e+00 -2.391311e-15  5.983125e-02
 7.00000e-01 -2.00000e+00       2.089e+14  8.730913e-01  0.000000e+00  3.379439e-01  1.269087e-01
 1.40000e+00 -2.00000e+00       1.734e+15  8.773404e-01  0.000000e+00  4.608506e-01  1.226596e-01
 2.10000e+00 -2.00000e+00       5.052e+15  8.651384e-01  0.000000e+00  4.831491e-01  1.348616e-01
 2.80000e+00 -2.00000e+00       5.054e+15  7.763811e-01  0.000000e+00  5.505565e-01  2.236189e-01
 3.50000e+00 -2.00000e+00       2.815e+15  4.384931e-01  0.000000e+00  7.731008e-01  5.615069e-01
 4.20000e+00 -2.00000e+00       1.561e+15  1.899772e-02  0.000000e+00  9.147358e-01  9.810023e-01
 4.90000e+00 -2.00000e+00       7.872e+14 -3.724317e-01  0.000000e+00  8.387680e-01  6.275683e-01
 5.60000e+00 -2.00000e+00       3.578e+14 -6.886039e-01  0.000000e+00  6.294575e-01  3.113961e-01
 6.30000e+00 -2.00000e+00       1.432e+14 -8.800398e-01  0.000000e+00  3.556304e-01  1.199602e-01
 7.00000e+00 -2.00000e+00       4.866e+13 -9.598197e-01  0.000000e+00  8.220959e-02  4.018031e-02
-7.00000e+00 -1.60000e+00       8.434e+13 -8.890297e-01  0.000000e+00  4.007633e-01  1.109703e-01
-6.30000e+00 -1.60000e+00       1.761e+14 -9.300020e-01  0.000000e+00  2.203415e-01  6.999802e-02
-5.60000e+00 -1.60000e+00       2.776e+14 -7.912592e-01  0.000000e+00 -2.539489e-01  2.087408e-01
-4.90000e+00 -1.60000e+00       7.988e+14 -4.210534e-01  0.000000e+00 -7.958745e-01  5.789466e-01
-4.20000e+00 -1.60000e+00       2.176e+15 -1.725321e-01  0.000000e+00 -9.278124e-01  8.274679e-01
-3.50000e+00 -1.60000e+00       3.348e+15  1.284436e-01  0.000000e+00 -8.982707e-01  8.715564e-01
-2.80000e+00 -1.60000e+00       3.606e+15  4.817369e-01  0.000000e+00 -8.078285e-01  5.182631e-01
-2.10000e+00 -1.60000e+00       2.286e+15  5.270256e-01  0.000000e+00 -6.681545e-01  4.729744e-01
-1.40000e+00 -1.60000e+00       3.535e+15 -4.745655e-01  0.000000e+00  1.478463e-01  5.254345e-01
-7.00000e-01 -1.60000e+00       1.679e+16 -7.221520e-01  0.000000e+00  1.361562e-01  2.778480e-01
 0.00000e+00 -1.60000e+00       2.956e+16 -7.488272e-01  0.000000e+00  2.062709e-15  2.511728e-01
 7.00000e-01 -1.60000e+00       1.679e+16 -7.221520e-01  0.000000e+00 -1.361562e-01  2.778480e-01
 1.40000e+00 -1.60000e+00       3.535e+15 -4.745655e-01  0.000000e+00 -1.478463e-01  5.254345e-01
 2.10000e+00 -1.60000e+00       2.286e+15  5.270256e-01  0.000000e+00  6.681545e-01  4.729744e-01
 2.80000e+00 -1.60000e+00       3.606e+15  4.817369e-01  0.000000e+00  8.078285e-01  5.182631e-01
 3.50000e+00 -1.60000e+00       3.348e+15  1.284436e-01  0.000000e+00  8.982707e-01  8.715564e-01
 4.20000e+00 -1.60000e+00       2.176e+15 -1.725321e-01  0.000000e+00  9.278124e-01  8.274679e-01
 4.90000e+00 -1.60000e+00       7.988e+14 -4.210534e-01  0.000000e+00  7.958745e-01  5.789466e-01
 5.60000e+00 -1.60000e+00       2.776e+14 -7.912592e-01  0.000000e+00  2.539489e-01  2.087408e-01
 6.30000e+00 -1.60000e+00       1.761e+14 -9.300020e-01  0.000000e+00 -2.203415e-01  6.999802e-02
 7.00000e+00 -1.60000e+00       8.434e+13 -8.890297e-01  0.000000e+00 -4.007633e-01  1.109703e-01
-7.00000e+00 -1.20000e+00       5.749e+13 -5.852803e-01  0.000000e+00  7.583187e-01  4.147197e-01
-6.30000e+00 -1.20000e+00       1.523e+14 -7.734717e-01  0.000000e+00  5.141007e-01  2.265283e-01
-5.60000e+00 -1.20000e+00       3.299e+14 -8.783237e-01  0.000000e+00  1.362320e-01  1.216763e-01
-4.90000e+00 -1.20000e+00       5.957e+14 -7.761796e-01  0.000000e+00 -3.139334e-01  2.238204e-01
-4.20000e+00 -1.20000e+00       1.046e+15 -2.928560e-01  0.000000e+00 -7.185701e-01  7.071440e-01
-3.50000e+00 -1.20000e+00       2.222e+15  2.704800e-01  0.000000e+00 -8.561269e-01  7.295200e-01
-2.80000e+00 -1.20000e+00       3.520e+15  5.354707e-01  0.000000e+00 -7.178723e-01  4.645293e-01
-2.10000e+00 -1.20000e+00       7.691e+15  9.006255e-01  0.000000e+00 -8.571099e-02  9.937447e-02
-1.40000e+00 -1.20000e+00       2.115e+16  9.893472e-01  0.000000e+00  8.500015e-02  1.065277e-02
-7.00000e-01 -1.20000e+00       2.162e+16  9.932778e-01  0.000000e+00  9.259470e-02  6.722177e-03
 0.00000e+00 -1.20000e+00       1.275e+16  9.921659e-01  0.000000e+00  5.322004e-16  7.834078e-03
 7.00000e-01 -1.20000e+00       2.162e+16  9.932778e-01  0.000000e+00 -9.259470e-02  6.722177e-03
 1.40000e+00 -1.20000e+00       2.115e+16  9.893472e-01  0.000000e+00 -8.500015e-02  1.065277e-02
 2.10000e+00 -1.20000e+00       7.691e+15  9.006255e-01  0.000000e+00  8.571099e-02  9.937447e-02
 2.80000e+00 -1.20000e+00       3.520e+15  5.354707e-01  0.000000e+00  7.178723e-01  4.645293e-01
 3.50000e+00 -1.20000e+00       2.222e+15  2.704800e-01  0.000000e+00  8.561269e-01  7.295200e-01
 4.20000e+00 -1.20000e+00       1.046e+15 -2.928560e-01  0.000000e+00  7.185701e-01  7.071440e-01
 4.90000e+00 -1.20000e+00       5.957e+14 -7.761796e-01  0.000000e+00  3.139334e-01  2.238204e-01
 5.60000e+00 -1.20000e+00       3.299e+14 -8.783237e-01  0.000000e+00 -1.362320e-01  1.216763e-01
 6.30000e+00 -1.20000e+00       1.523e+14 -7.734717e-01  0.000000e+00 -5.141007e-01  2.265283e-01
 7.00000e+00 -1.20000e+00       5.749e+13 -5.852803e-01  0.000000e+00 -7.583187e-01  4.147197e-01
-7.00000e+00 -8.00000e-01       4.252e+13  1.327344e-01  0.000000e+00  9.639047e-01  8.672656e-01
-6.30000e+00 -8.00000e-01       5.932e+13 -3.023539e-01  0.000000e+00  7.694808e-01  6.976461e-01
-5.60000e+00 -8.00000e-01       1.614e+14 -8.178064e-01  0.000000e+00  4.240134e-01  1.821936e-01
-4.90000e+00 -8.00000e-01       3.154e+14 -8.809755e-01  0.000000e+00  2.700932e-01  1.190245e-01
-4.20000e+00 -8.00000e-01       2.958e+14 -5.777646e-01  0.000000e+00 -1.124715e-01  4.222354e-01
-3.50000e+00 -8.00000e-01       4.004e+14  3.225029e-01  0.000000e+00 -6.584230e-01  6.774971e-01
-2.80000e+00 -8.00000e-01       1.469e+15  8.546199e-01  0.000000e+00 -3.337212e-01  1.453801e-01
-2.10000e+00 -8.00000e-01       7.033e+15  9.773793e-01  0.000000e+00 -1.690656e-01  2.262075e-02
-1.40000e+00 -8.00000e-01       1.310e+16  9.871619e-01  0.000000e+00 -1.524590e-01  1.283811e-02
-7.00000e-01 -8.00000e-01       7.585e+15  9.880199e-01  0.000000e+00 -1.446686e-01  1.198006e-02
 0.00000e+00 -8.00000e-01       2.635e+15  9.886334e-01  0.000000e+00  1.621270e-14  1.136660e-02
 7.00000e-01 -8.00000e-01       7.585e+15  9.880199e-01  0.000000e+00  1.446686e-01  1.198006e-02
 1.40000e+00 -8.00000e-01       1.310e+16  9.871619e-01  0.000000e+00  1.524590e-01  1.283811e-02
 2.10000e+00 -8.00000e-01       7.033e+15  9.773793e-01  0.000000e+00  1.690656e-01  2.262075e-02
 2.80000e+00 -8.00000e-01       1.469e+15  8.546199e-01  0.000000e+00  3.337212e-01  1.453801e-01
 3.50000e+00 -8.00000e-01       4.004e+14  3.225029e-01  0.000000e+00  6.584230e-01  6.774971e-01
 4.20000e+00 -8.00000e-01       2.958e+14 -5.777646e-01  0.000000e+00  1.124715e-01  4.222354e-01
 4.90000e+00 -8.00000e-01       3.154e+14 -8.809755e-01  0.000000e+00 -2.700932e-01  1.190245e-01
 5.60000e+00 -8.00000e-01       1.614e+14 -8.178064e-01  0.000000e+00 -4.240134e-01  1.821936e-01
 6.30000e+00 -8.00000e-01       5.932e+13 -3.023539e-01  0.000000e+00 -7.694808e-01  6.976461e-01
 7.00000e+00 -8.00000e-01       4.252e+13  1.327344e-01  0.000000e+00 -9.639047e-01  8.672656e-01
-7.00000e+00 -4.00000e-01       4.997e+13  6.712697e-01  0.000000e+00  7.243308e-01  3.287303e-01
-6.30000e+00 -4.00000e-01       9.507e+13  5.219433e-01  0.000000e+00  8.065545e-01  4.780567e-01
-5.60000e+00 -4.00000e-01       1.332e+14  2.241848e-01  0.000000e+00  8.181305e-01  7.758152e-01
-4.90000e+00 -4.00000e-01       1.685e+14 -1.369126e-01  0.000000e+00  3.811587e-01  8.630874e-01
-4.20000e+00 -4.00000e-01       3.242e+14  1.618161e-01  0.000000e+00 -4.386459e-01  8.381839e-01
-3.50000e+00 -4.00000e-01       8.877e+14  6.635770e-01  0.000000e+00 -5.695755e-01  3.364230e-01
-2.80000e+00 -4.00000e-01       3.142e+15  9.227050e-01  0.000000e+00 -2.697687e-01  7.729499e-02
-2.10000e+00 -4.00000e-01       1.157e+16  9.844659e-01  0.000000e+00 -1.514109e-01  1.553412e-02
-1.40000e+00 -4.00000e-01       1.624e+16  9.898217e-01  0.000000e+00 -1.394268e-01  1.017827e-02
-7.00000e-01 -4.00000e-01       7.055e+15  9.905205e-01  0.000000e+00 -1.352329e-01  9.479490e-03
 0.00000e+00 -4.00000e-01       1.857e+15  9.922594e-01  0.000000e+00  4.939839e-15  7.740630e-03
 7.00000e-01 -4.00000e-01       7.055e+15  9.905205e-01  0.000000e+00  1.352329e-01  9.479490e-03
 1.40000e+00 -4.00000e-01       1.624e+16  9.898217e-01  0.000000e+00  1.394268e-01  1.017827e-02
 2.10000e+00 -4.00000e-01       1.157e+16  9.844659e-01  0.000000e+00  1.514109e-01  1.553412e-02
 2.80000e+00 -4.00000e-01       3.142e+15  9.227050e-01  0.000000e+00  2.697687e-01  7.729499e-02
 3.50000e+00 -4.00000e-01       8.877e+14  6.635770e-01  0.000000e+00  5.695755e-01  3.364230e-01
 4.20000e+00 -4.00000e-01       3.242e+14  1.618161e-01  0.000000e+00  4.386459e-01  8.381839e-01
 4.90000e+00 -4.00000e-01       1.685e+14 -1.369126e-01  0.000000e+00 -3.811587e-01  8.630874e-01
 5.60000e+00 -4.00000e-01       1.332e+14  2.241848e-01  0.000000e+00 -8.181305e-01  7.758152e-01
 6.30000e+00 -4.00000e-01       9.507e+13  5.219433e-01  0.000000e+00 -8.065545e-01  4.780567e-01
 7.00000e+00 -4.00000e-01       4.997e+13  6.712697e-01  0.000000e+00 -7.243308e-01  3.287303e-01
-7.00000e+00  0.00000e+00       4.292e+13  9.998344e-01  0.000000e+00  6.051358e-09  1.656052e-04
-6.30000e+00  0.00000e+00       7.482e+13  9.995719e-01  0.000000e+00 -8.058670e-09  4.280833e-04
-5.60000e+00  0.00000e+00       8.698e+13  9.994946e-01  0.000000e+00 -7.180522e-08  5.054342e-04
-4.90000e+00  0.00000e+00       7.659e+13  9.993816e-01  0.000000e+00 -2.877263e-07  6.183779e-04
-4.20000e+00  0.00000e+00       2.028e+14  9.990458e-01  0.000000e+00 -1.742198e-07  9.542450e-04
-3.50000e+00  0.00000e+00       8.108e+14  9.994152e-01  0.000000e+00 -4.793215e-08  5.847634e-04
-2.80000e+00  0.00000e+00       3.234e+15  9.998304e-01  0.000000e+00 -2.628893e-08  1.695606e-04
-2.10000e+00  0.00000e+00       1.135e+16  9.999735e-01  0.000000e+00 -1.073269e-08  2.653180e-05
-1.40000e+00  0.00000e+00       1.464e+16  9.999956e-01  0.000000e+00 -5.668390e-09  4.444755e-06
-7.00000e-01  0.00000e+00       5.833e+15  9.996683e-01  0.000000e+00 -6.500259e-10  3.316597e-04
 0.00000e+00  0.00000e+00       1.421e+15  9.972677e-01  0.000000e+00  3.434992e-17  2.732275e-03
 7.00000e-01  0.00000e+00       5.833e+15  9.996683e-01  0.000000e+00  6.500259e-10  3.316597e-04
 1.40000e+00  0.00000e+00       1.464e+16  9.999956e-01  0.000000e+00  5.668390e-09  4.444755e-06
 2.10000e+00  0.00000e+00       1.135e+16  9.999735e-01  0.000000e+00  1.073269e-08  2.653180e-05
 2.80000e+00  0.00000e+00       3.234e+15  9.998304e-01  0.000000e+00  2.628893e-08  1.695606e-04
 3.50000e+00  0.00000e+00       8.108e+14  9.994152e-01  0.000000e+00  4.793215e-08  5.847634e-04
 4.20000e+00  0.00000e+00       2.028e+14  9.990458e-01  0.000000e+00  1.742198e-07  9.542450e-04
 4.90000e+00  0.00000e+00       7.659e+13  9.993816e-01  0.000000e+00  2.877263e-07  6.183779e-04
 5.60000e+00  0.00000e+00       8.698e+13  9.994946e-01  0.000000e+00  7.180522e-08  5.054342e-04
 6.30000e+00  0.00000e+00       7.482e+13  9.995719e-01  0.000000e+00  8.058669e-09  4.280833e-04
 7.00000e+00  0.00000e+00       4.292e+13  9.998344e-01  0.000000e+00 -6.051360e-09  1.656052e-04
-7.00000e+00  4.00000e-01       4.997e+13  6.712697e-01  0.000000e+00 -7.243308e-01  3.287303e-01
-6.30000e+00  4.00000e-01       9.507e+13  5.219433e-01  0.000000e+00 -8.065545e-01  4.780567e-01
-5.60000e+00  4.00000e-01       1.332e+14  2.241849e-01  0.000000e+00 -8.181306e-01  7.758151e-01
-4.90000e+00  4.00000e-01       1.685e+14 -1.369126e-01  0.000000e+00 -3.811589e-01  8.630874e-01
-4.20000e+00  4.00000e-01       3.242e+14  1.618161e-01  0.000000e+00  4.386457e-01  8.381839e-01
-3.50000e+00  4.00000e-01       8.877e+14  6.635769e-01  0.000000e+00  5.695754e-01  3.364231e-01
-2.80000e+00  4.00000e-01       3.142e+15  9.227050e-01  0.000000e+00  2.697686e-01  7.729500e-02
-2.10000e+00  4.00000e-01       1.157e+16  9.844659e-01  0.000000e+00  1.514109e-01  1.553412e-02
-1.40000e+00  4.00000e-01       1.624e+16  9.898217e-01  0.000000e+00  1.394268e-01  1.017826e-02
-7.00000e-01  4.00000e-01       7.055e+15  9.905205e-01  0.000000e+00  1.352329e-01  9.479460e-03
 0.00000e+00  4.00000e-01       1.857e+15  9.922595e-01  0.000000e+00 -4.945035e-15  7.740539e-03
 7.00000e-01  4.00000e-01       7.055e+15  9.905205e-01  0.000000e+00 -1.352329e-01  9.479460e-03
 1.40000e+00  4.00000e-01       1.624e+16  9.898217e-01  0.000000e+00 -1.394268e-01  1.017826e-02
 2.10000e+00  4.00000e-01       1.157e+16  9.844659e-01  0.000000e+00 -1.514109e-01  1.553412e-02
 2.80000e+00  4.00000e-01       3.142e+15  9.227050e-01  0.000000e+00 -2.697686e-01  7.729500e-02
 3.50000e+00  4.00000e-01       8.877e+14  6.635769e-01  0.000000e+00 -5.695754e-01  3.364231e-01
 4.20000e+00  4.00000e-01       3.242e+14  1.618161e-01  0.000000e+00 -4.386457e-01  8.381839e-01
 4.90000e+00  4.00000e-01       1.685e+14 -1.369126e-01  0.000000e+00  3.811589e-01  8.630874e-01
 5.60000e+00  4.00000e-01       1.332e+14  2.241849e-01  0.000000e+00  8.181306e-01  7.758151e-01
 6.30000e+00  4.00000e-01       9.507e+13  5.219433e-01  0.000000e+00  8.065545e-01  4.780567e-01
 7.00000e+00  4.00000e-01       4.997e+13  6.712697e-01  0.000000e+00  7.243308e-01  3.287303e-01
-7.00000e+00  8.00000e-01       4.252e+13  1.327344e-01  0.000000e+00 -9.639047e-01  8.672656e-01
-6.30000e+00  8.00000e-01       5.932e+13 -3.023539e-01  0.000000e+00 -7.694808e-01  6.976461e-01
-5.60000e+00  8.00000e-01       1.614e+14 -8.178063e-01  0.000000e+00 -4.240135e-01  1.821937e-01
-4.90000e+00  8.00000e-01       3.154e+14 -8.809755e-01  0.000000e+00 -2.700934e-01  1.190245e-01
-4.20000e+00  8.00000e-01       2.958e+14 -5.777646e-01  0.000000e+00  1.124713e-01  4.222354e-01
-3.50000e+00  8.00000e-01       4.004e+14  3.225028e-01  0.000000e+00  6.584228e-01  6.774972e-01
-2.80000e+00  8.00000e-01       1.469e+15  8.546198e-01  0.000000e+00  3.337211e-01  1.453802e-01
-2.10000e+00  8.00000e-01       7.033e+15  9.773793e-01  0.000000e+00  1.690656e-01  2.262074e-02
-1.40000e+00  8.00000e-01       1.310e+16  9.871619e-01  0.000000e+00  1.524590e-01  1.283809e-02
-7.00000e-01  8.00000e-01       7.585e+15  9.880200e-01  0.000000e+00  1.446686e-01  1.198000e-02
 0.00000e+00  8.00000e-01       2.635e+15  9.886335e-01  0.000000e+00 -1.616145e-14  1.136646e-02
 7.00000e-01  8.00000e-01       7.585e+15  9.880200e-01  0.000000e+00 -1.446686e-01  1.198000e-02
 1.40000e+00  8.00000e-01       1.310e+16  9.871619e-01  0.000000e+00 -1.524590e-01  1.283809e-02
 2.10000e+00  8.00000e-01       7.033e+15  9.773793e-01  0.000000e+00 -1.690656e-01  2.262074e-02
 2.80000e+00  8.00000e-01       1.469e+15  8.546198e-01  0.000000e+00 -3.337211e-01  1.453802e-01
 3.50000e+00  8.00000e-01       4.004e+14  3.225028e-01  0.000000e+00 -6.584228e-01  6.774972e-01
 4.20000e+00  8.00000e-01       2.958e+14 -5.777646e-01  0.000000e+00 -1.124713e-01  4.222354e-01
 4.90000e+00  8.00000e-01       3.154e+14 -8.809755e-01  0.000000e+00  2.700934e-01  1.190245e-01
 5.60000e+00  8.00000e-01       1.614e+14 -8.178063e-01  0.000000e+00  4.240135e-01  1.821937e-01
 6.30000e+00  8.00000e-01       5.932e+13 -3.023539e-01  0.000000e+00  7.694808e-01  6.976461e-01
 7.00000e+00  8.00000e-01       4.252e+13  1.327344e-01  0.000000e+00  9.639047e-01  8.672656e-01
-7.00000e+00  1.20000e+00       5.749e+13 -5.852803e-01  0.000000e+00 -7.583187e-01  4.147197e-01
-6.30000e+00  1.20000e+00       1.523e+14 -7.734716e-01  0.000000e+00 -5.141007e-01  2.265284e-01
-5.60000e+00  1.20000e+00       3.299e+14 -8.783236e-01  0.000000e+00 -1.362321e-01  1.216764e-01
-4.90000e+00  1.20000e+00       5.957e+14 -7.761796e-01  0.000000e+00  3.139333e-01  2.238204e-01
-4.20000e+00  1.20000e+00       1.046e+15 -2.928560e-01  0.000000e+00  7.185700e-01  7.071440e-01
-3.50000e+00  1.20000e+00       2.222e+15  2.704800e-01  0.000000e+00  8.561268e-01  7.295200e-01
-2.80000e+00  1.20000e+00       3.520e+15  5.354707e-01  0.000000e+00  7.178722e-01  4.645293e-01
-2.10000e+00  1.20000e+00       7.691e+15  9.006255e-01  0.000000e+00  8.571095e-02  9.937445e-02
-1.40000e+00  1.20000e+00       2.115e+16  9.893473e-01  0.000000e+00 -8.500016e-02  1.065274e-02
-7.00000e-01  1.20000e+00       2.162e+16  9.932779e-01  0.000000e+00 -9.259470e-02  6.722144e-03
 0.00000e+00  1.20000e+00       1.275e+16  9.921660e-01  0.000000e+00 -2.550085e-16  7.834032e-03
 7.00000e-01  1.20000e+00       2.162e+16  9.932779e-01  0.000000e+00  9.259470e-02  6.722144e-03
 1.40000e+00  1.20000e+00       2.115e+16  9.893473e-01  0.000000e+00  8.500016e-02  1.065274e-02
 2.10000e+00  1.20000e+00       7.691e+15  9.006255e-01  0.000000e+00 -8.571095e-02  9.937445e-02
 2.80000e+00  1.20000e+00       3.520e+15  5.354707e-01  0.000000e+00 -7.178722e-01  4.645293e-01
 3.50000e+00  1.20000e+00       2.222e+15  2.704800e-01  0.000000e+00 -8.561268e-01  7.295200e-01
 4.20000e+00  1.20000e+00       1.046e+15 -2.928560e-01  0.000000e+00 -7.185700e-01  7.071440e-01
 4.90000e+00  1.20000e+00       5.957e+14 -7.761796e-01  0.000000e+00 -3.139333e-01  2.238204e-01
 5.60000e+00  1.20000e+00       3.299e+14 -8.783236e-01  0.000000e+00  1.362321e-01  1.216764e-01
 6.30000e+00  1.20000e+00       1.523e+14 -7.734716e-01  0.000000e+00  5.141007e-01  2.265284e-01
 7.00000e+00  1.20000e+00       5.749e+13 -5.852803e-01  0.000000e+00  7.583187e-01  4.147197e-01
-7.00000e+00  1.60000e+00       8.434e+13 -8.890296e-01  0.000000e+00 -4.007633e-01  1.109704e-01
-6.30000e+00  1.60000e+00       1.761e+14 -9.300019e-01  0.000000e+00 -2.203415e-01  6.999807e-02
-5.60000e+00  1.60000e+00       2.776e+14 -7.912591e-01  0.000000e+00  2.539488e-01  2.087409e-01
-4.90000e+00  1.60000e+00       7.988e+14 -4.210534e-01  0.000000e+00  7.958744e-01  5.789466e-01
-4.20000e+00  1.60000e+00       2.176e+15 -1.725321e-01  0.000000e+00  9.278123e-01  8.274679e-01
-3.50000e+00  1.60000e+00       3.348e+15  1.284436e-01  0.000000e+00  8.982706e-01  8.715564e-01
-2.80000e+00  1.60000e+00       3.606e+15  4.817369e-01  0.000000e+00  8.078284e-01  5.182631e-01
-2.10000e+00  1.60000e+00       2.286e+15  5.270257e-01  0.000000e+00  6.681543e-01  4.729743e-01
-1.40000e+00  1.60000e+00       3.535e+15 -4.745652e-01  0.000000e+00 -1.478464e-01  5.254348e-01
-7.00000e-01  1.60000e+00       1.679e+16 -7.221519e-01  0.000000e+00 -1.361562e-01  2.778481e-01
 0.00000e+00  1.60000e+00       2.956e+16 -7.488272e-01  0.000000e+00 -2.068477e-15  2.511728e-01
 7.00000e-01  1.60000e+00       1.679e+16 -7.221519e-01  0.000000e+00  1.361562e-01  2.778481e-01
 1.40000e+00  1.60000e+00       3.535e+15 -4.745652e-01  0.000000e+00  1.478464e-01  5.254348e-01
 2.10000e+00  1.60000e+00       2.286e+15  5.270257e-01  0.000000e+00 -6.681543e-01  4.729743e-01
 2.80000e+00  1.60000e+00       3.606e+15  4.817369e-01  0.000000e+00 -8.078284e-01  5.182631e-01
 3.50000e+00  1.60000e+00       3.348e+15  1.284436e-01  0.000000e+00 -8.982706e-01  8.715564e-01
 4.20000e+00  1.60000e+00       2.176e+15 -1.725321e-01  0.000000e+00 -9.278123e-01  8.274679e-01
 4.90000e+00  1.60000e+00       7.988e+14 -4.210534e-01  0.000000e+00 -7.958744e-01  5.789466e-01
 5.60000e+00  1.60000e+00       2.776e+14 -7.912591e-01  0.000000e+00 -2.539488e-01  2.087409e-01
 6.30000e+00  1.60000e+00       1.761e+14 -9.300019e-01  0.000000e+00  2.203415e-01  6.999807e-02
 7.00000e+00  1.60000e+00       8.434e+13 -8.890296e-01  0.000000e+00  4.007633e-01  1.109704e-01
-7.00000e+00  2.00000e+00       4.866e+13 -9.598196e-01  0.000000e+00  8.220961e-02  4.018039e-02
-6.30000e+00  2.00000e+00       1.432e+14 -8.800397e-01  0.000000e+00  3.556304e-01  1.199603e-01
-5.60000e+00  2.00000e+00       3.578e+14 -6.886039e-01  0.000000e+00  6.294574e-01  3.113961e-01
-4.90000e+00  2.00000e+00       7.872e+14 -3.724316e-01  0.000000e+00  8.387679e-01  6.275684e-01
-4.20000e+00  2.00000e+00       1.561e+15  1.899770e-02  0.000000e+00  9.147357e-01  9.810023e-01
-3.50000e+00  2.00000e+00       2.815e+15  4.384930e-01  0.000000e+00  7.731007e-01  5.615070e-01
-2.80000e+00  2.00000e+00       5.054e+15  7.763811e-01  0.000000e+00  5.505564e-01  2.236189e-01
-2.10000e+00  2.00000e+00       5.052e+15  8.651385e-01  0.000000e+00  4.831490e-01  1.348615e-01
-1.40000e+00  2.00000e+00       1.734e+15  8.773411e-01  0.000000e+00  4.608504e-01  1.226589e-01
-7.00000e-01  2.00000e+00       2.089e+14  8.730987e-01  0.000000e+00  3.379445e-01  1.269013e-01
 0.00000e+00  2.00000e+00       3.819e+13  9.402019e-01  0.000000e+00  1.843340e-15  5.979815e-02
 7.00000e-01  2.00000e+00       2.089e+14  8.730987e-01  0.000000e+00 -3.379445e-01  1.269013e-01
 1.40000e+00  2.00000e+00       1.734e+15  8.773411e-01  0.000000e+00 -4.608504e-01  1.226589e-01
 2.10000e+00  2.00000e+00       5.052e+15  8.651385e-01  0.000000e+00 -4.831490e-01  1.348615e-01
 2.80000e+00  2.00000e+00       5.054e+15  7.763811e-01  0.000000e+00 -5.505564e-01  2.236189e-01
 3.50000e+00  2.00000e+00       2.815e+15  4.384930e-01  0.000000e+00 -7.731007e-01  5.615070e-01
 4.20000e+00  2.00000e+00       1.561e+15  1.899770e-02  0.000000e+00 -9.147357e-01  9.810023e-01
 4.90000e+00  2.00000e+00       7.872e+14 -3.724316e-01  0.000000e+00 -8.387679e-01  6.275684e-01
 5.60000e+00  2.00000e+00       3.578e+14 -6.886039e-01  0.000000e+00 -6.294574e-01  3.113961e-01
 6.30000e+00  2.00000e+00       1.432e+14 -8.800397e-01  0.000000e+00 -3.556304e-01  1.199603e-01
 7.00000e+00  2.00000e+00       4.866e+13 -9.598196e-01  0.000000e+00 -8.220961e-02  4.018039e-02
-7.00000e+00  2.40000e+00       3.719e+13 -8.385861e-01  0.000000e+00  4.806960e-01  1.614139e-01
-6.30000e+00  2.40000e+00       1.157e+14 -6.663329e-01  0.000000e+00  6.861997e-01  3.336671e-01
-5.60000e+00  2.40000e+00       3.025e+14 -4.093256e-01  0.000000e+00  8.518190e-01  5.906744e-01
-4.90000e+00  2.40000e+00       6.808e+14 -7.906253e-02  0.000000e+00  9.301360e-01  9.209375e-01
-4.20000e+00  2.40000e+00       1.349e+15  2.894720e-01  0.000000e+00  8.808071e-01  7.105280e-01
-3.50000e+00  2.40000e+00       2.233e+15  5.810485e-01  0.000000e+00  6.978745e-01  4.189515e-01
-2.80000e+00  2.40000e+00       3.447e+15  8.401999e-01  0.000000e+00  2.043895e-01  1.598001e-01
-2.10000e+00  2.40000e+00       5.245e+15  9.655129e-01  0.000000e+00 -1.031047e-01  3.448707e-02
-1.40000e+00  2.40000e+00       3.463e+15  9.818752e-01  0.000000e+00 -1.529076e-01  1.812478e-02
-7.00000e-01  2.40000e+00       7.306e+14  9.749436e-01  0.000000e+00 -1.600460e-01  2.505639e-02
 0.00000e+00  2.40000e+00       1.029e+14  9.425667e-01  0.000000e+00 -7.765349e-16  5.743329e-02
 7.00000e-01  2.40000e+00       7.306e+14  9.749436e-01  0.000000e+00  1.600460e-01  2.505639e-02
 1.40000e+00  2.40000e+00       3.463e+15  9.818752e-01  0.000000e+00  1.529076e-01  1.812478e-02
 2.10000e+00  2.40000e+00       5.245e+15  9.655129e-01  0.000000e+00  1.031047e-01  3.448707e-02
 2.80000e+00  2.40000e+00       3.447e+15  8.401999e-01  0.000000e+00 -2.043895e-01  1.598001e-01
 3.50000e+00  2.40000e+00       2.233e+15  5.810485e-01  0.000000e+00 -6.978745e-01  4.189515e-01
 4.20000e+00  2.40000e+00       1.349e+15  2.894720e-01  0.000000e+00 -8.808071e-01  7.105280e-01
 4.90000e+00  2.40000e+00       6.808e+14 -7.906253e-02  0.000000e+00 -9.301360e-01  9.209375e-01
 5.60000e+00  2.40000e+00       3.025e+14 -4.093256e-01  0.000000e+00 -8.518190e-01  5.906744e-01
 6.30000e+00  2.40000e+00       1.157e+14 -6.663329e-01  0.000000e+00 -6.861997e-01  3.336671e-01
 7.00000e+00  2.40000e+00       3.719e+13 -8.385861e-01  0.000000e+00 -4.806960e-01  1.614139e-01
-7.00000e+00  2.80000e+00       2.415e+13 -5.725000e-01  0.000000e+00  7.813070e-01  4.275000e-01
-6.30000e+00  2.80000e+00       7.850e+13 -3.431187e-01  0.000000e+00  8.970702e-01  6.568813e-01
-5.60000e+00  2.80000e+00       2.118e+14 -5.921995e-02  0.000000e+00  9.489056e-01  9.407800e-01
-4.90000e+00  2.80000e+00       4.825e+14  2.571280e-01  0.000000e+00  9.046932e-01  7.428720e-01
-4.20000e+00  2.80000e+00       9.335e+14  5.647457e-01  0.000000e+00  7.278522e-01  4.352543e-01
-3.50000e+00  2.80000e+00       1.568e+15  8.149666e-01  0.000000e+00  4.540099e-01  1.850334e-01
-2.80000e+00  2.80000e+00       1.809e+15  7.937536e-01  0.000000e+00  1.818683e-01  2.062464e-01
-2.10000e+00  2.80000e+00       2.050e+15  1.335762e-01  0.000000e+00 -5.822694e-01  8.664238e-01
-1.40000e+00  2.80000e+00       3.013e+15 -1.971176e-01  0.000000e+00 -9.253694e-01  8.028824e-01
-7.00000e-01  2.80000e+00       1.848e+15 -2.292637e-01  0.000000e+00 -9.178091e-01  7.707363e-01
 0.00000e+00  2.80000e+00       6.988e+14 -2.210561e-01  0.000000e+00  5.217371e-16  7.789439e-01
 7.00000e-01  2.80000e+00       1.848e+15 -2.292637e-01  0.000000e+00  9.178091e-01  7.707363e-01
 1.40000e+00  2.80000e+00       3.013e+15 -1.971176e-01  0.000000e+00  9.253694e-01  8.028824e-01
 2.10000e+00  2.80000e+00       2.050e+15  1.335762e-01  0.000000e+00  5.822694e-01  8.664238e-01
 2.80000e+00  2.80000e+00       1.809e+15  7.937536e-01  0.000000e+00 -1.818683e-01  2.062464e-01
 3.50000e+00  2.80000e+00       1.568e+15  8.149666e-01  0.000000e+00 -4.540099e-01  1.850334e-01
 4.20000e+00  2.80000e+00       9.335e+14  5.647457e-01  0.000000e+00 -7.278522e-01  4.352543e-01
 4.90000e+00  2.80000e+00       4.825e+14  2.571280e-01  0.000000e+00 -9.046932e-01  7.428720e-01
 5.60000e+00  2.80000e+00       2.118e+14 -5.921995e-02  0.000000e+00 -9.489056e-01  9.407800e-01
 6.30000e+00  2.80000e+00       7.850e+13 -3.431187e-01  0.000000e+00 -8.970702e-01  6.568813e-01
 7.00000e+00  2.80000e+00       2.415e+13 -5.725000e-01  0.000000e+00 -7.813070e-01  4.275000e-01
-7.00000e+00  3.20000e+00       1.311e+13 -2.042331e-01  0.000000e+00  9.469822e-01  7.957669e-01
-6.30000e+00  3.20000e+00       4.399e+13  4.853997e-02  0.000000e+00  9.598842e-01  9.514600e-01
-5.60000e+00  3.20000e+00       1.210e+14  3.243432e-01  0.000000e+00  8.941982e-01  6.756568e-01
-4.90000e+00  3.20000e+00       2.755e+14  5.940209e-01  0.000000e+00  7.251460e-01  4.059791e-01
-4.20000e+00  3.20000e+00       5.191e+14  8.004508e-01  0.000000e+00  4.516377e-01  1.995492e-01
-3.50000e+00  3.20000e+00       8.021e+14  8.539580e-01  0.000000e+00  5.837620e-03  1.460420e-01
-2.80000e+00  3.20000e+00       1.101e+15  8.134727e-01  0.000000e+00 -4.439337e-01  1.865273e-01
-2.10000e+00  3.20000e+00       8.160e+14  7.898805e-01  0.000000e+00 -5.761325e-01  2.101195e-01
-1.40000e+00  3.20000e+00       2.263e+14  7.193222e-01  0.000000e+00 -4.962135e-01  2.806778e-01
-7.00000e-01  3.20000e+00       7.387e+13  4.794595e-01  0.000000e+00  1.564412e-01  5.205405e-01
 0.00000e+00  3.20000e+00       8.091e+13  5.721797e-01  0.000000e+00  1.119768e-15  4.278203e-01
 7.00000e-01  3.20000e+00       7.387e+13  4.794595e-01  0.000000e+00 -1.564412e-01  5.205405e-01
 1.40000e+00  3.20000e+00       2.263e+14  7.193222e-01  0.000000e+00  4.962135e-01  2.806778e-01
 2.10000e+00  3.20000e+00       8.160e+14  7.898805e-01  0.000000e+00  5.761325e-01  2.101195e-01
 2.80000e+00  3.20000e+00       1.101e+15  8.134727e-01  0.000000e+00  4.439337e-01  1.865273e-01
 3.50000e+00  3.20000e+00       8.021e+14  8.539580e-01  0.000000e+00 -5.837620e-03  1.460420e-01
 4.20000e+00  3.20000e+00       5.191e+14  8.004508e-01  0.000000e+00 -4.516377e-01  1.995492e-01
 4.90000e+00  3.20000e+00       2.755e+14  5.940209e-01  0.000000e+00 -7.251460e-01  4.059791e-01
 5.60000e+00  3.20000e+00       1.210e+14  3.243432e-01  0.000000e+00 -8.941982e-01  6.756568e-01
 6.30000e+00  3.20000e+00       4.399e+13  4.853997e-02  0.000000e+00 -9.598842e-01  9.514600e-01
 7.00000e+00  3.20000e+00       1.311e+13 -2.042331e-01  0.000000e+00 -9.469822e-01  7.957669e-01
-7.00000e+00  3.60000e+00       5.831e+12  2.188234e-01  0.000000e+00  9.409361e-01  7.811766e-01
-6.30000e+00  3.60000e+00       1.998e+13  4.578508e-01  0.000000e+00  8.410964e-01  5.421492e-01
-5.60000e+00  3.60000e+00       5.534e+13  6.825506e-01  0.000000e+00  6.535689e-01  3.174494e-01
-4.90000e+00  3.60000e+00       1.244e+14  8.485676e-01  0.000000e+00  3.674344e-01  1.514324e-01
-4.20000e+00  3.60000e+00       2.284e+14  8.924404e-01  0.000000e+00 -2.541652e-02  1.075596e-01
-3.50000e+00  3.60000e+00       3.351e+14  7.454126e-01  0.000000e+00 -3.573889e-01  2.545874e-01
-2.80000e+00  3.60000e+00       4.065e+14 -1.255338e-02  0.000000e+00 -4.270896e-01  9.874466e-01
-2.10000e+00  3.60000e+00       5.362e+14 -7.584954e-01  0.000000e+00 -3.786431e-01  2.415046e-01
-1.40000e+00  3.60000e+00       3.643e+14 -8.931154e-01  0.000000e+00 -3.526762e-01  1.068846e-01
-7.00000e-01  3.60000e+00       8.353e+13 -8.543574e-01  0.000000e+00 -3.049592e-01  1.456426e-01
 0.00000e+00  3.60000e+00       1.478e+13 -5.190948e-01  0.000000e+00 -7.818578e-15  4.809052e-01
 7.00000e-01  3.60000e+00       8.353e+13 -8.543574e-01  0.000000e+00  3.049592e-01  1.456426e-01
 1.40000e+00  3.60000e+00       3.643e+14 -8.931154e-01  0.000000e+00  3.526762e-01  1.068846e-01
 2.10000e+00  3.60000e+00       5.362e+14 -7.584954e-01  0.000000e+00  3.786431e-01  2.415046e-01
 2.80000e+00  3.60000e+00       4.065e+14 -1.255338e-02  0.000000e+00  4.270896e-01  9.874466e-01
 3.50000e+00  3.60000e+00       3.351e+14  7.454126e-01  0.000000e+00  3.573889e-01  2.545874e-01
 4.20000e+00  3.60000e+00       2.284e+14  8.924404e-01  0.000000e+00  2.541652e-02  1.075596e-01
 4.90000e+00  3.60000e+00       1.244e+14  8.485676e-01  0.000000e+00 -3.674344e-01  1.514324e-01
 5.60000e+00  3.60000e+00       5.534e+13  6.825506e-01  0.000000e+00 -6.535689e-01  3.174494e-01
 6.30000e+00  3.60000e+00       1.998e+13  4.578508e-01  0.000000e+00 -8.410964e-01  5.421492e-01
 7.00000e+00  3.60000e+00       5.831e+12  2.188234e-01  0.000000e+00 -9.409361e-01  7.811766e-01
-7.00000e+00  4.00000e+00       2.071e+12  6.254339e-01  0.000000e+00  7.238749e-01  3.745661e-01
-6.30000e+00  4.00000e+00       7.249e+12  8.035562e-01  0.000000e+00  5.003284e-01  1.964438e-01
-5.60000e+00  4.00000e+00       2.044e+13  9.072607e-01  0.000000e+00  2.011648e-01  9.273927e-02
-4.90000e+00  4.00000e+00       4.542e+13  8.808007e-01  0.000000e+00 -1.658418e-01  1.191993e-01
-4.20000e+00  4.00000e+00       7.995e+13  6.387129e-01  0.000000e+00 -5.103992e-01  3.612871e-01
-3.50000e+00  4.00000e+00       1.175e+14  4.100539e-02  0.000000e+00 -7.085947e-01  9.589946e-01
-2.80000e+00  4.00000e+00       1.421e+14 -3.492095e-01  0.000000e+00 -7.347549e-01  6.507905e-01
-2.10000e+00  4.00000e+00       2.118e+14  4.730939e-01  0.000000e+00 -3.623848e-01  5.269061e-01
-1.40000e+00  4.00000e+00       7.096e+14  9.403995e-01  0.000000e+00 -1.937604e-01  5.960048e-02
-7.00000e-01  4.00000e+00       1.081e+15  9.591994e-01  0.000000e+00 -1.769572e-01  4.080064e-02
 0.00000e+00  4.00000e+00       9.062e+14  9.506059e-01  0.000000e+00  3.578787e-15  4.939408e-02
 7.00000e-01  4.00000e+00       1.081e+15  9.591994e-01  0.000000e+00  1.769572e-01  4.080064e-02
 1.40000e+00  4.00000e+00       7.096e+14  9.403995e-01  0.000000e+00  1.937604e-01  5.960048e-02
 2.10000e+00  4.00000e+00       2.118e+14  4.730939e-01  0.000000e+00  3.623848e-01  5.269061e-01
 2.80000e+00  4.00000e+00       1.421e+14 -3.492095e-01  0.000000e+00  7.347549e-01  6.507905e-01
 3.50000e+00  4.00000e+00       1.175e+14  4.100539e-02  0.000000e+00  7.085947e-01  9.589946e-01
 4.20000e+00  4.00000e+00       7.995e+13  6.387129e-01  0.000000e+00  5.103992e-01  3.612871e-01
 4.90000e+00  4.00000e+00       4.542e+13  8.808007e-01  0.000000e+00  1.658418e-01  1.191993e-01
 5.60000e+00  4.00000e+00       2.044e+13  9.072607e-01  0.000000e+00 -2.011648e-01  9.273927e-02
 6.30000e+00  4.00000e+00       7.249e+12  8.035562e-01  0.000000e+00 -5.003284e-01  1.964438e-01
 7.00000e+00  4.00000e+00       2.071e+12  6.254339e-01  0.000000e+00 -7.238749e-01  3.745661e-01
