 EB(GeV)    EMITTANCEx EMITTANCEy SIZEx(m)   SIZEy(m)   DIVx(rad)  DIVy(rad)
 2.411e+00  5.499e-09  1.017e-12  8.711e-05  1.009e-06  6.313e-05  1.009e-06
 betax      alphax     betay      alphay     eta        deta       E_spread  
 1.380e+00  0.000e+00  1.000e+00  0.000e+00  0.000e+00  0.000e+00  8.600e-04
 Ibeam(A)   period(cm) #periods   Kx         Ky         Energy(eV)
 4.005e-01  1.900e+00         96  0.000e+00  1.780e+00  5.515e+03


           x            y       F.Density            PL            PC          PL45        1-|PL|
          mm           mm  ph/s/mr^2/0.1%             -             -             -             -
-7.00000e+00 -4.00000e+00       4.132e+08 -7.421080e-01  0.000000e+00 -6.018969e-02  2.578920e-01
-6.30000e+00 -4.00000e+00       9.160e+08 -4.209035e-01  0.000000e+00 -2.968463e-01  5.790965e-01
-5.60000e+00 -4.00000e+00       3.077e+09  1.823702e-01  0.000000e+00 -3.067098e-01  8.176298e-01
-4.90000e+00 -4.00000e+00       9.900e+09  4.495942e-01  0.000000e+00 -2.419292e-01  5.504058e-01
-4.20000e+00 -4.00000e+00       2.480e+10  5.807569e-01  0.000000e+00 -1.577925e-01  4.192431e-01
-3.50000e+00 -4.00000e+00       4.762e+10  6.303589e-01  0.000000e+00 -5.184108e-02  3.696411e-01
-2.80000e+00 -4.00000e+00       5.169e+10  3.728680e-01  0.000000e+00  3.156693e-02  6.271320e-01
-2.10000e+00 -4.00000e+00       8.556e+10  3.635570e-01  0.000000e+00  2.595153e-01  6.364430e-01
-1.40000e+00 -4.00000e+00       1.031e+11  2.941308e-01  0.000000e+00  6.006087e-01  7.058692e-01
-7.00000e-01 -4.00000e+00       3.149e+11  9.521370e-01  0.000000e+00  1.388867e-01  4.786298e-02
 0.00000e+00 -4.00000e+00       7.735e+11  8.156954e-01  0.000000e+00 -2.483877e-16  1.843046e-01
 7.00000e-01 -4.00000e+00       3.149e+11  9.521370e-01  0.000000e+00 -1.388867e-01  4.786298e-02
 1.40000e+00 -4.00000e+00       1.031e+11  2.941308e-01  0.000000e+00 -6.006087e-01  7.058692e-01
 2.10000e+00 -4.00000e+00       8.556e+10  3.635570e-01  0.000000e+00 -2.595153e-01  6.364430e-01
 2.80000e+00 -4.00000e+00       5.169e+10  3.728680e-01  0.000000e+00 -3.156693e-02  6.271320e-01
 3.50000e+00 -4.00000e+00       4.762e+10  6.303589e-01  0.000000e+00  5.184108e-02  3.696411e-01
 4.20000e+00 -4.00000e+00       2.480e+10  5.807569e-01  0.000000e+00  1.577925e-01  4.192431e-01
 4.90000e+00 -4.00000e+00       9.900e+09  4.495942e-01  0.000000e+00  2.419292e-01  5.504058e-01
 5.60000e+00 -4.00000e+00       3.077e+09  1.823702e-01  0.000000e+00  3.067098e-01  8.176298e-01
 6.30000e+00 -4.00000e+00       9.160e+08 -4.209035e-01  0.000000e+00  2.968463e-01  5.790965e-01
 7.00000e+00 -4.00000e+00       4.132e+08 -7.421080e-01  0.000000e+00  6.018969e-02  2.578920e-01
-7.00000e+00 -3.60000e+00       6.182e+08 -7.006717e-01  0.000000e+00 -2.054082e-02  2.993283e-01
-6.30000e+00 -3.60000e+00       1.795e+09 -2.329882e-01  0.000000e+00 -3.470366e-01  7.670118e-01
-5.60000e+00 -3.60000e+00       8.486e+09  3.801486e-01  0.000000e+00 -2.534023e-01  6.198514e-01
-4.90000e+00 -3.60000e+00       3.690e+10  4.408176e-01  0.000000e+00  6.212655e-02  5.591824e-01
-4.20000e+00 -3.60000e+00       1.234e+11  1.865534e-01  0.000000e+00  1.080691e-01  8.134466e-01
-3.50000e+00 -3.60000e+00       3.408e+11  1.526797e-01  0.000000e+00 -9.121636e-02  8.473203e-01
-2.80000e+00 -3.60000e+00       7.383e+11  2.033121e-01  0.000000e+00  4.678080e-02  7.966879e-01
-2.10000e+00 -3.60000e+00       1.379e+12  2.583291e-01  0.000000e+00  4.120274e-01  7.416709e-01
-1.40000e+00 -3.60000e+00       1.855e+12  4.742347e-01  0.000000e+00  5.855488e-01  5.257653e-01
-7.00000e-01 -3.60000e+00       6.789e+11  4.121858e-01  0.000000e+00  1.005938e+00  5.878142e-01
 0.00000e+00 -3.60000e+00       5.348e+11  9.641728e-01  0.000000e+00 -8.563041e-15  3.582722e-02
 7.00000e-01 -3.60000e+00       6.789e+11  4.121858e-01  0.000000e+00 -1.005938e+00  5.878142e-01
 1.40000e+00 -3.60000e+00       1.855e+12  4.742347e-01  0.000000e+00 -5.855488e-01  5.257653e-01
 2.10000e+00 -3.60000e+00       1.379e+12  2.583291e-01  0.000000e+00 -4.120274e-01  7.416709e-01
 2.80000e+00 -3.60000e+00       7.383e+11  2.033121e-01  0.000000e+00 -4.678080e-02  7.966879e-01
 3.50000e+00 -3.60000e+00       3.408e+11  1.526797e-01  0.000000e+00  9.121636e-02  8.473203e-01
 4.20000e+00 -3.60000e+00       1.234e+11  1.865534e-01  0.000000e+00 -1.080691e-01  8.134466e-01
 4.90000e+00 -3.60000e+00       3.690e+10  4.408176e-01  0.000000e+00 -6.212655e-02  5.591824e-01
 5.60000e+00 -3.60000e+00       8.486e+09  3.801486e-01  0.000000e+00  2.534023e-01  6.198514e-01
 6.30000e+00 -3.60000e+00       1.795e+09 -2.329882e-01  0.000000e+00  3.470366e-01  7.670118e-01
 7.00000e+00 -3.60000e+00       6.182e+08 -7.006717e-01  0.000000e+00  2.054082e-02  2.993283e-01
-7.00000e+00 -3.20000e+00       1.241e+09 -5.959511e-01  0.000000e+00  2.713444e-01  4.040489e-01
-6.30000e+00 -3.20000e+00       7.774e+09 -5.254624e-01  0.000000e+00 -9.159019e-02  4.745376e-01
-5.60000e+00 -3.20000e+00       5.652e+10 -1.546146e-01  0.000000e+00 -4.788444e-01  8.453854e-01
-4.90000e+00 -3.20000e+00       3.197e+11  3.302646e-01  0.000000e+00 -4.435159e-01  6.697354e-01
-4.20000e+00 -3.20000e+00       1.225e+12  5.129824e-01  0.000000e+00 -7.085572e-02  4.870176e-01
-3.50000e+00 -3.20000e+00       3.199e+12  2.945737e-01  0.000000e+00  1.437685e-01  7.054263e-01
-2.80000e+00 -3.20000e+00       6.622e+12  1.101879e-01  0.000000e+00 -8.290680e-02  8.898121e-01
-2.10000e+00 -3.20000e+00       1.098e+13 -5.971041e-02  0.000000e+00 -2.162614e-01  9.402896e-01
-1.40000e+00 -3.20000e+00       1.124e+13 -4.827739e-01  0.000000e+00 -1.034135e-01  5.172261e-01
-7.00000e-01 -3.20000e+00       4.826e+12 -9.919248e-01  0.000000e+00 -2.133512e-02  8.075167e-03
 0.00000e+00 -3.20000e+00       2.717e+12 -2.586664e-01  0.000000e+00  2.098503e-15  7.413336e-01
 7.00000e-01 -3.20000e+00       4.826e+12 -9.919248e-01  0.000000e+00  2.133512e-02  8.075167e-03
 1.40000e+00 -3.20000e+00       1.124e+13 -4.827739e-01  0.000000e+00  1.034135e-01  5.172261e-01
 2.10000e+00 -3.20000e+00       1.098e+13 -5.971041e-02  0.000000e+00  2.162614e-01  9.402896e-01
 2.80000e+00 -3.20000e+00       6.622e+12  1.101879e-01  0.000000e+00  8.290680e-02  8.898121e-01
 3.50000e+00 -3.20000e+00       3.199e+12  2.945737e-01  0.000000e+00 -1.437685e-01  7.054263e-01
 4.20000e+00 -3.20000e+00       1.225e+12  5.129824e-01  0.000000e+00  7.085572e-02  4.870176e-01
 4.90000e+00 -3.20000e+00       3.197e+11  3.302646e-01  0.000000e+00  4.435159e-01  6.697354e-01
 5.60000e+00 -3.20000e+00       5.652e+10 -1.546146e-01  0.000000e+00  4.788444e-01  8.453854e-01
 6.30000e+00 -3.20000e+00       7.774e+09 -5.254624e-01  0.000000e+00  9.159019e-02  4.745376e-01
 7.00000e+00 -3.20000e+00       1.241e+09 -5.959511e-01  0.000000e+00 -2.713444e-01  4.040489e-01
-7.00000e+00 -2.80000e+00       8.523e+09  5.060843e-01  0.000000e+00  5.368486e-01  4.939157e-01
-6.30000e+00 -2.80000e+00       7.251e+10  2.486916e-01  0.000000e+00  6.907188e-01  7.513084e-01
-5.60000e+00 -2.80000e+00       4.402e+11 -1.875056e-01  0.000000e+00  5.193340e-01  8.124944e-01
-4.90000e+00 -2.80000e+00       2.060e+12 -3.244079e-01  0.000000e+00 -3.358906e-02  6.755921e-01
-4.20000e+00 -2.80000e+00       7.959e+12  7.617494e-02  0.000000e+00 -3.889490e-01  9.238251e-01
-3.50000e+00 -2.80000e+00       2.264e+13  4.324467e-01  0.000000e+00 -1.970848e-01  5.675533e-01
-2.80000e+00 -2.80000e+00       4.416e+13  3.709451e-01  0.000000e+00  1.235001e-01  6.290549e-01
-2.10000e+00 -2.80000e+00       7.147e+13  3.919832e-01  0.000000e+00  2.145813e-01  6.080168e-01
-1.40000e+00 -2.80000e+00       8.467e+13  6.849752e-01  0.000000e+00  2.160733e-01  3.150248e-01
-7.00000e-01 -2.80000e+00       4.371e+13  8.328739e-01  0.000000e+00  2.207957e-01  1.671261e-01
 0.00000e+00 -2.80000e+00       1.444e+13  8.076926e-01  0.000000e+00  2.980888e-15  1.923074e-01
 7.00000e-01 -2.80000e+00       4.371e+13  8.328739e-01  0.000000e+00 -2.207957e-01  1.671261e-01
 1.40000e+00 -2.80000e+00       8.467e+13  6.849752e-01  0.000000e+00 -2.160733e-01  3.150248e-01
 2.10000e+00 -2.80000e+00       7.147e+13  3.919832e-01  0.000000e+00 -2.145813e-01  6.080168e-01
 2.80000e+00 -2.80000e+00       4.416e+13  3.709451e-01  0.000000e+00 -1.235001e-01  6.290549e-01
 3.50000e+00 -2.80000e+00       2.264e+13  4.324467e-01  0.000000e+00  1.970848e-01  5.675533e-01
 4.20000e+00 -2.80000e+00       7.959e+12  7.617494e-02  0.000000e+00  3.889490e-01  9.238251e-01
 4.90000e+00 -2.80000e+00       2.060e+12 -3.244079e-01  0.000000e+00  3.358906e-02  6.755921e-01
 5.60000e+00 -2.80000e+00       4.402e+11 -1.875056e-01  0.000000e+00 -5.193340e-01  8.124944e-01
 6.30000e+00 -2.80000e+00       7.251e+10  2.486916e-01  0.000000e+00 -6.907188e-01  7.513084e-01
 7.00000e+00 -2.80000e+00       8.523e+09  5.060843e-01  0.000000e+00 -5.368486e-01  4.939157e-01
-7.00000e+00 -2.40000e+00       7.056e+10  9.049535e-01  0.000000e+00 -1.451168e-01  9.504652e-02
-6.30000e+00 -2.40000e+00       6.401e+11  8.939833e-01  0.000000e+00  1.367720e-01  1.060167e-01
-5.60000e+00 -2.40000e+00       3.633e+12  7.176530e-01  0.000000e+00  4.351022e-01  2.823470e-01
-4.90000e+00 -2.40000e+00       1.331e+13  3.238594e-01  0.000000e+00  5.858502e-01  6.761406e-01
-4.20000e+00 -2.40000e+00       3.645e+13 -8.296674e-02  0.000000e+00  2.789105e-01  9.170333e-01
-3.50000e+00 -2.40000e+00       9.203e+13  6.675798e-02  0.000000e+00 -2.121566e-01  9.332420e-01
-2.80000e+00 -2.40000e+00       1.988e+14  4.507225e-01  0.000000e+00 -1.758819e-01  5.492775e-01
-2.10000e+00 -2.40000e+00       3.194e+14  5.578906e-01  0.000000e+00 -1.160981e-01  4.421094e-01
-1.40000e+00 -2.40000e+00       3.611e+14  5.253260e-01  0.000000e+00 -4.407634e-01  4.746740e-01
-7.00000e-01 -2.40000e+00       2.060e+14  4.925458e-01  0.000000e+00 -6.749061e-01  5.074542e-01
 0.00000e+00 -2.40000e+00       8.367e+13  4.302692e-01  0.000000e+00 -3.798081e-14  5.697308e-01
 7.00000e-01 -2.40000e+00       2.060e+14  4.925458e-01  0.000000e+00  6.749061e-01  5.074542e-01
 1.40000e+00 -2.40000e+00       3.611e+14  5.253260e-01  0.000000e+00  4.407634e-01  4.746740e-01
 2.10000e+00 -2.40000e+00       3.194e+14  5.578906e-01  0.000000e+00  1.160981e-01  4.421094e-01
 2.80000e+00 -2.40000e+00       1.988e+14  4.507225e-01  0.000000e+00  1.758819e-01  5.492775e-01
 3.50000e+00 -2.40000e+00       9.203e+13  6.675798e-02  0.000000e+00  2.121566e-01  9.332420e-01
 4.20000e+00 -2.40000e+00       3.645e+13 -8.296674e-02  0.000000e+00 -2.789105e-01  9.170333e-01
 4.90000e+00 -2.40000e+00       1.331e+13  3.238594e-01  0.000000e+00 -5.858502e-01  6.761406e-01
 5.60000e+00 -2.40000e+00       3.633e+12  7.176530e-01  0.000000e+00 -4.351022e-01  2.823470e-01
 6.30000e+00 -2.40000e+00       6.401e+11  8.939833e-01  0.000000e+00 -1.367720e-01  1.060167e-01
 7.00000e+00 -2.40000e+00       7.056e+10  9.049535e-01  0.000000e+00  1.451168e-01  9.504652e-02
-7.00000e+00 -2.00000e+00       3.425e+11  6.998053e-01  0.000000e+00 -6.476132e-01  3.001947e-01
-6.30000e+00 -2.00000e+00       3.212e+12  8.369485e-01  0.000000e+00 -4.408248e-01  1.630515e-01
-5.60000e+00 -2.00000e+00       1.906e+13  9.088900e-01  0.000000e+00 -1.675663e-01  9.110996e-02
-4.90000e+00 -2.00000e+00       7.135e+13  8.595567e-01  0.000000e+00  1.546571e-01  1.404433e-01
-4.20000e+00 -2.00000e+00       1.707e+14  6.001935e-01  0.000000e+00  4.216882e-01  3.998065e-01
-3.50000e+00 -2.00000e+00       3.024e+14  2.020081e-01  0.000000e+00  3.039965e-01  7.979919e-01
-2.80000e+00 -2.00000e+00       5.506e+14  2.733794e-01  0.000000e+00 -1.326364e-01  7.266206e-01
-2.10000e+00 -2.00000e+00       9.583e+14  5.735753e-01  0.000000e+00 -2.779075e-01  4.264247e-01
-1.40000e+00 -2.00000e+00       1.211e+15  5.054886e-01  0.000000e+00 -5.274464e-01  4.945114e-01
-7.00000e-01 -2.00000e+00       9.236e+14  3.296497e-01  0.000000e+00 -7.534714e-01  6.703503e-01
 0.00000e+00 -2.00000e+00       5.408e+14  2.582880e-01  0.000000e+00  3.975724e-15  7.417120e-01
 7.00000e-01 -2.00000e+00       9.236e+14  3.296497e-01  0.000000e+00  7.534714e-01  6.703503e-01
 1.40000e+00 -2.00000e+00       1.211e+15  5.054886e-01  0.000000e+00  5.274464e-01  4.945114e-01
 2.10000e+00 -2.00000e+00       9.583e+14  5.735753e-01  0.000000e+00  2.779075e-01  4.264247e-01
 2.80000e+00 -2.00000e+00       5.506e+14  2.733794e-01  0.000000e+00  1.326364e-01  7.266206e-01
 3.50000e+00 -2.00000e+00       3.024e+14  2.020081e-01  0.000000e+00 -3.039965e-01  7.979919e-01
 4.20000e+00 -2.00000e+00       1.707e+14  6.001935e-01  0.000000e+00 -4.216882e-01  3.998065e-01
 4.90000e+00 -2.00000e+00       7.135e+13  8.595567e-01  0.000000e+00 -1.546571e-01  1.404433e-01
 5.60000e+00 -2.00000e+00       1.906e+13  9.088900e-01  0.000000e+00  1.675663e-01  9.110996e-02
 6.30000e+00 -2.00000e+00       3.212e+12  8.369485e-01  0.000000e+00  4.408248e-01  1.630515e-01
 7.00000e+00 -2.00000e+00       3.425e+11  6.998053e-01  0.000000e+00  6.476132e-01  3.001947e-01
-7.00000e+00 -1.60000e+00       9.045e+11  3.550593e-01  0.000000e+00 -8.997403e-01  6.449407e-01
-6.30000e+00 -1.60000e+00       7.215e+12  5.201579e-01  0.000000e+00 -8.026307e-01  4.798421e-01
-5.60000e+00 -1.60000e+00       3.721e+13  7.431220e-01  0.000000e+00 -5.343813e-01  2.568780e-01
-4.90000e+00 -1.60000e+00       1.712e+14  9.128800e-01  0.000000e+00 -2.229549e-01  8.712000e-02
-4.20000e+00 -1.60000e+00       4.847e+14  8.705770e-01  0.000000e+00 -1.285367e-02  1.294230e-01
-3.50000e+00 -1.60000e+00       8.160e+14  4.564526e-01  0.000000e+00  2.334740e-01  5.435474e-01
-2.80000e+00 -1.60000e+00       1.304e+15 -1.631031e-02  0.000000e+00  1.545389e-01  9.836897e-01
-2.10000e+00 -1.60000e+00       1.760e+15  1.398582e-01  0.000000e+00 -8.534216e-02  8.601418e-01
-1.40000e+00 -1.60000e+00       3.203e+15  4.036607e-01  0.000000e+00  1.849247e-01  5.963393e-01
-7.00000e-01 -1.60000e+00       1.100e+16  2.995319e-01  0.000000e+00  2.048369e-01  7.004681e-01
 0.00000e+00 -1.60000e+00       1.851e+16  2.671416e-01  0.000000e+00  8.242516e-17  7.328584e-01
 7.00000e-01 -1.60000e+00       1.100e+16  2.995319e-01  0.000000e+00 -2.048369e-01  7.004681e-01
 1.40000e+00 -1.60000e+00       3.203e+15  4.036607e-01  0.000000e+00 -1.849247e-01  5.963393e-01
 2.10000e+00 -1.60000e+00       1.760e+15  1.398582e-01  0.000000e+00  8.534216e-02  8.601418e-01
 2.80000e+00 -1.60000e+00       1.304e+15 -1.631031e-02  0.000000e+00 -1.545389e-01  9.836897e-01
 3.50000e+00 -1.60000e+00       8.160e+14  4.564526e-01  0.000000e+00 -2.334740e-01  5.435474e-01
 4.20000e+00 -1.60000e+00       4.847e+14  8.705770e-01  0.000000e+00  1.285367e-02  1.294230e-01
 4.90000e+00 -1.60000e+00       1.712e+14  9.128800e-01  0.000000e+00  2.229549e-01  8.712000e-02
 5.60000e+00 -1.60000e+00       3.721e+13  7.431220e-01  0.000000e+00  5.343813e-01  2.568780e-01
 6.30000e+00 -1.60000e+00       7.215e+12  5.201579e-01  0.000000e+00  8.026307e-01  4.798421e-01
 7.00000e+00 -1.60000e+00       9.045e+11  3.550593e-01  0.000000e+00  8.997403e-01  6.449407e-01
-7.00000e+00 -1.20000e+00       1.575e+12  1.137364e-01  0.000000e+00 -9.408826e-01  8.862636e-01
-6.30000e+00 -1.20000e+00       1.531e+13  3.790712e-01  0.000000e+00 -8.687870e-01  6.209288e-01
-5.60000e+00 -1.20000e+00       9.955e+13  6.145739e-01  0.000000e+00 -7.215563e-01  3.854261e-01
-4.90000e+00 -1.20000e+00       4.353e+14  7.957382e-01  0.000000e+00 -5.106911e-01  2.042618e-01
-4.20000e+00 -1.20000e+00       1.256e+15  9.005138e-01  0.000000e+00 -2.514752e-01  9.948621e-02
-3.50000e+00 -1.20000e+00       2.281e+15  8.959220e-01  0.000000e+00  2.878166e-02  1.040780e-01
-2.80000e+00 -1.20000e+00       2.626e+15  7.224252e-01  0.000000e+00  2.182845e-01  2.775748e-01
-2.10000e+00 -1.20000e+00       2.854e+15  5.516511e-01  0.000000e+00  1.780335e-01  4.483489e-01
-1.40000e+00 -1.20000e+00       4.152e+15  7.310183e-01  0.000000e+00  2.873567e-01  2.689817e-01
-7.00000e-01 -1.20000e+00       3.470e+15  8.435223e-01  0.000000e+00  3.817190e-01  1.564777e-01
 0.00000e+00 -1.20000e+00       1.884e+15  8.728471e-01  0.000000e+00  3.211923e-15  1.271529e-01
 7.00000e-01 -1.20000e+00       3.470e+15  8.435223e-01  0.000000e+00 -3.817190e-01  1.564777e-01
 1.40000e+00 -1.20000e+00       4.152e+15  7.310183e-01  0.000000e+00 -2.873567e-01  2.689817e-01
 2.10000e+00 -1.20000e+00       2.854e+15  5.516511e-01  0.000000e+00 -1.780335e-01  4.483489e-01
 2.80000e+00 -1.20000e+00       2.626e+15  7.224252e-01  0.000000e+00 -2.182845e-01  2.775748e-01
 3.50000e+00 -1.20000e+00       2.281e+15  8.959220e-01  0.000000e+00 -2.878166e-02  1.040780e-01
 4.20000e+00 -1.20000e+00       1.256e+15  9.005138e-01  0.000000e+00  2.514752e-01  9.948621e-02
 4.90000e+00 -1.20000e+00       4.353e+14  7.957382e-01  0.000000e+00  5.106911e-01  2.042618e-01
 5.60000e+00 -1.20000e+00       9.955e+13  6.145739e-01  0.000000e+00  7.215563e-01  3.854261e-01
 6.30000e+00 -1.20000e+00       1.531e+13  3.790712e-01  0.000000e+00  8.687870e-01  6.209288e-01
 7.00000e+00 -1.20000e+00       1.575e+12  1.137364e-01  0.000000e+00  9.408826e-01  8.862636e-01
-7.00000e+00 -8.00000e-01       1.576e+12  1.109389e-02  0.000000e+00 -9.181664e-01  9.889061e-01
-6.30000e+00 -8.00000e-01       1.632e+13  3.342434e-01  0.000000e+00 -8.708987e-01  6.657566e-01
-5.60000e+00 -8.00000e-01       1.155e+14  5.986216e-01  0.000000e+00 -7.333917e-01  4.013784e-01
-4.90000e+00 -8.00000e-01       5.589e+14  7.873227e-01  0.000000e+00 -5.438061e-01  2.126773e-01
-4.20000e+00 -8.00000e-01       1.814e+15  9.021189e-01  0.000000e+00 -3.310885e-01  9.788115e-02
-3.50000e+00 -8.00000e-01       3.744e+15  9.473956e-01  0.000000e+00 -1.113966e-01  5.260440e-02
-2.80000e+00 -8.00000e-01       4.718e+15  9.144575e-01  0.000000e+00  7.976177e-02  8.554253e-02
-2.10000e+00 -8.00000e-01       4.561e+15  8.323166e-01  0.000000e+00  1.848577e-02  1.676834e-01
-1.40000e+00 -8.00000e-01       4.221e+15  8.359609e-01  0.000000e+00 -2.743044e-01  1.640391e-01
-7.00000e-01 -8.00000e-01       2.039e+15  8.650908e-01  0.000000e+00 -3.958715e-01  1.349092e-01
 0.00000e+00 -8.00000e-01       6.788e+14  8.766773e-01  0.000000e+00  6.450565e-15  1.233227e-01
 7.00000e-01 -8.00000e-01       2.039e+15  8.650908e-01  0.000000e+00  3.958715e-01  1.349092e-01
 1.40000e+00 -8.00000e-01       4.221e+15  8.359609e-01  0.000000e+00  2.743044e-01  1.640391e-01
 2.10000e+00 -8.00000e-01       4.561e+15  8.323166e-01  0.000000e+00 -1.848577e-02  1.676834e-01
 2.80000e+00 -8.00000e-01       4.718e+15  9.144575e-01  0.000000e+00 -7.976177e-02  8.554253e-02
 3.50000e+00 -8.00000e-01       3.744e+15  9.473956e-01  0.000000e+00  1.113966e-01  5.260440e-02
 4.20000e+00 -8.00000e-01       1.814e+15  9.021189e-01  0.000000e+00  3.310885e-01  9.788115e-02
 4.90000e+00 -8.00000e-01       5.589e+14  7.873227e-01  0.000000e+00  5.438061e-01  2.126773e-01
 5.60000e+00 -8.00000e-01       1.155e+14  5.986216e-01  0.000000e+00  7.333917e-01  4.013784e-01
 6.30000e+00 -8.00000e-01       1.632e+13  3.342434e-01  0.000000e+00  8.708987e-01  6.657566e-01
 7.00000e+00 -8.00000e-01       1.576e+12  1.109389e-02  0.000000e+00  9.181664e-01  9.889061e-01
-7.00000e+00 -4.00000e-01       1.040e+12  2.814800e-01  0.000000e+00 -8.772910e-01  7.185200e-01
-6.30000e+00 -4.00000e-01       9.529e+12  4.737117e-01  0.000000e+00 -8.215632e-01  5.262883e-01
-5.60000e+00 -4.00000e-01       5.330e+13  7.194677e-01  0.000000e+00 -5.942041e-01  2.805323e-01
-4.90000e+00 -4.00000e-01       3.177e+14  9.146620e-01  0.000000e+00 -3.358953e-01  8.533795e-02
-4.20000e+00 -4.00000e-01       1.424e+15  9.661568e-01  0.000000e+00 -2.026459e-01  3.384321e-02
-3.50000e+00 -4.00000e-01       3.828e+15  9.799740e-01  0.000000e+00 -5.514592e-02  2.002599e-02
-2.80000e+00 -4.00000e-01       6.805e+15  9.753441e-01  0.000000e+00  9.884559e-02  2.465587e-02
-2.10000e+00 -4.00000e-01       6.717e+15  9.554023e-01  0.000000e+00  1.584692e-01  4.459770e-02
-1.40000e+00 -4.00000e-01       6.373e+15  9.250931e-01  0.000000e+00 -7.206246e-02  7.490694e-02
-7.00000e-01 -4.00000e-01       1.961e+16  9.308384e-01  0.000000e+00 -1.213686e-01  6.916165e-02
 0.00000e+00 -4.00000e-01       3.282e+16  9.340550e-01  0.000000e+00  1.615944e-15  6.594500e-02
 7.00000e-01 -4.00000e-01       1.961e+16  9.308384e-01  0.000000e+00  1.213686e-01  6.916165e-02
 1.40000e+00 -4.00000e-01       6.373e+15  9.250931e-01  0.000000e+00  7.206246e-02  7.490694e-02
 2.10000e+00 -4.00000e-01       6.717e+15  9.554023e-01  0.000000e+00 -1.584692e-01  4.459770e-02
 2.80000e+00 -4.00000e-01       6.805e+15  9.753441e-01  0.000000e+00 -9.884559e-02  2.465587e-02
 3.50000e+00 -4.00000e-01       3.828e+15  9.799740e-01  0.000000e+00  5.514592e-02  2.002599e-02
 4.20000e+00 -4.00000e-01       1.424e+15  9.661568e-01  0.000000e+00  2.026459e-01  3.384321e-02
 4.90000e+00 -4.00000e-01       3.177e+14  9.146620e-01  0.000000e+00  3.358953e-01  8.533795e-02
 5.60000e+00 -4.00000e-01       5.330e+13  7.194677e-01  0.000000e+00  5.942041e-01  2.805323e-01
 6.30000e+00 -4.00000e-01       9.529e+12  4.737117e-01  0.000000e+00  8.215632e-01  5.262883e-01
 7.00000e+00 -4.00000e-01       1.040e+12  2.814800e-01  0.000000e+00  8.772910e-01  7.185200e-01
-7.00000e+00  0.00000e+00       5.276e+11  9.992863e-01  0.000000e+00 -2.092974e-10  7.136913e-04
-6.30000e+00  0.00000e+00       8.825e+12  9.996675e-01  0.000000e+00  8.658490e-12  3.324542e-04
-5.60000e+00  0.00000e+00       8.666e+13  9.997481e-01  0.000000e+00  8.040306e-12  2.519194e-04
-4.90000e+00  0.00000e+00       5.282e+14  9.998563e-01  0.000000e+00  3.603629e-12  1.437106e-04
-4.20000e+00  0.00000e+00       2.046e+15  9.999436e-01  0.000000e+00  1.762457e-12  5.636135e-05
-3.50000e+00  0.00000e+00       4.920e+15  9.999861e-01  0.000000e+00  7.981738e-13  1.386603e-05
-2.80000e+00  0.00000e+00       6.800e+15  9.999986e-01  0.000000e+00  4.398281e-13  1.376198e-06
-2.10000e+00  0.00000e+00       4.854e+15  9.999637e-01  0.000000e+00  2.325504e-13  3.634435e-05
-1.40000e+00  0.00000e+00       1.954e+15  9.997555e-01  0.000000e+00 -6.001136e-13  2.444907e-04
-7.00000e-01  0.00000e+00       1.488e+15  9.998968e-01  0.000000e+00 -1.729341e-12  1.031966e-04
 0.00000e+00  0.00000e+00       1.751e+15  9.993802e-01  0.000000e+00 -7.395821e-17  6.197814e-04
 7.00000e-01  0.00000e+00       1.488e+15  9.998968e-01  0.000000e+00  1.729275e-12  1.031966e-04
 1.40000e+00  0.00000e+00       1.954e+15  9.997555e-01  0.000000e+00  6.000613e-13  2.444907e-04
 2.10000e+00  0.00000e+00       4.854e+15  9.999637e-01  0.000000e+00 -2.325996e-13  3.634435e-05
 2.80000e+00  0.00000e+00       6.800e+15  9.999986e-01  0.000000e+00 -4.397995e-13  1.376198e-06
 3.50000e+00  0.00000e+00       4.920e+15  9.999861e-01  0.000000e+00 -7.980264e-13  1.386603e-05
 4.20000e+00  0.00000e+00       2.046e+15  9.999436e-01  0.000000e+00 -1.762138e-12  5.636135e-05
 4.90000e+00  0.00000e+00       5.282e+14  9.998563e-01  0.000000e+00 -3.603056e-12  1.437106e-04
 5.60000e+00  0.00000e+00       8.666e+13  9.997481e-01  0.000000e+00 -8.039373e-12  2.519194e-04
 6.30000e+00  0.00000e+00       8.825e+12  9.996675e-01  0.000000e+00 -8.657077e-12  3.324542e-04
 7.00000e+00  0.00000e+00       5.276e+11  9.992863e-01  0.000000e+00  2.093000e-10  7.136913e-04
-7.00000e+00  4.00000e-01       1.040e+12  2.814800e-01  0.000000e+00  8.772910e-01  7.185200e-01
-6.30000e+00  4.00000e-01       9.529e+12  4.737117e-01  0.000000e+00  8.215632e-01  5.262883e-01
-5.60000e+00  4.00000e-01       5.330e+13  7.194677e-01  0.000000e+00  5.942041e-01  2.805323e-01
-4.90000e+00  4.00000e-01       3.177e+14  9.146620e-01  0.000000e+00  3.358953e-01  8.533795e-02
-4.20000e+00  4.00000e-01       1.424e+15  9.661568e-01  0.000000e+00  2.026459e-01  3.384321e-02
-3.50000e+00  4.00000e-01       3.828e+15  9.799740e-01  0.000000e+00  5.514592e-02  2.002599e-02
-2.80000e+00  4.00000e-01       6.805e+15  9.753441e-01  0.000000e+00 -9.884559e-02  2.465587e-02
-2.10000e+00  4.00000e-01       6.717e+15  9.554023e-01  0.000000e+00 -1.584692e-01  4.459770e-02
-1.40000e+00  4.00000e-01       6.373e+15  9.250931e-01  0.000000e+00  7.206246e-02  7.490694e-02
-7.00000e-01  4.00000e-01       1.961e+16  9.308384e-01  0.000000e+00  1.213686e-01  6.916165e-02
 0.00000e+00  4.00000e-01       3.282e+16  9.340550e-01  0.000000e+00 -1.615957e-15  6.594500e-02
 7.00000e-01  4.00000e-01       1.961e+16  9.308384e-01  0.000000e+00 -1.213686e-01  6.916165e-02
 1.40000e+00  4.00000e-01       6.373e+15  9.250931e-01  0.000000e+00 -7.206246e-02  7.490694e-02
 2.10000e+00  4.00000e-01       6.717e+15  9.554023e-01  0.000000e+00  1.584692e-01  4.459770e-02
 2.80000e+00  4.00000e-01       6.805e+15  9.753441e-01  0.000000e+00  9.884559e-02  2.465587e-02
 3.50000e+00  4.00000e-01       3.828e+15  9.799740e-01  0.000000e+00 -5.514592e-02  2.002599e-02
 4.20000e+00  4.00000e-01       1.424e+15  9.661568e-01  0.000000e+00 -2.026459e-01  3.384321e-02
 4.90000e+00  4.00000e-01       3.177e+14  9.146620e-01  0.000000e+00 -3.358953e-01  8.533795e-02
 5.60000e+00  4.00000e-01       5.330e+13  7.194677e-01  0.000000e+00 -5.942041e-01  2.805323e-01
 6.30000e+00  4.00000e-01       9.529e+12  4.737117e-01  0.000000e+00 -8.215632e-01  5.262883e-01
 7.00000e+00  4.00000e-01       1.040e+12  2.814800e-01  0.000000e+00 -8.772910e-01  7.185200e-01
-7.00000e+00  8.00000e-01       1.576e+12  1.109389e-02  0.000000e+00  9.181664e-01  9.889061e-01
-6.30000e+00  8.00000e-01       1.632e+13  3.342434e-01  0.000000e+00  8.708987e-01  6.657566e-01
-5.60000e+00  8.00000e-01       1.155e+14  5.986216e-01  0.000000e+00  7.333917e-01  4.013784e-01
-4.90000e+00  8.00000e-01       5.589e+14  7.873227e-01  0.000000e+00  5.438061e-01  2.126773e-01
-4.20000e+00  8.00000e-01       1.814e+15  9.021189e-01  0.000000e+00  3.310885e-01  9.788115e-02
-3.50000e+00  8.00000e-01       3.744e+15  9.473956e-01  0.000000e+00  1.113966e-01  5.260440e-02
-2.80000e+00  8.00000e-01       4.718e+15  9.144575e-01  0.000000e+00 -7.976177e-02  8.554253e-02
-2.10000e+00  8.00000e-01       4.561e+15  8.323166e-01  0.000000e+00 -1.848577e-02  1.676834e-01
-1.40000e+00  8.00000e-01       4.221e+15  8.359609e-01  0.000000e+00  2.743044e-01  1.640391e-01
-7.00000e-01  8.00000e-01       2.039e+15  8.650908e-01  0.000000e+00  3.958715e-01  1.349092e-01
 0.00000e+00  8.00000e-01       6.788e+14  8.766773e-01  0.000000e+00 -8.539365e-15  1.233227e-01
 7.00000e-01  8.00000e-01       2.039e+15  8.650908e-01  0.000000e+00 -3.958715e-01  1.349092e-01
 1.40000e+00  8.00000e-01       4.221e+15  8.359609e-01  0.000000e+00 -2.743044e-01  1.640391e-01
 2.10000e+00  8.00000e-01       4.561e+15  8.323166e-01  0.000000e+00  1.848577e-02  1.676834e-01
 2.80000e+00  8.00000e-01       4.718e+15  9.144575e-01  0.000000e+00  7.976177e-02  8.554253e-02
 3.50000e+00  8.00000e-01       3.744e+15  9.473956e-01  0.000000e+00 -1.113966e-01  5.260440e-02
 4.20000e+00  8.00000e-01       1.814e+15  9.021189e-01  0.000000e+00 -3.310885e-01  9.788115e-02
 4.90000e+00  8.00000e-01       5.589e+14  7.873227e-01  0.000000e+00 -5.438061e-01  2.126773e-01
 5.60000e+00  8.00000e-01       1.155e+14  5.986216e-01  0.000000e+00 -7.333917e-01  4.013784e-01
 6.30000e+00  8.00000e-01       1.632e+13  3.342434e-01  0.000000e+00 -8.708987e-01  6.657566e-01
 7.00000e+00  8.00000e-01       1.576e+12  1.109389e-02  0.000000e+00 -9.181664e-01  9.889061e-01
-7.00000e+00  1.20000e+00       1.575e+12  1.137364e-01  0.000000e+00  9.408826e-01  8.862636e-01
-6.30000e+00  1.20000e+00       1.531e+13  3.790712e-01  0.000000e+00  8.687870e-01  6.209288e-01
-5.60000e+00  1.20000e+00       9.955e+13  6.145739e-01  0.000000e+00  7.215563e-01  3.854261e-01
-4.90000e+00  1.20000e+00       4.353e+14  7.957382e-01  0.000000e+00  5.106911e-01  2.042618e-01
-4.20000e+00  1.20000e+00       1.256e+15  9.005138e-01  0.000000e+00  2.514752e-01  9.948621e-02
-3.50000e+00  1.20000e+00       2.281e+15  8.959220e-01  0.000000e+00 -2.878166e-02  1.040780e-01
-2.80000e+00  1.20000e+00       2.626e+15  7.224252e-01  0.000000e+00 -2.182845e-01  2.775748e-01
-2.10000e+00  1.20000e+00       2.854e+15  5.516511e-01  0.000000e+00 -1.780335e-01  4.483489e-01
-1.40000e+00  1.20000e+00       4.152e+15  7.310183e-01  0.000000e+00 -2.873567e-01  2.689817e-01
-7.00000e-01  1.20000e+00       3.470e+15  8.435223e-01  0.000000e+00 -3.817190e-01  1.564777e-01
 0.00000e+00  1.20000e+00       1.884e+15  8.728471e-01  0.000000e+00 -2.776322e-15  1.271529e-01
 7.00000e-01  1.20000e+00       3.470e+15  8.435223e-01  0.000000e+00  3.817190e-01  1.564777e-01
 1.40000e+00  1.20000e+00       4.152e+15  7.310183e-01  0.000000e+00  2.873567e-01  2.689817e-01
 2.10000e+00  1.20000e+00       2.854e+15  5.516511e-01  0.000000e+00  1.780335e-01  4.483489e-01
 2.80000e+00  1.20000e+00       2.626e+15  7.224252e-01  0.000000e+00  2.182845e-01  2.775748e-01
 3.50000e+00  1.20000e+00       2.281e+15  8.959220e-01  0.000000e+00  2.878166e-02  1.040780e-01
 4.20000e+00  1.20000e+00       1.256e+15  9.005138e-01  0.000000e+00 -2.514752e-01  9.948621e-02
 4.90000e+00  1.20000e+00       4.353e+14  7.957382e-01  0.000000e+00 -5.106911e-01  2.042618e-01
 5.60000e+00  1.20000e+00       9.955e+13  6.145739e-01  0.000000e+00 -7.215563e-01  3.854261e-01
 6.30000e+00  1.20000e+00       1.531e+13  3.790712e-01  0.000000e+00 -8.687870e-01  6.209288e-01
 7.00000e+00  1.20000e+00       1.575e+12  1.137364e-01  0.000000e+00 -9.408826e-01  8.862636e-01
-7.00000e+00  1.60000e+00       9.045e+11  3.550593e-01  0.000000e+00  8.997403e-01  6.449407e-01
-6.30000e+00  1.60000e+00       7.215e+12  5.201579e-01  0.000000e+00  8.026307e-01  4.798421e-01
-5.60000e+00  1.60000e+00       3.721e+13  7.431220e-01  0.000000e+00  5.343813e-01  2.568780e-01
-4.90000e+00  1.60000e+00       1.712e+14  9.128800e-01  0.000000e+00  2.229549e-01  8.712000e-02
-4.20000e+00  1.60000e+00       4.847e+14  8.705770e-01  0.000000e+00  1.285367e-02  1.294230e-01
-3.50000e+00  1.60000e+00       8.160e+14  4.564526e-01  0.000000e+00 -2.334740e-01  5.435474e-01
-2.80000e+00  1.60000e+00       1.304e+15 -1.631031e-02  0.000000e+00 -1.545389e-01  9.836897e-01
-2.10000e+00  1.60000e+00       1.760e+15  1.398582e-01  0.000000e+00  8.534216e-02  8.601418e-01
-1.40000e+00  1.60000e+00       3.203e+15  4.036607e-01  0.000000e+00 -1.849247e-01  5.963393e-01
-7.00000e-01  1.60000e+00       1.100e+16  2.995319e-01  0.000000e+00 -2.048369e-01  7.004681e-01
 0.00000e+00  1.60000e+00       1.851e+16  2.671416e-01  0.000000e+00 -8.385279e-17  7.328584e-01
 7.00000e-01  1.60000e+00       1.100e+16  2.995319e-01  0.000000e+00  2.048369e-01  7.004681e-01
 1.40000e+00  1.60000e+00       3.203e+15  4.036607e-01  0.000000e+00  1.849247e-01  5.963393e-01
 2.10000e+00  1.60000e+00       1.760e+15  1.398582e-01  0.000000e+00 -8.534216e-02  8.601418e-01
 2.80000e+00  1.60000e+00       1.304e+15 -1.631031e-02  0.000000e+00  1.545389e-01  9.836897e-01
 3.50000e+00  1.60000e+00       8.160e+14  4.564526e-01  0.000000e+00  2.334740e-01  5.435474e-01
 4.20000e+00  1.60000e+00       4.847e+14  8.705770e-01  0.000000e+00 -1.285367e-02  1.294230e-01
 4.90000e+00  1.60000e+00       1.712e+14  9.128800e-01  0.000000e+00 -2.229549e-01  8.712000e-02
 5.60000e+00  1.60000e+00       3.721e+13  7.431220e-01  0.000000e+00 -5.343813e-01  2.568780e-01
 6.30000e+00  1.60000e+00       7.215e+12  5.201579e-01  0.000000e+00 -8.026307e-01  4.798421e-01
 7.00000e+00  1.60000e+00       9.045e+11  3.550593e-01  0.000000e+00 -8.997403e-01  6.449407e-01
-7.00000e+00  2.00000e+00       3.425e+11  6.998053e-01  0.000000e+00  6.476132e-01  3.001947e-01
-6.30000e+00  2.00000e+00       3.212e+12  8.369485e-01  0.000000e+00  4.408248e-01  1.630515e-01
-5.60000e+00  2.00000e+00       1.906e+13  9.088900e-01  0.000000e+00  1.675663e-01  9.110996e-02
-4.90000e+00  2.00000e+00       7.135e+13  8.595567e-01  0.000000e+00 -1.546571e-01  1.404433e-01
-4.20000e+00  2.00000e+00       1.707e+14  6.001935e-01  0.000000e+00 -4.216882e-01  3.998065e-01
-3.50000e+00  2.00000e+00       3.024e+14  2.020081e-01  0.000000e+00 -3.039965e-01  7.979919e-01
-2.80000e+00  2.00000e+00       5.506e+14  2.733794e-01  0.000000e+00  1.326364e-01  7.266206e-01
-2.10000e+00  2.00000e+00       9.583e+14  5.735753e-01  0.000000e+00  2.779075e-01  4.264247e-01
-1.40000e+00  2.00000e+00       1.211e+15  5.054886e-01  0.000000e+00  5.274464e-01  4.945114e-01
-7.00000e-01  2.00000e+00       9.236e+14  3.296497e-01  0.000000e+00  7.534714e-01  6.703503e-01
 0.00000e+00  2.00000e+00       5.408e+14  2.582880e-01  0.000000e+00 -4.042188e-15  7.417120e-01
 7.00000e-01  2.00000e+00       9.236e+14  3.296497e-01  0.000000e+00 -7.534714e-01  6.703503e-01
 1.40000e+00  2.00000e+00       1.211e+15  5.054886e-01  0.000000e+00 -5.274464e-01  4.945114e-01
 2.10000e+00  2.00000e+00       9.583e+14  5.735753e-01  0.000000e+00 -2.779075e-01  4.264247e-01
 2.80000e+00  2.00000e+00       5.506e+14  2.733794e-01  0.000000e+00 -1.326364e-01  7.266206e-01
 3.50000e+00  2.00000e+00       3.024e+14  2.020081e-01  0.000000e+00  3.039965e-01  7.979919e-01
 4.20000e+00  2.00000e+00       1.707e+14  6.001935e-01  0.000000e+00  4.216882e-01  3.998065e-01
 4.90000e+00  2.00000e+00       7.135e+13  8.595567e-01  0.000000e+00  1.546571e-01  1.404433e-01
 5.60000e+00  2.00000e+00       1.906e+13  9.088900e-01  0.000000e+00 -1.675663e-01  9.110996e-02
 6.30000e+00  2.00000e+00       3.212e+12  8.369485e-01  0.000000e+00 -4.408248e-01  1.630515e-01
 7.00000e+00  2.00000e+00       3.425e+11  6.998053e-01  0.000000e+00 -6.476132e-01  3.001947e-01
-7.00000e+00  2.40000e+00       7.056e+10  9.049535e-01  0.000000e+00  1.451168e-01  9.504653e-02
-6.30000e+00  2.40000e+00       6.401e+11  8.939833e-01  0.000000e+00 -1.367720e-01  1.060167e-01
-5.60000e+00  2.40000e+00       3.633e+12  7.176530e-01  0.000000e+00 -4.351022e-01  2.823470e-01
-4.90000e+00  2.40000e+00       1.331e+13  3.238594e-01  0.000000e+00 -5.858502e-01  6.761406e-01
-4.20000e+00  2.40000e+00       3.645e+13 -8.296674e-02  0.000000e+00 -2.789105e-01  9.170333e-01
-3.50000e+00  2.40000e+00       9.203e+13  6.675798e-02  0.000000e+00  2.121566e-01  9.332420e-01
-2.80000e+00  2.40000e+00       1.988e+14  4.507225e-01  0.000000e+00  1.758819e-01  5.492775e-01
-2.10000e+00  2.40000e+00       3.194e+14  5.578906e-01  0.000000e+00  1.160981e-01  4.421094e-01
-1.40000e+00  2.40000e+00       3.611e+14  5.253260e-01  0.000000e+00  4.407634e-01  4.746740e-01
-7.00000e-01  2.40000e+00       2.060e+14  4.925458e-01  0.000000e+00  6.749061e-01  5.074542e-01
 0.00000e+00  2.40000e+00       8.367e+13  4.302692e-01  0.000000e+00  3.767174e-14  5.697308e-01
 7.00000e-01  2.40000e+00       2.060e+14  4.925458e-01  0.000000e+00 -6.749061e-01  5.074542e-01
 1.40000e+00  2.40000e+00       3.611e+14  5.253260e-01  0.000000e+00 -4.407634e-01  4.746740e-01
 2.10000e+00  2.40000e+00       3.194e+14  5.578906e-01  0.000000e+00 -1.160981e-01  4.421094e-01
 2.80000e+00  2.40000e+00       1.988e+14  4.507225e-01  0.000000e+00 -1.758819e-01  5.492775e-01
 3.50000e+00  2.40000e+00       9.203e+13  6.675798e-02  0.000000e+00 -2.121566e-01  9.332420e-01
 4.20000e+00  2.40000e+00       3.645e+13 -8.296674e-02  0.000000e+00  2.789105e-01  9.170333e-01
 4.90000e+00  2.40000e+00       1.331e+13  3.238594e-01  0.000000e+00  5.858502e-01  6.761406e-01
 5.60000e+00  2.40000e+00       3.633e+12  7.176530e-01  0.000000e+00  4.351022e-01  2.823470e-01
 6.30000e+00  2.40000e+00       6.401e+11  8.939833e-01  0.000000e+00  1.367720e-01  1.060167e-01
 7.00000e+00  2.40000e+00       7.056e+10  9.049535e-01  0.000000e+00 -1.451168e-01  9.504653e-02
-7.00000e+00  2.80000e+00       8.523e+09  5.060841e-01  0.000000e+00 -5.368486e-01  4.939159e-01
-6.30000e+00  2.80000e+00       7.251e+10  2.486916e-01  0.000000e+00 -6.907188e-01  7.513084e-01
-5.60000e+00  2.80000e+00       4.402e+11 -1.875056e-01  0.000000e+00 -5.193340e-01  8.124944e-01
-4.90000e+00  2.80000e+00       2.060e+12 -3.244079e-01  0.000000e+00  3.358907e-02  6.755921e-01
-4.20000e+00  2.80000e+00       7.959e+12  7.617494e-02  0.000000e+00  3.889490e-01  9.238251e-01
-3.50000e+00  2.80000e+00       2.264e+13  4.324467e-01  0.000000e+00  1.970848e-01  5.675533e-01
-2.80000e+00  2.80000e+00       4.416e+13  3.709451e-01  0.000000e+00 -1.235001e-01  6.290549e-01
-2.10000e+00  2.80000e+00       7.147e+13  3.919832e-01  0.000000e+00 -2.145813e-01  6.080168e-01
-1.40000e+00  2.80000e+00       8.467e+13  6.849752e-01  0.000000e+00 -2.160733e-01  3.150248e-01
-7.00000e-01  2.80000e+00       4.371e+13  8.328739e-01  0.000000e+00 -2.207957e-01  1.671261e-01
 0.00000e+00  2.80000e+00       1.444e+13  8.076926e-01  0.000000e+00 -3.220821e-15  1.923074e-01
 7.00000e-01  2.80000e+00       4.371e+13  8.328739e-01  0.000000e+00  2.207957e-01  1.671261e-01
 1.40000e+00  2.80000e+00       8.467e+13  6.849752e-01  0.000000e+00  2.160733e-01  3.150248e-01
 2.10000e+00  2.80000e+00       7.147e+13  3.919832e-01  0.000000e+00  2.145813e-01  6.080168e-01
 2.80000e+00  2.80000e+00       4.416e+13  3.709451e-01  0.000000e+00  1.235001e-01  6.290549e-01
 3.50000e+00  2.80000e+00       2.264e+13  4.324467e-01  0.000000e+00 -1.970848e-01  5.675533e-01
 4.20000e+00  2.80000e+00       7.959e+12  7.617494e-02  0.000000e+00 -3.889490e-01  9.238251e-01
 4.90000e+00  2.80000e+00       2.060e+12 -3.244079e-01  0.000000e+00 -3.358907e-02  6.755921e-01
 5.60000e+00  2.80000e+00       4.402e+11 -1.875056e-01  0.000000e+00  5.193340e-01  8.124944e-01
 6.30000e+00  2.80000e+00       7.251e+10  2.486916e-01  0.000000e+00  6.907188e-01  7.513084e-01
 7.00000e+00  2.80000e+00       8.523e+09  5.060841e-01  0.000000e+00  5.368486e-01  4.939159e-01
-7.00000e+00  3.20000e+00       1.241e+09 -5.959513e-01  0.000000e+00 -2.713442e-01  4.040487e-01
-6.30000e+00  3.20000e+00       7.774e+09 -5.254624e-01  0.000000e+00  9.159043e-02  4.745376e-01
-5.60000e+00  3.20000e+00       5.652e+10 -1.546147e-01  0.000000e+00  4.788444e-01  8.453853e-01
-4.90000e+00  3.20000e+00       3.197e+11  3.302646e-01  0.000000e+00  4.435159e-01  6.697354e-01
-4.20000e+00  3.20000e+00       1.225e+12  5.129824e-01  0.000000e+00  7.085575e-02  4.870176e-01
-3.50000e+00  3.20000e+00       3.199e+12  2.945737e-01  0.000000e+00 -1.437684e-01  7.054263e-01
-2.80000e+00  3.20000e+00       6.622e+12  1.101879e-01  0.000000e+00  8.290681e-02  8.898121e-01
-2.10000e+00  3.20000e+00       1.098e+13 -5.971041e-02  0.000000e+00  2.162614e-01  9.402896e-01
-1.40000e+00  3.20000e+00       1.124e+13 -4.827739e-01  0.000000e+00  1.034135e-01  5.172261e-01
-7.00000e-01  3.20000e+00       4.826e+12 -9.919249e-01  0.000000e+00  2.133512e-02  8.075112e-03
 0.00000e+00  3.20000e+00       2.717e+12 -2.586665e-01  0.000000e+00 -3.600833e-15  7.413335e-01
 7.00000e-01  3.20000e+00       4.826e+12 -9.919249e-01  0.000000e+00 -2.133512e-02  8.075112e-03
 1.40000e+00  3.20000e+00       1.124e+13 -4.827739e-01  0.000000e+00 -1.034135e-01  5.172261e-01
 2.10000e+00  3.20000e+00       1.098e+13 -5.971041e-02  0.000000e+00 -2.162614e-01  9.402896e-01
 2.80000e+00  3.20000e+00       6.622e+12  1.101879e-01  0.000000e+00 -8.290681e-02  8.898121e-01
 3.50000e+00  3.20000e+00       3.199e+12  2.945737e-01  0.000000e+00  1.437684e-01  7.054263e-01
 4.20000e+00  3.20000e+00       1.225e+12  5.129824e-01  0.000000e+00 -7.085575e-02  4.870176e-01
 4.90000e+00  3.20000e+00       3.197e+11  3.302646e-01  0.000000e+00 -4.435159e-01  6.697354e-01
 5.60000e+00  3.20000e+00       5.652e+10 -1.546147e-01  0.000000e+00 -4.788444e-01  8.453853e-01
 6.30000e+00  3.20000e+00       7.774e+09 -5.254624e-01  0.000000e+00 -9.159043e-02  4.745376e-01
 7.00000e+00  3.20000e+00       1.241e+09 -5.959513e-01  0.000000e+00  2.713442e-01  4.040487e-01
-7.00000e+00  3.60000e+00       6.183e+08 -7.006721e-01  0.000000e+00  2.054087e-02  2.993279e-01
-6.30000e+00  3.60000e+00       1.795e+09 -2.329911e-01  0.000000e+00  3.470370e-01  7.670089e-01
-5.60000e+00  3.60000e+00       8.486e+09  3.801454e-01  0.000000e+00  2.534036e-01  6.198546e-01
-4.90000e+00  3.60000e+00       3.690e+10  4.408165e-01  0.000000e+00 -6.212517e-02  5.591835e-01
-4.20000e+00  3.60000e+00       1.234e+11  1.865533e-01  0.000000e+00 -1.080683e-01  8.134467e-01
-3.50000e+00  3.60000e+00       3.408e+11  1.526797e-01  0.000000e+00  9.121660e-02  8.473203e-01
-2.80000e+00  3.60000e+00       7.383e+11  2.033121e-01  0.000000e+00 -4.678066e-02  7.966879e-01
-2.10000e+00  3.60000e+00       1.379e+12  2.583291e-01  0.000000e+00 -4.120272e-01  7.416709e-01
-1.40000e+00  3.60000e+00       1.855e+12  4.742347e-01  0.000000e+00 -5.855486e-01  5.257653e-01
-7.00000e-01  3.60000e+00       6.789e+11  4.121854e-01  0.000000e+00 -1.005938e+00  5.878146e-01
 0.00000e+00  3.60000e+00       5.348e+11  9.641714e-01  0.000000e+00  1.055839e-14  3.582863e-02
 7.00000e-01  3.60000e+00       6.789e+11  4.121854e-01  0.000000e+00  1.005938e+00  5.878146e-01
 1.40000e+00  3.60000e+00       1.855e+12  4.742347e-01  0.000000e+00  5.855486e-01  5.257653e-01
 2.10000e+00  3.60000e+00       1.379e+12  2.583291e-01  0.000000e+00  4.120272e-01  7.416709e-01
 2.80000e+00  3.60000e+00       7.383e+11  2.033121e-01  0.000000e+00  4.678066e-02  7.966879e-01
 3.50000e+00  3.60000e+00       3.408e+11  1.526797e-01  0.000000e+00 -9.121660e-02  8.473203e-01
 4.20000e+00  3.60000e+00       1.234e+11  1.865533e-01  0.000000e+00  1.080683e-01  8.134467e-01
 4.90000e+00  3.60000e+00       3.690e+10  4.408165e-01  0.000000e+00  6.212517e-02  5.591835e-01
 5.60000e+00  3.60000e+00       8.486e+09  3.801454e-01  0.000000e+00 -2.534036e-01  6.198546e-01
 6.30000e+00  3.60000e+00       1.795e+09 -2.329911e-01  0.000000e+00 -3.470370e-01  7.670089e-01
 7.00000e+00  3.60000e+00       6.183e+08 -7.006721e-01  0.000000e+00 -2.054087e-02  2.993279e-01
-7.00000e+00  4.00000e+00       4.133e+08 -7.421082e-01  0.000000e+00  6.019359e-02  2.578918e-01
-6.30000e+00  4.00000e+00       9.161e+08 -4.209145e-01  0.000000e+00  2.968530e-01  5.790855e-01
-5.60000e+00  4.00000e+00       3.077e+09  1.823475e-01  0.000000e+00  3.067201e-01  8.176525e-01
-4.90000e+00  4.00000e+00       9.901e+09  4.495803e-01  0.000000e+00  2.419386e-01  5.504197e-01
-4.20000e+00  4.00000e+00       2.480e+10  5.807482e-01  0.000000e+00  1.578003e-01  4.192518e-01
-3.50000e+00  4.00000e+00       4.762e+10  6.303534e-01  0.000000e+00  5.184715e-02  3.696466e-01
-2.80000e+00  4.00000e+00       5.169e+10  3.728676e-01  0.000000e+00 -3.156038e-02  6.271324e-01
-2.10000e+00  4.00000e+00       8.556e+10  3.635576e-01  0.000000e+00 -2.595084e-01  6.364424e-01
-1.40000e+00  4.00000e+00       1.031e+11  2.941304e-01  0.000000e+00 -6.005969e-01  7.058696e-01
-7.00000e-01  4.00000e+00       3.149e+11  9.521435e-01  0.000000e+00 -1.388878e-01  4.785654e-02
 0.00000e+00  4.00000e+00       7.735e+11  8.156979e-01  0.000000e+00 -9.324481e-16  1.843021e-01
 7.00000e-01  4.00000e+00       3.149e+11  9.521435e-01  0.000000e+00  1.388878e-01  4.785654e-02
 1.40000e+00  4.00000e+00       1.031e+11  2.941304e-01  0.000000e+00  6.005969e-01  7.058696e-01
 2.10000e+00  4.00000e+00       8.556e+10  3.635576e-01  0.000000e+00  2.595084e-01  6.364424e-01
 2.80000e+00  4.00000e+00       5.169e+10  3.728676e-01  0.000000e+00  3.156038e-02  6.271324e-01
 3.50000e+00  4.00000e+00       4.762e+10  6.303534e-01  0.000000e+00 -5.184715e-02  3.696466e-01
 4.20000e+00  4.00000e+00       2.480e+10  5.807482e-01  0.000000e+00 -1.578003e-01  4.192518e-01
 4.90000e+00  4.00000e+00       9.901e+09  4.495803e-01  0.000000e+00 -2.419386e-01  5.504197e-01
 5.60000e+00  4.00000e+00       3.077e+09  1.823475e-01  0.000000e+00 -3.067201e-01  8.176525e-01
 6.30000e+00  4.00000e+00       9.161e+08 -4.209145e-01  0.000000e+00 -2.968530e-01  5.790855e-01
 7.00000e+00  4.00000e+00       4.133e+08 -7.421082e-01  0.000000e+00 -6.019359e-02  2.578918e-01
