 EB(GeV)    EMITTANCEx EMITTANCEy SIZEx(m)   SIZEy(m)   DIVx(rad)  DIVy(rad)
 2.411e+00  5.499e-09  1.017e-12  8.711e-05  1.009e-06  6.313e-05  1.009e-06
 betax      alphax     betay      alphay     eta        deta       E_spread  
 1.380e+00  0.000e+00  1.000e+00  0.000e+00  0.000e+00  0.000e+00  8.600e-04
 Ibeam(A)   period(cm) #periods   Kx         Ky         Energy(eV)
 4.005e-01  1.900e+00         96  0.000e+00  1.780e+00  4.291e+03


           x            y       F.Density            PL            PC          PL45        1-|PL|
          mm           mm  ph/s/mr^2/0.1%             -             -             -             -
-7.00000e+00 -4.00000e+00       9.641e+08 -7.056351e-01  0.000000e+00 -1.372126e-01  2.943649e-01
-6.30000e+00 -4.00000e+00       2.903e+09 -3.429989e-01  0.000000e+00 -4.765602e-01  6.570011e-01
-5.60000e+00 -4.00000e+00       1.199e+10  2.477967e-01  0.000000e+00 -4.609985e-01  7.522033e-01
-4.90000e+00 -4.00000e+00       4.801e+10  4.878671e-01  0.000000e+00 -4.975241e-02  5.121329e-01
-4.20000e+00 -4.00000e+00       1.448e+11  1.931128e-01  0.000000e+00  2.536244e-01  8.068872e-01
-3.50000e+00 -4.00000e+00       3.623e+11 -1.058014e-01  0.000000e+00  1.785947e-02  8.941986e-01
-2.80000e+00 -4.00000e+00       8.121e+11 -3.740894e-02  0.000000e+00 -1.235381e-01  9.625911e-01
-2.10000e+00 -4.00000e+00       1.309e+12 -1.468765e-01  0.000000e+00  2.775366e-01  8.531235e-01
-1.40000e+00 -4.00000e+00       1.187e+12 -2.497899e-01  0.000000e+00  5.971689e-01  7.502101e-01
-7.00000e-01 -4.00000e+00       8.234e+11  1.916877e-01  0.000000e+00  3.687203e-01  8.083123e-01
 0.00000e+00 -4.00000e+00       8.309e+11  5.629209e-01  0.000000e+00 -8.235266e-16  4.370791e-01
 7.00000e-01 -4.00000e+00       8.234e+11  1.916877e-01  0.000000e+00 -3.687203e-01  8.083123e-01
 1.40000e+00 -4.00000e+00       1.187e+12 -2.497899e-01  0.000000e+00 -5.971689e-01  7.502101e-01
 2.10000e+00 -4.00000e+00       1.309e+12 -1.468765e-01  0.000000e+00 -2.775366e-01  8.531235e-01
 2.80000e+00 -4.00000e+00       8.121e+11 -3.740894e-02  0.000000e+00  1.235381e-01  9.625911e-01
 3.50000e+00 -4.00000e+00       3.623e+11 -1.058014e-01  0.000000e+00 -1.785947e-02  8.941986e-01
 4.20000e+00 -4.00000e+00       1.448e+11  1.931128e-01  0.000000e+00 -2.536244e-01  8.068872e-01
 4.90000e+00 -4.00000e+00       4.801e+10  4.878671e-01  0.000000e+00  4.975241e-02  5.121329e-01
 5.60000e+00 -4.00000e+00       1.199e+10  2.477967e-01  0.000000e+00  4.609985e-01  7.522033e-01
 6.30000e+00 -4.00000e+00       2.903e+09 -3.429989e-01  0.000000e+00  4.765602e-01  6.570011e-01
 7.00000e+00 -4.00000e+00       9.641e+08 -7.056351e-01  0.000000e+00  1.372126e-01  2.943649e-01
-7.00000e+00 -3.60000e+00       2.587e+09 -4.658908e-01  0.000000e+00  3.905926e-01  5.341092e-01
-6.30000e+00 -3.60000e+00       1.465e+10 -5.754802e-01  0.000000e+00  1.647102e-01  4.245198e-01
-5.60000e+00 -3.60000e+00       8.347e+10 -4.365238e-01  0.000000e+00 -3.294377e-01  5.634762e-01
-4.90000e+00 -3.60000e+00       3.955e+11  6.859586e-02  0.000000e+00 -5.452830e-01  9.314041e-01
-4.20000e+00 -3.60000e+00       1.385e+12  4.671665e-01  0.000000e+00 -2.670009e-01  5.328335e-01
-3.50000e+00 -3.60000e+00       3.405e+12  3.903915e-01  0.000000e+00  1.429753e-01  6.096085e-01
-2.80000e+00 -3.60000e+00       6.652e+12  2.015737e-01  0.000000e+00  1.628376e-01  7.984263e-01
-2.10000e+00 -3.60000e+00       1.099e+13  5.039580e-01  0.000000e+00 -8.969101e-02  4.960420e-01
-1.40000e+00 -3.60000e+00       1.005e+13  7.822070e-01  0.000000e+00 -1.975952e-01  2.177930e-01
-7.00000e-01 -3.60000e+00       4.287e+12  7.612498e-01  0.000000e+00 -1.329190e-01  2.387502e-01
 0.00000e+00 -3.60000e+00       2.367e+12  5.114313e-01  0.000000e+00  1.909012e-15  4.885687e-01
 7.00000e-01 -3.60000e+00       4.287e+12  7.612498e-01  0.000000e+00  1.329190e-01  2.387502e-01
 1.40000e+00 -3.60000e+00       1.005e+13  7.822070e-01  0.000000e+00  1.975952e-01  2.177930e-01
 2.10000e+00 -3.60000e+00       1.099e+13  5.039580e-01  0.000000e+00  8.969101e-02  4.960420e-01
 2.80000e+00 -3.60000e+00       6.652e+12  2.015737e-01  0.000000e+00 -1.628376e-01  7.984263e-01
 3.50000e+00 -3.60000e+00       3.405e+12  3.903915e-01  0.000000e+00 -1.429753e-01  6.096085e-01
 4.20000e+00 -3.60000e+00       1.385e+12  4.671665e-01  0.000000e+00  2.670009e-01  5.328335e-01
 4.90000e+00 -3.60000e+00       3.955e+11  6.859586e-02  0.000000e+00  5.452830e-01  9.314041e-01
 5.60000e+00 -3.60000e+00       8.347e+10 -4.365238e-01  0.000000e+00  3.294377e-01  5.634762e-01
 6.30000e+00 -3.60000e+00       1.465e+10 -5.754802e-01  0.000000e+00 -1.647102e-01  4.245198e-01
 7.00000e+00 -3.60000e+00       2.587e+09 -4.658908e-01  0.000000e+00 -3.905926e-01  5.341092e-01
-7.00000e+00 -3.20000e+00       1.854e+10  6.204873e-01  0.000000e+00  4.686708e-01  3.795127e-01
-6.30000e+00 -3.20000e+00       1.267e+11  3.708543e-01  0.000000e+00  6.884905e-01  6.291457e-01
-5.60000e+00 -3.20000e+00       6.239e+11 -9.350269e-02  0.000000e+00  6.484325e-01  9.064973e-01
-4.90000e+00 -3.20000e+00       2.382e+12 -4.117860e-01  0.000000e+00  1.730644e-01  5.882140e-01
-4.20000e+00 -3.20000e+00       7.773e+12 -1.530451e-01  0.000000e+00 -3.567764e-01  8.469549e-01
-3.50000e+00 -3.20000e+00       2.071e+13  3.440238e-01  0.000000e+00 -3.300504e-01  6.559762e-01
-2.80000e+00 -3.20000e+00       4.027e+13  4.556355e-01  0.000000e+00 -5.695902e-02  5.443645e-01
-2.10000e+00 -3.20000e+00       5.653e+13  1.259190e-01  0.000000e+00 -2.461719e-01  8.740810e-01
-1.40000e+00 -3.20000e+00       4.880e+13 -1.726009e-01  0.000000e+00 -6.222111e-01  8.273991e-01
-7.00000e-01 -3.20000e+00       1.924e+13 -2.013363e-01  0.000000e+00 -7.058388e-01  7.986637e-01
 0.00000e+00 -3.20000e+00       6.859e+12  4.180764e-02  0.000000e+00 -6.976787e-16  9.581924e-01
 7.00000e-01 -3.20000e+00       1.924e+13 -2.013363e-01  0.000000e+00  7.058388e-01  7.986637e-01
 1.40000e+00 -3.20000e+00       4.880e+13 -1.726009e-01  0.000000e+00  6.222111e-01  8.273991e-01
 2.10000e+00 -3.20000e+00       5.653e+13  1.259190e-01  0.000000e+00  2.461719e-01  8.740810e-01
 2.80000e+00 -3.20000e+00       4.027e+13  4.556355e-01  0.000000e+00  5.695902e-02  5.443645e-01
 3.50000e+00 -3.20000e+00       2.071e+13  3.440238e-01  0.000000e+00  3.300504e-01  6.559762e-01
 4.20000e+00 -3.20000e+00       7.773e+12 -1.530451e-01  0.000000e+00  3.567764e-01  8.469549e-01
 4.90000e+00 -3.20000e+00       2.382e+12 -4.117860e-01  0.000000e+00 -1.730644e-01  5.882140e-01
 5.60000e+00 -3.20000e+00       6.239e+11 -9.350269e-02  0.000000e+00 -6.484325e-01  9.064973e-01
 6.30000e+00 -3.20000e+00       1.267e+11  3.708543e-01  0.000000e+00 -6.884905e-01  6.291457e-01
 7.00000e+00 -3.20000e+00       1.854e+10  6.204873e-01  0.000000e+00 -4.686708e-01  3.795127e-01
-7.00000e+00 -2.80000e+00       1.336e+11  8.919956e-01  0.000000e+00 -2.240262e-01  1.080044e-01
-6.30000e+00 -2.80000e+00       9.502e+11  9.054732e-01  0.000000e+00  7.163664e-02  9.452680e-02
-5.60000e+00 -2.80000e+00       4.505e+12  7.570839e-01  0.000000e+00  3.980198e-01  2.429161e-01
-4.90000e+00 -2.80000e+00       1.456e+13  3.807135e-01  0.000000e+00  6.169729e-01  6.192865e-01
-4.20000e+00 -2.80000e+00       3.542e+13 -1.078227e-01  0.000000e+00  4.237484e-01  8.921773e-01
-3.50000e+00 -2.80000e+00       7.863e+13 -1.196474e-01  0.000000e+00 -1.516813e-01  8.803526e-01
-2.80000e+00 -2.80000e+00       1.592e+14  2.828465e-01  0.000000e+00 -3.440272e-01  7.171535e-01
-2.10000e+00 -2.80000e+00       2.330e+14  1.552147e-01  0.000000e+00 -1.587493e-01  8.447853e-01
-1.40000e+00 -2.80000e+00       2.203e+14 -4.436804e-01  0.000000e+00  3.088780e-02  5.563196e-01
-7.00000e-01 -2.80000e+00       1.053e+14 -7.755653e-01  0.000000e+00  1.014317e-01  2.244347e-01
 0.00000e+00 -2.80000e+00       3.772e+13 -7.730577e-01  0.000000e+00  3.016161e-16  2.269423e-01
 7.00000e-01 -2.80000e+00       1.053e+14 -7.755653e-01  0.000000e+00 -1.014317e-01  2.244347e-01
 1.40000e+00 -2.80000e+00       2.203e+14 -4.436804e-01  0.000000e+00 -3.088780e-02  5.563196e-01
 2.10000e+00 -2.80000e+00       2.330e+14  1.552147e-01  0.000000e+00  1.587493e-01  8.447853e-01
 2.80000e+00 -2.80000e+00       1.592e+14  2.828465e-01  0.000000e+00  3.440272e-01  7.171535e-01
 3.50000e+00 -2.80000e+00       7.863e+13 -1.196474e-01  0.000000e+00  1.516813e-01  8.803526e-01
 4.20000e+00 -2.80000e+00       3.542e+13 -1.078227e-01  0.000000e+00 -4.237484e-01  8.921773e-01
 4.90000e+00 -2.80000e+00       1.456e+13  3.807135e-01  0.000000e+00 -6.169729e-01  6.192865e-01
 5.60000e+00 -2.80000e+00       4.505e+12  7.570839e-01  0.000000e+00 -3.980198e-01  2.429161e-01
 6.30000e+00 -2.80000e+00       9.502e+11  9.054732e-01  0.000000e+00 -7.163664e-02  9.452680e-02
 7.00000e+00 -2.80000e+00       1.336e+11  8.919956e-01  0.000000e+00  2.240262e-01  1.080044e-01
-7.00000e+00 -2.40000e+00       6.121e+11  6.272399e-01  0.000000e+00 -7.173733e-01  3.727601e-01
-6.30000e+00 -2.40000e+00       4.436e+12  7.923191e-01  0.000000e+00 -5.133937e-01  2.076809e-01
-5.60000e+00 -2.40000e+00       2.169e+13  8.932752e-01  0.000000e+00 -2.312739e-01  1.067248e-01
-4.90000e+00 -2.40000e+00       7.160e+13  8.689804e-01  0.000000e+00  1.150139e-01  1.310196e-01
-4.20000e+00 -2.40000e+00       1.608e+14  6.228592e-01  0.000000e+00  4.356843e-01  3.771408e-01
-3.50000e+00 -2.40000e+00       2.698e+14  1.655436e-01  0.000000e+00  4.188940e-01  8.344564e-01
-2.80000e+00 -2.40000e+00       4.365e+14  4.756223e-02  0.000000e+00 -1.356327e-01  9.524378e-01
-2.10000e+00 -2.40000e+00       6.625e+14  1.414420e-01  0.000000e+00 -4.448117e-01  8.585580e-01
-1.40000e+00 -2.40000e+00       8.051e+14 -3.615582e-01  0.000000e+00 -2.613238e-01  6.384418e-01
-7.00000e-01 -2.40000e+00       6.903e+14 -8.050653e-01  0.000000e+00 -7.962153e-02  1.949347e-01
 0.00000e+00 -2.40000e+00       4.547e+14 -9.009593e-01  0.000000e+00  1.480475e-15  9.904073e-02
 7.00000e-01 -2.40000e+00       6.903e+14 -8.050653e-01  0.000000e+00  7.962153e-02  1.949347e-01
 1.40000e+00 -2.40000e+00       8.051e+14 -3.615582e-01  0.000000e+00  2.613238e-01  6.384418e-01
 2.10000e+00 -2.40000e+00       6.625e+14  1.414420e-01  0.000000e+00  4.448117e-01  8.585580e-01
 2.80000e+00 -2.40000e+00       4.365e+14  4.756223e-02  0.000000e+00  1.356327e-01  9.524378e-01
 3.50000e+00 -2.40000e+00       2.698e+14  1.655436e-01  0.000000e+00 -4.188940e-01  8.344564e-01
 4.20000e+00 -2.40000e+00       1.608e+14  6.228592e-01  0.000000e+00 -4.356843e-01  3.771408e-01
 4.90000e+00 -2.40000e+00       7.160e+13  8.689804e-01  0.000000e+00 -1.150139e-01  1.310196e-01
 5.60000e+00 -2.40000e+00       2.169e+13  8.932752e-01  0.000000e+00  2.312739e-01  1.067248e-01
 6.30000e+00 -2.40000e+00       4.436e+12  7.923191e-01  0.000000e+00  5.133937e-01  2.076809e-01
 7.00000e+00 -2.40000e+00       6.121e+11  6.272399e-01  0.000000e+00  7.173733e-01  3.727601e-01
-7.00000e+00 -2.00000e+00       1.765e+12  2.278966e-01  0.000000e+00 -9.303373e-01  7.721034e-01
-6.30000e+00 -2.00000e+00       1.278e+13  4.670893e-01  0.000000e+00 -8.288033e-01  5.329107e-01
-5.60000e+00 -2.00000e+00       6.413e+13  6.846437e-01  0.000000e+00 -6.450530e-01  3.153563e-01
-4.90000e+00 -2.00000e+00       2.240e+14  8.424473e-01  0.000000e+00 -3.747436e-01  1.575527e-01
-4.20000e+00 -2.00000e+00       5.380e+14  8.804905e-01  0.000000e+00 -3.042661e-02  1.195095e-01
-3.50000e+00 -2.00000e+00       8.797e+14  7.047773e-01  0.000000e+00  3.061955e-01  2.952227e-01
-2.80000e+00 -2.00000e+00       1.118e+15  3.524910e-01  0.000000e+00  2.895806e-01  6.475090e-01
-2.10000e+00 -2.00000e+00       1.486e+15  3.614945e-01  0.000000e+00 -2.749572e-01  6.385055e-01
-1.40000e+00 -2.00000e+00       1.358e+15  5.473027e-01  0.000000e+00 -6.058101e-01  4.526973e-01
-7.00000e-01 -2.00000e+00       5.038e+14  6.087050e-01  0.000000e+00 -6.434467e-01  3.912950e-01
 0.00000e+00 -2.00000e+00       1.550e+14  5.665653e-01  0.000000e+00  1.669920e-14  4.334347e-01
 7.00000e-01 -2.00000e+00       5.038e+14  6.087050e-01  0.000000e+00  6.434467e-01  3.912950e-01
 1.40000e+00 -2.00000e+00       1.358e+15  5.473027e-01  0.000000e+00  6.058101e-01  4.526973e-01
 2.10000e+00 -2.00000e+00       1.486e+15  3.614945e-01  0.000000e+00  2.749572e-01  6.385055e-01
 2.80000e+00 -2.00000e+00       1.118e+15  3.524910e-01  0.000000e+00 -2.895806e-01  6.475090e-01
 3.50000e+00 -2.00000e+00       8.797e+14  7.047773e-01  0.000000e+00 -3.061955e-01  2.952227e-01
 4.20000e+00 -2.00000e+00       5.380e+14  8.804905e-01  0.000000e+00  3.042661e-02  1.195095e-01
 4.90000e+00 -2.00000e+00       2.240e+14  8.424473e-01  0.000000e+00  3.747436e-01  1.575527e-01
 5.60000e+00 -2.00000e+00       6.413e+13  6.846437e-01  0.000000e+00  6.450530e-01  3.153563e-01
 6.30000e+00 -2.00000e+00       1.278e+13  4.670893e-01  0.000000e+00  8.288033e-01  5.329107e-01
 7.00000e+00 -2.00000e+00       1.765e+12  2.278966e-01  0.000000e+00  9.303373e-01  7.721034e-01
-7.00000e+00 -1.60000e+00       3.319e+12 -1.551822e-01  0.000000e+00 -9.374219e-01  8.448178e-01
-6.30000e+00 -1.60000e+00       2.377e+13  1.302060e-01  0.000000e+00 -9.357960e-01  8.697940e-01
-5.60000e+00 -1.60000e+00       1.213e+14  4.177130e-01  0.000000e+00 -8.414706e-01  5.822870e-01
-4.90000e+00 -1.60000e+00       4.465e+14  6.687921e-01  0.000000e+00 -6.503538e-01  3.312079e-01
-4.20000e+00 -1.60000e+00       1.174e+15  8.406083e-01  0.000000e+00 -3.727928e-01  1.593917e-01
-3.50000e+00 -1.60000e+00       2.119e+15  8.796112e-01  0.000000e+00 -3.739875e-02  1.203888e-01
-2.80000e+00 -1.60000e+00       2.564e+15  7.079532e-01  0.000000e+00  2.781350e-01  2.920468e-01
-2.10000e+00 -1.60000e+00       2.998e+15  5.691117e-01  0.000000e+00  2.795040e-01  4.308883e-01
-1.40000e+00 -1.60000e+00       5.181e+15  8.473647e-01  0.000000e+00  2.521276e-02  1.526353e-01
-7.00000e-01 -1.60000e+00       5.064e+15  9.631030e-01  0.000000e+00 -4.137737e-02  3.689702e-02
 0.00000e+00 -1.60000e+00       3.083e+15  9.813454e-01  0.000000e+00 -3.670759e-16  1.865465e-02
 7.00000e-01 -1.60000e+00       5.064e+15  9.631030e-01  0.000000e+00  4.137737e-02  3.689702e-02
 1.40000e+00 -1.60000e+00       5.181e+15  8.473647e-01  0.000000e+00 -2.521276e-02  1.526353e-01
 2.10000e+00 -1.60000e+00       2.998e+15  5.691117e-01  0.000000e+00 -2.795040e-01  4.308883e-01
 2.80000e+00 -1.60000e+00       2.564e+15  7.079532e-01  0.000000e+00 -2.781350e-01  2.920468e-01
 3.50000e+00 -1.60000e+00       2.119e+15  8.796112e-01  0.000000e+00  3.739875e-02  1.203888e-01
 4.20000e+00 -1.60000e+00       1.174e+15  8.406083e-01  0.000000e+00  3.727928e-01  1.593917e-01
 4.90000e+00 -1.60000e+00       4.465e+14  6.687921e-01  0.000000e+00  6.503538e-01  3.312079e-01
 5.60000e+00 -1.60000e+00       1.213e+14  4.177130e-01  0.000000e+00  8.414706e-01  5.822870e-01
 6.30000e+00 -1.60000e+00       2.377e+13  1.302060e-01  0.000000e+00  9.357960e-01  8.697940e-01
 7.00000e+00 -1.60000e+00       3.319e+12 -1.551822e-01  0.000000e+00  9.374219e-01  8.448178e-01
-7.00000e+00 -1.20000e+00       4.119e+12 -4.588477e-01  0.000000e+00 -8.036966e-01  5.411523e-01
-6.30000e+00 -1.20000e+00       2.932e+13 -1.305223e-01  0.000000e+00 -9.124809e-01  8.694777e-01
-5.60000e+00 -1.20000e+00       1.539e+14  2.215435e-01  0.000000e+00 -8.970314e-01  7.784565e-01
-4.90000e+00 -1.20000e+00       6.037e+14  5.362919e-01  0.000000e+00 -7.597626e-01  4.637081e-01
-4.20000e+00 -1.20000e+00       1.750e+15  7.680676e-01  0.000000e+00 -5.315101e-01  2.319324e-01
-3.50000e+00 -1.20000e+00       3.586e+15  8.934954e-01  0.000000e+00 -2.497951e-01  1.065046e-01
-2.80000e+00 -1.20000e+00       4.847e+15  8.857171e-01  0.000000e+00  2.605346e-02  1.142829e-01
-2.10000e+00 -1.20000e+00       4.104e+15  6.390077e-01  0.000000e+00  1.024230e-01  3.609923e-01
-1.40000e+00 -1.20000e+00       2.223e+15  8.811412e-02  0.000000e+00 -1.969365e-01  9.118859e-01
-7.00000e-01 -1.20000e+00       7.210e+14 -3.254315e-01  0.000000e+00 -5.083399e-01  6.745685e-01
 0.00000e+00 -1.20000e+00       2.187e+14 -2.933333e-01  0.000000e+00 -1.087625e-14  7.066667e-01
 7.00000e-01 -1.20000e+00       7.210e+14 -3.254315e-01  0.000000e+00  5.083399e-01  6.745685e-01
 1.40000e+00 -1.20000e+00       2.223e+15  8.811412e-02  0.000000e+00  1.969365e-01  9.118859e-01
 2.10000e+00 -1.20000e+00       4.104e+15  6.390077e-01  0.000000e+00 -1.024230e-01  3.609923e-01
 2.80000e+00 -1.20000e+00       4.847e+15  8.857171e-01  0.000000e+00 -2.605346e-02  1.142829e-01
 3.50000e+00 -1.20000e+00       3.586e+15  8.934954e-01  0.000000e+00  2.497951e-01  1.065046e-01
 4.20000e+00 -1.20000e+00       1.750e+15  7.680676e-01  0.000000e+00  5.315101e-01  2.319324e-01
 4.90000e+00 -1.20000e+00       6.037e+14  5.362919e-01  0.000000e+00  7.597626e-01  4.637081e-01
 5.60000e+00 -1.20000e+00       1.539e+14  2.215435e-01  0.000000e+00  8.970314e-01  7.784565e-01
 6.30000e+00 -1.20000e+00       2.932e+13 -1.305223e-01  0.000000e+00  9.124809e-01  8.694777e-01
 7.00000e+00 -1.20000e+00       4.119e+12 -4.588477e-01  0.000000e+00  8.036966e-01  5.411523e-01
-7.00000e+00 -8.00000e-01       3.226e+12 -6.294029e-01  0.000000e+00 -5.758568e-01  3.705971e-01
-6.30000e+00 -8.00000e-01       2.348e+13 -2.367115e-01  0.000000e+00 -8.282194e-01  7.632885e-01
-5.60000e+00 -8.00000e-01       1.334e+14  1.984308e-01  0.000000e+00 -8.703219e-01  8.015692e-01
-4.90000e+00 -8.00000e-01       5.864e+14  5.525589e-01  0.000000e+00 -7.423786e-01  4.474411e-01
-4.20000e+00 -8.00000e-01       1.934e+15  7.843692e-01  0.000000e+00 -5.319173e-01  2.156308e-01
-3.50000e+00 -8.00000e-01       4.528e+15  9.085527e-01  0.000000e+00 -3.007119e-01  9.144734e-02
-2.80000e+00 -8.00000e-01       6.841e+15  9.430954e-01  0.000000e+00 -6.815247e-02  5.690463e-02
-2.10000e+00 -8.00000e-01       6.014e+15  8.834430e-01  0.000000e+00  1.996781e-01  1.165570e-01
-1.40000e+00 -8.00000e-01       3.029e+15  7.590917e-01  0.000000e+00  4.750858e-01  2.409083e-01
-7.00000e-01 -8.00000e-01       1.218e+15  6.447918e-01  0.000000e+00  4.234449e-01  3.552082e-01
 0.00000e+00 -8.00000e-01       9.915e+14  5.754334e-01  0.000000e+00 -3.294573e-15  4.245666e-01
 7.00000e-01 -8.00000e-01       1.218e+15  6.447918e-01  0.000000e+00 -4.234449e-01  3.552082e-01
 1.40000e+00 -8.00000e-01       3.029e+15  7.590917e-01  0.000000e+00 -4.750858e-01  2.409083e-01
 2.10000e+00 -8.00000e-01       6.014e+15  8.834430e-01  0.000000e+00 -1.996781e-01  1.165570e-01
 2.80000e+00 -8.00000e-01       6.841e+15  9.430954e-01  0.000000e+00  6.815247e-02  5.690463e-02
 3.50000e+00 -8.00000e-01       4.528e+15  9.085527e-01  0.000000e+00  3.007119e-01  9.144734e-02
 4.20000e+00 -8.00000e-01       1.934e+15  7.843692e-01  0.000000e+00  5.319173e-01  2.156308e-01
 4.90000e+00 -8.00000e-01       5.864e+14  5.525589e-01  0.000000e+00  7.423786e-01  4.474411e-01
 5.60000e+00 -8.00000e-01       1.334e+14  1.984308e-01  0.000000e+00  8.703219e-01  8.015692e-01
 6.30000e+00 -8.00000e-01       2.348e+13 -2.367115e-01  0.000000e+00  8.282194e-01  7.632885e-01
 7.00000e+00 -8.00000e-01       3.226e+12 -6.294029e-01  0.000000e+00  5.758568e-01  3.705971e-01
-7.00000e+00 -4.00000e-01       1.409e+12 -4.646814e-01  0.000000e+00 -2.964905e-01  5.353186e-01
-6.30000e+00 -4.00000e-01       1.164e+13  2.376742e-02  0.000000e+00 -7.290637e-01  9.762326e-01
-5.60000e+00 -4.00000e-01       8.004e+13  4.953538e-01  0.000000e+00 -7.236897e-01  5.046462e-01
-4.90000e+00 -4.00000e-01       4.516e+14  7.917069e-01  0.000000e+00 -5.168547e-01  2.082931e-01
-4.20000e+00 -4.00000e-01       2.001e+15  9.207171e-01  0.000000e+00 -3.356937e-01  7.928286e-02
-3.50000e+00 -4.00000e-01       5.403e+15  9.645419e-01  0.000000e+00 -2.140913e-01  3.545806e-02
-2.80000e+00 -4.00000e-01       8.360e+15  9.816604e-01  0.000000e+00 -8.334728e-02  1.833957e-02
-2.10000e+00 -4.00000e-01       9.416e+15  9.852982e-01  0.000000e+00  4.198516e-02  1.470182e-02
-1.40000e+00 -4.00000e-01       1.435e+16  9.908374e-01  0.000000e+00 -1.082434e-02  9.162624e-03
-7.00000e-01 -4.00000e-01       2.402e+16  9.950202e-01  0.000000e+00 -5.666773e-02  4.979800e-03
 0.00000e+00 -4.00000e-01       2.592e+16  9.956452e-01  0.000000e+00  1.620294e-15  4.354848e-03
 7.00000e-01 -4.00000e-01       2.402e+16  9.950202e-01  0.000000e+00  5.666773e-02  4.979800e-03
 1.40000e+00 -4.00000e-01       1.435e+16  9.908374e-01  0.000000e+00  1.082434e-02  9.162624e-03
 2.10000e+00 -4.00000e-01       9.416e+15  9.852982e-01  0.000000e+00 -4.198516e-02  1.470182e-02
 2.80000e+00 -4.00000e-01       8.360e+15  9.816604e-01  0.000000e+00  8.334728e-02  1.833957e-02
 3.50000e+00 -4.00000e-01       5.403e+15  9.645419e-01  0.000000e+00  2.140913e-01  3.545806e-02
 4.20000e+00 -4.00000e-01       2.001e+15  9.207171e-01  0.000000e+00  3.356937e-01  7.928286e-02
 4.90000e+00 -4.00000e-01       4.516e+14  7.917069e-01  0.000000e+00  5.168547e-01  2.082931e-01
 5.60000e+00 -4.00000e-01       8.004e+13  4.953538e-01  0.000000e+00  7.236897e-01  5.046462e-01
 6.30000e+00 -4.00000e-01       1.164e+13  2.376742e-02  0.000000e+00  7.290637e-01  9.762326e-01
 7.00000e+00 -4.00000e-01       1.409e+12 -4.646814e-01  0.000000e+00  2.964905e-01  5.353186e-01
-7.00000e+00  0.00000e+00       3.426e+11  9.954719e-01  0.000000e+00 -5.000879e-11  4.528055e-03
-6.30000e+00  0.00000e+00       5.040e+12  9.983383e-01  0.000000e+00  5.507943e-11  1.661657e-03
-5.60000e+00  0.00000e+00       5.718e+13  9.994768e-01  0.000000e+00  1.587729e-11  5.232036e-04
-4.90000e+00  0.00000e+00       3.904e+14  9.998121e-01  0.000000e+00  7.907975e-12  1.878601e-04
-4.20000e+00  0.00000e+00       1.695e+15  9.999382e-01  0.000000e+00  5.309211e-12  6.178411e-05
-3.50000e+00  0.00000e+00       4.795e+15  9.999844e-01  0.000000e+00  1.016500e-12  1.559261e-05
-2.80000e+00  0.00000e+00       8.644e+15  9.999942e-01  0.000000e+00  1.127972e-12  5.793699e-06
-2.10000e+00  0.00000e+00       1.044e+16  9.999902e-01  0.000000e+00  1.104779e-11  9.762782e-06
-1.40000e+00  0.00000e+00       1.272e+16  9.999751e-01  0.000000e+00  2.477741e-11  2.488793e-05
-7.00000e-01  0.00000e+00       1.553e+16  9.999597e-01  0.000000e+00  2.435999e-11  4.031846e-05
 0.00000e+00  0.00000e+00       1.395e+16  9.999511e-01  0.000000e+00  2.209454e-17  4.891893e-05
 7.00000e-01  0.00000e+00       1.553e+16  9.999597e-01  0.000000e+00 -2.435995e-11  4.031846e-05
 1.40000e+00  0.00000e+00       1.272e+16  9.999751e-01  0.000000e+00 -2.477740e-11  2.488793e-05
 2.10000e+00  0.00000e+00       1.044e+16  9.999902e-01  0.000000e+00 -1.104780e-11  9.762782e-06
 2.80000e+00  0.00000e+00       8.644e+15  9.999942e-01  0.000000e+00 -1.127880e-12  5.793699e-06
 3.50000e+00  0.00000e+00       4.795e+15  9.999844e-01  0.000000e+00 -1.016253e-12  1.559261e-05
 4.20000e+00  0.00000e+00       1.695e+15  9.999382e-01  0.000000e+00 -5.308667e-12  6.178411e-05
 4.90000e+00  0.00000e+00       3.904e+14  9.998121e-01  0.000000e+00 -7.907218e-12  1.878601e-04
 5.60000e+00  0.00000e+00       5.718e+13  9.994768e-01  0.000000e+00 -1.587587e-11  5.232036e-04
 6.30000e+00  0.00000e+00       5.040e+12  9.983383e-01  0.000000e+00 -5.507786e-11  1.661657e-03
 7.00000e+00  0.00000e+00       3.426e+11  9.954719e-01  0.000000e+00  5.000923e-11  4.528055e-03
-7.00000e+00  4.00000e-01       1.409e+12 -4.646814e-01  0.000000e+00  2.964905e-01  5.353186e-01
-6.30000e+00  4.00000e-01       1.164e+13  2.376742e-02  0.000000e+00  7.290637e-01  9.762326e-01
-5.60000e+00  4.00000e-01       8.004e+13  4.953538e-01  0.000000e+00  7.236897e-01  5.046462e-01
-4.90000e+00  4.00000e-01       4.516e+14  7.917069e-01  0.000000e+00  5.168547e-01  2.082931e-01
-4.20000e+00  4.00000e-01       2.001e+15  9.207171e-01  0.000000e+00  3.356937e-01  7.928286e-02
-3.50000e+00  4.00000e-01       5.403e+15  9.645419e-01  0.000000e+00  2.140913e-01  3.545806e-02
-2.80000e+00  4.00000e-01       8.360e+15  9.816604e-01  0.000000e+00  8.334728e-02  1.833957e-02
-2.10000e+00  4.00000e-01       9.416e+15  9.852982e-01  0.000000e+00 -4.198516e-02  1.470182e-02
-1.40000e+00  4.00000e-01       1.435e+16  9.908374e-01  0.000000e+00  1.082434e-02  9.162624e-03
-7.00000e-01  4.00000e-01       2.402e+16  9.950202e-01  0.000000e+00  5.666773e-02  4.979800e-03
 0.00000e+00  4.00000e-01       2.592e+16  9.956452e-01  0.000000e+00 -1.620811e-15  4.354848e-03
 7.00000e-01  4.00000e-01       2.402e+16  9.950202e-01  0.000000e+00 -5.666773e-02  4.979800e-03
 1.40000e+00  4.00000e-01       1.435e+16  9.908374e-01  0.000000e+00 -1.082434e-02  9.162624e-03
 2.10000e+00  4.00000e-01       9.416e+15  9.852982e-01  0.000000e+00  4.198516e-02  1.470182e-02
 2.80000e+00  4.00000e-01       8.360e+15  9.816604e-01  0.000000e+00 -8.334728e-02  1.833957e-02
 3.50000e+00  4.00000e-01       5.403e+15  9.645419e-01  0.000000e+00 -2.140913e-01  3.545806e-02
 4.20000e+00  4.00000e-01       2.001e+15  9.207171e-01  0.000000e+00 -3.356937e-01  7.928286e-02
 4.90000e+00  4.00000e-01       4.516e+14  7.917069e-01  0.000000e+00 -5.168547e-01  2.082931e-01
 5.60000e+00  4.00000e-01       8.004e+13  4.953538e-01  0.000000e+00 -7.236897e-01  5.046462e-01
 6.30000e+00  4.00000e-01       1.164e+13  2.376742e-02  0.000000e+00 -7.290637e-01  9.762326e-01
 7.00000e+00  4.00000e-01       1.409e+12 -4.646814e-01  0.000000e+00 -2.964905e-01  5.353186e-01
-7.00000e+00  8.00000e-01       3.226e+12 -6.294029e-01  0.000000e+00  5.758568e-01  3.705971e-01
-6.30000e+00  8.00000e-01       2.348e+13 -2.367115e-01  0.000000e+00  8.282194e-01  7.632885e-01
-5.60000e+00  8.00000e-01       1.334e+14  1.984308e-01  0.000000e+00  8.703219e-01  8.015692e-01
-4.90000e+00  8.00000e-01       5.864e+14  5.525589e-01  0.000000e+00  7.423786e-01  4.474411e-01
-4.20000e+00  8.00000e-01       1.934e+15  7.843692e-01  0.000000e+00  5.319173e-01  2.156308e-01
-3.50000e+00  8.00000e-01       4.528e+15  9.085527e-01  0.000000e+00  3.007119e-01  9.144734e-02
-2.80000e+00  8.00000e-01       6.841e+15  9.430954e-01  0.000000e+00  6.815247e-02  5.690463e-02
-2.10000e+00  8.00000e-01       6.014e+15  8.834430e-01  0.000000e+00 -1.996781e-01  1.165570e-01
-1.40000e+00  8.00000e-01       3.029e+15  7.590917e-01  0.000000e+00 -4.750858e-01  2.409083e-01
-7.00000e-01  8.00000e-01       1.218e+15  6.447918e-01  0.000000e+00 -4.234449e-01  3.552082e-01
 0.00000e+00  8.00000e-01       9.915e+14  5.754334e-01  0.000000e+00  4.238807e-15  4.245666e-01
 7.00000e-01  8.00000e-01       1.218e+15  6.447918e-01  0.000000e+00  4.234449e-01  3.552082e-01
 1.40000e+00  8.00000e-01       3.029e+15  7.590917e-01  0.000000e+00  4.750858e-01  2.409083e-01
 2.10000e+00  8.00000e-01       6.014e+15  8.834430e-01  0.000000e+00  1.996781e-01  1.165570e-01
 2.80000e+00  8.00000e-01       6.841e+15  9.430954e-01  0.000000e+00 -6.815247e-02  5.690463e-02
 3.50000e+00  8.00000e-01       4.528e+15  9.085527e-01  0.000000e+00 -3.007119e-01  9.144734e-02
 4.20000e+00  8.00000e-01       1.934e+15  7.843692e-01  0.000000e+00 -5.319173e-01  2.156308e-01
 4.90000e+00  8.00000e-01       5.864e+14  5.525589e-01  0.000000e+00 -7.423786e-01  4.474411e-01
 5.60000e+00  8.00000e-01       1.334e+14  1.984308e-01  0.000000e+00 -8.703219e-01  8.015692e-01
 6.30000e+00  8.00000e-01       2.348e+13 -2.367115e-01  0.000000e+00 -8.282194e-01  7.632885e-01
 7.00000e+00  8.00000e-01       3.226e+12 -6.294029e-01  0.000000e+00 -5.758568e-01  3.705971e-01
-7.00000e+00  1.20000e+00       4.119e+12 -4.588477e-01  0.000000e+00  8.036966e-01  5.411523e-01
-6.30000e+00  1.20000e+00       2.932e+13 -1.305223e-01  0.000000e+00  9.124809e-01  8.694777e-01
-5.60000e+00  1.20000e+00       1.539e+14  2.215435e-01  0.000000e+00  8.970314e-01  7.784565e-01
-4.90000e+00  1.20000e+00       6.037e+14  5.362919e-01  0.000000e+00  7.597626e-01  4.637081e-01
-4.20000e+00  1.20000e+00       1.750e+15  7.680676e-01  0.000000e+00  5.315101e-01  2.319324e-01
-3.50000e+00  1.20000e+00       3.586e+15  8.934954e-01  0.000000e+00  2.497951e-01  1.065046e-01
-2.80000e+00  1.20000e+00       4.847e+15  8.857171e-01  0.000000e+00 -2.605346e-02  1.142829e-01
-2.10000e+00  1.20000e+00       4.104e+15  6.390077e-01  0.000000e+00 -1.024230e-01  3.609923e-01
-1.40000e+00  1.20000e+00       2.223e+15  8.811412e-02  0.000000e+00  1.969365e-01  9.118859e-01
-7.00000e-01  1.20000e+00       7.210e+14 -3.254315e-01  0.000000e+00  5.083399e-01  6.745685e-01
 0.00000e+00  1.20000e+00       2.187e+14 -2.933333e-01  0.000000e+00  9.618705e-15  7.066667e-01
 7.00000e-01  1.20000e+00       7.210e+14 -3.254315e-01  0.000000e+00 -5.083399e-01  6.745685e-01
 1.40000e+00  1.20000e+00       2.223e+15  8.811412e-02  0.000000e+00 -1.969365e-01  9.118859e-01
 2.10000e+00  1.20000e+00       4.104e+15  6.390077e-01  0.000000e+00  1.024230e-01  3.609923e-01
 2.80000e+00  1.20000e+00       4.847e+15  8.857171e-01  0.000000e+00  2.605346e-02  1.142829e-01
 3.50000e+00  1.20000e+00       3.586e+15  8.934954e-01  0.000000e+00 -2.497951e-01  1.065046e-01
 4.20000e+00  1.20000e+00       1.750e+15  7.680676e-01  0.000000e+00 -5.315101e-01  2.319324e-01
 4.90000e+00  1.20000e+00       6.037e+14  5.362919e-01  0.000000e+00 -7.597626e-01  4.637081e-01
 5.60000e+00  1.20000e+00       1.539e+14  2.215435e-01  0.000000e+00 -8.970314e-01  7.784565e-01
 6.30000e+00  1.20000e+00       2.932e+13 -1.305223e-01  0.000000e+00 -9.124809e-01  8.694777e-01
 7.00000e+00  1.20000e+00       4.119e+12 -4.588477e-01  0.000000e+00 -8.036966e-01  5.411523e-01
-7.00000e+00  1.60000e+00       3.319e+12 -1.551822e-01  0.000000e+00  9.374219e-01  8.448178e-01
-6.30000e+00  1.60000e+00       2.377e+13  1.302060e-01  0.000000e+00  9.357960e-01  8.697940e-01
-5.60000e+00  1.60000e+00       1.213e+14  4.177130e-01  0.000000e+00  8.414706e-01  5.822870e-01
-4.90000e+00  1.60000e+00       4.465e+14  6.687921e-01  0.000000e+00  6.503538e-01  3.312079e-01
-4.20000e+00  1.60000e+00       1.174e+15  8.406083e-01  0.000000e+00  3.727928e-01  1.593917e-01
-3.50000e+00  1.60000e+00       2.119e+15  8.796112e-01  0.000000e+00  3.739875e-02  1.203888e-01
-2.80000e+00  1.60000e+00       2.564e+15  7.079532e-01  0.000000e+00 -2.781350e-01  2.920468e-01
-2.10000e+00  1.60000e+00       2.998e+15  5.691117e-01  0.000000e+00 -2.795040e-01  4.308883e-01
-1.40000e+00  1.60000e+00       5.181e+15  8.473647e-01  0.000000e+00 -2.521276e-02  1.526353e-01
-7.00000e-01  1.60000e+00       5.064e+15  9.631030e-01  0.000000e+00  4.137737e-02  3.689702e-02
 0.00000e+00  1.60000e+00       3.083e+15  9.813454e-01  0.000000e+00  3.648615e-16  1.865465e-02
 7.00000e-01  1.60000e+00       5.064e+15  9.631030e-01  0.000000e+00 -4.137737e-02  3.689702e-02
 1.40000e+00  1.60000e+00       5.181e+15  8.473647e-01  0.000000e+00  2.521276e-02  1.526353e-01
 2.10000e+00  1.60000e+00       2.998e+15  5.691117e-01  0.000000e+00  2.795040e-01  4.308883e-01
 2.80000e+00  1.60000e+00       2.564e+15  7.079532e-01  0.000000e+00  2.781350e-01  2.920468e-01
 3.50000e+00  1.60000e+00       2.119e+15  8.796112e-01  0.000000e+00 -3.739875e-02  1.203888e-01
 4.20000e+00  1.60000e+00       1.174e+15  8.406083e-01  0.000000e+00 -3.727928e-01  1.593917e-01
 4.90000e+00  1.60000e+00       4.465e+14  6.687921e-01  0.000000e+00 -6.503538e-01  3.312079e-01
 5.60000e+00  1.60000e+00       1.213e+14  4.177130e-01  0.000000e+00 -8.414706e-01  5.822870e-01
 6.30000e+00  1.60000e+00       2.377e+13  1.302060e-01  0.000000e+00 -9.357960e-01  8.697940e-01
 7.00000e+00  1.60000e+00       3.319e+12 -1.551822e-01  0.000000e+00 -9.374219e-01  8.448178e-01
-7.00000e+00  2.00000e+00       1.765e+12  2.278966e-01  0.000000e+00  9.303373e-01  7.721034e-01
-6.30000e+00  2.00000e+00       1.278e+13  4.670893e-01  0.000000e+00  8.288033e-01  5.329107e-01
-5.60000e+00  2.00000e+00       6.413e+13  6.846437e-01  0.000000e+00  6.450530e-01  3.153563e-01
-4.90000e+00  2.00000e+00       2.240e+14  8.424473e-01  0.000000e+00  3.747436e-01  1.575527e-01
-4.20000e+00  2.00000e+00       5.380e+14  8.804905e-01  0.000000e+00  3.042661e-02  1.195095e-01
-3.50000e+00  2.00000e+00       8.797e+14  7.047773e-01  0.000000e+00 -3.061955e-01  2.952227e-01
-2.80000e+00  2.00000e+00       1.118e+15  3.524910e-01  0.000000e+00 -2.895806e-01  6.475090e-01
-2.10000e+00  2.00000e+00       1.486e+15  3.614945e-01  0.000000e+00  2.749572e-01  6.385055e-01
-1.40000e+00  2.00000e+00       1.358e+15  5.473027e-01  0.000000e+00  6.058101e-01  4.526973e-01
-7.00000e-01  2.00000e+00       5.038e+14  6.087050e-01  0.000000e+00  6.434467e-01  3.912950e-01
 0.00000e+00  2.00000e+00       1.550e+14  5.665653e-01  0.000000e+00 -1.666475e-14  4.334347e-01
 7.00000e-01  2.00000e+00       5.038e+14  6.087050e-01  0.000000e+00 -6.434467e-01  3.912950e-01
 1.40000e+00  2.00000e+00       1.358e+15  5.473027e-01  0.000000e+00 -6.058101e-01  4.526973e-01
 2.10000e+00  2.00000e+00       1.486e+15  3.614945e-01  0.000000e+00 -2.749572e-01  6.385055e-01
 2.80000e+00  2.00000e+00       1.118e+15  3.524910e-01  0.000000e+00  2.895806e-01  6.475090e-01
 3.50000e+00  2.00000e+00       8.797e+14  7.047773e-01  0.000000e+00  3.061955e-01  2.952227e-01
 4.20000e+00  2.00000e+00       5.380e+14  8.804905e-01  0.000000e+00 -3.042661e-02  1.195095e-01
 4.90000e+00  2.00000e+00       2.240e+14  8.424473e-01  0.000000e+00 -3.747436e-01  1.575527e-01
 5.60000e+00  2.00000e+00       6.413e+13  6.846437e-01  0.000000e+00 -6.450530e-01  3.153563e-01
 6.30000e+00  2.00000e+00       1.278e+13  4.670893e-01  0.000000e+00 -8.288033e-01  5.329107e-01
 7.00000e+00  2.00000e+00       1.765e+12  2.278966e-01  0.000000e+00 -9.303373e-01  7.721034e-01
-7.00000e+00  2.40000e+00       6.121e+11  6.272399e-01  0.000000e+00  7.173733e-01  3.727601e-01
-6.30000e+00  2.40000e+00       4.436e+12  7.923191e-01  0.000000e+00  5.133937e-01  2.076809e-01
-5.60000e+00  2.40000e+00       2.169e+13  8.932752e-01  0.000000e+00  2.312739e-01  1.067248e-01
-4.90000e+00  2.40000e+00       7.160e+13  8.689804e-01  0.000000e+00 -1.150139e-01  1.310196e-01
-4.20000e+00  2.40000e+00       1.608e+14  6.228592e-01  0.000000e+00 -4.356843e-01  3.771408e-01
-3.50000e+00  2.40000e+00       2.698e+14  1.655436e-01  0.000000e+00 -4.188940e-01  8.344564e-01
-2.80000e+00  2.40000e+00       4.365e+14  4.756224e-02  0.000000e+00  1.356327e-01  9.524378e-01
-2.10000e+00  2.40000e+00       6.625e+14  1.414420e-01  0.000000e+00  4.448117e-01  8.585580e-01
-1.40000e+00  2.40000e+00       8.051e+14 -3.615582e-01  0.000000e+00  2.613238e-01  6.384418e-01
-7.00000e-01  2.40000e+00       6.903e+14 -8.050653e-01  0.000000e+00  7.962153e-02  1.949347e-01
 0.00000e+00  2.40000e+00       4.547e+14 -9.009593e-01  0.000000e+00 -1.484299e-15  9.904074e-02
 7.00000e-01  2.40000e+00       6.903e+14 -8.050653e-01  0.000000e+00 -7.962153e-02  1.949347e-01
 1.40000e+00  2.40000e+00       8.051e+14 -3.615582e-01  0.000000e+00 -2.613238e-01  6.384418e-01
 2.10000e+00  2.40000e+00       6.625e+14  1.414420e-01  0.000000e+00 -4.448117e-01  8.585580e-01
 2.80000e+00  2.40000e+00       4.365e+14  4.756224e-02  0.000000e+00 -1.356327e-01  9.524378e-01
 3.50000e+00  2.40000e+00       2.698e+14  1.655436e-01  0.000000e+00  4.188940e-01  8.344564e-01
 4.20000e+00  2.40000e+00       1.608e+14  6.228592e-01  0.000000e+00  4.356843e-01  3.771408e-01
 4.90000e+00  2.40000e+00       7.160e+13  8.689804e-01  0.000000e+00  1.150139e-01  1.310196e-01
 5.60000e+00  2.40000e+00       2.169e+13  8.932752e-01  0.000000e+00 -2.312739e-01  1.067248e-01
 6.30000e+00  2.40000e+00       4.436e+12  7.923191e-01  0.000000e+00 -5.133937e-01  2.076809e-01
 7.00000e+00  2.40000e+00       6.121e+11  6.272399e-01  0.000000e+00 -7.173733e-01  3.727601e-01
-7.00000e+00  2.80000e+00       1.336e+11  8.919956e-01  0.000000e+00  2.240262e-01  1.080044e-01
-6.30000e+00  2.80000e+00       9.502e+11  9.054732e-01  0.000000e+00 -7.163663e-02  9.452681e-02
-5.60000e+00  2.80000e+00       4.505e+12  7.570839e-01  0.000000e+00 -3.980198e-01  2.429161e-01
-4.90000e+00  2.80000e+00       1.456e+13  3.807135e-01  0.000000e+00 -6.169729e-01  6.192865e-01
-4.20000e+00  2.80000e+00       3.542e+13 -1.078227e-01  0.000000e+00 -4.237484e-01  8.921773e-01
-3.50000e+00  2.80000e+00       7.863e+13 -1.196474e-01  0.000000e+00  1.516813e-01  8.803526e-01
-2.80000e+00  2.80000e+00       1.592e+14  2.828465e-01  0.000000e+00  3.440272e-01  7.171535e-01
-2.10000e+00  2.80000e+00       2.330e+14  1.552147e-01  0.000000e+00  1.587493e-01  8.447853e-01
-1.40000e+00  2.80000e+00       2.203e+14 -4.436804e-01  0.000000e+00 -3.088779e-02  5.563196e-01
-7.00000e-01  2.80000e+00       1.053e+14 -7.755652e-01  0.000000e+00 -1.014317e-01  2.244348e-01
 0.00000e+00  2.80000e+00       3.772e+13 -7.730576e-01  0.000000e+00 -3.100376e-16  2.269424e-01
 7.00000e-01  2.80000e+00       1.053e+14 -7.755652e-01  0.000000e+00  1.014317e-01  2.244348e-01
 1.40000e+00  2.80000e+00       2.203e+14 -4.436804e-01  0.000000e+00  3.088779e-02  5.563196e-01
 2.10000e+00  2.80000e+00       2.330e+14  1.552147e-01  0.000000e+00 -1.587493e-01  8.447853e-01
 2.80000e+00  2.80000e+00       1.592e+14  2.828465e-01  0.000000e+00 -3.440272e-01  7.171535e-01
 3.50000e+00  2.80000e+00       7.863e+13 -1.196474e-01  0.000000e+00 -1.516813e-01  8.803526e-01
 4.20000e+00  2.80000e+00       3.542e+13 -1.078227e-01  0.000000e+00  4.237484e-01  8.921773e-01
 4.90000e+00  2.80000e+00       1.456e+13  3.807135e-01  0.000000e+00  6.169729e-01  6.192865e-01
 5.60000e+00  2.80000e+00       4.505e+12  7.570839e-01  0.000000e+00  3.980198e-01  2.429161e-01
 6.30000e+00  2.80000e+00       9.502e+11  9.054732e-01  0.000000e+00  7.163663e-02  9.452681e-02
 7.00000e+00  2.80000e+00       1.336e+11  8.919956e-01  0.000000e+00 -2.240262e-01  1.080044e-01
-7.00000e+00  3.20000e+00       1.854e+10  6.204866e-01  0.000000e+00 -4.686706e-01  3.795134e-01
-6.30000e+00  3.20000e+00       1.267e+11  3.708542e-01  0.000000e+00 -6.884904e-01  6.291458e-01
-5.60000e+00  3.20000e+00       6.239e+11 -9.350271e-02  0.000000e+00 -6.484324e-01  9.064973e-01
-4.90000e+00  3.20000e+00       2.382e+12 -4.117860e-01  0.000000e+00 -1.730644e-01  5.882140e-01
-4.20000e+00  3.20000e+00       7.773e+12 -1.530451e-01  0.000000e+00  3.567764e-01  8.469549e-01
-3.50000e+00  3.20000e+00       2.071e+13  3.440238e-01  0.000000e+00  3.300504e-01  6.559762e-01
-2.80000e+00  3.20000e+00       4.027e+13  4.556354e-01  0.000000e+00  5.695903e-02  5.443646e-01
-2.10000e+00  3.20000e+00       5.653e+13  1.259191e-01  0.000000e+00  2.461719e-01  8.740809e-01
-1.40000e+00  3.20000e+00       4.880e+13 -1.726008e-01  0.000000e+00  6.222111e-01  8.273992e-01
-7.00000e-01  3.20000e+00       1.924e+13 -2.013361e-01  0.000000e+00  7.058388e-01  7.986639e-01
 0.00000e+00  3.20000e+00       6.859e+12  4.180811e-02  0.000000e+00 -1.130270e-15  9.581919e-01
 7.00000e-01  3.20000e+00       1.924e+13 -2.013361e-01  0.000000e+00 -7.058388e-01  7.986639e-01
 1.40000e+00  3.20000e+00       4.880e+13 -1.726008e-01  0.000000e+00 -6.222111e-01  8.273992e-01
 2.10000e+00  3.20000e+00       5.653e+13  1.259191e-01  0.000000e+00 -2.461719e-01  8.740809e-01
 2.80000e+00  3.20000e+00       4.027e+13  4.556354e-01  0.000000e+00 -5.695903e-02  5.443646e-01
 3.50000e+00  3.20000e+00       2.071e+13  3.440238e-01  0.000000e+00 -3.300504e-01  6.559762e-01
 4.20000e+00  3.20000e+00       7.773e+12 -1.530451e-01  0.000000e+00 -3.567764e-01  8.469549e-01
 4.90000e+00  3.20000e+00       2.382e+12 -4.117860e-01  0.000000e+00  1.730644e-01  5.882140e-01
 5.60000e+00  3.20000e+00       6.239e+11 -9.350271e-02  0.000000e+00  6.484324e-01  9.064973e-01
 6.30000e+00  3.20000e+00       1.267e+11  3.708542e-01  0.000000e+00  6.884904e-01  6.291458e-01
 7.00000e+00  3.20000e+00       1.854e+10  6.204866e-01  0.000000e+00  4.686706e-01  3.795134e-01
-7.00000e+00  3.60000e+00       2.588e+09 -4.658929e-01  0.000000e+00 -3.905886e-01  5.341071e-01
-6.30000e+00  3.60000e+00       1.465e+10 -5.754802e-01  0.000000e+00 -1.647089e-01  4.245198e-01
-5.60000e+00  3.60000e+00       8.347e+10 -4.365236e-01  0.000000e+00  3.294378e-01  5.634764e-01
-4.90000e+00  3.60000e+00       3.955e+11  6.859576e-02  0.000000e+00  5.452829e-01  9.314042e-01
-4.20000e+00  3.60000e+00       1.385e+12  4.671664e-01  0.000000e+00  2.670010e-01  5.328336e-01
-3.50000e+00  3.60000e+00       3.405e+12  3.903915e-01  0.000000e+00 -1.429752e-01  6.096085e-01
-2.80000e+00  3.60000e+00       6.652e+12  2.015737e-01  0.000000e+00 -1.628375e-01  7.984263e-01
-2.10000e+00  3.60000e+00       1.099e+13  5.039580e-01  0.000000e+00  8.969116e-02  4.960420e-01
-1.40000e+00  3.60000e+00       1.005e+13  7.822070e-01  0.000000e+00  1.975956e-01  2.177930e-01
-7.00000e-01  3.60000e+00       4.287e+12  7.612498e-01  0.000000e+00  1.329201e-01  2.387502e-01
 0.00000e+00  3.60000e+00       2.367e+12  5.114323e-01  0.000000e+00 -1.960646e-15  4.885677e-01
 7.00000e-01  3.60000e+00       4.287e+12  7.612498e-01  0.000000e+00 -1.329201e-01  2.387502e-01
 1.40000e+00  3.60000e+00       1.005e+13  7.822070e-01  0.000000e+00 -1.975956e-01  2.177930e-01
 2.10000e+00  3.60000e+00       1.099e+13  5.039580e-01  0.000000e+00 -8.969116e-02  4.960420e-01
 2.80000e+00  3.60000e+00       6.652e+12  2.015737e-01  0.000000e+00  1.628375e-01  7.984263e-01
 3.50000e+00  3.60000e+00       3.405e+12  3.903915e-01  0.000000e+00  1.429752e-01  6.096085e-01
 4.20000e+00  3.60000e+00       1.385e+12  4.671664e-01  0.000000e+00 -2.670010e-01  5.328336e-01
 4.90000e+00  3.60000e+00       3.955e+11  6.859576e-02  0.000000e+00 -5.452829e-01  9.314042e-01
 5.60000e+00  3.60000e+00       8.347e+10 -4.365236e-01  0.000000e+00 -3.294378e-01  5.634764e-01
 6.30000e+00  3.60000e+00       1.465e+10 -5.754802e-01  0.000000e+00  1.647089e-01  4.245198e-01
 7.00000e+00  3.60000e+00       2.588e+09 -4.658929e-01  0.000000e+00  3.905886e-01  5.341071e-01
-7.00000e+00  4.00000e+00       9.642e+08 -7.056375e-01  0.000000e+00  1.372132e-01  2.943625e-01
-6.30000e+00  4.00000e+00       2.903e+09 -3.430090e-01  0.000000e+00  4.765550e-01  6.569910e-01
-5.60000e+00  4.00000e+00       1.199e+10  2.477835e-01  0.000000e+00  4.609985e-01  7.522165e-01
-4.90000e+00  4.00000e+00       4.801e+10  4.878594e-01  0.000000e+00  4.975782e-02  5.121406e-01
-4.20000e+00  4.00000e+00       1.448e+11  1.931122e-01  0.000000e+00 -2.536178e-01  8.068878e-01
-3.50000e+00  4.00000e+00       3.623e+11 -1.057978e-01  0.000000e+00 -1.785796e-02  8.942022e-01
-2.80000e+00  4.00000e+00       8.121e+11 -3.740594e-02  0.000000e+00  1.235382e-01  9.625941e-01
-2.10000e+00  4.00000e+00       1.309e+12 -1.468696e-01  0.000000e+00 -2.775298e-01  8.531304e-01
-1.40000e+00  4.00000e+00       1.187e+12 -2.497690e-01  0.000000e+00 -5.971454e-01  7.502310e-01
-7.00000e-01  4.00000e+00       8.234e+11  1.917103e-01  0.000000e+00 -3.686873e-01  8.082897e-01
 0.00000e+00  4.00000e+00       8.309e+11  5.629272e-01  0.000000e+00  1.094930e-15  4.370728e-01
 7.00000e-01  4.00000e+00       8.234e+11  1.917103e-01  0.000000e+00  3.686873e-01  8.082897e-01
 1.40000e+00  4.00000e+00       1.187e+12 -2.497690e-01  0.000000e+00  5.971454e-01  7.502310e-01
 2.10000e+00  4.00000e+00       1.309e+12 -1.468696e-01  0.000000e+00  2.775298e-01  8.531304e-01
 2.80000e+00  4.00000e+00       8.121e+11 -3.740594e-02  0.000000e+00 -1.235382e-01  9.625941e-01
 3.50000e+00  4.00000e+00       3.623e+11 -1.057978e-01  0.000000e+00  1.785796e-02  8.942022e-01
 4.20000e+00  4.00000e+00       1.448e+11  1.931122e-01  0.000000e+00  2.536178e-01  8.068878e-01
 4.90000e+00  4.00000e+00       4.801e+10  4.878594e-01  0.000000e+00 -4.975782e-02  5.121406e-01
 5.60000e+00  4.00000e+00       1.199e+10  2.477835e-01  0.000000e+00 -4.609985e-01  7.522165e-01
 6.30000e+00  4.00000e+00       2.903e+09 -3.430090e-01  0.000000e+00 -4.765550e-01  6.569910e-01
 7.00000e+00  4.00000e+00       9.642e+08 -7.056375e-01  0.000000e+00 -1.372132e-01  2.943625e-01
