 EB(GeV)    EMITTANCEx EMITTANCEy SIZEx(m)   SIZEy(m)   DIVx(rad)  DIVy(rad)
 2.411e+00  5.499e-09  1.017e-12  8.711e-05  1.009e-06  6.313e-05  1.009e-06
 betax      alphax     betay      alphay     eta        deta       E_spread  
 1.380e+00  0.000e+00  1.000e+00  0.000e+00  0.000e+00  0.000e+00  8.600e-04
 Ibeam(A)   period(cm) #periods   Kx         Ky         Energy(eV)
 4.005e-01  1.900e+00         96  0.000e+00  1.780e+00  3.884e+03


           x            y       F.Density            PL            PC          PL45        1-|PL|
          mm           mm  ph/s/mr^2/0.1%             -             -             -             -
-7.00000e+00 -4.00000e+00       1.561e+09 -7.086262e-01  0.000000e+00  9.796276e-04  2.913738e-01
-6.30000e+00 -4.00000e+00       6.448e+09 -5.455240e-01  0.000000e+00 -3.499400e-01  4.544760e-01
-5.60000e+00 -4.00000e+00       3.227e+10 -7.820460e-02  0.000000e+00 -6.060669e-01  9.217954e-01
-4.90000e+00 -4.00000e+00       1.400e+11  4.130741e-01  0.000000e+00 -4.227352e-01  5.869259e-01
-4.20000e+00 -4.00000e+00       4.478e+11  5.067072e-01  0.000000e+00  3.011111e-02  4.932928e-01
-3.50000e+00 -4.00000e+00       1.053e+12  1.486633e-01  0.000000e+00  2.331420e-01  8.513367e-01
-2.80000e+00 -4.00000e+00       2.110e+12 -8.799306e-03  0.000000e+00  1.305340e-01  9.912007e-01
-2.10000e+00 -4.00000e+00       3.682e+12  3.854302e-01  0.000000e+00  3.046707e-01  6.145698e-01
-1.40000e+00 -4.00000e+00       3.495e+12  6.274438e-01  0.000000e+00  5.119390e-01  3.725562e-01
-7.00000e-01 -4.00000e+00       1.133e+12  4.336574e-01  0.000000e+00  6.851596e-01  5.663426e-01
 0.00000e+00 -4.00000e+00       2.921e+11 -5.819307e-01  0.000000e+00 -1.293760e-14  4.180693e-01
 7.00000e-01 -4.00000e+00       1.133e+12  4.336574e-01  0.000000e+00 -6.851596e-01  5.663426e-01
 1.40000e+00 -4.00000e+00       3.495e+12  6.274438e-01  0.000000e+00 -5.119390e-01  3.725562e-01
 2.10000e+00 -4.00000e+00       3.682e+12  3.854302e-01  0.000000e+00 -3.046707e-01  6.145698e-01
 2.80000e+00 -4.00000e+00       2.110e+12 -8.799306e-03  0.000000e+00 -1.305340e-01  9.912007e-01
 3.50000e+00 -4.00000e+00       1.053e+12  1.486633e-01  0.000000e+00 -2.331420e-01  8.513367e-01
 4.20000e+00 -4.00000e+00       4.478e+11  5.067072e-01  0.000000e+00 -3.011111e-02  4.932928e-01
 4.90000e+00 -4.00000e+00       1.400e+11  4.130741e-01  0.000000e+00  4.227352e-01  5.869259e-01
 5.60000e+00 -4.00000e+00       3.227e+10 -7.820460e-02  0.000000e+00  6.060669e-01  9.217954e-01
 6.30000e+00 -4.00000e+00       6.448e+09 -5.455240e-01  0.000000e+00  3.499400e-01  4.544760e-01
 7.00000e+00 -4.00000e+00       1.561e+09 -7.086262e-01  0.000000e+00 -9.796276e-04  2.913738e-01
-7.00000e+00 -3.60000e+00       7.430e+09  8.913177e-02  0.000000e+00  6.256014e-01  9.108682e-01
-6.30000e+00 -3.60000e+00       4.444e+10 -2.102191e-01  0.000000e+00  6.359310e-01  7.897809e-01
-5.60000e+00 -3.60000e+00       2.204e+11 -5.168503e-01  0.000000e+00  2.322375e-01  4.831497e-01
-4.90000e+00 -3.60000e+00       9.095e+11 -3.574252e-01  0.000000e+00 -3.340935e-01  6.425748e-01
-4.20000e+00 -3.60000e+00       3.067e+12  1.727729e-01  0.000000e+00 -4.832575e-01  8.272271e-01
-3.50000e+00 -3.60000e+00       7.708e+12  4.837324e-01  0.000000e+00 -1.237037e-01  5.162676e-01
-2.80000e+00 -3.60000e+00       1.451e+13  4.063149e-01  0.000000e+00  1.546456e-01  5.936851e-01
-2.10000e+00 -3.60000e+00       2.354e+13  3.947655e-01  0.000000e+00 -2.419778e-01  6.052345e-01
-1.40000e+00 -3.60000e+00       2.465e+13  4.763432e-01  0.000000e+00 -6.330655e-01  5.236568e-01
-7.00000e-01 -3.60000e+00       1.039e+13  4.534309e-01  0.000000e+00 -7.102590e-01  5.465691e-01
 0.00000e+00 -3.60000e+00       3.058e+12  2.244683e-01  0.000000e+00 -2.766960e-15  7.755317e-01
 7.00000e-01 -3.60000e+00       1.039e+13  4.534309e-01  0.000000e+00  7.102590e-01  5.465691e-01
 1.40000e+00 -3.60000e+00       2.465e+13  4.763432e-01  0.000000e+00  6.330655e-01  5.236568e-01
 2.10000e+00 -3.60000e+00       2.354e+13  3.947655e-01  0.000000e+00  2.419778e-01  6.052345e-01
 2.80000e+00 -3.60000e+00       1.451e+13  4.063149e-01  0.000000e+00 -1.546456e-01  5.936851e-01
 3.50000e+00 -3.60000e+00       7.708e+12  4.837324e-01  0.000000e+00  1.237037e-01  5.162676e-01
 4.20000e+00 -3.60000e+00       3.067e+12  1.727729e-01  0.000000e+00  4.832575e-01  8.272271e-01
 4.90000e+00 -3.60000e+00       9.095e+11 -3.574252e-01  0.000000e+00  3.340935e-01  6.425748e-01
 5.60000e+00 -3.60000e+00       2.204e+11 -5.168503e-01  0.000000e+00 -2.322375e-01  4.831497e-01
 6.30000e+00 -3.60000e+00       4.444e+10 -2.102191e-01  0.000000e+00 -6.359310e-01  7.897809e-01
 7.00000e+00 -3.60000e+00       7.430e+09  8.913177e-02  0.000000e+00 -6.256014e-01  9.108682e-01
-7.00000e+00 -3.20000e+00       5.737e+10  8.548747e-01  0.000000e+00  1.573255e-01  1.451253e-01
-6.30000e+00 -3.20000e+00       3.655e+11  7.258383e-01  0.000000e+00  4.609589e-01  2.741617e-01
-5.60000e+00 -3.20000e+00       1.621e+12  3.699564e-01  0.000000e+00  6.811728e-01  6.300436e-01
-4.90000e+00 -3.20000e+00       5.274e+12 -1.348572e-01  0.000000e+00  5.733983e-01  8.651428e-01
-4.20000e+00 -3.20000e+00       1.432e+13 -3.512090e-01  0.000000e+00  1.657193e-02  6.487910e-01
-3.50000e+00 -3.20000e+00       3.533e+13  5.517109e-02  0.000000e+00 -3.763940e-01  9.448289e-01
-2.80000e+00 -3.20000e+00       7.117e+13  4.797079e-01  0.000000e+00 -2.504300e-01  5.202921e-01
-2.10000e+00 -3.20000e+00       1.075e+14  2.868217e-01  0.000000e+00 -2.979209e-01  7.131783e-01
-1.40000e+00 -3.20000e+00       1.200e+14 -2.095153e-01  0.000000e+00 -6.316595e-01  7.904847e-01
-7.00000e-01 -3.20000e+00       6.729e+13 -4.234881e-01  0.000000e+00 -7.684947e-01  5.765119e-01
 0.00000e+00 -3.20000e+00       2.596e+13 -4.738226e-01  0.000000e+00  1.177338e-14  5.261774e-01
 7.00000e-01 -3.20000e+00       6.729e+13 -4.234881e-01  0.000000e+00  7.684947e-01  5.765119e-01
 1.40000e+00 -3.20000e+00       1.200e+14 -2.095153e-01  0.000000e+00  6.316595e-01  7.904847e-01
 2.10000e+00 -3.20000e+00       1.075e+14  2.868217e-01  0.000000e+00  2.979209e-01  7.131783e-01
 2.80000e+00 -3.20000e+00       7.117e+13  4.797079e-01  0.000000e+00  2.504300e-01  5.202921e-01
 3.50000e+00 -3.20000e+00       3.533e+13  5.517109e-02  0.000000e+00  3.763940e-01  9.448289e-01
 4.20000e+00 -3.20000e+00       1.432e+13 -3.512090e-01  0.000000e+00 -1.657193e-02  6.487910e-01
 4.90000e+00 -3.20000e+00       5.274e+12 -1.348572e-01  0.000000e+00 -5.733983e-01  8.651428e-01
 5.60000e+00 -3.20000e+00       1.621e+12  3.699564e-01  0.000000e+00 -6.811728e-01  6.300436e-01
 6.30000e+00 -3.20000e+00       3.655e+11  7.258383e-01  0.000000e+00 -4.609589e-01  2.741617e-01
 7.00000e+00 -3.20000e+00       5.737e+10  8.548747e-01  0.000000e+00 -1.573255e-01  1.451253e-01
-7.00000e+00 -2.80000e+00       3.310e+11  8.044360e-01  0.000000e+00 -4.871526e-01  1.955640e-01
-6.30000e+00 -2.80000e+00       2.161e+12  9.024987e-01  0.000000e+00 -2.223835e-01  9.750129e-02
-5.60000e+00 -2.80000e+00       9.641e+12  8.888267e-01  0.000000e+00  1.093350e-01  1.111733e-01
-4.90000e+00 -2.80000e+00       2.962e+13  6.835351e-01  0.000000e+00  4.474654e-01  3.164649e-01
-4.20000e+00 -2.80000e+00       6.547e+13  2.297744e-01  0.000000e+00  5.819317e-01  7.702256e-01
-3.50000e+00 -2.80000e+00       1.221e+14 -1.499891e-01  0.000000e+00  1.933349e-01  8.500109e-01
-2.80000e+00 -2.80000e+00       2.301e+14  1.535528e-01  0.000000e+00 -3.246003e-01  8.464472e-01
-2.10000e+00 -2.80000e+00       3.698e+14  4.213964e-01  0.000000e+00 -5.302800e-01  5.786036e-01
-1.40000e+00 -2.80000e+00       5.259e+14  2.719070e-02  0.000000e+00 -7.576990e-01  9.728093e-01
-7.00000e-01 -2.80000e+00       5.795e+14 -2.462758e-01  0.000000e+00 -7.960030e-01  7.537242e-01
 0.00000e+00 -2.80000e+00       4.531e+14 -2.844192e-01  0.000000e+00  6.374823e-15  7.155808e-01
 7.00000e-01 -2.80000e+00       5.795e+14 -2.462758e-01  0.000000e+00  7.960030e-01  7.537242e-01
 1.40000e+00 -2.80000e+00       5.259e+14  2.719070e-02  0.000000e+00  7.576990e-01  9.728093e-01
 2.10000e+00 -2.80000e+00       3.698e+14  4.213964e-01  0.000000e+00  5.302800e-01  5.786036e-01
 2.80000e+00 -2.80000e+00       2.301e+14  1.535528e-01  0.000000e+00  3.246003e-01  8.464472e-01
 3.50000e+00 -2.80000e+00       1.221e+14 -1.499891e-01  0.000000e+00 -1.933349e-01  8.500109e-01
 4.20000e+00 -2.80000e+00       6.547e+13  2.297744e-01  0.000000e+00 -5.819317e-01  7.702256e-01
 4.90000e+00 -2.80000e+00       2.962e+13  6.835351e-01  0.000000e+00 -4.474654e-01  3.164649e-01
 5.60000e+00 -2.80000e+00       9.641e+12  8.888267e-01  0.000000e+00 -1.093350e-01  1.111733e-01
 6.30000e+00 -2.80000e+00       2.161e+12  9.024987e-01  0.000000e+00  2.223835e-01  9.750129e-02
 7.00000e+00 -2.80000e+00       3.310e+11  8.044360e-01  0.000000e+00  4.871526e-01  1.955640e-01
-7.00000e+00 -2.40000e+00       1.231e+12  4.388384e-01  0.000000e+00 -8.506783e-01  5.611616e-01
-6.30000e+00 -2.40000e+00       8.080e+12  6.475739e-01  0.000000e+00 -6.937892e-01  3.524261e-01
-5.60000e+00 -2.40000e+00       3.701e+13  8.157589e-01  0.000000e+00 -4.530116e-01  1.842411e-01
-4.90000e+00 -2.40000e+00       1.186e+14  8.931951e-01  0.000000e+00 -1.283053e-01  1.068049e-01
-4.20000e+00 -2.40000e+00       2.645e+14  7.948404e-01  0.000000e+00  2.420319e-01  2.051596e-01
-3.50000e+00 -2.40000e+00       4.222e+14  4.275878e-01  0.000000e+00  4.766826e-01  5.724122e-01
-2.80000e+00 -2.40000e+00       6.023e+14  1.120318e-01  0.000000e+00  1.748144e-01  8.879682e-01
-2.10000e+00 -2.40000e+00       9.244e+14  4.144198e-01  0.000000e+00 -3.581572e-01  5.855802e-01
-1.40000e+00 -2.40000e+00       8.429e+14  6.699272e-01  0.000000e+00 -5.442808e-01  3.300728e-01
-7.00000e-01 -2.40000e+00       2.898e+14  7.111043e-01  0.000000e+00 -5.457586e-01  2.888957e-01
 0.00000e+00 -2.40000e+00       7.874e+13  5.637655e-01  0.000000e+00  1.435909e-14  4.362345e-01
 7.00000e-01 -2.40000e+00       2.898e+14  7.111043e-01  0.000000e+00  5.457586e-01  2.888957e-01
 1.40000e+00 -2.40000e+00       8.429e+14  6.699272e-01  0.000000e+00  5.442808e-01  3.300728e-01
 2.10000e+00 -2.40000e+00       9.244e+14  4.144198e-01  0.000000e+00  3.581572e-01  5.855802e-01
 2.80000e+00 -2.40000e+00       6.023e+14  1.120318e-01  0.000000e+00 -1.748144e-01  8.879682e-01
 3.50000e+00 -2.40000e+00       4.222e+14  4.275878e-01  0.000000e+00 -4.766826e-01  5.724122e-01
 4.20000e+00 -2.40000e+00       2.645e+14  7.948404e-01  0.000000e+00 -2.420319e-01  2.051596e-01
 4.90000e+00 -2.40000e+00       1.186e+14  8.931951e-01  0.000000e+00  1.283053e-01  1.068049e-01
 5.60000e+00 -2.40000e+00       3.701e+13  8.157589e-01  0.000000e+00  4.530116e-01  1.842411e-01
 6.30000e+00 -2.40000e+00       8.080e+12  6.475739e-01  0.000000e+00  6.937892e-01  3.524261e-01
 7.00000e+00 -2.40000e+00       1.231e+12  4.388384e-01  0.000000e+00  8.506783e-01  5.611616e-01
-7.00000e+00 -2.00000e+00       3.027e+12  1.530835e-02  0.000000e+00 -9.574239e-01  9.846917e-01
-6.30000e+00 -2.00000e+00       1.964e+13  2.783608e-01  0.000000e+00 -9.090676e-01  7.216392e-01
-5.60000e+00 -2.00000e+00       9.130e+13  5.367385e-01  0.000000e+00 -7.734276e-01  4.632615e-01
-4.90000e+00 -2.00000e+00       3.067e+14  7.528098e-01  0.000000e+00 -5.417997e-01  2.471902e-01
-4.20000e+00 -2.00000e+00       7.380e+14  8.731190e-01  0.000000e+00 -2.194932e-01  1.268810e-01
-3.50000e+00 -2.00000e+00       1.237e+15  8.135046e-01  0.000000e+00  1.500937e-01  1.864954e-01
-2.80000e+00 -2.00000e+00       1.484e+15  4.888772e-01  0.000000e+00  4.119549e-01  5.111228e-01
-2.10000e+00 -2.00000e+00       1.986e+15  4.449252e-01  0.000000e+00  2.288132e-01  5.550748e-01
-1.40000e+00 -2.00000e+00       3.482e+15  8.369264e-01  0.000000e+00 -2.926473e-02  1.630736e-01
-7.00000e-01 -2.00000e+00       3.037e+15  9.586545e-01  0.000000e+00 -7.772575e-02  4.134552e-02
 0.00000e+00 -2.00000e+00       1.644e+15  9.730785e-01  0.000000e+00  7.085289e-16  2.692151e-02
 7.00000e-01 -2.00000e+00       3.037e+15  9.586545e-01  0.000000e+00  7.772575e-02  4.134552e-02
 1.40000e+00 -2.00000e+00       3.482e+15  8.369264e-01  0.000000e+00  2.926473e-02  1.630736e-01
 2.10000e+00 -2.00000e+00       1.986e+15  4.449252e-01  0.000000e+00 -2.288132e-01  5.550748e-01
 2.80000e+00 -2.00000e+00       1.484e+15  4.888772e-01  0.000000e+00 -4.119549e-01  5.111228e-01
 3.50000e+00 -2.00000e+00       1.237e+15  8.135046e-01  0.000000e+00 -1.500937e-01  1.864954e-01
 4.20000e+00 -2.00000e+00       7.380e+14  8.731190e-01  0.000000e+00  2.194932e-01  1.268810e-01
 4.90000e+00 -2.00000e+00       3.067e+14  7.528098e-01  0.000000e+00  5.417997e-01  2.471902e-01
 5.60000e+00 -2.00000e+00       9.130e+13  5.367385e-01  0.000000e+00  7.734276e-01  4.632615e-01
 6.30000e+00 -2.00000e+00       1.964e+13  2.783608e-01  0.000000e+00  9.090676e-01  7.216392e-01
 7.00000e+00 -2.00000e+00       3.027e+12  1.530835e-02  0.000000e+00  9.574239e-01  9.846917e-01
-7.00000e+00 -1.60000e+00       5.075e+12 -3.660842e-01  0.000000e+00 -8.735193e-01  6.339158e-01
-6.30000e+00 -1.60000e+00       3.227e+13 -7.258632e-02  0.000000e+00 -9.374150e-01  9.274137e-01
-5.60000e+00 -1.60000e+00       1.511e+14  2.455142e-01  0.000000e+00 -9.017856e-01  7.544858e-01
-4.90000e+00 -1.60000e+00       5.292e+14  5.433957e-01  0.000000e+00 -7.546601e-01  4.566043e-01
-4.20000e+00 -1.60000e+00       1.380e+15  7.716181e-01  0.000000e+00 -5.048250e-01  2.283819e-01
-3.50000e+00 -1.60000e+00       2.588e+15  8.817449e-01  0.000000e+00 -1.802200e-01  1.182551e-01
-2.80000e+00 -1.60000e+00       3.293e+15  7.959717e-01  0.000000e+00  1.305375e-01  2.040283e-01
-2.10000e+00 -1.60000e+00       2.745e+15  3.373463e-01  0.000000e+00  2.237680e-01  6.626537e-01
-1.40000e+00 -1.60000e+00       1.496e+15 -3.679263e-01  0.000000e+00  6.674836e-02  6.320737e-01
-7.00000e-01 -1.60000e+00       4.366e+14 -7.385090e-01  0.000000e+00 -6.398881e-02  2.614910e-01
 0.00000e+00 -1.60000e+00       1.123e+14 -6.473075e-01  0.000000e+00  2.273280e-15  3.526925e-01
 7.00000e-01 -1.60000e+00       4.366e+14 -7.385090e-01  0.000000e+00  6.398881e-02  2.614910e-01
 1.40000e+00 -1.60000e+00       1.496e+15 -3.679263e-01  0.000000e+00 -6.674836e-02  6.320737e-01
 2.10000e+00 -1.60000e+00       2.745e+15  3.373463e-01  0.000000e+00 -2.237680e-01  6.626537e-01
 2.80000e+00 -1.60000e+00       3.293e+15  7.959717e-01  0.000000e+00 -1.305375e-01  2.040283e-01
 3.50000e+00 -1.60000e+00       2.588e+15  8.817449e-01  0.000000e+00  1.802200e-01  1.182551e-01
 4.20000e+00 -1.60000e+00       1.380e+15  7.716181e-01  0.000000e+00  5.048250e-01  2.283819e-01
 4.90000e+00 -1.60000e+00       5.292e+14  5.433957e-01  0.000000e+00  7.546601e-01  4.566043e-01
 5.60000e+00 -1.60000e+00       1.511e+14  2.455142e-01  0.000000e+00  9.017856e-01  7.544858e-01
 6.30000e+00 -1.60000e+00       3.227e+13 -7.258632e-02  0.000000e+00  9.374150e-01  9.274137e-01
 7.00000e+00 -1.60000e+00       5.075e+12 -3.660842e-01  0.000000e+00  8.735193e-01  6.339158e-01
-7.00000e+00 -1.20000e+00       5.830e+12 -6.552569e-01  0.000000e+00 -6.447414e-01  3.447431e-01
-6.30000e+00 -1.20000e+00       3.627e+13 -3.437648e-01  0.000000e+00 -8.431274e-01  6.562352e-01
-5.60000e+00 -1.20000e+00       1.725e+14  3.437516e-02  0.000000e+00 -9.103005e-01  9.656248e-01
-4.90000e+00 -1.20000e+00       6.394e+14  4.009349e-01  0.000000e+00 -8.273556e-01  5.990651e-01
-4.20000e+00 -1.20000e+00       1.831e+15  6.872768e-01  0.000000e+00 -6.247405e-01  3.127232e-01
-3.50000e+00 -1.20000e+00       3.872e+15  8.600386e-01  0.000000e+00 -3.517292e-01  1.399614e-01
-2.80000e+00 -1.20000e+00       5.629e+15  9.074860e-01  0.000000e+00 -3.244801e-02  9.251402e-02
-2.10000e+00 -1.20000e+00       6.200e+15  8.762905e-01  0.000000e+00  2.255383e-01  1.237095e-01
-1.40000e+00 -1.20000e+00       1.041e+16  9.400952e-01  0.000000e+00  2.457914e-02  5.990476e-02
-7.00000e-01 -1.20000e+00       1.877e+16  9.812468e-01  0.000000e+00 -8.402616e-02  1.875323e-02
 0.00000e+00 -1.20000e+00       2.052e+16  9.859184e-01  0.000000e+00  1.245494e-16  1.408165e-02
 7.00000e-01 -1.20000e+00       1.877e+16  9.812468e-01  0.000000e+00  8.402616e-02  1.875323e-02
 1.40000e+00 -1.20000e+00       1.041e+16  9.400952e-01  0.000000e+00 -2.457914e-02  5.990476e-02
 2.10000e+00 -1.20000e+00       6.200e+15  8.762905e-01  0.000000e+00 -2.255383e-01  1.237095e-01
 2.80000e+00 -1.20000e+00       5.629e+15  9.074860e-01  0.000000e+00  3.244801e-02  9.251402e-02
 3.50000e+00 -1.20000e+00       3.872e+15  8.600386e-01  0.000000e+00  3.517292e-01  1.399614e-01
 4.20000e+00 -1.20000e+00       1.831e+15  6.872768e-01  0.000000e+00  6.247405e-01  3.127232e-01
 4.90000e+00 -1.20000e+00       6.394e+14  4.009349e-01  0.000000e+00  8.273556e-01  5.990651e-01
 5.60000e+00 -1.20000e+00       1.725e+14  3.437516e-02  0.000000e+00  9.103005e-01  9.656248e-01
 6.30000e+00 -1.20000e+00       3.627e+13 -3.437648e-01  0.000000e+00  8.431274e-01  6.562352e-01
 7.00000e+00 -1.20000e+00       5.830e+12 -6.552569e-01  0.000000e+00  6.447414e-01  3.447431e-01
-7.00000e+00 -8.00000e-01       4.372e+12 -7.910602e-01  0.000000e+00 -2.880689e-01  2.089398e-01
-6.30000e+00 -8.00000e-01       2.681e+13 -4.719513e-01  0.000000e+00 -6.804473e-01  5.280487e-01
-5.60000e+00 -8.00000e-01       1.357e+14 -5.616172e-03  0.000000e+00 -8.584253e-01  9.943838e-01
-4.90000e+00 -8.00000e-01       5.639e+14  4.234927e-01  0.000000e+00 -7.986692e-01  5.765073e-01
-4.20000e+00 -8.00000e-01       1.847e+15  7.167136e-01  0.000000e+00 -6.046345e-01  2.832864e-01
-3.50000e+00 -8.00000e-01       4.494e+15  8.799090e-01  0.000000e+00 -3.696145e-01  1.200910e-01
-2.80000e+00 -8.00000e-01       7.531e+15  9.478097e-01  0.000000e+00 -1.441238e-01  5.219029e-02
-2.10000e+00 -8.00000e-01       7.623e+15  9.073674e-01  0.000000e+00 -2.569239e-02  9.263264e-02
-1.40000e+00 -8.00000e-01       4.297e+15  5.814483e-01  0.000000e+00 -1.929623e-01  4.185517e-01
-7.00000e-01 -8.00000e-01       1.699e+15  9.903158e-03  0.000000e+00 -5.768254e-01  9.900968e-01
 0.00000e+00 -8.00000e-01       7.625e+14 -2.039999e-01  0.000000e+00 -2.743029e-15  7.960001e-01
 7.00000e-01 -8.00000e-01       1.699e+15  9.903158e-03  0.000000e+00  5.768254e-01  9.900968e-01
 1.40000e+00 -8.00000e-01       4.297e+15  5.814483e-01  0.000000e+00  1.929623e-01  4.185517e-01
 2.10000e+00 -8.00000e-01       7.623e+15  9.073674e-01  0.000000e+00  2.569239e-02  9.263264e-02
 2.80000e+00 -8.00000e-01       7.531e+15  9.478097e-01  0.000000e+00  1.441238e-01  5.219029e-02
 3.50000e+00 -8.00000e-01       4.494e+15  8.799090e-01  0.000000e+00  3.696145e-01  1.200910e-01
 4.20000e+00 -8.00000e-01       1.847e+15  7.167136e-01  0.000000e+00  6.046345e-01  2.832864e-01
 4.90000e+00 -8.00000e-01       5.639e+14  4.234927e-01  0.000000e+00  7.986692e-01  5.765073e-01
 5.60000e+00 -8.00000e-01       1.357e+14 -5.616172e-03  0.000000e+00  8.584253e-01  9.943838e-01
 6.30000e+00 -8.00000e-01       2.681e+13 -4.719513e-01  0.000000e+00  6.804473e-01  5.280487e-01
 7.00000e+00 -8.00000e-01       4.372e+12 -7.910602e-01  0.000000e+00  2.880689e-01  2.089398e-01
-7.00000e+00 -4.00000e-01       1.828e+12 -5.130217e-01  0.000000e+00  2.135438e-01  4.869783e-01
-6.30000e+00 -4.00000e-01       1.136e+13 -2.208942e-01  0.000000e+00 -4.983784e-01  7.791058e-01
-5.60000e+00 -4.00000e-01       7.346e+13  3.462449e-01  0.000000e+00 -7.285410e-01  6.537551e-01
-4.90000e+00 -4.00000e-01       3.998e+14  7.097362e-01  0.000000e+00 -5.985604e-01  2.902638e-01
-4.20000e+00 -4.00000e-01       1.603e+15  8.793047e-01  0.000000e+00 -4.086478e-01  1.206953e-01
-3.50000e+00 -4.00000e-01       4.504e+15  9.530012e-01  0.000000e+00 -2.433813e-01  4.699884e-02
-2.80000e+00 -4.00000e-01       8.262e+15  9.805880e-01  0.000000e+00 -1.119352e-01  1.941199e-02
-2.10000e+00 -4.00000e-01       8.379e+15  9.708389e-01  0.000000e+00  9.739990e-03  2.916109e-02
-1.40000e+00 -4.00000e-01       4.389e+15  8.963597e-01  0.000000e+00  2.284935e-01  1.036403e-01
-7.00000e-01 -4.00000e-01       1.404e+15  7.853257e-01  0.000000e+00  4.914804e-01  2.146743e-01
 0.00000e+00 -4.00000e-01       4.630e+14  7.434202e-01  0.000000e+00  3.850946e-16  2.565798e-01
 7.00000e-01 -4.00000e-01       1.404e+15  7.853257e-01  0.000000e+00 -4.914804e-01  2.146743e-01
 1.40000e+00 -4.00000e-01       4.389e+15  8.963597e-01  0.000000e+00 -2.284935e-01  1.036403e-01
 2.10000e+00 -4.00000e-01       8.379e+15  9.708389e-01  0.000000e+00 -9.739990e-03  2.916109e-02
 2.80000e+00 -4.00000e-01       8.262e+15  9.805880e-01  0.000000e+00  1.119352e-01  1.941199e-02
 3.50000e+00 -4.00000e-01       4.504e+15  9.530012e-01  0.000000e+00  2.433813e-01  4.699884e-02
 4.20000e+00 -4.00000e-01       1.603e+15  8.793047e-01  0.000000e+00  4.086478e-01  1.206953e-01
 4.90000e+00 -4.00000e-01       3.998e+14  7.097362e-01  0.000000e+00  5.985604e-01  2.902638e-01
 5.60000e+00 -4.00000e-01       7.346e+13  3.462449e-01  0.000000e+00  7.285410e-01  6.537551e-01
 6.30000e+00 -4.00000e-01       1.136e+13 -2.208942e-01  0.000000e+00  4.983784e-01  7.791058e-01
 7.00000e+00 -4.00000e-01       1.828e+12 -5.130217e-01  0.000000e+00 -2.135438e-01  4.869783e-01
-7.00000e+00  0.00000e+00       5.710e+11  9.965226e-01  0.000000e+00  1.571053e-10  3.477397e-03
-6.30000e+00  0.00000e+00       3.885e+12  9.974430e-01  0.000000e+00  1.733225e-10  2.557040e-03
-5.60000e+00  0.00000e+00       4.337e+13  9.992062e-01  0.000000e+00  9.185512e-12  7.937539e-04
-4.90000e+00  0.00000e+00       3.172e+14  9.997367e-01  0.000000e+00 -1.203483e-11  2.633253e-04
-4.20000e+00  0.00000e+00       1.457e+15  9.999036e-01  0.000000e+00  6.193662e-12  9.639358e-05
-3.50000e+00  0.00000e+00       4.400e+15  9.999644e-01  0.000000e+00  1.329829e-11  3.559682e-05
-2.80000e+00  0.00000e+00       8.413e+15  9.999855e-01  0.000000e+00  1.002950e-12  1.448741e-05
-2.10000e+00  0.00000e+00       8.961e+15  9.999792e-01  0.000000e+00 -3.284038e-11  2.081696e-05
-1.40000e+00  0.00000e+00       5.382e+15  9.999222e-01  0.000000e+00 -1.873846e-10  7.782541e-05
-7.00000e-01  0.00000e+00       1.944e+15  9.997455e-01  0.000000e+00 -6.154380e-10  2.545453e-04
 0.00000e+00  0.00000e+00       6.223e+14  9.993186e-01  0.000000e+00 -1.003120e-16  6.814486e-04
 7.00000e-01  0.00000e+00       1.944e+15  9.997455e-01  0.000000e+00  6.154378e-10  2.545453e-04
 1.40000e+00  0.00000e+00       5.382e+15  9.999222e-01  0.000000e+00  1.873845e-10  7.782541e-05
 2.10000e+00  0.00000e+00       8.961e+15  9.999792e-01  0.000000e+00  3.284039e-11  2.081696e-05
 2.80000e+00  0.00000e+00       8.413e+15  9.999855e-01  0.000000e+00 -1.002832e-12  1.448741e-05
 3.50000e+00  0.00000e+00       4.400e+15  9.999644e-01  0.000000e+00 -1.329802e-11  3.559682e-05
 4.20000e+00  0.00000e+00       1.457e+15  9.999036e-01  0.000000e+00 -6.193143e-12  9.639358e-05
 4.90000e+00  0.00000e+00       3.172e+14  9.997367e-01  0.000000e+00  1.203570e-11  2.633253e-04
 5.60000e+00  0.00000e+00       4.337e+13  9.992062e-01  0.000000e+00 -9.183516e-12  7.937539e-04
 6.30000e+00  0.00000e+00       3.885e+12  9.974430e-01  0.000000e+00 -1.733202e-10  2.557040e-03
 7.00000e+00  0.00000e+00       5.710e+11  9.965226e-01  0.000000e+00 -1.571085e-10  3.477397e-03
-7.00000e+00  4.00000e-01       1.828e+12 -5.130217e-01  0.000000e+00 -2.135438e-01  4.869783e-01
-6.30000e+00  4.00000e-01       1.136e+13 -2.208942e-01  0.000000e+00  4.983784e-01  7.791058e-01
-5.60000e+00  4.00000e-01       7.346e+13  3.462449e-01  0.000000e+00  7.285410e-01  6.537551e-01
-4.90000e+00  4.00000e-01       3.998e+14  7.097362e-01  0.000000e+00  5.985604e-01  2.902638e-01
-4.20000e+00  4.00000e-01       1.603e+15  8.793047e-01  0.000000e+00  4.086478e-01  1.206953e-01
-3.50000e+00  4.00000e-01       4.504e+15  9.530012e-01  0.000000e+00  2.433813e-01  4.699884e-02
-2.80000e+00  4.00000e-01       8.262e+15  9.805880e-01  0.000000e+00  1.119352e-01  1.941199e-02
-2.10000e+00  4.00000e-01       8.379e+15  9.708389e-01  0.000000e+00 -9.739990e-03  2.916109e-02
-1.40000e+00  4.00000e-01       4.389e+15  8.963597e-01  0.000000e+00 -2.284935e-01  1.036403e-01
-7.00000e-01  4.00000e-01       1.404e+15  7.853257e-01  0.000000e+00 -4.914804e-01  2.146743e-01
 0.00000e+00  4.00000e-01       4.630e+14  7.434202e-01  0.000000e+00 -3.818397e-16  2.565798e-01
 7.00000e-01  4.00000e-01       1.404e+15  7.853257e-01  0.000000e+00  4.914804e-01  2.146743e-01
 1.40000e+00  4.00000e-01       4.389e+15  8.963597e-01  0.000000e+00  2.284935e-01  1.036403e-01
 2.10000e+00  4.00000e-01       8.379e+15  9.708389e-01  0.000000e+00  9.739990e-03  2.916109e-02
 2.80000e+00  4.00000e-01       8.262e+15  9.805880e-01  0.000000e+00 -1.119352e-01  1.941199e-02
 3.50000e+00  4.00000e-01       4.504e+15  9.530012e-01  0.000000e+00 -2.433813e-01  4.699884e-02
 4.20000e+00  4.00000e-01       1.603e+15  8.793047e-01  0.000000e+00 -4.086478e-01  1.206953e-01
 4.90000e+00  4.00000e-01       3.998e+14  7.097362e-01  0.000000e+00 -5.985604e-01  2.902638e-01
 5.60000e+00  4.00000e-01       7.346e+13  3.462449e-01  0.000000e+00 -7.285410e-01  6.537551e-01
 6.30000e+00  4.00000e-01       1.136e+13 -2.208942e-01  0.000000e+00 -4.983784e-01  7.791058e-01
 7.00000e+00  4.00000e-01       1.828e+12 -5.130217e-01  0.000000e+00  2.135438e-01  4.869783e-01
-7.00000e+00  8.00000e-01       4.372e+12 -7.910602e-01  0.000000e+00  2.880689e-01  2.089398e-01
-6.30000e+00  8.00000e-01       2.681e+13 -4.719513e-01  0.000000e+00  6.804473e-01  5.280487e-01
-5.60000e+00  8.00000e-01       1.357e+14 -5.616172e-03  0.000000e+00  8.584253e-01  9.943838e-01
-4.90000e+00  8.00000e-01       5.639e+14  4.234927e-01  0.000000e+00  7.986692e-01  5.765073e-01
-4.20000e+00  8.00000e-01       1.847e+15  7.167136e-01  0.000000e+00  6.046345e-01  2.832864e-01
-3.50000e+00  8.00000e-01       4.494e+15  8.799090e-01  0.000000e+00  3.696145e-01  1.200910e-01
-2.80000e+00  8.00000e-01       7.531e+15  9.478097e-01  0.000000e+00  1.441238e-01  5.219029e-02
-2.10000e+00  8.00000e-01       7.623e+15  9.073674e-01  0.000000e+00  2.569239e-02  9.263264e-02
-1.40000e+00  8.00000e-01       4.297e+15  5.814483e-01  0.000000e+00  1.929623e-01  4.185517e-01
-7.00000e-01  8.00000e-01       1.699e+15  9.903158e-03  0.000000e+00  5.768254e-01  9.900968e-01
 0.00000e+00  8.00000e-01       7.625e+14 -2.039999e-01  0.000000e+00 -2.319076e-16  7.960001e-01
 7.00000e-01  8.00000e-01       1.699e+15  9.903158e-03  0.000000e+00 -5.768254e-01  9.900968e-01
 1.40000e+00  8.00000e-01       4.297e+15  5.814483e-01  0.000000e+00 -1.929623e-01  4.185517e-01
 2.10000e+00  8.00000e-01       7.623e+15  9.073674e-01  0.000000e+00 -2.569239e-02  9.263264e-02
 2.80000e+00  8.00000e-01       7.531e+15  9.478097e-01  0.000000e+00 -1.441238e-01  5.219029e-02
 3.50000e+00  8.00000e-01       4.494e+15  8.799090e-01  0.000000e+00 -3.696145e-01  1.200910e-01
 4.20000e+00  8.00000e-01       1.847e+15  7.167136e-01  0.000000e+00 -6.046345e-01  2.832864e-01
 4.90000e+00  8.00000e-01       5.639e+14  4.234927e-01  0.000000e+00 -7.986692e-01  5.765073e-01
 5.60000e+00  8.00000e-01       1.357e+14 -5.616172e-03  0.000000e+00 -8.584253e-01  9.943838e-01
 6.30000e+00  8.00000e-01       2.681e+13 -4.719513e-01  0.000000e+00 -6.804473e-01  5.280487e-01
 7.00000e+00  8.00000e-01       4.372e+12 -7.910602e-01  0.000000e+00 -2.880689e-01  2.089398e-01
-7.00000e+00  1.20000e+00       5.830e+12 -6.552569e-01  0.000000e+00  6.447414e-01  3.447431e-01
-6.30000e+00  1.20000e+00       3.627e+13 -3.437648e-01  0.000000e+00  8.431274e-01  6.562352e-01
-5.60000e+00  1.20000e+00       1.725e+14  3.437516e-02  0.000000e+00  9.103005e-01  9.656248e-01
-4.90000e+00  1.20000e+00       6.394e+14  4.009349e-01  0.000000e+00  8.273556e-01  5.990651e-01
-4.20000e+00  1.20000e+00       1.831e+15  6.872768e-01  0.000000e+00  6.247405e-01  3.127232e-01
-3.50000e+00  1.20000e+00       3.872e+15  8.600386e-01  0.000000e+00  3.517292e-01  1.399614e-01
-2.80000e+00  1.20000e+00       5.629e+15  9.074860e-01  0.000000e+00  3.244801e-02  9.251402e-02
-2.10000e+00  1.20000e+00       6.200e+15  8.762905e-01  0.000000e+00 -2.255383e-01  1.237095e-01
-1.40000e+00  1.20000e+00       1.041e+16  9.400952e-01  0.000000e+00 -2.457914e-02  5.990476e-02
-7.00000e-01  1.20000e+00       1.877e+16  9.812468e-01  0.000000e+00  8.402616e-02  1.875323e-02
 0.00000e+00  1.20000e+00       2.052e+16  9.859184e-01  0.000000e+00 -2.483414e-16  1.408165e-02
 7.00000e-01  1.20000e+00       1.877e+16  9.812468e-01  0.000000e+00 -8.402616e-02  1.875323e-02
 1.40000e+00  1.20000e+00       1.041e+16  9.400952e-01  0.000000e+00  2.457914e-02  5.990476e-02
 2.10000e+00  1.20000e+00       6.200e+15  8.762905e-01  0.000000e+00  2.255383e-01  1.237095e-01
 2.80000e+00  1.20000e+00       5.629e+15  9.074860e-01  0.000000e+00 -3.244801e-02  9.251402e-02
 3.50000e+00  1.20000e+00       3.872e+15  8.600386e-01  0.000000e+00 -3.517292e-01  1.399614e-01
 4.20000e+00  1.20000e+00       1.831e+15  6.872768e-01  0.000000e+00 -6.247405e-01  3.127232e-01
 4.90000e+00  1.20000e+00       6.394e+14  4.009349e-01  0.000000e+00 -8.273556e-01  5.990651e-01
 5.60000e+00  1.20000e+00       1.725e+14  3.437516e-02  0.000000e+00 -9.103005e-01  9.656248e-01
 6.30000e+00  1.20000e+00       3.627e+13 -3.437648e-01  0.000000e+00 -8.431274e-01  6.562352e-01
 7.00000e+00  1.20000e+00       5.830e+12 -6.552569e-01  0.000000e+00 -6.447414e-01  3.447431e-01
-7.00000e+00  1.60000e+00       5.075e+12 -3.660842e-01  0.000000e+00  8.735193e-01  6.339158e-01
-6.30000e+00  1.60000e+00       3.227e+13 -7.258632e-02  0.000000e+00  9.374150e-01  9.274137e-01
-5.60000e+00  1.60000e+00       1.511e+14  2.455142e-01  0.000000e+00  9.017856e-01  7.544858e-01
-4.90000e+00  1.60000e+00       5.292e+14  5.433957e-01  0.000000e+00  7.546601e-01  4.566043e-01
-4.20000e+00  1.60000e+00       1.380e+15  7.716181e-01  0.000000e+00  5.048250e-01  2.283819e-01
-3.50000e+00  1.60000e+00       2.588e+15  8.817449e-01  0.000000e+00  1.802200e-01  1.182551e-01
-2.80000e+00  1.60000e+00       3.293e+15  7.959717e-01  0.000000e+00 -1.305375e-01  2.040283e-01
-2.10000e+00  1.60000e+00       2.745e+15  3.373463e-01  0.000000e+00 -2.237680e-01  6.626537e-01
-1.40000e+00  1.60000e+00       1.496e+15 -3.679263e-01  0.000000e+00 -6.674836e-02  6.320737e-01
-7.00000e-01  1.60000e+00       4.366e+14 -7.385090e-01  0.000000e+00  6.398880e-02  2.614910e-01
 0.00000e+00  1.60000e+00       1.123e+14 -6.473075e-01  0.000000e+00 -2.255663e-15  3.526925e-01
 7.00000e-01  1.60000e+00       4.366e+14 -7.385090e-01  0.000000e+00 -6.398880e-02  2.614910e-01
 1.40000e+00  1.60000e+00       1.496e+15 -3.679263e-01  0.000000e+00  6.674836e-02  6.320737e-01
 2.10000e+00  1.60000e+00       2.745e+15  3.373463e-01  0.000000e+00  2.237680e-01  6.626537e-01
 2.80000e+00  1.60000e+00       3.293e+15  7.959717e-01  0.000000e+00  1.305375e-01  2.040283e-01
 3.50000e+00  1.60000e+00       2.588e+15  8.817449e-01  0.000000e+00 -1.802200e-01  1.182551e-01
 4.20000e+00  1.60000e+00       1.380e+15  7.716181e-01  0.000000e+00 -5.048250e-01  2.283819e-01
 4.90000e+00  1.60000e+00       5.292e+14  5.433957e-01  0.000000e+00 -7.546601e-01  4.566043e-01
 5.60000e+00  1.60000e+00       1.511e+14  2.455142e-01  0.000000e+00 -9.017856e-01  7.544858e-01
 6.30000e+00  1.60000e+00       3.227e+13 -7.258632e-02  0.000000e+00 -9.374150e-01  9.274137e-01
 7.00000e+00  1.60000e+00       5.075e+12 -3.660842e-01  0.000000e+00 -8.735193e-01  6.339158e-01
-7.00000e+00  2.00000e+00       3.027e+12  1.530835e-02  0.000000e+00  9.574239e-01  9.846917e-01
-6.30000e+00  2.00000e+00       1.964e+13  2.783608e-01  0.000000e+00  9.090676e-01  7.216392e-01
-5.60000e+00  2.00000e+00       9.130e+13  5.367385e-01  0.000000e+00  7.734276e-01  4.632615e-01
-4.90000e+00  2.00000e+00       3.067e+14  7.528098e-01  0.000000e+00  5.417997e-01  2.471902e-01
-4.20000e+00  2.00000e+00       7.380e+14  8.731190e-01  0.000000e+00  2.194932e-01  1.268810e-01
-3.50000e+00  2.00000e+00       1.237e+15  8.135046e-01  0.000000e+00 -1.500937e-01  1.864954e-01
-2.80000e+00  2.00000e+00       1.484e+15  4.888772e-01  0.000000e+00 -4.119549e-01  5.111228e-01
-2.10000e+00  2.00000e+00       1.986e+15  4.449252e-01  0.000000e+00 -2.288132e-01  5.550748e-01
-1.40000e+00  2.00000e+00       3.482e+15  8.369264e-01  0.000000e+00  2.926473e-02  1.630736e-01
-7.00000e-01  2.00000e+00       3.037e+15  9.586545e-01  0.000000e+00  7.772575e-02  4.134552e-02
 0.00000e+00  2.00000e+00       1.644e+15  9.730785e-01  0.000000e+00 -7.089571e-16  2.692151e-02
 7.00000e-01  2.00000e+00       3.037e+15  9.586545e-01  0.000000e+00 -7.772575e-02  4.134552e-02
 1.40000e+00  2.00000e+00       3.482e+15  8.369264e-01  0.000000e+00 -2.926473e-02  1.630736e-01
 2.10000e+00  2.00000e+00       1.986e+15  4.449252e-01  0.000000e+00  2.288132e-01  5.550748e-01
 2.80000e+00  2.00000e+00       1.484e+15  4.888772e-01  0.000000e+00  4.119549e-01  5.111228e-01
 3.50000e+00  2.00000e+00       1.237e+15  8.135046e-01  0.000000e+00  1.500937e-01  1.864954e-01
 4.20000e+00  2.00000e+00       7.380e+14  8.731190e-01  0.000000e+00 -2.194932e-01  1.268810e-01
 4.90000e+00  2.00000e+00       3.067e+14  7.528098e-01  0.000000e+00 -5.417997e-01  2.471902e-01
 5.60000e+00  2.00000e+00       9.130e+13  5.367385e-01  0.000000e+00 -7.734276e-01  4.632615e-01
 6.30000e+00  2.00000e+00       1.964e+13  2.783608e-01  0.000000e+00 -9.090676e-01  7.216392e-01
 7.00000e+00  2.00000e+00       3.027e+12  1.530835e-02  0.000000e+00 -9.574239e-01  9.846917e-01
-7.00000e+00  2.40000e+00       1.231e+12  4.388384e-01  0.000000e+00  8.506783e-01  5.611616e-01
-6.30000e+00  2.40000e+00       8.080e+12  6.475739e-01  0.000000e+00  6.937892e-01  3.524261e-01
-5.60000e+00  2.40000e+00       3.701e+13  8.157589e-01  0.000000e+00  4.530116e-01  1.842411e-01
-4.90000e+00  2.40000e+00       1.186e+14  8.931951e-01  0.000000e+00  1.283053e-01  1.068049e-01
-4.20000e+00  2.40000e+00       2.645e+14  7.948404e-01  0.000000e+00 -2.420319e-01  2.051596e-01
-3.50000e+00  2.40000e+00       4.222e+14  4.275878e-01  0.000000e+00 -4.766826e-01  5.724122e-01
-2.80000e+00  2.40000e+00       6.023e+14  1.120318e-01  0.000000e+00 -1.748144e-01  8.879682e-01
-2.10000e+00  2.40000e+00       9.244e+14  4.144198e-01  0.000000e+00  3.581572e-01  5.855802e-01
-1.40000e+00  2.40000e+00       8.429e+14  6.699272e-01  0.000000e+00  5.442808e-01  3.300728e-01
-7.00000e-01  2.40000e+00       2.898e+14  7.111042e-01  0.000000e+00  5.457585e-01  2.888958e-01
 0.00000e+00  2.40000e+00       7.874e+13  5.637655e-01  0.000000e+00 -1.442159e-14  4.362345e-01
 7.00000e-01  2.40000e+00       2.898e+14  7.111042e-01  0.000000e+00 -5.457585e-01  2.888958e-01
 1.40000e+00  2.40000e+00       8.429e+14  6.699272e-01  0.000000e+00 -5.442808e-01  3.300728e-01
 2.10000e+00  2.40000e+00       9.244e+14  4.144198e-01  0.000000e+00 -3.581572e-01  5.855802e-01
 2.80000e+00  2.40000e+00       6.023e+14  1.120318e-01  0.000000e+00  1.748144e-01  8.879682e-01
 3.50000e+00  2.40000e+00       4.222e+14  4.275878e-01  0.000000e+00  4.766826e-01  5.724122e-01
 4.20000e+00  2.40000e+00       2.645e+14  7.948404e-01  0.000000e+00  2.420319e-01  2.051596e-01
 4.90000e+00  2.40000e+00       1.186e+14  8.931951e-01  0.000000e+00 -1.283053e-01  1.068049e-01
 5.60000e+00  2.40000e+00       3.701e+13  8.157589e-01  0.000000e+00 -4.530116e-01  1.842411e-01
 6.30000e+00  2.40000e+00       8.080e+12  6.475739e-01  0.000000e+00 -6.937892e-01  3.524261e-01
 7.00000e+00  2.40000e+00       1.231e+12  4.388384e-01  0.000000e+00 -8.506783e-01  5.611616e-01
-7.00000e+00  2.80000e+00       3.310e+11  8.044359e-01  0.000000e+00  4.871526e-01  1.955641e-01
-6.30000e+00  2.80000e+00       2.161e+12  9.024987e-01  0.000000e+00  2.223835e-01  9.750130e-02
-5.60000e+00  2.80000e+00       9.641e+12  8.888267e-01  0.000000e+00 -1.093350e-01  1.111733e-01
-4.90000e+00  2.80000e+00       2.962e+13  6.835351e-01  0.000000e+00 -4.474654e-01  3.164649e-01
-4.20000e+00  2.80000e+00       6.547e+13  2.297744e-01  0.000000e+00 -5.819317e-01  7.702256e-01
-3.50000e+00  2.80000e+00       1.221e+14 -1.499891e-01  0.000000e+00 -1.933349e-01  8.500109e-01
-2.80000e+00  2.80000e+00       2.301e+14  1.535528e-01  0.000000e+00  3.246003e-01  8.464472e-01
-2.10000e+00  2.80000e+00       3.698e+14  4.213964e-01  0.000000e+00  5.302800e-01  5.786036e-01
-1.40000e+00  2.80000e+00       5.259e+14  2.719070e-02  0.000000e+00  7.576990e-01  9.728093e-01
-7.00000e-01  2.80000e+00       5.795e+14 -2.462758e-01  0.000000e+00  7.960029e-01  7.537242e-01
 0.00000e+00  2.80000e+00       4.531e+14 -2.844192e-01  0.000000e+00 -6.373994e-15  7.155808e-01
 7.00000e-01  2.80000e+00       5.795e+14 -2.462758e-01  0.000000e+00 -7.960029e-01  7.537242e-01
 1.40000e+00  2.80000e+00       5.259e+14  2.719070e-02  0.000000e+00 -7.576990e-01  9.728093e-01
 2.10000e+00  2.80000e+00       3.698e+14  4.213964e-01  0.000000e+00 -5.302800e-01  5.786036e-01
 2.80000e+00  2.80000e+00       2.301e+14  1.535528e-01  0.000000e+00 -3.246003e-01  8.464472e-01
 3.50000e+00  2.80000e+00       1.221e+14 -1.499891e-01  0.000000e+00  1.933349e-01  8.500109e-01
 4.20000e+00  2.80000e+00       6.547e+13  2.297744e-01  0.000000e+00  5.819317e-01  7.702256e-01
 4.90000e+00  2.80000e+00       2.962e+13  6.835351e-01  0.000000e+00  4.474654e-01  3.164649e-01
 5.60000e+00  2.80000e+00       9.641e+12  8.888267e-01  0.000000e+00  1.093350e-01  1.111733e-01
 6.30000e+00  2.80000e+00       2.161e+12  9.024987e-01  0.000000e+00 -2.223835e-01  9.750130e-02
 7.00000e+00  2.80000e+00       3.310e+11  8.044359e-01  0.000000e+00 -4.871526e-01  1.955641e-01
-7.00000e+00  3.20000e+00       5.737e+10  8.548744e-01  0.000000e+00 -1.573255e-01  1.451256e-01
-6.30000e+00  3.20000e+00       3.655e+11  7.258383e-01  0.000000e+00 -4.609589e-01  2.741617e-01
-5.60000e+00  3.20000e+00       1.621e+12  3.699563e-01  0.000000e+00 -6.811727e-01  6.300437e-01
-4.90000e+00  3.20000e+00       5.274e+12 -1.348572e-01  0.000000e+00 -5.733983e-01  8.651428e-01
-4.20000e+00  3.20000e+00       1.432e+13 -3.512090e-01  0.000000e+00 -1.657192e-02  6.487910e-01
-3.50000e+00  3.20000e+00       3.533e+13  5.517110e-02  0.000000e+00  3.763940e-01  9.448289e-01
-2.80000e+00  3.20000e+00       7.117e+13  4.797079e-01  0.000000e+00  2.504300e-01  5.202921e-01
-2.10000e+00  3.20000e+00       1.075e+14  2.868216e-01  0.000000e+00  2.979208e-01  7.131784e-01
-1.40000e+00  3.20000e+00       1.200e+14 -2.095153e-01  0.000000e+00  6.316594e-01  7.904847e-01
-7.00000e-01  3.20000e+00       6.729e+13 -4.234882e-01  0.000000e+00  7.684944e-01  5.765118e-01
 0.00000e+00  3.20000e+00       2.596e+13 -4.738226e-01  0.000000e+00  8.901877e-15  5.261774e-01
 7.00000e-01  3.20000e+00       6.729e+13 -4.234882e-01  0.000000e+00 -7.684944e-01  5.765118e-01
 1.40000e+00  3.20000e+00       1.200e+14 -2.095153e-01  0.000000e+00 -6.316594e-01  7.904847e-01
 2.10000e+00  3.20000e+00       1.075e+14  2.868216e-01  0.000000e+00 -2.979208e-01  7.131784e-01
 2.80000e+00  3.20000e+00       7.117e+13  4.797079e-01  0.000000e+00 -2.504300e-01  5.202921e-01
 3.50000e+00  3.20000e+00       3.533e+13  5.517110e-02  0.000000e+00 -3.763940e-01  9.448289e-01
 4.20000e+00  3.20000e+00       1.432e+13 -3.512090e-01  0.000000e+00  1.657192e-02  6.487910e-01
 4.90000e+00  3.20000e+00       5.274e+12 -1.348572e-01  0.000000e+00  5.733983e-01  8.651428e-01
 5.60000e+00  3.20000e+00       1.621e+12  3.699563e-01  0.000000e+00  6.811727e-01  6.300437e-01
 6.30000e+00  3.20000e+00       3.655e+11  7.258383e-01  0.000000e+00  4.609589e-01  2.741617e-01
 7.00000e+00  3.20000e+00       5.737e+10  8.548744e-01  0.000000e+00  1.573255e-01  1.451256e-01
-7.00000e+00  3.60000e+00       7.430e+09  8.912874e-02  0.000000e+00 -6.255984e-01  9.108713e-01
-6.30000e+00  3.60000e+00       4.444e+10 -2.102193e-01  0.000000e+00 -6.359297e-01  7.897807e-01
-5.60000e+00  3.60000e+00       2.204e+11 -5.168500e-01  0.000000e+00 -2.322372e-01  4.831500e-01
-4.90000e+00  3.60000e+00       9.095e+11 -3.574251e-01  0.000000e+00  3.340934e-01  6.425749e-01
-4.20000e+00  3.60000e+00       3.067e+12  1.727728e-01  0.000000e+00  4.832574e-01  8.272272e-01
-3.50000e+00  3.60000e+00       7.708e+12  4.837323e-01  0.000000e+00  1.237038e-01  5.162677e-01
-2.80000e+00  3.60000e+00       1.451e+13  4.063147e-01  0.000000e+00 -1.546455e-01  5.936853e-01
-2.10000e+00  3.60000e+00       2.354e+13  3.947651e-01  0.000000e+00  2.419775e-01  6.052349e-01
-1.40000e+00  3.60000e+00       2.465e+13  4.763422e-01  0.000000e+00  6.330643e-01  5.236578e-01
-7.00000e-01  3.60000e+00       1.039e+13  4.534281e-01  0.000000e+00  7.102556e-01  5.465719e-01
 0.00000e+00  3.60000e+00       3.058e+12  2.244631e-01  0.000000e+00  1.392552e-14  7.755369e-01
 7.00000e-01  3.60000e+00       1.039e+13  4.534281e-01  0.000000e+00 -7.102556e-01  5.465719e-01
 1.40000e+00  3.60000e+00       2.465e+13  4.763422e-01  0.000000e+00 -6.330643e-01  5.236578e-01
 2.10000e+00  3.60000e+00       2.354e+13  3.947651e-01  0.000000e+00 -2.419775e-01  6.052349e-01
 2.80000e+00  3.60000e+00       1.451e+13  4.063147e-01  0.000000e+00  1.546455e-01  5.936853e-01
 3.50000e+00  3.60000e+00       7.708e+12  4.837323e-01  0.000000e+00 -1.237038e-01  5.162677e-01
 4.20000e+00  3.60000e+00       3.067e+12  1.727728e-01  0.000000e+00 -4.832574e-01  8.272272e-01
 4.90000e+00  3.60000e+00       9.095e+11 -3.574251e-01  0.000000e+00 -3.340934e-01  6.425749e-01
 5.60000e+00  3.60000e+00       2.204e+11 -5.168500e-01  0.000000e+00  2.322372e-01  4.831500e-01
 6.30000e+00  3.60000e+00       4.444e+10 -2.102193e-01  0.000000e+00  6.359297e-01  7.897807e-01
 7.00000e+00  3.60000e+00       7.430e+09  8.912874e-02  0.000000e+00  6.255984e-01  9.108713e-01
-7.00000e+00  4.00000e+00       1.561e+09 -7.086261e-01  0.000000e+00 -9.679112e-04  2.913739e-01
-6.30000e+00  4.00000e+00       6.448e+09 -5.455202e-01  0.000000e+00  3.499406e-01  4.544798e-01
-5.60000e+00  4.00000e+00       3.227e+10 -7.820465e-02  0.000000e+00  6.060618e-01  9.217954e-01
-4.90000e+00  4.00000e+00       1.400e+11  4.130699e-01  0.000000e+00  4.227318e-01  5.869301e-01
-4.20000e+00  4.00000e+00       4.478e+11  5.067026e-01  0.000000e+00 -3.010921e-02  4.932974e-01
-3.50000e+00  4.00000e+00       1.053e+12  1.486634e-01  0.000000e+00 -2.331374e-01  8.513366e-01
-2.80000e+00  4.00000e+00       2.110e+12 -8.799405e-03  0.000000e+00 -1.305329e-01  9.912006e-01
-2.10000e+00  4.00000e+00       3.682e+12  3.854216e-01  0.000000e+00 -3.046716e-01  6.145784e-01
-1.40000e+00  4.00000e+00       3.496e+12  6.274198e-01  0.000000e+00 -5.119417e-01  3.725802e-01
-7.00000e-01  4.00000e+00       1.133e+12  4.335868e-01  0.000000e+00 -6.851566e-01  5.664132e-01
 0.00000e+00  4.00000e+00       2.922e+11 -5.820566e-01  0.000000e+00  6.142658e-15  4.179434e-01
 7.00000e-01  4.00000e+00       1.133e+12  4.335868e-01  0.000000e+00  6.851566e-01  5.664132e-01
 1.40000e+00  4.00000e+00       3.496e+12  6.274198e-01  0.000000e+00  5.119417e-01  3.725802e-01
 2.10000e+00  4.00000e+00       3.682e+12  3.854216e-01  0.000000e+00  3.046716e-01  6.145784e-01
 2.80000e+00  4.00000e+00       2.110e+12 -8.799405e-03  0.000000e+00  1.305329e-01  9.912006e-01
 3.50000e+00  4.00000e+00       1.053e+12  1.486634e-01  0.000000e+00  2.331374e-01  8.513366e-01
 4.20000e+00  4.00000e+00       4.478e+11  5.067026e-01  0.000000e+00  3.010921e-02  4.932974e-01
 4.90000e+00  4.00000e+00       1.400e+11  4.130699e-01  0.000000e+00 -4.227318e-01  5.869301e-01
 5.60000e+00  4.00000e+00       3.227e+10 -7.820465e-02  0.000000e+00 -6.060618e-01  9.217954e-01
 6.30000e+00  4.00000e+00       6.448e+09 -5.455202e-01  0.000000e+00 -3.499406e-01  4.544798e-01
 7.00000e+00  4.00000e+00       1.561e+09 -7.086261e-01  0.000000e+00  9.679112e-04  2.913739e-01
