 EB(GeV)    EMITTANCEx EMITTANCEy SIZEx(m)   SIZEy(m)   DIVx(rad)  DIVy(rad)
 2.411e+00  5.499e-09  1.017e-12  8.711e-05  1.009e-06  6.313e-05  1.009e-06
 betax      alphax     betay      alphay     eta        deta       E_spread  
 1.380e+00  0.000e+00  1.000e+00  0.000e+00  0.000e+00  0.000e+00  8.600e-04
 Ibeam(A)   period(cm) #periods   Kx         Ky         Energy(eV)
 4.005e-01  1.900e+00         96  0.000e+00  1.780e+00  6.738e+03


           x            y       F.Density            PL            PC          PL45        1-|PL|
          mm           mm  ph/s/mr^2/0.1%             -             -             -             -
-7.00000e+00 -4.00000e+00       2.279e+08 -7.642420e-01  0.000000e+00 -1.601514e-01  2.357580e-01
-6.30000e+00 -4.00000e+00       5.807e+08 -7.042274e-01  0.000000e+00 -3.528829e-01  2.957726e-01
-5.60000e+00 -4.00000e+00       1.227e+09 -3.470731e-01  0.000000e+00 -4.007330e-01  6.529269e-01
-4.90000e+00 -4.00000e+00       4.955e+09  5.856266e-01  0.000000e+00 -8.767959e-02  4.143734e-01
-4.20000e+00 -4.00000e+00       1.806e+10  8.643320e-01  0.000000e+00  2.449498e-02  1.356680e-01
-3.50000e+00 -4.00000e+00       2.259e+10  9.805921e-01  0.000000e+00  1.729124e-02  1.940788e-02
-2.80000e+00 -4.00000e+00       5.470e+09  4.762986e-01  0.000000e+00  8.985044e-02  5.237014e-01
-2.10000e+00 -4.00000e+00       2.811e+10  5.159887e-01  0.000000e+00  2.706778e-01  4.840113e-01
-1.40000e+00 -4.00000e+00       6.280e+10  2.859533e-01  0.000000e+00  3.740072e-01  7.140467e-01
-7.00000e-01 -4.00000e+00       5.435e+10  1.285047e-01  0.000000e+00  4.184829e-01  8.714953e-01
 0.00000e+00 -4.00000e+00       1.552e+11  7.640753e-01  0.000000e+00  6.475234e-15  2.359247e-01
 7.00000e-01 -4.00000e+00       5.435e+10  1.285047e-01  0.000000e+00 -4.184829e-01  8.714953e-01
 1.40000e+00 -4.00000e+00       6.280e+10  2.859533e-01  0.000000e+00 -3.740072e-01  7.140467e-01
 2.10000e+00 -4.00000e+00       2.811e+10  5.159887e-01  0.000000e+00 -2.706778e-01  4.840113e-01
 2.80000e+00 -4.00000e+00       5.470e+09  4.762986e-01  0.000000e+00 -8.985044e-02  5.237014e-01
 3.50000e+00 -4.00000e+00       2.259e+10  9.805921e-01  0.000000e+00 -1.729124e-02  1.940788e-02
 4.20000e+00 -4.00000e+00       1.806e+10  8.643320e-01  0.000000e+00 -2.449498e-02  1.356680e-01
 4.90000e+00 -4.00000e+00       4.955e+09  5.856266e-01  0.000000e+00  8.767959e-02  4.143734e-01
 5.60000e+00 -4.00000e+00       1.227e+09 -3.470731e-01  0.000000e+00  4.007330e-01  6.529269e-01
 6.30000e+00 -4.00000e+00       5.807e+08 -7.042274e-01  0.000000e+00  3.528829e-01  2.957726e-01
 7.00000e+00 -4.00000e+00       2.279e+08 -7.642420e-01  0.000000e+00  1.601514e-01  2.357580e-01
-7.00000e+00 -3.60000e+00       3.150e+08 -7.695479e-01  0.000000e+00  4.484131e-02  2.304521e-01
-6.30000e+00 -3.60000e+00       6.314e+08 -6.969955e-01  0.000000e+00 -2.292545e-01  3.030045e-01
-5.60000e+00 -3.60000e+00       1.669e+09 -2.498762e-01  0.000000e+00 -2.974262e-01  7.501238e-01
-4.90000e+00 -3.60000e+00       8.435e+09  4.426401e-01  0.000000e+00 -1.171401e-01  5.573599e-01
-4.20000e+00 -3.60000e+00       3.244e+10  6.687350e-01  0.000000e+00 -3.254750e-02  3.312650e-01
-3.50000e+00 -3.60000e+00       5.906e+10  5.880876e-01  0.000000e+00  6.973551e-03  4.119124e-01
-2.80000e+00 -3.60000e+00       8.039e+10  1.375045e-01  0.000000e+00 -2.822258e-02  8.624955e-01
-2.10000e+00 -3.60000e+00       1.348e+11 -5.858040e-01  0.000000e+00  2.875612e-02  4.141960e-01
-1.40000e+00 -3.60000e+00       2.498e+11 -9.369975e-01  0.000000e+00  7.578833e-02  6.300254e-02
-7.00000e-01 -3.60000e+00       3.746e+11 -5.537855e-01  0.000000e+00 -9.755030e-03  4.462145e-01
 0.00000e+00 -3.60000e+00       4.602e+11 -2.370490e-02  0.000000e+00  2.443390e-15  9.762951e-01
 7.00000e-01 -3.60000e+00       3.746e+11 -5.537855e-01  0.000000e+00  9.755030e-03  4.462145e-01
 1.40000e+00 -3.60000e+00       2.498e+11 -9.369975e-01  0.000000e+00 -7.578833e-02  6.300254e-02
 2.10000e+00 -3.60000e+00       1.348e+11 -5.858040e-01  0.000000e+00 -2.875612e-02  4.141960e-01
 2.80000e+00 -3.60000e+00       8.039e+10  1.375045e-01  0.000000e+00  2.822258e-02  8.624955e-01
 3.50000e+00 -3.60000e+00       5.906e+10  5.880876e-01  0.000000e+00 -6.973551e-03  4.119124e-01
 4.20000e+00 -3.60000e+00       3.244e+10  6.687350e-01  0.000000e+00  3.254750e-02  3.312650e-01
 4.90000e+00 -3.60000e+00       8.435e+09  4.426401e-01  0.000000e+00  1.171401e-01  5.573599e-01
 5.60000e+00 -3.60000e+00       1.669e+09 -2.498762e-01  0.000000e+00  2.974262e-01  7.501238e-01
 6.30000e+00 -3.60000e+00       6.314e+08 -6.969955e-01  0.000000e+00  2.292545e-01  3.030045e-01
 7.00000e+00 -3.60000e+00       3.150e+08 -7.695479e-01  0.000000e+00 -4.484131e-02  2.304521e-01
-7.00000e+00 -3.20000e+00       4.457e+08 -7.065867e-01  0.000000e+00  9.183547e-02  2.934133e-01
-6.30000e+00 -3.20000e+00       1.341e+09 -3.253364e-01  0.000000e+00 -2.996654e-01  6.746636e-01
-5.60000e+00 -3.20000e+00       7.231e+09  3.350985e-01  0.000000e+00 -1.995887e-01  6.649015e-01
-4.90000e+00 -3.20000e+00       4.236e+10  4.418959e-01  0.000000e+00  1.271117e-01  5.581041e-01
-4.20000e+00 -3.20000e+00       1.739e+11  2.453578e-01  0.000000e+00  1.139898e-01  7.546422e-01
-3.50000e+00 -3.20000e+00       5.103e+11  2.070525e-01  0.000000e+00 -7.627840e-02  7.929475e-01
-2.80000e+00 -3.20000e+00       1.176e+12  1.775486e-01  0.000000e+00 -5.619847e-02  8.224514e-01
-2.10000e+00 -3.20000e+00       2.071e+12 -1.491340e-01  0.000000e+00  1.029194e-01  8.508660e-01
-1.40000e+00 -3.20000e+00       2.558e+12 -4.143894e-01  0.000000e+00  4.188495e-01  5.856106e-01
-7.00000e-01 -3.20000e+00       1.737e+12 -3.654813e-01  0.000000e+00  5.988108e-01  6.345187e-01
 0.00000e+00 -3.20000e+00       1.035e+12 -7.865245e-03  0.000000e+00 -4.012185e-15  9.921348e-01
 7.00000e-01 -3.20000e+00       1.737e+12 -3.654813e-01  0.000000e+00 -5.988108e-01  6.345187e-01
 1.40000e+00 -3.20000e+00       2.558e+12 -4.143894e-01  0.000000e+00 -4.188495e-01  5.856106e-01
 2.10000e+00 -3.20000e+00       2.071e+12 -1.491340e-01  0.000000e+00 -1.029194e-01  8.508660e-01
 2.80000e+00 -3.20000e+00       1.176e+12  1.775486e-01  0.000000e+00  5.619847e-02  8.224514e-01
 3.50000e+00 -3.20000e+00       5.103e+11  2.070525e-01  0.000000e+00  7.627840e-02  7.929475e-01
 4.20000e+00 -3.20000e+00       1.739e+11  2.453578e-01  0.000000e+00 -1.139898e-01  7.546422e-01
 4.90000e+00 -3.20000e+00       4.236e+10  4.418959e-01  0.000000e+00 -1.271117e-01  5.581041e-01
 5.60000e+00 -3.20000e+00       7.231e+09  3.350985e-01  0.000000e+00  1.995887e-01  6.649015e-01
 6.30000e+00 -3.20000e+00       1.341e+09 -3.253364e-01  0.000000e+00  2.996654e-01  6.746636e-01
 7.00000e+00 -3.20000e+00       4.457e+08 -7.065867e-01  0.000000e+00 -9.183547e-02  2.934133e-01
-7.00000e+00 -2.80000e+00       9.594e+08 -5.344140e-01  0.000000e+00  3.862513e-01  4.655860e-01
-6.30000e+00 -2.80000e+00       7.269e+09 -5.214639e-01  0.000000e+00  4.223033e-03  4.785361e-01
-5.60000e+00 -2.80000e+00       6.403e+10 -1.671842e-01  0.000000e+00 -4.273288e-01  8.328158e-01
-4.90000e+00 -2.80000e+00       4.323e+11  3.321627e-01  0.000000e+00 -4.102672e-01  6.678373e-01
-4.20000e+00 -2.80000e+00       1.853e+12  5.153346e-01  0.000000e+00 -7.557131e-02  4.846654e-01
-3.50000e+00 -2.80000e+00       5.107e+12  3.299074e-01  0.000000e+00  1.144632e-01  6.700926e-01
-2.80000e+00 -2.80000e+00       1.110e+13  2.288174e-01  0.000000e+00 -5.998180e-02  7.711826e-01
-2.10000e+00 -2.80000e+00       1.887e+13  2.133902e-01  0.000000e+00 -2.711763e-01  7.866098e-01
-1.40000e+00 -2.80000e+00       1.962e+13 -3.784787e-02  0.000000e+00 -4.378566e-01  9.621521e-01
-7.00000e-01 -2.80000e+00       1.435e+13 -2.599937e-01  0.000000e+00 -3.121457e-01  7.400063e-01
 0.00000e+00 -2.80000e+00       1.366e+13 -2.715329e-01  0.000000e+00 -3.426641e-15  7.284671e-01
 7.00000e-01 -2.80000e+00       1.435e+13 -2.599937e-01  0.000000e+00  3.121457e-01  7.400063e-01
 1.40000e+00 -2.80000e+00       1.962e+13 -3.784787e-02  0.000000e+00  4.378566e-01  9.621521e-01
 2.10000e+00 -2.80000e+00       1.887e+13  2.133902e-01  0.000000e+00  2.711763e-01  7.866098e-01
 2.80000e+00 -2.80000e+00       1.110e+13  2.288174e-01  0.000000e+00  5.998180e-02  7.711826e-01
 3.50000e+00 -2.80000e+00       5.107e+12  3.299074e-01  0.000000e+00 -1.144632e-01  6.700926e-01
 4.20000e+00 -2.80000e+00       1.853e+12  5.153346e-01  0.000000e+00  7.557131e-02  4.846654e-01
 4.90000e+00 -2.80000e+00       4.323e+11  3.321627e-01  0.000000e+00  4.102672e-01  6.678373e-01
 5.60000e+00 -2.80000e+00       6.403e+10 -1.671842e-01  0.000000e+00  4.273288e-01  8.328158e-01
 6.30000e+00 -2.80000e+00       7.269e+09 -5.214639e-01  0.000000e+00 -4.223033e-03  4.785361e-01
 7.00000e+00 -2.80000e+00       9.594e+08 -5.344140e-01  0.000000e+00 -3.862513e-01  4.655860e-01
-7.00000e+00 -2.40000e+00       6.534e+09  6.222495e-01  0.000000e+00  4.597571e-01  3.777505e-01
-6.30000e+00 -2.40000e+00       6.358e+10  4.654629e-01  0.000000e+00  6.387510e-01  5.345371e-01
-5.60000e+00 -2.40000e+00       4.059e+11  5.703529e-02  0.000000e+00  4.942434e-01  9.429647e-01
-4.90000e+00 -2.40000e+00       2.216e+12 -1.520128e-01  0.000000e+00 -8.724059e-02  8.479872e-01
-4.20000e+00 -2.40000e+00       1.085e+13  2.159141e-01  0.000000e+00 -3.731698e-01  7.840859e-01
-3.50000e+00 -2.40000e+00       3.418e+13  5.806504e-01  0.000000e+00 -2.055942e-01  4.193496e-01
-2.80000e+00 -2.40000e+00       5.970e+13  6.259004e-01  0.000000e+00  1.002723e-02  3.740996e-01
-2.10000e+00 -2.40000e+00       8.475e+13  4.648390e-01  0.000000e+00  1.502061e-01  5.351610e-01
-1.40000e+00 -2.40000e+00       1.857e+14  1.385784e-01  0.000000e+00  1.563105e-02  8.614216e-01
-7.00000e-01 -2.40000e+00       5.528e+14 -1.262022e-01  0.000000e+00 -1.193926e-01  8.737978e-01
 0.00000e+00 -2.40000e+00       8.865e+14 -1.516721e-01  0.000000e+00  3.319192e-15  8.483279e-01
 7.00000e-01 -2.40000e+00       5.528e+14 -1.262022e-01  0.000000e+00  1.193926e-01  8.737978e-01
 1.40000e+00 -2.40000e+00       1.857e+14  1.385784e-01  0.000000e+00 -1.563105e-02  8.614216e-01
 2.10000e+00 -2.40000e+00       8.475e+13  4.648390e-01  0.000000e+00 -1.502061e-01  5.351610e-01
 2.80000e+00 -2.40000e+00       5.970e+13  6.259004e-01  0.000000e+00 -1.002723e-02  3.740996e-01
 3.50000e+00 -2.40000e+00       3.418e+13  5.806504e-01  0.000000e+00  2.055942e-01  4.193496e-01
 4.20000e+00 -2.40000e+00       1.085e+13  2.159141e-01  0.000000e+00  3.731698e-01  7.840859e-01
 4.90000e+00 -2.40000e+00       2.216e+12 -1.520128e-01  0.000000e+00  8.724059e-02  8.479872e-01
 5.60000e+00 -2.40000e+00       4.059e+11  5.703529e-02  0.000000e+00 -4.942434e-01  9.429647e-01
 6.30000e+00 -2.40000e+00       6.358e+10  4.654629e-01  0.000000e+00 -6.387510e-01  5.345371e-01
 7.00000e+00 -2.40000e+00       6.534e+09  6.222495e-01  0.000000e+00 -4.597571e-01  3.777505e-01
-7.00000e+00 -2.00000e+00       6.202e+10  9.078201e-01  0.000000e+00 -2.085526e-01  9.217988e-02
-6.30000e+00 -2.00000e+00       6.934e+11  9.187395e-01  0.000000e+00  4.711606e-02  8.126046e-02
-5.60000e+00 -2.00000e+00       4.579e+12  7.967446e-01  0.000000e+00  3.330878e-01  2.032554e-01
-4.90000e+00 -2.00000e+00       1.832e+13  4.778499e-01  0.000000e+00  5.207812e-01  5.221501e-01
-4.20000e+00 -2.00000e+00       5.172e+13  8.943508e-02  0.000000e+00  3.009915e-01  9.105649e-01
-3.50000e+00 -2.00000e+00       1.343e+14  1.765971e-01  0.000000e+00 -1.568174e-01  8.234029e-01
-2.80000e+00 -2.00000e+00       2.971e+14  4.860370e-01  0.000000e+00 -1.473794e-01  5.139630e-01
-2.10000e+00 -2.00000e+00       4.623e+14  5.729135e-01  0.000000e+00 -8.268922e-02  4.270865e-01
-1.40000e+00 -2.00000e+00       4.695e+14  6.013132e-01  0.000000e+00 -3.084265e-01  3.986868e-01
-7.00000e-01 -2.00000e+00       2.464e+14  6.142519e-01  0.000000e+00 -4.509278e-01  3.857481e-01
 0.00000e+00 -2.00000e+00       1.164e+14  5.336665e-01  0.000000e+00 -1.381179e-14  4.663335e-01
 7.00000e-01 -2.00000e+00       2.464e+14  6.142519e-01  0.000000e+00  4.509278e-01  3.857481e-01
 1.40000e+00 -2.00000e+00       4.695e+14  6.013132e-01  0.000000e+00  3.084265e-01  3.986868e-01
 2.10000e+00 -2.00000e+00       4.623e+14  5.729135e-01  0.000000e+00  8.268922e-02  4.270865e-01
 2.80000e+00 -2.00000e+00       2.971e+14  4.860370e-01  0.000000e+00  1.473794e-01  5.139630e-01
 3.50000e+00 -2.00000e+00       1.343e+14  1.765971e-01  0.000000e+00  1.568174e-01  8.234029e-01
 4.20000e+00 -2.00000e+00       5.172e+13  8.943508e-02  0.000000e+00 -3.009915e-01  9.105649e-01
 4.90000e+00 -2.00000e+00       1.832e+13  4.778499e-01  0.000000e+00 -5.207812e-01  5.221501e-01
 5.60000e+00 -2.00000e+00       4.579e+12  7.967446e-01  0.000000e+00 -3.330878e-01  2.032554e-01
 6.30000e+00 -2.00000e+00       6.934e+11  9.187395e-01  0.000000e+00 -4.711606e-02  8.126046e-02
 7.00000e+00 -2.00000e+00       6.202e+10  9.078201e-01  0.000000e+00  2.085526e-01  9.217988e-02
-7.00000e+00 -1.60000e+00       2.656e+11  7.214488e-01  0.000000e+00 -6.318240e-01  2.785512e-01
-6.30000e+00 -1.60000e+00       3.105e+12  8.451773e-01  0.000000e+00 -4.418144e-01  1.548227e-01
-5.60000e+00 -1.60000e+00       2.187e+13  9.157967e-01  0.000000e+00 -1.976696e-01  8.420328e-02
-4.90000e+00 -1.60000e+00       9.210e+13  8.919918e-01  0.000000e+00  8.859378e-02  1.080082e-01
-4.20000e+00 -1.60000e+00       2.327e+14  7.003693e-01  0.000000e+00  3.381346e-01  2.996307e-01
-3.50000e+00 -1.60000e+00       4.119e+14  3.754478e-01  0.000000e+00  2.629633e-01  6.245522e-01
-2.80000e+00 -1.60000e+00       7.531e+14  4.122196e-01  0.000000e+00 -1.012382e-01  5.877804e-01
-2.10000e+00 -1.60000e+00       1.272e+15  6.114958e-01  0.000000e+00 -1.955381e-01  3.885042e-01
-1.40000e+00 -1.60000e+00       1.366e+15  5.616718e-01  0.000000e+00 -3.855046e-01  4.383282e-01
-7.00000e-01 -1.60000e+00       7.792e+14  4.437778e-01  0.000000e+00 -6.186055e-01  5.562222e-01
 0.00000e+00 -1.60000e+00       3.694e+14  4.248769e-01  0.000000e+00 -2.534260e-15  5.751231e-01
 7.00000e-01 -1.60000e+00       7.792e+14  4.437778e-01  0.000000e+00  6.186055e-01  5.562222e-01
 1.40000e+00 -1.60000e+00       1.366e+15  5.616718e-01  0.000000e+00  3.855046e-01  4.383282e-01
 2.10000e+00 -1.60000e+00       1.272e+15  6.114958e-01  0.000000e+00  1.955381e-01  3.885042e-01
 2.80000e+00 -1.60000e+00       7.531e+14  4.122196e-01  0.000000e+00  1.012382e-01  5.877804e-01
 3.50000e+00 -1.60000e+00       4.119e+14  3.754478e-01  0.000000e+00 -2.629633e-01  6.245522e-01
 4.20000e+00 -1.60000e+00       2.327e+14  7.003693e-01  0.000000e+00 -3.381346e-01  2.996307e-01
 4.90000e+00 -1.60000e+00       9.210e+13  8.919918e-01  0.000000e+00 -8.859378e-02  1.080082e-01
 5.60000e+00 -1.60000e+00       2.187e+13  9.157967e-01  0.000000e+00  1.976696e-01  8.420328e-02
 6.30000e+00 -1.60000e+00       3.105e+12  8.451773e-01  0.000000e+00  4.418144e-01  1.548227e-01
 7.00000e+00 -1.60000e+00       2.656e+11  7.214488e-01  0.000000e+00  6.318240e-01  2.785512e-01
-7.00000e+00 -1.20000e+00       5.543e+11  5.116569e-01  0.000000e+00 -8.116211e-01  4.883431e-01
-6.30000e+00 -1.20000e+00       6.815e+12  6.933702e-01  0.000000e+00 -6.644616e-01  3.066298e-01
-5.60000e+00 -1.20000e+00       5.240e+13  8.302611e-01  0.000000e+00 -4.747761e-01  1.697389e-01
-4.90000e+00 -1.20000e+00       2.466e+14  9.117682e-01  0.000000e+00 -2.407473e-01  8.823183e-02
-4.20000e+00 -1.20000e+00       7.020e+14  9.089291e-01  0.000000e+00  3.043477e-02  9.107091e-02
-3.50000e+00 -1.20000e+00       1.207e+15  7.676243e-01  0.000000e+00  2.395605e-01  2.323757e-01
-2.80000e+00 -1.20000e+00       1.553e+15  5.583595e-01  0.000000e+00  1.396940e-01  4.416405e-01
-2.10000e+00 -1.20000e+00       2.517e+15  7.133783e-01  0.000000e+00 -4.510257e-02  2.866217e-01
-1.40000e+00 -1.20000e+00       4.420e+15  9.144911e-01  0.000000e+00 -8.074827e-02  8.550891e-02
-7.00000e-01 -1.20000e+00       5.506e+15  9.647195e-01  0.000000e+00 -1.280538e-01  3.528054e-02
 0.00000e+00 -1.20000e+00       4.934e+15  9.704130e-01  0.000000e+00 -2.548391e-15  2.958702e-02
 7.00000e-01 -1.20000e+00       5.506e+15  9.647195e-01  0.000000e+00  1.280538e-01  3.528054e-02
 1.40000e+00 -1.20000e+00       4.420e+15  9.144911e-01  0.000000e+00  8.074827e-02  8.550891e-02
 2.10000e+00 -1.20000e+00       2.517e+15  7.133783e-01  0.000000e+00  4.510257e-02  2.866217e-01
 2.80000e+00 -1.20000e+00       1.553e+15  5.583595e-01  0.000000e+00 -1.396940e-01  4.416405e-01
 3.50000e+00 -1.20000e+00       1.207e+15  7.676243e-01  0.000000e+00 -2.395605e-01  2.323757e-01
 4.20000e+00 -1.20000e+00       7.020e+14  9.089291e-01  0.000000e+00 -3.043477e-02  9.107091e-02
 4.90000e+00 -1.20000e+00       2.466e+14  9.117682e-01  0.000000e+00  2.407473e-01  8.823183e-02
 5.60000e+00 -1.20000e+00       5.240e+13  8.302611e-01  0.000000e+00  4.747761e-01  1.697389e-01
 6.30000e+00 -1.20000e+00       6.815e+12  6.933702e-01  0.000000e+00  6.644616e-01  3.066298e-01
 7.00000e+00 -1.20000e+00       5.543e+11  5.116569e-01  0.000000e+00  8.116211e-01  4.883431e-01
-7.00000e+00 -8.00000e-01       8.198e+11  4.560553e-01  0.000000e+00 -8.407801e-01  5.439447e-01
-6.30000e+00 -8.00000e-01       1.053e+13  6.500370e-01  0.000000e+00 -7.097451e-01  3.499630e-01
-5.60000e+00 -8.00000e-01       8.504e+13  7.985488e-01  0.000000e+00 -5.441323e-01  2.014512e-01
-4.90000e+00 -8.00000e-01       4.314e+14  8.990288e-01  0.000000e+00 -3.563546e-01  1.009712e-01
-4.20000e+00 -8.00000e-01       1.341e+15  9.485169e-01  0.000000e+00 -1.544650e-01  5.148312e-02
-3.50000e+00 -8.00000e-01       2.432e+15  9.329108e-01  0.000000e+00  4.543595e-02  6.708923e-02
-2.80000e+00 -8.00000e-01       2.730e+15  8.257677e-01  0.000000e+00  1.378264e-01  1.742323e-01
-2.10000e+00 -8.00000e-01       2.921e+15  7.297742e-01  0.000000e+00  3.614558e-02  2.702258e-01
-1.40000e+00 -8.00000e-01       3.093e+15  7.321596e-01  0.000000e+00  1.972000e-01  2.678404e-01
-7.00000e-01 -8.00000e-01       1.808e+15  7.228794e-01  0.000000e+00  4.419645e-01  2.771206e-01
 0.00000e+00 -8.00000e-01       7.969e+14  7.112928e-01  0.000000e+00  3.958956e-15  2.887072e-01
 7.00000e-01 -8.00000e-01       1.808e+15  7.228794e-01  0.000000e+00 -4.419645e-01  2.771206e-01
 1.40000e+00 -8.00000e-01       3.093e+15  7.321596e-01  0.000000e+00 -1.972000e-01  2.678404e-01
 2.10000e+00 -8.00000e-01       2.921e+15  7.297742e-01  0.000000e+00 -3.614558e-02  2.702258e-01
 2.80000e+00 -8.00000e-01       2.730e+15  8.257677e-01  0.000000e+00 -1.378264e-01  1.742323e-01
 3.50000e+00 -8.00000e-01       2.432e+15  9.329108e-01  0.000000e+00 -4.543595e-02  6.708923e-02
 4.20000e+00 -8.00000e-01       1.341e+15  9.485169e-01  0.000000e+00  1.544650e-01  5.148312e-02
 4.90000e+00 -8.00000e-01       4.314e+14  8.990288e-01  0.000000e+00  3.563546e-01  1.009712e-01
 5.60000e+00 -8.00000e-01       8.504e+13  7.985488e-01  0.000000e+00  5.441323e-01  2.014512e-01
 6.30000e+00 -8.00000e-01       1.053e+13  6.500370e-01  0.000000e+00  7.097451e-01  3.499630e-01
 7.00000e+00 -8.00000e-01       8.198e+11  4.560553e-01  0.000000e+00  8.407801e-01  5.439447e-01
-7.00000e+00 -4.00000e-01       7.026e+11  6.910127e-01  0.000000e+00 -6.722880e-01  3.089873e-01
-6.30000e+00 -4.00000e-01       1.023e+13  8.210267e-01  0.000000e+00 -5.294032e-01  1.789733e-01
-5.60000e+00 -4.00000e-01       9.212e+13  9.034619e-01  0.000000e+00 -3.899805e-01  9.653806e-02
-4.90000e+00 -4.00000e-01       5.168e+14  9.529399e-01  0.000000e+00 -2.595951e-01  4.706006e-02
-4.20000e+00 -4.00000e-01       1.774e+15  9.787462e-01  0.000000e+00 -1.375425e-01  2.125378e-02
-3.50000e+00 -4.00000e-01       3.537e+15  9.840003e-01  0.000000e+00 -2.234273e-02  1.599973e-02
-2.80000e+00 -4.00000e-01       4.087e+15  9.643717e-01  0.000000e+00  6.453815e-02  3.562829e-02
-2.10000e+00 -4.00000e-01       4.385e+15  9.487956e-01  0.000000e+00  3.790402e-02  5.120437e-02
-1.40000e+00 -4.00000e-01       5.364e+15  9.752345e-01  0.000000e+00  3.392972e-03  2.476546e-02
-7.00000e-01 -4.00000e-01       3.112e+15  9.889886e-01  0.000000e+00  9.751243e-03  1.101139e-02
 0.00000e+00 -4.00000e-01       1.231e+15  9.865163e-01  0.000000e+00 -7.185060e-16  1.348369e-02
 7.00000e-01 -4.00000e-01       3.112e+15  9.889886e-01  0.000000e+00 -9.751243e-03  1.101139e-02
 1.40000e+00 -4.00000e-01       5.364e+15  9.752345e-01  0.000000e+00 -3.392972e-03  2.476546e-02
 2.10000e+00 -4.00000e-01       4.385e+15  9.487956e-01  0.000000e+00 -3.790402e-02  5.120437e-02
 2.80000e+00 -4.00000e-01       4.087e+15  9.643717e-01  0.000000e+00 -6.453815e-02  3.562829e-02
 3.50000e+00 -4.00000e-01       3.537e+15  9.840003e-01  0.000000e+00  2.234273e-02  1.599973e-02
 4.20000e+00 -4.00000e-01       1.774e+15  9.787462e-01  0.000000e+00  1.375425e-01  2.125378e-02
 4.90000e+00 -4.00000e-01       5.168e+14  9.529399e-01  0.000000e+00  2.595951e-01  4.706006e-02
 5.60000e+00 -4.00000e-01       9.212e+13  9.034619e-01  0.000000e+00  3.899805e-01  9.653806e-02
 6.30000e+00 -4.00000e-01       1.023e+13  8.210267e-01  0.000000e+00  5.294032e-01  1.789733e-01
 7.00000e+00 -4.00000e-01       7.026e+11  6.910127e-01  0.000000e+00  6.722880e-01  3.089873e-01
-7.00000e+00  0.00000e+00       5.724e+11  9.997149e-01  0.000000e+00  1.687179e-10  2.851331e-04
-6.30000e+00  0.00000e+00       9.284e+12  9.998489e-01  0.000000e+00  2.267842e-11  1.510855e-04
-5.60000e+00  0.00000e+00       8.990e+13  9.999213e-01  0.000000e+00  3.727852e-12  7.872940e-05
-4.90000e+00  0.00000e+00       5.319e+14  9.999617e-01  0.000000e+00  1.172710e-12  3.830654e-05
-4.20000e+00  0.00000e+00       1.907e+15  9.999834e-01  0.000000e+00  5.026047e-13  1.656110e-05
-3.50000e+00  0.00000e+00       3.950e+15  9.999936e-01  0.000000e+00  3.242895e-13  6.423285e-06
-2.80000e+00  0.00000e+00       4.670e+15  9.999886e-01  0.000000e+00  3.710395e-13  1.135562e-05
-2.10000e+00  0.00000e+00       4.939e+15  9.999652e-01  0.000000e+00  3.419695e-13  3.478726e-05
-1.40000e+00  0.00000e+00       7.980e+15  9.999505e-01  0.000000e+00  1.250344e-13  4.954159e-05
-7.00000e-01  0.00000e+00       1.707e+16  9.999346e-01  0.000000e+00  2.029404e-14  6.543811e-05
 0.00000e+00  0.00000e+00       2.597e+16  9.999307e-01  0.000000e+00 -7.404589e-18  6.925157e-05
 7.00000e-01  0.00000e+00       1.707e+16  9.999346e-01  0.000000e+00 -2.030619e-14  6.543811e-05
 1.40000e+00  0.00000e+00       7.980e+15  9.999505e-01  0.000000e+00 -1.250207e-13  4.954159e-05
 2.10000e+00  0.00000e+00       4.939e+15  9.999652e-01  0.000000e+00 -3.420064e-13  3.478726e-05
 2.80000e+00  0.00000e+00       4.670e+15  9.999886e-01  0.000000e+00 -3.710694e-13  1.135562e-05
 3.50000e+00  0.00000e+00       3.950e+15  9.999936e-01  0.000000e+00 -3.242326e-13  6.423285e-06
 4.20000e+00  0.00000e+00       1.907e+15  9.999834e-01  0.000000e+00 -5.024084e-13  1.656110e-05
 4.90000e+00  0.00000e+00       5.319e+14  9.999617e-01  0.000000e+00 -1.172332e-12  3.830654e-05
 5.60000e+00  0.00000e+00       8.990e+13  9.999213e-01  0.000000e+00 -3.727153e-12  7.872940e-05
 6.30000e+00  0.00000e+00       9.284e+12  9.998489e-01  0.000000e+00 -2.267741e-11  1.510855e-04
 7.00000e+00  0.00000e+00       5.724e+11  9.997149e-01  0.000000e+00 -1.687163e-10  2.851331e-04
-7.00000e+00  4.00000e-01       7.026e+11  6.910127e-01  0.000000e+00  6.722880e-01  3.089873e-01
-6.30000e+00  4.00000e-01       1.023e+13  8.210267e-01  0.000000e+00  5.294032e-01  1.789733e-01
-5.60000e+00  4.00000e-01       9.212e+13  9.034619e-01  0.000000e+00  3.899805e-01  9.653806e-02
-4.90000e+00  4.00000e-01       5.168e+14  9.529399e-01  0.000000e+00  2.595951e-01  4.706006e-02
-4.20000e+00  4.00000e-01       1.774e+15  9.787462e-01  0.000000e+00  1.375425e-01  2.125378e-02
-3.50000e+00  4.00000e-01       3.537e+15  9.840003e-01  0.000000e+00  2.234273e-02  1.599973e-02
-2.80000e+00  4.00000e-01       4.087e+15  9.643717e-01  0.000000e+00 -6.453815e-02  3.562829e-02
-2.10000e+00  4.00000e-01       4.385e+15  9.487956e-01  0.000000e+00 -3.790402e-02  5.120437e-02
-1.40000e+00  4.00000e-01       5.364e+15  9.752345e-01  0.000000e+00 -3.392972e-03  2.476546e-02
-7.00000e-01  4.00000e-01       3.112e+15  9.889886e-01  0.000000e+00 -9.751243e-03  1.101139e-02
 0.00000e+00  4.00000e-01       1.231e+15  9.865163e-01  0.000000e+00  7.303639e-16  1.348369e-02
 7.00000e-01  4.00000e-01       3.112e+15  9.889886e-01  0.000000e+00  9.751243e-03  1.101139e-02
 1.40000e+00  4.00000e-01       5.364e+15  9.752345e-01  0.000000e+00  3.392972e-03  2.476546e-02
 2.10000e+00  4.00000e-01       4.385e+15  9.487956e-01  0.000000e+00  3.790402e-02  5.120437e-02
 2.80000e+00  4.00000e-01       4.087e+15  9.643717e-01  0.000000e+00  6.453815e-02  3.562829e-02
 3.50000e+00  4.00000e-01       3.537e+15  9.840003e-01  0.000000e+00 -2.234273e-02  1.599973e-02
 4.20000e+00  4.00000e-01       1.774e+15  9.787462e-01  0.000000e+00 -1.375425e-01  2.125378e-02
 4.90000e+00  4.00000e-01       5.168e+14  9.529399e-01  0.000000e+00 -2.595951e-01  4.706006e-02
 5.60000e+00  4.00000e-01       9.212e+13  9.034619e-01  0.000000e+00 -3.899805e-01  9.653806e-02
 6.30000e+00  4.00000e-01       1.023e+13  8.210267e-01  0.000000e+00 -5.294032e-01  1.789733e-01
 7.00000e+00  4.00000e-01       7.026e+11  6.910127e-01  0.000000e+00 -6.722880e-01  3.089873e-01
-7.00000e+00  8.00000e-01       8.198e+11  4.560553e-01  0.000000e+00  8.407801e-01  5.439447e-01
-6.30000e+00  8.00000e-01       1.053e+13  6.500370e-01  0.000000e+00  7.097451e-01  3.499630e-01
-5.60000e+00  8.00000e-01       8.504e+13  7.985488e-01  0.000000e+00  5.441323e-01  2.014512e-01
-4.90000e+00  8.00000e-01       4.314e+14  8.990288e-01  0.000000e+00  3.563546e-01  1.009712e-01
-4.20000e+00  8.00000e-01       1.341e+15  9.485169e-01  0.000000e+00  1.544650e-01  5.148312e-02
-3.50000e+00  8.00000e-01       2.432e+15  9.329108e-01  0.000000e+00 -4.543595e-02  6.708923e-02
-2.80000e+00  8.00000e-01       2.730e+15  8.257677e-01  0.000000e+00 -1.378264e-01  1.742323e-01
-2.10000e+00  8.00000e-01       2.921e+15  7.297742e-01  0.000000e+00 -3.614558e-02  2.702258e-01
-1.40000e+00  8.00000e-01       3.093e+15  7.321596e-01  0.000000e+00 -1.972000e-01  2.678404e-01
-7.00000e-01  8.00000e-01       1.808e+15  7.228794e-01  0.000000e+00 -4.419645e-01  2.771206e-01
 0.00000e+00  8.00000e-01       7.969e+14  7.112928e-01  0.000000e+00  3.091058e-16  2.887072e-01
 7.00000e-01  8.00000e-01       1.808e+15  7.228794e-01  0.000000e+00  4.419645e-01  2.771206e-01
 1.40000e+00  8.00000e-01       3.093e+15  7.321596e-01  0.000000e+00  1.972000e-01  2.678404e-01
 2.10000e+00  8.00000e-01       2.921e+15  7.297742e-01  0.000000e+00  3.614558e-02  2.702258e-01
 2.80000e+00  8.00000e-01       2.730e+15  8.257677e-01  0.000000e+00  1.378264e-01  1.742323e-01
 3.50000e+00  8.00000e-01       2.432e+15  9.329108e-01  0.000000e+00  4.543595e-02  6.708923e-02
 4.20000e+00  8.00000e-01       1.341e+15  9.485169e-01  0.000000e+00 -1.544650e-01  5.148312e-02
 4.90000e+00  8.00000e-01       4.314e+14  8.990288e-01  0.000000e+00 -3.563546e-01  1.009712e-01
 5.60000e+00  8.00000e-01       8.504e+13  7.985488e-01  0.000000e+00 -5.441323e-01  2.014512e-01
 6.30000e+00  8.00000e-01       1.053e+13  6.500370e-01  0.000000e+00 -7.097451e-01  3.499630e-01
 7.00000e+00  8.00000e-01       8.198e+11  4.560553e-01  0.000000e+00 -8.407801e-01  5.439447e-01
-7.00000e+00  1.20000e+00       5.543e+11  5.116569e-01  0.000000e+00  8.116211e-01  4.883431e-01
-6.30000e+00  1.20000e+00       6.815e+12  6.933702e-01  0.000000e+00  6.644616e-01  3.066298e-01
-5.60000e+00  1.20000e+00       5.240e+13  8.302611e-01  0.000000e+00  4.747761e-01  1.697389e-01
-4.90000e+00  1.20000e+00       2.466e+14  9.117682e-01  0.000000e+00  2.407473e-01  8.823183e-02
-4.20000e+00  1.20000e+00       7.020e+14  9.089291e-01  0.000000e+00 -3.043477e-02  9.107091e-02
-3.50000e+00  1.20000e+00       1.207e+15  7.676243e-01  0.000000e+00 -2.395605e-01  2.323757e-01
-2.80000e+00  1.20000e+00       1.553e+15  5.583595e-01  0.000000e+00 -1.396940e-01  4.416405e-01
-2.10000e+00  1.20000e+00       2.517e+15  7.133783e-01  0.000000e+00  4.510257e-02  2.866217e-01
-1.40000e+00  1.20000e+00       4.420e+15  9.144911e-01  0.000000e+00  8.074827e-02  8.550891e-02
-7.00000e-01  1.20000e+00       5.506e+15  9.647195e-01  0.000000e+00  1.280538e-01  3.528054e-02
 0.00000e+00  1.20000e+00       4.934e+15  9.704130e-01  0.000000e+00  4.311336e-15  2.958702e-02
 7.00000e-01  1.20000e+00       5.506e+15  9.647195e-01  0.000000e+00 -1.280538e-01  3.528054e-02
 1.40000e+00  1.20000e+00       4.420e+15  9.144911e-01  0.000000e+00 -8.074827e-02  8.550891e-02
 2.10000e+00  1.20000e+00       2.517e+15  7.133783e-01  0.000000e+00 -4.510257e-02  2.866217e-01
 2.80000e+00  1.20000e+00       1.553e+15  5.583595e-01  0.000000e+00  1.396940e-01  4.416405e-01
 3.50000e+00  1.20000e+00       1.207e+15  7.676243e-01  0.000000e+00  2.395605e-01  2.323757e-01
 4.20000e+00  1.20000e+00       7.020e+14  9.089291e-01  0.000000e+00  3.043477e-02  9.107091e-02
 4.90000e+00  1.20000e+00       2.466e+14  9.117682e-01  0.000000e+00 -2.407473e-01  8.823183e-02
 5.60000e+00  1.20000e+00       5.240e+13  8.302611e-01  0.000000e+00 -4.747761e-01  1.697389e-01
 6.30000e+00  1.20000e+00       6.815e+12  6.933702e-01  0.000000e+00 -6.644616e-01  3.066298e-01
 7.00000e+00  1.20000e+00       5.543e+11  5.116569e-01  0.000000e+00 -8.116211e-01  4.883431e-01
-7.00000e+00  1.60000e+00       2.656e+11  7.214488e-01  0.000000e+00  6.318240e-01  2.785512e-01
-6.30000e+00  1.60000e+00       3.105e+12  8.451773e-01  0.000000e+00  4.418144e-01  1.548227e-01
-5.60000e+00  1.60000e+00       2.187e+13  9.157967e-01  0.000000e+00  1.976696e-01  8.420328e-02
-4.90000e+00  1.60000e+00       9.210e+13  8.919918e-01  0.000000e+00 -8.859378e-02  1.080082e-01
-4.20000e+00  1.60000e+00       2.327e+14  7.003693e-01  0.000000e+00 -3.381346e-01  2.996307e-01
-3.50000e+00  1.60000e+00       4.119e+14  3.754478e-01  0.000000e+00 -2.629633e-01  6.245522e-01
-2.80000e+00  1.60000e+00       7.531e+14  4.122196e-01  0.000000e+00  1.012382e-01  5.877804e-01
-2.10000e+00  1.60000e+00       1.272e+15  6.114958e-01  0.000000e+00  1.955381e-01  3.885042e-01
-1.40000e+00  1.60000e+00       1.366e+15  5.616718e-01  0.000000e+00  3.855046e-01  4.383282e-01
-7.00000e-01  1.60000e+00       7.792e+14  4.437778e-01  0.000000e+00  6.186055e-01  5.562222e-01
 0.00000e+00  1.60000e+00       3.694e+14  4.248769e-01  0.000000e+00  3.044678e-15  5.751231e-01
 7.00000e-01  1.60000e+00       7.792e+14  4.437778e-01  0.000000e+00 -6.186055e-01  5.562222e-01
 1.40000e+00  1.60000e+00       1.366e+15  5.616718e-01  0.000000e+00 -3.855046e-01  4.383282e-01
 2.10000e+00  1.60000e+00       1.272e+15  6.114958e-01  0.000000e+00 -1.955381e-01  3.885042e-01
 2.80000e+00  1.60000e+00       7.531e+14  4.122196e-01  0.000000e+00 -1.012382e-01  5.877804e-01
 3.50000e+00  1.60000e+00       4.119e+14  3.754478e-01  0.000000e+00  2.629633e-01  6.245522e-01
 4.20000e+00  1.60000e+00       2.327e+14  7.003693e-01  0.000000e+00  3.381346e-01  2.996307e-01
 4.90000e+00  1.60000e+00       9.210e+13  8.919918e-01  0.000000e+00  8.859378e-02  1.080082e-01
 5.60000e+00  1.60000e+00       2.187e+13  9.157967e-01  0.000000e+00 -1.976696e-01  8.420328e-02
 6.30000e+00  1.60000e+00       3.105e+12  8.451773e-01  0.000000e+00 -4.418144e-01  1.548227e-01
 7.00000e+00  1.60000e+00       2.656e+11  7.214488e-01  0.000000e+00 -6.318240e-01  2.785512e-01
-7.00000e+00  2.00000e+00       6.202e+10  9.078201e-01  0.000000e+00  2.085526e-01  9.217991e-02
-6.30000e+00  2.00000e+00       6.934e+11  9.187395e-01  0.000000e+00 -4.711606e-02  8.126046e-02
-5.60000e+00  2.00000e+00       4.579e+12  7.967446e-01  0.000000e+00 -3.330878e-01  2.032554e-01
-4.90000e+00  2.00000e+00       1.832e+13  4.778499e-01  0.000000e+00 -5.207812e-01  5.221501e-01
-4.20000e+00  2.00000e+00       5.172e+13  8.943508e-02  0.000000e+00 -3.009915e-01  9.105649e-01
-3.50000e+00  2.00000e+00       1.343e+14  1.765971e-01  0.000000e+00  1.568174e-01  8.234029e-01
-2.80000e+00  2.00000e+00       2.971e+14  4.860370e-01  0.000000e+00  1.473794e-01  5.139630e-01
-2.10000e+00  2.00000e+00       4.623e+14  5.729135e-01  0.000000e+00  8.268922e-02  4.270865e-01
-1.40000e+00  2.00000e+00       4.695e+14  6.013132e-01  0.000000e+00  3.084265e-01  3.986868e-01
-7.00000e-01  2.00000e+00       2.464e+14  6.142519e-01  0.000000e+00  4.509278e-01  3.857481e-01
 0.00000e+00  2.00000e+00       1.164e+14  5.336665e-01  0.000000e+00  1.399260e-14  4.663335e-01
 7.00000e-01  2.00000e+00       2.464e+14  6.142519e-01  0.000000e+00 -4.509278e-01  3.857481e-01
 1.40000e+00  2.00000e+00       4.695e+14  6.013132e-01  0.000000e+00 -3.084265e-01  3.986868e-01
 2.10000e+00  2.00000e+00       4.623e+14  5.729135e-01  0.000000e+00 -8.268922e-02  4.270865e-01
 2.80000e+00  2.00000e+00       2.971e+14  4.860370e-01  0.000000e+00 -1.473794e-01  5.139630e-01
 3.50000e+00  2.00000e+00       1.343e+14  1.765971e-01  0.000000e+00 -1.568174e-01  8.234029e-01
 4.20000e+00  2.00000e+00       5.172e+13  8.943508e-02  0.000000e+00  3.009915e-01  9.105649e-01
 4.90000e+00  2.00000e+00       1.832e+13  4.778499e-01  0.000000e+00  5.207812e-01  5.221501e-01
 5.60000e+00  2.00000e+00       4.579e+12  7.967446e-01  0.000000e+00  3.330878e-01  2.032554e-01
 6.30000e+00  2.00000e+00       6.934e+11  9.187395e-01  0.000000e+00  4.711606e-02  8.126046e-02
 7.00000e+00  2.00000e+00       6.202e+10  9.078201e-01  0.000000e+00 -2.085526e-01  9.217991e-02
-7.00000e+00  2.40000e+00       6.534e+09  6.222491e-01  0.000000e+00 -4.597569e-01  3.777509e-01
-6.30000e+00  2.40000e+00       6.358e+10  4.654628e-01  0.000000e+00 -6.387509e-01  5.345372e-01
-5.60000e+00  2.40000e+00       4.059e+11  5.703528e-02  0.000000e+00 -4.942434e-01  9.429647e-01
-4.90000e+00  2.40000e+00       2.216e+12 -1.520128e-01  0.000000e+00  8.724060e-02  8.479872e-01
-4.20000e+00  2.40000e+00       1.085e+13  2.159141e-01  0.000000e+00  3.731698e-01  7.840859e-01
-3.50000e+00  2.40000e+00       3.418e+13  5.806504e-01  0.000000e+00  2.055942e-01  4.193496e-01
-2.80000e+00  2.40000e+00       5.970e+13  6.259004e-01  0.000000e+00 -1.002723e-02  3.740996e-01
-2.10000e+00  2.40000e+00       8.475e+13  4.648390e-01  0.000000e+00 -1.502061e-01  5.351610e-01
-1.40000e+00  2.40000e+00       1.857e+14  1.385784e-01  0.000000e+00 -1.563105e-02  8.614216e-01
-7.00000e-01  2.40000e+00       5.528e+14 -1.262022e-01  0.000000e+00  1.193926e-01  8.737978e-01
 0.00000e+00  2.40000e+00       8.865e+14 -1.516721e-01  0.000000e+00 -3.309287e-15  8.483279e-01
 7.00000e-01  2.40000e+00       5.528e+14 -1.262022e-01  0.000000e+00 -1.193926e-01  8.737978e-01
 1.40000e+00  2.40000e+00       1.857e+14  1.385784e-01  0.000000e+00  1.563105e-02  8.614216e-01
 2.10000e+00  2.40000e+00       8.475e+13  4.648390e-01  0.000000e+00  1.502061e-01  5.351610e-01
 2.80000e+00  2.40000e+00       5.970e+13  6.259004e-01  0.000000e+00  1.002723e-02  3.740996e-01
 3.50000e+00  2.40000e+00       3.418e+13  5.806504e-01  0.000000e+00 -2.055942e-01  4.193496e-01
 4.20000e+00  2.40000e+00       1.085e+13  2.159141e-01  0.000000e+00 -3.731698e-01  7.840859e-01
 4.90000e+00  2.40000e+00       2.216e+12 -1.520128e-01  0.000000e+00 -8.724060e-02  8.479872e-01
 5.60000e+00  2.40000e+00       4.059e+11  5.703528e-02  0.000000e+00  4.942434e-01  9.429647e-01
 6.30000e+00  2.40000e+00       6.358e+10  4.654628e-01  0.000000e+00  6.387509e-01  5.345372e-01
 7.00000e+00  2.40000e+00       6.534e+09  6.222491e-01  0.000000e+00  4.597569e-01  3.777509e-01
-7.00000e+00  2.80000e+00       9.594e+08 -5.344148e-01  0.000000e+00 -3.862494e-01  4.655852e-01
-6.30000e+00  2.80000e+00       7.269e+09 -5.214640e-01  0.000000e+00 -4.222817e-03  4.785360e-01
-5.60000e+00  2.80000e+00       6.403e+10 -1.671843e-01  0.000000e+00  4.273288e-01  8.328157e-01
-4.90000e+00  2.80000e+00       4.323e+11  3.321627e-01  0.000000e+00  4.102672e-01  6.678373e-01
-4.20000e+00  2.80000e+00       1.853e+12  5.153346e-01  0.000000e+00  7.557131e-02  4.846654e-01
-3.50000e+00  2.80000e+00       5.107e+12  3.299074e-01  0.000000e+00 -1.144632e-01  6.700926e-01
-2.80000e+00  2.80000e+00       1.110e+13  2.288174e-01  0.000000e+00  5.998180e-02  7.711826e-01
-2.10000e+00  2.80000e+00       1.887e+13  2.133902e-01  0.000000e+00  2.711763e-01  7.866098e-01
-1.40000e+00  2.80000e+00       1.962e+13 -3.784787e-02  0.000000e+00  4.378566e-01  9.621521e-01
-7.00000e-01  2.80000e+00       1.435e+13 -2.599937e-01  0.000000e+00  3.121457e-01  7.400063e-01
 0.00000e+00  2.80000e+00       1.366e+13 -2.715329e-01  0.000000e+00  3.747384e-15  7.284671e-01
 7.00000e-01  2.80000e+00       1.435e+13 -2.599937e-01  0.000000e+00 -3.121457e-01  7.400063e-01
 1.40000e+00  2.80000e+00       1.962e+13 -3.784787e-02  0.000000e+00 -4.378566e-01  9.621521e-01
 2.10000e+00  2.80000e+00       1.887e+13  2.133902e-01  0.000000e+00 -2.711763e-01  7.866098e-01
 2.80000e+00  2.80000e+00       1.110e+13  2.288174e-01  0.000000e+00 -5.998180e-02  7.711826e-01
 3.50000e+00  2.80000e+00       5.107e+12  3.299074e-01  0.000000e+00  1.144632e-01  6.700926e-01
 4.20000e+00  2.80000e+00       1.853e+12  5.153346e-01  0.000000e+00 -7.557131e-02  4.846654e-01
 4.90000e+00  2.80000e+00       4.323e+11  3.321627e-01  0.000000e+00 -4.102672e-01  6.678373e-01
 5.60000e+00  2.80000e+00       6.403e+10 -1.671843e-01  0.000000e+00 -4.273288e-01  8.328157e-01
 6.30000e+00  2.80000e+00       7.269e+09 -5.214640e-01  0.000000e+00  4.222817e-03  4.785360e-01
 7.00000e+00  2.80000e+00       9.594e+08 -5.344148e-01  0.000000e+00  3.862494e-01  4.655852e-01
-7.00000e+00  3.20000e+00       4.457e+08 -7.065876e-01  0.000000e+00 -9.183198e-02  2.934124e-01
-6.30000e+00  3.20000e+00       1.341e+09 -3.253386e-01  0.000000e+00  2.996656e-01  6.746614e-01
-5.60000e+00  3.20000e+00       7.231e+09  3.350974e-01  0.000000e+00  1.995891e-01  6.649026e-01
-4.90000e+00  3.20000e+00       4.236e+10  4.418957e-01  0.000000e+00 -1.271114e-01  5.581043e-01
-4.20000e+00  3.20000e+00       1.739e+11  2.453578e-01  0.000000e+00 -1.139897e-01  7.546422e-01
-3.50000e+00  3.20000e+00       5.103e+11  2.070525e-01  0.000000e+00  7.627843e-02  7.929475e-01
-2.80000e+00  3.20000e+00       1.176e+12  1.775486e-01  0.000000e+00  5.619849e-02  8.224514e-01
-2.10000e+00  3.20000e+00       2.071e+12 -1.491340e-01  0.000000e+00 -1.029194e-01  8.508660e-01
-1.40000e+00  3.20000e+00       2.558e+12 -4.143893e-01  0.000000e+00 -4.188494e-01  5.856107e-01
-7.00000e-01  3.20000e+00       1.737e+12 -3.654813e-01  0.000000e+00 -5.988108e-01  6.345187e-01
 0.00000e+00  3.20000e+00       1.035e+12 -7.865244e-03  0.000000e+00  7.370116e-15  9.921348e-01
 7.00000e-01  3.20000e+00       1.737e+12 -3.654813e-01  0.000000e+00  5.988108e-01  6.345187e-01
 1.40000e+00  3.20000e+00       2.558e+12 -4.143893e-01  0.000000e+00  4.188494e-01  5.856107e-01
 2.10000e+00  3.20000e+00       2.071e+12 -1.491340e-01  0.000000e+00  1.029194e-01  8.508660e-01
 2.80000e+00  3.20000e+00       1.176e+12  1.775486e-01  0.000000e+00 -5.619849e-02  8.224514e-01
 3.50000e+00  3.20000e+00       5.103e+11  2.070525e-01  0.000000e+00 -7.627843e-02  7.929475e-01
 4.20000e+00  3.20000e+00       1.739e+11  2.453578e-01  0.000000e+00  1.139897e-01  7.546422e-01
 4.90000e+00  3.20000e+00       4.236e+10  4.418957e-01  0.000000e+00  1.271114e-01  5.581043e-01
 5.60000e+00  3.20000e+00       7.231e+09  3.350974e-01  0.000000e+00 -1.995891e-01  6.649026e-01
 6.30000e+00  3.20000e+00       1.341e+09 -3.253386e-01  0.000000e+00 -2.996656e-01  6.746614e-01
 7.00000e+00  3.20000e+00       4.457e+08 -7.065876e-01  0.000000e+00  9.183198e-02  2.934124e-01
-7.00000e+00  3.60000e+00       3.150e+08 -7.695481e-01  0.000000e+00 -4.483270e-02  2.304519e-01
-6.30000e+00  3.60000e+00       6.314e+08 -6.969950e-01  0.000000e+00  2.292573e-01  3.030050e-01
-5.60000e+00  3.60000e+00       1.669e+09 -2.498789e-01  0.000000e+00  2.974292e-01  7.501211e-01
-4.90000e+00  3.60000e+00       8.435e+09  4.426375e-01  0.000000e+00  1.171422e-01  5.573625e-01
-4.20000e+00  3.60000e+00       3.244e+10  6.687339e-01  0.000000e+00  3.254851e-02  3.312661e-01
-3.50000e+00  3.60000e+00       5.906e+10  5.880872e-01  0.000000e+00 -6.972782e-03  4.119128e-01
-2.80000e+00  3.60000e+00       8.039e+10  1.375050e-01  0.000000e+00  2.822320e-02  8.624950e-01
-2.10000e+00  3.60000e+00       1.348e+11 -5.858026e-01  0.000000e+00 -2.875569e-02  4.141974e-01
-1.40000e+00  3.60000e+00       2.498e+11 -9.369986e-01  0.000000e+00 -7.578822e-02  6.300137e-02
-7.00000e-01  3.60000e+00       3.746e+11 -5.537851e-01  0.000000e+00  9.755069e-03  4.462149e-01
 0.00000e+00  3.60000e+00       4.602e+11 -2.370486e-02  0.000000e+00  6.393621e-15  9.762951e-01
 7.00000e-01  3.60000e+00       3.746e+11 -5.537851e-01  0.000000e+00 -9.755069e-03  4.462149e-01
 1.40000e+00  3.60000e+00       2.498e+11 -9.369986e-01  0.000000e+00  7.578822e-02  6.300137e-02
 2.10000e+00  3.60000e+00       1.348e+11 -5.858026e-01  0.000000e+00  2.875569e-02  4.141974e-01
 2.80000e+00  3.60000e+00       8.039e+10  1.375050e-01  0.000000e+00 -2.822320e-02  8.624950e-01
 3.50000e+00  3.60000e+00       5.906e+10  5.880872e-01  0.000000e+00  6.972782e-03  4.119128e-01
 4.20000e+00  3.60000e+00       3.244e+10  6.687339e-01  0.000000e+00 -3.254851e-02  3.312661e-01
 4.90000e+00  3.60000e+00       8.435e+09  4.426375e-01  0.000000e+00 -1.171422e-01  5.573625e-01
 5.60000e+00  3.60000e+00       1.669e+09 -2.498789e-01  0.000000e+00 -2.974292e-01  7.501211e-01
 6.30000e+00  3.60000e+00       6.314e+08 -6.969950e-01  0.000000e+00 -2.292573e-01  3.030050e-01
 7.00000e+00  3.60000e+00       3.150e+08 -7.695481e-01  0.000000e+00  4.483270e-02  2.304519e-01
-7.00000e+00  4.00000e+00       2.279e+08 -7.642427e-01  0.000000e+00  1.601568e-01  2.357573e-01
-6.30000e+00  4.00000e+00       5.808e+08 -7.042235e-01  0.000000e+00  3.528814e-01  2.957765e-01
-5.60000e+00  4.00000e+00       1.227e+09 -3.470789e-01  0.000000e+00  4.007409e-01  6.529211e-01
-4.90000e+00  4.00000e+00       4.955e+09  5.856069e-01  0.000000e+00  8.769358e-02  4.143931e-01
-4.20000e+00  4.00000e+00       1.806e+10  8.643229e-01  0.000000e+00 -2.448785e-02  1.356771e-01
-3.50000e+00  4.00000e+00       2.259e+10  9.805820e-01  0.000000e+00 -1.728390e-02  1.941805e-02
-2.80000e+00  4.00000e+00       5.470e+09  4.763716e-01  0.000000e+00 -8.981294e-02  5.236284e-01
-2.10000e+00  4.00000e+00       2.811e+10  5.159707e-01  0.000000e+00 -2.706740e-01  4.840293e-01
-1.40000e+00  4.00000e+00       6.279e+10  2.859433e-01  0.000000e+00 -3.740072e-01  7.140567e-01
-7.00000e-01  4.00000e+00       5.436e+10  1.285078e-01  0.000000e+00 -4.184779e-01  8.714922e-01
 0.00000e+00  4.00000e+00       1.552e+11  7.640748e-01  0.000000e+00  4.186094e-15  2.359252e-01
 7.00000e-01  4.00000e+00       5.436e+10  1.285078e-01  0.000000e+00  4.184779e-01  8.714922e-01
 1.40000e+00  4.00000e+00       6.279e+10  2.859433e-01  0.000000e+00  3.740072e-01  7.140567e-01
 2.10000e+00  4.00000e+00       2.811e+10  5.159707e-01  0.000000e+00  2.706740e-01  4.840293e-01
 2.80000e+00  4.00000e+00       5.470e+09  4.763716e-01  0.000000e+00  8.981294e-02  5.236284e-01
 3.50000e+00  4.00000e+00       2.259e+10  9.805820e-01  0.000000e+00  1.728390e-02  1.941805e-02
 4.20000e+00  4.00000e+00       1.806e+10  8.643229e-01  0.000000e+00  2.448785e-02  1.356771e-01
 4.90000e+00  4.00000e+00       4.955e+09  5.856069e-01  0.000000e+00 -8.769358e-02  4.143931e-01
 5.60000e+00  4.00000e+00       1.227e+09 -3.470789e-01  0.000000e+00 -4.007409e-01  6.529211e-01
 6.30000e+00  4.00000e+00       5.808e+08 -7.042235e-01  0.000000e+00 -3.528814e-01  2.957765e-01
 7.00000e+00  4.00000e+00       2.279e+08 -7.642427e-01  0.000000e+00 -1.601568e-01  2.357573e-01
