 EB(GeV)    EMITTANCEx EMITTANCEy SIZEx(m)   SIZEy(m)   DIVx(rad)  DIVy(rad)
 2.411e+00  5.499e-09  1.017e-12  8.711e-05  1.009e-06  6.313e-05  1.009e-06
 betax      alphax     betay      alphay     eta        deta       E_spread  
 1.380e+00  0.000e+00  1.000e+00  0.000e+00  0.000e+00  0.000e+00  8.600e-04
 Ibeam(A)   period(cm) #periods   Kx         Ky         Energy(eV)
 4.005e-01  1.900e+00         96  0.000e+00  1.780e+00  5.922e+03


           x            y       F.Density            PL            PC          PL45        1-|PL|
          mm           mm  ph/s/mr^2/0.1%             -             -             -             -
-7.00000e+00 -4.00000e+00       3.625e+08 -7.464750e-01  0.000000e+00 -6.646034e-02  2.535250e-01
-6.30000e+00 -4.00000e+00       7.277e+08 -5.857003e-01  0.000000e+00 -3.154198e-01  4.142997e-01
-5.60000e+00 -4.00000e+00       1.553e+09 -2.656085e-01  0.000000e+00 -4.661552e-01  7.343915e-01
-4.90000e+00 -4.00000e+00       3.553e+09  6.950089e-02  0.000000e+00 -4.884856e-01  9.304991e-01
-4.20000e+00 -4.00000e+00       6.252e+09  1.338709e-01  0.000000e+00 -4.867332e-01  8.661291e-01
-3.50000e+00 -4.00000e+00       8.502e+09 -2.211572e-01  0.000000e+00 -4.669852e-01  7.788428e-01
-2.80000e+00 -4.00000e+00       2.112e+10 -6.524449e-02  0.000000e+00 -6.635610e-02  9.347555e-01
-2.10000e+00 -4.00000e+00       5.468e+10  2.884546e-01  0.000000e+00  4.907314e-01  7.115454e-01
-1.40000e+00 -4.00000e+00       5.146e+10  5.080199e-02  0.000000e+00  1.366215e+00  9.491980e-01
-7.00000e-01 -4.00000e+00       1.903e+11  7.618702e-01  0.000000e+00  3.404354e-01  2.381298e-01
 0.00000e+00 -4.00000e+00       3.420e+11  9.093345e-01  0.000000e+00 -7.309463e-16  9.066553e-02
 7.00000e-01 -4.00000e+00       1.903e+11  7.618702e-01  0.000000e+00 -3.404354e-01  2.381298e-01
 1.40000e+00 -4.00000e+00       5.146e+10  5.080199e-02  0.000000e+00 -1.366215e+00  9.491980e-01
 2.10000e+00 -4.00000e+00       5.468e+10  2.884546e-01  0.000000e+00 -4.907314e-01  7.115454e-01
 2.80000e+00 -4.00000e+00       2.112e+10 -6.524449e-02  0.000000e+00  6.635610e-02  9.347555e-01
 3.50000e+00 -4.00000e+00       8.502e+09 -2.211572e-01  0.000000e+00  4.669852e-01  7.788428e-01
 4.20000e+00 -4.00000e+00       6.252e+09  1.338709e-01  0.000000e+00  4.867332e-01  8.661291e-01
 4.90000e+00 -4.00000e+00       3.553e+09  6.950089e-02  0.000000e+00  4.884856e-01  9.304991e-01
 5.60000e+00 -4.00000e+00       1.553e+09 -2.656085e-01  0.000000e+00  4.661552e-01  7.343915e-01
 6.30000e+00 -4.00000e+00       7.277e+08 -5.857003e-01  0.000000e+00  3.154198e-01  4.142997e-01
 7.00000e+00 -4.00000e+00       3.625e+08 -7.464750e-01  0.000000e+00  6.646034e-02  2.535250e-01
-7.00000e+00 -3.60000e+00       4.902e+08 -7.101232e-01  0.000000e+00  8.029419e-03  2.898768e-01
-6.30000e+00 -3.60000e+00       1.163e+09 -4.127892e-01  0.000000e+00 -2.678411e-01  5.872108e-01
-5.60000e+00 -3.60000e+00       3.713e+09  6.408744e-02  0.000000e+00 -1.959526e-01  9.359126e-01
-4.90000e+00 -3.60000e+00       1.390e+10  1.178569e-01  0.000000e+00  1.695331e-02  8.821431e-01
-4.20000e+00 -3.60000e+00       4.757e+10  8.992698e-03  0.000000e+00 -1.038328e-01  9.910073e-01
-3.50000e+00 -3.60000e+00       1.436e+11  1.545446e-01  0.000000e+00 -1.590926e-01  8.454554e-01
-2.80000e+00 -3.60000e+00       3.488e+11  1.359727e-01  0.000000e+00  5.954674e-02  8.640273e-01
-2.10000e+00 -3.60000e+00       6.530e+11  9.833428e-02  0.000000e+00  3.627412e-01  9.016657e-01
-1.40000e+00 -3.60000e+00       7.250e+11  2.108842e-01  0.000000e+00  6.841070e-01  7.891158e-01
-7.00000e-01 -3.60000e+00       1.281e+11 -9.877771e-01  0.000000e+00  2.448288e+00  1.222286e-02
 0.00000e+00 -3.60000e+00       3.902e+11  7.563516e-01  0.000000e+00 -3.567196e-15  2.436484e-01
 7.00000e-01 -3.60000e+00       1.281e+11 -9.877771e-01  0.000000e+00 -2.448288e+00  1.222286e-02
 1.40000e+00 -3.60000e+00       7.250e+11  2.108842e-01  0.000000e+00 -6.841070e-01  7.891158e-01
 2.10000e+00 -3.60000e+00       6.530e+11  9.833428e-02  0.000000e+00 -3.627412e-01  9.016657e-01
 2.80000e+00 -3.60000e+00       3.488e+11  1.359727e-01  0.000000e+00 -5.954674e-02  8.640273e-01
 3.50000e+00 -3.60000e+00       1.436e+11  1.545446e-01  0.000000e+00  1.590926e-01  8.454554e-01
 4.20000e+00 -3.60000e+00       4.757e+10  8.992698e-03  0.000000e+00  1.038328e-01  9.910073e-01
 4.90000e+00 -3.60000e+00       1.390e+10  1.178569e-01  0.000000e+00 -1.695331e-02  8.821431e-01
 5.60000e+00 -3.60000e+00       3.713e+09  6.408744e-02  0.000000e+00  1.959526e-01  9.359126e-01
 6.30000e+00 -3.60000e+00       1.163e+09 -4.127892e-01  0.000000e+00  2.678411e-01  5.872108e-01
 7.00000e+00 -3.60000e+00       4.902e+08 -7.101232e-01  0.000000e+00 -8.029419e-03  2.898768e-01
-7.00000e+00 -3.20000e+00       7.951e+08 -6.831628e-01  0.000000e+00  7.918081e-02  3.168372e-01
-6.30000e+00 -3.20000e+00       3.908e+09 -4.272693e-01  0.000000e+00 -3.718823e-01  5.727307e-01
-5.60000e+00 -3.20000e+00       2.696e+10  1.206448e-01  0.000000e+00 -5.372860e-01  8.793552e-01
-4.90000e+00 -3.20000e+00       1.540e+11  4.879458e-01  0.000000e+00 -2.484884e-01  5.120542e-01
-4.20000e+00 -3.20000e+00       5.954e+11  4.033723e-01  0.000000e+00  1.285690e-01  5.966277e-01
-3.50000e+00 -3.20000e+00       1.666e+12  1.368664e-01  0.000000e+00  1.066282e-01  8.631336e-01
-2.80000e+00 -3.20000e+00       3.791e+12  1.360851e-01  0.000000e+00 -1.307257e-01  8.639149e-01
-2.10000e+00 -3.20000e+00       6.719e+12  5.458227e-02  0.000000e+00 -2.196352e-01  9.454177e-01
-1.40000e+00 -3.20000e+00       1.302e+13  1.917822e-01  0.000000e+00 -4.503807e-01  8.082178e-01
-7.00000e-01 -3.20000e+00       2.941e+13  4.965479e-01  0.000000e+00 -4.269066e-01  5.034521e-01
 0.00000e+00 -3.20000e+00       4.003e+13  5.679212e-01  0.000000e+00  1.247880e-14  4.320788e-01
 7.00000e-01 -3.20000e+00       2.941e+13  4.965479e-01  0.000000e+00  4.269066e-01  5.034521e-01
 1.40000e+00 -3.20000e+00       1.302e+13  1.917822e-01  0.000000e+00  4.503807e-01  8.082178e-01
 2.10000e+00 -3.20000e+00       6.719e+12  5.458227e-02  0.000000e+00  2.196352e-01  9.454177e-01
 2.80000e+00 -3.20000e+00       3.791e+12  1.360851e-01  0.000000e+00  1.307257e-01  8.639149e-01
 3.50000e+00 -3.20000e+00       1.666e+12  1.368664e-01  0.000000e+00 -1.066282e-01  8.631336e-01
 4.20000e+00 -3.20000e+00       5.954e+11  4.033723e-01  0.000000e+00 -1.285690e-01  5.966277e-01
 4.90000e+00 -3.20000e+00       1.540e+11  4.879458e-01  0.000000e+00  2.484884e-01  5.120542e-01
 5.60000e+00 -3.20000e+00       2.696e+10  1.206448e-01  0.000000e+00  5.372860e-01  8.793552e-01
 6.30000e+00 -3.20000e+00       3.908e+09 -4.272693e-01  0.000000e+00  3.718823e-01  5.727307e-01
 7.00000e+00 -3.20000e+00       7.951e+08 -6.831628e-01  0.000000e+00 -7.918081e-02  3.168372e-01
-7.00000e+00 -2.80000e+00       3.578e+09  1.346472e-01  0.000000e+00  6.168070e-01  8.653528e-01
-6.30000e+00 -2.80000e+00       3.060e+10 -1.187190e-01  0.000000e+00  6.122321e-01  8.812810e-01
-5.60000e+00 -2.80000e+00       2.113e+11 -4.013053e-01  0.000000e+00  1.797636e-01  5.986947e-01
-4.90000e+00 -2.80000e+00       1.155e+12 -2.052766e-01  0.000000e+00 -3.339746e-01  7.947234e-01
-4.20000e+00 -2.80000e+00       4.763e+12  2.777122e-01  0.000000e+00 -3.564830e-01  7.222878e-01
-3.50000e+00 -2.80000e+00       1.363e+13  4.461921e-01  0.000000e+00 -1.656419e-02  5.538079e-01
-2.80000e+00 -2.80000e+00       2.805e+13  3.131174e-01  0.000000e+00  1.419749e-01  6.868826e-01
-2.10000e+00 -2.80000e+00       5.120e+13  5.181789e-01  0.000000e+00  8.329014e-02  4.818211e-01
-1.40000e+00 -2.80000e+00       9.435e+13  8.471116e-01  0.000000e+00  1.628930e-01  1.528884e-01
-7.00000e-01 -2.80000e+00       1.425e+14  9.206645e-01  0.000000e+00  2.015333e-01  7.933546e-02
 0.00000e+00 -2.80000e+00       1.485e+14  9.200920e-01  0.000000e+00 -2.926067e-15  7.990796e-02
 7.00000e-01 -2.80000e+00       1.425e+14  9.206645e-01  0.000000e+00 -2.015333e-01  7.933546e-02
 1.40000e+00 -2.80000e+00       9.435e+13  8.471116e-01  0.000000e+00 -1.628930e-01  1.528884e-01
 2.10000e+00 -2.80000e+00       5.120e+13  5.181789e-01  0.000000e+00 -8.329014e-02  4.818211e-01
 2.80000e+00 -2.80000e+00       2.805e+13  3.131174e-01  0.000000e+00 -1.419749e-01  6.868826e-01
 3.50000e+00 -2.80000e+00       1.363e+13  4.461921e-01  0.000000e+00  1.656419e-02  5.538079e-01
 4.20000e+00 -2.80000e+00       4.763e+12  2.777122e-01  0.000000e+00  3.564830e-01  7.222878e-01
 4.90000e+00 -2.80000e+00       1.155e+12 -2.052766e-01  0.000000e+00  3.339746e-01  7.947234e-01
 5.60000e+00 -2.80000e+00       2.113e+11 -4.013053e-01  0.000000e+00 -1.797636e-01  5.986947e-01
 6.30000e+00 -2.80000e+00       3.060e+10 -1.187190e-01  0.000000e+00 -6.122321e-01  8.812810e-01
 7.00000e+00 -2.80000e+00       3.578e+09  1.346472e-01  0.000000e+00 -6.168070e-01  8.653528e-01
-7.00000e+00 -2.40000e+00       3.362e+10  8.844122e-01  0.000000e+00  7.227719e-02  1.155878e-01
-6.30000e+00 -2.40000e+00       3.216e+11  8.012397e-01  0.000000e+00  3.509596e-01  1.987603e-01
-5.60000e+00 -2.40000e+00       1.915e+12  5.113693e-01  0.000000e+00  5.855677e-01  4.886307e-01
-4.90000e+00 -2.40000e+00       7.566e+12  5.312524e-02  0.000000e+00  5.272936e-01  9.468748e-01
-4.20000e+00 -2.40000e+00       2.399e+13 -1.371850e-01  0.000000e+00  1.461234e-02  8.628150e-01
-3.50000e+00 -2.40000e+00       6.793e+13  2.226503e-01  0.000000e+00 -2.897347e-01  7.773497e-01
-2.80000e+00 -2.40000e+00       1.431e+14  4.636695e-01  0.000000e+00 -1.393098e-01  5.363305e-01
-2.10000e+00 -2.40000e+00       2.133e+14  3.183687e-01  0.000000e+00 -2.334950e-01  6.816313e-01
-1.40000e+00 -2.40000e+00       3.383e+14  2.507245e-01  0.000000e+00 -6.736923e-01  7.492755e-01
-7.00000e-01 -2.40000e+00       6.126e+14  3.689475e-01  0.000000e+00 -6.127514e-01  6.310525e-01
 0.00000e+00 -2.40000e+00       7.485e+14  4.077409e-01  0.000000e+00 -2.338100e-15  5.922591e-01
 7.00000e-01 -2.40000e+00       6.126e+14  3.689475e-01  0.000000e+00  6.127514e-01  6.310525e-01
 1.40000e+00 -2.40000e+00       3.383e+14  2.507245e-01  0.000000e+00  6.736923e-01  7.492755e-01
 2.10000e+00 -2.40000e+00       2.133e+14  3.183687e-01  0.000000e+00  2.334950e-01  6.816313e-01
 2.80000e+00 -2.40000e+00       1.431e+14  4.636695e-01  0.000000e+00  1.393098e-01  5.363305e-01
 3.50000e+00 -2.40000e+00       6.793e+13  2.226503e-01  0.000000e+00  2.897347e-01  7.773497e-01
 4.20000e+00 -2.40000e+00       2.399e+13 -1.371850e-01  0.000000e+00 -1.461234e-02  8.628150e-01
 4.90000e+00 -2.40000e+00       7.566e+12  5.312524e-02  0.000000e+00 -5.272936e-01  9.468748e-01
 5.60000e+00 -2.40000e+00       1.915e+12  5.113693e-01  0.000000e+00 -5.855677e-01  4.886307e-01
 6.30000e+00 -2.40000e+00       3.216e+11  8.012397e-01  0.000000e+00 -3.509596e-01  1.987603e-01
 7.00000e+00 -2.40000e+00       3.362e+10  8.844122e-01  0.000000e+00 -7.227719e-02  1.155878e-01
-7.00000e+00 -2.00000e+00       1.955e+11  7.984251e-01  0.000000e+00 -5.123496e-01  2.015749e-01
-6.30000e+00 -2.00000e+00       1.959e+12  8.964964e-01  0.000000e+00 -2.837712e-01  1.035036e-01
-5.60000e+00 -2.00000e+00       1.210e+13  9.112181e-01  0.000000e+00  4.855214e-03  8.878192e-02
-4.90000e+00 -2.00000e+00       4.602e+13  7.765862e-01  0.000000e+00  3.144334e-01  2.234138e-01
-4.20000e+00 -2.00000e+00       1.128e+14  4.212912e-01  0.000000e+00  4.689920e-01  5.787088e-01
-3.50000e+00 -2.00000e+00       2.228e+14  1.103023e-01  0.000000e+00  1.384081e-01  8.896977e-01
-2.80000e+00 -2.00000e+00       4.415e+14  3.013534e-01  0.000000e+00 -2.103301e-01  6.986466e-01
-2.10000e+00 -2.00000e+00       6.411e+14  3.419319e-01  0.000000e+00 -1.147185e-01  6.580681e-01
-1.40000e+00 -2.00000e+00       5.029e+14 -4.167162e-02  0.000000e+00  6.792035e-02  9.583284e-01
-7.00000e-01 -2.00000e+00       2.022e+14 -3.575323e-01  0.000000e+00  1.424710e-01  6.424677e-01
 0.00000e+00 -2.00000e+00       8.722e+13 -1.366715e-01  0.000000e+00  2.252766e-15  8.633285e-01
 7.00000e-01 -2.00000e+00       2.022e+14 -3.575323e-01  0.000000e+00 -1.424710e-01  6.424677e-01
 1.40000e+00 -2.00000e+00       5.029e+14 -4.167162e-02  0.000000e+00 -6.792035e-02  9.583284e-01
 2.10000e+00 -2.00000e+00       6.411e+14  3.419319e-01  0.000000e+00  1.147185e-01  6.580681e-01
 2.80000e+00 -2.00000e+00       4.415e+14  3.013534e-01  0.000000e+00  2.103301e-01  6.986466e-01
 3.50000e+00 -2.00000e+00       2.228e+14  1.103023e-01  0.000000e+00 -1.384081e-01  8.896977e-01
 4.20000e+00 -2.00000e+00       1.128e+14  4.212912e-01  0.000000e+00 -4.689920e-01  5.787088e-01
 4.90000e+00 -2.00000e+00       4.602e+13  7.765862e-01  0.000000e+00 -3.144334e-01  2.234138e-01
 5.60000e+00 -2.00000e+00       1.210e+13  9.112181e-01  0.000000e+00 -4.855214e-03  8.878192e-02
 6.30000e+00 -2.00000e+00       1.959e+12  8.964964e-01  0.000000e+00  2.837712e-01  1.035036e-01
 7.00000e+00 -2.00000e+00       1.955e+11  7.984251e-01  0.000000e+00  5.123496e-01  2.015749e-01
-7.00000e+00 -1.60000e+00       6.247e+11  5.136431e-01  0.000000e+00 -8.100196e-01  4.863569e-01
-6.30000e+00 -1.60000e+00       6.418e+12  6.946199e-01  0.000000e+00 -6.550688e-01  3.053801e-01
-5.60000e+00 -1.60000e+00       4.177e+13  8.364800e-01  0.000000e+00 -4.380914e-01  1.635200e-01
-4.90000e+00 -1.60000e+00       1.717e+14  9.073172e-01  0.000000e+00 -1.622012e-01  9.268280e-02
-4.20000e+00 -1.60000e+00       4.381e+14  8.494728e-01  0.000000e+00  1.458420e-01  1.505272e-01
-3.50000e+00 -1.60000e+00       7.185e+14  5.892699e-01  0.000000e+00  3.310887e-01  4.107301e-01
-2.80000e+00 -1.60000e+00       1.016e+15  3.471635e-01  0.000000e+00  5.210855e-02  6.528365e-01
-2.10000e+00 -1.60000e+00       1.484e+15  3.788034e-01  0.000000e+00 -2.174026e-01  6.211966e-01
-1.40000e+00 -1.60000e+00       1.435e+15  1.055369e-01  0.000000e+00 -7.526146e-02  8.944631e-01
-7.00000e-01 -1.60000e+00       7.263e+14 -3.925670e-01  0.000000e+00  1.580297e-01  6.074330e-01
 0.00000e+00 -1.60000e+00       3.052e+14 -6.937168e-01  0.000000e+00  9.795186e-15  3.062832e-01
 7.00000e-01 -1.60000e+00       7.263e+14 -3.925670e-01  0.000000e+00 -1.580297e-01  6.074330e-01
 1.40000e+00 -1.60000e+00       1.435e+15  1.055369e-01  0.000000e+00  7.526146e-02  8.944631e-01
 2.10000e+00 -1.60000e+00       1.484e+15  3.788034e-01  0.000000e+00  2.174026e-01  6.211966e-01
 2.80000e+00 -1.60000e+00       1.016e+15  3.471635e-01  0.000000e+00 -5.210855e-02  6.528365e-01
 3.50000e+00 -1.60000e+00       7.185e+14  5.892699e-01  0.000000e+00 -3.310887e-01  4.107301e-01
 4.20000e+00 -1.60000e+00       4.381e+14  8.494728e-01  0.000000e+00 -1.458420e-01  1.505272e-01
 4.90000e+00 -1.60000e+00       1.717e+14  9.073172e-01  0.000000e+00  1.622012e-01  9.268280e-02
 5.60000e+00 -1.60000e+00       4.177e+13  8.364800e-01  0.000000e+00  4.380914e-01  1.635200e-01
 6.30000e+00 -1.60000e+00       6.418e+12  6.946199e-01  0.000000e+00  6.550688e-01  3.053801e-01
 7.00000e+00 -1.60000e+00       6.247e+11  5.136431e-01  0.000000e+00  8.100196e-01  4.863569e-01
-7.00000e+00 -1.20000e+00       1.055e+12  2.765529e-01  0.000000e+00 -9.121526e-01  7.234471e-01
-6.30000e+00 -1.20000e+00       1.132e+13  5.024492e-01  0.000000e+00 -8.134155e-01  4.975508e-01
-5.60000e+00 -1.20000e+00       7.650e+13  6.952748e-01  0.000000e+00 -6.478371e-01  3.047252e-01
-4.90000e+00 -1.20000e+00       3.442e+14  8.474290e-01  0.000000e+00 -4.054441e-01  1.525710e-01
-4.20000e+00 -1.20000e+00       1.067e+15  9.169834e-01  0.000000e+00 -1.097513e-01  8.301657e-02
-3.50000e+00 -1.20000e+00       2.105e+15  8.643020e-01  0.000000e+00  1.598321e-01  1.356980e-01
-2.80000e+00 -1.20000e+00       2.577e+15  6.814280e-01  0.000000e+00  2.502632e-01  3.185720e-01
-2.10000e+00 -1.20000e+00       3.184e+15  6.797523e-01  0.000000e+00 -3.300259e-02  3.202477e-01
-1.40000e+00 -1.20000e+00       6.117e+15  9.098882e-01  0.000000e+00 -1.572443e-01  9.011183e-02
-7.00000e-01 -1.20000e+00       1.322e+16  9.752574e-01  0.000000e+00 -9.080541e-02  2.474260e-02
 0.00000e+00 -1.20000e+00       1.789e+16  9.802361e-01  0.000000e+00  8.050450e-16  1.976388e-02
 7.00000e-01 -1.20000e+00       1.322e+16  9.752574e-01  0.000000e+00  9.080541e-02  2.474260e-02
 1.40000e+00 -1.20000e+00       6.117e+15  9.098882e-01  0.000000e+00  1.572443e-01  9.011183e-02
 2.10000e+00 -1.20000e+00       3.184e+15  6.797523e-01  0.000000e+00  3.300259e-02  3.202477e-01
 2.80000e+00 -1.20000e+00       2.577e+15  6.814280e-01  0.000000e+00 -2.502632e-01  3.185720e-01
 3.50000e+00 -1.20000e+00       2.105e+15  8.643020e-01  0.000000e+00 -1.598321e-01  1.356980e-01
 4.20000e+00 -1.20000e+00       1.067e+15  9.169834e-01  0.000000e+00  1.097513e-01  8.301657e-02
 4.90000e+00 -1.20000e+00       3.442e+14  8.474290e-01  0.000000e+00  4.054441e-01  1.525710e-01
 5.60000e+00 -1.20000e+00       7.650e+13  6.952748e-01  0.000000e+00  6.478371e-01  3.047252e-01
 6.30000e+00 -1.20000e+00       1.132e+13  5.024492e-01  0.000000e+00  8.134155e-01  4.975508e-01
 7.00000e+00 -1.20000e+00       1.055e+12  2.765529e-01  0.000000e+00  9.121526e-01  7.234471e-01
-7.00000e+00 -8.00000e-01       1.269e+12  1.872650e-01  0.000000e+00 -9.156181e-01  8.127350e-01
-6.30000e+00 -8.00000e-01       1.425e+13  4.625780e-01  0.000000e+00 -8.250607e-01  5.374220e-01
-5.60000e+00 -8.00000e-01       1.060e+14  6.806889e-01  0.000000e+00 -6.704978e-01  3.193111e-01
-4.90000e+00 -8.00000e-01       5.233e+14  8.338306e-01  0.000000e+00 -4.791454e-01  1.661694e-01
-4.20000e+00 -8.00000e-01       1.678e+15  9.234746e-01  0.000000e+00 -2.699537e-01  7.652537e-02
-3.50000e+00 -8.00000e-01       3.312e+15  9.477339e-01  0.000000e+00 -5.593918e-02  5.226610e-02
-2.80000e+00 -8.00000e-01       3.869e+15  8.824783e-01  0.000000e+00  1.177733e-01  1.175217e-01
-2.10000e+00 -8.00000e-01       3.543e+15  7.458309e-01  0.000000e+00  1.503132e-01  2.541691e-01
-1.40000e+00 -8.00000e-01       4.653e+15  7.938129e-01  0.000000e+00  2.636917e-01  2.061871e-01
-7.00000e-01 -8.00000e-01       4.335e+15  8.626622e-01  0.000000e+00  3.610391e-01  1.373378e-01
 0.00000e+00 -8.00000e-01       2.695e+15  8.809988e-01  0.000000e+00 -3.052443e-16  1.190012e-01
 7.00000e-01 -8.00000e-01       4.335e+15  8.626622e-01  0.000000e+00 -3.610391e-01  1.373378e-01
 1.40000e+00 -8.00000e-01       4.653e+15  7.938129e-01  0.000000e+00 -2.636917e-01  2.061871e-01
 2.10000e+00 -8.00000e-01       3.543e+15  7.458309e-01  0.000000e+00 -1.503132e-01  2.541691e-01
 2.80000e+00 -8.00000e-01       3.869e+15  8.824783e-01  0.000000e+00 -1.177733e-01  1.175217e-01
 3.50000e+00 -8.00000e-01       3.312e+15  9.477339e-01  0.000000e+00  5.593918e-02  5.226610e-02
 4.20000e+00 -8.00000e-01       1.678e+15  9.234746e-01  0.000000e+00  2.699537e-01  7.652537e-02
 4.90000e+00 -8.00000e-01       5.233e+14  8.338306e-01  0.000000e+00  4.791454e-01  1.661694e-01
 5.60000e+00 -8.00000e-01       1.060e+14  6.806889e-01  0.000000e+00  6.704978e-01  3.193111e-01
 6.30000e+00 -8.00000e-01       1.425e+13  4.625780e-01  0.000000e+00  8.250607e-01  5.374220e-01
 7.00000e+00 -8.00000e-01       1.269e+12  1.872650e-01  0.000000e+00  9.156181e-01  8.127350e-01
-7.00000e+00 -4.00000e-01       8.633e+11  4.744055e-01  0.000000e+00 -7.908610e-01  5.255945e-01
-6.30000e+00 -4.00000e-01       1.153e+13  7.051341e-01  0.000000e+00 -6.468944e-01  2.948659e-01
-5.60000e+00 -4.00000e-01       9.931e+13  8.446429e-01  0.000000e+00 -4.863202e-01  1.553571e-01
-4.90000e+00 -4.00000e-01       5.547e+14  9.245770e-01  0.000000e+00 -3.352788e-01  7.542297e-02
-4.20000e+00 -4.00000e-01       1.988e+15  9.669371e-01  0.000000e+00 -1.991746e-01  3.306295e-02
-3.50000e+00 -4.00000e-01       4.353e+15  9.835725e-01  0.000000e+00 -7.508609e-02  1.642753e-02
-2.80000e+00 -4.00000e-01       5.541e+15  9.762376e-01  0.000000e+00  3.486323e-02  2.376236e-02
-2.10000e+00 -4.00000e-01       5.578e+15  9.580884e-01  0.000000e+00  5.356213e-02  4.191158e-02
-1.40000e+00 -4.00000e-01       7.173e+15  9.765749e-01  0.000000e+00 -2.938330e-02  2.342506e-02
-7.00000e-01 -4.00000e-01       5.068e+15  9.909125e-01  0.000000e+00 -5.547806e-02  9.087456e-03
 0.00000e+00 -4.00000e-01       2.278e+15  9.949398e-01  0.000000e+00  2.571662e-16  5.060212e-03
 7.00000e-01 -4.00000e-01       5.068e+15  9.909125e-01  0.000000e+00  5.547806e-02  9.087456e-03
 1.40000e+00 -4.00000e-01       7.173e+15  9.765749e-01  0.000000e+00  2.938330e-02  2.342506e-02
 2.10000e+00 -4.00000e-01       5.578e+15  9.580884e-01  0.000000e+00 -5.356213e-02  4.191158e-02
 2.80000e+00 -4.00000e-01       5.541e+15  9.762376e-01  0.000000e+00 -3.486323e-02  2.376236e-02
 3.50000e+00 -4.00000e-01       4.353e+15  9.835725e-01  0.000000e+00  7.508609e-02  1.642753e-02
 4.20000e+00 -4.00000e-01       1.988e+15  9.669371e-01  0.000000e+00  1.991746e-01  3.306295e-02
 4.90000e+00 -4.00000e-01       5.547e+14  9.245770e-01  0.000000e+00  3.352788e-01  7.542297e-02
 5.60000e+00 -4.00000e-01       9.931e+13  8.446429e-01  0.000000e+00  4.863202e-01  1.553571e-01
 6.30000e+00 -4.00000e-01       1.153e+13  7.051341e-01  0.000000e+00  6.468944e-01  2.948659e-01
 7.00000e+00 -4.00000e-01       8.633e+11  4.744055e-01  0.000000e+00  7.908610e-01  5.255945e-01
-7.00000e+00  0.00000e+00       5.747e+11  9.993718e-01  0.000000e+00 -1.392736e-10  6.282487e-04
-6.30000e+00  0.00000e+00       9.340e+12  9.997128e-01  0.000000e+00  1.697612e-11  2.872372e-04
-5.60000e+00  0.00000e+00       9.040e+13  9.998649e-01  0.000000e+00  9.521758e-12  1.350987e-04
-4.90000e+00  0.00000e+00       5.437e+14  9.999381e-01  0.000000e+00  2.927538e-12  6.192463e-05
-4.20000e+00  0.00000e+00       2.052e+15  9.999742e-01  0.000000e+00  1.113949e-12  2.582711e-05
-3.50000e+00  0.00000e+00       4.691e+15  9.999894e-01  0.000000e+00  5.471733e-13  1.058570e-05
-2.80000e+00  0.00000e+00       6.191e+15  9.999883e-01  0.000000e+00  4.849550e-13  1.174850e-05
-2.10000e+00  0.00000e+00       6.033e+15  9.999756e-01  0.000000e+00  5.619003e-13  2.437728e-05
-1.40000e+00  0.00000e+00       6.615e+15  9.999713e-01  0.000000e+00  4.261501e-13  2.874405e-05
-7.00000e-01  0.00000e+00       4.068e+15  9.999430e-01  0.000000e+00  2.978960e-13  5.700180e-05
 0.00000e+00  0.00000e+00       1.647e+15  9.998718e-01  0.000000e+00  2.862890e-17  1.282126e-04
 7.00000e-01  0.00000e+00       4.068e+15  9.999430e-01  0.000000e+00 -2.978225e-13  5.700180e-05
 1.40000e+00  0.00000e+00       6.615e+15  9.999713e-01  0.000000e+00 -4.261255e-13  2.874405e-05
 2.10000e+00  0.00000e+00       6.033e+15  9.999756e-01  0.000000e+00 -5.619346e-13  2.437728e-05
 2.80000e+00  0.00000e+00       6.191e+15  9.999883e-01  0.000000e+00 -4.849531e-13  1.174850e-05
 3.50000e+00  0.00000e+00       4.691e+15  9.999894e-01  0.000000e+00 -5.470621e-13  1.058570e-05
 4.20000e+00  0.00000e+00       2.052e+15  9.999742e-01  0.000000e+00 -1.113689e-12  2.582711e-05
 4.90000e+00  0.00000e+00       5.437e+14  9.999381e-01  0.000000e+00 -2.927033e-12  6.192463e-05
 5.60000e+00  0.00000e+00       9.040e+13  9.998649e-01  0.000000e+00 -9.520947e-12  1.350987e-04
 6.30000e+00  0.00000e+00       9.340e+12  9.997128e-01  0.000000e+00 -1.697490e-11  2.872372e-04
 7.00000e+00  0.00000e+00       5.747e+11  9.993718e-01  0.000000e+00  1.392757e-10  6.282487e-04
-7.00000e+00  4.00000e-01       8.633e+11  4.744055e-01  0.000000e+00  7.908610e-01  5.255945e-01
-6.30000e+00  4.00000e-01       1.153e+13  7.051341e-01  0.000000e+00  6.468944e-01  2.948659e-01
-5.60000e+00  4.00000e-01       9.931e+13  8.446429e-01  0.000000e+00  4.863202e-01  1.553571e-01
-4.90000e+00  4.00000e-01       5.547e+14  9.245770e-01  0.000000e+00  3.352788e-01  7.542297e-02
-4.20000e+00  4.00000e-01       1.988e+15  9.669371e-01  0.000000e+00  1.991746e-01  3.306295e-02
-3.50000e+00  4.00000e-01       4.353e+15  9.835725e-01  0.000000e+00  7.508609e-02  1.642753e-02
-2.80000e+00  4.00000e-01       5.541e+15  9.762376e-01  0.000000e+00 -3.486323e-02  2.376236e-02
-2.10000e+00  4.00000e-01       5.578e+15  9.580884e-01  0.000000e+00 -5.356213e-02  4.191158e-02
-1.40000e+00  4.00000e-01       7.173e+15  9.765749e-01  0.000000e+00  2.938330e-02  2.342506e-02
-7.00000e-01  4.00000e-01       5.068e+15  9.909125e-01  0.000000e+00  5.547806e-02  9.087456e-03
 0.00000e+00  4.00000e-01       2.278e+15  9.949398e-01  0.000000e+00 -2.547597e-16  5.060212e-03
 7.00000e-01  4.00000e-01       5.068e+15  9.909125e-01  0.000000e+00 -5.547806e-02  9.087456e-03
 1.40000e+00  4.00000e-01       7.173e+15  9.765749e-01  0.000000e+00 -2.938330e-02  2.342506e-02
 2.10000e+00  4.00000e-01       5.578e+15  9.580884e-01  0.000000e+00  5.356213e-02  4.191158e-02
 2.80000e+00  4.00000e-01       5.541e+15  9.762376e-01  0.000000e+00  3.486323e-02  2.376236e-02
 3.50000e+00  4.00000e-01       4.353e+15  9.835725e-01  0.000000e+00 -7.508609e-02  1.642753e-02
 4.20000e+00  4.00000e-01       1.988e+15  9.669371e-01  0.000000e+00 -1.991746e-01  3.306295e-02
 4.90000e+00  4.00000e-01       5.547e+14  9.245770e-01  0.000000e+00 -3.352788e-01  7.542297e-02
 5.60000e+00  4.00000e-01       9.931e+13  8.446429e-01  0.000000e+00 -4.863202e-01  1.553571e-01
 6.30000e+00  4.00000e-01       1.153e+13  7.051341e-01  0.000000e+00 -6.468944e-01  2.948659e-01
 7.00000e+00  4.00000e-01       8.633e+11  4.744055e-01  0.000000e+00 -7.908610e-01  5.255945e-01
-7.00000e+00  8.00000e-01       1.269e+12  1.872650e-01  0.000000e+00  9.156181e-01  8.127350e-01
-6.30000e+00  8.00000e-01       1.425e+13  4.625780e-01  0.000000e+00  8.250607e-01  5.374220e-01
-5.60000e+00  8.00000e-01       1.060e+14  6.806889e-01  0.000000e+00  6.704978e-01  3.193111e-01
-4.90000e+00  8.00000e-01       5.233e+14  8.338306e-01  0.000000e+00  4.791454e-01  1.661694e-01
-4.20000e+00  8.00000e-01       1.678e+15  9.234746e-01  0.000000e+00  2.699537e-01  7.652537e-02
-3.50000e+00  8.00000e-01       3.312e+15  9.477339e-01  0.000000e+00  5.593918e-02  5.226610e-02
-2.80000e+00  8.00000e-01       3.869e+15  8.824783e-01  0.000000e+00 -1.177733e-01  1.175217e-01
-2.10000e+00  8.00000e-01       3.543e+15  7.458309e-01  0.000000e+00 -1.503132e-01  2.541691e-01
-1.40000e+00  8.00000e-01       4.653e+15  7.938129e-01  0.000000e+00 -2.636917e-01  2.061871e-01
-7.00000e-01  8.00000e-01       4.335e+15  8.626622e-01  0.000000e+00 -3.610391e-01  1.373378e-01
 0.00000e+00  8.00000e-01       2.695e+15  8.809988e-01  0.000000e+00 -8.245636e-16  1.190012e-01
 7.00000e-01  8.00000e-01       4.335e+15  8.626622e-01  0.000000e+00  3.610391e-01  1.373378e-01
 1.40000e+00  8.00000e-01       4.653e+15  7.938129e-01  0.000000e+00  2.636917e-01  2.061871e-01
 2.10000e+00  8.00000e-01       3.543e+15  7.458309e-01  0.000000e+00  1.503132e-01  2.541691e-01
 2.80000e+00  8.00000e-01       3.869e+15  8.824783e-01  0.000000e+00  1.177733e-01  1.175217e-01
 3.50000e+00  8.00000e-01       3.312e+15  9.477339e-01  0.000000e+00 -5.593918e-02  5.226610e-02
 4.20000e+00  8.00000e-01       1.678e+15  9.234746e-01  0.000000e+00 -2.699537e-01  7.652537e-02
 4.90000e+00  8.00000e-01       5.233e+14  8.338306e-01  0.000000e+00 -4.791454e-01  1.661694e-01
 5.60000e+00  8.00000e-01       1.060e+14  6.806889e-01  0.000000e+00 -6.704978e-01  3.193111e-01
 6.30000e+00  8.00000e-01       1.425e+13  4.625780e-01  0.000000e+00 -8.250607e-01  5.374220e-01
 7.00000e+00  8.00000e-01       1.269e+12  1.872650e-01  0.000000e+00 -9.156181e-01  8.127350e-01
-7.00000e+00  1.20000e+00       1.055e+12  2.765529e-01  0.000000e+00  9.121526e-01  7.234471e-01
-6.30000e+00  1.20000e+00       1.132e+13  5.024492e-01  0.000000e+00  8.134155e-01  4.975508e-01
-5.60000e+00  1.20000e+00       7.650e+13  6.952748e-01  0.000000e+00  6.478371e-01  3.047252e-01
-4.90000e+00  1.20000e+00       3.442e+14  8.474290e-01  0.000000e+00  4.054441e-01  1.525710e-01
-4.20000e+00  1.20000e+00       1.067e+15  9.169834e-01  0.000000e+00  1.097513e-01  8.301657e-02
-3.50000e+00  1.20000e+00       2.105e+15  8.643020e-01  0.000000e+00 -1.598321e-01  1.356980e-01
-2.80000e+00  1.20000e+00       2.577e+15  6.814280e-01  0.000000e+00 -2.502632e-01  3.185720e-01
-2.10000e+00  1.20000e+00       3.184e+15  6.797523e-01  0.000000e+00  3.300259e-02  3.202477e-01
-1.40000e+00  1.20000e+00       6.117e+15  9.098882e-01  0.000000e+00  1.572443e-01  9.011183e-02
-7.00000e-01  1.20000e+00       1.322e+16  9.752574e-01  0.000000e+00  9.080541e-02  2.474260e-02
 0.00000e+00  1.20000e+00       1.789e+16  9.802361e-01  0.000000e+00 -1.905857e-15  1.976388e-02
 7.00000e-01  1.20000e+00       1.322e+16  9.752574e-01  0.000000e+00 -9.080541e-02  2.474260e-02
 1.40000e+00  1.20000e+00       6.117e+15  9.098882e-01  0.000000e+00 -1.572443e-01  9.011183e-02
 2.10000e+00  1.20000e+00       3.184e+15  6.797523e-01  0.000000e+00 -3.300259e-02  3.202477e-01
 2.80000e+00  1.20000e+00       2.577e+15  6.814280e-01  0.000000e+00  2.502632e-01  3.185720e-01
 3.50000e+00  1.20000e+00       2.105e+15  8.643020e-01  0.000000e+00  1.598321e-01  1.356980e-01
 4.20000e+00  1.20000e+00       1.067e+15  9.169834e-01  0.000000e+00 -1.097513e-01  8.301657e-02
 4.90000e+00  1.20000e+00       3.442e+14  8.474290e-01  0.000000e+00 -4.054441e-01  1.525710e-01
 5.60000e+00  1.20000e+00       7.650e+13  6.952748e-01  0.000000e+00 -6.478371e-01  3.047252e-01
 6.30000e+00  1.20000e+00       1.132e+13  5.024492e-01  0.000000e+00 -8.134155e-01  4.975508e-01
 7.00000e+00  1.20000e+00       1.055e+12  2.765529e-01  0.000000e+00 -9.121526e-01  7.234471e-01
-7.00000e+00  1.60000e+00       6.247e+11  5.136431e-01  0.000000e+00  8.100196e-01  4.863569e-01
-6.30000e+00  1.60000e+00       6.418e+12  6.946199e-01  0.000000e+00  6.550688e-01  3.053801e-01
-5.60000e+00  1.60000e+00       4.177e+13  8.364800e-01  0.000000e+00  4.380914e-01  1.635200e-01
-4.90000e+00  1.60000e+00       1.717e+14  9.073172e-01  0.000000e+00  1.622012e-01  9.268280e-02
-4.20000e+00  1.60000e+00       4.381e+14  8.494728e-01  0.000000e+00 -1.458420e-01  1.505272e-01
-3.50000e+00  1.60000e+00       7.185e+14  5.892699e-01  0.000000e+00 -3.310887e-01  4.107301e-01
-2.80000e+00  1.60000e+00       1.016e+15  3.471635e-01  0.000000e+00 -5.210855e-02  6.528365e-01
-2.10000e+00  1.60000e+00       1.484e+15  3.788034e-01  0.000000e+00  2.174026e-01  6.211966e-01
-1.40000e+00  1.60000e+00       1.435e+15  1.055369e-01  0.000000e+00  7.526146e-02  8.944631e-01
-7.00000e-01  1.60000e+00       7.263e+14 -3.925670e-01  0.000000e+00 -1.580297e-01  6.074330e-01
 0.00000e+00  1.60000e+00       3.052e+14 -6.937168e-01  0.000000e+00 -9.773099e-15  3.062832e-01
 7.00000e-01  1.60000e+00       7.263e+14 -3.925670e-01  0.000000e+00  1.580297e-01  6.074330e-01
 1.40000e+00  1.60000e+00       1.435e+15  1.055369e-01  0.000000e+00 -7.526146e-02  8.944631e-01
 2.10000e+00  1.60000e+00       1.484e+15  3.788034e-01  0.000000e+00 -2.174026e-01  6.211966e-01
 2.80000e+00  1.60000e+00       1.016e+15  3.471635e-01  0.000000e+00  5.210855e-02  6.528365e-01
 3.50000e+00  1.60000e+00       7.185e+14  5.892699e-01  0.000000e+00  3.310887e-01  4.107301e-01
 4.20000e+00  1.60000e+00       4.381e+14  8.494728e-01  0.000000e+00  1.458420e-01  1.505272e-01
 4.90000e+00  1.60000e+00       1.717e+14  9.073172e-01  0.000000e+00 -1.622012e-01  9.268280e-02
 5.60000e+00  1.60000e+00       4.177e+13  8.364800e-01  0.000000e+00 -4.380914e-01  1.635200e-01
 6.30000e+00  1.60000e+00       6.418e+12  6.946199e-01  0.000000e+00 -6.550688e-01  3.053801e-01
 7.00000e+00  1.60000e+00       6.247e+11  5.136431e-01  0.000000e+00 -8.100196e-01  4.863569e-01
-7.00000e+00  2.00000e+00       1.955e+11  7.984251e-01  0.000000e+00  5.123496e-01  2.015749e-01
-6.30000e+00  2.00000e+00       1.959e+12  8.964964e-01  0.000000e+00  2.837712e-01  1.035036e-01
-5.60000e+00  2.00000e+00       1.210e+13  9.112181e-01  0.000000e+00 -4.855214e-03  8.878192e-02
-4.90000e+00  2.00000e+00       4.602e+13  7.765862e-01  0.000000e+00 -3.144334e-01  2.234138e-01
-4.20000e+00  2.00000e+00       1.128e+14  4.212912e-01  0.000000e+00 -4.689920e-01  5.787088e-01
-3.50000e+00  2.00000e+00       2.228e+14  1.103023e-01  0.000000e+00 -1.384081e-01  8.896977e-01
-2.80000e+00  2.00000e+00       4.415e+14  3.013534e-01  0.000000e+00  2.103301e-01  6.986466e-01
-2.10000e+00  2.00000e+00       6.411e+14  3.419319e-01  0.000000e+00  1.147185e-01  6.580681e-01
-1.40000e+00  2.00000e+00       5.029e+14 -4.167162e-02  0.000000e+00 -6.792035e-02  9.583284e-01
-7.00000e-01  2.00000e+00       2.022e+14 -3.575323e-01  0.000000e+00 -1.424710e-01  6.424677e-01
 0.00000e+00  2.00000e+00       8.722e+13 -1.366715e-01  0.000000e+00 -2.223025e-15  8.633285e-01
 7.00000e-01  2.00000e+00       2.022e+14 -3.575323e-01  0.000000e+00  1.424710e-01  6.424677e-01
 1.40000e+00  2.00000e+00       5.029e+14 -4.167162e-02  0.000000e+00  6.792035e-02  9.583284e-01
 2.10000e+00  2.00000e+00       6.411e+14  3.419319e-01  0.000000e+00 -1.147185e-01  6.580681e-01
 2.80000e+00  2.00000e+00       4.415e+14  3.013534e-01  0.000000e+00 -2.103301e-01  6.986466e-01
 3.50000e+00  2.00000e+00       2.228e+14  1.103023e-01  0.000000e+00  1.384081e-01  8.896977e-01
 4.20000e+00  2.00000e+00       1.128e+14  4.212912e-01  0.000000e+00  4.689920e-01  5.787088e-01
 4.90000e+00  2.00000e+00       4.602e+13  7.765862e-01  0.000000e+00  3.144334e-01  2.234138e-01
 5.60000e+00  2.00000e+00       1.210e+13  9.112181e-01  0.000000e+00  4.855214e-03  8.878192e-02
 6.30000e+00  2.00000e+00       1.959e+12  8.964964e-01  0.000000e+00 -2.837712e-01  1.035036e-01
 7.00000e+00  2.00000e+00       1.955e+11  7.984251e-01  0.000000e+00 -5.123496e-01  2.015749e-01
-7.00000e+00  2.40000e+00       3.362e+10  8.844121e-01  0.000000e+00 -7.227719e-02  1.155879e-01
-6.30000e+00  2.40000e+00       3.216e+11  8.012397e-01  0.000000e+00 -3.509596e-01  1.987603e-01
-5.60000e+00  2.40000e+00       1.915e+12  5.113693e-01  0.000000e+00 -5.855677e-01  4.886307e-01
-4.90000e+00  2.40000e+00       7.566e+12  5.312524e-02  0.000000e+00 -5.272936e-01  9.468748e-01
-4.20000e+00  2.40000e+00       2.399e+13 -1.371850e-01  0.000000e+00 -1.461234e-02  8.628150e-01
-3.50000e+00  2.40000e+00       6.793e+13  2.226503e-01  0.000000e+00  2.897347e-01  7.773497e-01
-2.80000e+00  2.40000e+00       1.431e+14  4.636695e-01  0.000000e+00  1.393098e-01  5.363305e-01
-2.10000e+00  2.40000e+00       2.133e+14  3.183687e-01  0.000000e+00  2.334950e-01  6.816313e-01
-1.40000e+00  2.40000e+00       3.383e+14  2.507245e-01  0.000000e+00  6.736923e-01  7.492755e-01
-7.00000e-01  2.40000e+00       6.126e+14  3.689475e-01  0.000000e+00  6.127514e-01  6.310525e-01
 0.00000e+00  2.40000e+00       7.485e+14  4.077409e-01  0.000000e+00  2.338432e-15  5.922591e-01
 7.00000e-01  2.40000e+00       6.126e+14  3.689475e-01  0.000000e+00 -6.127514e-01  6.310525e-01
 1.40000e+00  2.40000e+00       3.383e+14  2.507245e-01  0.000000e+00 -6.736923e-01  7.492755e-01
 2.10000e+00  2.40000e+00       2.133e+14  3.183687e-01  0.000000e+00 -2.334950e-01  6.816313e-01
 2.80000e+00  2.40000e+00       1.431e+14  4.636695e-01  0.000000e+00 -1.393098e-01  5.363305e-01
 3.50000e+00  2.40000e+00       6.793e+13  2.226503e-01  0.000000e+00 -2.897347e-01  7.773497e-01
 4.20000e+00  2.40000e+00       2.399e+13 -1.371850e-01  0.000000e+00  1.461234e-02  8.628150e-01
 4.90000e+00  2.40000e+00       7.566e+12  5.312524e-02  0.000000e+00  5.272936e-01  9.468748e-01
 5.60000e+00  2.40000e+00       1.915e+12  5.113693e-01  0.000000e+00  5.855677e-01  4.886307e-01
 6.30000e+00  2.40000e+00       3.216e+11  8.012397e-01  0.000000e+00  3.509596e-01  1.987603e-01
 7.00000e+00  2.40000e+00       3.362e+10  8.844121e-01  0.000000e+00  7.227719e-02  1.155879e-01
-7.00000e+00  2.80000e+00       3.578e+09  1.346466e-01  0.000000e+00 -6.168066e-01  8.653534e-01
-6.30000e+00  2.80000e+00       3.060e+10 -1.187190e-01  0.000000e+00 -6.122320e-01  8.812810e-01
-5.60000e+00  2.80000e+00       2.113e+11 -4.013053e-01  0.000000e+00 -1.797635e-01  5.986947e-01
-4.90000e+00  2.80000e+00       1.155e+12 -2.052766e-01  0.000000e+00  3.339746e-01  7.947234e-01
-4.20000e+00  2.80000e+00       4.763e+12  2.777122e-01  0.000000e+00  3.564830e-01  7.222878e-01
-3.50000e+00  2.80000e+00       1.363e+13  4.461921e-01  0.000000e+00  1.656419e-02  5.538079e-01
-2.80000e+00  2.80000e+00       2.805e+13  3.131174e-01  0.000000e+00 -1.419749e-01  6.868826e-01
-2.10000e+00  2.80000e+00       5.120e+13  5.181789e-01  0.000000e+00 -8.329014e-02  4.818211e-01
-1.40000e+00  2.80000e+00       9.435e+13  8.471116e-01  0.000000e+00 -1.628930e-01  1.528884e-01
-7.00000e-01  2.80000e+00       1.425e+14  9.206645e-01  0.000000e+00 -2.015333e-01  7.933546e-02
 0.00000e+00  2.80000e+00       1.485e+14  9.200920e-01  0.000000e+00  2.929660e-15  7.990796e-02
 7.00000e-01  2.80000e+00       1.425e+14  9.206645e-01  0.000000e+00  2.015333e-01  7.933546e-02
 1.40000e+00  2.80000e+00       9.435e+13  8.471116e-01  0.000000e+00  1.628930e-01  1.528884e-01
 2.10000e+00  2.80000e+00       5.120e+13  5.181789e-01  0.000000e+00  8.329014e-02  4.818211e-01
 2.80000e+00  2.80000e+00       2.805e+13  3.131174e-01  0.000000e+00  1.419749e-01  6.868826e-01
 3.50000e+00  2.80000e+00       1.363e+13  4.461921e-01  0.000000e+00 -1.656419e-02  5.538079e-01
 4.20000e+00  2.80000e+00       4.763e+12  2.777122e-01  0.000000e+00 -3.564830e-01  7.222878e-01
 4.90000e+00  2.80000e+00       1.155e+12 -2.052766e-01  0.000000e+00 -3.339746e-01  7.947234e-01
 5.60000e+00  2.80000e+00       2.113e+11 -4.013053e-01  0.000000e+00  1.797635e-01  5.986947e-01
 6.30000e+00  2.80000e+00       3.060e+10 -1.187190e-01  0.000000e+00  6.122320e-01  8.812810e-01
 7.00000e+00  2.80000e+00       3.578e+09  1.346466e-01  0.000000e+00  6.168066e-01  8.653534e-01
-7.00000e+00  3.20000e+00       7.951e+08 -6.831634e-01  0.000000e+00 -7.918067e-02  3.168366e-01
-6.30000e+00  3.20000e+00       3.908e+09 -4.272695e-01  0.000000e+00  3.718824e-01  5.727305e-01
-5.60000e+00  3.20000e+00       2.696e+10  1.206446e-01  0.000000e+00  5.372861e-01  8.793554e-01
-4.90000e+00  3.20000e+00       1.540e+11  4.879457e-01  0.000000e+00  2.484884e-01  5.120543e-01
-4.20000e+00  3.20000e+00       5.954e+11  4.033723e-01  0.000000e+00 -1.285689e-01  5.966277e-01
-3.50000e+00  3.20000e+00       1.666e+12  1.368664e-01  0.000000e+00 -1.066282e-01  8.631336e-01
-2.80000e+00  3.20000e+00       3.791e+12  1.360851e-01  0.000000e+00  1.307257e-01  8.639149e-01
-2.10000e+00  3.20000e+00       6.719e+12  5.458228e-02  0.000000e+00  2.196352e-01  9.454177e-01
-1.40000e+00  3.20000e+00       1.302e+13  1.917822e-01  0.000000e+00  4.503807e-01  8.082178e-01
-7.00000e-01  3.20000e+00       2.941e+13  4.965479e-01  0.000000e+00  4.269066e-01  5.034521e-01
 0.00000e+00  3.20000e+00       4.003e+13  5.679212e-01  0.000000e+00 -8.912485e-16  4.320788e-01
 7.00000e-01  3.20000e+00       2.941e+13  4.965479e-01  0.000000e+00 -4.269066e-01  5.034521e-01
 1.40000e+00  3.20000e+00       1.302e+13  1.917822e-01  0.000000e+00 -4.503807e-01  8.082178e-01
 2.10000e+00  3.20000e+00       6.719e+12  5.458228e-02  0.000000e+00 -2.196352e-01  9.454177e-01
 2.80000e+00  3.20000e+00       3.791e+12  1.360851e-01  0.000000e+00 -1.307257e-01  8.639149e-01
 3.50000e+00  3.20000e+00       1.666e+12  1.368664e-01  0.000000e+00  1.066282e-01  8.631336e-01
 4.20000e+00  3.20000e+00       5.954e+11  4.033723e-01  0.000000e+00  1.285689e-01  5.966277e-01
 4.90000e+00  3.20000e+00       1.540e+11  4.879457e-01  0.000000e+00 -2.484884e-01  5.120543e-01
 5.60000e+00  3.20000e+00       2.696e+10  1.206446e-01  0.000000e+00 -5.372861e-01  8.793554e-01
 6.30000e+00  3.20000e+00       3.908e+09 -4.272695e-01  0.000000e+00 -3.718824e-01  5.727305e-01
 7.00000e+00  3.20000e+00       7.951e+08 -6.831634e-01  0.000000e+00  7.918067e-02  3.168366e-01
-7.00000e+00  3.60000e+00       4.902e+08 -7.101249e-01  0.000000e+00 -8.029194e-03  2.898751e-01
-6.30000e+00  3.60000e+00       1.163e+09 -4.127909e-01  0.000000e+00  2.678428e-01  5.872091e-01
-5.60000e+00  3.60000e+00       3.713e+09  6.408341e-02  0.000000e+00  1.959564e-01  9.359166e-01
-4.90000e+00  3.60000e+00       1.390e+10  1.178557e-01  0.000000e+00 -1.695033e-02  8.821443e-01
-4.20000e+00  3.60000e+00       4.757e+10  8.992836e-03  0.000000e+00  1.038339e-01  9.910072e-01
-3.50000e+00  3.60000e+00       1.436e+11  1.545447e-01  0.000000e+00  1.590929e-01  8.454553e-01
-2.80000e+00  3.60000e+00       3.488e+11  1.359728e-01  0.000000e+00 -5.954645e-02  8.640272e-01
-2.10000e+00  3.60000e+00       6.530e+11  9.833441e-02  0.000000e+00 -3.627409e-01  9.016656e-01
-1.40000e+00  3.60000e+00       7.250e+11  2.108843e-01  0.000000e+00 -6.841065e-01  7.891157e-01
-7.00000e-01  3.60000e+00       1.281e+11 -9.877823e-01  0.000000e+00 -2.448292e+00  1.221769e-02
 0.00000e+00  3.60000e+00       3.902e+11  7.563510e-01  0.000000e+00  6.703457e-16  2.436490e-01
 7.00000e-01  3.60000e+00       1.281e+11 -9.877823e-01  0.000000e+00  2.448292e+00  1.221769e-02
 1.40000e+00  3.60000e+00       7.250e+11  2.108843e-01  0.000000e+00  6.841065e-01  7.891157e-01
 2.10000e+00  3.60000e+00       6.530e+11  9.833441e-02  0.000000e+00  3.627409e-01  9.016656e-01
 2.80000e+00  3.60000e+00       3.488e+11  1.359728e-01  0.000000e+00  5.954645e-02  8.640272e-01
 3.50000e+00  3.60000e+00       1.436e+11  1.545447e-01  0.000000e+00 -1.590929e-01  8.454553e-01
 4.20000e+00  3.60000e+00       4.757e+10  8.992836e-03  0.000000e+00 -1.038339e-01  9.910072e-01
 4.90000e+00  3.60000e+00       1.390e+10  1.178557e-01  0.000000e+00  1.695033e-02  8.821443e-01
 5.60000e+00  3.60000e+00       3.713e+09  6.408341e-02  0.000000e+00 -1.959564e-01  9.359166e-01
 6.30000e+00  3.60000e+00       1.163e+09 -4.127909e-01  0.000000e+00 -2.678428e-01  5.872091e-01
 7.00000e+00  3.60000e+00       4.902e+08 -7.101249e-01  0.000000e+00  8.029194e-03  2.898751e-01
-7.00000e+00  4.00000e+00       3.625e+08 -7.464784e-01  0.000000e+00  6.646035e-02  2.535216e-01
-6.30000e+00  4.00000e+00       7.277e+08 -5.856987e-01  0.000000e+00  3.154263e-01  4.143013e-01
-5.60000e+00  4.00000e+00       1.553e+09 -2.656163e-01  0.000000e+00  4.661639e-01  7.343837e-01
-4.90000e+00  4.00000e+00       3.553e+09  6.948782e-02  0.000000e+00  4.884939e-01  9.305122e-01
-4.20000e+00  4.00000e+00       6.252e+09  1.338678e-01  0.000000e+00  4.867393e-01  8.661322e-01
-3.50000e+00  4.00000e+00       8.502e+09 -2.211272e-01  0.000000e+00  4.669868e-01  7.788728e-01
-2.80000e+00  4.00000e+00       2.112e+10 -6.522948e-02  0.000000e+00  6.636781e-02  9.347705e-01
-2.10000e+00  4.00000e+00       5.468e+10  2.884560e-01  0.000000e+00 -4.907163e-01  7.115440e-01
-1.40000e+00  4.00000e+00       5.147e+10  5.081187e-02  0.000000e+00 -1.366174e+00  9.491881e-01
-7.00000e-01  4.00000e+00       1.903e+11  7.618656e-01  0.000000e+00 -3.404362e-01  2.381344e-01
 0.00000e+00  4.00000e+00       3.420e+11  9.093326e-01  0.000000e+00  3.651122e-15  9.066744e-02
 7.00000e-01  4.00000e+00       1.903e+11  7.618656e-01  0.000000e+00  3.404362e-01  2.381344e-01
 1.40000e+00  4.00000e+00       5.147e+10  5.081187e-02  0.000000e+00  1.366174e+00  9.491881e-01
 2.10000e+00  4.00000e+00       5.468e+10  2.884560e-01  0.000000e+00  4.907163e-01  7.115440e-01
 2.80000e+00  4.00000e+00       2.112e+10 -6.522948e-02  0.000000e+00 -6.636781e-02  9.347705e-01
 3.50000e+00  4.00000e+00       8.502e+09 -2.211272e-01  0.000000e+00 -4.669868e-01  7.788728e-01
 4.20000e+00  4.00000e+00       6.252e+09  1.338678e-01  0.000000e+00 -4.867393e-01  8.661322e-01
 4.90000e+00  4.00000e+00       3.553e+09  6.948782e-02  0.000000e+00 -4.884939e-01  9.305122e-01
 5.60000e+00  4.00000e+00       1.553e+09 -2.656163e-01  0.000000e+00 -4.661639e-01  7.343837e-01
 6.30000e+00  4.00000e+00       7.277e+08 -5.856987e-01  0.000000e+00 -3.154263e-01  4.143013e-01
 7.00000e+00  4.00000e+00       3.625e+08 -7.464784e-01  0.000000e+00 -6.646035e-02  2.535216e-01
