 EB(GeV)    EMITTANCEx EMITTANCEy SIZEx(m)   SIZEy(m)   DIVx(rad)  DIVy(rad)
 2.411e+00  5.499e-09  1.017e-12  8.711e-05  1.009e-06  6.313e-05  1.009e-06
 betax      alphax     betay      alphay     eta        deta       E_spread  
 1.380e+00  0.000e+00  1.000e+00  0.000e+00  0.000e+00  0.000e+00  8.600e-04
 Ibeam(A)   period(cm) #periods   Kx         Ky         Energy(eV)
 4.005e-01  1.900e+00         96  0.000e+00  1.780e+00  6.534e+03


           x            y       F.Density            PL            PC          PL45        1-|PL|
          mm           mm  ph/s/mr^2/0.1%             -             -             -             -
-7.00000e+00 -4.00000e+00       2.707e+08 -7.299585e-01  0.000000e+00 -7.736448e-02  2.700415e-01
-6.30000e+00 -4.00000e+00       6.179e+08 -4.392678e-01  0.000000e+00 -2.916473e-01  5.607322e-01
-5.60000e+00 -4.00000e+00       1.568e+09  2.199885e-03  0.000000e+00 -3.825028e-01  9.978001e-01
-4.90000e+00 -4.00000e+00       1.963e+09 -2.655668e-01  0.000000e+00 -6.557159e-01  7.344332e-01
-4.20000e+00 -4.00000e+00       8.230e+09  5.863356e-01  0.000000e+00 -2.149477e-01  4.136644e-01
-3.50000e+00 -4.00000e+00       1.912e+10  6.956631e-01  0.000000e+00 -1.013943e-01  3.043369e-01
-2.80000e+00 -4.00000e+00       1.414e+10  1.976775e-01  0.000000e+00  4.287044e-02  8.023225e-01
-2.10000e+00 -4.00000e+00       5.979e+09 -5.122319e-01  0.000000e+00  2.094655e+00  4.877681e-01
-1.40000e+00 -4.00000e+00       2.929e+10  9.995260e-01  0.000000e+00  1.228500e+00  4.739891e-04
-7.00000e-01 -4.00000e+00       1.936e+11  7.064986e-01  0.000000e+00  2.469236e-01  2.935014e-01
 0.00000e+00 -4.00000e+00       3.414e+11  6.361184e-01  0.000000e+00  5.631427e-16  3.638816e-01
 7.00000e-01 -4.00000e+00       1.936e+11  7.064986e-01  0.000000e+00 -2.469236e-01  2.935014e-01
 1.40000e+00 -4.00000e+00       2.929e+10  9.995260e-01  0.000000e+00 -1.228500e+00  4.739891e-04
 2.10000e+00 -4.00000e+00       5.979e+09 -5.122319e-01  0.000000e+00 -2.094655e+00  4.877681e-01
 2.80000e+00 -4.00000e+00       1.414e+10  1.976775e-01  0.000000e+00 -4.287044e-02  8.023225e-01
 3.50000e+00 -4.00000e+00       1.912e+10  6.956631e-01  0.000000e+00  1.013943e-01  3.043369e-01
 4.20000e+00 -4.00000e+00       8.230e+09  5.863356e-01  0.000000e+00  2.149477e-01  4.136644e-01
 4.90000e+00 -4.00000e+00       1.963e+09 -2.655668e-01  0.000000e+00  6.557159e-01  7.344332e-01
 5.60000e+00 -4.00000e+00       1.568e+09  2.199885e-03  0.000000e+00  3.825028e-01  9.978001e-01
 6.30000e+00 -4.00000e+00       6.179e+08 -4.392678e-01  0.000000e+00  2.916473e-01  5.607322e-01
 7.00000e+00 -4.00000e+00       2.707e+08 -7.299585e-01  0.000000e+00  7.736448e-02  2.700415e-01
-7.00000e+00 -3.60000e+00       3.579e+08 -7.105081e-01  0.000000e+00  2.637342e-02  2.894919e-01
-6.30000e+00 -3.60000e+00       8.566e+08 -4.186582e-01  0.000000e+00 -2.364511e-01  5.813418e-01
-5.60000e+00 -3.60000e+00       2.462e+09 -2.620820e-02  0.000000e+00 -2.992905e-01  9.737918e-01
-4.90000e+00 -3.60000e+00       5.224e+09 -1.569513e-01  0.000000e+00 -3.712259e-01  8.430487e-01
-4.20000e+00 -3.60000e+00       7.568e+09 -9.399019e-01  0.000000e+00 -6.139679e-01  6.009810e-02
-3.50000e+00 -3.60000e+00       2.778e+10 -3.854964e-01  0.000000e+00 -1.149740e-01  6.145036e-01
-2.80000e+00 -3.60000e+00       1.097e+11  1.560946e-01  0.000000e+00  1.122379e-02  8.439054e-01
-2.10000e+00 -3.60000e+00       2.423e+11  4.940690e-01  0.000000e+00 -1.434143e-01  5.059310e-01
-1.40000e+00 -3.60000e+00       3.621e+11  7.281820e-01  0.000000e+00 -3.380908e-01  2.718180e-01
-7.00000e-01 -3.60000e+00       4.232e+11  8.057060e-01  0.000000e+00 -2.117805e-01  1.942940e-01
 0.00000e+00 -3.60000e+00       4.719e+11  7.757800e-01  0.000000e+00  8.602762e-17  2.242200e-01
 7.00000e-01 -3.60000e+00       4.232e+11  8.057060e-01  0.000000e+00  2.117805e-01  1.942940e-01
 1.40000e+00 -3.60000e+00       3.621e+11  7.281820e-01  0.000000e+00  3.380908e-01  2.718180e-01
 2.10000e+00 -3.60000e+00       2.423e+11  4.940690e-01  0.000000e+00  1.434143e-01  5.059310e-01
 2.80000e+00 -3.60000e+00       1.097e+11  1.560946e-01  0.000000e+00 -1.122379e-02  8.439054e-01
 3.50000e+00 -3.60000e+00       2.778e+10 -3.854964e-01  0.000000e+00  1.149740e-01  6.145036e-01
 4.20000e+00 -3.60000e+00       7.568e+09 -9.399019e-01  0.000000e+00  6.139679e-01  6.009810e-02
 4.90000e+00 -3.60000e+00       5.224e+09 -1.569513e-01  0.000000e+00  3.712259e-01  8.430487e-01
 5.60000e+00 -3.60000e+00       2.462e+09 -2.620820e-02  0.000000e+00  2.992905e-01  9.737918e-01
 6.30000e+00 -3.60000e+00       8.566e+08 -4.186582e-01  0.000000e+00  2.364511e-01  5.813418e-01
 7.00000e+00 -3.60000e+00       3.579e+08 -7.105081e-01  0.000000e+00 -2.637342e-02  2.894919e-01
-7.00000e+00 -3.20000e+00       5.225e+08 -6.597483e-01  0.000000e+00  6.032924e-02  3.402517e-01
-6.30000e+00 -3.20000e+00       1.875e+09 -2.004472e-01  0.000000e+00 -3.572059e-01  7.995528e-01
-5.60000e+00 -3.20000e+00       1.050e+10  3.640073e-01  0.000000e+00 -3.252443e-01  6.359927e-01
-4.90000e+00 -3.20000e+00       5.136e+10  4.176842e-01  0.000000e+00  4.409563e-02  5.823158e-01
-4.20000e+00 -3.20000e+00       1.924e+11  1.078435e-01  0.000000e+00  1.683311e-01  8.921565e-01
-3.50000e+00 -3.20000e+00       6.256e+11  9.184098e-02  0.000000e+00 -4.426378e-02  9.081590e-01
-2.80000e+00 -3.20000e+00       1.630e+12  3.049158e-01  0.000000e+00 -1.072157e-02  6.950842e-01
-2.10000e+00 -3.20000e+00       3.192e+12  4.236150e-01  0.000000e+00  5.285400e-02  5.763850e-01
-1.40000e+00 -3.20000e+00       6.030e+12  1.355632e-01  0.000000e+00  1.588236e-01  8.644368e-01
-7.00000e-01 -3.20000e+00       1.343e+13 -3.414489e-01  0.000000e+00  2.273514e-01  6.585511e-01
 0.00000e+00 -3.20000e+00       1.928e+13 -4.530354e-01  0.000000e+00  2.221227e-15  5.469646e-01
 7.00000e-01 -3.20000e+00       1.343e+13 -3.414489e-01  0.000000e+00 -2.273514e-01  6.585511e-01
 1.40000e+00 -3.20000e+00       6.030e+12  1.355632e-01  0.000000e+00 -1.588236e-01  8.644368e-01
 2.10000e+00 -3.20000e+00       3.192e+12  4.236150e-01  0.000000e+00 -5.285400e-02  5.763850e-01
 2.80000e+00 -3.20000e+00       1.630e+12  3.049158e-01  0.000000e+00  1.072157e-02  6.950842e-01
 3.50000e+00 -3.20000e+00       6.256e+11  9.184098e-02  0.000000e+00  4.426378e-02  9.081590e-01
 4.20000e+00 -3.20000e+00       1.924e+11  1.078435e-01  0.000000e+00 -1.683311e-01  8.921565e-01
 4.90000e+00 -3.20000e+00       5.136e+10  4.176842e-01  0.000000e+00 -4.409563e-02  5.823158e-01
 5.60000e+00 -3.20000e+00       1.050e+10  3.640073e-01  0.000000e+00  3.252443e-01  6.359927e-01
 6.30000e+00 -3.20000e+00       1.875e+09 -2.004472e-01  0.000000e+00  3.572059e-01  7.995528e-01
 7.00000e+00 -3.20000e+00       5.225e+08 -6.597483e-01  0.000000e+00 -6.032924e-02  3.402517e-01
-7.00000e+00 -2.80000e+00       1.294e+09 -3.957832e-01  0.000000e+00  4.561238e-01  6.042168e-01
-6.30000e+00 -2.80000e+00       1.040e+10 -4.636810e-01  0.000000e+00  1.652689e-01  5.363190e-01
-5.60000e+00 -2.80000e+00       8.596e+10 -2.758750e-01  0.000000e+00 -3.270617e-01  7.241250e-01
-4.90000e+00 -2.80000e+00       5.495e+11  2.061618e-01  0.000000e+00 -4.601842e-01  7.938382e-01
-4.20000e+00 -2.80000e+00       2.347e+12  4.895497e-01  0.000000e+00 -1.657937e-01  5.104503e-01
-3.50000e+00 -2.80000e+00       6.498e+12  3.592375e-01  0.000000e+00  1.010496e-01  6.407625e-01
-2.80000e+00 -2.80000e+00       1.362e+13  1.604018e-01  0.000000e+00  6.635467e-02  8.395982e-01
-2.10000e+00 -2.80000e+00       2.415e+13  1.342038e-01  0.000000e+00  2.905400e-01  8.657962e-01
-1.40000e+00 -2.80000e+00       3.824e+13  8.257102e-02  0.000000e+00  7.487395e-01  9.174290e-01
-7.00000e-01 -2.80000e+00       4.628e+13  4.926176e-02  0.000000e+00  7.928326e-01  9.507382e-01
 0.00000e+00 -2.80000e+00       4.117e+13  4.134593e-02  0.000000e+00  5.953355e-15  9.586541e-01
 7.00000e-01 -2.80000e+00       4.628e+13  4.926176e-02  0.000000e+00 -7.928326e-01  9.507382e-01
 1.40000e+00 -2.80000e+00       3.824e+13  8.257102e-02  0.000000e+00 -7.487395e-01  9.174290e-01
 2.10000e+00 -2.80000e+00       2.415e+13  1.342038e-01  0.000000e+00 -2.905400e-01  8.657962e-01
 2.80000e+00 -2.80000e+00       1.362e+13  1.604018e-01  0.000000e+00 -6.635467e-02  8.395982e-01
 3.50000e+00 -2.80000e+00       6.498e+12  3.592375e-01  0.000000e+00 -1.010496e-01  6.407625e-01
 4.20000e+00 -2.80000e+00       2.347e+12  4.895497e-01  0.000000e+00  1.657937e-01  5.104503e-01
 4.90000e+00 -2.80000e+00       5.495e+11  2.061618e-01  0.000000e+00  4.601842e-01  7.938382e-01
 5.60000e+00 -2.80000e+00       8.596e+10 -2.758750e-01  0.000000e+00  3.270617e-01  7.241250e-01
 6.30000e+00 -2.80000e+00       1.040e+10 -4.636810e-01  0.000000e+00 -1.652689e-01  5.363190e-01
 7.00000e+00 -2.80000e+00       1.294e+09 -3.957832e-01  0.000000e+00 -4.561238e-01  6.042168e-01
-7.00000e+00 -2.40000e+00       1.101e+10  7.208813e-01  0.000000e+00  3.792142e-01  2.791187e-01
-6.30000e+00 -2.40000e+00       1.123e+11  5.287861e-01  0.000000e+00  5.988756e-01  4.712139e-01
-5.60000e+00 -2.40000e+00       7.373e+11  1.084814e-01  0.000000e+00  6.164413e-01  8.915186e-01
-4.90000e+00 -2.40000e+00       3.481e+12 -2.128952e-01  0.000000e+00  1.934070e-01  7.871048e-01
-4.20000e+00 -2.40000e+00       1.380e+13  2.586757e-02  0.000000e+00 -2.855890e-01  9.741324e-01
-3.50000e+00 -2.40000e+00       4.199e+13  4.126071e-01  0.000000e+00 -2.283885e-01  5.873929e-01
-2.80000e+00 -2.40000e+00       8.636e+13  4.652645e-01  0.000000e+00 -1.155225e-02  5.347355e-01
-2.10000e+00 -2.40000e+00       1.415e+14  4.295761e-01  0.000000e+00 -2.363590e-01  5.704239e-01
-1.40000e+00 -2.40000e+00       2.126e+14  4.394848e-01  0.000000e+00 -6.566981e-01  5.605152e-01
-7.00000e-01 -2.40000e+00       2.274e+14  3.845761e-01  0.000000e+00 -7.470802e-01  6.154239e-01
 0.00000e+00 -2.40000e+00       1.829e+14  3.584106e-01  0.000000e+00 -3.729781e-15  6.415894e-01
 7.00000e-01 -2.40000e+00       2.274e+14  3.845761e-01  0.000000e+00  7.470802e-01  6.154239e-01
 1.40000e+00 -2.40000e+00       2.126e+14  4.394848e-01  0.000000e+00  6.566981e-01  5.605152e-01
 2.10000e+00 -2.40000e+00       1.415e+14  4.295761e-01  0.000000e+00  2.363590e-01  5.704239e-01
 2.80000e+00 -2.40000e+00       8.636e+13  4.652645e-01  0.000000e+00  1.155225e-02  5.347355e-01
 3.50000e+00 -2.40000e+00       4.199e+13  4.126071e-01  0.000000e+00  2.283885e-01  5.873929e-01
 4.20000e+00 -2.40000e+00       1.380e+13  2.586757e-02  0.000000e+00  2.855890e-01  9.741324e-01
 4.90000e+00 -2.40000e+00       3.481e+12 -2.128952e-01  0.000000e+00 -1.934070e-01  7.871048e-01
 5.60000e+00 -2.40000e+00       7.373e+11  1.084814e-01  0.000000e+00 -6.164413e-01  8.915186e-01
 6.30000e+00 -2.40000e+00       1.123e+11  5.287861e-01  0.000000e+00 -5.988756e-01  4.712139e-01
 7.00000e+00 -2.40000e+00       1.101e+10  7.208813e-01  0.000000e+00 -3.792142e-01  2.791187e-01
-7.00000e+00 -2.00000e+00       8.161e+10  8.857810e-01  0.000000e+00 -2.963805e-01  1.142190e-01
-6.30000e+00 -2.00000e+00       8.851e+11  9.186802e-01  0.000000e+00 -2.220507e-02  8.131980e-02
-5.60000e+00 -2.00000e+00       6.043e+12  8.326888e-01  0.000000e+00  2.846078e-01  1.673112e-01
-4.90000e+00 -2.00000e+00       2.479e+13  5.701194e-01  0.000000e+00  5.017809e-01  4.298806e-01
-4.20000e+00 -2.00000e+00       6.615e+13  1.615506e-01  0.000000e+00  3.730160e-01  8.384494e-01
-3.50000e+00 -2.00000e+00       1.544e+14  1.044700e-01  0.000000e+00 -1.153118e-01  8.955300e-01
-2.80000e+00 -2.00000e+00       3.165e+14  3.834376e-01  0.000000e+00 -2.260900e-01  6.165624e-01
-2.10000e+00 -2.00000e+00       4.451e+14  2.569870e-01  0.000000e+00 -1.638847e-01  7.430130e-01
-1.40000e+00 -2.00000e+00       5.228e+14 -3.522137e-01  0.000000e+00 -3.549108e-01  6.477863e-01
-7.00000e-01 -2.00000e+00       6.536e+14 -6.720322e-01  0.000000e+00 -4.048935e-01  3.279678e-01
 0.00000e+00 -2.00000e+00       6.706e+14 -7.011230e-01  0.000000e+00  2.294346e-15  2.988770e-01
 7.00000e-01 -2.00000e+00       6.536e+14 -6.720322e-01  0.000000e+00  4.048935e-01  3.279678e-01
 1.40000e+00 -2.00000e+00       5.228e+14 -3.522137e-01  0.000000e+00  3.549108e-01  6.477863e-01
 2.10000e+00 -2.00000e+00       4.451e+14  2.569870e-01  0.000000e+00  1.638847e-01  7.430130e-01
 2.80000e+00 -2.00000e+00       3.165e+14  3.834376e-01  0.000000e+00  2.260900e-01  6.165624e-01
 3.50000e+00 -2.00000e+00       1.544e+14  1.044700e-01  0.000000e+00  1.153118e-01  8.955300e-01
 4.20000e+00 -2.00000e+00       6.615e+13  1.615506e-01  0.000000e+00 -3.730160e-01  8.384494e-01
 4.90000e+00 -2.00000e+00       2.479e+13  5.701194e-01  0.000000e+00 -5.017809e-01  4.298806e-01
 5.60000e+00 -2.00000e+00       6.043e+12  8.326888e-01  0.000000e+00 -2.846078e-01  1.673112e-01
 6.30000e+00 -2.00000e+00       8.851e+11  9.186802e-01  0.000000e+00  2.220507e-02  8.131980e-02
 7.00000e+00 -2.00000e+00       8.161e+10  8.857810e-01  0.000000e+00  2.963805e-01  1.142190e-01
-7.00000e+00 -1.60000e+00       3.303e+11  6.764756e-01  0.000000e+00 -6.801732e-01  3.235244e-01
-6.30000e+00 -1.60000e+00       3.746e+12  8.142775e-01  0.000000e+00 -4.977321e-01  1.857225e-01
-5.60000e+00 -1.60000e+00       2.588e+13  9.029343e-01  0.000000e+00 -2.595002e-01  9.706571e-02
-4.90000e+00 -1.60000e+00       1.081e+14  9.038769e-01  0.000000e+00  2.634346e-02  9.612312e-02
-4.20000e+00 -1.60000e+00       2.725e+14  7.453117e-01  0.000000e+00  2.997069e-01  2.546883e-01
-3.50000e+00 -1.60000e+00       4.679e+14  4.183428e-01  0.000000e+00  2.974972e-01  5.816572e-01
-2.80000e+00 -1.60000e+00       7.913e+14  3.556423e-01  0.000000e+00 -8.035681e-02  6.443577e-01
-2.10000e+00 -1.60000e+00       1.174e+15  4.368792e-01  0.000000e+00 -1.335810e-01  5.631208e-01
-1.40000e+00 -1.60000e+00       9.531e+14  1.796662e-01  0.000000e+00  6.017124e-02  8.203338e-01
-7.00000e-01 -1.60000e+00       3.851e+14 -1.538084e-01  0.000000e+00  2.188398e-01  8.461916e-01
 0.00000e+00 -1.60000e+00       1.637e+14 -5.227482e-02  0.000000e+00  9.802610e-15  9.477252e-01
 7.00000e-01 -1.60000e+00       3.851e+14 -1.538084e-01  0.000000e+00 -2.188398e-01  8.461916e-01
 1.40000e+00 -1.60000e+00       9.531e+14  1.796662e-01  0.000000e+00 -6.017124e-02  8.203338e-01
 2.10000e+00 -1.60000e+00       1.174e+15  4.368792e-01  0.000000e+00  1.335810e-01  5.631208e-01
 2.80000e+00 -1.60000e+00       7.913e+14  3.556423e-01  0.000000e+00  8.035681e-02  6.443577e-01
 3.50000e+00 -1.60000e+00       4.679e+14  4.183428e-01  0.000000e+00 -2.974972e-01  5.816572e-01
 4.20000e+00 -1.60000e+00       2.725e+14  7.453117e-01  0.000000e+00 -2.997069e-01  2.546883e-01
 4.90000e+00 -1.60000e+00       1.081e+14  9.038769e-01  0.000000e+00 -2.634346e-02  9.612312e-02
 5.60000e+00 -1.60000e+00       2.588e+13  9.029343e-01  0.000000e+00  2.595002e-01  9.706571e-02
 6.30000e+00 -1.60000e+00       3.746e+12  8.142775e-01  0.000000e+00  4.977321e-01  1.857225e-01
 7.00000e+00 -1.60000e+00       3.303e+11  6.764756e-01  0.000000e+00  6.801732e-01  3.235244e-01
-7.00000e+00 -1.20000e+00       7.201e+11  4.590859e-01  0.000000e+00 -8.430847e-01  5.409141e-01
-6.30000e+00 -1.20000e+00       8.435e+12  6.476542e-01  0.000000e+00 -7.076950e-01  3.523458e-01
-5.60000e+00 -1.20000e+00       6.188e+13  8.003672e-01  0.000000e+00 -5.222148e-01  1.996328e-01
-4.90000e+00 -1.20000e+00       2.834e+14  8.999029e-01  0.000000e+00 -2.924392e-01  1.000971e-01
-4.20000e+00 -1.20000e+00       7.904e+14  9.184829e-01  0.000000e+00 -2.966006e-02  8.151712e-02
-3.50000e+00 -1.20000e+00       1.323e+15  8.035986e-01  0.000000e+00  2.025147e-01  1.964014e-01
-2.80000e+00 -1.20000e+00       1.658e+15  5.966422e-01  0.000000e+00  1.313534e-01  4.033578e-01
-2.10000e+00 -1.20000e+00       2.341e+15  6.035419e-01  0.000000e+00 -2.078558e-01  3.964581e-01
-1.40000e+00 -1.20000e+00       2.486e+15  4.861972e-01  0.000000e+00 -4.081754e-01  5.138028e-01
-7.00000e-01 -1.20000e+00       1.422e+15  1.155167e-01  0.000000e+00 -5.731736e-01  8.844833e-01
 0.00000e+00 -1.20000e+00       7.210e+14 -1.417820e-01  0.000000e+00 -2.342505e-14  8.582180e-01
 7.00000e-01 -1.20000e+00       1.422e+15  1.155167e-01  0.000000e+00  5.731736e-01  8.844833e-01
 1.40000e+00 -1.20000e+00       2.486e+15  4.861972e-01  0.000000e+00  4.081754e-01  5.138028e-01
 2.10000e+00 -1.20000e+00       2.341e+15  6.035419e-01  0.000000e+00  2.078558e-01  3.964581e-01
 2.80000e+00 -1.20000e+00       1.658e+15  5.966422e-01  0.000000e+00 -1.313534e-01  4.033578e-01
 3.50000e+00 -1.20000e+00       1.323e+15  8.035986e-01  0.000000e+00 -2.025147e-01  1.964014e-01
 4.20000e+00 -1.20000e+00       7.904e+14  9.184829e-01  0.000000e+00  2.966006e-02  8.151712e-02
 4.90000e+00 -1.20000e+00       2.834e+14  8.999029e-01  0.000000e+00  2.924392e-01  1.000971e-01
 5.60000e+00 -1.20000e+00       6.188e+13  8.003672e-01  0.000000e+00  5.222148e-01  1.996328e-01
 6.30000e+00 -1.20000e+00       8.435e+12  6.476542e-01  0.000000e+00  7.076950e-01  3.523458e-01
 7.00000e+00 -1.20000e+00       7.201e+11  4.590859e-01  0.000000e+00  8.430847e-01  5.409141e-01
-7.00000e+00 -8.00000e-01       9.166e+11  3.984624e-01  0.000000e+00 -8.647342e-01  6.015376e-01
-6.30000e+00 -8.00000e-01       1.142e+13  6.104513e-01  0.000000e+00 -7.398600e-01  3.895487e-01
-5.60000e+00 -8.00000e-01       9.047e+13  7.737511e-01  0.000000e+00 -5.753973e-01  2.262489e-01
-4.90000e+00 -8.00000e-01       4.560e+14  8.855008e-01  0.000000e+00 -3.864703e-01  1.144992e-01
-4.20000e+00 -8.00000e-01       1.428e+15  9.441410e-01  0.000000e+00 -1.826962e-01  5.585901e-02
-3.50000e+00 -8.00000e-01       2.642e+15  9.383764e-01  0.000000e+00  2.229987e-02  6.162359e-02
-2.80000e+00 -8.00000e-01       3.006e+15  8.443638e-01  0.000000e+00  1.479199e-01  1.556362e-01
-2.10000e+00 -8.00000e-01       3.502e+15  8.026878e-01  0.000000e+00  7.354873e-02  1.973122e-01
-1.40000e+00 -8.00000e-01       4.360e+15  9.026117e-01  0.000000e+00  8.176694e-02  9.738825e-02
-7.00000e-01 -8.00000e-01       2.535e+15  9.505710e-01  0.000000e+00  1.281627e-01  4.942902e-02
 0.00000e+00 -8.00000e-01       1.018e+15  9.463580e-01  0.000000e+00  2.857957e-15  5.364203e-02
 7.00000e-01 -8.00000e-01       2.535e+15  9.505710e-01  0.000000e+00 -1.281627e-01  4.942902e-02
 1.40000e+00 -8.00000e-01       4.360e+15  9.026117e-01  0.000000e+00 -8.176694e-02  9.738825e-02
 2.10000e+00 -8.00000e-01       3.502e+15  8.026878e-01  0.000000e+00 -7.354873e-02  1.973122e-01
 2.80000e+00 -8.00000e-01       3.006e+15  8.443638e-01  0.000000e+00 -1.479199e-01  1.556362e-01
 3.50000e+00 -8.00000e-01       2.642e+15  9.383764e-01  0.000000e+00 -2.229987e-02  6.162359e-02
 4.20000e+00 -8.00000e-01       1.428e+15  9.441410e-01  0.000000e+00  1.826962e-01  5.585901e-02
 4.90000e+00 -8.00000e-01       4.560e+14  8.855008e-01  0.000000e+00  3.864703e-01  1.144992e-01
 5.60000e+00 -8.00000e-01       9.047e+13  7.737511e-01  0.000000e+00  5.753973e-01  2.262489e-01
 6.30000e+00 -8.00000e-01       1.142e+13  6.104513e-01  0.000000e+00  7.398600e-01  3.895487e-01
 7.00000e+00 -8.00000e-01       9.166e+11  3.984624e-01  0.000000e+00  8.647342e-01  6.015376e-01
-7.00000e+00 -4.00000e-01       7.454e+11  6.490017e-01  0.000000e+00 -7.034814e-01  3.509983e-01
-6.30000e+00 -4.00000e-01       1.064e+13  7.981442e-01  0.000000e+00 -5.571878e-01  2.018558e-01
-5.60000e+00 -4.00000e-01       9.475e+13  8.915065e-01  0.000000e+00 -4.124768e-01  1.084935e-01
-4.90000e+00 -4.00000e-01       5.304e+14  9.470173e-01  0.000000e+00 -2.776004e-01  5.298268e-02
-4.20000e+00 -4.00000e-01       1.839e+15  9.763769e-01  0.000000e+00 -1.522679e-01  2.362306e-02
-3.50000e+00 -4.00000e-01       3.756e+15  9.843736e-01  0.000000e+00 -3.470570e-02  1.562641e-02
-2.80000e+00 -4.00000e-01       4.469e+15  9.684469e-01  0.000000e+00  5.343649e-02  3.155305e-02
-2.10000e+00 -4.00000e-01       4.828e+15  9.520892e-01  0.000000e+00 -1.714646e-02  4.791080e-02
-1.40000e+00 -4.00000e-01       8.512e+15  9.749746e-01  0.000000e+00 -1.304656e-01  2.502538e-02
-7.00000e-01 -4.00000e-01       1.584e+16  9.841653e-01  0.000000e+00 -1.090024e-01  1.583474e-02
 0.00000e+00 -4.00000e-01       1.984e+16  9.848696e-01  0.000000e+00  9.328975e-17  1.513036e-02
 7.00000e-01 -4.00000e-01       1.584e+16  9.841653e-01  0.000000e+00  1.090024e-01  1.583474e-02
 1.40000e+00 -4.00000e-01       8.512e+15  9.749746e-01  0.000000e+00  1.304656e-01  2.502538e-02
 2.10000e+00 -4.00000e-01       4.828e+15  9.520892e-01  0.000000e+00  1.714646e-02  4.791080e-02
 2.80000e+00 -4.00000e-01       4.469e+15  9.684469e-01  0.000000e+00 -5.343649e-02  3.155305e-02
 3.50000e+00 -4.00000e-01       3.756e+15  9.843736e-01  0.000000e+00  3.470570e-02  1.562641e-02
 4.20000e+00 -4.00000e-01       1.839e+15  9.763769e-01  0.000000e+00  1.522679e-01  2.362306e-02
 4.90000e+00 -4.00000e-01       5.304e+14  9.470173e-01  0.000000e+00  2.776004e-01  5.298268e-02
 5.60000e+00 -4.00000e-01       9.475e+13  8.915065e-01  0.000000e+00  4.124768e-01  1.084935e-01
 6.30000e+00 -4.00000e-01       1.064e+13  7.981442e-01  0.000000e+00  5.571878e-01  2.018558e-01
 7.00000e+00 -4.00000e-01       7.454e+11  6.490017e-01  0.000000e+00  7.034814e-01  3.509983e-01
-7.00000e+00  0.00000e+00       5.829e+11  9.995045e-01  0.000000e+00  1.673710e-10  4.955236e-04
-6.30000e+00  0.00000e+00       9.410e+12  9.997343e-01  0.000000e+00  6.419632e-11  2.657054e-04
-5.60000e+00  0.00000e+00       9.076e+13  9.998636e-01  0.000000e+00  1.466410e-11  1.364083e-04
-4.90000e+00  0.00000e+00       5.375e+14  9.999402e-01  0.000000e+00  2.437317e-12  5.980860e-05
-4.20000e+00  0.00000e+00       1.950e+15  9.999787e-01  0.000000e+00  5.704020e-13  2.130967e-05
-3.50000e+00  0.00000e+00       4.143e+15  9.999846e-01  0.000000e+00  1.633095e-13  1.537299e-05
-2.80000e+00  0.00000e+00       5.002e+15  9.999631e-01  0.000000e+00 -1.274633e-14  3.689864e-05
-2.10000e+00  0.00000e+00       4.531e+15  9.999377e-01  0.000000e+00 -6.609919e-14  6.234351e-05
-1.40000e+00  0.00000e+00       4.582e+15  9.998673e-01  0.000000e+00 -1.275979e-14  1.326877e-04
-7.00000e-01  0.00000e+00       4.139e+15  9.994000e-01  0.000000e+00  5.265796e-14  5.999646e-04
 0.00000e+00  0.00000e+00       3.620e+15  9.988256e-01  0.000000e+00  5.419608e-17  1.174432e-03
 7.00000e-01  0.00000e+00       4.139e+15  9.994000e-01  0.000000e+00 -5.253977e-14  5.999646e-04
 1.40000e+00  0.00000e+00       4.582e+15  9.998673e-01  0.000000e+00  1.283898e-14  1.326877e-04
 2.10000e+00  0.00000e+00       4.531e+15  9.999377e-01  0.000000e+00  6.608186e-14  6.234351e-05
 2.80000e+00  0.00000e+00       5.002e+15  9.999631e-01  0.000000e+00  1.271420e-14  3.689864e-05
 3.50000e+00  0.00000e+00       4.143e+15  9.999846e-01  0.000000e+00 -1.632328e-13  1.537299e-05
 4.20000e+00  0.00000e+00       1.950e+15  9.999787e-01  0.000000e+00 -5.701950e-13  2.130967e-05
 4.90000e+00  0.00000e+00       5.375e+14  9.999402e-01  0.000000e+00 -2.436934e-12  5.980860e-05
 5.60000e+00  0.00000e+00       9.076e+13  9.998636e-01  0.000000e+00 -1.466336e-11  1.364083e-04
 6.30000e+00  0.00000e+00       9.410e+12  9.997343e-01  0.000000e+00 -6.419527e-11  2.657054e-04
 7.00000e+00  0.00000e+00       5.829e+11  9.995045e-01  0.000000e+00 -1.673690e-10  4.955236e-04
-7.00000e+00  4.00000e-01       7.454e+11  6.490017e-01  0.000000e+00  7.034814e-01  3.509983e-01
-6.30000e+00  4.00000e-01       1.064e+13  7.981442e-01  0.000000e+00  5.571878e-01  2.018558e-01
-5.60000e+00  4.00000e-01       9.475e+13  8.915065e-01  0.000000e+00  4.124768e-01  1.084935e-01
-4.90000e+00  4.00000e-01       5.304e+14  9.470173e-01  0.000000e+00  2.776004e-01  5.298268e-02
-4.20000e+00  4.00000e-01       1.839e+15  9.763769e-01  0.000000e+00  1.522679e-01  2.362306e-02
-3.50000e+00  4.00000e-01       3.756e+15  9.843736e-01  0.000000e+00  3.470570e-02  1.562641e-02
-2.80000e+00  4.00000e-01       4.469e+15  9.684469e-01  0.000000e+00 -5.343649e-02  3.155305e-02
-2.10000e+00  4.00000e-01       4.828e+15  9.520892e-01  0.000000e+00  1.714646e-02  4.791080e-02
-1.40000e+00  4.00000e-01       8.512e+15  9.749746e-01  0.000000e+00  1.304656e-01  2.502538e-02
-7.00000e-01  4.00000e-01       1.584e+16  9.841653e-01  0.000000e+00  1.090024e-01  1.583474e-02
 0.00000e+00  4.00000e-01       1.984e+16  9.848696e-01  0.000000e+00 -9.370391e-17  1.513036e-02
 7.00000e-01  4.00000e-01       1.584e+16  9.841653e-01  0.000000e+00 -1.090024e-01  1.583474e-02
 1.40000e+00  4.00000e-01       8.512e+15  9.749746e-01  0.000000e+00 -1.304656e-01  2.502538e-02
 2.10000e+00  4.00000e-01       4.828e+15  9.520892e-01  0.000000e+00 -1.714646e-02  4.791080e-02
 2.80000e+00  4.00000e-01       4.469e+15  9.684469e-01  0.000000e+00  5.343649e-02  3.155305e-02
 3.50000e+00  4.00000e-01       3.756e+15  9.843736e-01  0.000000e+00 -3.470570e-02  1.562641e-02
 4.20000e+00  4.00000e-01       1.839e+15  9.763769e-01  0.000000e+00 -1.522679e-01  2.362306e-02
 4.90000e+00  4.00000e-01       5.304e+14  9.470173e-01  0.000000e+00 -2.776004e-01  5.298268e-02
 5.60000e+00  4.00000e-01       9.475e+13  8.915065e-01  0.000000e+00 -4.124768e-01  1.084935e-01
 6.30000e+00  4.00000e-01       1.064e+13  7.981442e-01  0.000000e+00 -5.571878e-01  2.018558e-01
 7.00000e+00  4.00000e-01       7.454e+11  6.490017e-01  0.000000e+00 -7.034814e-01  3.509983e-01
-7.00000e+00  8.00000e-01       9.166e+11  3.984624e-01  0.000000e+00  8.647342e-01  6.015376e-01
-6.30000e+00  8.00000e-01       1.142e+13  6.104513e-01  0.000000e+00  7.398600e-01  3.895487e-01
-5.60000e+00  8.00000e-01       9.047e+13  7.737511e-01  0.000000e+00  5.753973e-01  2.262489e-01
-4.90000e+00  8.00000e-01       4.560e+14  8.855008e-01  0.000000e+00  3.864703e-01  1.144992e-01
-4.20000e+00  8.00000e-01       1.428e+15  9.441410e-01  0.000000e+00  1.826962e-01  5.585901e-02
-3.50000e+00  8.00000e-01       2.642e+15  9.383764e-01  0.000000e+00 -2.229987e-02  6.162359e-02
-2.80000e+00  8.00000e-01       3.006e+15  8.443638e-01  0.000000e+00 -1.479199e-01  1.556362e-01
-2.10000e+00  8.00000e-01       3.502e+15  8.026878e-01  0.000000e+00 -7.354873e-02  1.973122e-01
-1.40000e+00  8.00000e-01       4.360e+15  9.026117e-01  0.000000e+00 -8.176694e-02  9.738825e-02
-7.00000e-01  8.00000e-01       2.535e+15  9.505710e-01  0.000000e+00 -1.281627e-01  4.942902e-02
 0.00000e+00  8.00000e-01       1.018e+15  9.463580e-01  0.000000e+00 -3.771914e-15  5.364203e-02
 7.00000e-01  8.00000e-01       2.535e+15  9.505710e-01  0.000000e+00  1.281627e-01  4.942902e-02
 1.40000e+00  8.00000e-01       4.360e+15  9.026117e-01  0.000000e+00  8.176694e-02  9.738825e-02
 2.10000e+00  8.00000e-01       3.502e+15  8.026878e-01  0.000000e+00  7.354873e-02  1.973122e-01
 2.80000e+00  8.00000e-01       3.006e+15  8.443638e-01  0.000000e+00  1.479199e-01  1.556362e-01
 3.50000e+00  8.00000e-01       2.642e+15  9.383764e-01  0.000000e+00  2.229987e-02  6.162359e-02
 4.20000e+00  8.00000e-01       1.428e+15  9.441410e-01  0.000000e+00 -1.826962e-01  5.585901e-02
 4.90000e+00  8.00000e-01       4.560e+14  8.855008e-01  0.000000e+00 -3.864703e-01  1.144992e-01
 5.60000e+00  8.00000e-01       9.047e+13  7.737511e-01  0.000000e+00 -5.753973e-01  2.262489e-01
 6.30000e+00  8.00000e-01       1.142e+13  6.104513e-01  0.000000e+00 -7.398600e-01  3.895487e-01
 7.00000e+00  8.00000e-01       9.166e+11  3.984624e-01  0.000000e+00 -8.647342e-01  6.015376e-01
-7.00000e+00  1.20000e+00       7.201e+11  4.590859e-01  0.000000e+00  8.430847e-01  5.409141e-01
-6.30000e+00  1.20000e+00       8.435e+12  6.476542e-01  0.000000e+00  7.076950e-01  3.523458e-01
-5.60000e+00  1.20000e+00       6.188e+13  8.003672e-01  0.000000e+00  5.222148e-01  1.996328e-01
-4.90000e+00  1.20000e+00       2.834e+14  8.999029e-01  0.000000e+00  2.924392e-01  1.000971e-01
-4.20000e+00  1.20000e+00       7.904e+14  9.184829e-01  0.000000e+00  2.966006e-02  8.151712e-02
-3.50000e+00  1.20000e+00       1.323e+15  8.035986e-01  0.000000e+00 -2.025147e-01  1.964014e-01
-2.80000e+00  1.20000e+00       1.658e+15  5.966422e-01  0.000000e+00 -1.313534e-01  4.033578e-01
-2.10000e+00  1.20000e+00       2.341e+15  6.035419e-01  0.000000e+00  2.078558e-01  3.964581e-01
-1.40000e+00  1.20000e+00       2.486e+15  4.861972e-01  0.000000e+00  4.081754e-01  5.138028e-01
-7.00000e-01  1.20000e+00       1.422e+15  1.155167e-01  0.000000e+00  5.731736e-01  8.844833e-01
 0.00000e+00  1.20000e+00       7.210e+14 -1.417820e-01  0.000000e+00  2.128041e-14  8.582180e-01
 7.00000e-01  1.20000e+00       1.422e+15  1.155167e-01  0.000000e+00 -5.731736e-01  8.844833e-01
 1.40000e+00  1.20000e+00       2.486e+15  4.861972e-01  0.000000e+00 -4.081754e-01  5.138028e-01
 2.10000e+00  1.20000e+00       2.341e+15  6.035419e-01  0.000000e+00 -2.078558e-01  3.964581e-01
 2.80000e+00  1.20000e+00       1.658e+15  5.966422e-01  0.000000e+00  1.313534e-01  4.033578e-01
 3.50000e+00  1.20000e+00       1.323e+15  8.035986e-01  0.000000e+00  2.025147e-01  1.964014e-01
 4.20000e+00  1.20000e+00       7.904e+14  9.184829e-01  0.000000e+00 -2.966006e-02  8.151712e-02
 4.90000e+00  1.20000e+00       2.834e+14  8.999029e-01  0.000000e+00 -2.924392e-01  1.000971e-01
 5.60000e+00  1.20000e+00       6.188e+13  8.003672e-01  0.000000e+00 -5.222148e-01  1.996328e-01
 6.30000e+00  1.20000e+00       8.435e+12  6.476542e-01  0.000000e+00 -7.076950e-01  3.523458e-01
 7.00000e+00  1.20000e+00       7.201e+11  4.590859e-01  0.000000e+00 -8.430847e-01  5.409141e-01
-7.00000e+00  1.60000e+00       3.303e+11  6.764756e-01  0.000000e+00  6.801732e-01  3.235244e-01
-6.30000e+00  1.60000e+00       3.746e+12  8.142775e-01  0.000000e+00  4.977321e-01  1.857225e-01
-5.60000e+00  1.60000e+00       2.588e+13  9.029343e-01  0.000000e+00  2.595002e-01  9.706571e-02
-4.90000e+00  1.60000e+00       1.081e+14  9.038769e-01  0.000000e+00 -2.634346e-02  9.612312e-02
-4.20000e+00  1.60000e+00       2.725e+14  7.453117e-01  0.000000e+00 -2.997069e-01  2.546883e-01
-3.50000e+00  1.60000e+00       4.679e+14  4.183428e-01  0.000000e+00 -2.974972e-01  5.816572e-01
-2.80000e+00  1.60000e+00       7.913e+14  3.556423e-01  0.000000e+00  8.035681e-02  6.443577e-01
-2.10000e+00  1.60000e+00       1.174e+15  4.368792e-01  0.000000e+00  1.335810e-01  5.631208e-01
-1.40000e+00  1.60000e+00       9.531e+14  1.796662e-01  0.000000e+00 -6.017124e-02  8.203338e-01
-7.00000e-01  1.60000e+00       3.851e+14 -1.538084e-01  0.000000e+00 -2.188398e-01  8.461916e-01
 0.00000e+00  1.60000e+00       1.637e+14 -5.227482e-02  0.000000e+00 -9.745462e-15  9.477252e-01
 7.00000e-01  1.60000e+00       3.851e+14 -1.538084e-01  0.000000e+00  2.188398e-01  8.461916e-01
 1.40000e+00  1.60000e+00       9.531e+14  1.796662e-01  0.000000e+00  6.017124e-02  8.203338e-01
 2.10000e+00  1.60000e+00       1.174e+15  4.368792e-01  0.000000e+00 -1.335810e-01  5.631208e-01
 2.80000e+00  1.60000e+00       7.913e+14  3.556423e-01  0.000000e+00 -8.035681e-02  6.443577e-01
 3.50000e+00  1.60000e+00       4.679e+14  4.183428e-01  0.000000e+00  2.974972e-01  5.816572e-01
 4.20000e+00  1.60000e+00       2.725e+14  7.453117e-01  0.000000e+00  2.997069e-01  2.546883e-01
 4.90000e+00  1.60000e+00       1.081e+14  9.038769e-01  0.000000e+00  2.634346e-02  9.612312e-02
 5.60000e+00  1.60000e+00       2.588e+13  9.029343e-01  0.000000e+00 -2.595002e-01  9.706571e-02
 6.30000e+00  1.60000e+00       3.746e+12  8.142775e-01  0.000000e+00 -4.977321e-01  1.857225e-01
 7.00000e+00  1.60000e+00       3.303e+11  6.764756e-01  0.000000e+00 -6.801732e-01  3.235244e-01
-7.00000e+00  2.00000e+00       8.161e+10  8.857810e-01  0.000000e+00  2.963805e-01  1.142190e-01
-6.30000e+00  2.00000e+00       8.851e+11  9.186802e-01  0.000000e+00  2.220507e-02  8.131980e-02
-5.60000e+00  2.00000e+00       6.043e+12  8.326888e-01  0.000000e+00 -2.846078e-01  1.673112e-01
-4.90000e+00  2.00000e+00       2.479e+13  5.701194e-01  0.000000e+00 -5.017809e-01  4.298806e-01
-4.20000e+00  2.00000e+00       6.615e+13  1.615506e-01  0.000000e+00 -3.730160e-01  8.384494e-01
-3.50000e+00  2.00000e+00       1.544e+14  1.044700e-01  0.000000e+00  1.153118e-01  8.955300e-01
-2.80000e+00  2.00000e+00       3.165e+14  3.834376e-01  0.000000e+00  2.260900e-01  6.165624e-01
-2.10000e+00  2.00000e+00       4.451e+14  2.569870e-01  0.000000e+00  1.638847e-01  7.430130e-01
-1.40000e+00  2.00000e+00       5.228e+14 -3.522137e-01  0.000000e+00  3.549108e-01  6.477863e-01
-7.00000e-01  2.00000e+00       6.536e+14 -6.720322e-01  0.000000e+00  4.048935e-01  3.279678e-01
 0.00000e+00  2.00000e+00       6.706e+14 -7.011230e-01  0.000000e+00 -2.286727e-15  2.988770e-01
 7.00000e-01  2.00000e+00       6.536e+14 -6.720322e-01  0.000000e+00 -4.048935e-01  3.279678e-01
 1.40000e+00  2.00000e+00       5.228e+14 -3.522137e-01  0.000000e+00 -3.549108e-01  6.477863e-01
 2.10000e+00  2.00000e+00       4.451e+14  2.569870e-01  0.000000e+00 -1.638847e-01  7.430130e-01
 2.80000e+00  2.00000e+00       3.165e+14  3.834376e-01  0.000000e+00 -2.260900e-01  6.165624e-01
 3.50000e+00  2.00000e+00       1.544e+14  1.044700e-01  0.000000e+00 -1.153118e-01  8.955300e-01
 4.20000e+00  2.00000e+00       6.615e+13  1.615506e-01  0.000000e+00  3.730160e-01  8.384494e-01
 4.90000e+00  2.00000e+00       2.479e+13  5.701194e-01  0.000000e+00  5.017809e-01  4.298806e-01
 5.60000e+00  2.00000e+00       6.043e+12  8.326888e-01  0.000000e+00  2.846078e-01  1.673112e-01
 6.30000e+00  2.00000e+00       8.851e+11  9.186802e-01  0.000000e+00 -2.220507e-02  8.131980e-02
 7.00000e+00  2.00000e+00       8.161e+10  8.857810e-01  0.000000e+00 -2.963805e-01  1.142190e-01
-7.00000e+00  2.40000e+00       1.101e+10  7.208811e-01  0.000000e+00 -3.792142e-01  2.791189e-01
-6.30000e+00  2.40000e+00       1.123e+11  5.287861e-01  0.000000e+00 -5.988756e-01  4.712139e-01
-5.60000e+00  2.40000e+00       7.373e+11  1.084814e-01  0.000000e+00 -6.164413e-01  8.915186e-01
-4.90000e+00  2.40000e+00       3.481e+12 -2.128952e-01  0.000000e+00 -1.934070e-01  7.871048e-01
-4.20000e+00  2.40000e+00       1.380e+13  2.586757e-02  0.000000e+00  2.855890e-01  9.741324e-01
-3.50000e+00  2.40000e+00       4.199e+13  4.126071e-01  0.000000e+00  2.283885e-01  5.873929e-01
-2.80000e+00  2.40000e+00       8.636e+13  4.652645e-01  0.000000e+00  1.155225e-02  5.347355e-01
-2.10000e+00  2.40000e+00       1.415e+14  4.295761e-01  0.000000e+00  2.363590e-01  5.704239e-01
-1.40000e+00  2.40000e+00       2.126e+14  4.394848e-01  0.000000e+00  6.566981e-01  5.605152e-01
-7.00000e-01  2.40000e+00       2.274e+14  3.845761e-01  0.000000e+00  7.470802e-01  6.154239e-01
 0.00000e+00  2.40000e+00       1.829e+14  3.584106e-01  0.000000e+00  3.735207e-15  6.415894e-01
 7.00000e-01  2.40000e+00       2.274e+14  3.845761e-01  0.000000e+00 -7.470802e-01  6.154239e-01
 1.40000e+00  2.40000e+00       2.126e+14  4.394848e-01  0.000000e+00 -6.566981e-01  5.605152e-01
 2.10000e+00  2.40000e+00       1.415e+14  4.295761e-01  0.000000e+00 -2.363590e-01  5.704239e-01
 2.80000e+00  2.40000e+00       8.636e+13  4.652645e-01  0.000000e+00 -1.155225e-02  5.347355e-01
 3.50000e+00  2.40000e+00       4.199e+13  4.126071e-01  0.000000e+00 -2.283885e-01  5.873929e-01
 4.20000e+00  2.40000e+00       1.380e+13  2.586757e-02  0.000000e+00 -2.855890e-01  9.741324e-01
 4.90000e+00  2.40000e+00       3.481e+12 -2.128952e-01  0.000000e+00  1.934070e-01  7.871048e-01
 5.60000e+00  2.40000e+00       7.373e+11  1.084814e-01  0.000000e+00  6.164413e-01  8.915186e-01
 6.30000e+00  2.40000e+00       1.123e+11  5.287861e-01  0.000000e+00  5.988756e-01  4.712139e-01
 7.00000e+00  2.40000e+00       1.101e+10  7.208811e-01  0.000000e+00  3.792142e-01  2.791189e-01
-7.00000e+00  2.80000e+00       1.294e+09 -3.957837e-01  0.000000e+00 -4.561226e-01  6.042163e-01
-6.30000e+00  2.80000e+00       1.040e+10 -4.636811e-01  0.000000e+00 -1.652684e-01  5.363189e-01
-5.60000e+00  2.80000e+00       8.596e+10 -2.758750e-01  0.000000e+00  3.270618e-01  7.241250e-01
-4.90000e+00  2.80000e+00       5.495e+11  2.061618e-01  0.000000e+00  4.601842e-01  7.938382e-01
-4.20000e+00  2.80000e+00       2.347e+12  4.895497e-01  0.000000e+00  1.657937e-01  5.104503e-01
-3.50000e+00  2.80000e+00       6.498e+12  3.592375e-01  0.000000e+00 -1.010496e-01  6.407625e-01
-2.80000e+00  2.80000e+00       1.362e+13  1.604018e-01  0.000000e+00 -6.635467e-02  8.395982e-01
-2.10000e+00  2.80000e+00       2.415e+13  1.342038e-01  0.000000e+00 -2.905400e-01  8.657962e-01
-1.40000e+00  2.80000e+00       3.824e+13  8.257102e-02  0.000000e+00 -7.487395e-01  9.174290e-01
-7.00000e-01  2.80000e+00       4.628e+13  4.926176e-02  0.000000e+00 -7.928326e-01  9.507382e-01
 0.00000e+00  2.80000e+00       4.117e+13  4.134593e-02  0.000000e+00 -5.944597e-15  9.586541e-01
 7.00000e-01  2.80000e+00       4.628e+13  4.926176e-02  0.000000e+00  7.928326e-01  9.507382e-01
 1.40000e+00  2.80000e+00       3.824e+13  8.257102e-02  0.000000e+00  7.487395e-01  9.174290e-01
 2.10000e+00  2.80000e+00       2.415e+13  1.342038e-01  0.000000e+00  2.905400e-01  8.657962e-01
 2.80000e+00  2.80000e+00       1.362e+13  1.604018e-01  0.000000e+00  6.635467e-02  8.395982e-01
 3.50000e+00  2.80000e+00       6.498e+12  3.592375e-01  0.000000e+00  1.010496e-01  6.407625e-01
 4.20000e+00  2.80000e+00       2.347e+12  4.895497e-01  0.000000e+00 -1.657937e-01  5.104503e-01
 4.90000e+00  2.80000e+00       5.495e+11  2.061618e-01  0.000000e+00 -4.601842e-01  7.938382e-01
 5.60000e+00  2.80000e+00       8.596e+10 -2.758750e-01  0.000000e+00 -3.270618e-01  7.241250e-01
 6.30000e+00  2.80000e+00       1.040e+10 -4.636811e-01  0.000000e+00  1.652684e-01  5.363189e-01
 7.00000e+00  2.80000e+00       1.294e+09 -3.957837e-01  0.000000e+00  4.561226e-01  6.042163e-01
-7.00000e+00  3.20000e+00       5.225e+08 -6.597487e-01  0.000000e+00 -6.032678e-02  3.402513e-01
-6.30000e+00  3.20000e+00       1.875e+09 -2.004493e-01  0.000000e+00  3.572068e-01  7.995507e-01
-5.60000e+00  3.20000e+00       1.050e+10  3.640059e-01  0.000000e+00  3.252449e-01  6.359941e-01
-4.90000e+00  3.20000e+00       5.136e+10  4.176839e-01  0.000000e+00 -4.409529e-02  5.823161e-01
-4.20000e+00  3.20000e+00       1.924e+11  1.078435e-01  0.000000e+00 -1.683310e-01  8.921565e-01
-3.50000e+00  3.20000e+00       6.256e+11  9.184099e-02  0.000000e+00  4.426381e-02  9.081590e-01
-2.80000e+00  3.20000e+00       1.630e+12  3.049158e-01  0.000000e+00  1.072158e-02  6.950842e-01
-2.10000e+00  3.20000e+00       3.192e+12  4.236150e-01  0.000000e+00 -5.285400e-02  5.763850e-01
-1.40000e+00  3.20000e+00       6.030e+12  1.355633e-01  0.000000e+00 -1.588236e-01  8.644367e-01
-7.00000e-01  3.20000e+00       1.343e+13 -3.414489e-01  0.000000e+00 -2.273514e-01  6.585511e-01
 0.00000e+00  3.20000e+00       1.928e+13 -4.530354e-01  0.000000e+00 -5.006319e-15  5.469646e-01
 7.00000e-01  3.20000e+00       1.343e+13 -3.414489e-01  0.000000e+00  2.273514e-01  6.585511e-01
 1.40000e+00  3.20000e+00       6.030e+12  1.355633e-01  0.000000e+00  1.588236e-01  8.644367e-01
 2.10000e+00  3.20000e+00       3.192e+12  4.236150e-01  0.000000e+00  5.285400e-02  5.763850e-01
 2.80000e+00  3.20000e+00       1.630e+12  3.049158e-01  0.000000e+00 -1.072158e-02  6.950842e-01
 3.50000e+00  3.20000e+00       6.256e+11  9.184099e-02  0.000000e+00 -4.426381e-02  9.081590e-01
 4.20000e+00  3.20000e+00       1.924e+11  1.078435e-01  0.000000e+00  1.683310e-01  8.921565e-01
 4.90000e+00  3.20000e+00       5.136e+10  4.176839e-01  0.000000e+00  4.409529e-02  5.823161e-01
 5.60000e+00  3.20000e+00       1.050e+10  3.640059e-01  0.000000e+00 -3.252449e-01  6.359941e-01
 6.30000e+00  3.20000e+00       1.875e+09 -2.004493e-01  0.000000e+00 -3.572068e-01  7.995507e-01
 7.00000e+00  3.20000e+00       5.225e+08 -6.597487e-01  0.000000e+00  6.032678e-02  3.402513e-01
-7.00000e+00  3.60000e+00       3.579e+08 -7.105083e-01  0.000000e+00 -2.636669e-02  2.894917e-01
-6.30000e+00  3.60000e+00       8.567e+08 -4.186625e-01  0.000000e+00  2.364573e-01  5.813375e-01
-5.60000e+00  3.60000e+00       2.462e+09 -2.621497e-02  0.000000e+00  2.992956e-01  9.737850e-01
-4.90000e+00  3.60000e+00       5.224e+09 -1.569519e-01  0.000000e+00  3.712286e-01  8.430481e-01
-4.20000e+00  3.60000e+00       7.568e+09 -9.399120e-01  0.000000e+00  6.139740e-01  6.008802e-02
-3.50000e+00  3.60000e+00       2.778e+10 -3.854944e-01  0.000000e+00  1.149752e-01  6.145056e-01
-2.80000e+00  3.60000e+00       1.097e+11  1.560948e-01  0.000000e+00 -1.122344e-02  8.439052e-01
-2.10000e+00  3.60000e+00       2.423e+11  4.940690e-01  0.000000e+00  1.434143e-01  5.059310e-01
-1.40000e+00  3.60000e+00       3.621e+11  7.281819e-01  0.000000e+00  3.380907e-01  2.718181e-01
-7.00000e-01  3.60000e+00       4.232e+11  8.057058e-01  0.000000e+00  2.117804e-01  1.942942e-01
 0.00000e+00  3.60000e+00       4.719e+11  7.757798e-01  0.000000e+00  9.965834e-16  2.242202e-01
 7.00000e-01  3.60000e+00       4.232e+11  8.057058e-01  0.000000e+00 -2.117804e-01  1.942942e-01
 1.40000e+00  3.60000e+00       3.621e+11  7.281819e-01  0.000000e+00 -3.380907e-01  2.718181e-01
 2.10000e+00  3.60000e+00       2.423e+11  4.940690e-01  0.000000e+00 -1.434143e-01  5.059310e-01
 2.80000e+00  3.60000e+00       1.097e+11  1.560948e-01  0.000000e+00  1.122344e-02  8.439052e-01
 3.50000e+00  3.60000e+00       2.778e+10 -3.854944e-01  0.000000e+00 -1.149752e-01  6.145056e-01
 4.20000e+00  3.60000e+00       7.568e+09 -9.399120e-01  0.000000e+00 -6.139740e-01  6.008802e-02
 4.90000e+00  3.60000e+00       5.224e+09 -1.569519e-01  0.000000e+00 -3.712286e-01  8.430481e-01
 5.60000e+00  3.60000e+00       2.462e+09 -2.621497e-02  0.000000e+00 -2.992956e-01  9.737850e-01
 6.30000e+00  3.60000e+00       8.567e+08 -4.186625e-01  0.000000e+00 -2.364573e-01  5.813375e-01
 7.00000e+00  3.60000e+00       3.579e+08 -7.105083e-01  0.000000e+00  2.636669e-02  2.894917e-01
-7.00000e+00  4.00000e+00       2.707e+08 -7.299579e-01  0.000000e+00  7.738260e-02  2.700421e-01
-6.30000e+00  4.00000e+00       6.179e+08 -4.392848e-01  0.000000e+00  2.916639e-01  5.607152e-01
-5.60000e+00  4.00000e+00       1.568e+09  2.165396e-03  0.000000e+00  3.825179e-01  9.978346e-01
-4.90000e+00  4.00000e+00       1.963e+09 -2.655597e-01  0.000000e+00  6.557125e-01  7.344403e-01
-4.20000e+00  4.00000e+00       8.230e+09  5.863043e-01  0.000000e+00  2.149676e-01  4.136957e-01
-3.50000e+00  4.00000e+00       1.912e+10  6.956478e-01  0.000000e+00  1.014041e-01  3.043522e-01
-2.80000e+00  4.00000e+00       1.414e+10  1.976491e-01  0.000000e+00 -4.285943e-02  8.023509e-01
-2.10000e+00  4.00000e+00       5.979e+09 -5.123431e-01  0.000000e+00 -2.094714e+00  4.876569e-01
-1.40000e+00  4.00000e+00       2.929e+10  9.995128e-01  0.000000e+00 -1.228466e+00  4.872304e-04
-7.00000e-01  4.00000e+00       1.936e+11  7.064974e-01  0.000000e+00 -2.469220e-01  2.935026e-01
 0.00000e+00  4.00000e+00       3.414e+11  6.361178e-01  0.000000e+00  2.852747e-16  3.638822e-01
 7.00000e-01  4.00000e+00       1.936e+11  7.064974e-01  0.000000e+00  2.469220e-01  2.935026e-01
 1.40000e+00  4.00000e+00       2.929e+10  9.995128e-01  0.000000e+00  1.228466e+00  4.872304e-04
 2.10000e+00  4.00000e+00       5.979e+09 -5.123431e-01  0.000000e+00  2.094714e+00  4.876569e-01
 2.80000e+00  4.00000e+00       1.414e+10  1.976491e-01  0.000000e+00  4.285943e-02  8.023509e-01
 3.50000e+00  4.00000e+00       1.912e+10  6.956478e-01  0.000000e+00 -1.014041e-01  3.043522e-01
 4.20000e+00  4.00000e+00       8.230e+09  5.863043e-01  0.000000e+00 -2.149676e-01  4.136957e-01
 4.90000e+00  4.00000e+00       1.963e+09 -2.655597e-01  0.000000e+00 -6.557125e-01  7.344403e-01
 5.60000e+00  4.00000e+00       1.568e+09  2.165396e-03  0.000000e+00 -3.825179e-01  9.978346e-01
 6.30000e+00  4.00000e+00       6.179e+08 -4.392848e-01  0.000000e+00 -2.916639e-01  5.607152e-01
 7.00000e+00  4.00000e+00       2.707e+08 -7.299579e-01  0.000000e+00 -7.738260e-02  2.700421e-01
