 EB(GeV)    EMITTANCEx EMITTANCEy SIZEx(m)   SIZEy(m)   DIVx(rad)  DIVy(rad)
 2.411e+00  5.499e-09  1.017e-12  8.711e-05  1.009e-06  6.313e-05  1.009e-06
 betax      alphax     betay      alphay     eta        deta       E_spread  
 1.380e+00  0.000e+00  1.000e+00  0.000e+00  0.000e+00  0.000e+00  8.600e-04
 Ibeam(A)   period(cm) #periods   Kx         Ky         Energy(eV)
 4.005e-01  1.900e+00         96  0.000e+00  1.780e+00  2.864e+03


           x            y       F.Density            PL            PC          PL45        1-|PL|
          mm           mm  ph/s/mr^2/0.1%             -             -             -             -
-7.00000e+00 -4.00000e+00       3.520e+10  6.051526e-01  0.000000e+00  5.092833e-01  3.948474e-01
-6.30000e+00 -4.00000e+00       1.699e+11  3.170197e-01  0.000000e+00  7.302031e-01  6.829803e-01
-5.60000e+00 -4.00000e+00       6.359e+11 -1.583895e-01  0.000000e+00  6.906620e-01  8.416105e-01
-4.90000e+00 -4.00000e+00       1.942e+12 -5.175873e-01  0.000000e+00  2.401470e-01  4.824127e-01
-4.20000e+00 -4.00000e+00       5.176e+12 -3.474537e-01  0.000000e+00 -3.554700e-01  6.525463e-01
-3.50000e+00 -4.00000e+00       1.190e+13  1.683171e-01  0.000000e+00 -4.637110e-01  8.316829e-01
-2.80000e+00 -4.00000e+00       2.198e+13  4.535035e-01  0.000000e+00  9.848342e-02  5.464965e-01
-2.10000e+00 -4.00000e+00       2.666e+13  4.893700e-01  0.000000e+00  6.185587e-01  5.106300e-01
-1.40000e+00 -4.00000e+00       1.449e+13  4.475162e-01  0.000000e+00  7.462375e-01  5.524838e-01
-7.00000e-01 -4.00000e+00       5.623e+12  2.336476e-01  0.000000e+00  3.728389e-01  7.663524e-01
 0.00000e+00 -4.00000e+00       5.479e+12  8.968892e-02  0.000000e+00 -2.157444e-15  9.103111e-01
 7.00000e-01 -4.00000e+00       5.623e+12  2.336476e-01  0.000000e+00 -3.728389e-01  7.663524e-01
 1.40000e+00 -4.00000e+00       1.449e+13  4.475162e-01  0.000000e+00 -7.462375e-01  5.524838e-01
 2.10000e+00 -4.00000e+00       2.666e+13  4.893700e-01  0.000000e+00 -6.185587e-01  5.106300e-01
 2.80000e+00 -4.00000e+00       2.198e+13  4.535035e-01  0.000000e+00 -9.848342e-02  5.464965e-01
 3.50000e+00 -4.00000e+00       1.190e+13  1.683171e-01  0.000000e+00  4.637110e-01  8.316829e-01
 4.20000e+00 -4.00000e+00       5.176e+12 -3.474537e-01  0.000000e+00  3.554700e-01  6.525463e-01
 4.90000e+00 -4.00000e+00       1.942e+12 -5.175873e-01  0.000000e+00 -2.401470e-01  4.824127e-01
 5.60000e+00 -4.00000e+00       6.359e+11 -1.583895e-01  0.000000e+00 -6.906620e-01  8.416105e-01
 6.30000e+00 -4.00000e+00       1.699e+11  3.170197e-01  0.000000e+00 -7.302031e-01  6.829803e-01
 7.00000e+00 -4.00000e+00       3.520e+10  6.051526e-01  0.000000e+00 -5.092833e-01  3.948474e-01
-7.00000e+00 -3.60000e+00       2.137e+11  9.039443e-01  0.000000e+00 -1.443252e-01  9.605570e-02
-6.30000e+00 -3.60000e+00       1.048e+12  8.853271e-01  0.000000e+00  1.756765e-01  1.146729e-01
-5.60000e+00 -3.60000e+00       3.763e+12  6.864830e-01  0.000000e+00  5.067242e-01  3.135170e-01
-4.90000e+00 -3.60000e+00       1.011e+13  2.585372e-01  0.000000e+00  6.987906e-01  7.414628e-01
-4.20000e+00 -3.60000e+00       2.187e+13 -2.587271e-01  0.000000e+00  4.757477e-01  7.412729e-01
-3.50000e+00 -3.60000e+00       4.292e+13 -3.703841e-01  0.000000e+00 -1.488294e-01  6.296159e-01
-2.80000e+00 -3.60000e+00       8.026e+13  8.563354e-02  0.000000e+00 -2.472616e-01  9.143665e-01
-2.10000e+00 -3.60000e+00       1.388e+14  5.940791e-01  0.000000e+00  2.751677e-01  4.059209e-01
-1.40000e+00 -3.60000e+00       1.334e+14  7.598701e-01  0.000000e+00  5.165209e-01  2.401299e-01
-7.00000e-01 -3.60000e+00       4.645e+13  7.789286e-01  0.000000e+00  5.390277e-01  2.210714e-01
 0.00000e+00 -3.60000e+00       1.195e+13  7.458452e-01  0.000000e+00  9.018657e-16  2.541548e-01
 7.00000e-01 -3.60000e+00       4.645e+13  7.789286e-01  0.000000e+00 -5.390277e-01  2.210714e-01
 1.40000e+00 -3.60000e+00       1.334e+14  7.598701e-01  0.000000e+00 -5.165209e-01  2.401299e-01
 2.10000e+00 -3.60000e+00       1.388e+14  5.940791e-01  0.000000e+00 -2.751677e-01  4.059209e-01
 2.80000e+00 -3.60000e+00       8.026e+13  8.563354e-02  0.000000e+00  2.472616e-01  9.143665e-01
 3.50000e+00 -3.60000e+00       4.292e+13 -3.703841e-01  0.000000e+00  1.488294e-01  6.296159e-01
 4.20000e+00 -3.60000e+00       2.187e+13 -2.587271e-01  0.000000e+00 -4.757477e-01  7.412729e-01
 4.90000e+00 -3.60000e+00       1.011e+13  2.585372e-01  0.000000e+00 -6.987906e-01  7.414628e-01
 5.60000e+00 -3.60000e+00       3.763e+12  6.864830e-01  0.000000e+00 -5.067242e-01  3.135170e-01
 6.30000e+00 -3.60000e+00       1.048e+12  8.853271e-01  0.000000e+00 -1.756765e-01  1.146729e-01
 7.00000e+00 -3.60000e+00       2.137e+11  9.039443e-01  0.000000e+00  1.443252e-01  9.605570e-02
-7.00000e+00 -3.20000e+00       9.446e+11  6.712291e-01  0.000000e+00 -6.739733e-01  3.287709e-01
-6.30000e+00 -3.20000e+00       4.670e+12  8.295047e-01  0.000000e+00 -4.434285e-01  1.704953e-01
-5.60000e+00 -3.20000e+00       1.696e+13  9.075216e-01  0.000000e+00 -1.298678e-01  9.247842e-02
-4.90000e+00 -3.20000e+00       4.548e+13  8.337056e-01  0.000000e+00  2.423378e-01  1.662944e-01
-4.20000e+00 -3.20000e+00       9.119e+13  5.148023e-01  0.000000e+00  5.606907e-01  4.851977e-01
-3.50000e+00 -3.20000e+00       1.467e+14 -2.363754e-02  0.000000e+00  4.914327e-01  9.763625e-01
-2.80000e+00 -3.20000e+00       2.116e+14 -4.120668e-01  0.000000e+00 -4.975442e-02  5.879332e-01
-2.10000e+00 -3.20000e+00       3.184e+14 -1.755644e-01  0.000000e+00  1.498719e-01  8.244356e-01
-1.40000e+00 -3.20000e+00       6.331e+14  2.117332e-01  0.000000e+00  7.897230e-01  7.882668e-01
-7.00000e-01 -3.20000e+00       6.979e+14  2.750276e-01  0.000000e+00  8.553937e-01  7.249724e-01
 0.00000e+00 -3.20000e+00       4.679e+14  2.746298e-01  0.000000e+00 -2.351192e-15  7.253702e-01
 7.00000e-01 -3.20000e+00       6.979e+14  2.750276e-01  0.000000e+00 -8.553937e-01  7.249724e-01
 1.40000e+00 -3.20000e+00       6.331e+14  2.117332e-01  0.000000e+00 -7.897230e-01  7.882668e-01
 2.10000e+00 -3.20000e+00       3.184e+14 -1.755644e-01  0.000000e+00 -1.498719e-01  8.244356e-01
 2.80000e+00 -3.20000e+00       2.116e+14 -4.120668e-01  0.000000e+00  4.975442e-02  5.879332e-01
 3.50000e+00 -3.20000e+00       1.467e+14 -2.363754e-02  0.000000e+00 -4.914327e-01  9.763625e-01
 4.20000e+00 -3.20000e+00       9.119e+13  5.148023e-01  0.000000e+00 -5.606907e-01  4.851977e-01
 4.90000e+00 -3.20000e+00       4.548e+13  8.337056e-01  0.000000e+00 -2.423378e-01  1.662944e-01
 5.60000e+00 -3.20000e+00       1.696e+13  9.075216e-01  0.000000e+00  1.298678e-01  9.247842e-02
 6.30000e+00 -3.20000e+00       4.670e+12  8.295047e-01  0.000000e+00  4.434285e-01  1.704953e-01
 7.00000e+00 -3.20000e+00       9.446e+11  6.712291e-01  0.000000e+00  6.739733e-01  3.287709e-01
-7.00000e+00 -2.80000e+00       2.972e+12  2.495894e-01  0.000000e+00 -9.281795e-01  7.504106e-01
-6.30000e+00 -2.80000e+00       1.458e+13  4.885468e-01  0.000000e+00 -8.179135e-01  5.114532e-01
-5.60000e+00 -2.80000e+00       5.359e+13  7.067737e-01  0.000000e+00 -6.181169e-01  2.932263e-01
-4.90000e+00 -2.80000e+00       1.483e+14  8.580006e-01  0.000000e+00 -3.194100e-01  1.419994e-01
-4.20000e+00 -2.80000e+00       3.078e+14  8.660110e-01  0.000000e+00  6.434352e-02  1.339890e-01
-3.50000e+00 -2.80000e+00       4.805e+14  6.328120e-01  0.000000e+00  4.280473e-01  3.671880e-01
-2.80000e+00 -2.80000e+00       6.140e+14  1.324361e-01  0.000000e+00  3.208929e-01  8.675639e-01
-2.10000e+00 -2.80000e+00       7.121e+14 -3.689432e-01  0.000000e+00 -3.384423e-01  6.310568e-01
-1.40000e+00 -2.80000e+00       4.930e+14 -5.483582e-01  0.000000e+00 -6.786219e-01  4.516418e-01
-7.00000e-01 -2.80000e+00       1.315e+14 -5.297402e-01  0.000000e+00 -7.081405e-01  4.702598e-01
 0.00000e+00 -2.80000e+00       3.111e+13 -2.409142e-01  0.000000e+00 -1.888027e-14  7.590858e-01
 7.00000e-01 -2.80000e+00       1.315e+14 -5.297402e-01  0.000000e+00  7.081405e-01  4.702598e-01
 1.40000e+00 -2.80000e+00       4.930e+14 -5.483582e-01  0.000000e+00  6.786219e-01  4.516418e-01
 2.10000e+00 -2.80000e+00       7.121e+14 -3.689432e-01  0.000000e+00  3.384423e-01  6.310568e-01
 2.80000e+00 -2.80000e+00       6.140e+14  1.324361e-01  0.000000e+00 -3.208929e-01  8.675639e-01
 3.50000e+00 -2.80000e+00       4.805e+14  6.328120e-01  0.000000e+00 -4.280473e-01  3.671880e-01
 4.20000e+00 -2.80000e+00       3.078e+14  8.660110e-01  0.000000e+00 -6.434352e-02  1.339890e-01
 4.90000e+00 -2.80000e+00       1.483e+14  8.580006e-01  0.000000e+00  3.194100e-01  1.419994e-01
 5.60000e+00 -2.80000e+00       5.359e+13  7.067737e-01  0.000000e+00  6.181169e-01  2.932263e-01
 6.30000e+00 -2.80000e+00       1.458e+13  4.885468e-01  0.000000e+00  8.179135e-01  5.114532e-01
 7.00000e+00 -2.80000e+00       2.972e+12  2.495894e-01  0.000000e+00  9.281795e-01  7.504106e-01
-7.00000e+00 -2.40000e+00       6.828e+12 -1.927116e-01  0.000000e+00 -9.422410e-01  8.072884e-01
-6.30000e+00 -2.40000e+00       3.275e+13  7.392476e-02  0.000000e+00 -9.509090e-01  9.260752e-01
-5.60000e+00 -2.40000e+00       1.201e+14  3.589637e-01  0.000000e+00 -8.727095e-01  6.410363e-01
-4.90000e+00 -2.40000e+00       3.409e+14  6.260864e-01  0.000000e+00 -6.878248e-01  3.739136e-01
-4.20000e+00 -2.40000e+00       7.482e+14  8.200758e-01  0.000000e+00 -3.903286e-01  1.799242e-01
-3.50000e+00 -2.40000e+00       1.241e+15  8.553832e-01  0.000000e+00  5.009768e-03  1.446168e-01
-2.80000e+00 -2.40000e+00       1.563e+15  6.835064e-01  0.000000e+00  4.178874e-01  3.164936e-01
-2.10000e+00 -2.40000e+00       1.912e+15  5.910634e-01  0.000000e+00  1.865306e-01  4.089366e-01
-1.40000e+00 -2.40000e+00       3.584e+15  7.081616e-01  0.000000e+00 -4.977702e-01  2.918384e-01
-7.00000e-01 -2.40000e+00       4.213e+15  7.427936e-01  0.000000e+00 -5.825377e-01  2.572064e-01
 0.00000e+00 -2.40000e+00       3.011e+15  7.476213e-01  0.000000e+00 -5.288612e-15  2.523787e-01
 7.00000e-01 -2.40000e+00       4.213e+15  7.427936e-01  0.000000e+00  5.825377e-01  2.572064e-01
 1.40000e+00 -2.40000e+00       3.584e+15  7.081616e-01  0.000000e+00  4.977702e-01  2.918384e-01
 2.10000e+00 -2.40000e+00       1.912e+15  5.910634e-01  0.000000e+00 -1.865306e-01  4.089366e-01
 2.80000e+00 -2.40000e+00       1.563e+15  6.835064e-01  0.000000e+00 -4.178874e-01  3.164936e-01
 3.50000e+00 -2.40000e+00       1.241e+15  8.553832e-01  0.000000e+00 -5.009768e-03  1.446168e-01
 4.20000e+00 -2.40000e+00       7.482e+14  8.200758e-01  0.000000e+00  3.903286e-01  1.799242e-01
 4.90000e+00 -2.40000e+00       3.409e+14  6.260864e-01  0.000000e+00  6.878248e-01  3.739136e-01
 5.60000e+00 -2.40000e+00       1.201e+14  3.589637e-01  0.000000e+00  8.727095e-01  6.410363e-01
 6.30000e+00 -2.40000e+00       3.275e+13  7.392476e-02  0.000000e+00  9.509090e-01  9.260752e-01
 7.00000e+00 -2.40000e+00       6.828e+12 -1.927116e-01  0.000000e+00  9.422410e-01  8.072884e-01
-7.00000e+00 -2.00000e+00       1.178e+13 -5.746329e-01  0.000000e+00 -7.645964e-01  4.253671e-01
-6.30000e+00 -2.00000e+00       5.449e+13 -3.166061e-01  0.000000e+00 -8.924239e-01  6.833939e-01
-5.60000e+00 -2.00000e+00       1.968e+14 -1.526565e-03  0.000000e+00 -9.373140e-01  9.984734e-01
-4.90000e+00 -2.00000e+00       5.673e+14  3.337627e-01  0.000000e+00 -8.663844e-01  6.662373e-01
-4.20000e+00 -2.00000e+00       1.311e+15  6.328023e-01  0.000000e+00 -6.654829e-01  3.671977e-01
-3.50000e+00 -2.00000e+00       2.381e+15  8.321287e-01  0.000000e+00 -3.534087e-01  1.678713e-01
-2.80000e+00 -2.00000e+00       3.147e+15  8.150968e-01  0.000000e+00  8.339568e-03  1.849032e-01
-2.10000e+00 -2.00000e+00       3.043e+15  3.878277e-01  0.000000e+00  4.856627e-01  6.121723e-01
-1.40000e+00 -2.00000e+00       2.217e+15 -4.693155e-02  0.000000e+00  8.414515e-01  9.530685e-01
-7.00000e-01 -2.00000e+00       7.676e+14 -1.557530e-01  0.000000e+00  8.985940e-01  8.442470e-01
 0.00000e+00 -2.00000e+00       1.997e+14 -4.824610e-02  0.000000e+00 -1.018821e-14  9.517539e-01
 7.00000e-01 -2.00000e+00       7.676e+14 -1.557530e-01  0.000000e+00 -8.985940e-01  8.442470e-01
 1.40000e+00 -2.00000e+00       2.217e+15 -4.693155e-02  0.000000e+00 -8.414515e-01  9.530685e-01
 2.10000e+00 -2.00000e+00       3.043e+15  3.878277e-01  0.000000e+00 -4.856627e-01  6.121723e-01
 2.80000e+00 -2.00000e+00       3.147e+15  8.150968e-01  0.000000e+00 -8.339568e-03  1.849032e-01
 3.50000e+00 -2.00000e+00       2.381e+15  8.321287e-01  0.000000e+00  3.534087e-01  1.678713e-01
 4.20000e+00 -2.00000e+00       1.311e+15  6.328023e-01  0.000000e+00  6.654829e-01  3.671977e-01
 4.90000e+00 -2.00000e+00       5.673e+14  3.337627e-01  0.000000e+00  8.663844e-01  6.662373e-01
 5.60000e+00 -2.00000e+00       1.968e+14 -1.526565e-03  0.000000e+00  9.373140e-01  9.984734e-01
 6.30000e+00 -2.00000e+00       5.449e+13 -3.166061e-01  0.000000e+00  8.924239e-01  6.833939e-01
 7.00000e+00 -2.00000e+00       1.178e+13 -5.746329e-01  0.000000e+00  7.645964e-01  4.253671e-01
-7.00000e+00 -1.60000e+00       1.554e+13 -8.414349e-01  0.000000e+00 -4.293666e-01  1.585651e-01
-6.30000e+00 -1.60000e+00       6.836e+13 -6.319957e-01  0.000000e+00 -6.818668e-01  3.680043e-01
-5.60000e+00 -1.60000e+00       2.409e+14 -3.122842e-01  0.000000e+00 -8.627824e-01  6.877158e-01
-4.90000e+00 -1.60000e+00       7.021e+14  7.437306e-02  0.000000e+00 -9.095719e-01  9.256269e-01
-4.20000e+00 -1.60000e+00       1.708e+15  4.484401e-01  0.000000e+00 -7.963267e-01  5.515599e-01
-3.50000e+00 -1.60000e+00       3.376e+15  7.295042e-01  0.000000e+00 -5.464825e-01  2.704958e-01
-2.80000e+00 -1.60000e+00       5.269e+15  8.830564e-01  0.000000e+00 -1.743388e-01  1.169436e-01
-2.10000e+00 -1.60000e+00       5.948e+15  9.389499e-01  0.000000e+00  1.407583e-01  6.105007e-02
-1.40000e+00 -1.60000e+00       3.238e+15  9.475124e-01  0.000000e+00  2.481950e-01  5.248764e-02
-7.00000e-01 -1.60000e+00       7.881e+14  9.075863e-01  0.000000e+00  1.564000e-01  9.241374e-02
 0.00000e+00 -1.60000e+00       3.894e+14  8.320453e-01  0.000000e+00 -2.475907e-15  1.679547e-01
 7.00000e-01 -1.60000e+00       7.881e+14  9.075863e-01  0.000000e+00 -1.564000e-01  9.241374e-02
 1.40000e+00 -1.60000e+00       3.238e+15  9.475124e-01  0.000000e+00 -2.481950e-01  5.248764e-02
 2.10000e+00 -1.60000e+00       5.948e+15  9.389499e-01  0.000000e+00 -1.407583e-01  6.105007e-02
 2.80000e+00 -1.60000e+00       5.269e+15  8.830564e-01  0.000000e+00  1.743388e-01  1.169436e-01
 3.50000e+00 -1.60000e+00       3.376e+15  7.295042e-01  0.000000e+00  5.464825e-01  2.704958e-01
 4.20000e+00 -1.60000e+00       1.708e+15  4.484401e-01  0.000000e+00  7.963267e-01  5.515599e-01
 4.90000e+00 -1.60000e+00       7.021e+14  7.437306e-02  0.000000e+00  9.095719e-01  9.256269e-01
 5.60000e+00 -1.60000e+00       2.409e+14 -3.122842e-01  0.000000e+00  8.627824e-01  6.877158e-01
 6.30000e+00 -1.60000e+00       6.836e+13 -6.319957e-01  0.000000e+00  6.818668e-01  3.680043e-01
 7.00000e+00 -1.60000e+00       1.554e+13 -8.414349e-01  0.000000e+00  4.293666e-01  1.585651e-01
-7.00000e+00 -1.20000e+00       1.579e+13 -9.227923e-01  0.000000e+00  3.918433e-02  7.720768e-02
-6.30000e+00 -1.20000e+00       6.456e+13 -8.256562e-01  0.000000e+00 -3.394096e-01  1.743438e-01
-5.60000e+00 -1.20000e+00       2.195e+14 -5.343710e-01  0.000000e+00 -6.874723e-01  4.656290e-01
-4.90000e+00 -1.20000e+00       6.523e+14 -9.412974e-02  0.000000e+00 -8.692661e-01  9.058703e-01
-4.20000e+00 -1.20000e+00       1.707e+15  3.511886e-01  0.000000e+00 -8.258345e-01  6.488114e-01
-3.50000e+00 -1.20000e+00       3.802e+15  6.858502e-01  0.000000e+00 -6.115923e-01  3.141498e-01
-2.80000e+00 -1.20000e+00       6.673e+15  8.762210e-01  0.000000e+00 -3.572663e-01  1.237790e-01
-2.10000e+00 -1.20000e+00       6.954e+15  8.508086e-01  0.000000e+00 -2.026856e-01  1.491914e-01
-1.40000e+00 -1.20000e+00       4.585e+15  1.164215e-01  0.000000e+00 -1.678877e-02  8.835785e-01
-7.00000e-01 -1.20000e+00       3.969e+15 -6.871111e-01  0.000000e+00  1.095183e-01  3.128889e-01
 0.00000e+00 -1.20000e+00       3.425e+15 -7.359197e-01  0.000000e+00 -2.389447e-15  2.640803e-01
 7.00000e-01 -1.20000e+00       3.969e+15 -6.871111e-01  0.000000e+00 -1.095183e-01  3.128889e-01
 1.40000e+00 -1.20000e+00       4.585e+15  1.164215e-01  0.000000e+00  1.678877e-02  8.835785e-01
 2.10000e+00 -1.20000e+00       6.954e+15  8.508086e-01  0.000000e+00  2.026856e-01  1.491914e-01
 2.80000e+00 -1.20000e+00       6.673e+15  8.762210e-01  0.000000e+00  3.572663e-01  1.237790e-01
 3.50000e+00 -1.20000e+00       3.802e+15  6.858502e-01  0.000000e+00  6.115923e-01  3.141498e-01
 4.20000e+00 -1.20000e+00       1.707e+15  3.511886e-01  0.000000e+00  8.258345e-01  6.488114e-01
 4.90000e+00 -1.20000e+00       6.523e+14 -9.412974e-02  0.000000e+00  8.692661e-01  9.058703e-01
 5.60000e+00 -1.20000e+00       2.195e+14 -5.343710e-01  0.000000e+00  6.874723e-01  4.656290e-01
 6.30000e+00 -1.20000e+00       6.456e+13 -8.256562e-01  0.000000e+00  3.394096e-01  1.743438e-01
 7.00000e+00 -1.20000e+00       1.579e+13 -9.227923e-01  0.000000e+00 -3.918433e-02  7.720768e-02
-7.00000e+00 -8.00000e-01       1.237e+13 -6.741565e-01  0.000000e+00  5.873001e-01  3.258435e-01
-6.30000e+00 -8.00000e-01       4.437e+13 -7.979713e-01  0.000000e+00  1.337570e-01  2.020287e-01
-5.60000e+00 -8.00000e-01       1.420e+14 -6.033291e-01  0.000000e+00 -4.365966e-01  3.966709e-01
-4.90000e+00 -8.00000e-01       4.487e+14 -8.838625e-02  0.000000e+00 -7.876282e-01  9.116137e-01
-4.20000e+00 -8.00000e-01       1.357e+15  4.217306e-01  0.000000e+00 -7.725512e-01  5.782694e-01
-3.50000e+00 -8.00000e-01       3.539e+15  7.427049e-01  0.000000e+00 -5.688581e-01  2.572951e-01
-2.80000e+00 -8.00000e-01       6.759e+15  8.884864e-01  0.000000e+00 -3.540332e-01  1.115136e-01
-2.10000e+00 -8.00000e-01       8.785e+15  9.184069e-01  0.000000e+00 -2.635467e-02  8.159310e-02
-1.40000e+00 -8.00000e-01       1.061e+16  9.006594e-01  0.000000e+00  3.361651e-01  9.934058e-02
-7.00000e-01 -8.00000e-01       7.381e+15  8.925578e-01  0.000000e+00  4.171763e-01  1.074422e-01
 0.00000e+00 -8.00000e-01       3.392e+15  8.898027e-01  0.000000e+00 -4.972859e-15  1.101973e-01
 7.00000e-01 -8.00000e-01       7.381e+15  8.925578e-01  0.000000e+00 -4.171763e-01  1.074422e-01
 1.40000e+00 -8.00000e-01       1.061e+16  9.006594e-01  0.000000e+00 -3.361651e-01  9.934058e-02
 2.10000e+00 -8.00000e-01       8.785e+15  9.184069e-01  0.000000e+00  2.635467e-02  8.159310e-02
 2.80000e+00 -8.00000e-01       6.759e+15  8.884864e-01  0.000000e+00  3.540332e-01  1.115136e-01
 3.50000e+00 -8.00000e-01       3.539e+15  7.427049e-01  0.000000e+00  5.688581e-01  2.572951e-01
 4.20000e+00 -8.00000e-01       1.357e+15  4.217306e-01  0.000000e+00  7.725512e-01  5.782694e-01
 4.90000e+00 -8.00000e-01       4.487e+14 -8.838625e-02  0.000000e+00  7.876282e-01  9.116137e-01
 5.60000e+00 -8.00000e-01       1.420e+14 -6.033291e-01  0.000000e+00  4.365966e-01  3.966709e-01
 6.30000e+00 -8.00000e-01       4.437e+13 -7.979713e-01  0.000000e+00 -1.337570e-01  2.020287e-01
 7.00000e+00 -8.00000e-01       1.237e+13 -6.741565e-01  0.000000e+00 -5.873001e-01  3.258435e-01
-7.00000e+00 -4.00000e-01       7.915e+12  1.607058e-01  0.000000e+00  8.917619e-01  8.392942e-01
-6.30000e+00 -4.00000e-01       2.119e+13 -1.987497e-01  0.000000e+00  6.515887e-01  8.012503e-01
-5.60000e+00 -4.00000e-01       5.792e+13 -2.481053e-01  0.000000e+00 -1.290132e-01  7.518947e-01
-4.90000e+00 -4.00000e-01       2.271e+14  3.146241e-01  0.000000e+00 -6.425337e-01  6.853759e-01
-4.20000e+00 -4.00000e-01       9.347e+14  7.285281e-01  0.000000e+00 -5.587092e-01  2.714719e-01
-3.50000e+00 -4.00000e-01       3.001e+15  8.981304e-01  0.000000e+00 -3.707878e-01  1.018696e-01
-2.80000e+00 -4.00000e-01       6.572e+15  9.598762e-01  0.000000e+00 -2.118834e-01  4.012376e-02
-2.10000e+00 -4.00000e-01       1.129e+16  9.852643e-01  0.000000e+00 -2.401354e-02  1.473573e-02
-1.40000e+00 -4.00000e-01       1.468e+16  9.933019e-01  0.000000e+00  7.668879e-02  6.698126e-03
-7.00000e-01 -4.00000e-01       7.927e+15  9.943851e-01  0.000000e+00  9.485486e-02  5.614908e-03
 0.00000e+00 -4.00000e-01       2.684e+15  9.937312e-01  0.000000e+00 -1.200627e-15  6.268816e-03
 7.00000e-01 -4.00000e-01       7.927e+15  9.943851e-01  0.000000e+00 -9.485486e-02  5.614908e-03
 1.40000e+00 -4.00000e-01       1.468e+16  9.933019e-01  0.000000e+00 -7.668879e-02  6.698126e-03
 2.10000e+00 -4.00000e-01       1.129e+16  9.852643e-01  0.000000e+00  2.401354e-02  1.473573e-02
 2.80000e+00 -4.00000e-01       6.572e+15  9.598762e-01  0.000000e+00  2.118834e-01  4.012376e-02
 3.50000e+00 -4.00000e-01       3.001e+15  8.981304e-01  0.000000e+00  3.707878e-01  1.018696e-01
 4.20000e+00 -4.00000e-01       9.347e+14  7.285281e-01  0.000000e+00  5.587092e-01  2.714719e-01
 4.90000e+00 -4.00000e-01       2.271e+14  3.146241e-01  0.000000e+00  6.425337e-01  6.853759e-01
 5.60000e+00 -4.00000e-01       5.792e+13 -2.481053e-01  0.000000e+00  1.290132e-01  7.518947e-01
 6.30000e+00 -4.00000e-01       2.119e+13 -1.987497e-01  0.000000e+00 -6.515887e-01  8.012503e-01
 7.00000e+00 -4.00000e-01       7.915e+12  1.607058e-01  0.000000e+00 -8.917619e-01  8.392942e-01
-7.00000e+00  0.00000e+00       5.899e+12  9.984337e-01  0.000000e+00 -6.791406e-10  1.566312e-03
-6.30000e+00  0.00000e+00       1.111e+13  9.967973e-01  0.000000e+00 -6.422427e-11  3.202723e-03
-5.60000e+00  0.00000e+00       2.207e+13  9.957596e-01  0.000000e+00  4.874567e-09  4.240356e-03
-4.90000e+00  0.00000e+00       1.328e+14  9.988306e-01  0.000000e+00  3.990720e-09  1.169404e-03
-4.20000e+00  0.00000e+00       7.511e+14  9.998897e-01  0.000000e+00  8.709375e-10  1.103298e-04
-3.50000e+00  0.00000e+00       2.747e+15  9.999759e-01  0.000000e+00 -4.961382e-10  2.412192e-05
-2.80000e+00  0.00000e+00       6.471e+15  9.999848e-01  0.000000e+00  2.233788e-10  1.516708e-05
-2.10000e+00  0.00000e+00       1.209e+16  9.999942e-01  0.000000e+00  1.481014e-09  5.786642e-06
-1.40000e+00  0.00000e+00       1.540e+16  9.999949e-01  0.000000e+00  1.468415e-09  5.100002e-06
-7.00000e-01  0.00000e+00       7.627e+15  9.999732e-01  0.000000e+00  1.246673e-09  2.676647e-05
 0.00000e+00  0.00000e+00       2.351e+15  9.997286e-01  0.000000e+00 -1.554601e-17  2.713848e-04
 7.00000e-01  0.00000e+00       7.627e+15  9.999732e-01  0.000000e+00 -1.246673e-09  2.676647e-05
 1.40000e+00  0.00000e+00       1.540e+16  9.999949e-01  0.000000e+00 -1.468415e-09  5.100002e-06
 2.10000e+00  0.00000e+00       1.209e+16  9.999942e-01  0.000000e+00 -1.481014e-09  5.786642e-06
 2.80000e+00  0.00000e+00       6.471e+15  9.999848e-01  0.000000e+00 -2.233786e-10  1.516708e-05
 3.50000e+00  0.00000e+00       2.747e+15  9.999759e-01  0.000000e+00  4.961385e-10  2.412192e-05
 4.20000e+00  0.00000e+00       7.511e+14  9.998897e-01  0.000000e+00 -8.709371e-10  1.103298e-04
 4.90000e+00  0.00000e+00       1.328e+14  9.988306e-01  0.000000e+00 -3.990719e-09  1.169404e-03
 5.60000e+00  0.00000e+00       2.207e+13  9.957596e-01  0.000000e+00 -4.874567e-09  4.240356e-03
 6.30000e+00  0.00000e+00       1.111e+13  9.967973e-01  0.000000e+00  6.422082e-11  3.202723e-03
 7.00000e+00  0.00000e+00       5.899e+12  9.984337e-01  0.000000e+00  6.791376e-10  1.566312e-03
-7.00000e+00  4.00000e-01       7.915e+12  1.607058e-01  0.000000e+00 -8.917619e-01  8.392942e-01
-6.30000e+00  4.00000e-01       2.119e+13 -1.987497e-01  0.000000e+00 -6.515887e-01  8.012503e-01
-5.60000e+00  4.00000e-01       5.792e+13 -2.481053e-01  0.000000e+00  1.290132e-01  7.518947e-01
-4.90000e+00  4.00000e-01       2.271e+14  3.146241e-01  0.000000e+00  6.425337e-01  6.853759e-01
-4.20000e+00  4.00000e-01       9.347e+14  7.285281e-01  0.000000e+00  5.587092e-01  2.714719e-01
-3.50000e+00  4.00000e-01       3.001e+15  8.981304e-01  0.000000e+00  3.707878e-01  1.018696e-01
-2.80000e+00  4.00000e-01       6.572e+15  9.598762e-01  0.000000e+00  2.118834e-01  4.012376e-02
-2.10000e+00  4.00000e-01       1.129e+16  9.852643e-01  0.000000e+00  2.401355e-02  1.473573e-02
-1.40000e+00  4.00000e-01       1.468e+16  9.933019e-01  0.000000e+00 -7.668878e-02  6.698126e-03
-7.00000e-01  4.00000e-01       7.927e+15  9.943851e-01  0.000000e+00 -9.485486e-02  5.614908e-03
 0.00000e+00  4.00000e-01       2.684e+15  9.937312e-01  0.000000e+00  1.197527e-15  6.268816e-03
 7.00000e-01  4.00000e-01       7.927e+15  9.943851e-01  0.000000e+00  9.485486e-02  5.614908e-03
 1.40000e+00  4.00000e-01       1.468e+16  9.933019e-01  0.000000e+00  7.668878e-02  6.698126e-03
 2.10000e+00  4.00000e-01       1.129e+16  9.852643e-01  0.000000e+00 -2.401355e-02  1.473573e-02
 2.80000e+00  4.00000e-01       6.572e+15  9.598762e-01  0.000000e+00 -2.118834e-01  4.012376e-02
 3.50000e+00  4.00000e-01       3.001e+15  8.981304e-01  0.000000e+00 -3.707878e-01  1.018696e-01
 4.20000e+00  4.00000e-01       9.347e+14  7.285281e-01  0.000000e+00 -5.587092e-01  2.714719e-01
 4.90000e+00  4.00000e-01       2.271e+14  3.146241e-01  0.000000e+00 -6.425337e-01  6.853759e-01
 5.60000e+00  4.00000e-01       5.792e+13 -2.481053e-01  0.000000e+00 -1.290132e-01  7.518947e-01
 6.30000e+00  4.00000e-01       2.119e+13 -1.987497e-01  0.000000e+00  6.515887e-01  8.012503e-01
 7.00000e+00  4.00000e-01       7.915e+12  1.607058e-01  0.000000e+00  8.917619e-01  8.392942e-01
-7.00000e+00  8.00000e-01       1.237e+13 -6.741565e-01  0.000000e+00 -5.873001e-01  3.258435e-01
-6.30000e+00  8.00000e-01       4.437e+13 -7.979713e-01  0.000000e+00 -1.337570e-01  2.020287e-01
-5.60000e+00  8.00000e-01       1.420e+14 -6.033291e-01  0.000000e+00  4.365966e-01  3.966709e-01
-4.90000e+00  8.00000e-01       4.487e+14 -8.838625e-02  0.000000e+00  7.876282e-01  9.116137e-01
-4.20000e+00  8.00000e-01       1.357e+15  4.217306e-01  0.000000e+00  7.725512e-01  5.782694e-01
-3.50000e+00  8.00000e-01       3.539e+15  7.427049e-01  0.000000e+00  5.688581e-01  2.572951e-01
-2.80000e+00  8.00000e-01       6.759e+15  8.884864e-01  0.000000e+00  3.540332e-01  1.115136e-01
-2.10000e+00  8.00000e-01       8.785e+15  9.184069e-01  0.000000e+00  2.635468e-02  8.159311e-02
-1.40000e+00  8.00000e-01       1.061e+16  9.006594e-01  0.000000e+00 -3.361651e-01  9.934058e-02
-7.00000e-01  8.00000e-01       7.381e+15  8.925578e-01  0.000000e+00 -4.171763e-01  1.074422e-01
 0.00000e+00  8.00000e-01       3.392e+15  8.898027e-01  0.000000e+00  6.613798e-15  1.101973e-01
 7.00000e-01  8.00000e-01       7.381e+15  8.925578e-01  0.000000e+00  4.171763e-01  1.074422e-01
 1.40000e+00  8.00000e-01       1.061e+16  9.006594e-01  0.000000e+00  3.361651e-01  9.934058e-02
 2.10000e+00  8.00000e-01       8.785e+15  9.184069e-01  0.000000e+00 -2.635468e-02  8.159311e-02
 2.80000e+00  8.00000e-01       6.759e+15  8.884864e-01  0.000000e+00 -3.540332e-01  1.115136e-01
 3.50000e+00  8.00000e-01       3.539e+15  7.427049e-01  0.000000e+00 -5.688581e-01  2.572951e-01
 4.20000e+00  8.00000e-01       1.357e+15  4.217306e-01  0.000000e+00 -7.725512e-01  5.782694e-01
 4.90000e+00  8.00000e-01       4.487e+14 -8.838625e-02  0.000000e+00 -7.876282e-01  9.116137e-01
 5.60000e+00  8.00000e-01       1.420e+14 -6.033291e-01  0.000000e+00 -4.365966e-01  3.966709e-01
 6.30000e+00  8.00000e-01       4.437e+13 -7.979713e-01  0.000000e+00  1.337570e-01  2.020287e-01
 7.00000e+00  8.00000e-01       1.237e+13 -6.741565e-01  0.000000e+00  5.873001e-01  3.258435e-01
-7.00000e+00  1.20000e+00       1.579e+13 -9.227923e-01  0.000000e+00 -3.918433e-02  7.720768e-02
-6.30000e+00  1.20000e+00       6.456e+13 -8.256562e-01  0.000000e+00  3.394096e-01  1.743438e-01
-5.60000e+00  1.20000e+00       2.195e+14 -5.343710e-01  0.000000e+00  6.874723e-01  4.656290e-01
-4.90000e+00  1.20000e+00       6.523e+14 -9.412974e-02  0.000000e+00  8.692661e-01  9.058703e-01
-4.20000e+00  1.20000e+00       1.707e+15  3.511886e-01  0.000000e+00  8.258345e-01  6.488114e-01
-3.50000e+00  1.20000e+00       3.802e+15  6.858502e-01  0.000000e+00  6.115923e-01  3.141498e-01
-2.80000e+00  1.20000e+00       6.673e+15  8.762210e-01  0.000000e+00  3.572663e-01  1.237790e-01
-2.10000e+00  1.20000e+00       6.954e+15  8.508086e-01  0.000000e+00  2.026856e-01  1.491914e-01
-1.40000e+00  1.20000e+00       4.585e+15  1.164215e-01  0.000000e+00  1.678878e-02  8.835785e-01
-7.00000e-01  1.20000e+00       3.969e+15 -6.871111e-01  0.000000e+00 -1.095183e-01  3.128889e-01
 0.00000e+00  1.20000e+00       3.425e+15 -7.359197e-01  0.000000e+00  1.349002e-15  2.640803e-01
 7.00000e-01  1.20000e+00       3.969e+15 -6.871111e-01  0.000000e+00  1.095183e-01  3.128889e-01
 1.40000e+00  1.20000e+00       4.585e+15  1.164215e-01  0.000000e+00 -1.678878e-02  8.835785e-01
 2.10000e+00  1.20000e+00       6.954e+15  8.508086e-01  0.000000e+00 -2.026856e-01  1.491914e-01
 2.80000e+00  1.20000e+00       6.673e+15  8.762210e-01  0.000000e+00 -3.572663e-01  1.237790e-01
 3.50000e+00  1.20000e+00       3.802e+15  6.858502e-01  0.000000e+00 -6.115923e-01  3.141498e-01
 4.20000e+00  1.20000e+00       1.707e+15  3.511886e-01  0.000000e+00 -8.258345e-01  6.488114e-01
 4.90000e+00  1.20000e+00       6.523e+14 -9.412974e-02  0.000000e+00 -8.692661e-01  9.058703e-01
 5.60000e+00  1.20000e+00       2.195e+14 -5.343710e-01  0.000000e+00 -6.874723e-01  4.656290e-01
 6.30000e+00  1.20000e+00       6.456e+13 -8.256562e-01  0.000000e+00 -3.394096e-01  1.743438e-01
 7.00000e+00  1.20000e+00       1.579e+13 -9.227923e-01  0.000000e+00  3.918433e-02  7.720768e-02
-7.00000e+00  1.60000e+00       1.554e+13 -8.414349e-01  0.000000e+00  4.293666e-01  1.585651e-01
-6.30000e+00  1.60000e+00       6.836e+13 -6.319957e-01  0.000000e+00  6.818668e-01  3.680043e-01
-5.60000e+00  1.60000e+00       2.409e+14 -3.122842e-01  0.000000e+00  8.627824e-01  6.877158e-01
-4.90000e+00  1.60000e+00       7.021e+14  7.437306e-02  0.000000e+00  9.095719e-01  9.256269e-01
-4.20000e+00  1.60000e+00       1.708e+15  4.484401e-01  0.000000e+00  7.963267e-01  5.515599e-01
-3.50000e+00  1.60000e+00       3.376e+15  7.295042e-01  0.000000e+00  5.464825e-01  2.704958e-01
-2.80000e+00  1.60000e+00       5.269e+15  8.830564e-01  0.000000e+00  1.743388e-01  1.169436e-01
-2.10000e+00  1.60000e+00       5.948e+15  9.389499e-01  0.000000e+00 -1.407582e-01  6.105008e-02
-1.40000e+00  1.60000e+00       3.238e+15  9.475124e-01  0.000000e+00 -2.481950e-01  5.248764e-02
-7.00000e-01  1.60000e+00       7.881e+14  9.075863e-01  0.000000e+00 -1.564000e-01  9.241374e-02
 0.00000e+00  1.60000e+00       3.894e+14  8.320453e-01  0.000000e+00  2.236227e-15  1.679547e-01
 7.00000e-01  1.60000e+00       7.881e+14  9.075863e-01  0.000000e+00  1.564000e-01  9.241374e-02
 1.40000e+00  1.60000e+00       3.238e+15  9.475124e-01  0.000000e+00  2.481950e-01  5.248764e-02
 2.10000e+00  1.60000e+00       5.948e+15  9.389499e-01  0.000000e+00  1.407582e-01  6.105008e-02
 2.80000e+00  1.60000e+00       5.269e+15  8.830564e-01  0.000000e+00 -1.743388e-01  1.169436e-01
 3.50000e+00  1.60000e+00       3.376e+15  7.295042e-01  0.000000e+00 -5.464825e-01  2.704958e-01
 4.20000e+00  1.60000e+00       1.708e+15  4.484401e-01  0.000000e+00 -7.963267e-01  5.515599e-01
 4.90000e+00  1.60000e+00       7.021e+14  7.437306e-02  0.000000e+00 -9.095719e-01  9.256269e-01
 5.60000e+00  1.60000e+00       2.409e+14 -3.122842e-01  0.000000e+00 -8.627824e-01  6.877158e-01
 6.30000e+00  1.60000e+00       6.836e+13 -6.319957e-01  0.000000e+00 -6.818668e-01  3.680043e-01
 7.00000e+00  1.60000e+00       1.554e+13 -8.414349e-01  0.000000e+00 -4.293666e-01  1.585651e-01
-7.00000e+00  2.00000e+00       1.178e+13 -5.746329e-01  0.000000e+00  7.645964e-01  4.253671e-01
-6.30000e+00  2.00000e+00       5.449e+13 -3.166061e-01  0.000000e+00  8.924239e-01  6.833939e-01
-5.60000e+00  2.00000e+00       1.968e+14 -1.526566e-03  0.000000e+00  9.373140e-01  9.984734e-01
-4.90000e+00  2.00000e+00       5.673e+14  3.337627e-01  0.000000e+00  8.663844e-01  6.662373e-01
-4.20000e+00  2.00000e+00       1.311e+15  6.328023e-01  0.000000e+00  6.654829e-01  3.671977e-01
-3.50000e+00  2.00000e+00       2.381e+15  8.321287e-01  0.000000e+00  3.534087e-01  1.678713e-01
-2.80000e+00  2.00000e+00       3.147e+15  8.150968e-01  0.000000e+00 -8.339566e-03  1.849032e-01
-2.10000e+00  2.00000e+00       3.043e+15  3.878277e-01  0.000000e+00 -4.856627e-01  6.121723e-01
-1.40000e+00  2.00000e+00       2.217e+15 -4.693155e-02  0.000000e+00 -8.414515e-01  9.530685e-01
-7.00000e-01  2.00000e+00       7.676e+14 -1.557530e-01  0.000000e+00 -8.985940e-01  8.442470e-01
 0.00000e+00  2.00000e+00       1.997e+14 -4.824610e-02  0.000000e+00  1.012872e-14  9.517539e-01
 7.00000e-01  2.00000e+00       7.676e+14 -1.557530e-01  0.000000e+00  8.985940e-01  8.442470e-01
 1.40000e+00  2.00000e+00       2.217e+15 -4.693155e-02  0.000000e+00  8.414515e-01  9.530685e-01
 2.10000e+00  2.00000e+00       3.043e+15  3.878277e-01  0.000000e+00  4.856627e-01  6.121723e-01
 2.80000e+00  2.00000e+00       3.147e+15  8.150968e-01  0.000000e+00  8.339566e-03  1.849032e-01
 3.50000e+00  2.00000e+00       2.381e+15  8.321287e-01  0.000000e+00 -3.534087e-01  1.678713e-01
 4.20000e+00  2.00000e+00       1.311e+15  6.328023e-01  0.000000e+00 -6.654829e-01  3.671977e-01
 4.90000e+00  2.00000e+00       5.673e+14  3.337627e-01  0.000000e+00 -8.663844e-01  6.662373e-01
 5.60000e+00  2.00000e+00       1.968e+14 -1.526566e-03  0.000000e+00 -9.373140e-01  9.984734e-01
 6.30000e+00  2.00000e+00       5.449e+13 -3.166061e-01  0.000000e+00 -8.924239e-01  6.833939e-01
 7.00000e+00  2.00000e+00       1.178e+13 -5.746329e-01  0.000000e+00 -7.645964e-01  4.253671e-01
-7.00000e+00  2.40000e+00       6.828e+12 -1.927116e-01  0.000000e+00  9.422410e-01  8.072884e-01
-6.30000e+00  2.40000e+00       3.275e+13  7.392476e-02  0.000000e+00  9.509090e-01  9.260752e-01
-5.60000e+00  2.40000e+00       1.201e+14  3.589637e-01  0.000000e+00  8.727095e-01  6.410363e-01
-4.90000e+00  2.40000e+00       3.409e+14  6.260864e-01  0.000000e+00  6.878248e-01  3.739136e-01
-4.20000e+00  2.40000e+00       7.482e+14  8.200758e-01  0.000000e+00  3.903286e-01  1.799242e-01
-3.50000e+00  2.40000e+00       1.241e+15  8.553832e-01  0.000000e+00 -5.009772e-03  1.446168e-01
-2.80000e+00  2.40000e+00       1.563e+15  6.835064e-01  0.000000e+00 -4.178874e-01  3.164936e-01
-2.10000e+00  2.40000e+00       1.912e+15  5.910634e-01  0.000000e+00 -1.865305e-01  4.089366e-01
-1.40000e+00  2.40000e+00       3.584e+15  7.081616e-01  0.000000e+00  4.977702e-01  2.918384e-01
-7.00000e-01  2.40000e+00       4.213e+15  7.427936e-01  0.000000e+00  5.825377e-01  2.572064e-01
 0.00000e+00  2.40000e+00       3.011e+15  7.476213e-01  0.000000e+00  5.286948e-15  2.523787e-01
 7.00000e-01  2.40000e+00       4.213e+15  7.427936e-01  0.000000e+00 -5.825377e-01  2.572064e-01
 1.40000e+00  2.40000e+00       3.584e+15  7.081616e-01  0.000000e+00 -4.977702e-01  2.918384e-01
 2.10000e+00  2.40000e+00       1.912e+15  5.910634e-01  0.000000e+00  1.865305e-01  4.089366e-01
 2.80000e+00  2.40000e+00       1.563e+15  6.835064e-01  0.000000e+00  4.178874e-01  3.164936e-01
 3.50000e+00  2.40000e+00       1.241e+15  8.553832e-01  0.000000e+00  5.009772e-03  1.446168e-01
 4.20000e+00  2.40000e+00       7.482e+14  8.200758e-01  0.000000e+00 -3.903286e-01  1.799242e-01
 4.90000e+00  2.40000e+00       3.409e+14  6.260864e-01  0.000000e+00 -6.878248e-01  3.739136e-01
 5.60000e+00  2.40000e+00       1.201e+14  3.589637e-01  0.000000e+00 -8.727095e-01  6.410363e-01
 6.30000e+00  2.40000e+00       3.275e+13  7.392476e-02  0.000000e+00 -9.509090e-01  9.260752e-01
 7.00000e+00  2.40000e+00       6.828e+12 -1.927116e-01  0.000000e+00 -9.422410e-01  8.072884e-01
-7.00000e+00  2.80000e+00       2.972e+12  2.495894e-01  0.000000e+00  9.281795e-01  7.504106e-01
-6.30000e+00  2.80000e+00       1.458e+13  4.885467e-01  0.000000e+00  8.179135e-01  5.114533e-01
-5.60000e+00  2.80000e+00       5.359e+13  7.067737e-01  0.000000e+00  6.181169e-01  2.932263e-01
-4.90000e+00  2.80000e+00       1.483e+14  8.580006e-01  0.000000e+00  3.194100e-01  1.419994e-01
-4.20000e+00  2.80000e+00       3.078e+14  8.660110e-01  0.000000e+00 -6.434351e-02  1.339890e-01
-3.50000e+00  2.80000e+00       4.805e+14  6.328120e-01  0.000000e+00 -4.280473e-01  3.671880e-01
-2.80000e+00  2.80000e+00       6.140e+14  1.324361e-01  0.000000e+00 -3.208928e-01  8.675639e-01
-2.10000e+00  2.80000e+00       7.121e+14 -3.689432e-01  0.000000e+00  3.384424e-01  6.310568e-01
-1.40000e+00  2.80000e+00       4.930e+14 -5.483582e-01  0.000000e+00  6.786221e-01  4.516418e-01
-7.00000e-01  2.80000e+00       1.315e+14 -5.297403e-01  0.000000e+00  7.081410e-01  4.702597e-01
 0.00000e+00  2.80000e+00       3.111e+13 -2.409142e-01  0.000000e+00  1.884907e-14  7.590858e-01
 7.00000e-01  2.80000e+00       1.315e+14 -5.297403e-01  0.000000e+00 -7.081410e-01  4.702597e-01
 1.40000e+00  2.80000e+00       4.930e+14 -5.483582e-01  0.000000e+00 -6.786221e-01  4.516418e-01
 2.10000e+00  2.80000e+00       7.121e+14 -3.689432e-01  0.000000e+00 -3.384424e-01  6.310568e-01
 2.80000e+00  2.80000e+00       6.140e+14  1.324361e-01  0.000000e+00  3.208928e-01  8.675639e-01
 3.50000e+00  2.80000e+00       4.805e+14  6.328120e-01  0.000000e+00  4.280473e-01  3.671880e-01
 4.20000e+00  2.80000e+00       3.078e+14  8.660110e-01  0.000000e+00  6.434351e-02  1.339890e-01
 4.90000e+00  2.80000e+00       1.483e+14  8.580006e-01  0.000000e+00 -3.194100e-01  1.419994e-01
 5.60000e+00  2.80000e+00       5.359e+13  7.067737e-01  0.000000e+00 -6.181169e-01  2.932263e-01
 6.30000e+00  2.80000e+00       1.458e+13  4.885467e-01  0.000000e+00 -8.179135e-01  5.114533e-01
 7.00000e+00  2.80000e+00       2.972e+12  2.495894e-01  0.000000e+00 -9.281795e-01  7.504106e-01
-7.00000e+00  3.20000e+00       9.446e+11  6.712290e-01  0.000000e+00  6.739732e-01  3.287710e-01
-6.30000e+00  3.20000e+00       4.670e+12  8.295046e-01  0.000000e+00  4.434285e-01  1.704954e-01
-5.60000e+00  3.20000e+00       1.696e+13  9.075215e-01  0.000000e+00  1.298679e-01  9.247853e-02
-4.90000e+00  3.20000e+00       4.548e+13  8.337056e-01  0.000000e+00 -2.423377e-01  1.662944e-01
-4.20000e+00  3.20000e+00       9.119e+13  5.148023e-01  0.000000e+00 -5.606905e-01  4.851977e-01
-3.50000e+00  3.20000e+00       1.467e+14 -2.363742e-02  0.000000e+00 -4.914327e-01  9.763626e-01
-2.80000e+00  3.20000e+00       2.116e+14 -4.120666e-01  0.000000e+00  4.975446e-02  5.879334e-01
-2.10000e+00  3.20000e+00       3.184e+14 -1.755643e-01  0.000000e+00 -1.498714e-01  8.244357e-01
-1.40000e+00  3.20000e+00       6.331e+14  2.117332e-01  0.000000e+00 -7.897227e-01  7.882668e-01
-7.00000e-01  3.20000e+00       6.979e+14  2.750276e-01  0.000000e+00 -8.553937e-01  7.249724e-01
 0.00000e+00  3.20000e+00       4.679e+14  2.746298e-01  0.000000e+00 -2.555325e-15  7.253702e-01
 7.00000e-01  3.20000e+00       6.979e+14  2.750276e-01  0.000000e+00  8.553937e-01  7.249724e-01
 1.40000e+00  3.20000e+00       6.331e+14  2.117332e-01  0.000000e+00  7.897227e-01  7.882668e-01
 2.10000e+00  3.20000e+00       3.184e+14 -1.755643e-01  0.000000e+00  1.498714e-01  8.244357e-01
 2.80000e+00  3.20000e+00       2.116e+14 -4.120666e-01  0.000000e+00 -4.975446e-02  5.879334e-01
 3.50000e+00  3.20000e+00       1.467e+14 -2.363742e-02  0.000000e+00  4.914327e-01  9.763626e-01
 4.20000e+00  3.20000e+00       9.119e+13  5.148023e-01  0.000000e+00  5.606905e-01  4.851977e-01
 4.90000e+00  3.20000e+00       4.548e+13  8.337056e-01  0.000000e+00  2.423377e-01  1.662944e-01
 5.60000e+00  3.20000e+00       1.696e+13  9.075215e-01  0.000000e+00 -1.298679e-01  9.247853e-02
 6.30000e+00  3.20000e+00       4.670e+12  8.295046e-01  0.000000e+00 -4.434285e-01  1.704954e-01
 7.00000e+00  3.20000e+00       9.446e+11  6.712290e-01  0.000000e+00 -6.739732e-01  3.287710e-01
-7.00000e+00  3.60000e+00       2.137e+11  9.039432e-01  0.000000e+00  1.443249e-01  9.605684e-02
-6.30000e+00  3.60000e+00       1.048e+12  8.853261e-01  0.000000e+00 -1.756763e-01  1.146739e-01
-5.60000e+00  3.60000e+00       3.763e+12  6.864821e-01  0.000000e+00 -5.067233e-01  3.135179e-01
-4.90000e+00  3.60000e+00       1.011e+13  2.585371e-01  0.000000e+00 -6.987890e-01  7.414629e-01
-4.20000e+00  3.60000e+00       2.187e+13 -2.587258e-01  0.000000e+00 -4.757466e-01  7.412742e-01
-3.50000e+00  3.60000e+00       4.292e+13 -3.703827e-01  0.000000e+00  1.488286e-01  6.296173e-01
-2.80000e+00  3.60000e+00       8.026e+13  8.563380e-02  0.000000e+00  2.472614e-01  9.143662e-01
-2.10000e+00  3.60000e+00       1.388e+14  5.940784e-01  0.000000e+00 -2.751656e-01  4.059216e-01
-1.40000e+00  3.60000e+00       1.334e+14  7.598697e-01  0.000000e+00 -5.165185e-01  2.401303e-01
-7.00000e-01  3.60000e+00       4.645e+13  7.789288e-01  0.000000e+00 -5.390255e-01  2.210712e-01
 0.00000e+00  3.60000e+00       1.195e+13  7.458457e-01  0.000000e+00 -4.400954e-15  2.541543e-01
 7.00000e-01  3.60000e+00       4.645e+13  7.789288e-01  0.000000e+00  5.390255e-01  2.210712e-01
 1.40000e+00  3.60000e+00       1.334e+14  7.598697e-01  0.000000e+00  5.165185e-01  2.401303e-01
 2.10000e+00  3.60000e+00       1.388e+14  5.940784e-01  0.000000e+00  2.751656e-01  4.059216e-01
 2.80000e+00  3.60000e+00       8.026e+13  8.563380e-02  0.000000e+00 -2.472614e-01  9.143662e-01
 3.50000e+00  3.60000e+00       4.292e+13 -3.703827e-01  0.000000e+00 -1.488286e-01  6.296173e-01
 4.20000e+00  3.60000e+00       2.187e+13 -2.587258e-01  0.000000e+00  4.757466e-01  7.412742e-01
 4.90000e+00  3.60000e+00       1.011e+13  2.585371e-01  0.000000e+00  6.987890e-01  7.414629e-01
 5.60000e+00  3.60000e+00       3.763e+12  6.864821e-01  0.000000e+00  5.067233e-01  3.135179e-01
 6.30000e+00  3.60000e+00       1.048e+12  8.853261e-01  0.000000e+00  1.756763e-01  1.146739e-01
 7.00000e+00  3.60000e+00       2.137e+11  9.039432e-01  0.000000e+00 -1.443249e-01  9.605684e-02
-7.00000e+00  4.00000e+00       3.520e+10  6.051345e-01  0.000000e+00 -5.092792e-01  3.948655e-01
-6.30000e+00  4.00000e+00       1.699e+11  3.170069e-01  0.000000e+00 -7.301924e-01  6.829931e-01
-5.60000e+00  4.00000e+00       6.359e+11 -1.583928e-01  0.000000e+00 -6.906435e-01  8.416072e-01
-4.90000e+00  4.00000e+00       1.942e+12 -5.175750e-01  0.000000e+00 -2.401311e-01  4.824250e-01
-4.20000e+00  4.00000e+00       5.176e+12 -3.474365e-01  0.000000e+00  3.554678e-01  6.525635e-01
-3.50000e+00  4.00000e+00       1.190e+13  1.683227e-01  0.000000e+00  4.636976e-01  8.316773e-01
-2.80000e+00  4.00000e+00       2.198e+13  4.534994e-01  0.000000e+00 -9.847927e-02  5.465006e-01
-2.10000e+00  4.00000e+00       2.666e+13  4.893613e-01  0.000000e+00 -6.185231e-01  5.106387e-01
-1.40000e+00  4.00000e+00       1.449e+13  4.475081e-01  0.000000e+00 -7.461779e-01  5.524919e-01
-7.00000e-01  4.00000e+00       5.623e+12  2.336461e-01  0.000000e+00 -3.727937e-01  7.663539e-01
 0.00000e+00  4.00000e+00       5.479e+12  8.968928e-02  0.000000e+00  1.561754e-15  9.103107e-01
 7.00000e-01  4.00000e+00       5.623e+12  2.336461e-01  0.000000e+00  3.727937e-01  7.663539e-01
 1.40000e+00  4.00000e+00       1.449e+13  4.475081e-01  0.000000e+00  7.461779e-01  5.524919e-01
 2.10000e+00  4.00000e+00       2.666e+13  4.893613e-01  0.000000e+00  6.185231e-01  5.106387e-01
 2.80000e+00  4.00000e+00       2.198e+13  4.534994e-01  0.000000e+00  9.847927e-02  5.465006e-01
 3.50000e+00  4.00000e+00       1.190e+13  1.683227e-01  0.000000e+00 -4.636976e-01  8.316773e-01
 4.20000e+00  4.00000e+00       5.176e+12 -3.474365e-01  0.000000e+00 -3.554678e-01  6.525635e-01
 4.90000e+00  4.00000e+00       1.942e+12 -5.175750e-01  0.000000e+00  2.401311e-01  4.824250e-01
 5.60000e+00  4.00000e+00       6.359e+11 -1.583928e-01  0.000000e+00  6.906435e-01  8.416072e-01
 6.30000e+00  4.00000e+00       1.699e+11  3.170069e-01  0.000000e+00  7.301924e-01  6.829931e-01
 7.00000e+00  4.00000e+00       3.520e+10  6.051345e-01  0.000000e+00  5.092792e-01  3.948655e-01
