 EB(GeV)    EMITTANCEx EMITTANCEy SIZEx(m)   SIZEy(m)   DIVx(rad)  DIVy(rad)
 2.411e+00  5.499e-09  1.017e-12  8.711e-05  1.009e-06  6.313e-05  1.009e-06
 betax      alphax     betay      alphay     eta        deta       E_spread  
 1.380e+00  0.000e+00  1.000e+00  0.000e+00  0.000e+00  0.000e+00  8.600e-04
 Ibeam(A)   period(cm) #periods   Kx         Ky         Energy(eV)
 4.005e-01  1.900e+00         96  0.000e+00  1.780e+00  2.457e+03


           x            y       F.Density            PL            PC          PL45        1-|PL|
          mm           mm  ph/s/mr^2/0.1%             -             -             -             -
-7.00000e+00 -4.00000e+00       1.854e+11  9.025056e-01  0.000000e+00  2.376518e-02  9.749438e-02
-6.30000e+00 -4.00000e+00       8.077e+11  8.227229e-01  0.000000e+00  3.453870e-01  1.772771e-01
-5.60000e+00 -4.00000e+00       2.603e+12  5.510312e-01  0.000000e+00  6.337110e-01  4.489688e-01
-4.90000e+00 -4.00000e+00       6.446e+12  6.299413e-02  0.000000e+00  7.199773e-01  9.370059e-01
-4.20000e+00 -4.00000e+00       1.363e+13 -4.203501e-01  0.000000e+00  3.560614e-01  5.796499e-01
-3.50000e+00 -4.00000e+00       2.712e+13 -3.461591e-01  0.000000e+00 -2.105755e-01  6.538409e-01
-2.80000e+00 -4.00000e+00       5.437e+13  3.946528e-01  0.000000e+00 -3.500349e-01  6.053472e-01
-2.10000e+00 -4.00000e+00       7.619e+13  8.283519e-01  0.000000e+00 -2.938529e-01  1.716481e-01
-1.40000e+00 -4.00000e+00       4.250e+13  9.004822e-01  0.000000e+00 -2.592026e-01  9.951783e-02
-7.00000e-01 -4.00000e+00       9.311e+12  6.831319e-01  0.000000e+00 -1.815214e-01  3.168681e-01
 0.00000e+00 -4.00000e+00       3.242e+12  1.842551e-01  0.000000e+00  3.064758e-15  8.157449e-01
 7.00000e-01 -4.00000e+00       9.311e+12  6.831319e-01  0.000000e+00  1.815214e-01  3.168681e-01
 1.40000e+00 -4.00000e+00       4.250e+13  9.004822e-01  0.000000e+00  2.592026e-01  9.951783e-02
 2.10000e+00 -4.00000e+00       7.619e+13  8.283519e-01  0.000000e+00  2.938529e-01  1.716481e-01
 2.80000e+00 -4.00000e+00       5.437e+13  3.946528e-01  0.000000e+00  3.500349e-01  6.053472e-01
 3.50000e+00 -4.00000e+00       2.712e+13 -3.461591e-01  0.000000e+00  2.105755e-01  6.538409e-01
 4.20000e+00 -4.00000e+00       1.363e+13 -4.203501e-01  0.000000e+00 -3.560614e-01  5.796499e-01
 4.90000e+00 -4.00000e+00       6.446e+12  6.299413e-02  0.000000e+00 -7.199773e-01  9.370059e-01
 5.60000e+00 -4.00000e+00       2.603e+12  5.510312e-01  0.000000e+00 -6.337110e-01  4.489688e-01
 6.30000e+00 -4.00000e+00       8.077e+11  8.227229e-01  0.000000e+00 -3.453870e-01  1.772771e-01
 7.00000e+00 -4.00000e+00       1.854e+11  9.025056e-01  0.000000e+00 -2.376518e-02  9.749438e-02
-7.00000e+00 -3.60000e+00       8.538e+11  7.636104e-01  0.000000e+00 -5.636311e-01  2.363896e-01
-6.30000e+00 -3.60000e+00       3.611e+12  8.838956e-01  0.000000e+00 -3.092116e-01  1.161044e-01
-5.60000e+00 -3.60000e+00       1.139e+13  9.063530e-01  0.000000e+00  3.021180e-02  9.364697e-02
-4.90000e+00 -3.60000e+00       2.782e+13  7.471318e-01  0.000000e+00  4.070405e-01  2.528682e-01
-4.20000e+00 -3.60000e+00       5.393e+13  3.289724e-01  0.000000e+00  6.488185e-01  6.710276e-01
-3.50000e+00 -3.60000e+00       8.790e+13 -2.615159e-01  0.000000e+00  4.671618e-01  7.384841e-01
-2.80000e+00 -3.60000e+00       1.379e+14 -2.660406e-01  0.000000e+00  8.280138e-02  7.339594e-01
-2.10000e+00 -3.60000e+00       2.834e+14  6.273220e-01  0.000000e+00 -2.013649e-02  3.726780e-01
-1.40000e+00 -3.60000e+00       4.209e+14  9.426266e-01  0.000000e+00 -8.829469e-03  5.737339e-02
-7.00000e-01 -3.60000e+00       2.248e+14  9.745101e-01  0.000000e+00  5.347255e-04  2.548990e-02
 0.00000e+00 -3.60000e+00       7.400e+13  9.484794e-01  0.000000e+00 -4.103242e-17  5.152061e-02
 7.00000e-01 -3.60000e+00       2.248e+14  9.745101e-01  0.000000e+00 -5.347255e-04  2.548990e-02
 1.40000e+00 -3.60000e+00       4.209e+14  9.426266e-01  0.000000e+00  8.829469e-03  5.737339e-02
 2.10000e+00 -3.60000e+00       2.834e+14  6.273220e-01  0.000000e+00  2.013649e-02  3.726780e-01
 2.80000e+00 -3.60000e+00       1.379e+14 -2.660406e-01  0.000000e+00 -8.280138e-02  7.339594e-01
 3.50000e+00 -3.60000e+00       8.790e+13 -2.615159e-01  0.000000e+00 -4.671618e-01  7.384841e-01
 4.20000e+00 -3.60000e+00       5.393e+13  3.289724e-01  0.000000e+00 -6.488185e-01  6.710276e-01
 4.90000e+00 -3.60000e+00       2.782e+13  7.471318e-01  0.000000e+00 -4.070405e-01  2.528682e-01
 5.60000e+00 -3.60000e+00       1.139e+13  9.063530e-01  0.000000e+00 -3.021180e-02  9.364697e-02
 6.30000e+00 -3.60000e+00       3.611e+12  8.838956e-01  0.000000e+00  3.092116e-01  1.161044e-01
 7.00000e+00 -3.60000e+00       8.538e+11  7.636104e-01  0.000000e+00  5.636311e-01  2.363896e-01
-7.00000e+00 -3.20000e+00       2.769e+12  3.754042e-01  0.000000e+00 -8.845692e-01  6.245958e-01
-6.30000e+00 -3.20000e+00       1.195e+13  5.988510e-01  0.000000e+00 -7.398298e-01  4.011490e-01
-5.60000e+00 -3.20000e+00       3.949e+13  7.885546e-01  0.000000e+00 -5.048511e-01  2.114454e-01
-4.90000e+00 -3.20000e+00       1.004e+14  8.920649e-01  0.000000e+00 -1.748720e-01  1.079351e-01
-4.20000e+00 -3.20000e+00       1.966e+14  8.268767e-01  0.000000e+00  2.228492e-01  1.731233e-01
-3.50000e+00 -3.20000e+00       2.988e+14  4.871031e-01  0.000000e+00  5.138900e-01  5.128969e-01
-2.80000e+00 -3.20000e+00       3.777e+14 -2.233858e-01  0.000000e+00  3.859297e-01  7.766142e-01
-2.10000e+00 -3.20000e+00       3.628e+14 -7.736211e-01  0.000000e+00  1.273228e-01  2.263789e-01
-1.40000e+00 -3.20000e+00       1.660e+14 -8.417096e-01  0.000000e+00  3.769003e-02  1.582904e-01
-7.00000e-01 -3.20000e+00       4.470e+13 -2.541075e-01  0.000000e+00  7.299390e-02  7.458925e-01
 0.00000e+00 -3.20000e+00       2.884e+13  1.712358e-01  0.000000e+00  1.172312e-15  8.287642e-01
 7.00000e-01 -3.20000e+00       4.470e+13 -2.541075e-01  0.000000e+00 -7.299390e-02  7.458925e-01
 1.40000e+00 -3.20000e+00       1.660e+14 -8.417096e-01  0.000000e+00 -3.769003e-02  1.582904e-01
 2.10000e+00 -3.20000e+00       3.628e+14 -7.736211e-01  0.000000e+00 -1.273228e-01  2.263789e-01
 2.80000e+00 -3.20000e+00       3.777e+14 -2.233858e-01  0.000000e+00 -3.859297e-01  7.766142e-01
 3.50000e+00 -3.20000e+00       2.988e+14  4.871031e-01  0.000000e+00 -5.138900e-01  5.128969e-01
 4.20000e+00 -3.20000e+00       1.966e+14  8.268767e-01  0.000000e+00 -2.228492e-01  1.731233e-01
 4.90000e+00 -3.20000e+00       1.004e+14  8.920649e-01  0.000000e+00  1.748720e-01  1.079351e-01
 5.60000e+00 -3.20000e+00       3.949e+13  7.885546e-01  0.000000e+00  5.048511e-01  2.114454e-01
 6.30000e+00 -3.20000e+00       1.195e+13  5.988510e-01  0.000000e+00  7.398298e-01  4.011490e-01
 7.00000e+00 -3.20000e+00       2.769e+12  3.754042e-01  0.000000e+00  8.845692e-01  6.245958e-01
-7.00000e+00 -2.80000e+00       6.949e+12 -6.955717e-02  0.000000e+00 -9.619922e-01  9.304428e-01
-6.30000e+00 -2.80000e+00       2.942e+13  1.898811e-01  0.000000e+00 -9.374378e-01  8.101189e-01
-5.60000e+00 -2.80000e+00       9.716e+13  4.591232e-01  0.000000e+00 -8.265103e-01  5.408768e-01
-4.90000e+00 -2.80000e+00       2.529e+14  7.013839e-01  0.000000e+00 -6.102095e-01  2.986161e-01
-4.20000e+00 -2.80000e+00       5.173e+14  8.560033e-01  0.000000e+00 -2.828984e-01  1.439967e-01
-3.50000e+00 -2.80000e+00       8.256e+14  8.429170e-01  0.000000e+00  1.413889e-01  1.570830e-01
-2.80000e+00 -2.80000e+00       1.030e+15  6.253123e-01  0.000000e+00  3.790353e-01  3.746877e-01
-2.10000e+00 -2.80000e+00       1.224e+15  2.666189e-02  0.000000e+00 -2.236242e-01  9.733381e-01
-1.40000e+00 -2.80000e+00       1.544e+15 -3.667899e-01  0.000000e+00 -7.711255e-01  6.332101e-01
-7.00000e-01 -2.80000e+00       9.008e+14 -4.086139e-01  0.000000e+00 -8.391701e-01  5.913861e-01
 0.00000e+00 -2.80000e+00       3.341e+14 -3.688004e-01  0.000000e+00 -5.911915e-15  6.311996e-01
 7.00000e-01 -2.80000e+00       9.008e+14 -4.086139e-01  0.000000e+00  8.391701e-01  5.913861e-01
 1.40000e+00 -2.80000e+00       1.544e+15 -3.667899e-01  0.000000e+00  7.711255e-01  6.332101e-01
 2.10000e+00 -2.80000e+00       1.224e+15  2.666189e-02  0.000000e+00  2.236242e-01  9.733381e-01
 2.80000e+00 -2.80000e+00       1.030e+15  6.253123e-01  0.000000e+00 -3.790353e-01  3.746877e-01
 3.50000e+00 -2.80000e+00       8.256e+14  8.429170e-01  0.000000e+00 -1.413889e-01  1.570830e-01
 4.20000e+00 -2.80000e+00       5.173e+14  8.560033e-01  0.000000e+00  2.828984e-01  1.439967e-01
 4.90000e+00 -2.80000e+00       2.529e+14  7.013839e-01  0.000000e+00  6.102095e-01  2.986161e-01
 5.60000e+00 -2.80000e+00       9.716e+13  4.591232e-01  0.000000e+00  8.265103e-01  5.408768e-01
 6.30000e+00 -2.80000e+00       2.942e+13  1.898811e-01  0.000000e+00  9.374378e-01  8.101189e-01
 7.00000e+00 -2.80000e+00       6.949e+12 -6.955717e-02  0.000000e+00  9.619922e-01  9.304428e-01
-7.00000e+00 -2.40000e+00       1.345e+13 -4.751601e-01  0.000000e+00 -8.376475e-01  5.248399e-01
-6.30000e+00 -2.40000e+00       5.516e+13 -2.211475e-01  0.000000e+00 -9.284221e-01  7.788525e-01
-5.60000e+00 -2.40000e+00       1.796e+14  7.906977e-02  0.000000e+00 -9.411616e-01  9.209302e-01
-4.90000e+00 -2.40000e+00       4.725e+14  3.943769e-01  0.000000e+00 -8.458399e-01  6.056231e-01
-4.20000e+00 -2.40000e+00       1.010e+15  6.743302e-01  0.000000e+00 -6.245945e-01  3.256698e-01
-3.50000e+00 -2.40000e+00       1.714e+15  8.403227e-01  0.000000e+00 -2.962697e-01  1.596773e-01
-2.80000e+00 -2.40000e+00       2.244e+15  7.657782e-01  0.000000e+00  1.886565e-01  2.342218e-01
-2.10000e+00 -2.40000e+00       2.403e+15  5.595244e-01  0.000000e+00  6.766455e-01  4.404756e-01
-1.40000e+00 -2.40000e+00       1.381e+15  4.747136e-01  0.000000e+00  8.433722e-01  5.252864e-01
-7.00000e-01 -2.40000e+00       2.863e+14  4.648106e-01  0.000000e+00  8.459239e-01  5.351894e-01
 0.00000e+00 -2.40000e+00       5.011e+13  5.774968e-01  0.000000e+00 -3.457154e-15  4.225032e-01
 7.00000e-01 -2.40000e+00       2.863e+14  4.648106e-01  0.000000e+00 -8.459239e-01  5.351894e-01
 1.40000e+00 -2.40000e+00       1.381e+15  4.747136e-01  0.000000e+00 -8.433722e-01  5.252864e-01
 2.10000e+00 -2.40000e+00       2.403e+15  5.595244e-01  0.000000e+00 -6.766455e-01  4.404756e-01
 2.80000e+00 -2.40000e+00       2.244e+15  7.657782e-01  0.000000e+00 -1.886565e-01  2.342218e-01
 3.50000e+00 -2.40000e+00       1.714e+15  8.403227e-01  0.000000e+00  2.962697e-01  1.596773e-01
 4.20000e+00 -2.40000e+00       1.010e+15  6.743302e-01  0.000000e+00  6.245945e-01  3.256698e-01
 4.90000e+00 -2.40000e+00       4.725e+14  3.943769e-01  0.000000e+00  8.458399e-01  6.056231e-01
 5.60000e+00 -2.40000e+00       1.796e+14  7.906977e-02  0.000000e+00  9.411616e-01  9.209302e-01
 6.30000e+00 -2.40000e+00       5.516e+13 -2.211475e-01  0.000000e+00  9.284221e-01  7.788525e-01
 7.00000e+00 -2.40000e+00       1.345e+13 -4.751601e-01  0.000000e+00  8.376475e-01  5.248399e-01
-7.00000e+00 -2.00000e+00       2.056e+13 -7.831883e-01  0.000000e+00 -5.511349e-01  2.168117e-01
-6.30000e+00 -2.00000e+00       8.057e+13 -5.724563e-01  0.000000e+00 -7.533324e-01  4.275437e-01
-5.60000e+00 -2.00000e+00       2.552e+14 -2.749738e-01  0.000000e+00 -8.931734e-01  7.250262e-01
-4.90000e+00 -2.00000e+00       6.718e+14  8.209301e-02  0.000000e+00 -9.213412e-01  9.179070e-01
-4.20000e+00 -2.00000e+00       1.487e+15  4.384853e-01  0.000000e+00 -8.069114e-01  5.615147e-01
-3.50000e+00 -2.00000e+00       2.742e+15  7.261449e-01  0.000000e+00 -5.385537e-01  2.738551e-01
-2.80000e+00 -2.00000e+00       4.127e+15  9.055231e-01  0.000000e+00 -2.132074e-01  9.447691e-02
-2.10000e+00 -2.00000e+00       4.060e+15  8.461315e-01  0.000000e+00 -1.658154e-01  1.538685e-01
-1.40000e+00 -2.00000e+00       5.178e+15  1.970202e-01  0.000000e+00 -7.229655e-01  8.029798e-01
-7.00000e-01 -2.00000e+00       1.056e+16  1.087415e-02  0.000000e+00 -7.118892e-01  9.891259e-01
 0.00000e+00 -2.00000e+00       1.271e+16  1.964483e-02  0.000000e+00 -4.881140e-15  9.803552e-01
 7.00000e-01 -2.00000e+00       1.056e+16  1.087415e-02  0.000000e+00  7.118892e-01  9.891259e-01
 1.40000e+00 -2.00000e+00       5.178e+15  1.970202e-01  0.000000e+00  7.229655e-01  8.029798e-01
 2.10000e+00 -2.00000e+00       4.060e+15  8.461315e-01  0.000000e+00  1.658154e-01  1.538685e-01
 2.80000e+00 -2.00000e+00       4.127e+15  9.055231e-01  0.000000e+00  2.132074e-01  9.447691e-02
 3.50000e+00 -2.00000e+00       2.742e+15  7.261449e-01  0.000000e+00  5.385537e-01  2.738551e-01
 4.20000e+00 -2.00000e+00       1.487e+15  4.384853e-01  0.000000e+00  8.069114e-01  5.615147e-01
 4.90000e+00 -2.00000e+00       6.718e+14  8.209301e-02  0.000000e+00  9.213412e-01  9.179070e-01
 5.60000e+00 -2.00000e+00       2.552e+14 -2.749738e-01  0.000000e+00  8.931734e-01  7.250262e-01
 6.30000e+00 -2.00000e+00       8.057e+13 -5.724563e-01  0.000000e+00  7.533324e-01  4.275437e-01
 7.00000e+00 -2.00000e+00       2.056e+13 -7.831883e-01  0.000000e+00  5.511349e-01  2.168117e-01
-7.00000e+00 -1.60000e+00       2.525e+13 -9.386743e-01  0.000000e+00 -1.352578e-01  6.132568e-02
-6.30000e+00 -1.60000e+00       9.296e+13 -8.189731e-01  0.000000e+00 -4.396347e-01  1.810269e-01
-5.60000e+00 -1.60000e+00       2.825e+14 -5.615341e-01  0.000000e+00 -7.178797e-01  4.384659e-01
-4.90000e+00 -1.60000e+00       7.388e+14 -1.807081e-01  0.000000e+00 -8.834264e-01  8.192919e-01
-4.20000e+00 -1.60000e+00       1.699e+15  2.420408e-01  0.000000e+00 -8.698513e-01  7.579592e-01
-3.50000e+00 -1.60000e+00       3.398e+15  6.041134e-01  0.000000e+00 -6.898722e-01  3.958866e-01
-2.80000e+00 -1.60000e+00       5.172e+15  7.919037e-01  0.000000e+00 -4.238579e-01  2.080963e-01
-2.10000e+00 -1.60000e+00       6.405e+15  7.859189e-01  0.000000e+00  1.660435e-01  2.140811e-01
-1.40000e+00 -1.60000e+00       7.957e+15  7.352454e-01  0.000000e+00  6.000432e-01  2.647546e-01
-7.00000e-01 -1.60000e+00       4.651e+15  7.215086e-01  0.000000e+00  6.609249e-01  2.784914e-01
 0.00000e+00 -1.60000e+00       1.713e+15  7.155542e-01  0.000000e+00 -1.286453e-14  2.844458e-01
 7.00000e-01 -1.60000e+00       4.651e+15  7.215086e-01  0.000000e+00 -6.609249e-01  2.784914e-01
 1.40000e+00 -1.60000e+00       7.957e+15  7.352454e-01  0.000000e+00 -6.000432e-01  2.647546e-01
 2.10000e+00 -1.60000e+00       6.405e+15  7.859189e-01  0.000000e+00 -1.660435e-01  2.140811e-01
 2.80000e+00 -1.60000e+00       5.172e+15  7.919037e-01  0.000000e+00  4.238579e-01  2.080963e-01
 3.50000e+00 -1.60000e+00       3.398e+15  6.041134e-01  0.000000e+00  6.898722e-01  3.958866e-01
 4.20000e+00 -1.60000e+00       1.699e+15  2.420408e-01  0.000000e+00  8.698513e-01  7.579592e-01
 4.90000e+00 -1.60000e+00       7.388e+14 -1.807081e-01  0.000000e+00  8.834264e-01  8.192919e-01
 5.60000e+00 -1.60000e+00       2.825e+14 -5.615341e-01  0.000000e+00  7.178797e-01  4.384659e-01
 6.30000e+00 -1.60000e+00       9.296e+13 -8.189731e-01  0.000000e+00  4.396347e-01  1.810269e-01
 7.00000e+00 -1.60000e+00       2.525e+13 -9.386743e-01  0.000000e+00  1.352578e-01  6.132568e-02
-7.00000e+00 -1.20000e+00       2.525e+13 -8.617389e-01  0.000000e+00  3.653205e-01  1.382611e-01
-6.30000e+00 -1.20000e+00       8.487e+13 -8.991824e-01  0.000000e+00 -4.102404e-03  1.008176e-01
-5.60000e+00 -1.20000e+00       2.417e+14 -7.426959e-01  0.000000e+00 -4.350681e-01  2.573041e-01
-4.90000e+00 -1.20000e+00       6.268e+14 -3.534220e-01  0.000000e+00 -7.714863e-01  6.465780e-01
-4.20000e+00 -1.20000e+00       1.528e+15  1.422409e-01  0.000000e+00 -8.611633e-01  8.577591e-01
-3.50000e+00 -1.20000e+00       3.337e+15  5.463548e-01  0.000000e+00 -7.285438e-01  4.536452e-01
-2.80000e+00 -1.20000e+00       6.165e+15  8.074983e-01  0.000000e+00 -4.137707e-01  1.925017e-01
-2.10000e+00 -1.20000e+00       1.065e+16  9.565680e-01  0.000000e+00 -8.736666e-02  4.343205e-02
-1.40000e+00 -1.20000e+00       1.005e+16  9.924982e-01  0.000000e+00  7.092257e-03  7.501833e-03
-7.00000e-01 -1.20000e+00       3.245e+15  9.957283e-01  0.000000e+00  2.383805e-02  4.271740e-03
 0.00000e+00 -1.20000e+00       6.545e+14  9.857916e-01  0.000000e+00  4.846514e-16  1.420839e-02
 7.00000e-01 -1.20000e+00       3.245e+15  9.957283e-01  0.000000e+00 -2.383805e-02  4.271740e-03
 1.40000e+00 -1.20000e+00       1.005e+16  9.924982e-01  0.000000e+00 -7.092257e-03  7.501833e-03
 2.10000e+00 -1.20000e+00       1.065e+16  9.565680e-01  0.000000e+00  8.736666e-02  4.343205e-02
 2.80000e+00 -1.20000e+00       6.165e+15  8.074983e-01  0.000000e+00  4.137707e-01  1.925017e-01
 3.50000e+00 -1.20000e+00       3.337e+15  5.463548e-01  0.000000e+00  7.285438e-01  4.536452e-01
 4.20000e+00 -1.20000e+00       1.528e+15  1.422409e-01  0.000000e+00  8.611633e-01  8.577591e-01
 4.90000e+00 -1.20000e+00       6.268e+14 -3.534220e-01  0.000000e+00  7.714863e-01  6.465780e-01
 5.60000e+00 -1.20000e+00       2.417e+14 -7.426959e-01  0.000000e+00  4.350681e-01  2.573041e-01
 6.30000e+00 -1.20000e+00       8.487e+13 -8.991824e-01  0.000000e+00  4.102404e-03  1.008176e-01
 7.00000e+00 -1.20000e+00       2.525e+13 -8.617389e-01  0.000000e+00 -3.653205e-01  1.382611e-01
-7.00000e+00 -8.00000e-01       2.107e+13 -4.263484e-01  0.000000e+00  8.259116e-01  5.736516e-01
-6.30000e+00 -8.00000e-01       6.088e+13 -6.774587e-01  0.000000e+00  5.168693e-01  3.225413e-01
-5.60000e+00 -8.00000e-01       1.533e+14 -7.348171e-01  0.000000e+00 -4.660711e-02  2.651829e-01
-4.90000e+00 -8.00000e-01       3.957e+14 -3.627411e-01  0.000000e+00 -6.198811e-01  6.372589e-01
-4.20000e+00 -8.00000e-01       1.092e+15  2.186141e-01  0.000000e+00 -8.003074e-01  7.813859e-01
-3.50000e+00 -8.00000e-01       2.811e+15  6.334252e-01  0.000000e+00 -6.551607e-01  3.665748e-01
-2.80000e+00 -8.00000e-01       6.531e+15  8.714048e-01  0.000000e+00 -3.780667e-01  1.285952e-01
-2.10000e+00 -8.00000e-01       1.112e+16  9.615647e-01  0.000000e+00 -2.236426e-01  3.843533e-02
-1.40000e+00 -8.00000e-01       7.759e+15  9.793415e-01  0.000000e+00 -1.880417e-01  2.065850e-02
-7.00000e-01 -8.00000e-01       1.748e+15  9.800688e-01  0.000000e+00 -1.752591e-01  1.993120e-02
 0.00000e+00 -8.00000e-01       2.637e+14  9.612868e-01  0.000000e+00 -4.369305e-15  3.871323e-02
 7.00000e-01 -8.00000e-01       1.748e+15  9.800688e-01  0.000000e+00  1.752591e-01  1.993120e-02
 1.40000e+00 -8.00000e-01       7.759e+15  9.793415e-01  0.000000e+00  1.880417e-01  2.065850e-02
 2.10000e+00 -8.00000e-01       1.112e+16  9.615647e-01  0.000000e+00  2.236426e-01  3.843533e-02
 2.80000e+00 -8.00000e-01       6.531e+15  8.714048e-01  0.000000e+00  3.780667e-01  1.285952e-01
 3.50000e+00 -8.00000e-01       2.811e+15  6.334252e-01  0.000000e+00  6.551607e-01  3.665748e-01
 4.20000e+00 -8.00000e-01       1.092e+15  2.186141e-01  0.000000e+00  8.003074e-01  7.813859e-01
 4.90000e+00 -8.00000e-01       3.957e+14 -3.627411e-01  0.000000e+00  6.198811e-01  6.372589e-01
 5.60000e+00 -8.00000e-01       1.533e+14 -7.348171e-01  0.000000e+00  4.660711e-02  2.651829e-01
 6.30000e+00 -8.00000e-01       6.088e+13 -6.774587e-01  0.000000e+00 -5.168693e-01  3.225413e-01
 7.00000e+00 -8.00000e-01       2.107e+13 -4.263484e-01  0.000000e+00 -8.259116e-01  5.736516e-01
-7.00000e+00 -4.00000e-01       1.596e+13  4.181260e-01  0.000000e+00  8.620534e-01  5.818740e-01
-6.30000e+00 -4.00000e-01       3.580e+13  1.243468e-01  0.000000e+00  8.472996e-01  8.756532e-01
-5.60000e+00 -4.00000e-01       6.699e+13 -2.145444e-01  0.000000e+00  4.078314e-01  7.854556e-01
-4.90000e+00 -4.00000e-01       1.743e+14  5.308627e-02  0.000000e+00 -4.408095e-01  9.469137e-01
-4.20000e+00 -4.00000e-01       6.599e+14  6.005480e-01  0.000000e+00 -6.080906e-01  3.994520e-01
-3.50000e+00 -4.00000e-01       2.232e+15  8.543580e-01  0.000000e+00 -4.275868e-01  1.456420e-01
-2.80000e+00 -4.00000e-01       6.181e+15  9.541574e-01  0.000000e+00 -2.430915e-01  4.584263e-02
-2.10000e+00 -4.00000e-01       9.896e+15  9.816199e-01  0.000000e+00 -1.727727e-01  1.838012e-02
-1.40000e+00 -4.00000e-01       5.771e+15  9.866949e-01  0.000000e+00 -1.569551e-01  1.330511e-02
-7.00000e-01 -4.00000e-01       1.086e+15  9.864948e-01  0.000000e+00 -1.438273e-01  1.350524e-02
 0.00000e+00 -4.00000e-01       1.619e+14  9.751066e-01  0.000000e+00 -6.327837e-15  2.489344e-02
 7.00000e-01 -4.00000e-01       1.086e+15  9.864948e-01  0.000000e+00  1.438273e-01  1.350524e-02
 1.40000e+00 -4.00000e-01       5.771e+15  9.866949e-01  0.000000e+00  1.569551e-01  1.330511e-02
 2.10000e+00 -4.00000e-01       9.896e+15  9.816199e-01  0.000000e+00  1.727727e-01  1.838012e-02
 2.80000e+00 -4.00000e-01       6.181e+15  9.541574e-01  0.000000e+00  2.430915e-01  4.584263e-02
 3.50000e+00 -4.00000e-01       2.232e+15  8.543580e-01  0.000000e+00  4.275868e-01  1.456420e-01
 4.20000e+00 -4.00000e-01       6.599e+14  6.005480e-01  0.000000e+00  6.080906e-01  3.994520e-01
 4.90000e+00 -4.00000e-01       1.743e+14  5.308627e-02  0.000000e+00  4.408095e-01  9.469137e-01
 5.60000e+00 -4.00000e-01       6.699e+13 -2.145444e-01  0.000000e+00 -4.078314e-01  7.854556e-01
 6.30000e+00 -4.00000e-01       3.580e+13  1.243468e-01  0.000000e+00 -8.472996e-01  8.756532e-01
 7.00000e+00 -4.00000e-01       1.596e+13  4.181260e-01  0.000000e+00 -8.620534e-01  5.818740e-01
-7.00000e+00  0.00000e+00       1.370e+13  9.995340e-01  0.000000e+00 -3.388563e-09  4.659997e-04
-6.30000e+00  0.00000e+00       2.523e+13  9.991483e-01  0.000000e+00 -8.553010e-09  8.517282e-04
-5.60000e+00  0.00000e+00       3.151e+13  9.982337e-01  0.000000e+00 -1.444422e-08  1.766309e-03
-4.90000e+00  0.00000e+00       8.451e+13  9.986638e-01  0.000000e+00  5.969435e-09  1.336155e-03
-4.20000e+00  0.00000e+00       4.844e+14  9.996263e-01  0.000000e+00  1.043531e-08  3.736632e-04
-3.50000e+00  0.00000e+00       1.988e+15  9.998869e-01  0.000000e+00  4.659441e-09  1.130783e-04
-2.80000e+00  0.00000e+00       5.930e+15  9.999659e-01  0.000000e+00 -2.576702e-09  3.412824e-05
-2.10000e+00  0.00000e+00       9.270e+15  9.999838e-01  0.000000e+00 -7.138795e-09  1.623297e-05
-1.40000e+00  0.00000e+00       5.104e+15  9.999950e-01  0.000000e+00 -1.163638e-08  4.953784e-06
-7.00000e-01  0.00000e+00       9.151e+14  9.996640e-01  0.000000e+00 -1.959788e-08  3.360029e-04
 0.00000e+00  0.00000e+00       1.455e+14  9.965393e-01  0.000000e+00  2.807002e-17  3.460693e-03
 7.00000e-01  0.00000e+00       9.151e+14  9.996640e-01  0.000000e+00  1.959788e-08  3.360029e-04
 1.40000e+00  0.00000e+00       5.104e+15  9.999950e-01  0.000000e+00  1.163638e-08  4.953784e-06
 2.10000e+00  0.00000e+00       9.270e+15  9.999838e-01  0.000000e+00  7.138795e-09  1.623297e-05
 2.80000e+00  0.00000e+00       5.930e+15  9.999659e-01  0.000000e+00  2.576702e-09  3.412824e-05
 3.50000e+00  0.00000e+00       1.988e+15  9.998869e-01  0.000000e+00 -4.659440e-09  1.130783e-04
 4.20000e+00  0.00000e+00       4.844e+14  9.996263e-01  0.000000e+00 -1.043531e-08  3.736632e-04
 4.90000e+00  0.00000e+00       8.451e+13  9.986638e-01  0.000000e+00 -5.969434e-09  1.336155e-03
 5.60000e+00  0.00000e+00       3.151e+13  9.982337e-01  0.000000e+00  1.444422e-08  1.766309e-03
 6.30000e+00  0.00000e+00       2.523e+13  9.991483e-01  0.000000e+00  8.553008e-09  8.517282e-04
 7.00000e+00  0.00000e+00       1.370e+13  9.995340e-01  0.000000e+00  3.388561e-09  4.659997e-04
-7.00000e+00  4.00000e-01       1.596e+13  4.181260e-01  0.000000e+00 -8.620534e-01  5.818740e-01
-6.30000e+00  4.00000e-01       3.580e+13  1.243468e-01  0.000000e+00 -8.472996e-01  8.756532e-01
-5.60000e+00  4.00000e-01       6.699e+13 -2.145444e-01  0.000000e+00 -4.078314e-01  7.854556e-01
-4.90000e+00  4.00000e-01       1.743e+14  5.308627e-02  0.000000e+00  4.408095e-01  9.469137e-01
-4.20000e+00  4.00000e-01       6.599e+14  6.005480e-01  0.000000e+00  6.080906e-01  3.994520e-01
-3.50000e+00  4.00000e-01       2.232e+15  8.543580e-01  0.000000e+00  4.275868e-01  1.456420e-01
-2.80000e+00  4.00000e-01       6.181e+15  9.541574e-01  0.000000e+00  2.430915e-01  4.584263e-02
-2.10000e+00  4.00000e-01       9.896e+15  9.816199e-01  0.000000e+00  1.727727e-01  1.838012e-02
-1.40000e+00  4.00000e-01       5.771e+15  9.866949e-01  0.000000e+00  1.569550e-01  1.330511e-02
-7.00000e-01  4.00000e-01       1.086e+15  9.864948e-01  0.000000e+00  1.438273e-01  1.350524e-02
 0.00000e+00  4.00000e-01       1.619e+14  9.751066e-01  0.000000e+00  6.325327e-15  2.489344e-02
 7.00000e-01  4.00000e-01       1.086e+15  9.864948e-01  0.000000e+00 -1.438273e-01  1.350524e-02
 1.40000e+00  4.00000e-01       5.771e+15  9.866949e-01  0.000000e+00 -1.569550e-01  1.330511e-02
 2.10000e+00  4.00000e-01       9.896e+15  9.816199e-01  0.000000e+00 -1.727727e-01  1.838012e-02
 2.80000e+00  4.00000e-01       6.181e+15  9.541574e-01  0.000000e+00 -2.430915e-01  4.584263e-02
 3.50000e+00  4.00000e-01       2.232e+15  8.543580e-01  0.000000e+00 -4.275868e-01  1.456420e-01
 4.20000e+00  4.00000e-01       6.599e+14  6.005480e-01  0.000000e+00 -6.080906e-01  3.994520e-01
 4.90000e+00  4.00000e-01       1.743e+14  5.308627e-02  0.000000e+00 -4.408095e-01  9.469137e-01
 5.60000e+00  4.00000e-01       6.699e+13 -2.145444e-01  0.000000e+00  4.078314e-01  7.854556e-01
 6.30000e+00  4.00000e-01       3.580e+13  1.243468e-01  0.000000e+00  8.472996e-01  8.756532e-01
 7.00000e+00  4.00000e-01       1.596e+13  4.181260e-01  0.000000e+00  8.620534e-01  5.818740e-01
-7.00000e+00  8.00000e-01       2.107e+13 -4.263484e-01  0.000000e+00 -8.259116e-01  5.736516e-01
-6.30000e+00  8.00000e-01       6.088e+13 -6.774587e-01  0.000000e+00 -5.168693e-01  3.225413e-01
-5.60000e+00  8.00000e-01       1.533e+14 -7.348171e-01  0.000000e+00  4.660710e-02  2.651829e-01
-4.90000e+00  8.00000e-01       3.957e+14 -3.627411e-01  0.000000e+00  6.198811e-01  6.372589e-01
-4.20000e+00  8.00000e-01       1.092e+15  2.186141e-01  0.000000e+00  8.003074e-01  7.813859e-01
-3.50000e+00  8.00000e-01       2.811e+15  6.334252e-01  0.000000e+00  6.551607e-01  3.665748e-01
-2.80000e+00  8.00000e-01       6.531e+15  8.714048e-01  0.000000e+00  3.780667e-01  1.285952e-01
-2.10000e+00  8.00000e-01       1.112e+16  9.615647e-01  0.000000e+00  2.236426e-01  3.843533e-02
-1.40000e+00  8.00000e-01       7.759e+15  9.793415e-01  0.000000e+00  1.880417e-01  2.065850e-02
-7.00000e-01  8.00000e-01       1.748e+15  9.800688e-01  0.000000e+00  1.752590e-01  1.993119e-02
 0.00000e+00  8.00000e-01       2.637e+14  9.612868e-01  0.000000e+00  3.044224e-15  3.871323e-02
 7.00000e-01  8.00000e-01       1.748e+15  9.800688e-01  0.000000e+00 -1.752590e-01  1.993119e-02
 1.40000e+00  8.00000e-01       7.759e+15  9.793415e-01  0.000000e+00 -1.880417e-01  2.065850e-02
 2.10000e+00  8.00000e-01       1.112e+16  9.615647e-01  0.000000e+00 -2.236426e-01  3.843533e-02
 2.80000e+00  8.00000e-01       6.531e+15  8.714048e-01  0.000000e+00 -3.780667e-01  1.285952e-01
 3.50000e+00  8.00000e-01       2.811e+15  6.334252e-01  0.000000e+00 -6.551607e-01  3.665748e-01
 4.20000e+00  8.00000e-01       1.092e+15  2.186141e-01  0.000000e+00 -8.003074e-01  7.813859e-01
 4.90000e+00  8.00000e-01       3.957e+14 -3.627411e-01  0.000000e+00 -6.198811e-01  6.372589e-01
 5.60000e+00  8.00000e-01       1.533e+14 -7.348171e-01  0.000000e+00 -4.660710e-02  2.651829e-01
 6.30000e+00  8.00000e-01       6.088e+13 -6.774587e-01  0.000000e+00  5.168693e-01  3.225413e-01
 7.00000e+00  8.00000e-01       2.107e+13 -4.263484e-01  0.000000e+00  8.259116e-01  5.736516e-01
-7.00000e+00  1.20000e+00       2.525e+13 -8.617389e-01  0.000000e+00 -3.653205e-01  1.382611e-01
-6.30000e+00  1.20000e+00       8.487e+13 -8.991824e-01  0.000000e+00  4.102398e-03  1.008176e-01
-5.60000e+00  1.20000e+00       2.417e+14 -7.426959e-01  0.000000e+00  4.350681e-01  2.573041e-01
-4.90000e+00  1.20000e+00       6.268e+14 -3.534220e-01  0.000000e+00  7.714863e-01  6.465780e-01
-4.20000e+00  1.20000e+00       1.528e+15  1.422409e-01  0.000000e+00  8.611633e-01  8.577591e-01
-3.50000e+00  1.20000e+00       3.337e+15  5.463548e-01  0.000000e+00  7.285438e-01  4.536452e-01
-2.80000e+00  1.20000e+00       6.165e+15  8.074983e-01  0.000000e+00  4.137707e-01  1.925017e-01
-2.10000e+00  1.20000e+00       1.065e+16  9.565679e-01  0.000000e+00  8.736664e-02  4.343205e-02
-1.40000e+00  1.20000e+00       1.005e+16  9.924982e-01  0.000000e+00 -7.092271e-03  7.501833e-03
-7.00000e-01  1.20000e+00       3.245e+15  9.957283e-01  0.000000e+00 -2.383806e-02  4.271739e-03
 0.00000e+00  1.20000e+00       6.545e+14  9.857916e-01  0.000000e+00 -9.682410e-16  1.420839e-02
 7.00000e-01  1.20000e+00       3.245e+15  9.957283e-01  0.000000e+00  2.383806e-02  4.271739e-03
 1.40000e+00  1.20000e+00       1.005e+16  9.924982e-01  0.000000e+00  7.092271e-03  7.501833e-03
 2.10000e+00  1.20000e+00       1.065e+16  9.565679e-01  0.000000e+00 -8.736664e-02  4.343205e-02
 2.80000e+00  1.20000e+00       6.165e+15  8.074983e-01  0.000000e+00 -4.137707e-01  1.925017e-01
 3.50000e+00  1.20000e+00       3.337e+15  5.463548e-01  0.000000e+00 -7.285438e-01  4.536452e-01
 4.20000e+00  1.20000e+00       1.528e+15  1.422409e-01  0.000000e+00 -8.611633e-01  8.577591e-01
 4.90000e+00  1.20000e+00       6.268e+14 -3.534220e-01  0.000000e+00 -7.714863e-01  6.465780e-01
 5.60000e+00  1.20000e+00       2.417e+14 -7.426959e-01  0.000000e+00 -4.350681e-01  2.573041e-01
 6.30000e+00  1.20000e+00       8.487e+13 -8.991824e-01  0.000000e+00 -4.102398e-03  1.008176e-01
 7.00000e+00  1.20000e+00       2.525e+13 -8.617389e-01  0.000000e+00  3.653205e-01  1.382611e-01
-7.00000e+00  1.60000e+00       2.525e+13 -9.386743e-01  0.000000e+00  1.352578e-01  6.132568e-02
-6.30000e+00  1.60000e+00       9.296e+13 -8.189731e-01  0.000000e+00  4.396347e-01  1.810269e-01
-5.60000e+00  1.60000e+00       2.825e+14 -5.615341e-01  0.000000e+00  7.178797e-01  4.384659e-01
-4.90000e+00  1.60000e+00       7.388e+14 -1.807081e-01  0.000000e+00  8.834264e-01  8.192919e-01
-4.20000e+00  1.60000e+00       1.699e+15  2.420408e-01  0.000000e+00  8.698513e-01  7.579592e-01
-3.50000e+00  1.60000e+00       3.398e+15  6.041134e-01  0.000000e+00  6.898722e-01  3.958866e-01
-2.80000e+00  1.60000e+00       5.172e+15  7.919037e-01  0.000000e+00  4.238579e-01  2.080963e-01
-2.10000e+00  1.60000e+00       6.405e+15  7.859189e-01  0.000000e+00 -1.660435e-01  2.140811e-01
-1.40000e+00  1.60000e+00       7.957e+15  7.352454e-01  0.000000e+00 -6.000432e-01  2.647546e-01
-7.00000e-01  1.60000e+00       4.651e+15  7.215086e-01  0.000000e+00 -6.609250e-01  2.784914e-01
 0.00000e+00  1.60000e+00       1.713e+15  7.155542e-01  0.000000e+00  1.284663e-14  2.844458e-01
 7.00000e-01  1.60000e+00       4.651e+15  7.215086e-01  0.000000e+00  6.609250e-01  2.784914e-01
 1.40000e+00  1.60000e+00       7.957e+15  7.352454e-01  0.000000e+00  6.000432e-01  2.647546e-01
 2.10000e+00  1.60000e+00       6.405e+15  7.859189e-01  0.000000e+00  1.660435e-01  2.140811e-01
 2.80000e+00  1.60000e+00       5.172e+15  7.919037e-01  0.000000e+00 -4.238579e-01  2.080963e-01
 3.50000e+00  1.60000e+00       3.398e+15  6.041134e-01  0.000000e+00 -6.898722e-01  3.958866e-01
 4.20000e+00  1.60000e+00       1.699e+15  2.420408e-01  0.000000e+00 -8.698513e-01  7.579592e-01
 4.90000e+00  1.60000e+00       7.388e+14 -1.807081e-01  0.000000e+00 -8.834264e-01  8.192919e-01
 5.60000e+00  1.60000e+00       2.825e+14 -5.615341e-01  0.000000e+00 -7.178797e-01  4.384659e-01
 6.30000e+00  1.60000e+00       9.296e+13 -8.189731e-01  0.000000e+00 -4.396347e-01  1.810269e-01
 7.00000e+00  1.60000e+00       2.525e+13 -9.386743e-01  0.000000e+00 -1.352578e-01  6.132568e-02
-7.00000e+00  2.00000e+00       2.056e+13 -7.831883e-01  0.000000e+00  5.511349e-01  2.168117e-01
-6.30000e+00  2.00000e+00       8.057e+13 -5.724563e-01  0.000000e+00  7.533324e-01  4.275437e-01
-5.60000e+00  2.00000e+00       2.552e+14 -2.749738e-01  0.000000e+00  8.931734e-01  7.250262e-01
-4.90000e+00  2.00000e+00       6.718e+14  8.209300e-02  0.000000e+00  9.213412e-01  9.179070e-01
-4.20000e+00  2.00000e+00       1.487e+15  4.384853e-01  0.000000e+00  8.069114e-01  5.615147e-01
-3.50000e+00  2.00000e+00       2.742e+15  7.261449e-01  0.000000e+00  5.385537e-01  2.738551e-01
-2.80000e+00  2.00000e+00       4.127e+15  9.055231e-01  0.000000e+00  2.132073e-01  9.447692e-02
-2.10000e+00  2.00000e+00       4.060e+15  8.461315e-01  0.000000e+00  1.658153e-01  1.538685e-01
-1.40000e+00  2.00000e+00       5.178e+15  1.970202e-01  0.000000e+00  7.229655e-01  8.029798e-01
-7.00000e-01  2.00000e+00       1.056e+16  1.087415e-02  0.000000e+00  7.118892e-01  9.891259e-01
 0.00000e+00  2.00000e+00       1.271e+16  1.964483e-02  0.000000e+00  4.878798e-15  9.803552e-01
 7.00000e-01  2.00000e+00       1.056e+16  1.087415e-02  0.000000e+00 -7.118892e-01  9.891259e-01
 1.40000e+00  2.00000e+00       5.178e+15  1.970202e-01  0.000000e+00 -7.229655e-01  8.029798e-01
 2.10000e+00  2.00000e+00       4.060e+15  8.461315e-01  0.000000e+00 -1.658153e-01  1.538685e-01
 2.80000e+00  2.00000e+00       4.127e+15  9.055231e-01  0.000000e+00 -2.132073e-01  9.447692e-02
 3.50000e+00  2.00000e+00       2.742e+15  7.261449e-01  0.000000e+00 -5.385537e-01  2.738551e-01
 4.20000e+00  2.00000e+00       1.487e+15  4.384853e-01  0.000000e+00 -8.069114e-01  5.615147e-01
 4.90000e+00  2.00000e+00       6.718e+14  8.209300e-02  0.000000e+00 -9.213412e-01  9.179070e-01
 5.60000e+00  2.00000e+00       2.552e+14 -2.749738e-01  0.000000e+00 -8.931734e-01  7.250262e-01
 6.30000e+00  2.00000e+00       8.057e+13 -5.724563e-01  0.000000e+00 -7.533324e-01  4.275437e-01
 7.00000e+00  2.00000e+00       2.056e+13 -7.831883e-01  0.000000e+00 -5.511349e-01  2.168117e-01
-7.00000e+00  2.40000e+00       1.345e+13 -4.751601e-01  0.000000e+00  8.376475e-01  5.248399e-01
-6.30000e+00  2.40000e+00       5.516e+13 -2.211475e-01  0.000000e+00  9.284221e-01  7.788525e-01
-5.60000e+00  2.40000e+00       1.796e+14  7.906976e-02  0.000000e+00  9.411616e-01  9.209302e-01
-4.90000e+00  2.40000e+00       4.725e+14  3.943768e-01  0.000000e+00  8.458399e-01  6.056232e-01
-4.20000e+00  2.40000e+00       1.010e+15  6.743302e-01  0.000000e+00  6.245945e-01  3.256698e-01
-3.50000e+00  2.40000e+00       1.714e+15  8.403226e-01  0.000000e+00  2.962697e-01  1.596774e-01
-2.80000e+00  2.40000e+00       2.244e+15  7.657782e-01  0.000000e+00 -1.886565e-01  2.342218e-01
-2.10000e+00  2.40000e+00       2.403e+15  5.595244e-01  0.000000e+00 -6.766456e-01  4.404756e-01
-1.40000e+00  2.40000e+00       1.381e+15  4.747136e-01  0.000000e+00 -8.433724e-01  5.252864e-01
-7.00000e-01  2.40000e+00       2.863e+14  4.648106e-01  0.000000e+00 -8.459241e-01  5.351894e-01
 0.00000e+00  2.40000e+00       5.011e+13  5.774969e-01  0.000000e+00  3.389155e-15  4.225031e-01
 7.00000e-01  2.40000e+00       2.863e+14  4.648106e-01  0.000000e+00  8.459241e-01  5.351894e-01
 1.40000e+00  2.40000e+00       1.381e+15  4.747136e-01  0.000000e+00  8.433724e-01  5.252864e-01
 2.10000e+00  2.40000e+00       2.403e+15  5.595244e-01  0.000000e+00  6.766456e-01  4.404756e-01
 2.80000e+00  2.40000e+00       2.244e+15  7.657782e-01  0.000000e+00  1.886565e-01  2.342218e-01
 3.50000e+00  2.40000e+00       1.714e+15  8.403226e-01  0.000000e+00 -2.962697e-01  1.596774e-01
 4.20000e+00  2.40000e+00       1.010e+15  6.743302e-01  0.000000e+00 -6.245945e-01  3.256698e-01
 4.90000e+00  2.40000e+00       4.725e+14  3.943768e-01  0.000000e+00 -8.458399e-01  6.056232e-01
 5.60000e+00  2.40000e+00       1.796e+14  7.906976e-02  0.000000e+00 -9.411616e-01  9.209302e-01
 6.30000e+00  2.40000e+00       5.516e+13 -2.211475e-01  0.000000e+00 -9.284221e-01  7.788525e-01
 7.00000e+00  2.40000e+00       1.345e+13 -4.751601e-01  0.000000e+00 -8.376475e-01  5.248399e-01
-7.00000e+00  2.80000e+00       6.949e+12 -6.955716e-02  0.000000e+00  9.619922e-01  9.304428e-01
-6.30000e+00  2.80000e+00       2.942e+13  1.898810e-01  0.000000e+00  9.374377e-01  8.101190e-01
-5.60000e+00  2.80000e+00       9.716e+13  4.591231e-01  0.000000e+00  8.265103e-01  5.408769e-01
-4.90000e+00  2.80000e+00       2.529e+14  7.013838e-01  0.000000e+00  6.102095e-01  2.986162e-01
-4.20000e+00  2.80000e+00       5.173e+14  8.560032e-01  0.000000e+00  2.828984e-01  1.439968e-01
-3.50000e+00  2.80000e+00       8.256e+14  8.429170e-01  0.000000e+00 -1.413889e-01  1.570830e-01
-2.80000e+00  2.80000e+00       1.030e+15  6.253123e-01  0.000000e+00 -3.790353e-01  3.746877e-01
-2.10000e+00  2.80000e+00       1.224e+15  2.666186e-02  0.000000e+00  2.236239e-01  9.733381e-01
-1.40000e+00  2.80000e+00       1.544e+15 -3.667899e-01  0.000000e+00  7.711253e-01  6.332101e-01
-7.00000e-01  2.80000e+00       9.008e+14 -4.086139e-01  0.000000e+00  8.391701e-01  5.913861e-01
 0.00000e+00  2.80000e+00       3.341e+14 -3.688004e-01  0.000000e+00  5.907981e-15  6.311996e-01
 7.00000e-01  2.80000e+00       9.008e+14 -4.086139e-01  0.000000e+00 -8.391701e-01  5.913861e-01
 1.40000e+00  2.80000e+00       1.544e+15 -3.667899e-01  0.000000e+00 -7.711253e-01  6.332101e-01
 2.10000e+00  2.80000e+00       1.224e+15  2.666186e-02  0.000000e+00 -2.236239e-01  9.733381e-01
 2.80000e+00  2.80000e+00       1.030e+15  6.253123e-01  0.000000e+00  3.790353e-01  3.746877e-01
 3.50000e+00  2.80000e+00       8.256e+14  8.429170e-01  0.000000e+00  1.413889e-01  1.570830e-01
 4.20000e+00  2.80000e+00       5.173e+14  8.560032e-01  0.000000e+00 -2.828984e-01  1.439968e-01
 4.90000e+00  2.80000e+00       2.529e+14  7.013838e-01  0.000000e+00 -6.102095e-01  2.986162e-01
 5.60000e+00  2.80000e+00       9.716e+13  4.591231e-01  0.000000e+00 -8.265103e-01  5.408769e-01
 6.30000e+00  2.80000e+00       2.942e+13  1.898810e-01  0.000000e+00 -9.374377e-01  8.101190e-01
 7.00000e+00  2.80000e+00       6.949e+12 -6.955716e-02  0.000000e+00 -9.619922e-01  9.304428e-01
-7.00000e+00  3.20000e+00       2.769e+12  3.754042e-01  0.000000e+00  8.845689e-01  6.245958e-01
-6.30000e+00  3.20000e+00       1.195e+13  5.988508e-01  0.000000e+00  7.398295e-01  4.011492e-01
-5.60000e+00  3.20000e+00       3.949e+13  7.885543e-01  0.000000e+00  5.048510e-01  2.114457e-01
-4.90000e+00  3.20000e+00       1.004e+14  8.920646e-01  0.000000e+00  1.748720e-01  1.079354e-01
-4.20000e+00  3.20000e+00       1.966e+14  8.268765e-01  0.000000e+00 -2.228489e-01  1.731235e-01
-3.50000e+00  3.20000e+00       2.988e+14  4.871031e-01  0.000000e+00 -5.138896e-01  5.128969e-01
-2.80000e+00  3.20000e+00       3.777e+14 -2.233856e-01  0.000000e+00 -3.859298e-01  7.766144e-01
-2.10000e+00  3.20000e+00       3.628e+14 -7.736209e-01  0.000000e+00 -1.273242e-01  2.263791e-01
-1.40000e+00  3.20000e+00       1.660e+14 -8.417098e-01  0.000000e+00 -3.769267e-02  1.582902e-01
-7.00000e-01  3.20000e+00       4.470e+13 -2.541077e-01  0.000000e+00 -7.299682e-02  7.458923e-01
 0.00000e+00  3.20000e+00       2.884e+13  1.712359e-01  0.000000e+00 -8.486613e-16  8.287641e-01
 7.00000e-01  3.20000e+00       4.470e+13 -2.541077e-01  0.000000e+00  7.299682e-02  7.458923e-01
 1.40000e+00  3.20000e+00       1.660e+14 -8.417098e-01  0.000000e+00  3.769267e-02  1.582902e-01
 2.10000e+00  3.20000e+00       3.628e+14 -7.736209e-01  0.000000e+00  1.273242e-01  2.263791e-01
 2.80000e+00  3.20000e+00       3.777e+14 -2.233856e-01  0.000000e+00  3.859298e-01  7.766144e-01
 3.50000e+00  3.20000e+00       2.988e+14  4.871031e-01  0.000000e+00  5.138896e-01  5.128969e-01
 4.20000e+00  3.20000e+00       1.966e+14  8.268765e-01  0.000000e+00  2.228489e-01  1.731235e-01
 4.90000e+00  3.20000e+00       1.004e+14  8.920646e-01  0.000000e+00 -1.748720e-01  1.079354e-01
 5.60000e+00  3.20000e+00       3.949e+13  7.885543e-01  0.000000e+00 -5.048510e-01  2.114457e-01
 6.30000e+00  3.20000e+00       1.195e+13  5.988508e-01  0.000000e+00 -7.398295e-01  4.011492e-01
 7.00000e+00  3.20000e+00       2.769e+12  3.754042e-01  0.000000e+00 -8.845689e-01  6.245958e-01
-7.00000e+00  3.60000e+00       8.538e+11  7.636098e-01  0.000000e+00  5.636296e-01  2.363902e-01
-6.30000e+00  3.60000e+00       3.611e+12  8.838944e-01  0.000000e+00  3.092104e-01  1.161056e-01
-5.60000e+00  3.60000e+00       1.139e+13  9.063512e-01  0.000000e+00 -3.021230e-02  9.364877e-02
-4.90000e+00  3.60000e+00       2.782e+13  7.471298e-01  0.000000e+00 -4.070395e-01  2.528702e-01
-4.20000e+00  3.60000e+00       5.393e+13  3.289716e-01  0.000000e+00 -6.488156e-01  6.710284e-01
-3.50000e+00  3.60000e+00       8.790e+13 -2.615141e-01  0.000000e+00 -4.671590e-01  7.384859e-01
-2.80000e+00  3.60000e+00       1.379e+14 -2.660395e-01  0.000000e+00 -8.280280e-02  7.339605e-01
-2.10000e+00  3.60000e+00       2.834e+14  6.273207e-01  0.000000e+00  2.013328e-02  3.726793e-01
-1.40000e+00  3.60000e+00       4.209e+14  9.426264e-01  0.000000e+00  8.827670e-03  5.737361e-02
-7.00000e-01  3.60000e+00       2.248e+14  9.745103e-01  0.000000e+00 -5.356890e-04  2.548969e-02
 0.00000e+00  3.60000e+00       7.400e+13  9.484794e-01  0.000000e+00  1.269621e-15  5.152059e-02
 7.00000e-01  3.60000e+00       2.248e+14  9.745103e-01  0.000000e+00  5.356890e-04  2.548969e-02
 1.40000e+00  3.60000e+00       4.209e+14  9.426264e-01  0.000000e+00 -8.827670e-03  5.737361e-02
 2.10000e+00  3.60000e+00       2.834e+14  6.273207e-01  0.000000e+00 -2.013328e-02  3.726793e-01
 2.80000e+00  3.60000e+00       1.379e+14 -2.660395e-01  0.000000e+00  8.280280e-02  7.339605e-01
 3.50000e+00  3.60000e+00       8.790e+13 -2.615141e-01  0.000000e+00  4.671590e-01  7.384859e-01
 4.20000e+00  3.60000e+00       5.393e+13  3.289716e-01  0.000000e+00  6.488156e-01  6.710284e-01
 4.90000e+00  3.60000e+00       2.782e+13  7.471298e-01  0.000000e+00  4.070395e-01  2.528702e-01
 5.60000e+00  3.60000e+00       1.139e+13  9.063512e-01  0.000000e+00  3.021230e-02  9.364877e-02
 6.30000e+00  3.60000e+00       3.611e+12  8.838944e-01  0.000000e+00 -3.092104e-01  1.161056e-01
 7.00000e+00  3.60000e+00       8.538e+11  7.636098e-01  0.000000e+00 -5.636296e-01  2.363902e-01
-7.00000e+00  4.00000e+00       1.854e+11  9.024946e-01  0.000000e+00 -2.377587e-02  9.750537e-02
-6.30000e+00  4.00000e+00       8.077e+11  8.227076e-01  0.000000e+00 -3.453931e-01  1.772924e-01
-5.60000e+00  4.00000e+00       2.603e+12  5.510125e-01  0.000000e+00 -6.337067e-01  4.489875e-01
-4.90000e+00  4.00000e+00       6.446e+12  6.298130e-02  0.000000e+00 -7.199572e-01  9.370187e-01
-4.20000e+00  4.00000e+00       1.363e+13 -4.203400e-01  0.000000e+00 -3.560353e-01  5.796600e-01
-3.50000e+00  4.00000e+00       2.712e+13 -3.461385e-01  0.000000e+00  2.105824e-01  6.538615e-01
-2.80000e+00  4.00000e+00       5.437e+13  3.946459e-01  0.000000e+00  3.500153e-01  6.053541e-01
-2.10000e+00  4.00000e+00       7.619e+13  8.283331e-01  0.000000e+00  2.938184e-01  1.716669e-01
-1.40000e+00  4.00000e+00       4.250e+13  9.004721e-01  0.000000e+00  2.591589e-01  9.952791e-02
-7.00000e-01  4.00000e+00       9.310e+12  6.831363e-01  0.000000e+00  1.814703e-01  3.168637e-01
 0.00000e+00  4.00000e+00       3.242e+12  1.842559e-01  0.000000e+00  1.833104e-16  8.157441e-01
 7.00000e-01  4.00000e+00       9.310e+12  6.831363e-01  0.000000e+00 -1.814703e-01  3.168637e-01
 1.40000e+00  4.00000e+00       4.250e+13  9.004721e-01  0.000000e+00 -2.591589e-01  9.952791e-02
 2.10000e+00  4.00000e+00       7.619e+13  8.283331e-01  0.000000e+00 -2.938184e-01  1.716669e-01
 2.80000e+00  4.00000e+00       5.437e+13  3.946459e-01  0.000000e+00 -3.500153e-01  6.053541e-01
 3.50000e+00  4.00000e+00       2.712e+13 -3.461385e-01  0.000000e+00 -2.105824e-01  6.538615e-01
 4.20000e+00  4.00000e+00       1.363e+13 -4.203400e-01  0.000000e+00  3.560353e-01  5.796600e-01
 4.90000e+00  4.00000e+00       6.446e+12  6.298130e-02  0.000000e+00  7.199572e-01  9.370187e-01
 5.60000e+00  4.00000e+00       2.603e+12  5.510125e-01  0.000000e+00  6.337067e-01  4.489875e-01
 6.30000e+00  4.00000e+00       8.077e+11  8.227076e-01  0.000000e+00  3.453931e-01  1.772924e-01
 7.00000e+00  4.00000e+00       1.854e+11  9.024946e-01  0.000000e+00  2.377587e-02  9.750537e-02
