 EB(GeV)    EMITTANCEx EMITTANCEy SIZEx(m)   SIZEy(m)   DIVx(rad)  DIVy(rad)
 2.411e+00  5.499e-09  1.017e-12  8.711e-05  1.009e-06  6.313e-05  1.009e-06
 betax      alphax     betay      alphay     eta        deta       E_spread  
 1.380e+00  0.000e+00  1.000e+00  0.000e+00  0.000e+00  0.000e+00  8.600e-04
 Ibeam(A)   period(cm) #periods   Kx         Ky         Energy(eV)
 4.005e-01  1.900e+00         96  0.000e+00  1.780e+00  1.000e+04


           x            y       F.Density            PL            PC          PL45        1-|PL|
          mm           mm  ph/s/mr^2/0.1%             -             -             -             -
-7.00000e+00 -4.00000e+00       9.621e+06 -5.409735e-01  0.000000e+00 -4.619717e-01  4.590265e-01
-6.30000e+00 -4.00000e+00       8.003e+07 -4.518529e-01  0.000000e+00 -4.989401e-01  5.481471e-01
-5.60000e+00 -4.00000e+00       3.037e+08 -3.031461e-01  0.000000e+00 -5.448706e-01  6.968539e-01
-4.90000e+00 -4.00000e+00       6.664e+08 -1.218981e-01  0.000000e+00 -6.052665e-01  8.781019e-01
-4.20000e+00 -4.00000e+00       1.040e+09  7.311141e-03  0.000000e+00 -6.862922e-01  9.926889e-01
-3.50000e+00 -4.00000e+00       1.607e+09  1.801613e-01  0.000000e+00 -5.529108e-01  8.198387e-01
-2.80000e+00 -4.00000e+00       3.537e+09  3.995578e-01  0.000000e+00 -1.495787e-01  6.004422e-01
-2.10000e+00 -4.00000e+00       8.385e+09  7.816708e-01  0.000000e+00  2.095503e-01  2.183292e-01
-1.40000e+00 -4.00000e+00       9.380e+09  7.849879e-02  0.000000e+00  6.126461e-01  9.215012e-01
-7.00000e-01 -4.00000e+00       1.322e+11  6.995977e-01  0.000000e+00  3.113948e-02  3.004023e-01
 0.00000e+00 -4.00000e+00       2.816e+11  7.653283e-01  0.000000e+00  1.134066e-15  2.346717e-01
 7.00000e-01 -4.00000e+00       1.322e+11  6.995977e-01  0.000000e+00 -3.113948e-02  3.004023e-01
 1.40000e+00 -4.00000e+00       9.380e+09  7.849879e-02  0.000000e+00 -6.126461e-01  9.215012e-01
 2.10000e+00 -4.00000e+00       8.385e+09  7.816708e-01  0.000000e+00 -2.095503e-01  2.183292e-01
 2.80000e+00 -4.00000e+00       3.537e+09  3.995578e-01  0.000000e+00  1.495787e-01  6.004422e-01
 3.50000e+00 -4.00000e+00       1.607e+09  1.801613e-01  0.000000e+00  5.529108e-01  8.198387e-01
 4.20000e+00 -4.00000e+00       1.040e+09  7.311141e-03  0.000000e+00  6.862922e-01  9.926889e-01
 4.90000e+00 -4.00000e+00       6.664e+08 -1.218981e-01  0.000000e+00  6.052665e-01  8.781019e-01
 5.60000e+00 -4.00000e+00       3.037e+08 -3.031461e-01  0.000000e+00  5.448706e-01  6.968539e-01
 6.30000e+00 -4.00000e+00       8.003e+07 -4.518529e-01  0.000000e+00  4.989401e-01  5.481471e-01
 7.00000e+00 -4.00000e+00       9.621e+06 -5.409735e-01  0.000000e+00  4.619717e-01  4.590265e-01
-7.00000e+00 -3.60000e+00       6.035e+07 -7.205025e-01  0.000000e+00 -1.684993e-01  2.794975e-01
-6.30000e+00 -3.60000e+00       2.187e+08 -5.999227e-01  0.000000e+00 -3.162386e-01  4.000773e-01
-5.60000e+00 -3.60000e+00       5.346e+08 -3.757411e-01  0.000000e+00 -4.709891e-01  6.242589e-01
-4.90000e+00 -3.60000e+00       1.075e+09 -1.225490e-01  0.000000e+00 -5.774509e-01  8.774510e-01
-4.20000e+00 -3.60000e+00       1.783e+09  5.013794e-02  0.000000e+00 -6.350765e-01  9.498621e-01
-3.50000e+00 -3.60000e+00       2.874e+09  2.269669e-01  0.000000e+00 -4.912184e-01  7.730331e-01
-2.80000e+00 -3.60000e+00       5.976e+09  4.030984e-01  0.000000e+00 -1.450136e-01  5.969016e-01
-2.10000e+00 -3.60000e+00       1.301e+10  7.056125e-01  0.000000e+00  2.016705e-01  2.943875e-01
-1.40000e+00 -3.60000e+00       1.287e+10  3.617470e-01  0.000000e+00  6.585172e-01  6.382530e-01
-7.00000e-01 -3.60000e+00       1.571e+11  7.059931e-01  0.000000e+00  3.614200e-02  2.940069e-01
 0.00000e+00 -3.60000e+00       3.391e+11  7.666260e-01  0.000000e+00  1.450397e-15  2.333740e-01
 7.00000e-01 -3.60000e+00       1.571e+11  7.059931e-01  0.000000e+00 -3.614200e-02  2.940069e-01
 1.40000e+00 -3.60000e+00       1.287e+10  3.617470e-01  0.000000e+00 -6.585172e-01  6.382530e-01
 2.10000e+00 -3.60000e+00       1.301e+10  7.056125e-01  0.000000e+00 -2.016705e-01  2.943875e-01
 2.80000e+00 -3.60000e+00       5.976e+09  4.030984e-01  0.000000e+00  1.450136e-01  5.969016e-01
 3.50000e+00 -3.60000e+00       2.874e+09  2.269669e-01  0.000000e+00  4.912184e-01  7.730331e-01
 4.20000e+00 -3.60000e+00       1.783e+09  5.013794e-02  0.000000e+00  6.350765e-01  9.498621e-01
 4.90000e+00 -3.60000e+00       1.075e+09 -1.225490e-01  0.000000e+00  5.774509e-01  8.774510e-01
 5.60000e+00 -3.60000e+00       5.346e+08 -3.757411e-01  0.000000e+00  4.709891e-01  6.242589e-01
 6.30000e+00 -3.60000e+00       2.187e+08 -5.999227e-01  0.000000e+00  3.162386e-01  4.000773e-01
 7.00000e+00 -3.60000e+00       6.035e+07 -7.205025e-01  0.000000e+00  1.684993e-01  2.794975e-01
-7.00000e+00 -3.20000e+00       1.154e+08 -7.364648e-01  0.000000e+00  4.734337e-02  2.635352e-01
-6.30000e+00 -3.20000e+00       3.114e+08 -6.232580e-01  0.000000e+00 -1.927972e-01  3.767420e-01
-5.60000e+00 -3.20000e+00       7.049e+08 -3.676996e-01  0.000000e+00 -4.186506e-01  6.323004e-01
-4.90000e+00 -3.20000e+00       1.525e+09 -7.394771e-02  0.000000e+00 -5.196916e-01  9.260523e-01
-4.20000e+00 -3.20000e+00       3.198e+09  1.176763e-01  0.000000e+00 -4.779327e-01  8.823237e-01
-3.50000e+00 -3.20000e+00       7.713e+09  2.511525e-01  0.000000e+00 -2.700587e-01  7.488475e-01
-2.80000e+00 -3.20000e+00       2.032e+10  3.243805e-01  0.000000e+00 -2.955074e-02  6.756195e-01
-2.10000e+00 -3.20000e+00       4.600e+10  4.389745e-01  0.000000e+00  2.110834e-01  5.610255e-01
-1.40000e+00 -3.20000e+00       5.749e+10  3.686967e-01  0.000000e+00  4.809817e-01  6.313033e-01
-7.00000e-01 -3.20000e+00       1.638e+11  8.424102e-01  0.000000e+00  1.473132e-01  1.575898e-01
 0.00000e+00 -3.20000e+00       3.738e+11  9.826422e-01  0.000000e+00 -2.135023e-16  1.735778e-02
 7.00000e-01 -3.20000e+00       1.638e+11  8.424102e-01  0.000000e+00 -1.473132e-01  1.575898e-01
 1.40000e+00 -3.20000e+00       5.749e+10  3.686967e-01  0.000000e+00 -4.809817e-01  6.313033e-01
 2.10000e+00 -3.20000e+00       4.600e+10  4.389745e-01  0.000000e+00 -2.110834e-01  5.610255e-01
 2.80000e+00 -3.20000e+00       2.032e+10  3.243805e-01  0.000000e+00  2.955074e-02  6.756195e-01
 3.50000e+00 -3.20000e+00       7.713e+09  2.511525e-01  0.000000e+00  2.700587e-01  7.488475e-01
 4.20000e+00 -3.20000e+00       3.198e+09  1.176763e-01  0.000000e+00  4.779327e-01  8.823237e-01
 4.90000e+00 -3.20000e+00       1.525e+09 -7.394771e-02  0.000000e+00  5.196916e-01  9.260523e-01
 5.60000e+00 -3.20000e+00       7.049e+08 -3.676996e-01  0.000000e+00  4.186506e-01  6.323004e-01
 6.30000e+00 -3.20000e+00       3.114e+08 -6.232580e-01  0.000000e+00  1.927972e-01  3.767420e-01
 7.00000e+00 -3.20000e+00       1.154e+08 -7.364648e-01  0.000000e+00 -4.734337e-02  2.635352e-01
-7.00000e+00 -2.80000e+00       1.510e+08 -6.764380e-01  0.000000e+00  2.049629e-01  3.235620e-01
-6.30000e+00 -2.80000e+00       4.268e+08 -4.899388e-01  0.000000e+00 -1.048331e-01  5.100612e-01
-5.60000e+00 -2.80000e+00       1.488e+09 -1.898272e-01  0.000000e+00 -2.591950e-01  8.101728e-01
-4.90000e+00 -2.80000e+00       6.501e+09 -9.615836e-02  0.000000e+00 -3.735447e-01  9.038416e-01
-4.20000e+00 -2.80000e+00       2.698e+10 -1.666007e-03  0.000000e+00 -4.516956e-01  9.983340e-01
-3.50000e+00 -2.80000e+00       1.075e+11  1.010821e-01  0.000000e+00 -3.088151e-01  8.989179e-01
-2.80000e+00 -2.80000e+00       3.768e+11  1.638286e-01  0.000000e+00 -1.495840e-01  8.361714e-01
-2.10000e+00 -2.80000e+00       8.017e+11  1.257451e-01  0.000000e+00 -4.085793e-02  8.742549e-01
-1.40000e+00 -2.80000e+00       1.370e+12  2.393031e-01  0.000000e+00  1.395659e-01  7.606969e-01
-7.00000e-01 -2.80000e+00       2.572e+12  5.372494e-01  0.000000e+00  2.023346e-01  4.627506e-01
 0.00000e+00 -2.80000e+00       3.367e+12  6.182484e-01  0.000000e+00 -1.236686e-15  3.817516e-01
 7.00000e-01 -2.80000e+00       2.572e+12  5.372494e-01  0.000000e+00 -2.023346e-01  4.627506e-01
 1.40000e+00 -2.80000e+00       1.370e+12  2.393031e-01  0.000000e+00 -1.395659e-01  7.606969e-01
 2.10000e+00 -2.80000e+00       8.017e+11  1.257451e-01  0.000000e+00  4.085793e-02  8.742549e-01
 2.80000e+00 -2.80000e+00       3.768e+11  1.638286e-01  0.000000e+00  1.495840e-01  8.361714e-01
 3.50000e+00 -2.80000e+00       1.075e+11  1.010821e-01  0.000000e+00  3.088151e-01  8.989179e-01
 4.20000e+00 -2.80000e+00       2.698e+10 -1.666007e-03  0.000000e+00  4.516956e-01  9.983340e-01
 4.90000e+00 -2.80000e+00       6.501e+09 -9.615836e-02  0.000000e+00  3.735447e-01  9.038416e-01
 5.60000e+00 -2.80000e+00       1.488e+09 -1.898272e-01  0.000000e+00  2.591950e-01  8.101728e-01
 6.30000e+00 -2.80000e+00       4.268e+08 -4.899388e-01  0.000000e+00  1.048331e-01  5.100612e-01
 7.00000e+00 -2.80000e+00       1.510e+08 -6.764380e-01  0.000000e+00 -2.049629e-01  3.235620e-01
-7.00000e+00 -2.40000e+00       2.250e+08 -5.510410e-01  0.000000e+00  2.398287e-01  4.489590e-01
-6.30000e+00 -2.40000e+00       1.229e+09 -6.598505e-02  0.000000e+00 -3.163585e-01  9.340150e-01
-5.60000e+00 -2.40000e+00       1.195e+10  4.753325e-01  0.000000e+00 -2.441992e-01  5.246675e-01
-4.90000e+00 -2.40000e+00       9.029e+10  4.945057e-01  0.000000e+00  6.183069e-02  5.054943e-01
-4.20000e+00 -2.40000e+00       4.430e+11  2.833703e-01  0.000000e+00  9.753556e-02  7.166297e-01
-3.50000e+00 -2.40000e+00       1.621e+12  2.662634e-01  0.000000e+00 -3.745298e-02  7.337366e-01
-2.80000e+00 -2.40000e+00       4.352e+12  3.108659e-01  0.000000e+00  1.444136e-02  6.891341e-01
-2.10000e+00 -2.40000e+00       8.627e+12  3.152252e-01  0.000000e+00  2.368088e-01  6.847748e-01
-1.40000e+00 -2.40000e+00       1.262e+13  4.361096e-01  0.000000e+00  5.217886e-01  5.638904e-01
-7.00000e-01 -2.40000e+00       9.843e+12  5.563859e-01  0.000000e+00  6.520860e-01  4.436141e-01
 0.00000e+00 -2.40000e+00       5.119e+12  5.943170e-01  0.000000e+00  8.379841e-15  4.056830e-01
 7.00000e-01 -2.40000e+00       9.843e+12  5.563859e-01  0.000000e+00 -6.520860e-01  4.436141e-01
 1.40000e+00 -2.40000e+00       1.262e+13  4.361096e-01  0.000000e+00 -5.217886e-01  5.638904e-01
 2.10000e+00 -2.40000e+00       8.627e+12  3.152252e-01  0.000000e+00 -2.368088e-01  6.847748e-01
 2.80000e+00 -2.40000e+00       4.352e+12  3.108659e-01  0.000000e+00 -1.444136e-02  6.891341e-01
 3.50000e+00 -2.40000e+00       1.621e+12  2.662634e-01  0.000000e+00  3.745298e-02  7.337366e-01
 4.20000e+00 -2.40000e+00       4.430e+11  2.833703e-01  0.000000e+00 -9.753556e-02  7.166297e-01
 4.90000e+00 -2.40000e+00       9.029e+10  4.945057e-01  0.000000e+00 -6.183069e-02  5.054943e-01
 5.60000e+00 -2.40000e+00       1.195e+10  4.753325e-01  0.000000e+00  2.441992e-01  5.246675e-01
 6.30000e+00 -2.40000e+00       1.229e+09 -6.598505e-02  0.000000e+00  3.163585e-01  9.340150e-01
 7.00000e+00 -2.40000e+00       2.250e+08 -5.510410e-01  0.000000e+00 -2.398287e-01  4.489590e-01
-7.00000e+00 -2.00000e+00       8.842e+08 -1.156161e-01  0.000000e+00  6.670187e-01  8.843839e-01
-6.30000e+00 -2.00000e+00       1.026e+10 -2.721423e-01  0.000000e+00  4.528164e-01  7.278577e-01
-5.60000e+00 -2.00000e+00       9.699e+10 -2.871816e-01  0.000000e+00  5.799800e-02  7.128184e-01
-4.90000e+00 -2.00000e+00       8.028e+11  2.709259e-01  0.000000e+00  5.209935e-02  7.290741e-01
-4.20000e+00 -2.00000e+00       5.515e+12  6.122981e-01  0.000000e+00  2.954315e-01  3.877019e-01
-3.50000e+00 -2.00000e+00       1.770e+13  5.368050e-01  0.000000e+00  4.149481e-01  4.631950e-01
-2.80000e+00 -2.00000e+00       2.356e+13  3.736711e-01  0.000000e+00  4.478205e-01  6.263289e-01
-2.10000e+00 -2.00000e+00       2.369e+13  4.401827e-01  0.000000e+00  3.433980e-01  5.598173e-01
-1.40000e+00 -2.00000e+00       8.748e+13  6.965368e-01  0.000000e+00  5.333925e-02  3.034632e-01
-7.00000e-01 -2.00000e+00       3.687e+14  7.587612e-01  0.000000e+00 -2.056996e-02  2.412388e-01
 0.00000e+00 -2.00000e+00       6.171e+14  7.647635e-01  0.000000e+00 -3.380116e-15  2.352365e-01
 7.00000e-01 -2.00000e+00       3.687e+14  7.587612e-01  0.000000e+00  2.056996e-02  2.412388e-01
 1.40000e+00 -2.00000e+00       8.748e+13  6.965368e-01  0.000000e+00 -5.333925e-02  3.034632e-01
 2.10000e+00 -2.00000e+00       2.369e+13  4.401827e-01  0.000000e+00 -3.433980e-01  5.598173e-01
 2.80000e+00 -2.00000e+00       2.356e+13  3.736711e-01  0.000000e+00 -4.478205e-01  6.263289e-01
 3.50000e+00 -2.00000e+00       1.770e+13  5.368050e-01  0.000000e+00 -4.149481e-01  4.631950e-01
 4.20000e+00 -2.00000e+00       5.515e+12  6.122981e-01  0.000000e+00 -2.954315e-01  3.877019e-01
 4.90000e+00 -2.00000e+00       8.028e+11  2.709259e-01  0.000000e+00 -5.209935e-02  7.290741e-01
 5.60000e+00 -2.00000e+00       9.699e+10 -2.871816e-01  0.000000e+00 -5.799800e-02  7.128184e-01
 6.30000e+00 -2.00000e+00       1.026e+10 -2.721423e-01  0.000000e+00 -4.528164e-01  7.278577e-01
 7.00000e+00 -2.00000e+00       8.842e+08 -1.156161e-01  0.000000e+00 -6.670187e-01  8.843839e-01
-7.00000e+00 -1.60000e+00       6.405e+09  8.477639e-01  0.000000e+00  2.466037e-01  1.522361e-01
-6.30000e+00 -1.60000e+00       9.674e+10  7.076832e-01  0.000000e+00  4.580861e-01  2.923168e-01
-5.60000e+00 -1.60000e+00       8.502e+11  3.846779e-01  0.000000e+00  5.229157e-01  6.153221e-01
-4.90000e+00 -1.60000e+00       5.026e+12  1.015824e-01  0.000000e+00  1.592626e-01  8.984176e-01
-4.20000e+00 -1.60000e+00       2.376e+13  2.447193e-01  0.000000e+00 -2.691595e-01  7.552807e-01
-3.50000e+00 -1.60000e+00       7.632e+13  4.892692e-01  0.000000e+00 -2.300891e-01  5.107308e-01
-2.80000e+00 -1.60000e+00       1.595e+14  5.286891e-01  0.000000e+00 -5.947837e-02  4.713109e-01
-2.10000e+00 -1.60000e+00       2.842e+14  5.515104e-01  0.000000e+00 -1.237735e-01  4.484896e-01
-1.40000e+00 -1.60000e+00       5.220e+14  7.066570e-01  0.000000e+00 -1.683382e-01  2.933430e-01
-7.00000e-01 -1.60000e+00       9.625e+14  8.803488e-01  0.000000e+00 -4.976939e-02  1.196512e-01
 0.00000e+00 -1.60000e+00       1.220e+15  9.345715e-01  0.000000e+00  1.424036e-16  6.542851e-02
 7.00000e-01 -1.60000e+00       9.625e+14  8.803488e-01  0.000000e+00  4.976939e-02  1.196512e-01
 1.40000e+00 -1.60000e+00       5.220e+14  7.066570e-01  0.000000e+00  1.683382e-01  2.933430e-01
 2.10000e+00 -1.60000e+00       2.842e+14  5.515104e-01  0.000000e+00  1.237735e-01  4.484896e-01
 2.80000e+00 -1.60000e+00       1.595e+14  5.286891e-01  0.000000e+00  5.947837e-02  4.713109e-01
 3.50000e+00 -1.60000e+00       7.632e+13  4.892692e-01  0.000000e+00  2.300891e-01  5.107308e-01
 4.20000e+00 -1.60000e+00       2.376e+13  2.447193e-01  0.000000e+00  2.691595e-01  7.552807e-01
 4.90000e+00 -1.60000e+00       5.026e+12  1.015824e-01  0.000000e+00 -1.592626e-01  8.984176e-01
 5.60000e+00 -1.60000e+00       8.502e+11  3.846779e-01  0.000000e+00 -5.229157e-01  6.153221e-01
 6.30000e+00 -1.60000e+00       9.674e+10  7.076832e-01  0.000000e+00 -4.580861e-01  2.923168e-01
 7.00000e+00 -1.60000e+00       6.405e+09  8.477639e-01  0.000000e+00 -2.466037e-01  1.522361e-01
-7.00000e+00 -1.20000e+00       3.749e+10  9.329164e-01  0.000000e+00 -2.284502e-01  6.708362e-02
-6.30000e+00 -1.20000e+00       6.264e+11  9.497251e-01  0.000000e+00 -3.073075e-02  5.027492e-02
-5.60000e+00 -1.20000e+00       5.739e+12  8.928710e-01  0.000000e+00  1.964013e-01  1.071290e-01
-4.90000e+00 -1.20000e+00       2.862e+13  7.196963e-01  0.000000e+00  3.720778e-01  2.803037e-01
-4.20000e+00 -1.20000e+00       9.116e+13  4.914790e-01  0.000000e+00  2.353026e-01  5.085210e-01
-3.50000e+00 -1.20000e+00       2.596e+14  5.341607e-01  0.000000e+00 -1.371886e-01  4.658393e-01
-2.80000e+00 -1.20000e+00       5.667e+14  6.704586e-01  0.000000e+00 -1.771765e-01  3.295414e-01
-2.10000e+00 -1.20000e+00       8.061e+14  6.173267e-01  0.000000e+00 -9.883771e-02  3.826733e-01
-1.40000e+00 -1.20000e+00       1.233e+15  4.675752e-01  0.000000e+00  5.304003e-02  5.324248e-01
-7.00000e-01 -1.20000e+00       3.435e+15  4.806593e-01  0.000000e+00  9.866653e-02  5.193407e-01
 0.00000e+00 -1.20000e+00       5.676e+15  4.942776e-01  0.000000e+00 -4.980352e-15  5.057224e-01
 7.00000e-01 -1.20000e+00       3.435e+15  4.806593e-01  0.000000e+00 -9.866653e-02  5.193407e-01
 1.40000e+00 -1.20000e+00       1.233e+15  4.675752e-01  0.000000e+00 -5.304003e-02  5.324248e-01
 2.10000e+00 -1.20000e+00       8.061e+14  6.173267e-01  0.000000e+00  9.883771e-02  3.826733e-01
 2.80000e+00 -1.20000e+00       5.667e+14  6.704586e-01  0.000000e+00  1.771765e-01  3.295414e-01
 3.50000e+00 -1.20000e+00       2.596e+14  5.341607e-01  0.000000e+00  1.371886e-01  4.658393e-01
 4.20000e+00 -1.20000e+00       9.116e+13  4.914790e-01  0.000000e+00 -2.353026e-01  5.085210e-01
 4.90000e+00 -1.20000e+00       2.862e+13  7.196963e-01  0.000000e+00 -3.720778e-01  2.803037e-01
 5.60000e+00 -1.20000e+00       5.739e+12  8.928710e-01  0.000000e+00 -1.964013e-01  1.071290e-01
 6.30000e+00 -1.20000e+00       6.264e+11  9.497251e-01  0.000000e+00  3.073075e-02  5.027492e-02
 7.00000e+00 -1.20000e+00       3.749e+10  9.329164e-01  0.000000e+00  2.284502e-01  6.708362e-02
-7.00000e+00 -8.00000e-01       1.141e+11  9.002549e-01  0.000000e+00 -3.904146e-01  9.974506e-02
-6.30000e+00 -8.00000e-01       2.072e+12  9.457837e-01  0.000000e+00 -2.550893e-01  5.421634e-02
-5.60000e+00 -8.00000e-01       2.015e+13  9.672209e-01  0.000000e+00 -1.005663e-01  3.277906e-02
-4.90000e+00 -8.00000e-01       1.029e+14  9.496980e-01  0.000000e+00  6.883526e-02  5.030200e-02
-4.20000e+00 -8.00000e-01       2.781e+14  8.614030e-01  0.000000e+00  2.041701e-01  1.385970e-01
-3.50000e+00 -8.00000e-01       5.217e+14  7.380311e-01  0.000000e+00  1.106701e-01  2.619689e-01
-2.80000e+00 -8.00000e-01       1.056e+15  7.762828e-01  0.000000e+00 -6.925439e-02  2.237172e-01
-2.10000e+00 -8.00000e-01       1.630e+15  7.959077e-01  0.000000e+00 -9.947842e-02  2.040923e-01
-1.40000e+00 -8.00000e-01       1.464e+15  6.574389e-01  0.000000e+00 -2.317915e-01  3.425611e-01
-7.00000e-01 -8.00000e-01       7.267e+14  3.517464e-01  0.000000e+00 -4.013933e-01  6.482536e-01
 0.00000e+00 -8.00000e-01       3.234e+14  2.613220e-02  0.000000e+00  8.772914e-15  9.738678e-01
 7.00000e-01 -8.00000e-01       7.267e+14  3.517464e-01  0.000000e+00  4.013933e-01  6.482536e-01
 1.40000e+00 -8.00000e-01       1.464e+15  6.574389e-01  0.000000e+00  2.317915e-01  3.425611e-01
 2.10000e+00 -8.00000e-01       1.630e+15  7.959077e-01  0.000000e+00  9.947842e-02  2.040923e-01
 2.80000e+00 -8.00000e-01       1.056e+15  7.762828e-01  0.000000e+00  6.925439e-02  2.237172e-01
 3.50000e+00 -8.00000e-01       5.217e+14  7.380311e-01  0.000000e+00 -1.106701e-01  2.619689e-01
 4.20000e+00 -8.00000e-01       2.781e+14  8.614030e-01  0.000000e+00 -2.041701e-01  1.385970e-01
 4.90000e+00 -8.00000e-01       1.029e+14  9.496980e-01  0.000000e+00 -6.883526e-02  5.030200e-02
 5.60000e+00 -8.00000e-01       2.015e+13  9.672209e-01  0.000000e+00  1.005663e-01  3.277906e-02
 6.30000e+00 -8.00000e-01       2.072e+12  9.457837e-01  0.000000e+00  2.550893e-01  5.421634e-02
 7.00000e+00 -8.00000e-01       1.141e+11  9.002549e-01  0.000000e+00  3.904146e-01  9.974506e-02
-7.00000e+00 -4.00000e-01       1.774e+11  9.456972e-01  0.000000e+00 -3.026272e-01  5.430277e-02
-6.30000e+00 -4.00000e-01       3.406e+12  9.690853e-01  0.000000e+00 -2.175461e-01  3.091465e-02
-5.60000e+00 -4.00000e-01       3.540e+13  9.839813e-01  0.000000e+00 -1.285855e-01  1.601868e-02
-4.90000e+00 -4.00000e-01       1.960e+14  9.887092e-01  0.000000e+00 -3.450766e-02  1.129076e-02
-4.20000e+00 -4.00000e-01       5.621e+14  9.772166e-01  0.000000e+00  5.855271e-02  2.278345e-02
-3.50000e+00 -4.00000e-01       9.245e+14  9.422372e-01  0.000000e+00  9.002192e-02  5.776278e-02
-2.80000e+00 -4.00000e-01       1.489e+15  9.295031e-01  0.000000e+00 -8.542297e-04  7.049687e-02
-2.10000e+00 -4.00000e-01       2.556e+15  9.518416e-01  0.000000e+00  4.129891e-03  4.815841e-02
-1.40000e+00 -4.00000e-01       3.951e+15  9.718881e-01  0.000000e+00  2.763118e-02  2.811186e-02
-7.00000e-01 -4.00000e-01       7.489e+15  9.832478e-01  0.000000e+00  1.425608e-04  1.675220e-02
 0.00000e+00 -4.00000e-01       1.092e+16  9.842001e-01  0.000000e+00  9.153196e-16  1.579991e-02
 7.00000e-01 -4.00000e-01       7.489e+15  9.832478e-01  0.000000e+00 -1.425608e-04  1.675220e-02
 1.40000e+00 -4.00000e-01       3.951e+15  9.718881e-01  0.000000e+00 -2.763118e-02  2.811186e-02
 2.10000e+00 -4.00000e-01       2.556e+15  9.518416e-01  0.000000e+00 -4.129891e-03  4.815841e-02
 2.80000e+00 -4.00000e-01       1.489e+15  9.295031e-01  0.000000e+00  8.542297e-04  7.049687e-02
 3.50000e+00 -4.00000e-01       9.245e+14  9.422372e-01  0.000000e+00 -9.002192e-02  5.776278e-02
 4.20000e+00 -4.00000e-01       5.621e+14  9.772166e-01  0.000000e+00 -5.855271e-02  2.278345e-02
 4.90000e+00 -4.00000e-01       1.960e+14  9.887092e-01  0.000000e+00  3.450766e-02  1.129076e-02
 5.60000e+00 -4.00000e-01       3.540e+13  9.839813e-01  0.000000e+00  1.285855e-01  1.601868e-02
 6.30000e+00 -4.00000e-01       3.406e+12  9.690853e-01  0.000000e+00  2.175461e-01  3.091465e-02
 7.00000e+00 -4.00000e-01       1.774e+11  9.456972e-01  0.000000e+00  3.026272e-01  5.430277e-02
-7.00000e+00  0.00000e+00       1.963e+11  9.999541e-01  0.000000e+00  1.059470e-13  4.593339e-05
-6.30000e+00  0.00000e+00       3.877e+12  9.999738e-01  0.000000e+00  4.186726e-13  2.619189e-05
-5.60000e+00  0.00000e+00       4.150e+13  9.999866e-01  0.000000e+00  9.712548e-13  1.340565e-05
-4.90000e+00  0.00000e+00       2.373e+14  9.999922e-01  0.000000e+00  1.380584e-12  7.798854e-06
-4.20000e+00  0.00000e+00       7.005e+14  9.999875e-01  0.000000e+00  1.353787e-12  1.245411e-05
-3.50000e+00  0.00000e+00       1.135e+15  9.999664e-01  0.000000e+00  1.100640e-12  3.361444e-05
-2.80000e+00  0.00000e+00       1.691e+15  9.999520e-01  0.000000e+00  6.530843e-13  4.796348e-05
-2.10000e+00  0.00000e+00       2.998e+15  9.999699e-01  0.000000e+00  2.762810e-13  3.013141e-05
-1.40000e+00  0.00000e+00       4.823e+15  9.999832e-01  0.000000e+00  1.178627e-13  1.677367e-05
-7.00000e-01  0.00000e+00       7.617e+15  9.999758e-01  0.000000e+00  4.646080e-14  2.419183e-05
 0.00000e+00  0.00000e+00       9.361e+15  9.999702e-01  0.000000e+00 -1.108636e-17  2.980742e-05
 7.00000e-01  0.00000e+00       7.617e+15  9.999758e-01  0.000000e+00 -4.647893e-14  2.419183e-05
 1.40000e+00  0.00000e+00       4.823e+15  9.999832e-01  0.000000e+00 -1.178594e-13  1.677367e-05
 2.10000e+00  0.00000e+00       2.998e+15  9.999699e-01  0.000000e+00 -2.762659e-13  3.013141e-05
 2.80000e+00  0.00000e+00       1.691e+15  9.999520e-01  0.000000e+00 -6.531063e-13  4.796348e-05
 3.50000e+00  0.00000e+00       1.135e+15  9.999664e-01  0.000000e+00 -1.100740e-12  3.361444e-05
 4.20000e+00  0.00000e+00       7.005e+14  9.999875e-01  0.000000e+00 -1.353808e-12  1.245411e-05
 4.90000e+00  0.00000e+00       2.373e+14  9.999922e-01  0.000000e+00 -1.380494e-12  7.798854e-06
 5.60000e+00  0.00000e+00       4.150e+13  9.999866e-01  0.000000e+00 -9.710224e-13  1.340565e-05
 6.30000e+00  0.00000e+00       3.877e+12  9.999738e-01  0.000000e+00 -4.182843e-13  2.619189e-05
 7.00000e+00  0.00000e+00       1.963e+11  9.999541e-01  0.000000e+00 -1.055554e-13  4.593339e-05
-7.00000e+00  4.00000e-01       1.774e+11  9.456972e-01  0.000000e+00  3.026272e-01  5.430277e-02
-6.30000e+00  4.00000e-01       3.406e+12  9.690853e-01  0.000000e+00  2.175461e-01  3.091465e-02
-5.60000e+00  4.00000e-01       3.540e+13  9.839813e-01  0.000000e+00  1.285855e-01  1.601868e-02
-4.90000e+00  4.00000e-01       1.960e+14  9.887092e-01  0.000000e+00  3.450766e-02  1.129076e-02
-4.20000e+00  4.00000e-01       5.621e+14  9.772166e-01  0.000000e+00 -5.855271e-02  2.278345e-02
-3.50000e+00  4.00000e-01       9.245e+14  9.422372e-01  0.000000e+00 -9.002192e-02  5.776278e-02
-2.80000e+00  4.00000e-01       1.489e+15  9.295031e-01  0.000000e+00  8.542297e-04  7.049687e-02
-2.10000e+00  4.00000e-01       2.556e+15  9.518416e-01  0.000000e+00 -4.129891e-03  4.815841e-02
-1.40000e+00  4.00000e-01       3.951e+15  9.718881e-01  0.000000e+00 -2.763118e-02  2.811186e-02
-7.00000e-01  4.00000e-01       7.489e+15  9.832478e-01  0.000000e+00 -1.425608e-04  1.675220e-02
 0.00000e+00  4.00000e-01       1.092e+16  9.842001e-01  0.000000e+00 -9.148730e-16  1.579991e-02
 7.00000e-01  4.00000e-01       7.489e+15  9.832478e-01  0.000000e+00  1.425608e-04  1.675220e-02
 1.40000e+00  4.00000e-01       3.951e+15  9.718881e-01  0.000000e+00  2.763118e-02  2.811186e-02
 2.10000e+00  4.00000e-01       2.556e+15  9.518416e-01  0.000000e+00  4.129891e-03  4.815841e-02
 2.80000e+00  4.00000e-01       1.489e+15  9.295031e-01  0.000000e+00 -8.542297e-04  7.049687e-02
 3.50000e+00  4.00000e-01       9.245e+14  9.422372e-01  0.000000e+00  9.002192e-02  5.776278e-02
 4.20000e+00  4.00000e-01       5.621e+14  9.772166e-01  0.000000e+00  5.855271e-02  2.278345e-02
 4.90000e+00  4.00000e-01       1.960e+14  9.887092e-01  0.000000e+00 -3.450766e-02  1.129076e-02
 5.60000e+00  4.00000e-01       3.540e+13  9.839813e-01  0.000000e+00 -1.285855e-01  1.601868e-02
 6.30000e+00  4.00000e-01       3.406e+12  9.690853e-01  0.000000e+00 -2.175461e-01  3.091465e-02
 7.00000e+00  4.00000e-01       1.774e+11  9.456972e-01  0.000000e+00 -3.026272e-01  5.430277e-02
-7.00000e+00  8.00000e-01       1.141e+11  9.002549e-01  0.000000e+00  3.904146e-01  9.974506e-02
-6.30000e+00  8.00000e-01       2.072e+12  9.457837e-01  0.000000e+00  2.550893e-01  5.421634e-02
-5.60000e+00  8.00000e-01       2.015e+13  9.672209e-01  0.000000e+00  1.005663e-01  3.277906e-02
-4.90000e+00  8.00000e-01       1.029e+14  9.496980e-01  0.000000e+00 -6.883526e-02  5.030200e-02
-4.20000e+00  8.00000e-01       2.781e+14  8.614030e-01  0.000000e+00 -2.041701e-01  1.385970e-01
-3.50000e+00  8.00000e-01       5.217e+14  7.380311e-01  0.000000e+00 -1.106701e-01  2.619689e-01
-2.80000e+00  8.00000e-01       1.056e+15  7.762828e-01  0.000000e+00  6.925439e-02  2.237172e-01
-2.10000e+00  8.00000e-01       1.630e+15  7.959077e-01  0.000000e+00  9.947842e-02  2.040923e-01
-1.40000e+00  8.00000e-01       1.464e+15  6.574389e-01  0.000000e+00  2.317915e-01  3.425611e-01
-7.00000e-01  8.00000e-01       7.267e+14  3.517464e-01  0.000000e+00  4.013933e-01  6.482536e-01
 0.00000e+00  8.00000e-01       3.234e+14  2.613220e-02  0.000000e+00 -8.431652e-15  9.738678e-01
 7.00000e-01  8.00000e-01       7.267e+14  3.517464e-01  0.000000e+00 -4.013933e-01  6.482536e-01
 1.40000e+00  8.00000e-01       1.464e+15  6.574389e-01  0.000000e+00 -2.317915e-01  3.425611e-01
 2.10000e+00  8.00000e-01       1.630e+15  7.959077e-01  0.000000e+00 -9.947842e-02  2.040923e-01
 2.80000e+00  8.00000e-01       1.056e+15  7.762828e-01  0.000000e+00 -6.925439e-02  2.237172e-01
 3.50000e+00  8.00000e-01       5.217e+14  7.380311e-01  0.000000e+00  1.106701e-01  2.619689e-01
 4.20000e+00  8.00000e-01       2.781e+14  8.614030e-01  0.000000e+00  2.041701e-01  1.385970e-01
 4.90000e+00  8.00000e-01       1.029e+14  9.496980e-01  0.000000e+00  6.883526e-02  5.030200e-02
 5.60000e+00  8.00000e-01       2.015e+13  9.672209e-01  0.000000e+00 -1.005663e-01  3.277906e-02
 6.30000e+00  8.00000e-01       2.072e+12  9.457837e-01  0.000000e+00 -2.550893e-01  5.421634e-02
 7.00000e+00  8.00000e-01       1.141e+11  9.002549e-01  0.000000e+00 -3.904146e-01  9.974506e-02
-7.00000e+00  1.20000e+00       3.749e+10  9.329164e-01  0.000000e+00  2.284502e-01  6.708362e-02
-6.30000e+00  1.20000e+00       6.264e+11  9.497251e-01  0.000000e+00  3.073075e-02  5.027492e-02
-5.60000e+00  1.20000e+00       5.739e+12  8.928710e-01  0.000000e+00 -1.964013e-01  1.071290e-01
-4.90000e+00  1.20000e+00       2.862e+13  7.196963e-01  0.000000e+00 -3.720778e-01  2.803037e-01
-4.20000e+00  1.20000e+00       9.116e+13  4.914790e-01  0.000000e+00 -2.353026e-01  5.085210e-01
-3.50000e+00  1.20000e+00       2.596e+14  5.341607e-01  0.000000e+00  1.371886e-01  4.658393e-01
-2.80000e+00  1.20000e+00       5.667e+14  6.704586e-01  0.000000e+00  1.771765e-01  3.295414e-01
-2.10000e+00  1.20000e+00       8.061e+14  6.173267e-01  0.000000e+00  9.883771e-02  3.826733e-01
-1.40000e+00  1.20000e+00       1.233e+15  4.675752e-01  0.000000e+00 -5.304003e-02  5.324248e-01
-7.00000e-01  1.20000e+00       3.435e+15  4.806593e-01  0.000000e+00 -9.866653e-02  5.193407e-01
 0.00000e+00  1.20000e+00       5.676e+15  4.942776e-01  0.000000e+00  5.305915e-15  5.057224e-01
 7.00000e-01  1.20000e+00       3.435e+15  4.806593e-01  0.000000e+00  9.866653e-02  5.193407e-01
 1.40000e+00  1.20000e+00       1.233e+15  4.675752e-01  0.000000e+00  5.304003e-02  5.324248e-01
 2.10000e+00  1.20000e+00       8.061e+14  6.173267e-01  0.000000e+00 -9.883771e-02  3.826733e-01
 2.80000e+00  1.20000e+00       5.667e+14  6.704586e-01  0.000000e+00 -1.771765e-01  3.295414e-01
 3.50000e+00  1.20000e+00       2.596e+14  5.341607e-01  0.000000e+00 -1.371886e-01  4.658393e-01
 4.20000e+00  1.20000e+00       9.116e+13  4.914790e-01  0.000000e+00  2.353026e-01  5.085210e-01
 4.90000e+00  1.20000e+00       2.862e+13  7.196963e-01  0.000000e+00  3.720778e-01  2.803037e-01
 5.60000e+00  1.20000e+00       5.739e+12  8.928710e-01  0.000000e+00  1.964013e-01  1.071290e-01
 6.30000e+00  1.20000e+00       6.264e+11  9.497251e-01  0.000000e+00 -3.073075e-02  5.027492e-02
 7.00000e+00  1.20000e+00       3.749e+10  9.329164e-01  0.000000e+00 -2.284502e-01  6.708362e-02
-7.00000e+00  1.60000e+00       6.405e+09  8.477639e-01  0.000000e+00 -2.466037e-01  1.522361e-01
-6.30000e+00  1.60000e+00       9.674e+10  7.076832e-01  0.000000e+00 -4.580861e-01  2.923168e-01
-5.60000e+00  1.60000e+00       8.502e+11  3.846779e-01  0.000000e+00 -5.229157e-01  6.153221e-01
-4.90000e+00  1.60000e+00       5.026e+12  1.015824e-01  0.000000e+00 -1.592626e-01  8.984176e-01
-4.20000e+00  1.60000e+00       2.376e+13  2.447193e-01  0.000000e+00  2.691595e-01  7.552807e-01
-3.50000e+00  1.60000e+00       7.632e+13  4.892692e-01  0.000000e+00  2.300891e-01  5.107308e-01
-2.80000e+00  1.60000e+00       1.595e+14  5.286891e-01  0.000000e+00  5.947837e-02  4.713109e-01
-2.10000e+00  1.60000e+00       2.842e+14  5.515104e-01  0.000000e+00  1.237735e-01  4.484896e-01
-1.40000e+00  1.60000e+00       5.220e+14  7.066570e-01  0.000000e+00  1.683382e-01  2.933430e-01
-7.00000e-01  1.60000e+00       9.625e+14  8.803488e-01  0.000000e+00  4.976939e-02  1.196512e-01
 0.00000e+00  1.60000e+00       1.220e+15  9.345715e-01  0.000000e+00 -1.404127e-16  6.542851e-02
 7.00000e-01  1.60000e+00       9.625e+14  8.803488e-01  0.000000e+00 -4.976939e-02  1.196512e-01
 1.40000e+00  1.60000e+00       5.220e+14  7.066570e-01  0.000000e+00 -1.683382e-01  2.933430e-01
 2.10000e+00  1.60000e+00       2.842e+14  5.515104e-01  0.000000e+00 -1.237735e-01  4.484896e-01
 2.80000e+00  1.60000e+00       1.595e+14  5.286891e-01  0.000000e+00 -5.947837e-02  4.713109e-01
 3.50000e+00  1.60000e+00       7.632e+13  4.892692e-01  0.000000e+00 -2.300891e-01  5.107308e-01
 4.20000e+00  1.60000e+00       2.376e+13  2.447193e-01  0.000000e+00 -2.691595e-01  7.552807e-01
 4.90000e+00  1.60000e+00       5.026e+12  1.015824e-01  0.000000e+00  1.592626e-01  8.984176e-01
 5.60000e+00  1.60000e+00       8.502e+11  3.846779e-01  0.000000e+00  5.229157e-01  6.153221e-01
 6.30000e+00  1.60000e+00       9.674e+10  7.076832e-01  0.000000e+00  4.580861e-01  2.923168e-01
 7.00000e+00  1.60000e+00       6.405e+09  8.477639e-01  0.000000e+00  2.466037e-01  1.522361e-01
-7.00000e+00  2.00000e+00       8.842e+08 -1.156161e-01  0.000000e+00 -6.670187e-01  8.843839e-01
-6.30000e+00  2.00000e+00       1.026e+10 -2.721423e-01  0.000000e+00 -4.528164e-01  7.278577e-01
-5.60000e+00  2.00000e+00       9.699e+10 -2.871816e-01  0.000000e+00 -5.799800e-02  7.128184e-01
-4.90000e+00  2.00000e+00       8.028e+11  2.709259e-01  0.000000e+00 -5.209934e-02  7.290741e-01
-4.20000e+00  2.00000e+00       5.515e+12  6.122981e-01  0.000000e+00 -2.954315e-01  3.877019e-01
-3.50000e+00  2.00000e+00       1.770e+13  5.368050e-01  0.000000e+00 -4.149481e-01  4.631950e-01
-2.80000e+00  2.00000e+00       2.356e+13  3.736711e-01  0.000000e+00 -4.478205e-01  6.263289e-01
-2.10000e+00  2.00000e+00       2.369e+13  4.401827e-01  0.000000e+00 -3.433980e-01  5.598173e-01
-1.40000e+00  2.00000e+00       8.748e+13  6.965368e-01  0.000000e+00 -5.333925e-02  3.034632e-01
-7.00000e-01  2.00000e+00       3.687e+14  7.587612e-01  0.000000e+00  2.056996e-02  2.412388e-01
 0.00000e+00  2.00000e+00       6.171e+14  7.647635e-01  0.000000e+00  3.380482e-15  2.352365e-01
 7.00000e-01  2.00000e+00       3.687e+14  7.587612e-01  0.000000e+00 -2.056996e-02  2.412388e-01
 1.40000e+00  2.00000e+00       8.748e+13  6.965368e-01  0.000000e+00  5.333925e-02  3.034632e-01
 2.10000e+00  2.00000e+00       2.369e+13  4.401827e-01  0.000000e+00  3.433980e-01  5.598173e-01
 2.80000e+00  2.00000e+00       2.356e+13  3.736711e-01  0.000000e+00  4.478205e-01  6.263289e-01
 3.50000e+00  2.00000e+00       1.770e+13  5.368050e-01  0.000000e+00  4.149481e-01  4.631950e-01
 4.20000e+00  2.00000e+00       5.515e+12  6.122981e-01  0.000000e+00  2.954315e-01  3.877019e-01
 4.90000e+00  2.00000e+00       8.028e+11  2.709259e-01  0.000000e+00  5.209934e-02  7.290741e-01
 5.60000e+00  2.00000e+00       9.699e+10 -2.871816e-01  0.000000e+00  5.799800e-02  7.128184e-01
 6.30000e+00  2.00000e+00       1.026e+10 -2.721423e-01  0.000000e+00  4.528164e-01  7.278577e-01
 7.00000e+00  2.00000e+00       8.842e+08 -1.156161e-01  0.000000e+00  6.670187e-01  8.843839e-01
-7.00000e+00  2.40000e+00       2.250e+08 -5.510410e-01  0.000000e+00 -2.398287e-01  4.489590e-01
-6.30000e+00  2.40000e+00       1.229e+09 -6.598505e-02  0.000000e+00  3.163585e-01  9.340150e-01
-5.60000e+00  2.40000e+00       1.195e+10  4.753325e-01  0.000000e+00  2.441992e-01  5.246675e-01
-4.90000e+00  2.40000e+00       9.029e+10  4.945057e-01  0.000000e+00 -6.183068e-02  5.054943e-01
-4.20000e+00  2.40000e+00       4.430e+11  2.833703e-01  0.000000e+00 -9.753555e-02  7.166297e-01
-3.50000e+00  2.40000e+00       1.621e+12  2.662634e-01  0.000000e+00  3.745298e-02  7.337366e-01
-2.80000e+00  2.40000e+00       4.352e+12  3.108659e-01  0.000000e+00 -1.444136e-02  6.891341e-01
-2.10000e+00  2.40000e+00       8.627e+12  3.152252e-01  0.000000e+00 -2.368088e-01  6.847748e-01
-1.40000e+00  2.40000e+00       1.262e+13  4.361096e-01  0.000000e+00 -5.217886e-01  5.638904e-01
-7.00000e-01  2.40000e+00       9.843e+12  5.563859e-01  0.000000e+00 -6.520860e-01  4.436141e-01
 0.00000e+00  2.40000e+00       5.119e+12  5.943170e-01  0.000000e+00 -8.414056e-15  4.056830e-01
 7.00000e-01  2.40000e+00       9.843e+12  5.563859e-01  0.000000e+00  6.520860e-01  4.436141e-01
 1.40000e+00  2.40000e+00       1.262e+13  4.361096e-01  0.000000e+00  5.217886e-01  5.638904e-01
 2.10000e+00  2.40000e+00       8.627e+12  3.152252e-01  0.000000e+00  2.368088e-01  6.847748e-01
 2.80000e+00  2.40000e+00       4.352e+12  3.108659e-01  0.000000e+00  1.444136e-02  6.891341e-01
 3.50000e+00  2.40000e+00       1.621e+12  2.662634e-01  0.000000e+00 -3.745298e-02  7.337366e-01
 4.20000e+00  2.40000e+00       4.430e+11  2.833703e-01  0.000000e+00  9.753555e-02  7.166297e-01
 4.90000e+00  2.40000e+00       9.029e+10  4.945057e-01  0.000000e+00  6.183068e-02  5.054943e-01
 5.60000e+00  2.40000e+00       1.195e+10  4.753325e-01  0.000000e+00 -2.441992e-01  5.246675e-01
 6.30000e+00  2.40000e+00       1.229e+09 -6.598505e-02  0.000000e+00 -3.163585e-01  9.340150e-01
 7.00000e+00  2.40000e+00       2.250e+08 -5.510410e-01  0.000000e+00  2.398287e-01  4.489590e-01
-7.00000e+00  2.80000e+00       1.510e+08 -6.764380e-01  0.000000e+00 -2.049629e-01  3.235620e-01
-6.30000e+00  2.80000e+00       4.268e+08 -4.899387e-01  0.000000e+00  1.048331e-01  5.100613e-01
-5.60000e+00  2.80000e+00       1.488e+09 -1.898272e-01  0.000000e+00  2.591951e-01  8.101728e-01
-4.90000e+00  2.80000e+00       6.501e+09 -9.615831e-02  0.000000e+00  3.735448e-01  9.038417e-01
-4.20000e+00  2.80000e+00       2.698e+10 -1.665977e-03  0.000000e+00  4.516957e-01  9.983340e-01
-3.50000e+00  2.80000e+00       1.075e+11  1.010821e-01  0.000000e+00  3.088151e-01  8.989179e-01
-2.80000e+00  2.80000e+00       3.768e+11  1.638286e-01  0.000000e+00  1.495840e-01  8.361714e-01
-2.10000e+00  2.80000e+00       8.017e+11  1.257451e-01  0.000000e+00  4.085793e-02  8.742549e-01
-1.40000e+00  2.80000e+00       1.370e+12  2.393031e-01  0.000000e+00 -1.395659e-01  7.606969e-01
-7.00000e-01  2.80000e+00       2.572e+12  5.372494e-01  0.000000e+00 -2.023346e-01  4.627506e-01
 0.00000e+00  2.80000e+00       3.367e+12  6.182484e-01  0.000000e+00  1.243089e-15  3.817516e-01
 7.00000e-01  2.80000e+00       2.572e+12  5.372494e-01  0.000000e+00  2.023346e-01  4.627506e-01
 1.40000e+00  2.80000e+00       1.370e+12  2.393031e-01  0.000000e+00  1.395659e-01  7.606969e-01
 2.10000e+00  2.80000e+00       8.017e+11  1.257451e-01  0.000000e+00 -4.085793e-02  8.742549e-01
 2.80000e+00  2.80000e+00       3.768e+11  1.638286e-01  0.000000e+00 -1.495840e-01  8.361714e-01
 3.50000e+00  2.80000e+00       1.075e+11  1.010821e-01  0.000000e+00 -3.088151e-01  8.989179e-01
 4.20000e+00  2.80000e+00       2.698e+10 -1.665977e-03  0.000000e+00 -4.516957e-01  9.983340e-01
 4.90000e+00  2.80000e+00       6.501e+09 -9.615831e-02  0.000000e+00 -3.735448e-01  9.038417e-01
 5.60000e+00  2.80000e+00       1.488e+09 -1.898272e-01  0.000000e+00 -2.591951e-01  8.101728e-01
 6.30000e+00  2.80000e+00       4.268e+08 -4.899387e-01  0.000000e+00 -1.048331e-01  5.100613e-01
 7.00000e+00  2.80000e+00       1.510e+08 -6.764380e-01  0.000000e+00  2.049629e-01  3.235620e-01
-7.00000e+00  3.20000e+00       1.154e+08 -7.364648e-01  0.000000e+00 -4.734336e-02  2.635352e-01
-6.30000e+00  3.20000e+00       3.114e+08 -6.232579e-01  0.000000e+00  1.927972e-01  3.767421e-01
-5.60000e+00  3.20000e+00       7.049e+08 -3.676993e-01  0.000000e+00  4.186508e-01  6.323007e-01
-4.90000e+00  3.20000e+00       1.525e+09 -7.394740e-02  0.000000e+00  5.196922e-01  9.260526e-01
-4.20000e+00  3.20000e+00       3.198e+09  1.176764e-01  0.000000e+00  4.779337e-01  8.823236e-01
-3.50000e+00  3.20000e+00       7.713e+09  2.511525e-01  0.000000e+00  2.700596e-01  7.488475e-01
-2.80000e+00  3.20000e+00       2.032e+10  3.243806e-01  0.000000e+00  2.955131e-02  6.756194e-01
-2.10000e+00  3.20000e+00       4.600e+10  4.389745e-01  0.000000e+00 -2.110830e-01  5.610255e-01
-1.40000e+00  3.20000e+00       5.749e+10  3.686968e-01  0.000000e+00 -4.809812e-01  6.313032e-01
-7.00000e-01  3.20000e+00       1.638e+11  8.424100e-01  0.000000e+00 -1.473132e-01  1.575900e-01
 0.00000e+00  3.20000e+00       3.738e+11  9.826423e-01  0.000000e+00 -1.799885e-15  1.735770e-02
 7.00000e-01  3.20000e+00       1.638e+11  8.424100e-01  0.000000e+00  1.473132e-01  1.575900e-01
 1.40000e+00  3.20000e+00       5.749e+10  3.686968e-01  0.000000e+00  4.809812e-01  6.313032e-01
 2.10000e+00  3.20000e+00       4.600e+10  4.389745e-01  0.000000e+00  2.110830e-01  5.610255e-01
 2.80000e+00  3.20000e+00       2.032e+10  3.243806e-01  0.000000e+00 -2.955131e-02  6.756194e-01
 3.50000e+00  3.20000e+00       7.713e+09  2.511525e-01  0.000000e+00 -2.700596e-01  7.488475e-01
 4.20000e+00  3.20000e+00       3.198e+09  1.176764e-01  0.000000e+00 -4.779337e-01  8.823236e-01
 4.90000e+00  3.20000e+00       1.525e+09 -7.394740e-02  0.000000e+00 -5.196922e-01  9.260526e-01
 5.60000e+00  3.20000e+00       7.049e+08 -3.676993e-01  0.000000e+00 -4.186508e-01  6.323007e-01
 6.30000e+00  3.20000e+00       3.114e+08 -6.232579e-01  0.000000e+00 -1.927972e-01  3.767421e-01
 7.00000e+00  3.20000e+00       1.154e+08 -7.364648e-01  0.000000e+00  4.734336e-02  2.635352e-01
-7.00000e+00  3.60000e+00       6.035e+07 -7.205025e-01  0.000000e+00  1.684993e-01  2.794975e-01
-6.30000e+00  3.60000e+00       2.187e+08 -5.999226e-01  0.000000e+00  3.162387e-01  4.000774e-01
-5.60000e+00  3.60000e+00       5.346e+08 -3.757405e-01  0.000000e+00  4.709895e-01  6.242595e-01
-4.90000e+00  3.60000e+00       1.075e+09 -1.225477e-01  0.000000e+00  5.774519e-01  8.774523e-01
-4.20000e+00  3.60000e+00       1.783e+09  5.013907e-02  0.000000e+00  6.350772e-01  9.498609e-01
-3.50000e+00  3.60000e+00       2.874e+09  2.269673e-01  0.000000e+00  4.912197e-01  7.730327e-01
-2.80000e+00  3.60000e+00       5.976e+09  4.030981e-01  0.000000e+00  1.450166e-01  5.969019e-01
-2.10000e+00  3.60000e+00       1.301e+10  7.056109e-01  0.000000e+00 -2.016676e-01  2.943891e-01
-1.40000e+00  3.60000e+00       1.287e+10  3.617532e-01  0.000000e+00 -6.585136e-01  6.382468e-01
-7.00000e-01  3.60000e+00       1.571e+11  7.059933e-01  0.000000e+00 -3.614196e-02  2.940067e-01
 0.00000e+00  3.60000e+00       3.391e+11  7.666261e-01  0.000000e+00 -1.392106e-15  2.333739e-01
 7.00000e-01  3.60000e+00       1.571e+11  7.059933e-01  0.000000e+00  3.614196e-02  2.940067e-01
 1.40000e+00  3.60000e+00       1.287e+10  3.617532e-01  0.000000e+00  6.585136e-01  6.382468e-01
 2.10000e+00  3.60000e+00       1.301e+10  7.056109e-01  0.000000e+00  2.016676e-01  2.943891e-01
 2.80000e+00  3.60000e+00       5.976e+09  4.030981e-01  0.000000e+00 -1.450166e-01  5.969019e-01
 3.50000e+00  3.60000e+00       2.874e+09  2.269673e-01  0.000000e+00 -4.912197e-01  7.730327e-01
 4.20000e+00  3.60000e+00       1.783e+09  5.013907e-02  0.000000e+00 -6.350772e-01  9.498609e-01
 4.90000e+00  3.60000e+00       1.075e+09 -1.225477e-01  0.000000e+00 -5.774519e-01  8.774523e-01
 5.60000e+00  3.60000e+00       5.346e+08 -3.757405e-01  0.000000e+00 -4.709895e-01  6.242595e-01
 6.30000e+00  3.60000e+00       2.187e+08 -5.999226e-01  0.000000e+00 -3.162387e-01  4.000774e-01
 7.00000e+00  3.60000e+00       6.035e+07 -7.205025e-01  0.000000e+00 -1.684993e-01  2.794975e-01
-7.00000e+00  4.00000e+00       9.621e+06 -5.409734e-01  0.000000e+00  4.619717e-01  4.590266e-01
-6.30000e+00  4.00000e+00       8.003e+07 -4.518524e-01  0.000000e+00  4.989403e-01  5.481476e-01
-5.60000e+00  4.00000e+00       3.037e+08 -3.031435e-01  0.000000e+00  5.448717e-01  6.968565e-01
-4.90000e+00  4.00000e+00       6.664e+08 -1.218921e-01  0.000000e+00  6.052687e-01  8.781079e-01
-4.20000e+00  4.00000e+00       1.040e+09  7.320657e-03  0.000000e+00  6.862884e-01  9.926793e-01
-3.50000e+00  4.00000e+00       1.607e+09  1.801682e-01  0.000000e+00  5.529100e-01  8.198318e-01
-2.80000e+00  4.00000e+00       3.537e+09  3.995563e-01  0.000000e+00  1.495944e-01  6.004437e-01
-2.10000e+00  4.00000e+00       8.385e+09  7.816603e-01  0.000000e+00 -2.095344e-01  2.183397e-01
-1.40000e+00  4.00000e+00       9.380e+09  7.853287e-02  0.000000e+00 -6.126294e-01  9.214671e-01
-7.00000e-01  4.00000e+00       1.322e+11  6.995983e-01  0.000000e+00 -3.113932e-02  3.004017e-01
 0.00000e+00  4.00000e+00       2.816e+11  7.653287e-01  0.000000e+00 -1.065037e-15  2.346713e-01
 7.00000e-01  4.00000e+00       1.322e+11  6.995983e-01  0.000000e+00  3.113932e-02  3.004017e-01
 1.40000e+00  4.00000e+00       9.380e+09  7.853287e-02  0.000000e+00  6.126294e-01  9.214671e-01
 2.10000e+00  4.00000e+00       8.385e+09  7.816603e-01  0.000000e+00  2.095344e-01  2.183397e-01
 2.80000e+00  4.00000e+00       3.537e+09  3.995563e-01  0.000000e+00 -1.495944e-01  6.004437e-01
 3.50000e+00  4.00000e+00       1.607e+09  1.801682e-01  0.000000e+00 -5.529100e-01  8.198318e-01
 4.20000e+00  4.00000e+00       1.040e+09  7.320657e-03  0.000000e+00 -6.862884e-01  9.926793e-01
 4.90000e+00  4.00000e+00       6.664e+08 -1.218921e-01  0.000000e+00 -6.052687e-01  8.781079e-01
 5.60000e+00  4.00000e+00       3.037e+08 -3.031435e-01  0.000000e+00 -5.448717e-01  6.968565e-01
 6.30000e+00  4.00000e+00       8.003e+07 -4.518524e-01  0.000000e+00 -4.989403e-01  5.481476e-01
 7.00000e+00  4.00000e+00       9.621e+06 -5.409734e-01  0.000000e+00 -4.619717e-01  4.590266e-01
