 EB(GeV)    EMITTANCEx EMITTANCEy SIZEx(m)   SIZEy(m)   DIVx(rad)  DIVy(rad)
 2.411e+00  5.499e-09  1.017e-12  8.711e-05  1.009e-06  6.313e-05  1.009e-06
 betax      alphax     betay      alphay     eta        deta       E_spread  
 1.380e+00  0.000e+00  1.000e+00  0.000e+00  0.000e+00  0.000e+00  8.600e-04
 Ibeam(A)   period(cm) #periods   Kx         Ky         Energy(eV)
 4.005e-01  1.900e+00         96  0.000e+00  1.780e+00  2.677e+04


           x            y       F.Density            PL            PC          PL45        1-|PL|
          mm           mm  ph/s/mr^2/0.1%             -             -             -             -
-7.00000e+00 -4.00000e+00       6.687e+00  6.064495e-01  0.000000e+00  9.774244e-01  3.935505e-01
-6.30000e+00 -4.00000e+00       8.289e+02  8.625724e-01  0.000000e+00  3.479722e-02  1.374276e-01
-5.60000e+00 -4.00000e+00       3.618e+04  9.978972e-01  0.000000e+00  8.081236e-05  2.102761e-03
-4.90000e+00 -4.00000e+00       6.040e+05  9.814084e-01  0.000000e+00 -1.548138e-03  1.859157e-02
-4.20000e+00 -4.00000e+00       4.585e+06  9.791591e-01  0.000000e+00  2.271621e-04  2.084088e-02
-3.50000e+00 -4.00000e+00       1.719e+07  9.813558e-01  0.000000e+00  1.619729e-03  1.864422e-02
-2.80000e+00 -4.00000e+00       3.535e+07  9.850479e-01  0.000000e+00 -1.527160e-02  1.495208e-02
-2.10000e+00 -4.00000e+00       1.076e+08  9.345885e-01  0.000000e+00 -6.859509e-02  6.541146e-02
-1.40000e+00 -4.00000e+00       4.874e+08  8.581351e-01  0.000000e+00 -5.089628e-02  1.418649e-01
-7.00000e-01 -4.00000e+00       1.907e+09  8.592571e-01  0.000000e+00 -1.089342e-02  1.407429e-01
 0.00000e+00 -4.00000e+00       3.161e+09  8.662040e-01  0.000000e+00  9.458849e-16  1.337960e-01
 7.00000e-01 -4.00000e+00       1.907e+09  8.592571e-01  0.000000e+00  1.089342e-02  1.407429e-01
 1.40000e+00 -4.00000e+00       4.874e+08  8.581351e-01  0.000000e+00  5.089628e-02  1.418649e-01
 2.10000e+00 -4.00000e+00       1.076e+08  9.345885e-01  0.000000e+00  6.859509e-02  6.541146e-02
 2.80000e+00 -4.00000e+00       3.535e+07  9.850479e-01  0.000000e+00  1.527160e-02  1.495208e-02
 3.50000e+00 -4.00000e+00       1.719e+07  9.813558e-01  0.000000e+00 -1.619729e-03  1.864422e-02
 4.20000e+00 -4.00000e+00       4.585e+06  9.791591e-01  0.000000e+00 -2.271621e-04  2.084088e-02
 4.90000e+00 -4.00000e+00       6.040e+05  9.814084e-01  0.000000e+00  1.548138e-03  1.859157e-02
 5.60000e+00 -4.00000e+00       3.618e+04  9.978972e-01  0.000000e+00 -8.081236e-05  2.102761e-03
 6.30000e+00 -4.00000e+00       8.289e+02  8.625724e-01  0.000000e+00 -3.479722e-02  1.374276e-01
 7.00000e+00 -4.00000e+00       6.687e+00  6.064453e-01  0.000000e+00 -9.774265e-01  3.935547e-01
-7.00000e+00 -3.60000e+00       1.502e+01  1.615178e-01  0.000000e+00  1.156189e+00  8.384822e-01
-6.30000e+00 -3.60000e+00       9.720e+02  8.354138e-01  0.000000e+00  4.919371e-02  1.645862e-01
-5.60000e+00 -3.60000e+00       4.203e+04  9.989476e-01  0.000000e+00 -8.300094e-04  1.052418e-03
-4.90000e+00 -3.60000e+00       7.031e+05  9.795901e-01  0.000000e+00 -3.017783e-03  2.040988e-02
-4.20000e+00 -3.60000e+00       5.341e+06  9.774684e-01  0.000000e+00 -5.858671e-04  2.253163e-02
-3.50000e+00 -3.60000e+00       2.004e+07  9.795560e-01  0.000000e+00  1.145562e-03  2.044398e-02
-2.80000e+00 -3.60000e+00       4.110e+07  9.826464e-01  0.000000e+00 -1.965483e-02  1.735363e-02
-2.10000e+00 -3.60000e+00       1.242e+08  9.319907e-01  0.000000e+00 -8.468040e-02  6.800932e-02
-1.40000e+00 -3.60000e+00       5.647e+08  8.536069e-01  0.000000e+00 -6.133970e-02  1.463931e-01
-7.00000e-01 -3.60000e+00       2.243e+09  8.520744e-01  0.000000e+00 -1.230629e-02  1.479256e-01
 0.00000e+00 -3.60000e+00       3.741e+09  8.576211e-01  0.000000e+00  9.737612e-16  1.423789e-01
 7.00000e-01 -3.60000e+00       2.243e+09  8.520744e-01  0.000000e+00  1.230629e-02  1.479256e-01
 1.40000e+00 -3.60000e+00       5.647e+08  8.536069e-01  0.000000e+00  6.133970e-02  1.463931e-01
 2.10000e+00 -3.60000e+00       1.242e+08  9.319907e-01  0.000000e+00  8.468040e-02  6.800932e-02
 2.80000e+00 -3.60000e+00       4.110e+07  9.826464e-01  0.000000e+00  1.965483e-02  1.735363e-02
 3.50000e+00 -3.60000e+00       2.004e+07  9.795560e-01  0.000000e+00 -1.145562e-03  2.044398e-02
 4.20000e+00 -3.60000e+00       5.341e+06  9.774684e-01  0.000000e+00  5.858671e-04  2.253163e-02
 4.90000e+00 -3.60000e+00       7.031e+05  9.795901e-01  0.000000e+00  3.017783e-03  2.040988e-02
 5.60000e+00 -3.60000e+00       4.203e+04  9.989476e-01  0.000000e+00  8.300094e-04  1.052418e-03
 6.30000e+00 -3.60000e+00       9.720e+02  8.354138e-01  0.000000e+00 -4.919371e-02  1.645862e-01
 7.00000e+00 -3.60000e+00       1.502e+01  1.615178e-01  0.000000e+00 -1.156189e+00  8.384822e-01
-7.00000e+00 -3.20000e+00       9.589e+00  9.949678e-01  0.000000e+00  2.162836e+00  5.032214e-03
-6.30000e+00 -3.20000e+00       1.224e+03  7.792811e-01  0.000000e+00  4.329926e-02  2.207189e-01
-5.60000e+00 -3.20000e+00       5.753e+04  9.266615e-01  0.000000e+00 -5.501576e-02  7.333847e-02
-4.90000e+00 -3.20000e+00       1.197e+06  8.054887e-01  0.000000e+00 -1.276033e-01  1.945113e-01
-4.20000e+00 -3.20000e+00       1.195e+07  7.078872e-01  0.000000e+00 -1.908700e-01  2.921128e-01
-3.50000e+00 -3.20000e+00       5.711e+07  6.545053e-01  0.000000e+00 -2.070841e-01  3.454947e-01
-2.80000e+00 -3.20000e+00       1.765e+08  6.063413e-01  0.000000e+00 -1.802322e-01  3.936587e-01
-2.10000e+00 -3.20000e+00       5.639e+08  5.992940e-01  0.000000e+00 -1.410067e-01  4.007060e-01
-1.40000e+00 -3.20000e+00       1.494e+09  6.494206e-01  0.000000e+00 -9.470609e-02  3.505794e-01
-7.00000e-01 -3.20000e+00       3.425e+09  7.722885e-01  0.000000e+00 -3.055893e-02  2.277115e-01
 0.00000e+00 -3.20000e+00       4.898e+09  8.266187e-01  0.000000e+00  9.893469e-16  1.733813e-01
 7.00000e-01 -3.20000e+00       3.425e+09  7.722885e-01  0.000000e+00  3.055893e-02  2.277115e-01
 1.40000e+00 -3.20000e+00       1.494e+09  6.494206e-01  0.000000e+00  9.470609e-02  3.505794e-01
 2.10000e+00 -3.20000e+00       5.639e+08  5.992940e-01  0.000000e+00  1.410067e-01  4.007060e-01
 2.80000e+00 -3.20000e+00       1.765e+08  6.063413e-01  0.000000e+00  1.802322e-01  3.936587e-01
 3.50000e+00 -3.20000e+00       5.711e+07  6.545053e-01  0.000000e+00  2.070841e-01  3.454947e-01
 4.20000e+00 -3.20000e+00       1.195e+07  7.078872e-01  0.000000e+00  1.908700e-01  2.921128e-01
 4.90000e+00 -3.20000e+00       1.197e+06  8.054887e-01  0.000000e+00  1.276033e-01  1.945113e-01
 5.60000e+00 -3.20000e+00       5.753e+04  9.266615e-01  0.000000e+00  5.501576e-02  7.333847e-02
 6.30000e+00 -3.20000e+00       1.224e+03  7.792811e-01  0.000000e+00 -4.329926e-02  2.207189e-01
 7.00000e+00 -3.20000e+00       9.589e+00  9.949678e-01  0.000000e+00 -2.162836e+00  5.032209e-03
-7.00000e+00 -2.80000e+00       2.538e+01  2.369840e-01  0.000000e+00  1.009666e+00  7.630160e-01
-6.30000e+00 -2.80000e+00       3.511e+03  6.876606e-01  0.000000e+00 -3.254306e-01  3.123394e-01
-5.60000e+00 -2.80000e+00       2.660e+05  4.934815e-01  0.000000e+00 -3.721741e-01  5.065185e-01
-4.90000e+00 -2.80000e+00       6.751e+06  4.562505e-01  0.000000e+00 -3.869173e-01  5.437495e-01
-4.20000e+00 -2.80000e+00       7.042e+07  4.627432e-01  0.000000e+00 -3.637021e-01  5.372568e-01
-3.50000e+00 -2.80000e+00       3.469e+08  4.870491e-01  0.000000e+00 -3.107992e-01  5.129509e-01
-2.80000e+00 -2.80000e+00       9.467e+08  5.079051e-01  0.000000e+00 -2.443837e-01  4.920949e-01
-2.10000e+00 -2.80000e+00       1.767e+09  5.367122e-01  0.000000e+00 -1.721581e-01  4.632878e-01
-1.40000e+00 -2.80000e+00       2.879e+09  5.959835e-01  0.000000e+00 -1.043582e-01  4.040165e-01
-7.00000e-01 -2.80000e+00       5.024e+09  7.320561e-01  0.000000e+00 -3.520677e-02  2.679439e-01
 0.00000e+00 -2.80000e+00       6.658e+09  8.018106e-01  0.000000e+00  1.002265e-15  1.981894e-01
 7.00000e-01 -2.80000e+00       5.024e+09  7.320561e-01  0.000000e+00  3.520677e-02  2.679439e-01
 1.40000e+00 -2.80000e+00       2.879e+09  5.959835e-01  0.000000e+00  1.043582e-01  4.040165e-01
 2.10000e+00 -2.80000e+00       1.767e+09  5.367122e-01  0.000000e+00  1.721581e-01  4.632878e-01
 2.80000e+00 -2.80000e+00       9.467e+08  5.079051e-01  0.000000e+00  2.443837e-01  4.920949e-01
 3.50000e+00 -2.80000e+00       3.469e+08  4.870491e-01  0.000000e+00  3.107992e-01  5.129509e-01
 4.20000e+00 -2.80000e+00       7.042e+07  4.627432e-01  0.000000e+00  3.637021e-01  5.372568e-01
 4.90000e+00 -2.80000e+00       6.751e+06  4.562505e-01  0.000000e+00  3.869173e-01  5.437495e-01
 5.60000e+00 -2.80000e+00       2.660e+05  4.934815e-01  0.000000e+00  3.721741e-01  5.065185e-01
 6.30000e+00 -2.80000e+00       3.511e+03  6.876606e-01  0.000000e+00  3.254306e-01  3.123394e-01
 7.00000e+00 -2.80000e+00       2.538e+01  2.369840e-01  0.000000e+00 -1.009666e+00  7.630160e-01
-7.00000e+00 -2.40000e+00       9.987e+01 -8.925951e-01  0.000000e+00  4.833646e-01  1.074049e-01
-6.30000e+00 -2.40000e+00       2.793e+03  4.022693e-01  0.000000e+00 -4.158460e-02  5.977307e-01
-5.60000e+00 -2.40000e+00       1.040e+05  8.658674e-01  0.000000e+00 -1.283134e-01  1.341326e-01
-4.90000e+00 -2.40000e+00       1.713e+06  8.551182e-01  0.000000e+00 -9.242814e-02  1.448818e-01
-4.20000e+00 -2.40000e+00       1.510e+07  8.292158e-01  0.000000e+00 -7.492068e-02  1.707842e-01
-3.50000e+00 -2.40000e+00       1.147e+08  6.829368e-01  0.000000e+00 -1.050209e-01  3.170632e-01
-2.80000e+00 -2.40000e+00       6.839e+08  5.798142e-01  0.000000e+00 -1.237654e-01  4.201858e-01
-2.10000e+00 -2.40000e+00       2.352e+09  5.620703e-01  0.000000e+00 -1.132648e-01  4.379297e-01
-1.40000e+00 -2.40000e+00       4.650e+09  5.914483e-01  0.000000e+00 -8.649930e-02  4.085517e-01
-7.00000e-01 -2.40000e+00       8.181e+09  6.946699e-01  0.000000e+00 -2.976476e-02  3.053301e-01
 0.00000e+00 -2.40000e+00       1.118e+10  7.428834e-01  0.000000e+00  9.936671e-16  2.571166e-01
 7.00000e-01 -2.40000e+00       8.181e+09  6.946699e-01  0.000000e+00  2.976476e-02  3.053301e-01
 1.40000e+00 -2.40000e+00       4.650e+09  5.914483e-01  0.000000e+00  8.649930e-02  4.085517e-01
 2.10000e+00 -2.40000e+00       2.352e+09  5.620703e-01  0.000000e+00  1.132648e-01  4.379297e-01
 2.80000e+00 -2.40000e+00       6.839e+08  5.798142e-01  0.000000e+00  1.237654e-01  4.201858e-01
 3.50000e+00 -2.40000e+00       1.147e+08  6.829368e-01  0.000000e+00  1.050209e-01  3.170632e-01
 4.20000e+00 -2.40000e+00       1.510e+07  8.292158e-01  0.000000e+00  7.492068e-02  1.707842e-01
 4.90000e+00 -2.40000e+00       1.713e+06  8.551182e-01  0.000000e+00  9.242814e-02  1.448818e-01
 5.60000e+00 -2.40000e+00       1.040e+05  8.658674e-01  0.000000e+00  1.283134e-01  1.341326e-01
 6.30000e+00 -2.40000e+00       2.793e+03  4.022693e-01  0.000000e+00  4.158460e-02  5.977307e-01
 7.00000e+00 -2.40000e+00       9.987e+01 -8.925951e-01  0.000000e+00 -4.833646e-01  1.074049e-01
-7.00000e+00 -2.00000e+00       3.427e+05 -4.893247e-01  0.000000e+00 -2.808864e-01  5.106753e-01
-6.30000e+00 -2.00000e+00       5.261e+06 -3.658647e-01  0.000000e+00 -3.653712e-01  6.341353e-01
-5.60000e+00 -2.00000e+00       3.973e+07 -1.368402e-01  0.000000e+00 -4.714663e-01  8.631598e-01
-4.90000e+00 -2.00000e+00       1.882e+08  1.317728e-01  0.000000e+00 -5.095489e-01  8.682272e-01
-4.20000e+00 -2.00000e+00       6.172e+08  3.557075e-01  0.000000e+00 -4.415036e-01  6.442925e-01
-3.50000e+00 -2.00000e+00       1.618e+09  4.951071e-01  0.000000e+00 -3.086519e-01  5.048929e-01
-2.80000e+00 -2.00000e+00       3.797e+09  5.160342e-01  0.000000e+00 -1.904795e-01  4.839658e-01
-2.10000e+00 -2.00000e+00       7.539e+09  4.741206e-01  0.000000e+00 -1.157826e-01  5.258794e-01
-1.40000e+00 -2.00000e+00       1.294e+10  4.511031e-01  0.000000e+00 -7.450418e-02  5.488969e-01
-7.00000e-01 -2.00000e+00       2.302e+10  5.156474e-01  0.000000e+00 -3.810295e-02  4.843526e-01
 0.00000e+00 -2.00000e+00       3.076e+10  5.570320e-01  0.000000e+00  7.287491e-15  4.429680e-01
 7.00000e-01 -2.00000e+00       2.302e+10  5.156474e-01  0.000000e+00  3.810295e-02  4.843526e-01
 1.40000e+00 -2.00000e+00       1.294e+10  4.511031e-01  0.000000e+00  7.450418e-02  5.488969e-01
 2.10000e+00 -2.00000e+00       7.539e+09  4.741206e-01  0.000000e+00  1.157826e-01  5.258794e-01
 2.80000e+00 -2.00000e+00       3.797e+09  5.160342e-01  0.000000e+00  1.904795e-01  4.839658e-01
 3.50000e+00 -2.00000e+00       1.618e+09  4.951071e-01  0.000000e+00  3.086519e-01  5.048929e-01
 4.20000e+00 -2.00000e+00       6.172e+08  3.557075e-01  0.000000e+00  4.415036e-01  6.442925e-01
 4.90000e+00 -2.00000e+00       1.882e+08  1.317728e-01  0.000000e+00  5.095489e-01  8.682272e-01
 5.60000e+00 -2.00000e+00       3.973e+07 -1.368402e-01  0.000000e+00  4.714663e-01  8.631598e-01
 6.30000e+00 -2.00000e+00       5.261e+06 -3.658647e-01  0.000000e+00  3.653712e-01  6.341353e-01
 7.00000e+00 -2.00000e+00       3.427e+05 -4.893247e-01  0.000000e+00  2.808864e-01  5.106753e-01
-7.00000e+00 -1.60000e+00       1.410e+05 -2.833925e-01  0.000000e+00 -4.005564e-01  7.166075e-01
-6.30000e+00 -1.60000e+00       3.167e+06 -1.977168e-01  0.000000e+00 -4.084628e-01  8.022832e-01
-5.60000e+00 -1.60000e+00       3.239e+07  6.675385e-02  0.000000e+00 -3.917641e-01  9.332461e-01
-4.90000e+00 -1.60000e+00       2.677e+08  3.943703e-01  0.000000e+00 -2.935115e-01  6.056297e-01
-4.20000e+00 -1.60000e+00       1.929e+09  5.088113e-01  0.000000e+00 -1.398351e-01  4.911887e-01
-3.50000e+00 -1.60000e+00       1.047e+10  5.169270e-01  0.000000e+00 -3.618739e-02  4.830730e-01
-2.80000e+00 -1.60000e+00       4.154e+10  5.114922e-01  0.000000e+00  7.808904e-03  4.885078e-01
-2.10000e+00 -1.60000e+00       1.174e+11  5.253477e-01  0.000000e+00  9.464828e-02  4.746523e-01
-1.40000e+00 -1.60000e+00       2.273e+11  5.182859e-01  0.000000e+00  2.083264e-01  4.817141e-01
-7.00000e-01 -1.60000e+00       3.196e+11  4.608896e-01  0.000000e+00  1.817342e-01  5.391104e-01
 0.00000e+00 -1.60000e+00       3.636e+11  4.350175e-01  0.000000e+00 -4.760940e-16  5.649825e-01
 7.00000e-01 -1.60000e+00       3.196e+11  4.608896e-01  0.000000e+00 -1.817342e-01  5.391104e-01
 1.40000e+00 -1.60000e+00       2.273e+11  5.182859e-01  0.000000e+00 -2.083264e-01  4.817141e-01
 2.10000e+00 -1.60000e+00       1.174e+11  5.253477e-01  0.000000e+00 -9.464828e-02  4.746523e-01
 2.80000e+00 -1.60000e+00       4.154e+10  5.114922e-01  0.000000e+00 -7.808904e-03  4.885078e-01
 3.50000e+00 -1.60000e+00       1.047e+10  5.169270e-01  0.000000e+00  3.618739e-02  4.830730e-01
 4.20000e+00 -1.60000e+00       1.929e+09  5.088113e-01  0.000000e+00  1.398351e-01  4.911887e-01
 4.90000e+00 -1.60000e+00       2.677e+08  3.943703e-01  0.000000e+00  2.935115e-01  6.056297e-01
 5.60000e+00 -1.60000e+00       3.239e+07  6.675385e-02  0.000000e+00  3.917641e-01  9.332461e-01
 6.30000e+00 -1.60000e+00       3.167e+06 -1.977168e-01  0.000000e+00  4.084628e-01  8.022832e-01
 7.00000e+00 -1.60000e+00       1.410e+05 -2.833925e-01  0.000000e+00  4.005564e-01  7.166075e-01
-7.00000e+00 -1.20000e+00       5.794e+04  5.058823e-01  0.000000e+00  9.018177e-02  4.941177e-01
-6.30000e+00 -1.20000e+00       4.129e+06  4.574817e-01  0.000000e+00 -3.785356e-02  5.425183e-01
-5.60000e+00 -1.20000e+00       1.530e+08  5.368693e-01  0.000000e+00 -6.079431e-02  4.631307e-01
-4.90000e+00 -1.20000e+00       2.962e+09  5.935070e-01  0.000000e+00 -6.890512e-03  4.064930e-01
-4.20000e+00 -1.20000e+00       3.109e+10  5.930588e-01  0.000000e+00 -9.145208e-04  4.069412e-01
-3.50000e+00 -1.20000e+00       1.997e+11  6.070135e-01  0.000000e+00 -1.033953e-02  3.929865e-01
-2.80000e+00 -1.20000e+00       8.306e+11  6.473754e-01  0.000000e+00 -5.187048e-03  3.526246e-01
-2.10000e+00 -1.20000e+00       2.316e+12  7.144405e-01  0.000000e+00 -5.194255e-02  2.855595e-01
-1.40000e+00 -1.20000e+00       4.829e+12  7.986020e-01  0.000000e+00 -1.223951e-01  2.013980e-01
-7.00000e-01 -1.20000e+00       7.672e+12  8.413326e-01  0.000000e+00 -9.295097e-02  1.586674e-01
 0.00000e+00 -1.20000e+00       8.913e+12  8.455403e-01  0.000000e+00 -8.020577e-15  1.544597e-01
 7.00000e-01 -1.20000e+00       7.672e+12  8.413326e-01  0.000000e+00  9.295097e-02  1.586674e-01
 1.40000e+00 -1.20000e+00       4.829e+12  7.986020e-01  0.000000e+00  1.223951e-01  2.013980e-01
 2.10000e+00 -1.20000e+00       2.316e+12  7.144405e-01  0.000000e+00  5.194255e-02  2.855595e-01
 2.80000e+00 -1.20000e+00       8.306e+11  6.473754e-01  0.000000e+00  5.187048e-03  3.526246e-01
 3.50000e+00 -1.20000e+00       1.997e+11  6.070135e-01  0.000000e+00  1.033953e-02  3.929865e-01
 4.20000e+00 -1.20000e+00       3.109e+10  5.930588e-01  0.000000e+00  9.145208e-04  4.069412e-01
 4.90000e+00 -1.20000e+00       2.962e+09  5.935070e-01  0.000000e+00  6.890512e-03  4.064930e-01
 5.60000e+00 -1.20000e+00       1.530e+08  5.368693e-01  0.000000e+00  6.079431e-02  4.631307e-01
 6.30000e+00 -1.20000e+00       4.129e+06  4.574817e-01  0.000000e+00  3.785356e-02  5.425183e-01
 7.00000e+00 -1.20000e+00       5.794e+04  5.058823e-01  0.000000e+00 -9.018177e-02  4.941177e-01
-7.00000e+00 -8.00000e-01       1.202e+06  8.960680e-01  0.000000e+00 -5.593501e-02  1.039320e-01
-6.30000e+00 -8.00000e-01       7.516e+07  8.575768e-01  0.000000e+00  6.454175e-02  1.424232e-01
-5.60000e+00 -8.00000e-01       2.151e+09  7.872041e-01  0.000000e+00  7.521847e-02  2.127959e-01
-4.90000e+00 -8.00000e-01       3.522e+10  7.660651e-01  0.000000e+00 -1.029704e-03  2.339349e-01
-4.20000e+00 -8.00000e-01       3.393e+11  7.878276e-01  0.000000e+00 -2.459846e-02  2.121724e-01
-3.50000e+00 -8.00000e-01       1.840e+12  7.943799e-01  0.000000e+00 -1.194699e-02  2.056201e-01
-2.80000e+00 -8.00000e-01       6.114e+12  7.874499e-01  0.000000e+00 -1.444077e-02  2.125501e-01
-2.10000e+00 -8.00000e-01       1.310e+13  7.541661e-01  0.000000e+00 -4.680394e-02  2.458339e-01
-1.40000e+00 -8.00000e-01       1.788e+13  6.780733e-01  0.000000e+00 -1.374506e-01  3.219267e-01
-7.00000e-01 -8.00000e-01       1.609e+13  6.336859e-01  0.000000e+00 -2.295220e-01  3.663141e-01
 0.00000e+00 -8.00000e-01       1.296e+13  6.539073e-01  0.000000e+00  8.003812e-16  3.460927e-01
 7.00000e-01 -8.00000e-01       1.609e+13  6.336859e-01  0.000000e+00  2.295220e-01  3.663141e-01
 1.40000e+00 -8.00000e-01       1.788e+13  6.780733e-01  0.000000e+00  1.374506e-01  3.219267e-01
 2.10000e+00 -8.00000e-01       1.310e+13  7.541661e-01  0.000000e+00  4.680394e-02  2.458339e-01
 2.80000e+00 -8.00000e-01       6.114e+12  7.874499e-01  0.000000e+00  1.444077e-02  2.125501e-01
 3.50000e+00 -8.00000e-01       1.840e+12  7.943799e-01  0.000000e+00  1.194699e-02  2.056201e-01
 4.20000e+00 -8.00000e-01       3.393e+11  7.878276e-01  0.000000e+00  2.459846e-02  2.121724e-01
 4.90000e+00 -8.00000e-01       3.522e+10  7.660651e-01  0.000000e+00  1.029704e-03  2.339349e-01
 5.60000e+00 -8.00000e-01       2.151e+09  7.872041e-01  0.000000e+00 -7.521847e-02  2.127959e-01
 6.30000e+00 -8.00000e-01       7.516e+07  8.575768e-01  0.000000e+00 -6.454175e-02  1.424232e-01
 7.00000e+00 -8.00000e-01       1.202e+06  8.960680e-01  0.000000e+00  5.593501e-02  1.039320e-01
-7.00000e+00 -4.00000e-01       4.997e+06  9.325050e-01  0.000000e+00 -1.610554e-01  6.749498e-02
-6.30000e+00 -4.00000e-01       3.809e+08  9.597959e-01  0.000000e+00 -7.110200e-02  4.020406e-02
-5.60000e+00 -4.00000e-01       1.134e+10  9.580963e-01  0.000000e+00  2.551843e-03  4.190374e-02
-4.90000e+00 -4.00000e-01       1.536e+11  9.419393e-01  0.000000e+00  2.464897e-02  5.806069e-02
-4.20000e+00 -4.00000e-01       1.230e+12  9.348226e-01  0.000000e+00  5.212257e-04  6.517743e-02
-3.50000e+00 -4.00000e-01       6.217e+12  9.380668e-01  0.000000e+00 -7.969141e-03  6.193320e-02
-2.80000e+00 -4.00000e-01       1.969e+13  9.397638e-01  0.000000e+00  4.498891e-04  6.023620e-02
-2.10000e+00 -4.00000e-01       4.388e+13  9.441548e-01  0.000000e+00  2.847508e-02  5.584518e-02
-1.40000e+00 -4.00000e-01       7.013e+13  9.514682e-01  0.000000e+00  8.345162e-02  4.853183e-02
-7.00000e-01 -4.00000e-01       6.546e+13  9.506532e-01  0.000000e+00  1.246810e-01  4.934678e-02
 0.00000e+00 -4.00000e-01       4.682e+13  9.428504e-01  0.000000e+00  1.185065e-15  5.714960e-02
 7.00000e-01 -4.00000e-01       6.546e+13  9.506532e-01  0.000000e+00 -1.246810e-01  4.934678e-02
 1.40000e+00 -4.00000e-01       7.013e+13  9.514682e-01  0.000000e+00 -8.345162e-02  4.853183e-02
 2.10000e+00 -4.00000e-01       4.388e+13  9.441548e-01  0.000000e+00 -2.847508e-02  5.584518e-02
 2.80000e+00 -4.00000e-01       1.969e+13  9.397638e-01  0.000000e+00 -4.498891e-04  6.023620e-02
 3.50000e+00 -4.00000e-01       6.217e+12  9.380668e-01  0.000000e+00  7.969141e-03  6.193320e-02
 4.20000e+00 -4.00000e-01       1.230e+12  9.348226e-01  0.000000e+00 -5.212257e-04  6.517743e-02
 4.90000e+00 -4.00000e-01       1.536e+11  9.419393e-01  0.000000e+00 -2.464897e-02  5.806069e-02
 5.60000e+00 -4.00000e-01       1.134e+10  9.580963e-01  0.000000e+00 -2.551843e-03  4.190374e-02
 6.30000e+00 -4.00000e-01       3.809e+08  9.597959e-01  0.000000e+00  7.110200e-02  4.020406e-02
 7.00000e+00 -4.00000e-01       4.997e+06  9.325050e-01  0.000000e+00  1.610554e-01  6.749498e-02
-7.00000e+00  0.00000e+00       6.939e+06  9.999260e-01  0.000000e+00 -2.986287e-13  7.396345e-05
-6.30000e+00  0.00000e+00       5.866e+08  9.999630e-01  0.000000e+00 -1.126611e-14  3.704546e-05
-5.60000e+00  0.00000e+00       1.882e+10  9.999686e-01  0.000000e+00 -7.744469e-17  3.137257e-05
-4.90000e+00  0.00000e+00       2.547e+11  9.999591e-01  0.000000e+00  7.992775e-18  4.092016e-05
-4.20000e+00  0.00000e+00       1.898e+12  9.999504e-01  0.000000e+00 -2.063329e-15  4.958088e-05
-3.50000e+00  0.00000e+00       9.172e+12  9.999520e-01  0.000000e+00 -3.145793e-14  4.798483e-05
-2.80000e+00  0.00000e+00       2.818e+13  9.999553e-01  0.000000e+00 -2.272131e-13  4.469295e-05
-2.10000e+00  0.00000e+00       5.774e+13  9.999542e-01  0.000000e+00 -7.421592e-13  4.575166e-05
-1.40000e+00  0.00000e+00       8.904e+13  9.999376e-01  0.000000e+00 -9.467732e-13  6.240119e-05
-7.00000e-01  0.00000e+00       1.386e+14  9.999080e-01  0.000000e+00 -3.180627e-13  9.198812e-05
 0.00000e+00  0.00000e+00       1.783e+14  9.998963e-01  0.000000e+00  1.492211e-17  1.037212e-04
 7.00000e-01  0.00000e+00       1.386e+14  9.999080e-01  0.000000e+00  3.181012e-13  9.198812e-05
 1.40000e+00  0.00000e+00       8.904e+13  9.999376e-01  0.000000e+00  9.468088e-13  6.240119e-05
 2.10000e+00  0.00000e+00       5.774e+13  9.999542e-01  0.000000e+00  7.421746e-13  4.575166e-05
 2.80000e+00  0.00000e+00       2.818e+13  9.999553e-01  0.000000e+00  2.272208e-13  4.469295e-05
 3.50000e+00  0.00000e+00       9.172e+12  9.999520e-01  0.000000e+00  3.146597e-14  4.798483e-05
 4.20000e+00  0.00000e+00       1.898e+12  9.999504e-01  0.000000e+00  2.054393e-15  4.958088e-05
 4.90000e+00  0.00000e+00       2.547e+11  9.999591e-01  0.000000e+00 -2.685764e-17  4.092016e-05
 5.60000e+00  0.00000e+00       1.882e+10  9.999686e-01  0.000000e+00  9.143939e-17  3.137257e-05
 6.30000e+00  0.00000e+00       5.866e+08  9.999630e-01  0.000000e+00  8.979602e-15  3.704546e-05
 7.00000e+00  0.00000e+00       6.939e+06  9.999260e-01  0.000000e+00  3.146889e-13  7.396345e-05
-7.00000e+00  4.00000e-01       4.997e+06  9.325050e-01  0.000000e+00  1.610554e-01  6.749498e-02
-6.30000e+00  4.00000e-01       3.809e+08  9.597959e-01  0.000000e+00  7.110200e-02  4.020406e-02
-5.60000e+00  4.00000e-01       1.134e+10  9.580963e-01  0.000000e+00 -2.551843e-03  4.190374e-02
-4.90000e+00  4.00000e-01       1.536e+11  9.419393e-01  0.000000e+00 -2.464897e-02  5.806069e-02
-4.20000e+00  4.00000e-01       1.230e+12  9.348226e-01  0.000000e+00 -5.212257e-04  6.517743e-02
-3.50000e+00  4.00000e-01       6.217e+12  9.380668e-01  0.000000e+00  7.969141e-03  6.193320e-02
-2.80000e+00  4.00000e-01       1.969e+13  9.397638e-01  0.000000e+00 -4.498891e-04  6.023620e-02
-2.10000e+00  4.00000e-01       4.388e+13  9.441548e-01  0.000000e+00 -2.847508e-02  5.584518e-02
-1.40000e+00  4.00000e-01       7.013e+13  9.514682e-01  0.000000e+00 -8.345162e-02  4.853183e-02
-7.00000e-01  4.00000e-01       6.546e+13  9.506532e-01  0.000000e+00 -1.246810e-01  4.934678e-02
 0.00000e+00  4.00000e-01       4.682e+13  9.428504e-01  0.000000e+00 -1.174219e-15  5.714960e-02
 7.00000e-01  4.00000e-01       6.546e+13  9.506532e-01  0.000000e+00  1.246810e-01  4.934678e-02
 1.40000e+00  4.00000e-01       7.013e+13  9.514682e-01  0.000000e+00  8.345162e-02  4.853183e-02
 2.10000e+00  4.00000e-01       4.388e+13  9.441548e-01  0.000000e+00  2.847508e-02  5.584518e-02
 2.80000e+00  4.00000e-01       1.969e+13  9.397638e-01  0.000000e+00  4.498891e-04  6.023620e-02
 3.50000e+00  4.00000e-01       6.217e+12  9.380668e-01  0.000000e+00 -7.969141e-03  6.193320e-02
 4.20000e+00  4.00000e-01       1.230e+12  9.348226e-01  0.000000e+00  5.212257e-04  6.517743e-02
 4.90000e+00  4.00000e-01       1.536e+11  9.419393e-01  0.000000e+00  2.464897e-02  5.806069e-02
 5.60000e+00  4.00000e-01       1.134e+10  9.580963e-01  0.000000e+00  2.551843e-03  4.190374e-02
 6.30000e+00  4.00000e-01       3.809e+08  9.597959e-01  0.000000e+00 -7.110200e-02  4.020406e-02
 7.00000e+00  4.00000e-01       4.997e+06  9.325050e-01  0.000000e+00 -1.610554e-01  6.749498e-02
-7.00000e+00  8.00000e-01       1.202e+06  8.960680e-01  0.000000e+00  5.593501e-02  1.039320e-01
-6.30000e+00  8.00000e-01       7.516e+07  8.575768e-01  0.000000e+00 -6.454175e-02  1.424232e-01
-5.60000e+00  8.00000e-01       2.151e+09  7.872041e-01  0.000000e+00 -7.521847e-02  2.127959e-01
-4.90000e+00  8.00000e-01       3.522e+10  7.660651e-01  0.000000e+00  1.029704e-03  2.339349e-01
-4.20000e+00  8.00000e-01       3.393e+11  7.878276e-01  0.000000e+00  2.459846e-02  2.121724e-01
-3.50000e+00  8.00000e-01       1.840e+12  7.943799e-01  0.000000e+00  1.194699e-02  2.056201e-01
-2.80000e+00  8.00000e-01       6.114e+12  7.874499e-01  0.000000e+00  1.444077e-02  2.125501e-01
-2.10000e+00  8.00000e-01       1.310e+13  7.541661e-01  0.000000e+00  4.680394e-02  2.458339e-01
-1.40000e+00  8.00000e-01       1.788e+13  6.780733e-01  0.000000e+00  1.374506e-01  3.219267e-01
-7.00000e-01  8.00000e-01       1.609e+13  6.336859e-01  0.000000e+00  2.295220e-01  3.663141e-01
 0.00000e+00  8.00000e-01       1.296e+13  6.539073e-01  0.000000e+00 -1.831511e-15  3.460927e-01
 7.00000e-01  8.00000e-01       1.609e+13  6.336859e-01  0.000000e+00 -2.295220e-01  3.663141e-01
 1.40000e+00  8.00000e-01       1.788e+13  6.780733e-01  0.000000e+00 -1.374506e-01  3.219267e-01
 2.10000e+00  8.00000e-01       1.310e+13  7.541661e-01  0.000000e+00 -4.680394e-02  2.458339e-01
 2.80000e+00  8.00000e-01       6.114e+12  7.874499e-01  0.000000e+00 -1.444077e-02  2.125501e-01
 3.50000e+00  8.00000e-01       1.840e+12  7.943799e-01  0.000000e+00 -1.194699e-02  2.056201e-01
 4.20000e+00  8.00000e-01       3.393e+11  7.878276e-01  0.000000e+00 -2.459846e-02  2.121724e-01
 4.90000e+00  8.00000e-01       3.522e+10  7.660651e-01  0.000000e+00 -1.029704e-03  2.339349e-01
 5.60000e+00  8.00000e-01       2.151e+09  7.872041e-01  0.000000e+00  7.521847e-02  2.127959e-01
 6.30000e+00  8.00000e-01       7.516e+07  8.575768e-01  0.000000e+00  6.454175e-02  1.424232e-01
 7.00000e+00  8.00000e-01       1.202e+06  8.960680e-01  0.000000e+00 -5.593501e-02  1.039320e-01
-7.00000e+00  1.20000e+00       5.794e+04  5.058823e-01  0.000000e+00 -9.018177e-02  4.941177e-01
-6.30000e+00  1.20000e+00       4.129e+06  4.574817e-01  0.000000e+00  3.785356e-02  5.425183e-01
-5.60000e+00  1.20000e+00       1.530e+08  5.368693e-01  0.000000e+00  6.079431e-02  4.631307e-01
-4.90000e+00  1.20000e+00       2.962e+09  5.935070e-01  0.000000e+00  6.890512e-03  4.064930e-01
-4.20000e+00  1.20000e+00       3.109e+10  5.930588e-01  0.000000e+00  9.145208e-04  4.069412e-01
-3.50000e+00  1.20000e+00       1.997e+11  6.070135e-01  0.000000e+00  1.033953e-02  3.929865e-01
-2.80000e+00  1.20000e+00       8.306e+11  6.473754e-01  0.000000e+00  5.187048e-03  3.526246e-01
-2.10000e+00  1.20000e+00       2.316e+12  7.144405e-01  0.000000e+00  5.194255e-02  2.855595e-01
-1.40000e+00  1.20000e+00       4.829e+12  7.986020e-01  0.000000e+00  1.223951e-01  2.013980e-01
-7.00000e-01  1.20000e+00       7.672e+12  8.413326e-01  0.000000e+00  9.295097e-02  1.586674e-01
 0.00000e+00  1.20000e+00       8.913e+12  8.455403e-01  0.000000e+00  1.247819e-15  1.544597e-01
 7.00000e-01  1.20000e+00       7.672e+12  8.413326e-01  0.000000e+00 -9.295097e-02  1.586674e-01
 1.40000e+00  1.20000e+00       4.829e+12  7.986020e-01  0.000000e+00 -1.223951e-01  2.013980e-01
 2.10000e+00  1.20000e+00       2.316e+12  7.144405e-01  0.000000e+00 -5.194255e-02  2.855595e-01
 2.80000e+00  1.20000e+00       8.306e+11  6.473754e-01  0.000000e+00 -5.187048e-03  3.526246e-01
 3.50000e+00  1.20000e+00       1.997e+11  6.070135e-01  0.000000e+00 -1.033953e-02  3.929865e-01
 4.20000e+00  1.20000e+00       3.109e+10  5.930588e-01  0.000000e+00 -9.145208e-04  4.069412e-01
 4.90000e+00  1.20000e+00       2.962e+09  5.935070e-01  0.000000e+00 -6.890512e-03  4.064930e-01
 5.60000e+00  1.20000e+00       1.530e+08  5.368693e-01  0.000000e+00 -6.079431e-02  4.631307e-01
 6.30000e+00  1.20000e+00       4.129e+06  4.574817e-01  0.000000e+00 -3.785356e-02  5.425183e-01
 7.00000e+00  1.20000e+00       5.794e+04  5.058823e-01  0.000000e+00  9.018177e-02  4.941177e-01
-7.00000e+00  1.60000e+00       1.410e+05 -2.833925e-01  0.000000e+00  4.005564e-01  7.166075e-01
-6.30000e+00  1.60000e+00       3.167e+06 -1.977168e-01  0.000000e+00  4.084628e-01  8.022832e-01
-5.60000e+00  1.60000e+00       3.239e+07  6.675385e-02  0.000000e+00  3.917641e-01  9.332461e-01
-4.90000e+00  1.60000e+00       2.677e+08  3.943703e-01  0.000000e+00  2.935115e-01  6.056297e-01
-4.20000e+00  1.60000e+00       1.929e+09  5.088113e-01  0.000000e+00  1.398351e-01  4.911887e-01
-3.50000e+00  1.60000e+00       1.047e+10  5.169270e-01  0.000000e+00  3.618739e-02  4.830730e-01
-2.80000e+00  1.60000e+00       4.154e+10  5.114922e-01  0.000000e+00 -7.808905e-03  4.885078e-01
-2.10000e+00  1.60000e+00       1.174e+11  5.253477e-01  0.000000e+00 -9.464829e-02  4.746523e-01
-1.40000e+00  1.60000e+00       2.273e+11  5.182859e-01  0.000000e+00 -2.083264e-01  4.817141e-01
-7.00000e-01  1.60000e+00       3.196e+11  4.608896e-01  0.000000e+00 -1.817342e-01  5.391104e-01
 0.00000e+00  1.60000e+00       3.636e+11  4.350175e-01  0.000000e+00  7.157332e-16  5.649825e-01
 7.00000e-01  1.60000e+00       3.196e+11  4.608896e-01  0.000000e+00  1.817342e-01  5.391104e-01
 1.40000e+00  1.60000e+00       2.273e+11  5.182859e-01  0.000000e+00  2.083264e-01  4.817141e-01
 2.10000e+00  1.60000e+00       1.174e+11  5.253477e-01  0.000000e+00  9.464829e-02  4.746523e-01
 2.80000e+00  1.60000e+00       4.154e+10  5.114922e-01  0.000000e+00  7.808905e-03  4.885078e-01
 3.50000e+00  1.60000e+00       1.047e+10  5.169270e-01  0.000000e+00 -3.618739e-02  4.830730e-01
 4.20000e+00  1.60000e+00       1.929e+09  5.088113e-01  0.000000e+00 -1.398351e-01  4.911887e-01
 4.90000e+00  1.60000e+00       2.677e+08  3.943703e-01  0.000000e+00 -2.935115e-01  6.056297e-01
 5.60000e+00  1.60000e+00       3.239e+07  6.675385e-02  0.000000e+00 -3.917641e-01  9.332461e-01
 6.30000e+00  1.60000e+00       3.167e+06 -1.977168e-01  0.000000e+00 -4.084628e-01  8.022832e-01
 7.00000e+00  1.60000e+00       1.410e+05 -2.833925e-01  0.000000e+00 -4.005564e-01  7.166075e-01
-7.00000e+00  2.00000e+00       3.427e+05 -4.893247e-01  0.000000e+00  2.808864e-01  5.106753e-01
-6.30000e+00  2.00000e+00       5.261e+06 -3.658647e-01  0.000000e+00  3.653712e-01  6.341353e-01
-5.60000e+00  2.00000e+00       3.973e+07 -1.368402e-01  0.000000e+00  4.714663e-01  8.631598e-01
-4.90000e+00  2.00000e+00       1.882e+08  1.317728e-01  0.000000e+00  5.095489e-01  8.682272e-01
-4.20000e+00  2.00000e+00       6.172e+08  3.557075e-01  0.000000e+00  4.415036e-01  6.442925e-01
-3.50000e+00  2.00000e+00       1.618e+09  4.951071e-01  0.000000e+00  3.086519e-01  5.048929e-01
-2.80000e+00  2.00000e+00       3.797e+09  5.160342e-01  0.000000e+00  1.904795e-01  4.839658e-01
-2.10000e+00  2.00000e+00       7.539e+09  4.741206e-01  0.000000e+00  1.157826e-01  5.258794e-01
-1.40000e+00  2.00000e+00       1.294e+10  4.511031e-01  0.000000e+00  7.450416e-02  5.488969e-01
-7.00000e-01  2.00000e+00       2.302e+10  5.156474e-01  0.000000e+00  3.810295e-02  4.843526e-01
 0.00000e+00  2.00000e+00       3.076e+10  5.570320e-01  0.000000e+00 -6.415356e-15  4.429680e-01
 7.00000e-01  2.00000e+00       2.302e+10  5.156474e-01  0.000000e+00 -3.810295e-02  4.843526e-01
 1.40000e+00  2.00000e+00       1.294e+10  4.511031e-01  0.000000e+00 -7.450416e-02  5.488969e-01
 2.10000e+00  2.00000e+00       7.539e+09  4.741206e-01  0.000000e+00 -1.157826e-01  5.258794e-01
 2.80000e+00  2.00000e+00       3.797e+09  5.160342e-01  0.000000e+00 -1.904795e-01  4.839658e-01
 3.50000e+00  2.00000e+00       1.618e+09  4.951071e-01  0.000000e+00 -3.086519e-01  5.048929e-01
 4.20000e+00  2.00000e+00       6.172e+08  3.557075e-01  0.000000e+00 -4.415036e-01  6.442925e-01
 4.90000e+00  2.00000e+00       1.882e+08  1.317728e-01  0.000000e+00 -5.095489e-01  8.682272e-01
 5.60000e+00  2.00000e+00       3.973e+07 -1.368402e-01  0.000000e+00 -4.714663e-01  8.631598e-01
 6.30000e+00  2.00000e+00       5.261e+06 -3.658647e-01  0.000000e+00 -3.653712e-01  6.341353e-01
 7.00000e+00  2.00000e+00       3.427e+05 -4.893247e-01  0.000000e+00 -2.808864e-01  5.106753e-01
-7.00000e+00  2.40000e+00       9.987e+01 -8.925951e-01  0.000000e+00 -4.833647e-01  1.074049e-01
-6.30000e+00  2.40000e+00       2.793e+03  4.022694e-01  0.000000e+00  4.158460e-02  5.977306e-01
-5.60000e+00  2.40000e+00       1.040e+05  8.658674e-01  0.000000e+00  1.283134e-01  1.341326e-01
-4.90000e+00  2.40000e+00       1.713e+06  8.551182e-01  0.000000e+00  9.242814e-02  1.448818e-01
-4.20000e+00  2.40000e+00       1.510e+07  8.292158e-01  0.000000e+00  7.492068e-02  1.707842e-01
-3.50000e+00  2.40000e+00       1.147e+08  6.829368e-01  0.000000e+00  1.050209e-01  3.170632e-01
-2.80000e+00  2.40000e+00       6.839e+08  5.798142e-01  0.000000e+00  1.237654e-01  4.201858e-01
-2.10000e+00  2.40000e+00       2.352e+09  5.620703e-01  0.000000e+00  1.132647e-01  4.379297e-01
-1.40000e+00  2.40000e+00       4.650e+09  5.914484e-01  0.000000e+00  8.649925e-02  4.085516e-01
-7.00000e-01  2.40000e+00       8.181e+09  6.946698e-01  0.000000e+00  2.976474e-02  3.053302e-01
 0.00000e+00  2.40000e+00       1.118e+10  7.428834e-01  0.000000e+00  2.649863e-16  2.571166e-01
 7.00000e-01  2.40000e+00       8.181e+09  6.946698e-01  0.000000e+00 -2.976474e-02  3.053302e-01
 1.40000e+00  2.40000e+00       4.650e+09  5.914484e-01  0.000000e+00 -8.649925e-02  4.085516e-01
 2.10000e+00  2.40000e+00       2.352e+09  5.620703e-01  0.000000e+00 -1.132647e-01  4.379297e-01
 2.80000e+00  2.40000e+00       6.839e+08  5.798142e-01  0.000000e+00 -1.237654e-01  4.201858e-01
 3.50000e+00  2.40000e+00       1.147e+08  6.829368e-01  0.000000e+00 -1.050209e-01  3.170632e-01
 4.20000e+00  2.40000e+00       1.510e+07  8.292158e-01  0.000000e+00 -7.492068e-02  1.707842e-01
 4.90000e+00  2.40000e+00       1.713e+06  8.551182e-01  0.000000e+00 -9.242814e-02  1.448818e-01
 5.60000e+00  2.40000e+00       1.040e+05  8.658674e-01  0.000000e+00 -1.283134e-01  1.341326e-01
 6.30000e+00  2.40000e+00       2.793e+03  4.022694e-01  0.000000e+00 -4.158460e-02  5.977306e-01
 7.00000e+00  2.40000e+00       9.987e+01 -8.925951e-01  0.000000e+00  4.833647e-01  1.074049e-01
-7.00000e+00  2.80000e+00       2.538e+01  2.369849e-01  0.000000e+00 -1.009667e+00  7.630151e-01
-6.30000e+00  2.80000e+00       3.511e+03  6.876605e-01  0.000000e+00  3.254306e-01  3.123395e-01
-5.60000e+00  2.80000e+00       2.660e+05  4.934815e-01  0.000000e+00  3.721741e-01  5.065185e-01
-4.90000e+00  2.80000e+00       6.751e+06  4.562505e-01  0.000000e+00  3.869173e-01  5.437495e-01
-4.20000e+00  2.80000e+00       7.042e+07  4.627432e-01  0.000000e+00  3.637021e-01  5.372568e-01
-3.50000e+00  2.80000e+00       3.469e+08  4.870491e-01  0.000000e+00  3.107992e-01  5.129509e-01
-2.80000e+00  2.80000e+00       9.467e+08  5.079051e-01  0.000000e+00  2.443837e-01  4.920949e-01
-2.10000e+00  2.80000e+00       1.767e+09  5.367122e-01  0.000000e+00  1.721580e-01  4.632878e-01
-1.40000e+00  2.80000e+00       2.879e+09  5.959836e-01  0.000000e+00  1.043581e-01  4.040164e-01
-7.00000e-01  2.80000e+00       5.024e+09  7.320560e-01  0.000000e+00  3.520673e-02  2.679440e-01
 0.00000e+00  2.80000e+00       6.658e+09  8.018105e-01  0.000000e+00  4.343609e-16  1.981895e-01
 7.00000e-01  2.80000e+00       5.024e+09  7.320560e-01  0.000000e+00 -3.520673e-02  2.679440e-01
 1.40000e+00  2.80000e+00       2.879e+09  5.959836e-01  0.000000e+00 -1.043581e-01  4.040164e-01
 2.10000e+00  2.80000e+00       1.767e+09  5.367122e-01  0.000000e+00 -1.721580e-01  4.632878e-01
 2.80000e+00  2.80000e+00       9.467e+08  5.079051e-01  0.000000e+00 -2.443837e-01  4.920949e-01
 3.50000e+00  2.80000e+00       3.469e+08  4.870491e-01  0.000000e+00 -3.107992e-01  5.129509e-01
 4.20000e+00  2.80000e+00       7.042e+07  4.627432e-01  0.000000e+00 -3.637021e-01  5.372568e-01
 4.90000e+00  2.80000e+00       6.751e+06  4.562505e-01  0.000000e+00 -3.869173e-01  5.437495e-01
 5.60000e+00  2.80000e+00       2.660e+05  4.934815e-01  0.000000e+00 -3.721741e-01  5.065185e-01
 6.30000e+00  2.80000e+00       3.511e+03  6.876605e-01  0.000000e+00 -3.254306e-01  3.123395e-01
 7.00000e+00  2.80000e+00       2.538e+01  2.369849e-01  0.000000e+00  1.009667e+00  7.630151e-01
-7.00000e+00  3.20000e+00       9.589e+00  9.949608e-01  0.000000e+00 -2.162830e+00  5.039212e-03
-6.30000e+00  3.20000e+00       1.224e+03  7.792814e-01  0.000000e+00 -4.329930e-02  2.207186e-01
-5.60000e+00  3.20000e+00       5.753e+04  9.266615e-01  0.000000e+00  5.501576e-02  7.333850e-02
-4.90000e+00  3.20000e+00       1.197e+06  8.054887e-01  0.000000e+00  1.276033e-01  1.945113e-01
-4.20000e+00  3.20000e+00       1.195e+07  7.078872e-01  0.000000e+00  1.908700e-01  2.921128e-01
-3.50000e+00  3.20000e+00       5.711e+07  6.545053e-01  0.000000e+00  2.070841e-01  3.454947e-01
-2.80000e+00  3.20000e+00       1.765e+08  6.063413e-01  0.000000e+00  1.802321e-01  3.936587e-01
-2.10000e+00  3.20000e+00       5.639e+08  5.992941e-01  0.000000e+00  1.410064e-01  4.007059e-01
-1.40000e+00  3.20000e+00       1.494e+09  6.494207e-01  0.000000e+00  9.470578e-02  3.505793e-01
-7.00000e-01  3.20000e+00       3.425e+09  7.722883e-01  0.000000e+00  3.055884e-02  2.277117e-01
 0.00000e+00  3.20000e+00       4.898e+09  8.266183e-01  0.000000e+00  4.854617e-16  1.733817e-01
 7.00000e-01  3.20000e+00       3.425e+09  7.722883e-01  0.000000e+00 -3.055884e-02  2.277117e-01
 1.40000e+00  3.20000e+00       1.494e+09  6.494207e-01  0.000000e+00 -9.470578e-02  3.505793e-01
 2.10000e+00  3.20000e+00       5.639e+08  5.992941e-01  0.000000e+00 -1.410064e-01  4.007059e-01
 2.80000e+00  3.20000e+00       1.765e+08  6.063413e-01  0.000000e+00 -1.802321e-01  3.936587e-01
 3.50000e+00  3.20000e+00       5.711e+07  6.545053e-01  0.000000e+00 -2.070841e-01  3.454947e-01
 4.20000e+00  3.20000e+00       1.195e+07  7.078872e-01  0.000000e+00 -1.908700e-01  2.921128e-01
 4.90000e+00  3.20000e+00       1.197e+06  8.054887e-01  0.000000e+00 -1.276033e-01  1.945113e-01
 5.60000e+00  3.20000e+00       5.753e+04  9.266615e-01  0.000000e+00 -5.501576e-02  7.333850e-02
 6.30000e+00  3.20000e+00       1.224e+03  7.792814e-01  0.000000e+00  4.329930e-02  2.207186e-01
 7.00000e+00  3.20000e+00       9.589e+00  9.949608e-01  0.000000e+00  2.162829e+00  5.039215e-03
-7.00000e+00  3.60000e+00       1.502e+01  1.615126e-01  0.000000e+00 -1.156185e+00  8.384874e-01
-6.30000e+00  3.60000e+00       9.720e+02  8.354148e-01  0.000000e+00 -4.919381e-02  1.645852e-01
-5.60000e+00  3.60000e+00       4.203e+04  9.989475e-01  0.000000e+00  8.300085e-04  1.052505e-03
-4.90000e+00  3.60000e+00       7.031e+05  9.795901e-01  0.000000e+00  3.017783e-03  2.040989e-02
-4.20000e+00  3.60000e+00       5.341e+06  9.774684e-01  0.000000e+00  5.858589e-04  2.253161e-02
-3.50000e+00  3.60000e+00       2.004e+07  9.795563e-01  0.000000e+00 -1.145724e-03  2.044370e-02
-2.80000e+00  3.60000e+00       4.110e+07  9.826493e-01  0.000000e+00  1.965323e-02  1.735068e-02
-2.10000e+00  3.60000e+00       1.242e+08  9.319958e-01  0.000000e+00  8.467769e-02  6.800423e-02
-1.40000e+00  3.60000e+00       5.647e+08  8.536073e-01  0.000000e+00  6.133832e-02  1.463927e-01
-7.00000e-01  3.60000e+00       2.243e+09  8.520733e-01  0.000000e+00  1.230613e-02  1.479267e-01
 0.00000e+00  3.60000e+00       3.741e+09  8.576199e-01  0.000000e+00  5.836206e-16  1.423801e-01
 7.00000e-01  3.60000e+00       2.243e+09  8.520733e-01  0.000000e+00 -1.230613e-02  1.479267e-01
 1.40000e+00  3.60000e+00       5.647e+08  8.536073e-01  0.000000e+00 -6.133832e-02  1.463927e-01
 2.10000e+00  3.60000e+00       1.242e+08  9.319958e-01  0.000000e+00 -8.467769e-02  6.800423e-02
 2.80000e+00  3.60000e+00       4.110e+07  9.826493e-01  0.000000e+00 -1.965323e-02  1.735068e-02
 3.50000e+00  3.60000e+00       2.004e+07  9.795563e-01  0.000000e+00  1.145724e-03  2.044370e-02
 4.20000e+00  3.60000e+00       5.341e+06  9.774684e-01  0.000000e+00 -5.858589e-04  2.253161e-02
 4.90000e+00  3.60000e+00       7.031e+05  9.795901e-01  0.000000e+00 -3.017783e-03  2.040989e-02
 5.60000e+00  3.60000e+00       4.203e+04  9.989475e-01  0.000000e+00 -8.300085e-04  1.052505e-03
 6.30000e+00  3.60000e+00       9.720e+02  8.354148e-01  0.000000e+00  4.919381e-02  1.645852e-01
 7.00000e+00  3.60000e+00       1.502e+01  1.615126e-01  0.000000e+00  1.156185e+00  8.384874e-01
-7.00000e+00  4.00000e+00       6.687e+00  6.064018e-01  0.000000e+00 -9.774015e-01  3.935982e-01
-6.30000e+00  4.00000e+00       8.289e+02  8.625759e-01  0.000000e+00 -3.479752e-02  1.374241e-01
-5.60000e+00  4.00000e+00       3.618e+04  9.978969e-01  0.000000e+00 -8.081508e-05  2.103054e-03
-4.90000e+00  4.00000e+00       6.040e+05  9.814084e-01  0.000000e+00  1.548139e-03  1.859160e-02
-4.20000e+00  4.00000e+00       4.585e+06  9.791592e-01  0.000000e+00 -2.271820e-04  2.084084e-02
-3.50000e+00  4.00000e+00       1.719e+07  9.813565e-01  0.000000e+00 -1.620126e-03  1.864347e-02
-2.80000e+00  4.00000e+00       3.535e+07  9.850558e-01  0.000000e+00  1.526765e-02  1.494420e-02
-2.10000e+00  4.00000e+00       1.076e+08  9.346009e-01  0.000000e+00  6.858834e-02  6.539910e-02
-1.40000e+00  4.00000e+00       4.874e+08  8.581341e-01  0.000000e+00  5.089305e-02  1.418659e-01
-7.00000e-01  4.00000e+00       1.907e+09  8.592519e-01  0.000000e+00  1.089321e-02  1.407481e-01
 0.00000e+00  4.00000e+00       3.161e+09  8.661986e-01  0.000000e+00  6.002493e-16  1.338014e-01
 7.00000e-01  4.00000e+00       1.907e+09  8.592519e-01  0.000000e+00 -1.089321e-02  1.407481e-01
 1.40000e+00  4.00000e+00       4.874e+08  8.581341e-01  0.000000e+00 -5.089305e-02  1.418659e-01
 2.10000e+00  4.00000e+00       1.076e+08  9.346009e-01  0.000000e+00 -6.858834e-02  6.539910e-02
 2.80000e+00  4.00000e+00       3.535e+07  9.850558e-01  0.000000e+00 -1.526765e-02  1.494420e-02
 3.50000e+00  4.00000e+00       1.719e+07  9.813565e-01  0.000000e+00  1.620126e-03  1.864347e-02
 4.20000e+00  4.00000e+00       4.585e+06  9.791592e-01  0.000000e+00  2.271820e-04  2.084084e-02
 4.90000e+00  4.00000e+00       6.040e+05  9.814084e-01  0.000000e+00 -1.548139e-03  1.859160e-02
 5.60000e+00  4.00000e+00       3.618e+04  9.978969e-01  0.000000e+00  8.081508e-05  2.103054e-03
 6.30000e+00  4.00000e+00       8.289e+02  8.625759e-01  0.000000e+00  3.479752e-02  1.374241e-01
 7.00000e+00  4.00000e+00       6.687e+00  6.063976e-01  0.000000e+00  9.774036e-01  3.936024e-01
