 EB(GeV)    EMITTANCEx EMITTANCEy SIZEx(m)   SIZEy(m)   DIVx(rad)  DIVy(rad)
 2.411e+00  5.499e-09  1.017e-12  8.711e-05  1.009e-06  6.313e-05  1.009e-06
 betax      alphax     betay      alphay     eta        deta       E_spread  
 1.380e+00  0.000e+00  1.000e+00  0.000e+00  0.000e+00  0.000e+00  8.600e-04
 Ibeam(A)   period(cm) #periods   Kx         Ky         Energy(eV)
 4.005e-01  1.900e+00         96  0.000e+00  1.780e+00  2.526e+04


           x            y       F.Density            PL            PC          PL45        1-|PL|
          mm           mm  ph/s/mr^2/0.1%             -             -             -             -
-7.00000e+00 -4.00000e+00       3.221e+01  3.757133e-01  0.000000e+00  1.650814e-01  6.242867e-01
-6.30000e+00 -4.00000e+00       2.259e+03  9.562969e-01  0.000000e+00 -4.745293e-03  4.370306e-02
-5.60000e+00 -4.00000e+00       7.316e+04  9.983304e-01  0.000000e+00 -5.565952e-03  1.669571e-03
-4.90000e+00 -4.00000e+00       7.842e+05  9.938767e-01  0.000000e+00 -6.560485e-03  6.123278e-03
-4.20000e+00 -4.00000e+00       2.571e+06  9.947789e-01  0.000000e+00 -1.624571e-02  5.221069e-03
-3.50000e+00 -4.00000e+00       5.410e+06  9.873367e-01  0.000000e+00 -1.973329e-02  1.266332e-02
-2.80000e+00 -4.00000e+00       4.183e+07  9.748271e-01  0.000000e+00 -1.318224e-02  2.517291e-02
-2.10000e+00 -4.00000e+00       3.244e+07  6.615761e-01  0.000000e+00 -3.416333e-01  3.384239e-01
-1.40000e+00 -4.00000e+00       1.008e+08  5.231541e-01  0.000000e+00 -5.988778e-01  4.768459e-01
-7.00000e-01 -4.00000e+00       1.002e+09  9.223807e-01  0.000000e+00 -1.006687e-01  7.761927e-02
 0.00000e+00 -4.00000e+00       1.993e+09  9.655850e-01  0.000000e+00 -7.161575e-16  3.441503e-02
 7.00000e-01 -4.00000e+00       1.002e+09  9.223807e-01  0.000000e+00  1.006687e-01  7.761927e-02
 1.40000e+00 -4.00000e+00       1.008e+08  5.231541e-01  0.000000e+00  5.988778e-01  4.768459e-01
 2.10000e+00 -4.00000e+00       3.244e+07  6.615761e-01  0.000000e+00  3.416333e-01  3.384239e-01
 2.80000e+00 -4.00000e+00       4.183e+07  9.748271e-01  0.000000e+00  1.318224e-02  2.517291e-02
 3.50000e+00 -4.00000e+00       5.410e+06  9.873367e-01  0.000000e+00  1.973329e-02  1.266332e-02
 4.20000e+00 -4.00000e+00       2.571e+06  9.947789e-01  0.000000e+00  1.624571e-02  5.221069e-03
 4.90000e+00 -4.00000e+00       7.842e+05  9.938767e-01  0.000000e+00  6.560485e-03  6.123278e-03
 5.60000e+00 -4.00000e+00       7.316e+04  9.983304e-01  0.000000e+00  5.565952e-03  1.669571e-03
 6.30000e+00 -4.00000e+00       2.259e+03  9.562969e-01  0.000000e+00  4.745293e-03  4.370306e-02
 7.00000e+00 -4.00000e+00       3.221e+01  3.757127e-01  0.000000e+00 -1.650830e-01  6.242873e-01
-7.00000e+00 -3.60000e+00       4.048e+01  4.018084e-01  0.000000e+00  3.050615e-01  5.981916e-01
-6.30000e+00 -3.60000e+00       2.609e+03  9.726382e-01  0.000000e+00 -9.357571e-03  2.736181e-02
-5.60000e+00 -3.60000e+00       8.521e+04  9.962129e-01  0.000000e+00 -6.211629e-03  3.787059e-03
-4.90000e+00 -3.60000e+00       9.128e+05  9.919265e-01  0.000000e+00 -7.030741e-03  8.073546e-03
-4.20000e+00 -3.60000e+00       2.986e+06  9.930270e-01  0.000000e+00 -1.825467e-02  6.972960e-03
-3.50000e+00 -3.60000e+00       6.180e+06  9.975178e-01  0.000000e+00 -2.631960e-02  2.482232e-03
-2.80000e+00 -3.60000e+00       4.540e+07  9.741820e-01  0.000000e+00 -3.013671e-02  2.581804e-02
-2.10000e+00 -3.60000e+00       6.172e+07  9.001030e-01  0.000000e+00 -3.299856e-01  9.989705e-02
-1.40000e+00 -3.60000e+00       1.629e+08  9.384794e-01  0.000000e+00 -5.968035e-01  6.152058e-02
-7.00000e-01 -3.60000e+00       1.111e+09  9.427736e-01  0.000000e+00 -1.366939e-01  5.722640e-02
 0.00000e+00 -3.60000e+00       2.317e+09  9.659664e-01  0.000000e+00 -6.135242e-16  3.403361e-02
 7.00000e-01 -3.60000e+00       1.111e+09  9.427736e-01  0.000000e+00  1.366939e-01  5.722640e-02
 1.40000e+00 -3.60000e+00       1.629e+08  9.384794e-01  0.000000e+00  5.968035e-01  6.152058e-02
 2.10000e+00 -3.60000e+00       6.172e+07  9.001030e-01  0.000000e+00  3.299856e-01  9.989705e-02
 2.80000e+00 -3.60000e+00       4.540e+07  9.741820e-01  0.000000e+00  3.013671e-02  2.581804e-02
 3.50000e+00 -3.60000e+00       6.180e+06  9.975178e-01  0.000000e+00  2.631960e-02  2.482232e-03
 4.20000e+00 -3.60000e+00       2.986e+06  9.930270e-01  0.000000e+00  1.825467e-02  6.972960e-03
 4.90000e+00 -3.60000e+00       9.128e+05  9.919265e-01  0.000000e+00  7.030741e-03  8.073546e-03
 5.60000e+00 -3.60000e+00       8.521e+04  9.962129e-01  0.000000e+00  6.211629e-03  3.787059e-03
 6.30000e+00 -3.60000e+00       2.609e+03  9.726382e-01  0.000000e+00  9.357571e-03  2.736181e-02
 7.00000e+00 -3.60000e+00       4.048e+01  4.018084e-01  0.000000e+00 -3.050615e-01  5.981916e-01
-7.00000e+00 -3.20000e+00       4.529e+01  5.052406e-01  0.000000e+00  2.714389e-01  4.947594e-01
-6.30000e+00 -3.20000e+00       3.213e+03  9.591953e-01  0.000000e+00 -2.009501e-02  4.080473e-02
-5.60000e+00 -3.20000e+00       1.160e+05  9.351409e-01  0.000000e+00 -5.214095e-02  6.485911e-02
-4.90000e+00 -3.20000e+00       1.975e+06  7.425281e-01  0.000000e+00 -1.796501e-01  2.574719e-01
-4.20000e+00 -3.20000e+00       2.104e+07  5.161843e-01  0.000000e+00 -3.222799e-01  4.838157e-01
-3.50000e+00 -3.20000e+00       1.103e+08  3.873475e-01  0.000000e+00 -3.817494e-01  6.126525e-01
-2.80000e+00 -3.20000e+00       3.097e+08  3.525065e-01  0.000000e+00 -3.366114e-01  6.474935e-01
-2.10000e+00 -3.20000e+00       8.264e+08  5.142874e-01  0.000000e+00 -2.067267e-01  4.857126e-01
-1.40000e+00 -3.20000e+00       1.353e+09  5.642145e-01  0.000000e+00 -2.002090e-01  4.357855e-01
-7.00000e-01 -3.20000e+00       5.168e+08 -3.751227e-01  0.000000e+00 -5.714499e-01  6.248773e-01
 0.00000e+00 -3.20000e+00       1.875e+09  5.849841e-01  0.000000e+00 -6.970968e-16  4.150159e-01
 7.00000e-01 -3.20000e+00       5.168e+08 -3.751227e-01  0.000000e+00  5.714499e-01  6.248773e-01
 1.40000e+00 -3.20000e+00       1.353e+09  5.642145e-01  0.000000e+00  2.002090e-01  4.357855e-01
 2.10000e+00 -3.20000e+00       8.264e+08  5.142874e-01  0.000000e+00  2.067267e-01  4.857126e-01
 2.80000e+00 -3.20000e+00       3.097e+08  3.525065e-01  0.000000e+00  3.366114e-01  6.474935e-01
 3.50000e+00 -3.20000e+00       1.103e+08  3.873475e-01  0.000000e+00  3.817494e-01  6.126525e-01
 4.20000e+00 -3.20000e+00       2.104e+07  5.161843e-01  0.000000e+00  3.222799e-01  4.838157e-01
 4.90000e+00 -3.20000e+00       1.975e+06  7.425281e-01  0.000000e+00  1.796501e-01  2.574719e-01
 5.60000e+00 -3.20000e+00       1.160e+05  9.351409e-01  0.000000e+00  5.214095e-02  6.485911e-02
 6.30000e+00 -3.20000e+00       3.213e+03  9.591953e-01  0.000000e+00  2.009501e-02  4.080473e-02
 7.00000e+00 -3.20000e+00       4.529e+01  5.052406e-01  0.000000e+00 -2.714389e-01  4.947594e-01
-7.00000e+00 -2.80000e+00       8.684e+01  5.789354e-01  0.000000e+00 -1.457936e-01  4.210646e-01
-6.30000e+00 -2.80000e+00       1.332e+04  5.014606e-01  0.000000e+00 -3.666726e-01  4.985394e-01
-5.60000e+00 -2.80000e+00       7.916e+05  4.237377e-01  0.000000e+00 -4.254417e-01  5.762623e-01
-4.90000e+00 -2.80000e+00       1.646e+07  3.813755e-01  0.000000e+00 -4.529687e-01  6.186245e-01
-4.20000e+00 -2.80000e+00       1.241e+08  3.747046e-01  0.000000e+00 -4.454952e-01  6.252954e-01
-3.50000e+00 -2.80000e+00       4.085e+08  3.906686e-01  0.000000e+00 -3.934666e-01  6.093314e-01
-2.80000e+00 -2.80000e+00       8.774e+08  4.210634e-01  0.000000e+00 -2.942116e-01  5.789366e-01
-2.10000e+00 -2.80000e+00       1.744e+09  5.128914e-01  0.000000e+00 -1.870781e-01  4.871086e-01
-1.40000e+00 -2.80000e+00       2.531e+09  5.501089e-01  0.000000e+00 -1.703082e-01  4.498911e-01
-7.00000e-01 -2.80000e+00       9.347e+08 -2.943788e-01  0.000000e+00 -4.828364e-01  7.056212e-01
 0.00000e+00 -2.80000e+00       2.067e+09  4.189101e-01  0.000000e+00 -7.355453e-16  5.810899e-01
 7.00000e-01 -2.80000e+00       9.347e+08 -2.943788e-01  0.000000e+00  4.828364e-01  7.056212e-01
 1.40000e+00 -2.80000e+00       2.531e+09  5.501089e-01  0.000000e+00  1.703082e-01  4.498911e-01
 2.10000e+00 -2.80000e+00       1.744e+09  5.128914e-01  0.000000e+00  1.870781e-01  4.871086e-01
 2.80000e+00 -2.80000e+00       8.774e+08  4.210634e-01  0.000000e+00  2.942116e-01  5.789366e-01
 3.50000e+00 -2.80000e+00       4.085e+08  3.906686e-01  0.000000e+00  3.934666e-01  6.093314e-01
 4.20000e+00 -2.80000e+00       1.241e+08  3.747046e-01  0.000000e+00  4.454952e-01  6.252954e-01
 4.90000e+00 -2.80000e+00       1.646e+07  3.813755e-01  0.000000e+00  4.529687e-01  6.186245e-01
 5.60000e+00 -2.80000e+00       7.916e+05  4.237377e-01  0.000000e+00  4.254417e-01  5.762623e-01
 6.30000e+00 -2.80000e+00       1.332e+04  5.014606e-01  0.000000e+00  3.666726e-01  4.985394e-01
 7.00000e+00 -2.80000e+00       8.684e+01  5.789354e-01  0.000000e+00  1.457936e-01  4.210646e-01
-7.00000e+00 -2.40000e+00       1.155e+04 -1.880691e-02  0.000000e+00 -6.005701e-01  9.811931e-01
-6.30000e+00 -2.40000e+00       6.742e+05  1.191377e-02  0.000000e+00 -5.937343e-01  9.880862e-01
-5.60000e+00 -2.40000e+00       1.339e+07  6.743124e-02  0.000000e+00 -5.810430e-01  9.325688e-01
-4.90000e+00 -2.40000e+00       1.008e+08  1.562129e-01  0.000000e+00 -5.528810e-01  8.437871e-01
-4.20000e+00 -2.40000e+00       3.497e+08  2.805522e-01  0.000000e+00 -4.922181e-01  7.194478e-01
-3.50000e+00 -2.40000e+00       7.637e+08  4.009051e-01  0.000000e+00 -3.835533e-01  5.990949e-01
-2.80000e+00 -2.40000e+00       1.489e+09  4.650762e-01  0.000000e+00 -2.530877e-01  5.349238e-01
-2.10000e+00 -2.40000e+00       3.005e+09  5.335860e-01  0.000000e+00 -1.536140e-01  4.664140e-01
-1.40000e+00 -2.40000e+00       4.711e+09  5.562142e-01  0.000000e+00 -1.407587e-01  4.437858e-01
-7.00000e-01 -2.40000e+00       3.321e+09  2.415302e-01  0.000000e+00 -2.241075e-01  7.584698e-01
 0.00000e+00 -2.40000e+00       1.376e+09 -9.494705e-01  0.000000e+00  2.180288e-15  5.052952e-02
 7.00000e-01 -2.40000e+00       3.321e+09  2.415302e-01  0.000000e+00  2.241075e-01  7.584698e-01
 1.40000e+00 -2.40000e+00       4.711e+09  5.562142e-01  0.000000e+00  1.407587e-01  4.437858e-01
 2.10000e+00 -2.40000e+00       3.005e+09  5.335860e-01  0.000000e+00  1.536140e-01  4.664140e-01
 2.80000e+00 -2.40000e+00       1.489e+09  4.650762e-01  0.000000e+00  2.530877e-01  5.349238e-01
 3.50000e+00 -2.40000e+00       7.637e+08  4.009051e-01  0.000000e+00  3.835533e-01  5.990949e-01
 4.20000e+00 -2.40000e+00       3.497e+08  2.805522e-01  0.000000e+00  4.922181e-01  7.194478e-01
 4.90000e+00 -2.40000e+00       1.008e+08  1.562129e-01  0.000000e+00  5.528810e-01  8.437871e-01
 5.60000e+00 -2.40000e+00       1.339e+07  6.743124e-02  0.000000e+00  5.810430e-01  9.325688e-01
 6.30000e+00 -2.40000e+00       6.742e+05  1.191377e-02  0.000000e+00  5.937343e-01  9.880862e-01
 7.00000e+00 -2.40000e+00       1.155e+04 -1.880691e-02  0.000000e+00  6.005701e-01  9.811931e-01
-7.00000e+00 -2.00000e+00       3.291e+05 -5.418243e-01  0.000000e+00 -1.647443e-01  4.581757e-01
-6.30000e+00 -2.00000e+00       4.213e+06 -3.580241e-01  0.000000e+00 -3.173531e-01  6.419759e-01
-5.60000e+00 -2.00000e+00       3.440e+07 -5.936538e-02  0.000000e+00 -4.778296e-01  9.406346e-01
-4.90000e+00 -2.00000e+00       1.972e+08  1.933385e-01  0.000000e+00 -5.019217e-01  8.066615e-01
-4.20000e+00 -2.00000e+00       7.583e+08  3.792218e-01  0.000000e+00 -4.153834e-01  6.207782e-01
-3.50000e+00 -2.00000e+00       2.172e+09  4.790016e-01  0.000000e+00 -2.825565e-01  5.209984e-01
-2.80000e+00 -2.00000e+00       5.138e+09  5.014729e-01  0.000000e+00 -1.580749e-01  4.985271e-01
-2.10000e+00 -2.00000e+00       1.123e+10  5.342117e-01  0.000000e+00 -1.041253e-01  4.657883e-01
-1.40000e+00 -2.00000e+00       1.925e+10  5.594757e-01  0.000000e+00 -9.661172e-02  4.405243e-01
-7.00000e-01 -2.00000e+00       1.990e+10  4.894729e-01  0.000000e+00 -5.116005e-02  5.105271e-01
 0.00000e+00 -2.00000e+00       1.626e+10  3.794391e-01  0.000000e+00  4.021063e-15  6.205609e-01
 7.00000e-01 -2.00000e+00       1.990e+10  4.894729e-01  0.000000e+00  5.116005e-02  5.105271e-01
 1.40000e+00 -2.00000e+00       1.925e+10  5.594757e-01  0.000000e+00  9.661172e-02  4.405243e-01
 2.10000e+00 -2.00000e+00       1.123e+10  5.342117e-01  0.000000e+00  1.041253e-01  4.657883e-01
 2.80000e+00 -2.00000e+00       5.138e+09  5.014729e-01  0.000000e+00  1.580749e-01  4.985271e-01
 3.50000e+00 -2.00000e+00       2.172e+09  4.790016e-01  0.000000e+00  2.825565e-01  5.209984e-01
 4.20000e+00 -2.00000e+00       7.583e+08  3.792218e-01  0.000000e+00  4.153834e-01  6.207782e-01
 4.90000e+00 -2.00000e+00       1.972e+08  1.933385e-01  0.000000e+00  5.019217e-01  8.066615e-01
 5.60000e+00 -2.00000e+00       3.440e+07 -5.936538e-02  0.000000e+00  4.778296e-01  9.406346e-01
 6.30000e+00 -2.00000e+00       4.213e+06 -3.580241e-01  0.000000e+00  3.173531e-01  6.419759e-01
 7.00000e+00 -2.00000e+00       3.291e+05 -5.418243e-01  0.000000e+00  1.647443e-01  4.581757e-01
-7.00000e+00 -1.60000e+00       1.441e+05 -1.644853e-01  0.000000e+00 -4.666418e-01  8.355147e-01
-6.30000e+00 -1.60000e+00       4.215e+06 -7.036967e-02  0.000000e+00 -4.603061e-01  9.296303e-01
-5.60000e+00 -1.60000e+00       5.346e+07  1.373228e-01  0.000000e+00 -3.843762e-01  8.626772e-01
-4.90000e+00 -1.60000e+00       4.798e+08  3.894826e-01  0.000000e+00 -2.253702e-01  6.105174e-01
-4.20000e+00 -1.60000e+00       3.795e+09  4.909460e-01  0.000000e+00 -1.064866e-01  5.090540e-01
-3.50000e+00 -1.60000e+00       2.190e+10  5.054403e-01  0.000000e+00 -4.500054e-02  4.945597e-01
-2.80000e+00 -1.60000e+00       8.679e+10  5.174250e-01  0.000000e+00 -3.250978e-02  4.825750e-01
-2.10000e+00 -1.60000e+00       2.415e+11  5.545911e-01  0.000000e+00 -7.646911e-02  4.454089e-01
-1.40000e+00 -1.60000e+00       4.466e+11  5.442971e-01  0.000000e+00 -1.146570e-01  4.557029e-01
-7.00000e-01 -1.60000e+00       4.812e+11  4.115693e-01  0.000000e+00 -4.820069e-02  5.884307e-01
 0.00000e+00 -1.60000e+00       3.993e+11  2.729502e-01  0.000000e+00 -6.552305e-16  7.270498e-01
 7.00000e-01 -1.60000e+00       4.812e+11  4.115693e-01  0.000000e+00  4.820069e-02  5.884307e-01
 1.40000e+00 -1.60000e+00       4.466e+11  5.442971e-01  0.000000e+00  1.146570e-01  4.557029e-01
 2.10000e+00 -1.60000e+00       2.415e+11  5.545911e-01  0.000000e+00  7.646911e-02  4.454089e-01
 2.80000e+00 -1.60000e+00       8.679e+10  5.174250e-01  0.000000e+00  3.250978e-02  4.825750e-01
 3.50000e+00 -1.60000e+00       2.190e+10  5.054403e-01  0.000000e+00  4.500054e-02  4.945597e-01
 4.20000e+00 -1.60000e+00       3.795e+09  4.909460e-01  0.000000e+00  1.064866e-01  5.090540e-01
 4.90000e+00 -1.60000e+00       4.798e+08  3.894826e-01  0.000000e+00  2.253702e-01  6.105174e-01
 5.60000e+00 -1.60000e+00       5.346e+07  1.373228e-01  0.000000e+00  3.843762e-01  8.626772e-01
 6.30000e+00 -1.60000e+00       4.215e+06 -7.036967e-02  0.000000e+00  4.603061e-01  9.296303e-01
 7.00000e+00 -1.60000e+00       1.441e+05 -1.644853e-01  0.000000e+00  4.666418e-01  8.355147e-01
-7.00000e+00 -1.20000e+00       2.988e+05  4.065526e-01  0.000000e+00 -9.781685e-02  5.934474e-01
-6.30000e+00 -1.20000e+00       1.511e+07  4.121162e-01  0.000000e+00 -5.948220e-02  5.878838e-01
-5.60000e+00 -1.20000e+00       4.332e+08  4.947760e-01  0.000000e+00 -9.265078e-02  5.052240e-01
-4.90000e+00 -1.20000e+00       7.422e+09  6.152738e-01  0.000000e+00 -6.107317e-02  3.847262e-01
-4.20000e+00 -1.20000e+00       7.027e+10  6.695813e-01  0.000000e+00  5.311336e-03  3.304187e-01
-3.50000e+00 -1.20000e+00       3.909e+11  6.727270e-01  0.000000e+00  1.964731e-02  3.272730e-01
-2.80000e+00 -1.20000e+00       1.416e+12  6.700078e-01  0.000000e+00 -1.908015e-03  3.299922e-01
-2.10000e+00 -1.20000e+00       3.609e+12  6.853393e-01  0.000000e+00 -7.317394e-02  3.146607e-01
-1.40000e+00 -1.20000e+00       6.500e+12  7.287677e-01  0.000000e+00 -1.513817e-01  2.712323e-01
-7.00000e-01 -1.20000e+00       7.357e+12  7.980121e-01  0.000000e+00 -1.223246e-01  2.019879e-01
 0.00000e+00 -1.20000e+00       6.347e+12  8.478018e-01  0.000000e+00 -6.091418e-15  1.521982e-01
 7.00000e-01 -1.20000e+00       7.357e+12  7.980121e-01  0.000000e+00  1.223246e-01  2.019879e-01
 1.40000e+00 -1.20000e+00       6.500e+12  7.287677e-01  0.000000e+00  1.513817e-01  2.712323e-01
 2.10000e+00 -1.20000e+00       3.609e+12  6.853393e-01  0.000000e+00  7.317394e-02  3.146607e-01
 2.80000e+00 -1.20000e+00       1.416e+12  6.700078e-01  0.000000e+00  1.908015e-03  3.299922e-01
 3.50000e+00 -1.20000e+00       3.909e+11  6.727270e-01  0.000000e+00 -1.964731e-02  3.272730e-01
 4.20000e+00 -1.20000e+00       7.027e+10  6.695813e-01  0.000000e+00 -5.311336e-03  3.304187e-01
 4.90000e+00 -1.20000e+00       7.422e+09  6.152738e-01  0.000000e+00  6.107317e-02  3.847262e-01
 5.60000e+00 -1.20000e+00       4.332e+08  4.947760e-01  0.000000e+00  9.265078e-02  5.052240e-01
 6.30000e+00 -1.20000e+00       1.511e+07  4.121162e-01  0.000000e+00  5.948220e-02  5.878838e-01
 7.00000e+00 -1.20000e+00       2.988e+05  4.065526e-01  0.000000e+00  9.781685e-02  5.934474e-01
-7.00000e+00 -8.00000e-01       2.958e+06  8.003809e-01  0.000000e+00 -1.678272e-01  1.996191e-01
-6.30000e+00 -8.00000e-01       1.813e+08  8.699557e-01  0.000000e+00 -2.948504e-02  1.300443e-01
-5.60000e+00 -8.00000e-01       4.891e+09  8.313961e-01  0.000000e+00  6.269119e-02  1.686039e-01
-4.90000e+00 -8.00000e-01       6.884e+10  7.782242e-01  0.000000e+00  3.571044e-02  2.217758e-01
-4.20000e+00 -8.00000e-01       5.998e+11  7.811562e-01  0.000000e+00 -1.673969e-02  2.188438e-01
-3.50000e+00 -8.00000e-01       3.123e+12  7.939260e-01  0.000000e+00 -1.558760e-02  2.060740e-01
-2.80000e+00 -8.00000e-01       9.957e+12  7.883491e-01  0.000000e+00 -1.448628e-02  2.116509e-01
-2.10000e+00 -8.00000e-01       2.048e+13  7.456010e-01  0.000000e+00 -3.135886e-02  2.543990e-01
-1.40000e+00 -8.00000e-01       2.753e+13  6.117597e-01  0.000000e+00 -1.199542e-02  3.882403e-01
-7.00000e-01 -8.00000e-01       2.986e+13  4.698999e-01  0.000000e+00  8.375671e-02  5.301001e-01
 0.00000e+00 -8.00000e-01       3.098e+13  4.488174e-01  0.000000e+00 -4.645155e-15  5.511826e-01
 7.00000e-01 -8.00000e-01       2.986e+13  4.698999e-01  0.000000e+00 -8.375671e-02  5.301001e-01
 1.40000e+00 -8.00000e-01       2.753e+13  6.117597e-01  0.000000e+00  1.199542e-02  3.882403e-01
 2.10000e+00 -8.00000e-01       2.048e+13  7.456010e-01  0.000000e+00  3.135886e-02  2.543990e-01
 2.80000e+00 -8.00000e-01       9.957e+12  7.883491e-01  0.000000e+00  1.448628e-02  2.116509e-01
 3.50000e+00 -8.00000e-01       3.123e+12  7.939260e-01  0.000000e+00  1.558760e-02  2.060740e-01
 4.20000e+00 -8.00000e-01       5.998e+11  7.811562e-01  0.000000e+00  1.673969e-02  2.188438e-01
 4.90000e+00 -8.00000e-01       6.884e+10  7.782242e-01  0.000000e+00 -3.571044e-02  2.217758e-01
 5.60000e+00 -8.00000e-01       4.891e+09  8.313961e-01  0.000000e+00 -6.269119e-02  1.686039e-01
 6.30000e+00 -8.00000e-01       1.813e+08  8.699557e-01  0.000000e+00  2.948504e-02  1.300443e-01
 7.00000e+00 -8.00000e-01       2.958e+06  8.003809e-01  0.000000e+00  1.678272e-01  1.996191e-01
-7.00000e+00 -4.00000e-01       7.141e+06  8.687616e-01  0.000000e+00 -2.242666e-01  1.312384e-01
-6.30000e+00 -4.00000e-01       5.603e+08  9.314021e-01  0.000000e+00 -1.437201e-01  6.859788e-02
-5.60000e+00 -4.00000e-01       1.780e+10  9.498241e-01  0.000000e+00 -3.960237e-02  5.017588e-02
-4.90000e+00 -4.00000e-01       2.487e+11  9.407866e-01  0.000000e+00  2.478039e-02  5.921338e-02
-4.20000e+00 -4.00000e-01       1.946e+12  9.308708e-01  0.000000e+00  1.798525e-02  6.912921e-02
-3.50000e+00 -4.00000e-01       1.009e+13  9.365046e-01  0.000000e+00 -4.361534e-03  6.349536e-02
-2.80000e+00 -4.00000e-01       3.267e+13  9.416999e-01  0.000000e+00 -2.489730e-03  5.830012e-02
-2.10000e+00 -4.00000e-01       6.829e+13  9.422468e-01  0.000000e+00  3.732807e-02  5.775324e-02
-1.40000e+00 -4.00000e-01       1.153e+14  9.491011e-01  0.000000e+00  1.114663e-01  5.089890e-02
-7.00000e-01 -4.00000e-01       1.718e+14  9.589723e-01  0.000000e+00  1.116740e-01  4.102768e-02
 0.00000e+00 -4.00000e-01       1.973e+14  9.613925e-01  0.000000e+00  2.931987e-15  3.860753e-02
 7.00000e-01 -4.00000e-01       1.718e+14  9.589723e-01  0.000000e+00 -1.116740e-01  4.102768e-02
 1.40000e+00 -4.00000e-01       1.153e+14  9.491011e-01  0.000000e+00 -1.114663e-01  5.089890e-02
 2.10000e+00 -4.00000e-01       6.829e+13  9.422468e-01  0.000000e+00 -3.732807e-02  5.775324e-02
 2.80000e+00 -4.00000e-01       3.267e+13  9.416999e-01  0.000000e+00  2.489730e-03  5.830012e-02
 3.50000e+00 -4.00000e-01       1.009e+13  9.365046e-01  0.000000e+00  4.361534e-03  6.349536e-02
 4.20000e+00 -4.00000e-01       1.946e+12  9.308708e-01  0.000000e+00 -1.798525e-02  6.912921e-02
 4.90000e+00 -4.00000e-01       2.487e+11  9.407866e-01  0.000000e+00 -2.478039e-02  5.921338e-02
 5.60000e+00 -4.00000e-01       1.780e+10  9.498241e-01  0.000000e+00  3.960237e-02  5.017588e-02
 6.30000e+00 -4.00000e-01       5.603e+08  9.314021e-01  0.000000e+00  1.437201e-01  6.859788e-02
 7.00000e+00 -4.00000e-01       7.141e+06  8.687616e-01  0.000000e+00  2.242666e-01  1.312384e-01
-7.00000e+00  0.00000e+00       1.046e+07  9.998873e-01  0.000000e+00 -5.937572e-13  1.126747e-04
-6.30000e+00  0.00000e+00       9.470e+08  9.999467e-01  0.000000e+00 -1.956104e-14  5.327642e-05
-5.60000e+00  0.00000e+00       3.342e+10  9.999685e-01  0.000000e+00 -3.544187e-16  3.145422e-05
-4.90000e+00  0.00000e+00       4.674e+11  9.999689e-01  0.000000e+00  6.286690e-17  3.114041e-05
-4.20000e+00  0.00000e+00       3.213e+12  9.999609e-01  0.000000e+00  1.545323e-17  3.911320e-05
-3.50000e+00  0.00000e+00       1.421e+13  9.999596e-01  0.000000e+00  5.471019e-17  4.044084e-05
-2.80000e+00  0.00000e+00       4.245e+13  9.999629e-01  0.000000e+00  1.113178e-15  3.710914e-05
-2.10000e+00  0.00000e+00       8.984e+13  9.999701e-01  0.000000e+00  1.198299e-14  2.990212e-05
-1.40000e+00  0.00000e+00       1.429e+14  9.999794e-01  0.000000e+00  5.302704e-14  2.062757e-05
-7.00000e-01  0.00000e+00       1.602e+14  9.999869e-01  0.000000e+00  9.230972e-14  1.308984e-05
 0.00000e+00  0.00000e+00       1.466e+14  9.999951e-01  0.000000e+00 -1.742871e-18  4.893202e-06
 7.00000e-01  0.00000e+00       1.602e+14  9.999869e-01  0.000000e+00 -9.229674e-14  1.308984e-05
 1.40000e+00  0.00000e+00       1.429e+14  9.999794e-01  0.000000e+00 -5.300695e-14  2.062757e-05
 2.10000e+00  0.00000e+00       8.984e+13  9.999701e-01  0.000000e+00 -1.197156e-14  2.990212e-05
 2.80000e+00  0.00000e+00       4.245e+13  9.999629e-01  0.000000e+00 -1.105131e-15  3.710914e-05
 3.50000e+00  0.00000e+00       1.421e+13  9.999596e-01  0.000000e+00 -5.044828e-17  4.044084e-05
 4.20000e+00  0.00000e+00       3.213e+12  9.999609e-01  0.000000e+00 -2.651153e-17  3.911320e-05
 4.90000e+00  0.00000e+00       4.674e+11  9.999689e-01  0.000000e+00 -4.594447e-17  3.114041e-05
 5.60000e+00  0.00000e+00       3.342e+10  9.999685e-01  0.000000e+00  4.669723e-16  3.145422e-05
 6.30000e+00  0.00000e+00       9.470e+08  9.999467e-01  0.000000e+00  1.759983e-14  5.327642e-05
 7.00000e+00  0.00000e+00       1.046e+07  9.998873e-01  0.000000e+00  5.130837e-13  1.126747e-04
-7.00000e+00  4.00000e-01       7.141e+06  8.687616e-01  0.000000e+00  2.242666e-01  1.312384e-01
-6.30000e+00  4.00000e-01       5.603e+08  9.314021e-01  0.000000e+00  1.437201e-01  6.859788e-02
-5.60000e+00  4.00000e-01       1.780e+10  9.498241e-01  0.000000e+00  3.960237e-02  5.017588e-02
-4.90000e+00  4.00000e-01       2.487e+11  9.407866e-01  0.000000e+00 -2.478039e-02  5.921338e-02
-4.20000e+00  4.00000e-01       1.946e+12  9.308708e-01  0.000000e+00 -1.798525e-02  6.912921e-02
-3.50000e+00  4.00000e-01       1.009e+13  9.365046e-01  0.000000e+00  4.361534e-03  6.349536e-02
-2.80000e+00  4.00000e-01       3.267e+13  9.416999e-01  0.000000e+00  2.489730e-03  5.830012e-02
-2.10000e+00  4.00000e-01       6.829e+13  9.422468e-01  0.000000e+00 -3.732807e-02  5.775324e-02
-1.40000e+00  4.00000e-01       1.153e+14  9.491011e-01  0.000000e+00 -1.114663e-01  5.089890e-02
-7.00000e-01  4.00000e-01       1.718e+14  9.589723e-01  0.000000e+00 -1.116740e-01  4.102768e-02
 0.00000e+00  4.00000e-01       1.973e+14  9.613925e-01  0.000000e+00 -2.932098e-15  3.860753e-02
 7.00000e-01  4.00000e-01       1.718e+14  9.589723e-01  0.000000e+00  1.116740e-01  4.102768e-02
 1.40000e+00  4.00000e-01       1.153e+14  9.491011e-01  0.000000e+00  1.114663e-01  5.089890e-02
 2.10000e+00  4.00000e-01       6.829e+13  9.422468e-01  0.000000e+00  3.732807e-02  5.775324e-02
 2.80000e+00  4.00000e-01       3.267e+13  9.416999e-01  0.000000e+00 -2.489730e-03  5.830012e-02
 3.50000e+00  4.00000e-01       1.009e+13  9.365046e-01  0.000000e+00 -4.361534e-03  6.349536e-02
 4.20000e+00  4.00000e-01       1.946e+12  9.308708e-01  0.000000e+00  1.798525e-02  6.912921e-02
 4.90000e+00  4.00000e-01       2.487e+11  9.407866e-01  0.000000e+00  2.478039e-02  5.921338e-02
 5.60000e+00  4.00000e-01       1.780e+10  9.498241e-01  0.000000e+00 -3.960237e-02  5.017588e-02
 6.30000e+00  4.00000e-01       5.603e+08  9.314021e-01  0.000000e+00 -1.437201e-01  6.859788e-02
 7.00000e+00  4.00000e-01       7.141e+06  8.687616e-01  0.000000e+00 -2.242666e-01  1.312384e-01
-7.00000e+00  8.00000e-01       2.958e+06  8.003809e-01  0.000000e+00  1.678272e-01  1.996191e-01
-6.30000e+00  8.00000e-01       1.813e+08  8.699557e-01  0.000000e+00  2.948504e-02  1.300443e-01
-5.60000e+00  8.00000e-01       4.891e+09  8.313961e-01  0.000000e+00 -6.269119e-02  1.686039e-01
-4.90000e+00  8.00000e-01       6.884e+10  7.782242e-01  0.000000e+00 -3.571044e-02  2.217758e-01
-4.20000e+00  8.00000e-01       5.998e+11  7.811562e-01  0.000000e+00  1.673969e-02  2.188438e-01
-3.50000e+00  8.00000e-01       3.123e+12  7.939260e-01  0.000000e+00  1.558760e-02  2.060740e-01
-2.80000e+00  8.00000e-01       9.957e+12  7.883491e-01  0.000000e+00  1.448628e-02  2.116509e-01
-2.10000e+00  8.00000e-01       2.048e+13  7.456010e-01  0.000000e+00  3.135886e-02  2.543990e-01
-1.40000e+00  8.00000e-01       2.753e+13  6.117597e-01  0.000000e+00  1.199542e-02  3.882403e-01
-7.00000e-01  8.00000e-01       2.986e+13  4.698999e-01  0.000000e+00 -8.375671e-02  5.301001e-01
 0.00000e+00  8.00000e-01       3.098e+13  4.488174e-01  0.000000e+00  1.152477e-14  5.511826e-01
 7.00000e-01  8.00000e-01       2.986e+13  4.698999e-01  0.000000e+00  8.375671e-02  5.301001e-01
 1.40000e+00  8.00000e-01       2.753e+13  6.117597e-01  0.000000e+00 -1.199542e-02  3.882403e-01
 2.10000e+00  8.00000e-01       2.048e+13  7.456010e-01  0.000000e+00 -3.135886e-02  2.543990e-01
 2.80000e+00  8.00000e-01       9.957e+12  7.883491e-01  0.000000e+00 -1.448628e-02  2.116509e-01
 3.50000e+00  8.00000e-01       3.123e+12  7.939260e-01  0.000000e+00 -1.558760e-02  2.060740e-01
 4.20000e+00  8.00000e-01       5.998e+11  7.811562e-01  0.000000e+00 -1.673969e-02  2.188438e-01
 4.90000e+00  8.00000e-01       6.884e+10  7.782242e-01  0.000000e+00  3.571044e-02  2.217758e-01
 5.60000e+00  8.00000e-01       4.891e+09  8.313961e-01  0.000000e+00  6.269119e-02  1.686039e-01
 6.30000e+00  8.00000e-01       1.813e+08  8.699557e-01  0.000000e+00 -2.948504e-02  1.300443e-01
 7.00000e+00  8.00000e-01       2.958e+06  8.003809e-01  0.000000e+00 -1.678272e-01  1.996191e-01
-7.00000e+00  1.20000e+00       2.988e+05  4.065526e-01  0.000000e+00  9.781685e-02  5.934474e-01
-6.30000e+00  1.20000e+00       1.511e+07  4.121162e-01  0.000000e+00  5.948220e-02  5.878838e-01
-5.60000e+00  1.20000e+00       4.332e+08  4.947760e-01  0.000000e+00  9.265078e-02  5.052240e-01
-4.90000e+00  1.20000e+00       7.422e+09  6.152738e-01  0.000000e+00  6.107317e-02  3.847262e-01
-4.20000e+00  1.20000e+00       7.027e+10  6.695813e-01  0.000000e+00 -5.311336e-03  3.304187e-01
-3.50000e+00  1.20000e+00       3.909e+11  6.727270e-01  0.000000e+00 -1.964731e-02  3.272730e-01
-2.80000e+00  1.20000e+00       1.416e+12  6.700078e-01  0.000000e+00  1.908015e-03  3.299922e-01
-2.10000e+00  1.20000e+00       3.609e+12  6.853393e-01  0.000000e+00  7.317394e-02  3.146607e-01
-1.40000e+00  1.20000e+00       6.500e+12  7.287677e-01  0.000000e+00  1.513817e-01  2.712323e-01
-7.00000e-01  1.20000e+00       7.357e+12  7.980121e-01  0.000000e+00  1.223246e-01  2.019879e-01
 0.00000e+00  1.20000e+00       6.347e+12  8.478018e-01  0.000000e+00  8.454265e-15  1.521982e-01
 7.00000e-01  1.20000e+00       7.357e+12  7.980121e-01  0.000000e+00 -1.223246e-01  2.019879e-01
 1.40000e+00  1.20000e+00       6.500e+12  7.287677e-01  0.000000e+00 -1.513817e-01  2.712323e-01
 2.10000e+00  1.20000e+00       3.609e+12  6.853393e-01  0.000000e+00 -7.317394e-02  3.146607e-01
 2.80000e+00  1.20000e+00       1.416e+12  6.700078e-01  0.000000e+00 -1.908015e-03  3.299922e-01
 3.50000e+00  1.20000e+00       3.909e+11  6.727270e-01  0.000000e+00  1.964731e-02  3.272730e-01
 4.20000e+00  1.20000e+00       7.027e+10  6.695813e-01  0.000000e+00  5.311336e-03  3.304187e-01
 4.90000e+00  1.20000e+00       7.422e+09  6.152738e-01  0.000000e+00 -6.107317e-02  3.847262e-01
 5.60000e+00  1.20000e+00       4.332e+08  4.947760e-01  0.000000e+00 -9.265078e-02  5.052240e-01
 6.30000e+00  1.20000e+00       1.511e+07  4.121162e-01  0.000000e+00 -5.948220e-02  5.878838e-01
 7.00000e+00  1.20000e+00       2.988e+05  4.065526e-01  0.000000e+00 -9.781685e-02  5.934474e-01
-7.00000e+00  1.60000e+00       1.441e+05 -1.644853e-01  0.000000e+00  4.666418e-01  8.355147e-01
-6.30000e+00  1.60000e+00       4.215e+06 -7.036967e-02  0.000000e+00  4.603061e-01  9.296303e-01
-5.60000e+00  1.60000e+00       5.346e+07  1.373228e-01  0.000000e+00  3.843762e-01  8.626772e-01
-4.90000e+00  1.60000e+00       4.798e+08  3.894826e-01  0.000000e+00  2.253702e-01  6.105174e-01
-4.20000e+00  1.60000e+00       3.795e+09  4.909460e-01  0.000000e+00  1.064866e-01  5.090540e-01
-3.50000e+00  1.60000e+00       2.190e+10  5.054403e-01  0.000000e+00  4.500054e-02  4.945597e-01
-2.80000e+00  1.60000e+00       8.679e+10  5.174250e-01  0.000000e+00  3.250978e-02  4.825750e-01
-2.10000e+00  1.60000e+00       2.415e+11  5.545911e-01  0.000000e+00  7.646911e-02  4.454089e-01
-1.40000e+00  1.60000e+00       4.466e+11  5.442971e-01  0.000000e+00  1.146570e-01  4.557029e-01
-7.00000e-01  1.60000e+00       4.812e+11  4.115693e-01  0.000000e+00  4.820069e-02  5.884307e-01
 0.00000e+00  1.60000e+00       3.993e+11  2.729502e-01  0.000000e+00  5.143720e-16  7.270498e-01
 7.00000e-01  1.60000e+00       4.812e+11  4.115693e-01  0.000000e+00 -4.820069e-02  5.884307e-01
 1.40000e+00  1.60000e+00       4.466e+11  5.442971e-01  0.000000e+00 -1.146570e-01  4.557029e-01
 2.10000e+00  1.60000e+00       2.415e+11  5.545911e-01  0.000000e+00 -7.646911e-02  4.454089e-01
 2.80000e+00  1.60000e+00       8.679e+10  5.174250e-01  0.000000e+00 -3.250978e-02  4.825750e-01
 3.50000e+00  1.60000e+00       2.190e+10  5.054403e-01  0.000000e+00 -4.500054e-02  4.945597e-01
 4.20000e+00  1.60000e+00       3.795e+09  4.909460e-01  0.000000e+00 -1.064866e-01  5.090540e-01
 4.90000e+00  1.60000e+00       4.798e+08  3.894826e-01  0.000000e+00 -2.253702e-01  6.105174e-01
 5.60000e+00  1.60000e+00       5.346e+07  1.373228e-01  0.000000e+00 -3.843762e-01  8.626772e-01
 6.30000e+00  1.60000e+00       4.215e+06 -7.036967e-02  0.000000e+00 -4.603061e-01  9.296303e-01
 7.00000e+00  1.60000e+00       1.441e+05 -1.644853e-01  0.000000e+00 -4.666418e-01  8.355147e-01
-7.00000e+00  2.00000e+00       3.291e+05 -5.418243e-01  0.000000e+00  1.647443e-01  4.581757e-01
-6.30000e+00  2.00000e+00       4.213e+06 -3.580241e-01  0.000000e+00  3.173531e-01  6.419759e-01
-5.60000e+00  2.00000e+00       3.440e+07 -5.936538e-02  0.000000e+00  4.778296e-01  9.406346e-01
-4.90000e+00  2.00000e+00       1.972e+08  1.933385e-01  0.000000e+00  5.019217e-01  8.066615e-01
-4.20000e+00  2.00000e+00       7.583e+08  3.792218e-01  0.000000e+00  4.153834e-01  6.207782e-01
-3.50000e+00  2.00000e+00       2.172e+09  4.790016e-01  0.000000e+00  2.825565e-01  5.209984e-01
-2.80000e+00  2.00000e+00       5.138e+09  5.014729e-01  0.000000e+00  1.580749e-01  4.985271e-01
-2.10000e+00  2.00000e+00       1.123e+10  5.342117e-01  0.000000e+00  1.041253e-01  4.657883e-01
-1.40000e+00  2.00000e+00       1.925e+10  5.594757e-01  0.000000e+00  9.661172e-02  4.405243e-01
-7.00000e-01  2.00000e+00       1.990e+10  4.894729e-01  0.000000e+00  5.116005e-02  5.105271e-01
 0.00000e+00  2.00000e+00       1.626e+10  3.794391e-01  0.000000e+00 -5.302283e-15  6.205609e-01
 7.00000e-01  2.00000e+00       1.990e+10  4.894729e-01  0.000000e+00 -5.116005e-02  5.105271e-01
 1.40000e+00  2.00000e+00       1.925e+10  5.594757e-01  0.000000e+00 -9.661172e-02  4.405243e-01
 2.10000e+00  2.00000e+00       1.123e+10  5.342117e-01  0.000000e+00 -1.041253e-01  4.657883e-01
 2.80000e+00  2.00000e+00       5.138e+09  5.014729e-01  0.000000e+00 -1.580749e-01  4.985271e-01
 3.50000e+00  2.00000e+00       2.172e+09  4.790016e-01  0.000000e+00 -2.825565e-01  5.209984e-01
 4.20000e+00  2.00000e+00       7.583e+08  3.792218e-01  0.000000e+00 -4.153834e-01  6.207782e-01
 4.90000e+00  2.00000e+00       1.972e+08  1.933385e-01  0.000000e+00 -5.019217e-01  8.066615e-01
 5.60000e+00  2.00000e+00       3.440e+07 -5.936538e-02  0.000000e+00 -4.778296e-01  9.406346e-01
 6.30000e+00  2.00000e+00       4.213e+06 -3.580241e-01  0.000000e+00 -3.173531e-01  6.419759e-01
 7.00000e+00  2.00000e+00       3.291e+05 -5.418243e-01  0.000000e+00 -1.647443e-01  4.581757e-01
-7.00000e+00  2.40000e+00       1.155e+04 -1.880691e-02  0.000000e+00  6.005701e-01  9.811931e-01
-6.30000e+00  2.40000e+00       6.742e+05  1.191376e-02  0.000000e+00  5.937343e-01  9.880862e-01
-5.60000e+00  2.40000e+00       1.339e+07  6.743124e-02  0.000000e+00  5.810430e-01  9.325688e-01
-4.90000e+00  2.40000e+00       1.008e+08  1.562129e-01  0.000000e+00  5.528810e-01  8.437871e-01
-4.20000e+00  2.40000e+00       3.497e+08  2.805522e-01  0.000000e+00  4.922181e-01  7.194478e-01
-3.50000e+00  2.40000e+00       7.637e+08  4.009051e-01  0.000000e+00  3.835533e-01  5.990949e-01
-2.80000e+00  2.40000e+00       1.489e+09  4.650762e-01  0.000000e+00  2.530877e-01  5.349238e-01
-2.10000e+00  2.40000e+00       3.005e+09  5.335860e-01  0.000000e+00  1.536140e-01  4.664140e-01
-1.40000e+00  2.40000e+00       4.711e+09  5.562142e-01  0.000000e+00  1.407587e-01  4.437858e-01
-7.00000e-01  2.40000e+00       3.321e+09  2.415304e-01  0.000000e+00  2.241074e-01  7.584696e-01
 0.00000e+00  2.40000e+00       1.376e+09 -9.494730e-01  0.000000e+00 -1.055260e-14  5.052702e-02
 7.00000e-01  2.40000e+00       3.321e+09  2.415304e-01  0.000000e+00 -2.241074e-01  7.584696e-01
 1.40000e+00  2.40000e+00       4.711e+09  5.562142e-01  0.000000e+00 -1.407587e-01  4.437858e-01
 2.10000e+00  2.40000e+00       3.005e+09  5.335860e-01  0.000000e+00 -1.536140e-01  4.664140e-01
 2.80000e+00  2.40000e+00       1.489e+09  4.650762e-01  0.000000e+00 -2.530877e-01  5.349238e-01
 3.50000e+00  2.40000e+00       7.637e+08  4.009051e-01  0.000000e+00 -3.835533e-01  5.990949e-01
 4.20000e+00  2.40000e+00       3.497e+08  2.805522e-01  0.000000e+00 -4.922181e-01  7.194478e-01
 4.90000e+00  2.40000e+00       1.008e+08  1.562129e-01  0.000000e+00 -5.528810e-01  8.437871e-01
 5.60000e+00  2.40000e+00       1.339e+07  6.743124e-02  0.000000e+00 -5.810430e-01  9.325688e-01
 6.30000e+00  2.40000e+00       6.742e+05  1.191376e-02  0.000000e+00 -5.937343e-01  9.880862e-01
 7.00000e+00  2.40000e+00       1.155e+04 -1.880691e-02  0.000000e+00 -6.005701e-01  9.811931e-01
-7.00000e+00  2.80000e+00       8.684e+01  5.789345e-01  0.000000e+00  1.457932e-01  4.210655e-01
-6.30000e+00  2.80000e+00       1.332e+04  5.014606e-01  0.000000e+00  3.666726e-01  4.985394e-01
-5.60000e+00  2.80000e+00       7.916e+05  4.237376e-01  0.000000e+00  4.254417e-01  5.762624e-01
-4.90000e+00  2.80000e+00       1.646e+07  3.813755e-01  0.000000e+00  4.529687e-01  6.186245e-01
-4.20000e+00  2.80000e+00       1.241e+08  3.747046e-01  0.000000e+00  4.454952e-01  6.252954e-01
-3.50000e+00  2.80000e+00       4.085e+08  3.906686e-01  0.000000e+00  3.934666e-01  6.093314e-01
-2.80000e+00  2.80000e+00       8.774e+08  4.210634e-01  0.000000e+00  2.942116e-01  5.789366e-01
-2.10000e+00  2.80000e+00       1.744e+09  5.128914e-01  0.000000e+00  1.870780e-01  4.871086e-01
-1.40000e+00  2.80000e+00       2.531e+09  5.501089e-01  0.000000e+00  1.703081e-01  4.498911e-01
-7.00000e-01  2.80000e+00       9.347e+08 -2.943765e-01  0.000000e+00  4.828351e-01  7.056235e-01
 0.00000e+00  2.80000e+00       2.067e+09  4.189086e-01  0.000000e+00 -2.987835e-15  5.810914e-01
 7.00000e-01  2.80000e+00       9.347e+08 -2.943765e-01  0.000000e+00 -4.828351e-01  7.056235e-01
 1.40000e+00  2.80000e+00       2.531e+09  5.501089e-01  0.000000e+00 -1.703081e-01  4.498911e-01
 2.10000e+00  2.80000e+00       1.744e+09  5.128914e-01  0.000000e+00 -1.870780e-01  4.871086e-01
 2.80000e+00  2.80000e+00       8.774e+08  4.210634e-01  0.000000e+00 -2.942116e-01  5.789366e-01
 3.50000e+00  2.80000e+00       4.085e+08  3.906686e-01  0.000000e+00 -3.934666e-01  6.093314e-01
 4.20000e+00  2.80000e+00       1.241e+08  3.747046e-01  0.000000e+00 -4.454952e-01  6.252954e-01
 4.90000e+00  2.80000e+00       1.646e+07  3.813755e-01  0.000000e+00 -4.529687e-01  6.186245e-01
 5.60000e+00  2.80000e+00       7.916e+05  4.237376e-01  0.000000e+00 -4.254417e-01  5.762624e-01
 6.30000e+00  2.80000e+00       1.332e+04  5.014606e-01  0.000000e+00 -3.666726e-01  4.985394e-01
 7.00000e+00  2.80000e+00       8.684e+01  5.789344e-01  0.000000e+00 -1.457931e-01  4.210656e-01
-7.00000e+00  3.20000e+00       4.529e+01  5.052377e-01  0.000000e+00 -2.714393e-01  4.947623e-01
-6.30000e+00  3.20000e+00       3.213e+03  9.591951e-01  0.000000e+00  2.009497e-02  4.080494e-02
-5.60000e+00  3.20000e+00       1.160e+05  9.351409e-01  0.000000e+00  5.214095e-02  6.485912e-02
-4.90000e+00  3.20000e+00       1.975e+06  7.425281e-01  0.000000e+00  1.796501e-01  2.574719e-01
-4.20000e+00  3.20000e+00       2.104e+07  5.161843e-01  0.000000e+00  3.222799e-01  4.838157e-01
-3.50000e+00  3.20000e+00       1.103e+08  3.873475e-01  0.000000e+00  3.817494e-01  6.126525e-01
-2.80000e+00  3.20000e+00       3.097e+08  3.525065e-01  0.000000e+00  3.366114e-01  6.474935e-01
-2.10000e+00  3.20000e+00       8.264e+08  5.142874e-01  0.000000e+00  2.067266e-01  4.857126e-01
-1.40000e+00  3.20000e+00       1.353e+09  5.642145e-01  0.000000e+00  2.002089e-01  4.357855e-01
-7.00000e-01  3.20000e+00       5.168e+08 -3.751343e-01  0.000000e+00  5.714531e-01  6.248657e-01
 0.00000e+00  3.20000e+00       1.875e+09  5.849814e-01  0.000000e+00 -2.260902e-15  4.150186e-01
 7.00000e-01  3.20000e+00       5.168e+08 -3.751343e-01  0.000000e+00 -5.714531e-01  6.248657e-01
 1.40000e+00  3.20000e+00       1.353e+09  5.642145e-01  0.000000e+00 -2.002089e-01  4.357855e-01
 2.10000e+00  3.20000e+00       8.264e+08  5.142874e-01  0.000000e+00 -2.067266e-01  4.857126e-01
 2.80000e+00  3.20000e+00       3.097e+08  3.525065e-01  0.000000e+00 -3.366114e-01  6.474935e-01
 3.50000e+00  3.20000e+00       1.103e+08  3.873475e-01  0.000000e+00 -3.817494e-01  6.126525e-01
 4.20000e+00  3.20000e+00       2.104e+07  5.161843e-01  0.000000e+00 -3.222799e-01  4.838157e-01
 4.90000e+00  3.20000e+00       1.975e+06  7.425281e-01  0.000000e+00 -1.796501e-01  2.574719e-01
 5.60000e+00  3.20000e+00       1.160e+05  9.351409e-01  0.000000e+00 -5.214095e-02  6.485912e-02
 6.30000e+00  3.20000e+00       3.213e+03  9.591951e-01  0.000000e+00 -2.009497e-02  4.080494e-02
 7.00000e+00  3.20000e+00       4.529e+01  5.052377e-01  0.000000e+00  2.714393e-01  4.947623e-01
-7.00000e+00  3.60000e+00       4.048e+01  4.018023e-01  0.000000e+00 -3.050620e-01  5.981977e-01
-6.30000e+00  3.60000e+00       2.609e+03  9.726376e-01  0.000000e+00  9.357468e-03  2.736236e-02
-5.60000e+00  3.60000e+00       8.521e+04  9.962130e-01  0.000000e+00  6.211627e-03  3.787032e-03
-4.90000e+00  3.60000e+00       9.128e+05  9.919265e-01  0.000000e+00  7.030741e-03  8.073543e-03
-4.20000e+00  3.60000e+00       2.986e+06  9.930270e-01  0.000000e+00  1.825467e-02  6.972958e-03
-3.50000e+00  3.60000e+00       6.180e+06  9.975178e-01  0.000000e+00  2.631961e-02  2.482249e-03
-2.80000e+00  3.60000e+00       4.540e+07  9.741818e-01  0.000000e+00  3.013674e-02  2.581822e-02
-2.10000e+00  3.60000e+00       6.172e+07  9.001004e-01  0.000000e+00  3.299839e-01  9.989958e-02
-1.40000e+00  3.60000e+00       1.629e+08  9.384905e-01  0.000000e+00  5.967983e-01  6.150945e-02
-7.00000e-01  3.60000e+00       1.111e+09  9.427780e-01  0.000000e+00  1.366957e-01  5.722196e-02
 0.00000e+00  3.60000e+00       2.317e+09  9.659696e-01  0.000000e+00 -1.339210e-15  3.403037e-02
 7.00000e-01  3.60000e+00       1.111e+09  9.427780e-01  0.000000e+00 -1.366957e-01  5.722196e-02
 1.40000e+00  3.60000e+00       1.629e+08  9.384905e-01  0.000000e+00 -5.967983e-01  6.150945e-02
 2.10000e+00  3.60000e+00       6.172e+07  9.001004e-01  0.000000e+00 -3.299839e-01  9.989958e-02
 2.80000e+00  3.60000e+00       4.540e+07  9.741818e-01  0.000000e+00 -3.013674e-02  2.581822e-02
 3.50000e+00  3.60000e+00       6.180e+06  9.975178e-01  0.000000e+00 -2.631961e-02  2.482249e-03
 4.20000e+00  3.60000e+00       2.986e+06  9.930270e-01  0.000000e+00 -1.825467e-02  6.972958e-03
 4.90000e+00  3.60000e+00       9.128e+05  9.919265e-01  0.000000e+00 -7.030741e-03  8.073543e-03
 5.60000e+00  3.60000e+00       8.521e+04  9.962130e-01  0.000000e+00 -6.211627e-03  3.787032e-03
 6.30000e+00  3.60000e+00       2.609e+03  9.726376e-01  0.000000e+00 -9.357468e-03  2.736236e-02
 7.00000e+00  3.60000e+00       4.048e+01  4.018023e-01  0.000000e+00  3.050620e-01  5.981977e-01
-7.00000e+00  4.00000e+00       3.221e+01  3.756913e-01  0.000000e+00 -1.650849e-01  6.243087e-01
-6.30000e+00  4.00000e+00       2.259e+03  9.562951e-01  0.000000e+00  4.744979e-03  4.370491e-02
-5.60000e+00  4.00000e+00       7.316e+04  9.983305e-01  0.000000e+00  5.565945e-03  1.669476e-03
-4.90000e+00  4.00000e+00       7.842e+05  9.938767e-01  0.000000e+00  6.560487e-03  6.123268e-03
-4.20000e+00  4.00000e+00       2.571e+06  9.947789e-01  0.000000e+00  1.624571e-02  5.221063e-03
-3.50000e+00  4.00000e+00       5.410e+06  9.873367e-01  0.000000e+00  1.973331e-02  1.266326e-02
-2.80000e+00  4.00000e+00       4.183e+07  9.748277e-01  0.000000e+00  1.318236e-02  2.517231e-02
-2.10000e+00  4.00000e+00       3.244e+07  6.616043e-01  0.000000e+00  3.416290e-01  3.383957e-01
-1.40000e+00  4.00000e+00       1.008e+08  5.232414e-01  0.000000e+00  5.988482e-01  4.767586e-01
-7.00000e-01  4.00000e+00       1.002e+09  9.223967e-01  0.000000e+00  1.006741e-01  7.760327e-02
 0.00000e+00  4.00000e+00       1.993e+09  9.655978e-01  0.000000e+00 -1.162938e-15  3.440218e-02
 7.00000e-01  4.00000e+00       1.002e+09  9.223967e-01  0.000000e+00 -1.006741e-01  7.760327e-02
 1.40000e+00  4.00000e+00       1.008e+08  5.232414e-01  0.000000e+00 -5.988482e-01  4.767586e-01
 2.10000e+00  4.00000e+00       3.244e+07  6.616043e-01  0.000000e+00 -3.416290e-01  3.383957e-01
 2.80000e+00  4.00000e+00       4.183e+07  9.748277e-01  0.000000e+00 -1.318236e-02  2.517231e-02
 3.50000e+00  4.00000e+00       5.410e+06  9.873367e-01  0.000000e+00 -1.973331e-02  1.266326e-02
 4.20000e+00  4.00000e+00       2.571e+06  9.947789e-01  0.000000e+00 -1.624571e-02  5.221063e-03
 4.90000e+00  4.00000e+00       7.842e+05  9.938767e-01  0.000000e+00 -6.560487e-03  6.123268e-03
 5.60000e+00  4.00000e+00       7.316e+04  9.983305e-01  0.000000e+00 -5.565945e-03  1.669476e-03
 6.30000e+00  4.00000e+00       2.259e+03  9.562951e-01  0.000000e+00 -4.744979e-03  4.370491e-02
 7.00000e+00  4.00000e+00       3.221e+01  3.756907e-01  0.000000e+00  1.650865e-01  6.243093e-01
