 EB(GeV)    EMITTANCEx EMITTANCEy SIZEx(m)   SIZEy(m)   DIVx(rad)  DIVy(rad)
 2.411e+00  5.499e-09  1.017e-12  8.711e-05  1.009e-06  6.313e-05  1.009e-06
 betax      alphax     betay      alphay     eta        deta       E_spread  
 1.380e+00  0.000e+00  1.000e+00  0.000e+00  0.000e+00  0.000e+00  8.600e-04
 Ibeam(A)   period(cm) #periods   Kx         Ky         Energy(eV)
 4.005e-01  1.900e+00         96  0.000e+00  1.780e+00  1.970e+04


           x            y       F.Density            PL            PC          PL45        1-|PL|
          mm           mm  ph/s/mr^2/0.1%             -             -             -             -
-7.00000e+00 -4.00000e+00       1.164e+02 -4.276636e-01  0.000000e+00  6.972718e-02  5.723364e-01
-6.30000e+00 -4.00000e+00       5.235e+02 -8.882862e-01  0.000000e+00  1.031320e-01  1.117138e-01
-5.60000e+00 -4.00000e+00       7.721e+03  8.041426e-01  0.000000e+00 -2.074313e-02  1.958574e-01
-4.90000e+00 -4.00000e+00       1.443e+05  9.284146e-01  0.000000e+00 -3.373836e-02  7.158541e-02
-4.20000e+00 -4.00000e+00       1.075e+06  9.692070e-01  0.000000e+00 -4.674829e-02  3.079303e-02
-3.50000e+00 -4.00000e+00       1.360e+06  8.513157e-01  0.000000e+00 -2.452979e-01  1.486843e-01
-2.80000e+00 -4.00000e+00       4.929e+07  9.961496e-01  0.000000e+00 -1.097422e-01  3.850421e-03
-2.10000e+00 -4.00000e+00       3.710e+08  9.535077e-01  0.000000e+00 -1.660701e-01  4.649226e-02
-1.40000e+00 -4.00000e+00       2.710e+08  6.764613e-01  0.000000e+00 -6.992619e-01  3.235387e-01
-7.00000e-01 -4.00000e+00       4.316e+09  9.867125e-01  0.000000e+00 -2.471198e-02  1.328752e-02
 0.00000e+00 -4.00000e+00       7.050e+09  9.819368e-01  0.000000e+00 -1.318979e-15  1.806320e-02
 7.00000e-01 -4.00000e+00       4.316e+09  9.867125e-01  0.000000e+00  2.471198e-02  1.328752e-02
 1.40000e+00 -4.00000e+00       2.710e+08  6.764613e-01  0.000000e+00  6.992619e-01  3.235387e-01
 2.10000e+00 -4.00000e+00       3.710e+08  9.535077e-01  0.000000e+00  1.660701e-01  4.649226e-02
 2.80000e+00 -4.00000e+00       4.929e+07  9.961496e-01  0.000000e+00  1.097422e-01  3.850421e-03
 3.50000e+00 -4.00000e+00       1.360e+06  8.513157e-01  0.000000e+00  2.452979e-01  1.486843e-01
 4.20000e+00 -4.00000e+00       1.075e+06  9.692070e-01  0.000000e+00  4.674829e-02  3.079303e-02
 4.90000e+00 -4.00000e+00       1.443e+05  9.284146e-01  0.000000e+00  3.373836e-02  7.158541e-02
 5.60000e+00 -4.00000e+00       7.721e+03  8.041426e-01  0.000000e+00  2.074313e-02  1.958574e-01
 6.30000e+00 -4.00000e+00       5.235e+02 -8.882862e-01  0.000000e+00 -1.031320e-01  1.117138e-01
 7.00000e+00 -4.00000e+00       1.164e+02 -4.276634e-01  0.000000e+00 -6.972796e-02  5.723366e-01
-7.00000e+00 -3.60000e+00       1.186e+02 -4.050242e-01  0.000000e+00  5.746900e-02  5.949758e-01
-6.30000e+00 -3.60000e+00       4.957e+02 -9.297997e-01  0.000000e+00  3.162821e-01  7.020027e-02
-5.60000e+00 -3.60000e+00       4.508e+03 -4.346939e-01  0.000000e+00 -8.603951e-01  5.653061e-01
-4.90000e+00 -3.60000e+00       5.249e+05  2.287862e-01  0.000000e+00 -5.567383e-01  7.712138e-01
-4.20000e+00 -3.60000e+00       1.369e+07  3.491605e-01  0.000000e+00 -4.370009e-01  6.508395e-01
-3.50000e+00 -3.60000e+00       1.161e+08  4.085958e-01  0.000000e+00 -3.673423e-01  5.914042e-01
-2.80000e+00 -3.60000e+00       4.812e+08  5.106280e-01  0.000000e+00 -2.753257e-01  4.893720e-01
-2.10000e+00 -3.60000e+00       1.271e+09  6.581124e-01  0.000000e+00 -2.163771e-01  3.418876e-01
-1.40000e+00 -3.60000e+00       7.248e+08  4.201424e-01  0.000000e+00 -5.694602e-01  5.798576e-01
-7.00000e-01 -3.60000e+00       4.478e+09  9.229057e-01  0.000000e+00 -4.447416e-02  7.709432e-02
 0.00000e+00 -3.60000e+00       7.772e+09  9.382661e-01  0.000000e+00 -1.620015e-15  6.173388e-02
 7.00000e-01 -3.60000e+00       4.478e+09  9.229057e-01  0.000000e+00  4.447416e-02  7.709432e-02
 1.40000e+00 -3.60000e+00       7.248e+08  4.201424e-01  0.000000e+00  5.694602e-01  5.798576e-01
 2.10000e+00 -3.60000e+00       1.271e+09  6.581124e-01  0.000000e+00  2.163771e-01  3.418876e-01
 2.80000e+00 -3.60000e+00       4.812e+08  5.106280e-01  0.000000e+00  2.753257e-01  4.893720e-01
 3.50000e+00 -3.60000e+00       1.161e+08  4.085958e-01  0.000000e+00  3.673423e-01  5.914042e-01
 4.20000e+00 -3.60000e+00       1.369e+07  3.491605e-01  0.000000e+00  4.370009e-01  6.508395e-01
 4.90000e+00 -3.60000e+00       5.249e+05  2.287862e-01  0.000000e+00  5.567383e-01  7.712138e-01
 5.60000e+00 -3.60000e+00       4.508e+03 -4.346939e-01  0.000000e+00  8.603951e-01  5.653061e-01
 6.30000e+00 -3.60000e+00       4.957e+02 -9.297997e-01  0.000000e+00 -3.162821e-01  7.020027e-02
 7.00000e+00 -3.60000e+00       1.186e+02 -4.050242e-01  0.000000e+00 -5.746900e-02  5.949758e-01
-7.00000e+00 -3.20000e+00       3.311e+03  1.185894e-02  0.000000e+00 -5.838569e-01  9.881411e-01
-6.30000e+00 -3.20000e+00       2.642e+05  4.062591e-02  0.000000e+00 -6.152228e-01  9.593741e-01
-5.60000e+00 -3.20000e+00       7.196e+06  7.282387e-02  0.000000e+00 -6.060510e-01  9.271761e-01
-4.90000e+00 -3.20000e+00       7.272e+07  1.355688e-01  0.000000e+00 -5.792998e-01  8.644312e-01
-4.20000e+00 -3.20000e+00       3.310e+08  2.323147e-01  0.000000e+00 -5.262546e-01  7.676853e-01
-3.50000e+00 -3.20000e+00       8.367e+08  3.361912e-01  0.000000e+00 -4.440796e-01  6.638088e-01
-2.80000e+00 -3.20000e+00       1.450e+09  4.455190e-01  0.000000e+00 -3.271855e-01  5.544810e-01
-2.10000e+00 -3.20000e+00       2.328e+09  5.946814e-01  0.000000e+00 -2.210307e-01  4.053186e-01
-1.40000e+00 -3.20000e+00       1.734e+09  4.774481e-01  0.000000e+00 -3.508558e-01  5.225519e-01
-7.00000e-01 -3.20000e+00       4.924e+09  8.560622e-01  0.000000e+00 -5.495625e-02  1.439378e-01
 0.00000e+00 -3.20000e+00       8.982e+09  9.204259e-01  0.000000e+00 -2.004802e-15  7.957408e-02
 7.00000e-01 -3.20000e+00       4.924e+09  8.560622e-01  0.000000e+00  5.495625e-02  1.439378e-01
 1.40000e+00 -3.20000e+00       1.734e+09  4.774481e-01  0.000000e+00  3.508558e-01  5.225519e-01
 2.10000e+00 -3.20000e+00       2.328e+09  5.946814e-01  0.000000e+00  2.210307e-01  4.053186e-01
 2.80000e+00 -3.20000e+00       1.450e+09  4.455190e-01  0.000000e+00  3.271855e-01  5.544810e-01
 3.50000e+00 -3.20000e+00       8.367e+08  3.361912e-01  0.000000e+00  4.440796e-01  6.638088e-01
 4.20000e+00 -3.20000e+00       3.310e+08  2.323147e-01  0.000000e+00  5.262546e-01  7.676853e-01
 4.90000e+00 -3.20000e+00       7.272e+07  1.355688e-01  0.000000e+00  5.792998e-01  8.644312e-01
 5.60000e+00 -3.20000e+00       7.196e+06  7.282387e-02  0.000000e+00  6.060510e-01  9.271761e-01
 6.30000e+00 -3.20000e+00       2.642e+05  4.062591e-02  0.000000e+00  6.152228e-01  9.593741e-01
 7.00000e+00 -3.20000e+00       3.311e+03  1.185894e-02  0.000000e+00  5.838569e-01  9.881411e-01
-7.00000e+00 -2.80000e+00       4.744e+05 -4.218282e-01  0.000000e+00 -4.861845e-01  5.781718e-01
-6.30000e+00 -2.80000e+00       8.970e+06 -3.594834e-01  0.000000e+00 -5.126144e-01  6.405166e-01
-5.60000e+00 -2.80000e+00       6.676e+07 -2.479889e-01  0.000000e+00 -5.474935e-01  7.520111e-01
-4.90000e+00 -2.80000e+00       2.379e+08 -7.409398e-02  0.000000e+00 -5.663422e-01  9.259060e-01
-4.20000e+00 -2.80000e+00       5.712e+08  1.738461e-01  0.000000e+00 -5.119782e-01  8.261539e-01
-3.50000e+00 -2.80000e+00       1.313e+09  3.750184e-01  0.000000e+00 -3.929663e-01  6.249816e-01
-2.80000e+00 -2.80000e+00       2.666e+09  4.758590e-01  0.000000e+00 -2.726666e-01  5.241410e-01
-2.10000e+00 -2.80000e+00       4.609e+09  5.699083e-01  0.000000e+00 -1.883798e-01  4.300917e-01
-1.40000e+00 -2.80000e+00       4.581e+09  5.114697e-01  0.000000e+00 -2.091398e-01  4.885303e-01
-7.00000e-01 -2.80000e+00       4.031e+09  3.244397e-01  0.000000e+00 -8.771800e-02  6.755603e-01
 0.00000e+00 -2.80000e+00       8.374e+09  5.857781e-01  0.000000e+00 -3.364984e-15  4.142219e-01
 7.00000e-01 -2.80000e+00       4.031e+09  3.244397e-01  0.000000e+00  8.771800e-02  6.755603e-01
 1.40000e+00 -2.80000e+00       4.581e+09  5.114697e-01  0.000000e+00  2.091398e-01  4.885303e-01
 2.10000e+00 -2.80000e+00       4.609e+09  5.699083e-01  0.000000e+00  1.883798e-01  4.300917e-01
 2.80000e+00 -2.80000e+00       2.666e+09  4.758590e-01  0.000000e+00  2.726666e-01  5.241410e-01
 3.50000e+00 -2.80000e+00       1.313e+09  3.750184e-01  0.000000e+00  3.929663e-01  6.249816e-01
 4.20000e+00 -2.80000e+00       5.712e+08  1.738461e-01  0.000000e+00  5.119782e-01  8.261539e-01
 4.90000e+00 -2.80000e+00       2.379e+08 -7.409398e-02  0.000000e+00  5.663422e-01  9.259060e-01
 5.60000e+00 -2.80000e+00       6.676e+07 -2.479889e-01  0.000000e+00  5.474935e-01  7.520111e-01
 6.30000e+00 -2.80000e+00       8.970e+06 -3.594834e-01  0.000000e+00  5.126144e-01  6.405166e-01
 7.00000e+00 -2.80000e+00       4.744e+05 -4.218282e-01  0.000000e+00  4.861845e-01  5.781718e-01
-7.00000e+00 -2.40000e+00       3.809e+06 -6.240854e-01  0.000000e+00 -1.659582e-01  3.759146e-01
-6.30000e+00 -2.40000e+00       3.279e+07 -5.288322e-01  0.000000e+00 -2.744693e-01  4.711678e-01
-5.60000e+00 -2.40000e+00       1.433e+08 -3.225647e-01  0.000000e+00 -4.224193e-01  6.774353e-01
-4.90000e+00 -2.40000e+00       4.498e+08 -1.661374e-02  0.000000e+00 -5.171218e-01  9.833863e-01
-4.20000e+00 -2.40000e+00       1.181e+09  2.433324e-01  0.000000e+00 -4.795584e-01  7.566676e-01
-3.50000e+00 -2.40000e+00       2.616e+09  4.014679e-01  0.000000e+00 -3.467227e-01  5.985321e-01
-2.80000e+00 -2.40000e+00       5.373e+09  4.650082e-01  0.000000e+00 -1.951039e-01  5.349918e-01
-2.10000e+00 -2.40000e+00       1.022e+10  4.686828e-01  0.000000e+00 -8.487084e-02  5.313172e-01
-1.40000e+00 -2.40000e+00       1.347e+10  3.410853e-01  0.000000e+00 -2.807669e-02  6.589147e-01
-7.00000e-01 -2.40000e+00       7.750e+09 -4.325645e-01  0.000000e+00  2.968805e-02  5.674355e-01
 0.00000e+00 -2.40000e+00       8.385e+09 -3.788391e-01  0.000000e+00 -3.899029e-15  6.211609e-01
 7.00000e-01 -2.40000e+00       7.750e+09 -4.325645e-01  0.000000e+00 -2.968805e-02  5.674355e-01
 1.40000e+00 -2.40000e+00       1.347e+10  3.410853e-01  0.000000e+00  2.807669e-02  6.589147e-01
 2.10000e+00 -2.40000e+00       1.022e+10  4.686828e-01  0.000000e+00  8.487084e-02  5.313172e-01
 2.80000e+00 -2.40000e+00       5.373e+09  4.650082e-01  0.000000e+00  1.951039e-01  5.349918e-01
 3.50000e+00 -2.40000e+00       2.616e+09  4.014679e-01  0.000000e+00  3.467227e-01  5.985321e-01
 4.20000e+00 -2.40000e+00       1.181e+09  2.433324e-01  0.000000e+00  4.795584e-01  7.566676e-01
 4.90000e+00 -2.40000e+00       4.498e+08 -1.661374e-02  0.000000e+00  5.171218e-01  9.833863e-01
 5.60000e+00 -2.40000e+00       1.433e+08 -3.225647e-01  0.000000e+00  4.224193e-01  6.774353e-01
 6.30000e+00 -2.40000e+00       3.279e+07 -5.288322e-01  0.000000e+00  2.744693e-01  4.711678e-01
 7.00000e+00 -2.40000e+00       3.809e+06 -6.240854e-01  0.000000e+00  1.659582e-01  3.759146e-01
-7.00000e+00 -2.00000e+00       2.700e+04 -3.290530e-01  0.000000e+00  2.075147e-03  6.709470e-01
-6.30000e+00 -2.00000e+00       9.176e+05  3.780303e-01  0.000000e+00  1.714542e-01  6.219697e-01
-5.60000e+00 -2.00000e+00       3.238e+07  4.394782e-01  0.000000e+00  3.211350e-01  5.605218e-01
-4.90000e+00 -2.00000e+00       4.866e+08  2.868798e-01  0.000000e+00  3.633719e-01  7.131202e-01
-4.20000e+00 -2.00000e+00       2.923e+09  1.998929e-01  0.000000e+00  2.784234e-01  8.001071e-01
-3.50000e+00 -2.00000e+00       8.333e+09  2.914606e-01  0.000000e+00  7.211315e-02  7.085394e-01
-2.80000e+00 -2.00000e+00       1.478e+10  4.579099e-01  0.000000e+00 -7.189502e-02  5.420901e-01
-2.10000e+00 -2.00000e+00       2.189e+10  5.664412e-01  0.000000e+00 -4.130706e-02  4.335588e-01
-1.40000e+00 -2.00000e+00       2.978e+10  6.060171e-01  0.000000e+00  1.129818e-02  3.939829e-01
-7.00000e-01 -2.00000e+00       2.738e+10  4.524915e-01  0.000000e+00  7.821521e-02  5.475085e-01
 0.00000e+00 -2.00000e+00       2.315e+10  2.548067e-01  0.000000e+00 -8.897939e-15  7.451933e-01
 7.00000e-01 -2.00000e+00       2.738e+10  4.524915e-01  0.000000e+00 -7.821521e-02  5.475085e-01
 1.40000e+00 -2.00000e+00       2.978e+10  6.060171e-01  0.000000e+00 -1.129818e-02  3.939829e-01
 2.10000e+00 -2.00000e+00       2.189e+10  5.664412e-01  0.000000e+00  4.130706e-02  4.335588e-01
 2.80000e+00 -2.00000e+00       1.478e+10  4.579099e-01  0.000000e+00  7.189502e-02  5.420901e-01
 3.50000e+00 -2.00000e+00       8.333e+09  2.914606e-01  0.000000e+00 -7.211315e-02  7.085394e-01
 4.20000e+00 -2.00000e+00       2.923e+09  1.998929e-01  0.000000e+00 -2.784234e-01  8.001071e-01
 4.90000e+00 -2.00000e+00       4.866e+08  2.868798e-01  0.000000e+00 -3.633719e-01  7.131202e-01
 5.60000e+00 -2.00000e+00       3.238e+07  4.394782e-01  0.000000e+00 -3.211350e-01  5.605218e-01
 6.30000e+00 -2.00000e+00       9.176e+05  3.780303e-01  0.000000e+00 -1.714542e-01  6.219697e-01
 7.00000e+00 -2.00000e+00       2.700e+04 -3.290530e-01  0.000000e+00 -2.075147e-03  6.709470e-01
-7.00000e+00 -1.60000e+00       1.003e+07 -4.056687e-01  0.000000e+00  4.240895e-01  5.943313e-01
-6.30000e+00 -1.60000e+00       6.481e+07 -8.514153e-02  0.000000e+00  1.331094e-01  9.148585e-01
-5.60000e+00 -1.60000e+00       7.442e+08  2.483965e-01  0.000000e+00 -4.609143e-02  7.516035e-01
-4.90000e+00 -1.60000e+00       9.673e+09  3.934419e-01  0.000000e+00 -8.827689e-02  6.065581e-01
-4.20000e+00 -1.60000e+00       8.220e+10  4.761442e-01  0.000000e+00 -3.104206e-02  5.238558e-01
-3.50000e+00 -1.60000e+00       4.163e+11  4.792438e-01  0.000000e+00  9.458201e-03  5.207562e-01
-2.80000e+00 -1.60000e+00       1.368e+12  4.630691e-01  0.000000e+00  1.486259e-02  5.369309e-01
-2.10000e+00 -1.60000e+00       3.028e+12  3.665317e-01  0.000000e+00  4.535715e-03  6.334683e-01
-1.40000e+00 -1.60000e+00       4.494e+12  1.760076e-01  0.000000e+00 -6.547886e-02  8.239924e-01
-7.00000e-01 -1.60000e+00       4.396e+12  5.452588e-02  0.000000e+00 -2.037080e-01  9.454741e-01
 0.00000e+00 -1.60000e+00       3.588e+12  4.441794e-02  0.000000e+00  1.106415e-14  9.555821e-01
 7.00000e-01 -1.60000e+00       4.396e+12  5.452588e-02  0.000000e+00  2.037080e-01  9.454741e-01
 1.40000e+00 -1.60000e+00       4.494e+12  1.760076e-01  0.000000e+00  6.547886e-02  8.239924e-01
 2.10000e+00 -1.60000e+00       3.028e+12  3.665317e-01  0.000000e+00 -4.535715e-03  6.334683e-01
 2.80000e+00 -1.60000e+00       1.368e+12  4.630691e-01  0.000000e+00 -1.486259e-02  5.369309e-01
 3.50000e+00 -1.60000e+00       4.163e+11  4.792438e-01  0.000000e+00 -9.458201e-03  5.207562e-01
 4.20000e+00 -1.60000e+00       8.220e+10  4.761442e-01  0.000000e+00  3.104206e-02  5.238558e-01
 4.90000e+00 -1.60000e+00       9.673e+09  3.934419e-01  0.000000e+00  8.827689e-02  6.065581e-01
 5.60000e+00 -1.60000e+00       7.442e+08  2.483965e-01  0.000000e+00  4.609143e-02  7.516035e-01
 6.30000e+00 -1.60000e+00       6.481e+07 -8.514153e-02  0.000000e+00 -1.331094e-01  9.148585e-01
 7.00000e+00 -1.60000e+00       1.003e+07 -4.056687e-01  0.000000e+00 -4.240895e-01  5.943313e-01
-7.00000e+00 -1.20000e+00       1.572e+07  1.183576e-01  0.000000e+00 -5.162402e-04  8.816424e-01
-6.30000e+00 -1.20000e+00       5.023e+08  6.354314e-01  0.000000e+00 -2.200936e-01  3.645686e-01
-5.60000e+00 -1.20000e+00       1.171e+10  7.544842e-01  0.000000e+00 -4.327797e-02  2.455158e-01
-4.90000e+00 -1.20000e+00       1.370e+11  6.783404e-01  0.000000e+00  6.799564e-02  3.216596e-01
-4.20000e+00 -1.20000e+00       9.510e+11  6.108520e-01  0.000000e+00  1.774945e-02  3.891480e-01
-3.50000e+00 -1.20000e+00       4.409e+12  6.283943e-01  0.000000e+00 -2.155769e-02  3.716057e-01
-2.80000e+00 -1.20000e+00       1.346e+13  6.479302e-01  0.000000e+00 -4.415232e-03  3.520698e-01
-2.10000e+00 -1.20000e+00       3.006e+13  6.888481e-01  0.000000e+00  7.282173e-03  3.111519e-01
-1.40000e+00 -1.20000e+00       5.029e+13  7.008175e-01  0.000000e+00 -3.845985e-02  2.991825e-01
-7.00000e-01 -1.20000e+00       5.446e+13  5.337541e-01  0.000000e+00 -1.164102e-01  4.662459e-01
 0.00000e+00 -1.20000e+00       4.764e+13  3.374177e-01  0.000000e+00  8.952205e-15  6.625823e-01
 7.00000e-01 -1.20000e+00       5.446e+13  5.337541e-01  0.000000e+00  1.164102e-01  4.662459e-01
 1.40000e+00 -1.20000e+00       5.029e+13  7.008175e-01  0.000000e+00  3.845985e-02  2.991825e-01
 2.10000e+00 -1.20000e+00       3.006e+13  6.888481e-01  0.000000e+00 -7.282173e-03  3.111519e-01
 2.80000e+00 -1.20000e+00       1.346e+13  6.479302e-01  0.000000e+00  4.415232e-03  3.520698e-01
 3.50000e+00 -1.20000e+00       4.409e+12  6.283943e-01  0.000000e+00  2.155769e-02  3.716057e-01
 4.20000e+00 -1.20000e+00       9.510e+11  6.108520e-01  0.000000e+00 -1.774945e-02  3.891480e-01
 4.90000e+00 -1.20000e+00       1.370e+11  6.783404e-01  0.000000e+00 -6.799564e-02  3.216596e-01
 5.60000e+00 -1.20000e+00       1.171e+10  7.544842e-01  0.000000e+00  4.327797e-02  2.455158e-01
 6.30000e+00 -1.20000e+00       5.023e+08  6.354314e-01  0.000000e+00  2.200936e-01  3.645686e-01
 7.00000e+00 -1.20000e+00       1.572e+07  1.183576e-01  0.000000e+00  5.162402e-04  8.816424e-01
-7.00000e+00 -8.00000e-01       4.470e+07  3.600790e-01  0.000000e+00  2.293244e-01  6.399210e-01
-6.30000e+00 -8.00000e-01       2.046e+09  5.229021e-01  0.000000e+00 -1.929587e-01  4.770979e-01
-5.60000e+00 -8.00000e-01       6.301e+10  7.429873e-01  0.000000e+00 -2.405346e-01  2.570127e-01
-4.90000e+00 -8.00000e-01       8.967e+11  8.376256e-01  0.000000e+00 -1.094368e-01  1.623744e-01
-4.20000e+00 -8.00000e-01       5.796e+12  8.290071e-01  0.000000e+00 -1.405972e-04  1.709929e-01
-3.50000e+00 -8.00000e-01       2.183e+13  7.956699e-01  0.000000e+00  6.654234e-03  2.043301e-01
-2.80000e+00 -8.00000e-01       5.840e+13  7.905070e-01  0.000000e+00 -4.475886e-03  2.094930e-01
-2.10000e+00 -8.00000e-01       1.087e+14  7.681870e-01  0.000000e+00  4.143998e-02  2.318130e-01
-1.40000e+00 -8.00000e-01       1.377e+14  6.879798e-01  0.000000e+00  1.335569e-01  3.120202e-01
-7.00000e-01 -8.00000e-01       1.097e+14  5.165120e-01  0.000000e+00  1.522264e-01  4.834880e-01
 0.00000e+00 -8.00000e-01       7.586e+13  3.380130e-01  0.000000e+00 -2.574146e-15  6.619870e-01
 7.00000e-01 -8.00000e-01       1.097e+14  5.165120e-01  0.000000e+00 -1.522264e-01  4.834880e-01
 1.40000e+00 -8.00000e-01       1.377e+14  6.879798e-01  0.000000e+00 -1.335569e-01  3.120202e-01
 2.10000e+00 -8.00000e-01       1.087e+14  7.681870e-01  0.000000e+00 -4.143998e-02  2.318130e-01
 2.80000e+00 -8.00000e-01       5.840e+13  7.905070e-01  0.000000e+00  4.475886e-03  2.094930e-01
 3.50000e+00 -8.00000e-01       2.183e+13  7.956699e-01  0.000000e+00 -6.654234e-03  2.043301e-01
 4.20000e+00 -8.00000e-01       5.796e+12  8.290071e-01  0.000000e+00  1.405972e-04  1.709929e-01
 4.90000e+00 -8.00000e-01       8.967e+11  8.376256e-01  0.000000e+00  1.094368e-01  1.623744e-01
 5.60000e+00 -8.00000e-01       6.301e+10  7.429873e-01  0.000000e+00  2.405346e-01  2.570127e-01
 6.30000e+00 -8.00000e-01       2.046e+09  5.229021e-01  0.000000e+00  1.929587e-01  4.770979e-01
 7.00000e+00 -8.00000e-01       4.470e+07  3.600790e-01  0.000000e+00 -2.293244e-01  6.399210e-01
-7.00000e+00 -4.00000e-01       1.976e+08  9.047877e-01  0.000000e+00  2.625122e-01  9.521227e-02
-6.30000e+00 -4.00000e-01       5.751e+09  8.446402e-01  0.000000e+00  1.721825e-01  1.553598e-01
-5.60000e+00 -4.00000e-01       1.296e+11  8.621709e-01  0.000000e+00 -5.596638e-02  1.378291e-01
-4.90000e+00 -4.00000e-01       2.057e+12  9.242886e-01  0.000000e+00 -1.017370e-01  7.571143e-02
-4.20000e+00 -4.00000e-01       1.536e+13  9.487084e-01  0.000000e+00 -4.207952e-02  5.129158e-02
-3.50000e+00 -4.00000e-01       5.610e+13  9.449918e-01  0.000000e+00 -1.783062e-03  5.500816e-02
-2.80000e+00 -4.00000e-01       1.357e+14  9.393760e-01  0.000000e+00  4.145102e-04  6.062402e-02
-2.10000e+00 -4.00000e-01       2.531e+14  9.399261e-01  0.000000e+00  2.137329e-02  6.007393e-02
-1.40000e+00 -4.00000e-01       4.222e+14  9.514493e-01  0.000000e+00  3.906970e-02  4.855070e-02
-7.00000e-01 -4.00000e-01       6.594e+14  9.691900e-01  0.000000e+00 -7.262431e-04  3.080998e-02
 0.00000e+00 -4.00000e-01       7.766e+14  9.758145e-01  0.000000e+00  7.020154e-17  2.418555e-02
 7.00000e-01 -4.00000e-01       6.594e+14  9.691900e-01  0.000000e+00  7.262431e-04  3.080998e-02
 1.40000e+00 -4.00000e-01       4.222e+14  9.514493e-01  0.000000e+00 -3.906970e-02  4.855070e-02
 2.10000e+00 -4.00000e-01       2.531e+14  9.399261e-01  0.000000e+00 -2.137329e-02  6.007393e-02
 2.80000e+00 -4.00000e-01       1.357e+14  9.393760e-01  0.000000e+00 -4.145102e-04  6.062402e-02
 3.50000e+00 -4.00000e-01       5.610e+13  9.449918e-01  0.000000e+00  1.783062e-03  5.500816e-02
 4.20000e+00 -4.00000e-01       1.536e+13  9.487084e-01  0.000000e+00  4.207952e-02  5.129158e-02
 4.90000e+00 -4.00000e-01       2.057e+12  9.242886e-01  0.000000e+00  1.017370e-01  7.571143e-02
 5.60000e+00 -4.00000e-01       1.296e+11  8.621709e-01  0.000000e+00  5.596638e-02  1.378291e-01
 6.30000e+00 -4.00000e-01       5.751e+09  8.446402e-01  0.000000e+00 -1.721825e-01  1.553598e-01
 7.00000e+00 -4.00000e-01       1.976e+08  9.047877e-01  0.000000e+00 -2.625122e-01  9.521227e-02
-7.00000e+00  0.00000e+00       3.629e+08  9.999548e-01  0.000000e+00 -1.451031e-14  4.523990e-05
-6.30000e+00  0.00000e+00       9.610e+09  9.999146e-01  0.000000e+00 -9.284761e-16  8.538121e-05
-5.60000e+00  0.00000e+00       1.712e+11  9.998971e-01  0.000000e+00 -1.566561e-16  1.028956e-04
-4.90000e+00  0.00000e+00       2.570e+12  9.999377e-01  0.000000e+00 -2.054907e-17  6.231989e-05
-4.20000e+00  0.00000e+00       2.034e+13  9.999622e-01  0.000000e+00 -1.627196e-15  3.778701e-05
-3.50000e+00  0.00000e+00       7.603e+13  9.999635e-01  0.000000e+00 -1.419167e-14  3.648446e-05
-2.80000e+00  0.00000e+00       1.813e+14  9.999616e-01  0.000000e+00 -4.987936e-14  3.838416e-05
-2.10000e+00  0.00000e+00       3.567e+14  9.999708e-01  0.000000e+00 -4.321562e-14  2.916051e-05
-1.40000e+00  0.00000e+00       5.933e+14  9.999813e-01  0.000000e+00  9.029896e-15  1.873892e-05
-7.00000e-01  0.00000e+00       6.864e+14  9.999780e-01  0.000000e+00  7.257730e-15  2.204430e-05
 0.00000e+00  0.00000e+00       6.150e+14  9.999700e-01  0.000000e+00 -6.430327e-18  3.003575e-05
 7.00000e-01  0.00000e+00       6.864e+14  9.999780e-01  0.000000e+00 -7.258564e-15  2.204430e-05
 1.40000e+00  0.00000e+00       5.933e+14  9.999813e-01  0.000000e+00 -9.030325e-15  1.873892e-05
 2.10000e+00  0.00000e+00       3.567e+14  9.999708e-01  0.000000e+00  4.321959e-14  2.916051e-05
 2.80000e+00  0.00000e+00       1.813e+14  9.999616e-01  0.000000e+00  4.988118e-14  3.838416e-05
 3.50000e+00  0.00000e+00       7.603e+13  9.999635e-01  0.000000e+00  1.420449e-14  3.648446e-05
 4.20000e+00  0.00000e+00       2.034e+13  9.999622e-01  0.000000e+00  1.694128e-15  3.778701e-05
 4.90000e+00  0.00000e+00       2.570e+12  9.999377e-01  0.000000e+00  1.264996e-16  6.231989e-05
 5.60000e+00  0.00000e+00       1.712e+11  9.998971e-01  0.000000e+00  7.494868e-17  1.028956e-04
 6.30000e+00  0.00000e+00       9.610e+09  9.999146e-01  0.000000e+00  2.234969e-15  8.538121e-05
 7.00000e+00  0.00000e+00       3.629e+08  9.999548e-01  0.000000e+00  3.112753e-14  4.523990e-05
-7.00000e+00  4.00000e-01       1.976e+08  9.047877e-01  0.000000e+00 -2.625122e-01  9.521227e-02
-6.30000e+00  4.00000e-01       5.751e+09  8.446402e-01  0.000000e+00 -1.721825e-01  1.553598e-01
-5.60000e+00  4.00000e-01       1.296e+11  8.621709e-01  0.000000e+00  5.596638e-02  1.378291e-01
-4.90000e+00  4.00000e-01       2.057e+12  9.242886e-01  0.000000e+00  1.017370e-01  7.571143e-02
-4.20000e+00  4.00000e-01       1.536e+13  9.487084e-01  0.000000e+00  4.207952e-02  5.129158e-02
-3.50000e+00  4.00000e-01       5.610e+13  9.449918e-01  0.000000e+00  1.783062e-03  5.500816e-02
-2.80000e+00  4.00000e-01       1.357e+14  9.393760e-01  0.000000e+00 -4.145102e-04  6.062402e-02
-2.10000e+00  4.00000e-01       2.531e+14  9.399261e-01  0.000000e+00 -2.137329e-02  6.007393e-02
-1.40000e+00  4.00000e-01       4.222e+14  9.514493e-01  0.000000e+00 -3.906970e-02  4.855070e-02
-7.00000e-01  4.00000e-01       6.594e+14  9.691900e-01  0.000000e+00  7.262431e-04  3.080998e-02
 0.00000e+00  4.00000e-01       7.766e+14  9.758145e-01  0.000000e+00 -7.037674e-17  2.418555e-02
 7.00000e-01  4.00000e-01       6.594e+14  9.691900e-01  0.000000e+00 -7.262431e-04  3.080998e-02
 1.40000e+00  4.00000e-01       4.222e+14  9.514493e-01  0.000000e+00  3.906970e-02  4.855070e-02
 2.10000e+00  4.00000e-01       2.531e+14  9.399261e-01  0.000000e+00  2.137329e-02  6.007393e-02
 2.80000e+00  4.00000e-01       1.357e+14  9.393760e-01  0.000000e+00  4.145102e-04  6.062402e-02
 3.50000e+00  4.00000e-01       5.610e+13  9.449918e-01  0.000000e+00 -1.783062e-03  5.500816e-02
 4.20000e+00  4.00000e-01       1.536e+13  9.487084e-01  0.000000e+00 -4.207952e-02  5.129158e-02
 4.90000e+00  4.00000e-01       2.057e+12  9.242886e-01  0.000000e+00 -1.017370e-01  7.571143e-02
 5.60000e+00  4.00000e-01       1.296e+11  8.621709e-01  0.000000e+00 -5.596638e-02  1.378291e-01
 6.30000e+00  4.00000e-01       5.751e+09  8.446402e-01  0.000000e+00  1.721825e-01  1.553598e-01
 7.00000e+00  4.00000e-01       1.976e+08  9.047877e-01  0.000000e+00  2.625122e-01  9.521227e-02
-7.00000e+00  8.00000e-01       4.470e+07  3.600790e-01  0.000000e+00 -2.293244e-01  6.399210e-01
-6.30000e+00  8.00000e-01       2.046e+09  5.229021e-01  0.000000e+00  1.929587e-01  4.770979e-01
-5.60000e+00  8.00000e-01       6.301e+10  7.429873e-01  0.000000e+00  2.405346e-01  2.570127e-01
-4.90000e+00  8.00000e-01       8.967e+11  8.376256e-01  0.000000e+00  1.094368e-01  1.623744e-01
-4.20000e+00  8.00000e-01       5.796e+12  8.290071e-01  0.000000e+00  1.405972e-04  1.709929e-01
-3.50000e+00  8.00000e-01       2.183e+13  7.956699e-01  0.000000e+00 -6.654234e-03  2.043301e-01
-2.80000e+00  8.00000e-01       5.840e+13  7.905070e-01  0.000000e+00  4.475886e-03  2.094930e-01
-2.10000e+00  8.00000e-01       1.087e+14  7.681870e-01  0.000000e+00 -4.143998e-02  2.318130e-01
-1.40000e+00  8.00000e-01       1.377e+14  6.879798e-01  0.000000e+00 -1.335569e-01  3.120202e-01
-7.00000e-01  8.00000e-01       1.097e+14  5.165120e-01  0.000000e+00 -1.522264e-01  4.834880e-01
 0.00000e+00  8.00000e-01       7.586e+13  3.380130e-01  0.000000e+00  3.854278e-15  6.619870e-01
 7.00000e-01  8.00000e-01       1.097e+14  5.165120e-01  0.000000e+00  1.522264e-01  4.834880e-01
 1.40000e+00  8.00000e-01       1.377e+14  6.879798e-01  0.000000e+00  1.335569e-01  3.120202e-01
 2.10000e+00  8.00000e-01       1.087e+14  7.681870e-01  0.000000e+00  4.143998e-02  2.318130e-01
 2.80000e+00  8.00000e-01       5.840e+13  7.905070e-01  0.000000e+00 -4.475886e-03  2.094930e-01
 3.50000e+00  8.00000e-01       2.183e+13  7.956699e-01  0.000000e+00  6.654234e-03  2.043301e-01
 4.20000e+00  8.00000e-01       5.796e+12  8.290071e-01  0.000000e+00 -1.405972e-04  1.709929e-01
 4.90000e+00  8.00000e-01       8.967e+11  8.376256e-01  0.000000e+00 -1.094368e-01  1.623744e-01
 5.60000e+00  8.00000e-01       6.301e+10  7.429873e-01  0.000000e+00 -2.405346e-01  2.570127e-01
 6.30000e+00  8.00000e-01       2.046e+09  5.229021e-01  0.000000e+00 -1.929587e-01  4.770979e-01
 7.00000e+00  8.00000e-01       4.470e+07  3.600790e-01  0.000000e+00  2.293244e-01  6.399210e-01
-7.00000e+00  1.20000e+00       1.572e+07  1.183576e-01  0.000000e+00  5.162402e-04  8.816424e-01
-6.30000e+00  1.20000e+00       5.023e+08  6.354314e-01  0.000000e+00  2.200936e-01  3.645686e-01
-5.60000e+00  1.20000e+00       1.171e+10  7.544842e-01  0.000000e+00  4.327797e-02  2.455158e-01
-4.90000e+00  1.20000e+00       1.370e+11  6.783404e-01  0.000000e+00 -6.799564e-02  3.216596e-01
-4.20000e+00  1.20000e+00       9.510e+11  6.108520e-01  0.000000e+00 -1.774945e-02  3.891480e-01
-3.50000e+00  1.20000e+00       4.409e+12  6.283943e-01  0.000000e+00  2.155769e-02  3.716057e-01
-2.80000e+00  1.20000e+00       1.346e+13  6.479302e-01  0.000000e+00  4.415232e-03  3.520698e-01
-2.10000e+00  1.20000e+00       3.006e+13  6.888481e-01  0.000000e+00 -7.282173e-03  3.111519e-01
-1.40000e+00  1.20000e+00       5.029e+13  7.008175e-01  0.000000e+00  3.845985e-02  2.991825e-01
-7.00000e-01  1.20000e+00       5.446e+13  5.337541e-01  0.000000e+00  1.164102e-01  4.662459e-01
 0.00000e+00  1.20000e+00       4.764e+13  3.374177e-01  0.000000e+00 -3.406277e-15  6.625823e-01
 7.00000e-01  1.20000e+00       5.446e+13  5.337541e-01  0.000000e+00 -1.164102e-01  4.662459e-01
 1.40000e+00  1.20000e+00       5.029e+13  7.008175e-01  0.000000e+00 -3.845985e-02  2.991825e-01
 2.10000e+00  1.20000e+00       3.006e+13  6.888481e-01  0.000000e+00  7.282173e-03  3.111519e-01
 2.80000e+00  1.20000e+00       1.346e+13  6.479302e-01  0.000000e+00 -4.415232e-03  3.520698e-01
 3.50000e+00  1.20000e+00       4.409e+12  6.283943e-01  0.000000e+00 -2.155769e-02  3.716057e-01
 4.20000e+00  1.20000e+00       9.510e+11  6.108520e-01  0.000000e+00  1.774945e-02  3.891480e-01
 4.90000e+00  1.20000e+00       1.370e+11  6.783404e-01  0.000000e+00  6.799564e-02  3.216596e-01
 5.60000e+00  1.20000e+00       1.171e+10  7.544842e-01  0.000000e+00 -4.327797e-02  2.455158e-01
 6.30000e+00  1.20000e+00       5.023e+08  6.354314e-01  0.000000e+00 -2.200936e-01  3.645686e-01
 7.00000e+00  1.20000e+00       1.572e+07  1.183576e-01  0.000000e+00 -5.162402e-04  8.816424e-01
-7.00000e+00  1.60000e+00       1.003e+07 -4.056687e-01  0.000000e+00 -4.240895e-01  5.943313e-01
-6.30000e+00  1.60000e+00       6.481e+07 -8.514153e-02  0.000000e+00 -1.331094e-01  9.148585e-01
-5.60000e+00  1.60000e+00       7.442e+08  2.483965e-01  0.000000e+00  4.609143e-02  7.516035e-01
-4.90000e+00  1.60000e+00       9.673e+09  3.934419e-01  0.000000e+00  8.827689e-02  6.065581e-01
-4.20000e+00  1.60000e+00       8.220e+10  4.761442e-01  0.000000e+00  3.104206e-02  5.238558e-01
-3.50000e+00  1.60000e+00       4.163e+11  4.792438e-01  0.000000e+00 -9.458201e-03  5.207562e-01
-2.80000e+00  1.60000e+00       1.368e+12  4.630691e-01  0.000000e+00 -1.486259e-02  5.369309e-01
-2.10000e+00  1.60000e+00       3.028e+12  3.665317e-01  0.000000e+00 -4.535715e-03  6.334683e-01
-1.40000e+00  1.60000e+00       4.494e+12  1.760076e-01  0.000000e+00  6.547886e-02  8.239924e-01
-7.00000e-01  1.60000e+00       4.396e+12  5.452588e-02  0.000000e+00  2.037080e-01  9.454741e-01
 0.00000e+00  1.60000e+00       3.588e+12  4.441794e-02  0.000000e+00 -1.115738e-14  9.555821e-01
 7.00000e-01  1.60000e+00       4.396e+12  5.452588e-02  0.000000e+00 -2.037080e-01  9.454741e-01
 1.40000e+00  1.60000e+00       4.494e+12  1.760076e-01  0.000000e+00 -6.547886e-02  8.239924e-01
 2.10000e+00  1.60000e+00       3.028e+12  3.665317e-01  0.000000e+00  4.535715e-03  6.334683e-01
 2.80000e+00  1.60000e+00       1.368e+12  4.630691e-01  0.000000e+00  1.486259e-02  5.369309e-01
 3.50000e+00  1.60000e+00       4.163e+11  4.792438e-01  0.000000e+00  9.458201e-03  5.207562e-01
 4.20000e+00  1.60000e+00       8.220e+10  4.761442e-01  0.000000e+00 -3.104206e-02  5.238558e-01
 4.90000e+00  1.60000e+00       9.673e+09  3.934419e-01  0.000000e+00 -8.827689e-02  6.065581e-01
 5.60000e+00  1.60000e+00       7.442e+08  2.483965e-01  0.000000e+00 -4.609143e-02  7.516035e-01
 6.30000e+00  1.60000e+00       6.481e+07 -8.514153e-02  0.000000e+00  1.331094e-01  9.148585e-01
 7.00000e+00  1.60000e+00       1.003e+07 -4.056687e-01  0.000000e+00  4.240895e-01  5.943313e-01
-7.00000e+00  2.00000e+00       2.700e+04 -3.290530e-01  0.000000e+00 -2.075148e-03  6.709470e-01
-6.30000e+00  2.00000e+00       9.176e+05  3.780303e-01  0.000000e+00 -1.714542e-01  6.219697e-01
-5.60000e+00  2.00000e+00       3.238e+07  4.394782e-01  0.000000e+00 -3.211350e-01  5.605218e-01
-4.90000e+00  2.00000e+00       4.866e+08  2.868798e-01  0.000000e+00 -3.633719e-01  7.131202e-01
-4.20000e+00  2.00000e+00       2.923e+09  1.998929e-01  0.000000e+00 -2.784234e-01  8.001071e-01
-3.50000e+00  2.00000e+00       8.333e+09  2.914606e-01  0.000000e+00 -7.211315e-02  7.085394e-01
-2.80000e+00  2.00000e+00       1.478e+10  4.579099e-01  0.000000e+00  7.189502e-02  5.420901e-01
-2.10000e+00  2.00000e+00       2.189e+10  5.664412e-01  0.000000e+00  4.130706e-02  4.335588e-01
-1.40000e+00  2.00000e+00       2.978e+10  6.060171e-01  0.000000e+00 -1.129817e-02  3.939829e-01
-7.00000e-01  2.00000e+00       2.738e+10  4.524915e-01  0.000000e+00 -7.821520e-02  5.475085e-01
 0.00000e+00  2.00000e+00       2.315e+10  2.548067e-01  0.000000e+00  5.357717e-15  7.451933e-01
 7.00000e-01  2.00000e+00       2.738e+10  4.524915e-01  0.000000e+00  7.821520e-02  5.475085e-01
 1.40000e+00  2.00000e+00       2.978e+10  6.060171e-01  0.000000e+00  1.129817e-02  3.939829e-01
 2.10000e+00  2.00000e+00       2.189e+10  5.664412e-01  0.000000e+00 -4.130706e-02  4.335588e-01
 2.80000e+00  2.00000e+00       1.478e+10  4.579099e-01  0.000000e+00 -7.189502e-02  5.420901e-01
 3.50000e+00  2.00000e+00       8.333e+09  2.914606e-01  0.000000e+00  7.211315e-02  7.085394e-01
 4.20000e+00  2.00000e+00       2.923e+09  1.998929e-01  0.000000e+00  2.784234e-01  8.001071e-01
 4.90000e+00  2.00000e+00       4.866e+08  2.868798e-01  0.000000e+00  3.633719e-01  7.131202e-01
 5.60000e+00  2.00000e+00       3.238e+07  4.394782e-01  0.000000e+00  3.211350e-01  5.605218e-01
 6.30000e+00  2.00000e+00       9.176e+05  3.780303e-01  0.000000e+00  1.714542e-01  6.219697e-01
 7.00000e+00  2.00000e+00       2.700e+04 -3.290530e-01  0.000000e+00  2.075148e-03  6.709470e-01
-7.00000e+00  2.40000e+00       3.809e+06 -6.240854e-01  0.000000e+00  1.659582e-01  3.759146e-01
-6.30000e+00  2.40000e+00       3.279e+07 -5.288322e-01  0.000000e+00  2.744693e-01  4.711678e-01
-5.60000e+00  2.40000e+00       1.433e+08 -3.225647e-01  0.000000e+00  4.224193e-01  6.774353e-01
-4.90000e+00  2.40000e+00       4.498e+08 -1.661374e-02  0.000000e+00  5.171218e-01  9.833863e-01
-4.20000e+00  2.40000e+00       1.181e+09  2.433324e-01  0.000000e+00  4.795584e-01  7.566676e-01
-3.50000e+00  2.40000e+00       2.616e+09  4.014679e-01  0.000000e+00  3.467227e-01  5.985321e-01
-2.80000e+00  2.40000e+00       5.373e+09  4.650082e-01  0.000000e+00  1.951039e-01  5.349918e-01
-2.10000e+00  2.40000e+00       1.022e+10  4.686828e-01  0.000000e+00  8.487083e-02  5.313172e-01
-1.40000e+00  2.40000e+00       1.347e+10  3.410853e-01  0.000000e+00  2.807669e-02  6.589147e-01
-7.00000e-01  2.40000e+00       7.750e+09 -4.325644e-01  0.000000e+00 -2.968804e-02  5.674356e-01
 0.00000e+00  2.40000e+00       8.385e+09 -3.788394e-01  0.000000e+00 -3.739855e-16  6.211606e-01
 7.00000e-01  2.40000e+00       7.750e+09 -4.325644e-01  0.000000e+00  2.968804e-02  5.674356e-01
 1.40000e+00  2.40000e+00       1.347e+10  3.410853e-01  0.000000e+00 -2.807669e-02  6.589147e-01
 2.10000e+00  2.40000e+00       1.022e+10  4.686828e-01  0.000000e+00 -8.487083e-02  5.313172e-01
 2.80000e+00  2.40000e+00       5.373e+09  4.650082e-01  0.000000e+00 -1.951039e-01  5.349918e-01
 3.50000e+00  2.40000e+00       2.616e+09  4.014679e-01  0.000000e+00 -3.467227e-01  5.985321e-01
 4.20000e+00  2.40000e+00       1.181e+09  2.433324e-01  0.000000e+00 -4.795584e-01  7.566676e-01
 4.90000e+00  2.40000e+00       4.498e+08 -1.661374e-02  0.000000e+00 -5.171218e-01  9.833863e-01
 5.60000e+00  2.40000e+00       1.433e+08 -3.225647e-01  0.000000e+00 -4.224193e-01  6.774353e-01
 6.30000e+00  2.40000e+00       3.279e+07 -5.288322e-01  0.000000e+00 -2.744693e-01  4.711678e-01
 7.00000e+00  2.40000e+00       3.809e+06 -6.240854e-01  0.000000e+00 -1.659582e-01  3.759146e-01
-7.00000e+00  2.80000e+00       4.744e+05 -4.218282e-01  0.000000e+00  4.861845e-01  5.781718e-01
-6.30000e+00  2.80000e+00       8.970e+06 -3.594834e-01  0.000000e+00  5.126144e-01  6.405166e-01
-5.60000e+00  2.80000e+00       6.676e+07 -2.479889e-01  0.000000e+00  5.474935e-01  7.520111e-01
-4.90000e+00  2.80000e+00       2.379e+08 -7.409398e-02  0.000000e+00  5.663422e-01  9.259060e-01
-4.20000e+00  2.80000e+00       5.712e+08  1.738461e-01  0.000000e+00  5.119782e-01  8.261539e-01
-3.50000e+00  2.80000e+00       1.313e+09  3.750184e-01  0.000000e+00  3.929663e-01  6.249816e-01
-2.80000e+00  2.80000e+00       2.666e+09  4.758590e-01  0.000000e+00  2.726666e-01  5.241410e-01
-2.10000e+00  2.80000e+00       4.609e+09  5.699083e-01  0.000000e+00  1.883798e-01  4.300917e-01
-1.40000e+00  2.80000e+00       4.581e+09  5.114697e-01  0.000000e+00  2.091398e-01  4.885303e-01
-7.00000e-01  2.80000e+00       4.031e+09  3.244392e-01  0.000000e+00  8.771804e-02  6.755608e-01
 0.00000e+00  2.80000e+00       8.374e+09  5.857778e-01  0.000000e+00  8.622304e-16  4.142222e-01
 7.00000e-01  2.80000e+00       4.031e+09  3.244392e-01  0.000000e+00 -8.771804e-02  6.755608e-01
 1.40000e+00  2.80000e+00       4.581e+09  5.114697e-01  0.000000e+00 -2.091398e-01  4.885303e-01
 2.10000e+00  2.80000e+00       4.609e+09  5.699083e-01  0.000000e+00 -1.883798e-01  4.300917e-01
 2.80000e+00  2.80000e+00       2.666e+09  4.758590e-01  0.000000e+00 -2.726666e-01  5.241410e-01
 3.50000e+00  2.80000e+00       1.313e+09  3.750184e-01  0.000000e+00 -3.929663e-01  6.249816e-01
 4.20000e+00  2.80000e+00       5.712e+08  1.738461e-01  0.000000e+00 -5.119782e-01  8.261539e-01
 4.90000e+00  2.80000e+00       2.379e+08 -7.409398e-02  0.000000e+00 -5.663422e-01  9.259060e-01
 5.60000e+00  2.80000e+00       6.676e+07 -2.479889e-01  0.000000e+00 -5.474935e-01  7.520111e-01
 6.30000e+00  2.80000e+00       8.970e+06 -3.594834e-01  0.000000e+00 -5.126144e-01  6.405166e-01
 7.00000e+00  2.80000e+00       4.744e+05 -4.218282e-01  0.000000e+00 -4.861845e-01  5.781718e-01
-7.00000e+00  3.20000e+00       3.311e+03  1.185892e-02  0.000000e+00  5.838569e-01  9.881411e-01
-6.30000e+00  3.20000e+00       2.642e+05  4.062591e-02  0.000000e+00  6.152228e-01  9.593741e-01
-5.60000e+00  3.20000e+00       7.196e+06  7.282387e-02  0.000000e+00  6.060510e-01  9.271761e-01
-4.90000e+00  3.20000e+00       7.272e+07  1.355688e-01  0.000000e+00  5.792998e-01  8.644312e-01
-4.20000e+00  3.20000e+00       3.310e+08  2.323147e-01  0.000000e+00  5.262546e-01  7.676853e-01
-3.50000e+00  3.20000e+00       8.367e+08  3.361912e-01  0.000000e+00  4.440796e-01  6.638088e-01
-2.80000e+00  3.20000e+00       1.450e+09  4.455190e-01  0.000000e+00  3.271854e-01  5.544810e-01
-2.10000e+00  3.20000e+00       2.328e+09  5.946814e-01  0.000000e+00  2.210307e-01  4.053186e-01
-1.40000e+00  3.20000e+00       1.734e+09  4.774481e-01  0.000000e+00  3.508555e-01  5.225519e-01
-7.00000e-01  3.20000e+00       4.924e+09  8.560617e-01  0.000000e+00  5.495629e-02  1.439383e-01
 0.00000e+00  3.20000e+00       8.981e+09  9.204255e-01  0.000000e+00  3.971210e-16  7.957450e-02
 7.00000e-01  3.20000e+00       4.924e+09  8.560617e-01  0.000000e+00 -5.495629e-02  1.439383e-01
 1.40000e+00  3.20000e+00       1.734e+09  4.774481e-01  0.000000e+00 -3.508555e-01  5.225519e-01
 2.10000e+00  3.20000e+00       2.328e+09  5.946814e-01  0.000000e+00 -2.210307e-01  4.053186e-01
 2.80000e+00  3.20000e+00       1.450e+09  4.455190e-01  0.000000e+00 -3.271854e-01  5.544810e-01
 3.50000e+00  3.20000e+00       8.367e+08  3.361912e-01  0.000000e+00 -4.440796e-01  6.638088e-01
 4.20000e+00  3.20000e+00       3.310e+08  2.323147e-01  0.000000e+00 -5.262546e-01  7.676853e-01
 4.90000e+00  3.20000e+00       7.272e+07  1.355688e-01  0.000000e+00 -5.792998e-01  8.644312e-01
 5.60000e+00  3.20000e+00       7.196e+06  7.282387e-02  0.000000e+00 -6.060510e-01  9.271761e-01
 6.30000e+00  3.20000e+00       2.642e+05  4.062591e-02  0.000000e+00 -6.152228e-01  9.593741e-01
 7.00000e+00  3.20000e+00       3.311e+03  1.185892e-02  0.000000e+00 -5.838569e-01  9.881411e-01
-7.00000e+00  3.60000e+00       1.186e+02 -4.050249e-01  0.000000e+00 -5.746993e-02  5.949751e-01
-6.30000e+00  3.60000e+00       4.957e+02 -9.297997e-01  0.000000e+00 -3.162823e-01  7.020030e-02
-5.60000e+00  3.60000e+00       4.508e+03 -4.346938e-01  0.000000e+00  8.603951e-01  5.653062e-01
-4.90000e+00  3.60000e+00       5.249e+05  2.287862e-01  0.000000e+00  5.567383e-01  7.712138e-01
-4.20000e+00  3.60000e+00       1.369e+07  3.491605e-01  0.000000e+00  4.370009e-01  6.508395e-01
-3.50000e+00  3.60000e+00       1.161e+08  4.085957e-01  0.000000e+00  3.673423e-01  5.914043e-01
-2.80000e+00  3.60000e+00       4.812e+08  5.106280e-01  0.000000e+00  2.753256e-01  4.893720e-01
-2.10000e+00  3.60000e+00       1.271e+09  6.581124e-01  0.000000e+00  2.163770e-01  3.418876e-01
-1.40000e+00  3.60000e+00       7.249e+08  4.201428e-01  0.000000e+00  5.694578e-01  5.798572e-01
-7.00000e-01  3.60000e+00       4.478e+09  9.229044e-01  0.000000e+00  4.447428e-02  7.709556e-02
 0.00000e+00  3.60000e+00       7.772e+09  9.382650e-01  0.000000e+00  1.749273e-16  6.173499e-02
 7.00000e-01  3.60000e+00       4.478e+09  9.229044e-01  0.000000e+00 -4.447428e-02  7.709556e-02
 1.40000e+00  3.60000e+00       7.249e+08  4.201428e-01  0.000000e+00 -5.694578e-01  5.798572e-01
 2.10000e+00  3.60000e+00       1.271e+09  6.581124e-01  0.000000e+00 -2.163770e-01  3.418876e-01
 2.80000e+00  3.60000e+00       4.812e+08  5.106280e-01  0.000000e+00 -2.753256e-01  4.893720e-01
 3.50000e+00  3.60000e+00       1.161e+08  4.085957e-01  0.000000e+00 -3.673423e-01  5.914043e-01
 4.20000e+00  3.60000e+00       1.369e+07  3.491605e-01  0.000000e+00 -4.370009e-01  6.508395e-01
 4.90000e+00  3.60000e+00       5.249e+05  2.287862e-01  0.000000e+00 -5.567383e-01  7.712138e-01
 5.60000e+00  3.60000e+00       4.508e+03 -4.346938e-01  0.000000e+00 -8.603951e-01  5.653062e-01
 6.30000e+00  3.60000e+00       4.957e+02 -9.297997e-01  0.000000e+00  3.162823e-01  7.020031e-02
 7.00000e+00  3.60000e+00       1.186e+02 -4.050249e-01  0.000000e+00  5.746993e-02  5.949751e-01
-7.00000e+00  4.00000e+00       1.164e+02 -4.276660e-01  0.000000e+00 -6.972968e-02  5.723340e-01
-6.30000e+00  4.00000e+00       5.235e+02 -8.882862e-01  0.000000e+00 -1.031327e-01  1.117138e-01
-5.60000e+00  4.00000e+00       7.721e+03  8.041426e-01  0.000000e+00  2.074307e-02  1.958574e-01
-4.90000e+00  4.00000e+00       1.443e+05  9.284145e-01  0.000000e+00  3.373830e-02  7.158548e-02
-4.20000e+00  4.00000e+00       1.075e+06  9.692060e-01  0.000000e+00  4.674749e-02  3.079399e-02
-3.50000e+00  4.00000e+00       1.360e+06  8.513388e-01  0.000000e+00  2.452774e-01  1.486612e-01
-2.80000e+00  4.00000e+00       4.929e+07  9.961480e-01  0.000000e+00  1.097396e-01  3.852039e-03
-2.10000e+00  4.00000e+00       3.710e+08  9.535111e-01  0.000000e+00  1.660699e-01  4.648889e-02
-1.40000e+00  4.00000e+00       2.710e+08  6.764694e-01  0.000000e+00  6.993001e-01  3.235306e-01
-7.00000e-01  4.00000e+00       4.316e+09  9.867167e-01  0.000000e+00  2.471245e-02  1.328327e-02
 0.00000e+00  4.00000e+00       7.050e+09  9.819325e-01  0.000000e+00  3.275891e-17  1.806746e-02
 7.00000e-01  4.00000e+00       4.316e+09  9.867167e-01  0.000000e+00 -2.471245e-02  1.328327e-02
 1.40000e+00  4.00000e+00       2.710e+08  6.764694e-01  0.000000e+00 -6.993001e-01  3.235306e-01
 2.10000e+00  4.00000e+00       3.710e+08  9.535111e-01  0.000000e+00 -1.660699e-01  4.648889e-02
 2.80000e+00  4.00000e+00       4.929e+07  9.961480e-01  0.000000e+00 -1.097396e-01  3.852039e-03
 3.50000e+00  4.00000e+00       1.360e+06  8.513388e-01  0.000000e+00 -2.452774e-01  1.486612e-01
 4.20000e+00  4.00000e+00       1.075e+06  9.692060e-01  0.000000e+00 -4.674749e-02  3.079399e-02
 4.90000e+00  4.00000e+00       1.443e+05  9.284145e-01  0.000000e+00 -3.373830e-02  7.158548e-02
 5.60000e+00  4.00000e+00       7.721e+03  8.041426e-01  0.000000e+00 -2.074307e-02  1.958574e-01
 6.30000e+00  4.00000e+00       5.235e+02 -8.882862e-01  0.000000e+00  1.031327e-01  1.117138e-01
 7.00000e+00  4.00000e+00       1.164e+02 -4.276658e-01  0.000000e+00  6.973047e-02  5.723342e-01
