 EB(GeV)    EMITTANCEx EMITTANCEy SIZEx(m)   SIZEy(m)   DIVx(rad)  DIVy(rad)
 2.411e+00  5.499e-09  1.017e-12  8.711e-05  1.009e-06  6.313e-05  1.009e-06
 betax      alphax     betay      alphay     eta        deta       E_spread  
 1.380e+00  0.000e+00  1.000e+00  0.000e+00  0.000e+00  0.000e+00  8.600e-04
 Ibeam(A)   period(cm) #periods   Kx         Ky         Energy(eV)
 4.005e-01  1.900e+00         96  0.000e+00  1.780e+00  9.099e+03


           x            y       F.Density            PL            PC          PL45        1-|PL|
          mm           mm  ph/s/mr^2/0.1%             -             -             -             -
-7.00000e+00 -4.00000e+00       5.282e+07 -7.145038e-01  0.000000e+00 -2.400727e-01  2.854962e-01
-6.30000e+00 -4.00000e+00       1.818e+08 -5.965837e-01  0.000000e+00 -3.804630e-01  4.034163e-01
-5.60000e+00 -4.00000e+00       4.282e+08 -4.051906e-01  0.000000e+00 -5.210198e-01  5.948094e-01
-4.90000e+00 -4.00000e+00       8.041e+08 -1.714772e-01  0.000000e+00 -5.909330e-01  8.285228e-01
-4.20000e+00 -4.00000e+00       1.377e+09  7.765746e-02  0.000000e+00 -5.693671e-01  9.223425e-01
-3.50000e+00 -4.00000e+00       2.360e+09  2.778111e-01  0.000000e+00 -4.815826e-01  7.221889e-01
-2.80000e+00 -4.00000e+00       4.449e+09  5.926924e-01  0.000000e+00 -3.153345e-01  4.073076e-01
-2.10000e+00 -4.00000e+00       1.613e+10  9.318579e-01  0.000000e+00 -2.112321e-01  6.814211e-02
-1.40000e+00 -4.00000e+00       5.875e+10  8.332994e-01  0.000000e+00 -1.926768e-01  1.667006e-01
-7.00000e-01 -4.00000e+00       9.799e+10  7.928017e-01  0.000000e+00 -1.339736e-01  2.071983e-01
 0.00000e+00 -4.00000e+00       9.950e+10  7.456033e-01  0.000000e+00 -4.124984e-16  2.543967e-01
 7.00000e-01 -4.00000e+00       9.799e+10  7.928017e-01  0.000000e+00  1.339736e-01  2.071983e-01
 1.40000e+00 -4.00000e+00       5.875e+10  8.332994e-01  0.000000e+00  1.926768e-01  1.667006e-01
 2.10000e+00 -4.00000e+00       1.613e+10  9.318579e-01  0.000000e+00  2.112321e-01  6.814211e-02
 2.80000e+00 -4.00000e+00       4.449e+09  5.926924e-01  0.000000e+00  3.153345e-01  4.073076e-01
 3.50000e+00 -4.00000e+00       2.360e+09  2.778111e-01  0.000000e+00  4.815826e-01  7.221889e-01
 4.20000e+00 -4.00000e+00       1.377e+09  7.765746e-02  0.000000e+00  5.693671e-01  9.223425e-01
 4.90000e+00 -4.00000e+00       8.041e+08 -1.714772e-01  0.000000e+00  5.909330e-01  8.285228e-01
 5.60000e+00 -4.00000e+00       4.282e+08 -4.051906e-01  0.000000e+00  5.210198e-01  5.948094e-01
 6.30000e+00 -4.00000e+00       1.818e+08 -5.965837e-01  0.000000e+00  3.804630e-01  4.034163e-01
 7.00000e+00 -4.00000e+00       5.282e+07 -7.145038e-01  0.000000e+00  2.400727e-01  2.854962e-01
-7.00000e+00 -3.60000e+00       9.968e+07 -7.498692e-01  0.000000e+00 -6.849487e-02  2.501308e-01
-6.30000e+00 -3.60000e+00       2.667e+08 -6.293187e-01  0.000000e+00 -2.737652e-01  3.706813e-01
-5.60000e+00 -3.60000e+00       6.131e+08 -3.772009e-01  0.000000e+00 -4.830034e-01  6.227991e-01
-4.90000e+00 -3.60000e+00       1.484e+09 -9.092046e-02  0.000000e+00 -5.772377e-01  9.090795e-01
-4.20000e+00 -3.60000e+00       2.996e+09  1.097308e-01  0.000000e+00 -5.547558e-01  8.902692e-01
-3.50000e+00 -3.60000e+00       4.617e+09  2.752365e-01  0.000000e+00 -4.542431e-01  7.247635e-01
-2.80000e+00 -3.60000e+00       7.795e+09  5.243456e-01  0.000000e+00 -2.858061e-01  4.756544e-01
-2.10000e+00 -3.60000e+00       2.221e+10  9.622648e-01  0.000000e+00 -2.366890e-01  3.773523e-02
-1.40000e+00 -3.60000e+00       7.332e+10  8.698517e-01  0.000000e+00 -2.342080e-01  1.301483e-01
-7.00000e-01 -3.60000e+00       1.195e+11  8.077095e-01  0.000000e+00 -1.664692e-01  1.922905e-01
 0.00000e+00 -3.60000e+00       1.203e+11  7.531537e-01  0.000000e+00 -6.801417e-16  2.468463e-01
 7.00000e-01 -3.60000e+00       1.195e+11  8.077095e-01  0.000000e+00  1.664692e-01  1.922905e-01
 1.40000e+00 -3.60000e+00       7.332e+10  8.698517e-01  0.000000e+00  2.342080e-01  1.301483e-01
 2.10000e+00 -3.60000e+00       2.221e+10  9.622648e-01  0.000000e+00  2.366890e-01  3.773523e-02
 2.80000e+00 -3.60000e+00       7.795e+09  5.243456e-01  0.000000e+00  2.858061e-01  4.756544e-01
 3.50000e+00 -3.60000e+00       4.617e+09  2.752365e-01  0.000000e+00  4.542431e-01  7.247635e-01
 4.20000e+00 -3.60000e+00       2.996e+09  1.097308e-01  0.000000e+00  5.547558e-01  8.902692e-01
 4.90000e+00 -3.60000e+00       1.484e+09 -9.092046e-02  0.000000e+00  5.772377e-01  9.090795e-01
 5.60000e+00 -3.60000e+00       6.131e+08 -3.772009e-01  0.000000e+00  4.830034e-01  6.227991e-01
 6.30000e+00 -3.60000e+00       2.667e+08 -6.293187e-01  0.000000e+00  2.737652e-01  3.706813e-01
 7.00000e+00 -3.60000e+00       9.968e+07 -7.498692e-01  0.000000e+00  6.849487e-02  2.501308e-01
-7.00000e+00 -3.20000e+00       1.678e+08 -7.350148e-01  0.000000e+00  8.370243e-02  2.649852e-01
-6.30000e+00 -3.20000e+00       4.133e+08 -6.277164e-01  0.000000e+00 -1.874906e-01  3.722836e-01
-5.60000e+00 -3.20000e+00       9.539e+08 -3.768435e-01  0.000000e+00 -4.251549e-01  6.231565e-01
-4.90000e+00 -3.20000e+00       2.412e+09 -3.516904e-02  0.000000e+00 -4.726083e-01  9.648310e-01
-4.20000e+00 -3.20000e+00       6.660e+09  2.015794e-01  0.000000e+00 -2.986594e-01  7.984206e-01
-3.50000e+00 -3.20000e+00       1.879e+10  2.531240e-01  0.000000e+00 -1.418342e-01  7.468760e-01
-2.80000e+00 -3.20000e+00       5.043e+10  3.494734e-01  0.000000e+00 -3.661973e-02  6.505266e-01
-2.10000e+00 -3.20000e+00       1.235e+11  6.304641e-01  0.000000e+00 -2.911847e-02  3.695359e-01
-1.40000e+00 -3.20000e+00       2.294e+11  9.033197e-01  0.000000e+00 -1.508900e-01  9.668026e-02
-7.00000e-01 -3.20000e+00       2.483e+11  9.413940e-01  0.000000e+00 -1.910050e-01  5.860596e-02
 0.00000e+00 -3.20000e+00       2.040e+11  8.475968e-01  0.000000e+00  2.816444e-15  1.524032e-01
 7.00000e-01 -3.20000e+00       2.483e+11  9.413940e-01  0.000000e+00  1.910050e-01  5.860596e-02
 1.40000e+00 -3.20000e+00       2.294e+11  9.033197e-01  0.000000e+00  1.508900e-01  9.668026e-02
 2.10000e+00 -3.20000e+00       1.235e+11  6.304641e-01  0.000000e+00  2.911847e-02  3.695359e-01
 2.80000e+00 -3.20000e+00       5.043e+10  3.494734e-01  0.000000e+00  3.661973e-02  6.505266e-01
 3.50000e+00 -3.20000e+00       1.879e+10  2.531240e-01  0.000000e+00  1.418342e-01  7.468760e-01
 4.20000e+00 -3.20000e+00       6.660e+09  2.015794e-01  0.000000e+00  2.986594e-01  7.984206e-01
 4.90000e+00 -3.20000e+00       2.412e+09 -3.516904e-02  0.000000e+00  4.726083e-01  9.648310e-01
 5.60000e+00 -3.20000e+00       9.539e+08 -3.768435e-01  0.000000e+00  4.251549e-01  6.231565e-01
 6.30000e+00 -3.20000e+00       4.133e+08 -6.277164e-01  0.000000e+00  1.874906e-01  3.722836e-01
 7.00000e+00 -3.20000e+00       1.678e+08 -7.350148e-01  0.000000e+00 -8.370243e-02  2.649852e-01
-7.00000e+00 -2.80000e+00       2.116e+08 -6.468712e-01  0.000000e+00  2.014462e-01  3.531288e-01
-6.30000e+00 -2.80000e+00       6.548e+08 -3.497181e-01  0.000000e+00 -1.286946e-01  6.502819e-01
-5.60000e+00 -2.80000e+00       3.010e+09  1.218078e-01  0.000000e+00 -4.854464e-02  8.781922e-01
-4.90000e+00 -2.80000e+00       1.666e+10  1.276640e-01  0.000000e+00  6.395708e-02  8.723360e-01
-4.20000e+00 -2.80000e+00       8.196e+10  1.556411e-01  0.000000e+00 -8.750834e-02  8.443589e-01
-3.50000e+00 -2.80000e+00       3.049e+11  2.916619e-01  0.000000e+00 -8.823399e-02  7.083381e-01
-2.80000e+00 -2.80000e+00       8.091e+11  2.720049e-01  0.000000e+00 -8.525829e-02  7.279951e-01
-2.10000e+00 -2.80000e+00       1.645e+12  1.312759e-01  0.000000e+00 -3.076618e-01  8.687241e-01
-1.40000e+00 -2.80000e+00       2.569e+12 -9.107627e-02  0.000000e+00 -6.098309e-01  9.089237e-01
-7.00000e-01 -2.80000e+00       2.603e+12 -1.771335e-01  0.000000e+00 -6.918575e-01  8.228665e-01
 0.00000e+00 -2.80000e+00       2.000e+12 -1.568517e-01  0.000000e+00 -2.503347e-15  8.431483e-01
 7.00000e-01 -2.80000e+00       2.603e+12 -1.771335e-01  0.000000e+00  6.918575e-01  8.228665e-01
 1.40000e+00 -2.80000e+00       2.569e+12 -9.107627e-02  0.000000e+00  6.098309e-01  9.089237e-01
 2.10000e+00 -2.80000e+00       1.645e+12  1.312759e-01  0.000000e+00  3.076618e-01  8.687241e-01
 2.80000e+00 -2.80000e+00       8.091e+11  2.720049e-01  0.000000e+00  8.525829e-02  7.279951e-01
 3.50000e+00 -2.80000e+00       3.049e+11  2.916619e-01  0.000000e+00  8.823399e-02  7.083381e-01
 4.20000e+00 -2.80000e+00       8.196e+10  1.556411e-01  0.000000e+00  8.750834e-02  8.443589e-01
 4.90000e+00 -2.80000e+00       1.666e+10  1.276640e-01  0.000000e+00 -6.395708e-02  8.723360e-01
 5.60000e+00 -2.80000e+00       3.010e+09  1.218078e-01  0.000000e+00  4.854464e-02  8.781922e-01
 6.30000e+00 -2.80000e+00       6.548e+08 -3.497181e-01  0.000000e+00  1.286946e-01  6.502819e-01
 7.00000e+00 -2.80000e+00       2.116e+08 -6.468712e-01  0.000000e+00 -2.014462e-01  3.531288e-01
-7.00000e+00 -2.40000e+00       3.618e+08 -5.633202e-01  0.000000e+00  2.651098e-01  4.366798e-01
-6.30000e+00 -2.40000e+00       2.780e+09 -2.728378e-01  0.000000e+00 -3.335941e-01  7.271622e-01
-5.60000e+00 -2.40000e+00       3.157e+10  2.602648e-01  0.000000e+00 -4.633306e-01  7.397352e-01
-4.90000e+00 -2.40000e+00       2.502e+11  5.369119e-01  0.000000e+00 -1.821909e-01  4.630881e-01
-4.20000e+00 -2.40000e+00       1.171e+12  4.451386e-01  0.000000e+00  8.625969e-02  5.548614e-01
-3.50000e+00 -2.40000e+00       3.736e+12  2.747632e-01  0.000000e+00  4.068995e-02  7.252368e-01
-2.80000e+00 -2.40000e+00       9.296e+12  2.847065e-01  0.000000e+00 -7.281357e-02  7.152935e-01
-2.10000e+00 -2.40000e+00       1.639e+13  1.420676e-01  0.000000e+00 -1.128995e-01  8.579324e-01
-1.40000e+00 -2.40000e+00       1.813e+13 -2.083282e-01  0.000000e+00 -9.544198e-02  7.916718e-01
-7.00000e-01 -2.40000e+00       1.056e+13 -4.874280e-01  0.000000e+00  1.214539e-02  5.125720e-01
 0.00000e+00 -2.40000e+00       5.019e+12 -5.402919e-01  0.000000e+00  3.157548e-15  4.597081e-01
 7.00000e-01 -2.40000e+00       1.056e+13 -4.874280e-01  0.000000e+00 -1.214539e-02  5.125720e-01
 1.40000e+00 -2.40000e+00       1.813e+13 -2.083282e-01  0.000000e+00  9.544198e-02  7.916718e-01
 2.10000e+00 -2.40000e+00       1.639e+13  1.420676e-01  0.000000e+00  1.128995e-01  8.579324e-01
 2.80000e+00 -2.40000e+00       9.296e+12  2.847065e-01  0.000000e+00  7.281357e-02  7.152935e-01
 3.50000e+00 -2.40000e+00       3.736e+12  2.747632e-01  0.000000e+00 -4.068995e-02  7.252368e-01
 4.20000e+00 -2.40000e+00       1.171e+12  4.451386e-01  0.000000e+00 -8.625969e-02  5.548614e-01
 4.90000e+00 -2.40000e+00       2.502e+11  5.369119e-01  0.000000e+00  1.821909e-01  4.630881e-01
 5.60000e+00 -2.40000e+00       3.157e+10  2.602648e-01  0.000000e+00  4.633306e-01  7.397352e-01
 6.30000e+00 -2.40000e+00       2.780e+09 -2.728378e-01  0.000000e+00  3.335941e-01  7.271622e-01
 7.00000e+00 -2.40000e+00       3.618e+08 -5.633202e-01  0.000000e+00 -2.651098e-01  4.366798e-01
-7.00000e+00 -2.00000e+00       1.926e+09  3.560946e-01  0.000000e+00  6.115411e-01  6.439054e-01
-6.30000e+00 -2.00000e+00       2.574e+10  1.287502e-01  0.000000e+00  6.348503e-01  8.712498e-01
-5.60000e+00 -2.00000e+00       2.454e+11 -1.153290e-01  0.000000e+00  2.556182e-01  8.846710e-01
-4.90000e+00 -2.00000e+00       1.858e+12  1.038057e-01  0.000000e+00 -2.641879e-01  8.961943e-01
-4.20000e+00 -2.00000e+00       1.018e+13  4.586760e-01  0.000000e+00 -2.949193e-01  5.413240e-01
-3.50000e+00 -2.00000e+00       3.230e+13  5.182631e-01  0.000000e+00 -5.889782e-02  4.817369e-01
-2.80000e+00 -2.00000e+00       6.693e+13  4.115117e-01  0.000000e+00  1.904719e-02  5.884883e-01
-2.10000e+00 -2.00000e+00       1.191e+14  4.865898e-01  0.000000e+00 -9.263619e-02  5.134102e-01
-1.40000e+00 -2.00000e+00       2.116e+14  6.506196e-01  0.000000e+00 -2.874956e-02  3.493804e-01
-7.00000e-01 -2.00000e+00       3.893e+14  7.661341e-01  0.000000e+00  1.444118e-01  2.338659e-01
 0.00000e+00 -2.00000e+00       5.008e+14  7.933788e-01  0.000000e+00 -3.573955e-15  2.066212e-01
 7.00000e-01 -2.00000e+00       3.893e+14  7.661341e-01  0.000000e+00 -1.444118e-01  2.338659e-01
 1.40000e+00 -2.00000e+00       2.116e+14  6.506196e-01  0.000000e+00  2.874956e-02  3.493804e-01
 2.10000e+00 -2.00000e+00       1.191e+14  4.865898e-01  0.000000e+00  9.263619e-02  5.134102e-01
 2.80000e+00 -2.00000e+00       6.693e+13  4.115117e-01  0.000000e+00 -1.904719e-02  5.884883e-01
 3.50000e+00 -2.00000e+00       3.230e+13  5.182631e-01  0.000000e+00  5.889782e-02  4.817369e-01
 4.20000e+00 -2.00000e+00       1.018e+13  4.586760e-01  0.000000e+00  2.949193e-01  5.413240e-01
 4.90000e+00 -2.00000e+00       1.858e+12  1.038057e-01  0.000000e+00  2.641879e-01  8.961943e-01
 5.60000e+00 -2.00000e+00       2.454e+11 -1.153290e-01  0.000000e+00 -2.556182e-01  8.846710e-01
 6.30000e+00 -2.00000e+00       2.574e+10  1.287502e-01  0.000000e+00 -6.348503e-01  8.712498e-01
 7.00000e+00 -2.00000e+00       1.926e+09  3.560946e-01  0.000000e+00 -6.115411e-01  6.439054e-01
-7.00000e+00 -1.60000e+00       1.944e+10  9.263804e-01  0.000000e+00  8.021694e-03  7.361956e-02
-6.30000e+00 -1.60000e+00       2.870e+11  8.790166e-01  0.000000e+00  2.330925e-01  1.209834e-01
-5.60000e+00 -1.60000e+00       2.306e+12  6.866570e-01  0.000000e+00  4.486877e-01  3.133430e-01
-4.90000e+00 -1.60000e+00       1.087e+13  3.404357e-01  0.000000e+00  4.446328e-01  6.595643e-01
-4.20000e+00 -1.60000e+00       3.978e+13  1.901803e-01  0.000000e+00  2.518909e-02  8.098197e-01
-3.50000e+00 -1.60000e+00       1.292e+14  4.461584e-01  0.000000e+00 -1.900373e-01  5.538416e-01
-2.80000e+00 -1.60000e+00       2.827e+14  5.551455e-01  0.000000e+00 -5.780426e-02  4.448545e-01
-2.10000e+00 -1.60000e+00       4.131e+14  4.098390e-01  0.000000e+00  2.384082e-02  5.901610e-01
-1.40000e+00 -1.60000e+00       5.430e+14  1.625943e-01  0.000000e+00 -8.662032e-02  8.374057e-01
-7.00000e-01 -1.60000e+00       8.119e+14 -8.779821e-03  0.000000e+00 -3.031785e-01  9.912202e-01
 0.00000e+00 -1.60000e+00       9.998e+14 -3.314643e-02  0.000000e+00  3.329723e-15  9.668536e-01
 7.00000e-01 -1.60000e+00       8.119e+14 -8.779821e-03  0.000000e+00  3.031785e-01  9.912202e-01
 1.40000e+00 -1.60000e+00       5.430e+14  1.625943e-01  0.000000e+00  8.662032e-02  8.374057e-01
 2.10000e+00 -1.60000e+00       4.131e+14  4.098390e-01  0.000000e+00 -2.384082e-02  5.901610e-01
 2.80000e+00 -1.60000e+00       2.827e+14  5.551455e-01  0.000000e+00  5.780426e-02  4.448545e-01
 3.50000e+00 -1.60000e+00       1.292e+14  4.461584e-01  0.000000e+00  1.900373e-01  5.538416e-01
 4.20000e+00 -1.60000e+00       3.978e+13  1.901803e-01  0.000000e+00 -2.518909e-02  8.098197e-01
 4.90000e+00 -1.60000e+00       1.087e+13  3.404357e-01  0.000000e+00 -4.446328e-01  6.595643e-01
 5.60000e+00 -1.60000e+00       2.306e+12  6.866570e-01  0.000000e+00 -4.486877e-01  3.133430e-01
 6.30000e+00 -1.60000e+00       2.870e+11  8.790166e-01  0.000000e+00 -2.330925e-01  1.209834e-01
 7.00000e+00 -1.60000e+00       1.944e+10  9.263804e-01  0.000000e+00 -8.021694e-03  7.361956e-02
-7.00000e+00 -1.20000e+00       8.986e+10  8.843199e-01  0.000000e+00 -3.916458e-01  1.156801e-01
-6.30000e+00 -1.20000e+00       1.429e+12  9.382446e-01  0.000000e+00 -2.137347e-01  6.175542e-02
-5.60000e+00 -1.20000e+00       1.238e+13  9.429684e-01  0.000000e+00 -1.557354e-03  5.703158e-02
-4.90000e+00 -1.20000e+00       5.786e+13  8.597300e-01  0.000000e+00  2.219929e-01  1.402700e-01
-4.20000e+00 -1.20000e+00       1.550e+14  6.399717e-01  0.000000e+00  3.204628e-01  3.600283e-01
-3.50000e+00 -1.20000e+00       3.365e+14  4.889015e-01  0.000000e+00  5.244720e-02  5.110985e-01
-2.80000e+00 -1.20000e+00       7.313e+14  6.194692e-01  0.000000e+00 -9.380999e-02  3.805308e-01
-2.10000e+00 -1.20000e+00       1.132e+15  6.623717e-01  0.000000e+00  6.653055e-02  3.376283e-01
-1.40000e+00 -1.20000e+00       1.234e+15  6.815398e-01  0.000000e+00  2.696689e-01  3.184602e-01
-7.00000e-01 -1.20000e+00       7.974e+14  7.568779e-01  0.000000e+00  3.676718e-01  2.431221e-01
 0.00000e+00 -1.20000e+00       4.024e+14  8.018873e-01  0.000000e+00  1.156630e-14  1.981127e-01
 7.00000e-01 -1.20000e+00       7.974e+14  7.568779e-01  0.000000e+00 -3.676718e-01  2.431221e-01
 1.40000e+00 -1.20000e+00       1.234e+15  6.815398e-01  0.000000e+00 -2.696689e-01  3.184602e-01
 2.10000e+00 -1.20000e+00       1.132e+15  6.623717e-01  0.000000e+00 -6.653055e-02  3.376283e-01
 2.80000e+00 -1.20000e+00       7.313e+14  6.194692e-01  0.000000e+00  9.380999e-02  3.805308e-01
 3.50000e+00 -1.20000e+00       3.365e+14  4.889015e-01  0.000000e+00 -5.244720e-02  5.110985e-01
 4.20000e+00 -1.20000e+00       1.550e+14  6.399717e-01  0.000000e+00 -3.204628e-01  3.600283e-01
 4.90000e+00 -1.20000e+00       5.786e+13  8.597300e-01  0.000000e+00 -2.219929e-01  1.402700e-01
 5.60000e+00 -1.20000e+00       1.238e+13  9.429684e-01  0.000000e+00  1.557354e-03  5.703158e-02
 6.30000e+00 -1.20000e+00       1.429e+12  9.382446e-01  0.000000e+00  2.137347e-01  6.175542e-02
 7.00000e+00 -1.20000e+00       8.986e+10  8.843199e-01  0.000000e+00  3.916458e-01  1.156801e-01
-7.00000e+00 -8.00000e-01       2.047e+11  8.356863e-01  0.000000e+00 -5.101682e-01  1.643137e-01
-6.30000e+00 -8.00000e-01       3.454e+12  9.054122e-01  0.000000e+00 -3.716364e-01  9.458781e-02
-5.60000e+00 -8.00000e-01       3.248e+13  9.506178e-01  0.000000e+00 -2.148375e-01  4.938217e-02
-4.90000e+00 -8.00000e-01       1.676e+14  9.618850e-01  0.000000e+00 -4.087607e-02  3.811498e-02
-4.20000e+00 -8.00000e-01       4.644e+14  9.151742e-01  0.000000e+00  1.313230e-01  8.482584e-02
-3.50000e+00 -8.00000e-01       7.774e+14  7.913105e-01  0.000000e+00  1.698233e-01  2.086895e-01
-2.80000e+00 -8.00000e-01       1.277e+15  7.514865e-01  0.000000e+00 -2.563350e-02  2.485135e-01
-2.10000e+00 -8.00000e-01       1.881e+15  7.601737e-01  0.000000e+00 -4.523189e-02  2.398263e-01
-1.40000e+00 -8.00000e-01       1.637e+15  5.727369e-01  0.000000e+00  1.461511e-01  4.272631e-01
-7.00000e-01 -8.00000e-01       1.015e+15  3.103703e-01  0.000000e+00  4.597797e-01  6.896297e-01
 0.00000e+00 -8.00000e-01       6.605e+14  2.294148e-01  0.000000e+00 -9.100076e-16  7.705852e-01
 7.00000e-01 -8.00000e-01       1.015e+15  3.103703e-01  0.000000e+00 -4.597797e-01  6.896297e-01
 1.40000e+00 -8.00000e-01       1.637e+15  5.727369e-01  0.000000e+00 -1.461511e-01  4.272631e-01
 2.10000e+00 -8.00000e-01       1.881e+15  7.601737e-01  0.000000e+00  4.523189e-02  2.398263e-01
 2.80000e+00 -8.00000e-01       1.277e+15  7.514865e-01  0.000000e+00  2.563350e-02  2.485135e-01
 3.50000e+00 -8.00000e-01       7.774e+14  7.913105e-01  0.000000e+00 -1.698233e-01  2.086895e-01
 4.20000e+00 -8.00000e-01       4.644e+14  9.151742e-01  0.000000e+00 -1.313230e-01  8.482584e-02
 4.90000e+00 -8.00000e-01       1.676e+14  9.618850e-01  0.000000e+00  4.087607e-02  3.811498e-02
 5.60000e+00 -8.00000e-01       3.248e+13  9.506178e-01  0.000000e+00  2.148375e-01  4.938217e-02
 6.30000e+00 -8.00000e-01       3.454e+12  9.054122e-01  0.000000e+00  3.716364e-01  9.458781e-02
 7.00000e+00 -8.00000e-01       2.047e+11  8.356863e-01  0.000000e+00  5.101682e-01  1.643137e-01
-7.00000e+00 -4.00000e-01       2.772e+11  9.145606e-01  0.000000e+00 -3.809629e-01  8.543942e-02
-6.30000e+00 -4.00000e-01       4.977e+12  9.499382e-01  0.000000e+00 -2.851985e-01  5.006184e-02
-5.60000e+00 -4.00000e-01       5.015e+13  9.737912e-01  0.000000e+00 -1.886017e-01  2.620878e-02
-4.90000e+00 -4.00000e-01       2.808e+14  9.862868e-01  0.000000e+00 -8.972957e-02  1.371316e-02
-4.20000e+00 -4.00000e-01       8.445e+14  9.843073e-01  0.000000e+00  1.080143e-02  1.569269e-02
-3.50000e+00 -4.00000e-01       1.383e+15  9.592279e-01  0.000000e+00  8.328113e-02  4.077209e-02
-2.80000e+00 -4.00000e-01       1.852e+15  9.319263e-01  0.000000e+00  2.878039e-02  6.807371e-02
-2.10000e+00 -4.00000e-01       3.135e+15  9.543826e-01  0.000000e+00 -1.837951e-02  4.561743e-02
-1.40000e+00 -4.00000e-01       4.173e+15  9.751829e-01  0.000000e+00 -2.836924e-02  2.481714e-02
-7.00000e-01 -4.00000e-01       2.936e+15  9.850549e-01  0.000000e+00 -6.095105e-02  1.494515e-02
 0.00000e+00 -4.00000e-01       1.510e+15  9.889566e-01  0.000000e+00  5.856156e-16  1.104344e-02
 7.00000e-01 -4.00000e-01       2.936e+15  9.850549e-01  0.000000e+00  6.095105e-02  1.494515e-02
 1.40000e+00 -4.00000e-01       4.173e+15  9.751829e-01  0.000000e+00  2.836924e-02  2.481714e-02
 2.10000e+00 -4.00000e-01       3.135e+15  9.543826e-01  0.000000e+00  1.837951e-02  4.561743e-02
 2.80000e+00 -4.00000e-01       1.852e+15  9.319263e-01  0.000000e+00 -2.878039e-02  6.807371e-02
 3.50000e+00 -4.00000e-01       1.383e+15  9.592279e-01  0.000000e+00 -8.328113e-02  4.077209e-02
 4.20000e+00 -4.00000e-01       8.445e+14  9.843073e-01  0.000000e+00 -1.080143e-02  1.569269e-02
 4.90000e+00 -4.00000e-01       2.808e+14  9.862868e-01  0.000000e+00  8.972957e-02  1.371316e-02
 5.60000e+00 -4.00000e-01       5.015e+13  9.737912e-01  0.000000e+00  1.886017e-01  2.620878e-02
 6.30000e+00 -4.00000e-01       4.977e+12  9.499382e-01  0.000000e+00  2.851985e-01  5.006184e-02
 7.00000e+00 -4.00000e-01       2.772e+11  9.145606e-01  0.000000e+00  3.809629e-01  8.543942e-02
-7.00000e+00  0.00000e+00       2.897e+11  9.999274e-01  0.000000e+00  6.989910e-12  7.256975e-05
-6.30000e+00  0.00000e+00       5.385e+12  9.999581e-01  0.000000e+00  7.834182e-12  4.193936e-05
-5.60000e+00  0.00000e+00       5.602e+13  9.999781e-01  0.000000e+00  5.242003e-12  2.191794e-05
-4.90000e+00  0.00000e+00       3.244e+14  9.999891e-01  0.000000e+00  2.194827e-12  1.091677e-05
-4.20000e+00  0.00000e+00       1.011e+15  9.999902e-01  0.000000e+00  8.667130e-13  9.798215e-06
-3.50000e+00  0.00000e+00       1.680e+15  9.999764e-01  0.000000e+00  8.647728e-13  2.360946e-05
-2.80000e+00  0.00000e+00       2.105e+15  9.999570e-01  0.000000e+00  7.878185e-13  4.303855e-05
-2.10000e+00  0.00000e+00       3.283e+15  9.999753e-01  0.000000e+00  3.293378e-13  2.471819e-05
-1.40000e+00  0.00000e+00       3.698e+15  9.999940e-01  0.000000e+00  2.378480e-13  5.951095e-06
-7.00000e-01  0.00000e+00       2.048e+15  9.999365e-01  0.000000e+00  2.062633e-13  6.349045e-05
 0.00000e+00  0.00000e+00       9.096e+14  9.998326e-01  0.000000e+00  3.803874e-17  1.673853e-04
 7.00000e-01  0.00000e+00       2.048e+15  9.999365e-01  0.000000e+00 -2.062106e-13  6.349045e-05
 1.40000e+00  0.00000e+00       3.698e+15  9.999940e-01  0.000000e+00 -2.378033e-13  5.951095e-06
 2.10000e+00  0.00000e+00       3.283e+15  9.999753e-01  0.000000e+00 -3.293210e-13  2.471819e-05
 2.80000e+00  0.00000e+00       2.105e+15  9.999570e-01  0.000000e+00 -7.878616e-13  4.303855e-05
 3.50000e+00  0.00000e+00       1.680e+15  9.999764e-01  0.000000e+00 -8.648400e-13  2.360946e-05
 4.20000e+00  0.00000e+00       1.011e+15  9.999902e-01  0.000000e+00 -8.666855e-13  9.798215e-06
 4.90000e+00  0.00000e+00       3.244e+14  9.999891e-01  0.000000e+00 -2.194671e-12  1.091677e-05
 5.60000e+00  0.00000e+00       5.602e+13  9.999781e-01  0.000000e+00 -5.241688e-12  2.191794e-05
 6.30000e+00  0.00000e+00       5.385e+12  9.999581e-01  0.000000e+00 -7.833699e-12  4.193936e-05
 7.00000e+00  0.00000e+00       2.897e+11  9.999274e-01  0.000000e+00 -6.989315e-12  7.256975e-05
-7.00000e+00  4.00000e-01       2.772e+11  9.145606e-01  0.000000e+00  3.809629e-01  8.543942e-02
-6.30000e+00  4.00000e-01       4.977e+12  9.499382e-01  0.000000e+00  2.851985e-01  5.006184e-02
-5.60000e+00  4.00000e-01       5.015e+13  9.737912e-01  0.000000e+00  1.886017e-01  2.620878e-02
-4.90000e+00  4.00000e-01       2.808e+14  9.862868e-01  0.000000e+00  8.972957e-02  1.371316e-02
-4.20000e+00  4.00000e-01       8.445e+14  9.843073e-01  0.000000e+00 -1.080143e-02  1.569269e-02
-3.50000e+00  4.00000e-01       1.383e+15  9.592279e-01  0.000000e+00 -8.328113e-02  4.077209e-02
-2.80000e+00  4.00000e-01       1.852e+15  9.319263e-01  0.000000e+00 -2.878039e-02  6.807371e-02
-2.10000e+00  4.00000e-01       3.135e+15  9.543826e-01  0.000000e+00  1.837951e-02  4.561743e-02
-1.40000e+00  4.00000e-01       4.173e+15  9.751829e-01  0.000000e+00  2.836924e-02  2.481714e-02
-7.00000e-01  4.00000e-01       2.936e+15  9.850549e-01  0.000000e+00  6.095105e-02  1.494515e-02
 0.00000e+00  4.00000e-01       1.510e+15  9.889566e-01  0.000000e+00 -5.835329e-16  1.104344e-02
 7.00000e-01  4.00000e-01       2.936e+15  9.850549e-01  0.000000e+00 -6.095105e-02  1.494515e-02
 1.40000e+00  4.00000e-01       4.173e+15  9.751829e-01  0.000000e+00 -2.836924e-02  2.481714e-02
 2.10000e+00  4.00000e-01       3.135e+15  9.543826e-01  0.000000e+00 -1.837951e-02  4.561743e-02
 2.80000e+00  4.00000e-01       1.852e+15  9.319263e-01  0.000000e+00  2.878039e-02  6.807371e-02
 3.50000e+00  4.00000e-01       1.383e+15  9.592279e-01  0.000000e+00  8.328113e-02  4.077209e-02
 4.20000e+00  4.00000e-01       8.445e+14  9.843073e-01  0.000000e+00  1.080143e-02  1.569269e-02
 4.90000e+00  4.00000e-01       2.808e+14  9.862868e-01  0.000000e+00 -8.972957e-02  1.371316e-02
 5.60000e+00  4.00000e-01       5.015e+13  9.737912e-01  0.000000e+00 -1.886017e-01  2.620878e-02
 6.30000e+00  4.00000e-01       4.977e+12  9.499382e-01  0.000000e+00 -2.851985e-01  5.006184e-02
 7.00000e+00  4.00000e-01       2.772e+11  9.145606e-01  0.000000e+00 -3.809629e-01  8.543942e-02
-7.00000e+00  8.00000e-01       2.047e+11  8.356863e-01  0.000000e+00  5.101682e-01  1.643137e-01
-6.30000e+00  8.00000e-01       3.454e+12  9.054122e-01  0.000000e+00  3.716364e-01  9.458781e-02
-5.60000e+00  8.00000e-01       3.248e+13  9.506178e-01  0.000000e+00  2.148375e-01  4.938217e-02
-4.90000e+00  8.00000e-01       1.676e+14  9.618850e-01  0.000000e+00  4.087607e-02  3.811498e-02
-4.20000e+00  8.00000e-01       4.644e+14  9.151742e-01  0.000000e+00 -1.313230e-01  8.482584e-02
-3.50000e+00  8.00000e-01       7.774e+14  7.913105e-01  0.000000e+00 -1.698233e-01  2.086895e-01
-2.80000e+00  8.00000e-01       1.277e+15  7.514865e-01  0.000000e+00  2.563350e-02  2.485135e-01
-2.10000e+00  8.00000e-01       1.881e+15  7.601737e-01  0.000000e+00  4.523189e-02  2.398263e-01
-1.40000e+00  8.00000e-01       1.637e+15  5.727369e-01  0.000000e+00 -1.461511e-01  4.272631e-01
-7.00000e-01  8.00000e-01       1.015e+15  3.103703e-01  0.000000e+00 -4.597797e-01  6.896297e-01
 0.00000e+00  8.00000e-01       6.605e+14  2.294148e-01  0.000000e+00 -6.048330e-15  7.705852e-01
 7.00000e-01  8.00000e-01       1.015e+15  3.103703e-01  0.000000e+00  4.597797e-01  6.896297e-01
 1.40000e+00  8.00000e-01       1.637e+15  5.727369e-01  0.000000e+00  1.461511e-01  4.272631e-01
 2.10000e+00  8.00000e-01       1.881e+15  7.601737e-01  0.000000e+00 -4.523189e-02  2.398263e-01
 2.80000e+00  8.00000e-01       1.277e+15  7.514865e-01  0.000000e+00 -2.563350e-02  2.485135e-01
 3.50000e+00  8.00000e-01       7.774e+14  7.913105e-01  0.000000e+00  1.698233e-01  2.086895e-01
 4.20000e+00  8.00000e-01       4.644e+14  9.151742e-01  0.000000e+00  1.313230e-01  8.482584e-02
 4.90000e+00  8.00000e-01       1.676e+14  9.618850e-01  0.000000e+00 -4.087607e-02  3.811498e-02
 5.60000e+00  8.00000e-01       3.248e+13  9.506178e-01  0.000000e+00 -2.148375e-01  4.938217e-02
 6.30000e+00  8.00000e-01       3.454e+12  9.054122e-01  0.000000e+00 -3.716364e-01  9.458781e-02
 7.00000e+00  8.00000e-01       2.047e+11  8.356863e-01  0.000000e+00 -5.101682e-01  1.643137e-01
-7.00000e+00  1.20000e+00       8.986e+10  8.843199e-01  0.000000e+00  3.916458e-01  1.156801e-01
-6.30000e+00  1.20000e+00       1.429e+12  9.382446e-01  0.000000e+00  2.137347e-01  6.175542e-02
-5.60000e+00  1.20000e+00       1.238e+13  9.429684e-01  0.000000e+00  1.557354e-03  5.703158e-02
-4.90000e+00  1.20000e+00       5.786e+13  8.597300e-01  0.000000e+00 -2.219929e-01  1.402700e-01
-4.20000e+00  1.20000e+00       1.550e+14  6.399717e-01  0.000000e+00 -3.204628e-01  3.600283e-01
-3.50000e+00  1.20000e+00       3.365e+14  4.889015e-01  0.000000e+00 -5.244720e-02  5.110985e-01
-2.80000e+00  1.20000e+00       7.313e+14  6.194692e-01  0.000000e+00  9.380999e-02  3.805308e-01
-2.10000e+00  1.20000e+00       1.132e+15  6.623717e-01  0.000000e+00 -6.653055e-02  3.376283e-01
-1.40000e+00  1.20000e+00       1.234e+15  6.815398e-01  0.000000e+00 -2.696689e-01  3.184602e-01
-7.00000e-01  1.20000e+00       7.974e+14  7.568779e-01  0.000000e+00 -3.676718e-01  2.431221e-01
 0.00000e+00  1.20000e+00       4.024e+14  8.018873e-01  0.000000e+00 -8.756923e-15  1.981127e-01
 7.00000e-01  1.20000e+00       7.974e+14  7.568779e-01  0.000000e+00  3.676718e-01  2.431221e-01
 1.40000e+00  1.20000e+00       1.234e+15  6.815398e-01  0.000000e+00  2.696689e-01  3.184602e-01
 2.10000e+00  1.20000e+00       1.132e+15  6.623717e-01  0.000000e+00  6.653055e-02  3.376283e-01
 2.80000e+00  1.20000e+00       7.313e+14  6.194692e-01  0.000000e+00 -9.380999e-02  3.805308e-01
 3.50000e+00  1.20000e+00       3.365e+14  4.889015e-01  0.000000e+00  5.244720e-02  5.110985e-01
 4.20000e+00  1.20000e+00       1.550e+14  6.399717e-01  0.000000e+00  3.204628e-01  3.600283e-01
 4.90000e+00  1.20000e+00       5.786e+13  8.597300e-01  0.000000e+00  2.219929e-01  1.402700e-01
 5.60000e+00  1.20000e+00       1.238e+13  9.429684e-01  0.000000e+00 -1.557354e-03  5.703158e-02
 6.30000e+00  1.20000e+00       1.429e+12  9.382446e-01  0.000000e+00 -2.137347e-01  6.175542e-02
 7.00000e+00  1.20000e+00       8.986e+10  8.843199e-01  0.000000e+00 -3.916458e-01  1.156801e-01
-7.00000e+00  1.60000e+00       1.944e+10  9.263804e-01  0.000000e+00 -8.021694e-03  7.361956e-02
-6.30000e+00  1.60000e+00       2.870e+11  8.790166e-01  0.000000e+00 -2.330925e-01  1.209834e-01
-5.60000e+00  1.60000e+00       2.306e+12  6.866570e-01  0.000000e+00 -4.486877e-01  3.133430e-01
-4.90000e+00  1.60000e+00       1.087e+13  3.404357e-01  0.000000e+00 -4.446328e-01  6.595643e-01
-4.20000e+00  1.60000e+00       3.978e+13  1.901803e-01  0.000000e+00 -2.518909e-02  8.098197e-01
-3.50000e+00  1.60000e+00       1.292e+14  4.461584e-01  0.000000e+00  1.900373e-01  5.538416e-01
-2.80000e+00  1.60000e+00       2.827e+14  5.551455e-01  0.000000e+00  5.780426e-02  4.448545e-01
-2.10000e+00  1.60000e+00       4.131e+14  4.098390e-01  0.000000e+00 -2.384082e-02  5.901610e-01
-1.40000e+00  1.60000e+00       5.430e+14  1.625943e-01  0.000000e+00  8.662032e-02  8.374057e-01
-7.00000e-01  1.60000e+00       8.119e+14 -8.779821e-03  0.000000e+00  3.031785e-01  9.912202e-01
 0.00000e+00  1.60000e+00       9.998e+14 -3.314643e-02  0.000000e+00 -3.323772e-15  9.668536e-01
 7.00000e-01  1.60000e+00       8.119e+14 -8.779821e-03  0.000000e+00 -3.031785e-01  9.912202e-01
 1.40000e+00  1.60000e+00       5.430e+14  1.625943e-01  0.000000e+00 -8.662032e-02  8.374057e-01
 2.10000e+00  1.60000e+00       4.131e+14  4.098390e-01  0.000000e+00  2.384082e-02  5.901610e-01
 2.80000e+00  1.60000e+00       2.827e+14  5.551455e-01  0.000000e+00 -5.780426e-02  4.448545e-01
 3.50000e+00  1.60000e+00       1.292e+14  4.461584e-01  0.000000e+00 -1.900373e-01  5.538416e-01
 4.20000e+00  1.60000e+00       3.978e+13  1.901803e-01  0.000000e+00  2.518909e-02  8.098197e-01
 4.90000e+00  1.60000e+00       1.087e+13  3.404357e-01  0.000000e+00  4.446328e-01  6.595643e-01
 5.60000e+00  1.60000e+00       2.306e+12  6.866570e-01  0.000000e+00  4.486877e-01  3.133430e-01
 6.30000e+00  1.60000e+00       2.870e+11  8.790166e-01  0.000000e+00  2.330925e-01  1.209834e-01
 7.00000e+00  1.60000e+00       1.944e+10  9.263804e-01  0.000000e+00  8.021694e-03  7.361956e-02
-7.00000e+00  2.00000e+00       1.926e+09  3.560946e-01  0.000000e+00 -6.115411e-01  6.439054e-01
-6.30000e+00  2.00000e+00       2.574e+10  1.287502e-01  0.000000e+00 -6.348503e-01  8.712498e-01
-5.60000e+00  2.00000e+00       2.454e+11 -1.153290e-01  0.000000e+00 -2.556182e-01  8.846710e-01
-4.90000e+00  2.00000e+00       1.858e+12  1.038057e-01  0.000000e+00  2.641879e-01  8.961943e-01
-4.20000e+00  2.00000e+00       1.018e+13  4.586760e-01  0.000000e+00  2.949193e-01  5.413240e-01
-3.50000e+00  2.00000e+00       3.230e+13  5.182631e-01  0.000000e+00  5.889782e-02  4.817369e-01
-2.80000e+00  2.00000e+00       6.693e+13  4.115117e-01  0.000000e+00 -1.904719e-02  5.884883e-01
-2.10000e+00  2.00000e+00       1.191e+14  4.865898e-01  0.000000e+00  9.263619e-02  5.134102e-01
-1.40000e+00  2.00000e+00       2.116e+14  6.506196e-01  0.000000e+00  2.874956e-02  3.493804e-01
-7.00000e-01  2.00000e+00       3.893e+14  7.661341e-01  0.000000e+00 -1.444118e-01  2.338659e-01
 0.00000e+00  2.00000e+00       5.008e+14  7.933788e-01  0.000000e+00  3.575617e-15  2.066212e-01
 7.00000e-01  2.00000e+00       3.893e+14  7.661341e-01  0.000000e+00  1.444118e-01  2.338659e-01
 1.40000e+00  2.00000e+00       2.116e+14  6.506196e-01  0.000000e+00 -2.874956e-02  3.493804e-01
 2.10000e+00  2.00000e+00       1.191e+14  4.865898e-01  0.000000e+00 -9.263619e-02  5.134102e-01
 2.80000e+00  2.00000e+00       6.693e+13  4.115117e-01  0.000000e+00  1.904719e-02  5.884883e-01
 3.50000e+00  2.00000e+00       3.230e+13  5.182631e-01  0.000000e+00 -5.889782e-02  4.817369e-01
 4.20000e+00  2.00000e+00       1.018e+13  4.586760e-01  0.000000e+00 -2.949193e-01  5.413240e-01
 4.90000e+00  2.00000e+00       1.858e+12  1.038057e-01  0.000000e+00 -2.641879e-01  8.961943e-01
 5.60000e+00  2.00000e+00       2.454e+11 -1.153290e-01  0.000000e+00  2.556182e-01  8.846710e-01
 6.30000e+00  2.00000e+00       2.574e+10  1.287502e-01  0.000000e+00  6.348503e-01  8.712498e-01
 7.00000e+00  2.00000e+00       1.926e+09  3.560946e-01  0.000000e+00  6.115411e-01  6.439054e-01
-7.00000e+00  2.40000e+00       3.618e+08 -5.633202e-01  0.000000e+00 -2.651098e-01  4.366798e-01
-6.30000e+00  2.40000e+00       2.780e+09 -2.728378e-01  0.000000e+00  3.335941e-01  7.271622e-01
-5.60000e+00  2.40000e+00       3.157e+10  2.602648e-01  0.000000e+00  4.633306e-01  7.397352e-01
-4.90000e+00  2.40000e+00       2.502e+11  5.369119e-01  0.000000e+00  1.821910e-01  4.630881e-01
-4.20000e+00  2.40000e+00       1.171e+12  4.451386e-01  0.000000e+00 -8.625969e-02  5.548614e-01
-3.50000e+00  2.40000e+00       3.736e+12  2.747632e-01  0.000000e+00 -4.068994e-02  7.252368e-01
-2.80000e+00  2.40000e+00       9.296e+12  2.847065e-01  0.000000e+00  7.281357e-02  7.152935e-01
-2.10000e+00  2.40000e+00       1.639e+13  1.420676e-01  0.000000e+00  1.128995e-01  8.579324e-01
-1.40000e+00  2.40000e+00       1.813e+13 -2.083282e-01  0.000000e+00  9.544198e-02  7.916718e-01
-7.00000e-01  2.40000e+00       1.056e+13 -4.874280e-01  0.000000e+00 -1.214539e-02  5.125720e-01
 0.00000e+00  2.40000e+00       5.019e+12 -5.402919e-01  0.000000e+00 -3.128645e-15  4.597081e-01
 7.00000e-01  2.40000e+00       1.056e+13 -4.874280e-01  0.000000e+00  1.214539e-02  5.125720e-01
 1.40000e+00  2.40000e+00       1.813e+13 -2.083282e-01  0.000000e+00 -9.544198e-02  7.916718e-01
 2.10000e+00  2.40000e+00       1.639e+13  1.420676e-01  0.000000e+00 -1.128995e-01  8.579324e-01
 2.80000e+00  2.40000e+00       9.296e+12  2.847065e-01  0.000000e+00 -7.281357e-02  7.152935e-01
 3.50000e+00  2.40000e+00       3.736e+12  2.747632e-01  0.000000e+00  4.068994e-02  7.252368e-01
 4.20000e+00  2.40000e+00       1.171e+12  4.451386e-01  0.000000e+00  8.625969e-02  5.548614e-01
 4.90000e+00  2.40000e+00       2.502e+11  5.369119e-01  0.000000e+00 -1.821910e-01  4.630881e-01
 5.60000e+00  2.40000e+00       3.157e+10  2.602648e-01  0.000000e+00 -4.633306e-01  7.397352e-01
 6.30000e+00  2.40000e+00       2.780e+09 -2.728378e-01  0.000000e+00 -3.335941e-01  7.271622e-01
 7.00000e+00  2.40000e+00       3.618e+08 -5.633202e-01  0.000000e+00  2.651098e-01  4.366798e-01
-7.00000e+00  2.80000e+00       2.116e+08 -6.468711e-01  0.000000e+00 -2.014462e-01  3.531289e-01
-6.30000e+00  2.80000e+00       6.548e+08 -3.497181e-01  0.000000e+00  1.286949e-01  6.502819e-01
-5.60000e+00  2.80000e+00       3.010e+09  1.218076e-01  0.000000e+00  4.854517e-02  8.781924e-01
-4.90000e+00  2.80000e+00       1.666e+10  1.276639e-01  0.000000e+00 -6.395680e-02  8.723361e-01
-4.20000e+00  2.80000e+00       8.196e+10  1.556411e-01  0.000000e+00  8.750840e-02  8.443589e-01
-3.50000e+00  2.80000e+00       3.049e+11  2.916619e-01  0.000000e+00  8.823401e-02  7.083381e-01
-2.80000e+00  2.80000e+00       8.091e+11  2.720049e-01  0.000000e+00  8.525830e-02  7.279951e-01
-2.10000e+00  2.80000e+00       1.645e+12  1.312760e-01  0.000000e+00  3.076618e-01  8.687240e-01
-1.40000e+00  2.80000e+00       2.569e+12 -9.107626e-02  0.000000e+00  6.098309e-01  9.089237e-01
-7.00000e-01  2.80000e+00       2.603e+12 -1.771335e-01  0.000000e+00  6.918575e-01  8.228665e-01
 0.00000e+00  2.80000e+00       2.000e+12 -1.568517e-01  0.000000e+00  2.617915e-15  8.431483e-01
 7.00000e-01  2.80000e+00       2.603e+12 -1.771335e-01  0.000000e+00 -6.918575e-01  8.228665e-01
 1.40000e+00  2.80000e+00       2.569e+12 -9.107626e-02  0.000000e+00 -6.098309e-01  9.089237e-01
 2.10000e+00  2.80000e+00       1.645e+12  1.312760e-01  0.000000e+00 -3.076618e-01  8.687240e-01
 2.80000e+00  2.80000e+00       8.091e+11  2.720049e-01  0.000000e+00 -8.525830e-02  7.279951e-01
 3.50000e+00  2.80000e+00       3.049e+11  2.916619e-01  0.000000e+00 -8.823401e-02  7.083381e-01
 4.20000e+00  2.80000e+00       8.196e+10  1.556411e-01  0.000000e+00 -8.750840e-02  8.443589e-01
 4.90000e+00  2.80000e+00       1.666e+10  1.276639e-01  0.000000e+00  6.395680e-02  8.723361e-01
 5.60000e+00  2.80000e+00       3.010e+09  1.218076e-01  0.000000e+00 -4.854517e-02  8.781924e-01
 6.30000e+00  2.80000e+00       6.548e+08 -3.497181e-01  0.000000e+00 -1.286949e-01  6.502819e-01
 7.00000e+00  2.80000e+00       2.116e+08 -6.468711e-01  0.000000e+00  2.014462e-01  3.531289e-01
-7.00000e+00  3.20000e+00       1.678e+08 -7.350148e-01  0.000000e+00 -8.370232e-02  2.649852e-01
-6.30000e+00  3.20000e+00       4.133e+08 -6.277160e-01  0.000000e+00  1.874913e-01  3.722840e-01
-5.60000e+00  3.20000e+00       9.539e+08 -3.768429e-01  0.000000e+00  4.251562e-01  6.231571e-01
-4.90000e+00  3.20000e+00       2.412e+09 -3.516946e-02  0.000000e+00  4.726094e-01  9.648305e-01
-4.20000e+00  3.20000e+00       6.660e+09  2.015791e-01  0.000000e+00  2.986603e-01  7.984209e-01
-3.50000e+00  3.20000e+00       1.879e+10  2.531241e-01  0.000000e+00  1.418349e-01  7.468759e-01
-2.80000e+00  3.20000e+00       5.043e+10  3.494734e-01  0.000000e+00  3.662007e-02  6.505266e-01
-2.10000e+00  3.20000e+00       1.235e+11  6.304640e-01  0.000000e+00  2.911857e-02  3.695360e-01
-1.40000e+00  3.20000e+00       2.294e+11  9.033196e-01  0.000000e+00  1.508900e-01  9.668035e-02
-7.00000e-01  3.20000e+00       2.483e+11  9.413941e-01  0.000000e+00  1.910050e-01  5.860589e-02
 0.00000e+00  3.20000e+00       2.040e+11  8.475969e-01  0.000000e+00  1.671268e-15  1.524031e-01
 7.00000e-01  3.20000e+00       2.483e+11  9.413941e-01  0.000000e+00 -1.910050e-01  5.860589e-02
 1.40000e+00  3.20000e+00       2.294e+11  9.033196e-01  0.000000e+00 -1.508900e-01  9.668035e-02
 2.10000e+00  3.20000e+00       1.235e+11  6.304640e-01  0.000000e+00 -2.911857e-02  3.695360e-01
 2.80000e+00  3.20000e+00       5.043e+10  3.494734e-01  0.000000e+00 -3.662007e-02  6.505266e-01
 3.50000e+00  3.20000e+00       1.879e+10  2.531241e-01  0.000000e+00 -1.418349e-01  7.468759e-01
 4.20000e+00  3.20000e+00       6.660e+09  2.015791e-01  0.000000e+00 -2.986603e-01  7.984209e-01
 4.90000e+00  3.20000e+00       2.412e+09 -3.516946e-02  0.000000e+00 -4.726094e-01  9.648305e-01
 5.60000e+00  3.20000e+00       9.539e+08 -3.768429e-01  0.000000e+00 -4.251562e-01  6.231571e-01
 6.30000e+00  3.20000e+00       4.133e+08 -6.277160e-01  0.000000e+00 -1.874913e-01  3.722840e-01
 7.00000e+00  3.20000e+00       1.678e+08 -7.350148e-01  0.000000e+00  8.370232e-02  2.649852e-01
-7.00000e+00  3.60000e+00       9.968e+07 -7.498690e-01  0.000000e+00  6.849516e-02  2.501310e-01
-6.30000e+00  3.60000e+00       2.667e+08 -6.293174e-01  0.000000e+00  2.737668e-01  3.706826e-01
-5.60000e+00  3.60000e+00       6.131e+08 -3.771991e-01  0.000000e+00  4.830062e-01  6.228009e-01
-4.90000e+00  3.60000e+00       1.484e+09 -9.092108e-02  0.000000e+00  5.772395e-01  9.090789e-01
-4.20000e+00  3.60000e+00       2.996e+09  1.097303e-01  0.000000e+00  5.547567e-01  8.902697e-01
-3.50000e+00  3.60000e+00       4.617e+09  2.752364e-01  0.000000e+00  4.542444e-01  7.247636e-01
-2.80000e+00  3.60000e+00       7.795e+09  5.243438e-01  0.000000e+00  2.858079e-01  4.756562e-01
-2.10000e+00  3.60000e+00       2.221e+10  9.622624e-01  0.000000e+00  2.366892e-01  3.773758e-02
-1.40000e+00  3.60000e+00       7.332e+10  8.698527e-01  0.000000e+00  2.342081e-01  1.301473e-01
-7.00000e-01  3.60000e+00       1.195e+11  8.077099e-01  0.000000e+00  1.664692e-01  1.922901e-01
 0.00000e+00  3.60000e+00       1.203e+11  7.531539e-01  0.000000e+00  1.842513e-15  2.468461e-01
 7.00000e-01  3.60000e+00       1.195e+11  8.077099e-01  0.000000e+00 -1.664692e-01  1.922901e-01
 1.40000e+00  3.60000e+00       7.332e+10  8.698527e-01  0.000000e+00 -2.342081e-01  1.301473e-01
 2.10000e+00  3.60000e+00       2.221e+10  9.622624e-01  0.000000e+00 -2.366892e-01  3.773758e-02
 2.80000e+00  3.60000e+00       7.795e+09  5.243438e-01  0.000000e+00 -2.858079e-01  4.756562e-01
 3.50000e+00  3.60000e+00       4.617e+09  2.752364e-01  0.000000e+00 -4.542444e-01  7.247636e-01
 4.20000e+00  3.60000e+00       2.996e+09  1.097303e-01  0.000000e+00 -5.547567e-01  8.902697e-01
 4.90000e+00  3.60000e+00       1.484e+09 -9.092108e-02  0.000000e+00 -5.772395e-01  9.090789e-01
 5.60000e+00  3.60000e+00       6.131e+08 -3.771991e-01  0.000000e+00 -4.830062e-01  6.228009e-01
 6.30000e+00  3.60000e+00       2.667e+08 -6.293174e-01  0.000000e+00 -2.737668e-01  3.706826e-01
 7.00000e+00  3.60000e+00       9.968e+07 -7.498690e-01  0.000000e+00 -6.849516e-02  2.501310e-01
-7.00000e+00  4.00000e+00       5.282e+07 -7.145027e-01  0.000000e+00  2.400738e-01  2.854973e-01
-6.30000e+00  4.00000e+00       1.818e+08 -5.965784e-01  0.000000e+00  3.804676e-01  4.034216e-01
-5.60000e+00  4.00000e+00       4.282e+08 -4.051809e-01  0.000000e+00  5.210278e-01  5.948191e-01
-4.90000e+00  4.00000e+00       8.042e+08 -1.714733e-01  0.000000e+00  5.909392e-01  8.285267e-01
-4.20000e+00  4.00000e+00       1.378e+09  7.765715e-02  0.000000e+00  5.693708e-01  9.223428e-01
-3.50000e+00  4.00000e+00       2.361e+09  2.778099e-01  0.000000e+00  4.815869e-01  7.221901e-01
-2.80000e+00  4.00000e+00       4.450e+09  5.926780e-01  0.000000e+00  3.153420e-01  4.073220e-01
-2.10000e+00  4.00000e+00       1.613e+10  9.318704e-01  0.000000e+00  2.112364e-01  6.812957e-02
-1.40000e+00  4.00000e+00       5.876e+10  8.333035e-01  0.000000e+00  1.926776e-01  1.666965e-01
-7.00000e-01  4.00000e+00       9.799e+10  7.928036e-01  0.000000e+00  1.339738e-01  2.071964e-01
 0.00000e+00  4.00000e+00       9.950e+10  7.456046e-01  0.000000e+00  1.556136e-15  2.543954e-01
 7.00000e-01  4.00000e+00       9.799e+10  7.928036e-01  0.000000e+00 -1.339738e-01  2.071964e-01
 1.40000e+00  4.00000e+00       5.876e+10  8.333035e-01  0.000000e+00 -1.926776e-01  1.666965e-01
 2.10000e+00  4.00000e+00       1.613e+10  9.318704e-01  0.000000e+00 -2.112364e-01  6.812957e-02
 2.80000e+00  4.00000e+00       4.450e+09  5.926780e-01  0.000000e+00 -3.153420e-01  4.073220e-01
 3.50000e+00  4.00000e+00       2.361e+09  2.778099e-01  0.000000e+00 -4.815869e-01  7.221901e-01
 4.20000e+00  4.00000e+00       1.378e+09  7.765715e-02  0.000000e+00 -5.693708e-01  9.223428e-01
 4.90000e+00  4.00000e+00       8.042e+08 -1.714733e-01  0.000000e+00 -5.909392e-01  8.285267e-01
 5.60000e+00  4.00000e+00       4.282e+08 -4.051809e-01  0.000000e+00 -5.210278e-01  5.948191e-01
 6.30000e+00  4.00000e+00       1.818e+08 -5.965784e-01  0.000000e+00 -3.804676e-01  4.034216e-01
 7.00000e+00  4.00000e+00       5.282e+07 -7.145027e-01  0.000000e+00 -2.400738e-01  2.854973e-01
