 EB(GeV)    EMITTANCEx EMITTANCEy SIZEx(m)   SIZEy(m)   DIVx(rad)  DIVy(rad)
 2.411e+00  5.499e-09  1.017e-12  8.711e-05  1.009e-06  6.313e-05  1.009e-06
 betax      alphax     betay      alphay     eta        deta       E_spread  
 1.380e+00  0.000e+00  1.000e+00  0.000e+00  0.000e+00  0.000e+00  8.600e-04
 Ibeam(A)   period(cm) #periods   Kx         Ky         Energy(eV)
 4.005e-01  1.900e+00         96  0.000e+00  1.780e+00  9.604e+03


           x            y       F.Density            PL            PC          PL45        1-|PL|
          mm           mm  ph/s/mr^2/0.1%             -             -             -             -
-7.00000e+00 -4.00000e+00       3.549e+07 -6.832153e-01  0.000000e+00 -3.041090e-01  3.167847e-01
-6.30000e+00 -4.00000e+00       1.481e+08 -5.830628e-01  0.000000e+00 -4.041542e-01  4.169372e-01
-5.60000e+00 -4.00000e+00       3.752e+08 -3.720586e-01  0.000000e+00 -5.205929e-01  6.279414e-01
-4.90000e+00 -4.00000e+00       8.796e+08  5.936682e-02  0.000000e+00 -5.171470e-01  9.406332e-01
-4.20000e+00 -4.00000e+00       1.744e+09  3.659363e-01  0.000000e+00 -4.149367e-01  6.340637e-01
-3.50000e+00 -4.00000e+00       7.626e+08 -1.420927e-01  0.000000e+00 -8.675016e-01  8.579073e-01
-2.80000e+00 -4.00000e+00       2.625e+09  7.956805e-01  0.000000e+00 -4.976249e-01  2.043195e-01
-2.10000e+00 -4.00000e+00       7.582e+09  4.164009e-01  0.000000e+00 -4.245100e-01  5.835991e-01
-1.40000e+00 -4.00000e+00       1.827e+10 -2.718807e-02  0.000000e+00 -8.963205e-03  9.728119e-01
-7.00000e-01 -4.00000e+00       2.900e+10 -5.179677e-01  0.000000e+00  2.841574e-01  4.820323e-01
 0.00000e+00 -4.00000e+00       4.573e+10 -3.833622e-01  0.000000e+00 -8.313083e-16  6.166378e-01
 7.00000e-01 -4.00000e+00       2.900e+10 -5.179677e-01  0.000000e+00 -2.841574e-01  4.820323e-01
 1.40000e+00 -4.00000e+00       1.827e+10 -2.718807e-02  0.000000e+00  8.963205e-03  9.728119e-01
 2.10000e+00 -4.00000e+00       7.582e+09  4.164009e-01  0.000000e+00  4.245100e-01  5.835991e-01
 2.80000e+00 -4.00000e+00       2.625e+09  7.956805e-01  0.000000e+00  4.976249e-01  2.043195e-01
 3.50000e+00 -4.00000e+00       7.626e+08 -1.420927e-01  0.000000e+00  8.675016e-01  8.579073e-01
 4.20000e+00 -4.00000e+00       1.744e+09  3.659363e-01  0.000000e+00  4.149367e-01  6.340637e-01
 4.90000e+00 -4.00000e+00       8.796e+08  5.936682e-02  0.000000e+00  5.171470e-01  9.406332e-01
 5.60000e+00 -4.00000e+00       3.752e+08 -3.720586e-01  0.000000e+00  5.205929e-01  6.279414e-01
 6.30000e+00 -4.00000e+00       1.481e+08 -5.830628e-01  0.000000e+00  4.041542e-01  4.169372e-01
 7.00000e+00 -4.00000e+00       3.549e+07 -6.832153e-01  0.000000e+00  3.041090e-01  3.167847e-01
-7.00000e+00 -3.60000e+00       9.169e+07 -7.497456e-01  0.000000e+00 -8.567180e-02  2.502544e-01
-6.30000e+00 -3.60000e+00       2.511e+08 -6.361187e-01  0.000000e+00 -2.684538e-01  3.638813e-01
-5.60000e+00 -3.60000e+00       5.332e+08 -4.020612e-01  0.000000e+00 -4.677721e-01  5.979388e-01
-4.90000e+00 -3.60000e+00       1.128e+09  2.192911e-02  0.000000e+00 -5.014290e-01  9.780709e-01
-4.20000e+00 -3.60000e+00       2.174e+09  3.657105e-01  0.000000e+00 -3.775789e-01  6.342895e-01
-3.50000e+00 -3.60000e+00       1.675e+09  9.894719e-02  0.000000e+00 -5.092086e-01  9.010528e-01
-2.80000e+00 -3.60000e+00       2.484e+09  2.242262e-01  0.000000e+00 -8.559135e-01  7.757738e-01
-2.10000e+00 -3.60000e+00       8.126e+09  1.075849e-01  0.000000e+00 -6.180052e-01  8.924151e-01
-1.40000e+00 -3.60000e+00       2.099e+10 -2.180565e-01  0.000000e+00 -1.597730e-02  7.819435e-01
-7.00000e-01 -3.60000e+00       4.268e+10 -3.713907e-01  0.000000e+00  2.947191e-01  6.286093e-01
 0.00000e+00 -3.60000e+00       6.714e+10 -2.483521e-01  0.000000e+00 -1.318874e-15  7.516479e-01
 7.00000e-01 -3.60000e+00       4.268e+10 -3.713907e-01  0.000000e+00 -2.947191e-01  6.286093e-01
 1.40000e+00 -3.60000e+00       2.099e+10 -2.180565e-01  0.000000e+00  1.597730e-02  7.819435e-01
 2.10000e+00 -3.60000e+00       8.126e+09  1.075849e-01  0.000000e+00  6.180052e-01  8.924151e-01
 2.80000e+00 -3.60000e+00       2.484e+09  2.242262e-01  0.000000e+00  8.559135e-01  7.757738e-01
 3.50000e+00 -3.60000e+00       1.675e+09  9.894719e-02  0.000000e+00  5.092086e-01  9.010528e-01
 4.20000e+00 -3.60000e+00       2.174e+09  3.657105e-01  0.000000e+00  3.775789e-01  6.342895e-01
 4.90000e+00 -3.60000e+00       1.128e+09  2.192911e-02  0.000000e+00  5.014290e-01  9.780709e-01
 5.60000e+00 -3.60000e+00       5.332e+08 -4.020612e-01  0.000000e+00  4.677721e-01  5.979388e-01
 6.30000e+00 -3.60000e+00       2.511e+08 -6.361187e-01  0.000000e+00  2.684538e-01  3.638813e-01
 7.00000e+00 -3.60000e+00       9.169e+07 -7.497456e-01  0.000000e+00  8.567180e-02  2.502544e-01
-7.00000e+00 -3.20000e+00       1.296e+08 -7.329851e-01  0.000000e+00  6.638400e-02  2.670149e-01
-6.30000e+00 -3.20000e+00       3.405e+08 -6.214417e-01  0.000000e+00 -2.016716e-01  3.785583e-01
-5.60000e+00 -3.20000e+00       8.067e+08 -3.633856e-01  0.000000e+00 -4.366204e-01  6.366144e-01
-4.90000e+00 -3.20000e+00       2.035e+09  4.740960e-02  0.000000e+00 -4.661505e-01  9.525904e-01
-4.20000e+00 -3.20000e+00       4.896e+09  2.915172e-01  0.000000e+00 -2.998116e-01  7.084828e-01
-3.50000e+00 -3.20000e+00       8.787e+09  1.783700e-01  0.000000e+00 -1.678823e-01  8.216300e-01
-2.80000e+00 -3.20000e+00       1.861e+10  5.148850e-02  0.000000e+00 -9.015692e-02  9.485115e-01
-2.10000e+00 -3.20000e+00       4.291e+10  5.224679e-02  0.000000e+00  1.285582e-01  9.477532e-01
-1.40000e+00 -3.20000e+00       7.025e+10  1.980536e-02  0.000000e+00  4.487805e-01  9.801946e-01
-7.00000e-01 -3.20000e+00       1.118e+11  6.670901e-02  0.000000e+00  3.994731e-01  9.332910e-01
 0.00000e+00 -3.20000e+00       1.357e+11 -1.164420e-03  0.000000e+00 -1.758682e-15  9.988356e-01
 7.00000e-01 -3.20000e+00       1.118e+11  6.670901e-02  0.000000e+00 -3.994731e-01  9.332910e-01
 1.40000e+00 -3.20000e+00       7.025e+10  1.980536e-02  0.000000e+00 -4.487805e-01  9.801946e-01
 2.10000e+00 -3.20000e+00       4.291e+10  5.224679e-02  0.000000e+00 -1.285582e-01  9.477532e-01
 2.80000e+00 -3.20000e+00       1.861e+10  5.148850e-02  0.000000e+00  9.015692e-02  9.485115e-01
 3.50000e+00 -3.20000e+00       8.787e+09  1.783700e-01  0.000000e+00  1.678823e-01  8.216300e-01
 4.20000e+00 -3.20000e+00       4.896e+09  2.915172e-01  0.000000e+00  2.998116e-01  7.084828e-01
 4.90000e+00 -3.20000e+00       2.035e+09  4.740960e-02  0.000000e+00  4.661505e-01  9.525904e-01
 5.60000e+00 -3.20000e+00       8.067e+08 -3.633856e-01  0.000000e+00  4.366204e-01  6.366144e-01
 6.30000e+00 -3.20000e+00       3.405e+08 -6.214417e-01  0.000000e+00  2.016716e-01  3.785583e-01
 7.00000e+00 -3.20000e+00       1.296e+08 -7.329851e-01  0.000000e+00 -6.638400e-02  2.670149e-01
-7.00000e+00 -2.80000e+00       1.928e+08 -6.683101e-01  0.000000e+00  2.281950e-01  3.316899e-01
-6.30000e+00 -2.80000e+00       5.117e+08 -4.797189e-01  0.000000e+00 -8.510714e-02  5.202811e-01
-5.60000e+00 -2.80000e+00       1.831e+09 -9.989334e-02  0.000000e+00 -1.334970e-01  9.001067e-01
-4.90000e+00 -2.80000e+00       9.233e+09  7.031874e-02  0.000000e+00 -1.167552e-01  9.296813e-01
-4.20000e+00 -2.80000e+00       4.600e+10  2.292879e-01  0.000000e+00 -1.447354e-01  7.707121e-01
-3.50000e+00 -2.80000e+00       1.683e+11  2.990715e-01  0.000000e+00 -3.835386e-02  7.009285e-01
-2.80000e+00 -2.80000e+00       4.558e+11  2.635535e-01  0.000000e+00 -7.315061e-02  7.364465e-01
-2.10000e+00 -2.80000e+00       9.415e+11  1.545904e-01  0.000000e+00 -3.154555e-01  8.454096e-01
-1.40000e+00 -2.80000e+00       1.319e+12 -1.155872e-01  0.000000e+00 -5.816142e-01  8.844128e-01
-7.00000e-01 -2.80000e+00       1.100e+12 -2.914011e-01  0.000000e+00 -5.816645e-01  7.085989e-01
 0.00000e+00 -2.80000e+00       7.680e+11 -2.837441e-01  0.000000e+00  8.436171e-15  7.162559e-01
 7.00000e-01 -2.80000e+00       1.100e+12 -2.914011e-01  0.000000e+00  5.816645e-01  7.085989e-01
 1.40000e+00 -2.80000e+00       1.319e+12 -1.155872e-01  0.000000e+00  5.816142e-01  8.844128e-01
 2.10000e+00 -2.80000e+00       9.415e+11  1.545904e-01  0.000000e+00  3.154555e-01  8.454096e-01
 2.80000e+00 -2.80000e+00       4.558e+11  2.635535e-01  0.000000e+00  7.315061e-02  7.364465e-01
 3.50000e+00 -2.80000e+00       1.683e+11  2.990715e-01  0.000000e+00  3.835386e-02  7.009285e-01
 4.20000e+00 -2.80000e+00       4.600e+10  2.292879e-01  0.000000e+00  1.447354e-01  7.707121e-01
 4.90000e+00 -2.80000e+00       9.233e+09  7.031874e-02  0.000000e+00  1.167552e-01  9.296813e-01
 5.60000e+00 -2.80000e+00       1.831e+09 -9.989334e-02  0.000000e+00  1.334970e-01  9.001067e-01
 6.30000e+00 -2.80000e+00       5.117e+08 -4.797189e-01  0.000000e+00  8.510714e-02  5.202811e-01
 7.00000e+00 -2.80000e+00       1.928e+08 -6.683101e-01  0.000000e+00 -2.281950e-01  3.316899e-01
-7.00000e+00 -2.40000e+00       2.685e+08 -5.433321e-01  0.000000e+00  2.395116e-01  4.566679e-01
-6.30000e+00 -2.40000e+00       1.718e+09 -1.093773e-01  0.000000e+00 -3.963266e-01  8.906227e-01
-5.60000e+00 -2.40000e+00       1.823e+10  4.024265e-01  0.000000e+00 -3.909696e-01  5.975735e-01
-4.90000e+00 -2.40000e+00       1.390e+11  5.088464e-01  0.000000e+00 -4.622494e-02  4.911536e-01
-4.20000e+00 -2.40000e+00       6.716e+11  3.076783e-01  0.000000e+00  1.109123e-01  6.923217e-01
-3.50000e+00 -2.40000e+00       2.318e+12  2.159965e-01  0.000000e+00 -2.816217e-02  7.840035e-01
-2.80000e+00 -2.40000e+00       5.888e+12  2.648148e-01  0.000000e+00 -8.591462e-02  7.351852e-01
-2.10000e+00 -2.40000e+00       1.103e+13  1.327356e-01  0.000000e+00 -1.346861e-01  8.672644e-01
-1.40000e+00 -2.40000e+00       1.804e+13 -1.117346e-02  0.000000e+00 -3.641777e-01  9.888265e-01
-7.00000e-01 -2.40000e+00       2.661e+13  8.663664e-02  0.000000e+00 -4.959943e-01  9.133634e-01
 0.00000e+00 -2.40000e+00       2.928e+13  1.661416e-01  0.000000e+00 -1.478796e-14  8.338584e-01
 7.00000e-01 -2.40000e+00       2.661e+13  8.663664e-02  0.000000e+00  4.959943e-01  9.133634e-01
 1.40000e+00 -2.40000e+00       1.804e+13 -1.117346e-02  0.000000e+00  3.641777e-01  9.888265e-01
 2.10000e+00 -2.40000e+00       1.103e+13  1.327356e-01  0.000000e+00  1.346861e-01  8.672644e-01
 2.80000e+00 -2.40000e+00       5.888e+12  2.648148e-01  0.000000e+00  8.591462e-02  7.351852e-01
 3.50000e+00 -2.40000e+00       2.318e+12  2.159965e-01  0.000000e+00  2.816217e-02  7.840035e-01
 4.20000e+00 -2.40000e+00       6.716e+11  3.076783e-01  0.000000e+00 -1.109123e-01  6.923217e-01
 4.90000e+00 -2.40000e+00       1.390e+11  5.088464e-01  0.000000e+00  4.622494e-02  4.911536e-01
 5.60000e+00 -2.40000e+00       1.823e+10  4.024265e-01  0.000000e+00  3.909696e-01  5.975735e-01
 6.30000e+00 -2.40000e+00       1.718e+09 -1.093773e-01  0.000000e+00  3.963266e-01  8.906227e-01
 7.00000e+00 -2.40000e+00       2.685e+08 -5.433321e-01  0.000000e+00 -2.395116e-01  4.566679e-01
-7.00000e+00 -2.00000e+00       1.047e+09  1.014127e-01  0.000000e+00  6.377334e-01  8.985873e-01
-6.30000e+00 -2.00000e+00       1.391e+10 -1.150015e-01  0.000000e+00  4.705375e-01  8.849985e-01
-5.60000e+00 -2.00000e+00       1.527e+11 -1.819875e-01  0.000000e+00 -4.378709e-02  8.180125e-01
-4.90000e+00 -2.00000e+00       1.272e+12  1.915246e-01  0.000000e+00 -3.565412e-01  8.084754e-01
-4.20000e+00 -2.00000e+00       6.779e+12  5.052513e-01  0.000000e+00 -2.072656e-01  4.947487e-01
-3.50000e+00 -2.00000e+00       2.116e+13  4.956392e-01  0.000000e+00  1.605799e-02  5.043608e-01
-2.80000e+00 -2.00000e+00       4.633e+13  3.904950e-01  0.000000e+00 -1.883769e-02  6.095050e-01
-2.10000e+00 -2.00000e+00       8.060e+13  3.208569e-01  0.000000e+00 -2.185770e-01  6.791431e-01
-1.40000e+00 -2.00000e+00       1.003e+14  4.141671e-02  0.000000e+00 -5.024222e-01  9.585833e-01
-7.00000e-01 -2.00000e+00       8.073e+13 -2.644875e-01  0.000000e+00 -6.337472e-01  7.355125e-01
 0.00000e+00 -2.00000e+00       5.505e+13 -3.747454e-01  0.000000e+00  1.314782e-14  6.252546e-01
 7.00000e-01 -2.00000e+00       8.073e+13 -2.644875e-01  0.000000e+00  6.337472e-01  7.355125e-01
 1.40000e+00 -2.00000e+00       1.003e+14  4.141671e-02  0.000000e+00  5.024222e-01  9.585833e-01
 2.10000e+00 -2.00000e+00       8.060e+13  3.208569e-01  0.000000e+00  2.185770e-01  6.791431e-01
 2.80000e+00 -2.00000e+00       4.633e+13  3.904950e-01  0.000000e+00  1.883769e-02  6.095050e-01
 3.50000e+00 -2.00000e+00       2.116e+13  4.956392e-01  0.000000e+00 -1.605799e-02  5.043608e-01
 4.20000e+00 -2.00000e+00       6.779e+12  5.052513e-01  0.000000e+00  2.072656e-01  4.947487e-01
 4.90000e+00 -2.00000e+00       1.272e+12  1.915246e-01  0.000000e+00  3.565412e-01  8.084754e-01
 5.60000e+00 -2.00000e+00       1.527e+11 -1.819875e-01  0.000000e+00  4.378709e-02  8.180125e-01
 6.30000e+00 -2.00000e+00       1.391e+10 -1.150015e-01  0.000000e+00 -4.705375e-01  8.849985e-01
 7.00000e+00 -2.00000e+00       1.047e+09  1.014127e-01  0.000000e+00 -6.377334e-01  8.985873e-01
-7.00000e+00 -1.60000e+00       1.078e+10  8.947760e-01  0.000000e+00  1.528364e-01  1.052240e-01
-6.30000e+00 -1.60000e+00       1.638e+11  8.022533e-01  0.000000e+00  3.674085e-01  1.977467e-01
-5.60000e+00 -1.60000e+00       1.360e+12  5.379199e-01  0.000000e+00  5.205437e-01  4.620801e-01
-4.90000e+00 -1.60000e+00       7.020e+12  1.939859e-01  0.000000e+00  3.393399e-01  8.060141e-01
-4.20000e+00 -1.60000e+00       3.010e+13  2.301873e-01  0.000000e+00 -1.178573e-01  7.698127e-01
-3.50000e+00 -1.60000e+00       1.029e+14  5.100729e-01  0.000000e+00 -1.761222e-01  4.899271e-01
-2.80000e+00 -1.60000e+00       2.236e+14  5.683250e-01  0.000000e+00 -1.748301e-03  4.316750e-01
-2.10000e+00 -1.60000e+00       3.726e+14  5.839260e-01  0.000000e+00  1.276245e-01  4.160740e-01
-1.40000e+00 -1.60000e+00       5.566e+14  7.582983e-01  0.000000e+00  2.341959e-01  2.417017e-01
-7.00000e-01 -1.60000e+00       5.183e+14  8.832622e-01  0.000000e+00  2.321489e-01  1.167378e-01
 0.00000e+00 -1.60000e+00       3.565e+14  9.186526e-01  0.000000e+00 -3.719293e-16  8.134737e-02
 7.00000e-01 -1.60000e+00       5.183e+14  8.832622e-01  0.000000e+00 -2.321489e-01  1.167378e-01
 1.40000e+00 -1.60000e+00       5.566e+14  7.582983e-01  0.000000e+00 -2.341959e-01  2.417017e-01
 2.10000e+00 -1.60000e+00       3.726e+14  5.839260e-01  0.000000e+00 -1.276245e-01  4.160740e-01
 2.80000e+00 -1.60000e+00       2.236e+14  5.683250e-01  0.000000e+00  1.748301e-03  4.316750e-01
 3.50000e+00 -1.60000e+00       1.029e+14  5.100729e-01  0.000000e+00  1.761222e-01  4.899271e-01
 4.20000e+00 -1.60000e+00       3.010e+13  2.301873e-01  0.000000e+00  1.178573e-01  7.698127e-01
 4.90000e+00 -1.60000e+00       7.020e+12  1.939859e-01  0.000000e+00 -3.393399e-01  8.060141e-01
 5.60000e+00 -1.60000e+00       1.360e+12  5.379199e-01  0.000000e+00 -5.205437e-01  4.620801e-01
 6.30000e+00 -1.60000e+00       1.638e+11  8.022533e-01  0.000000e+00 -3.674085e-01  1.977467e-01
 7.00000e+00 -1.60000e+00       1.078e+10  8.947760e-01  0.000000e+00 -1.528364e-01  1.052240e-01
-7.00000e+00 -1.20000e+00       5.807e+10  9.188297e-01  0.000000e+00 -2.953428e-01  8.117034e-02
-6.30000e+00 -1.20000e+00       9.604e+11  9.520229e-01  0.000000e+00 -1.142605e-01  4.797707e-02
-5.60000e+00 -1.20000e+00       8.464e+12  9.274881e-01  0.000000e+00  9.878010e-02  7.251185e-02
-4.90000e+00 -1.20000e+00       3.964e+13  7.995204e-01  0.000000e+00  3.016078e-01  2.004796e-01
-4.20000e+00 -1.20000e+00       1.110e+14  5.507076e-01  0.000000e+00  2.974390e-01  4.492924e-01
-3.50000e+00 -1.20000e+00       2.775e+14  4.966869e-01  0.000000e+00 -2.964278e-02  5.033131e-01
-2.80000e+00 -1.20000e+00       6.422e+14  6.623068e-01  0.000000e+00 -8.799953e-02  3.376932e-01
-2.10000e+00 -1.20000e+00       1.117e+15  7.593589e-01  0.000000e+00 -9.313372e-03  2.406411e-01
-1.40000e+00 -1.20000e+00       1.755e+15  8.818668e-01  0.000000e+00 -7.134449e-02  1.181332e-01
-7.00000e-01 -1.20000e+00       1.930e+15  9.517897e-01  0.000000e+00 -1.236885e-01  4.821028e-02
 0.00000e+00 -1.20000e+00       1.574e+15  9.653528e-01  0.000000e+00 -4.877468e-15  3.464717e-02
 7.00000e-01 -1.20000e+00       1.930e+15  9.517897e-01  0.000000e+00  1.236885e-01  4.821028e-02
 1.40000e+00 -1.20000e+00       1.755e+15  8.818668e-01  0.000000e+00  7.134449e-02  1.181332e-01
 2.10000e+00 -1.20000e+00       1.117e+15  7.593589e-01  0.000000e+00  9.313372e-03  2.406411e-01
 2.80000e+00 -1.20000e+00       6.422e+14  6.623068e-01  0.000000e+00  8.799953e-02  3.376932e-01
 3.50000e+00 -1.20000e+00       2.775e+14  4.966869e-01  0.000000e+00  2.964278e-02  5.033131e-01
 4.20000e+00 -1.20000e+00       1.110e+14  5.507076e-01  0.000000e+00 -2.974390e-01  4.492924e-01
 4.90000e+00 -1.20000e+00       3.964e+13  7.995204e-01  0.000000e+00 -3.016078e-01  2.004796e-01
 5.60000e+00 -1.20000e+00       8.464e+12  9.274881e-01  0.000000e+00 -9.878010e-02  7.251185e-02
 6.30000e+00 -1.20000e+00       9.604e+11  9.520229e-01  0.000000e+00  1.142605e-01  4.797707e-02
 7.00000e+00 -1.20000e+00       5.807e+10  9.188297e-01  0.000000e+00  2.953428e-01  8.117034e-02
-7.00000e+00 -8.00000e-01       1.589e+11  8.765595e-01  0.000000e+00 -4.420175e-01  1.234405e-01
-6.30000e+00 -8.00000e-01       2.753e+12  9.291233e-01  0.000000e+00 -3.153719e-01  7.087665e-02
-5.60000e+00 -8.00000e-01       2.496e+13  9.605228e-01  0.000000e+00 -1.720843e-01  3.947716e-02
-4.90000e+00 -8.00000e-01       1.178e+14  9.569410e-01  0.000000e+00 -6.196746e-03  4.305901e-02
-4.20000e+00 -8.00000e-01       3.021e+14  8.791442e-01  0.000000e+00  1.576304e-01  1.208558e-01
-3.50000e+00 -8.00000e-01       5.556e+14  7.382069e-01  0.000000e+00  1.179602e-01  2.617931e-01
-2.80000e+00 -8.00000e-01       1.142e+15  7.585321e-01  0.000000e+00 -3.898075e-02  2.414679e-01
-2.10000e+00 -8.00000e-01       2.045e+15  8.325918e-01  0.000000e+00  3.217979e-02  1.674082e-01
-1.40000e+00 -8.00000e-01       3.273e+15  8.968167e-01  0.000000e+00  5.555664e-02  1.031833e-01
-7.00000e-01 -8.00000e-01       6.993e+15  9.353235e-01  0.000000e+00 -6.698898e-03  6.467648e-02
 0.00000e+00 -8.00000e-01       1.067e+16  9.383127e-01  0.000000e+00 -3.013075e-18  6.168730e-02
 7.00000e-01 -8.00000e-01       6.993e+15  9.353235e-01  0.000000e+00  6.698898e-03  6.467648e-02
 1.40000e+00 -8.00000e-01       3.273e+15  8.968167e-01  0.000000e+00 -5.555664e-02  1.031833e-01
 2.10000e+00 -8.00000e-01       2.045e+15  8.325918e-01  0.000000e+00 -3.217979e-02  1.674082e-01
 2.80000e+00 -8.00000e-01       1.142e+15  7.585321e-01  0.000000e+00  3.898075e-02  2.414679e-01
 3.50000e+00 -8.00000e-01       5.556e+14  7.382069e-01  0.000000e+00 -1.179602e-01  2.617931e-01
 4.20000e+00 -8.00000e-01       3.021e+14  8.791442e-01  0.000000e+00 -1.576304e-01  1.208558e-01
 4.90000e+00 -8.00000e-01       1.178e+14  9.569410e-01  0.000000e+00  6.196746e-03  4.305901e-02
 5.60000e+00 -8.00000e-01       2.496e+13  9.605228e-01  0.000000e+00  1.720843e-01  3.947716e-02
 6.30000e+00 -8.00000e-01       2.753e+12  9.291233e-01  0.000000e+00  3.153719e-01  7.087665e-02
 7.00000e+00 -8.00000e-01       1.589e+11  8.765595e-01  0.000000e+00  4.420175e-01  1.234405e-01
-7.00000e+00 -4.00000e-01       2.169e+11  9.337261e-01  0.000000e+00 -3.354350e-01  6.627391e-02
-6.30000e+00 -4.00000e-01       4.049e+12  9.617291e-01  0.000000e+00 -2.461050e-01  3.827092e-02
-5.60000e+00 -4.00000e-01       4.156e+13  9.801844e-01  0.000000e+00 -1.542842e-01  1.981563e-02
-4.90000e+00 -4.00000e-01       2.314e+14  9.881925e-01  0.000000e+00 -5.853440e-02  1.180749e-02
-4.20000e+00 -4.00000e-01       6.765e+14  9.809919e-01  0.000000e+00  3.812875e-02  1.900806e-02
-3.50000e+00 -4.00000e-01       1.101e+15  9.498992e-01  0.000000e+00  8.970647e-02  5.010078e-02
-2.80000e+00 -4.00000e-01       1.619e+15  9.288528e-01  0.000000e+00  1.253341e-03  7.114720e-02
-2.10000e+00 -4.00000e-01       2.461e+15  9.366234e-01  0.000000e+00 -6.974413e-02  6.337663e-02
-1.40000e+00 -4.00000e-01       2.253e+15  8.919432e-01  0.000000e+00 -1.885841e-01  1.080568e-01
-7.00000e-01 -4.00000e-01       1.335e+15  7.745099e-01  0.000000e+00 -3.875553e-01  2.254901e-01
 0.00000e+00 -4.00000e-01       8.866e+14  6.960739e-01  0.000000e+00  3.261296e-16  3.039261e-01
 7.00000e-01 -4.00000e-01       1.335e+15  7.745099e-01  0.000000e+00  3.875553e-01  2.254901e-01
 1.40000e+00 -4.00000e-01       2.253e+15  8.919432e-01  0.000000e+00  1.885841e-01  1.080568e-01
 2.10000e+00 -4.00000e-01       2.461e+15  9.366234e-01  0.000000e+00  6.974413e-02  6.337663e-02
 2.80000e+00 -4.00000e-01       1.619e+15  9.288528e-01  0.000000e+00 -1.253341e-03  7.114720e-02
 3.50000e+00 -4.00000e-01       1.101e+15  9.498992e-01  0.000000e+00 -8.970647e-02  5.010078e-02
 4.20000e+00 -4.00000e-01       6.765e+14  9.809919e-01  0.000000e+00 -3.812875e-02  1.900806e-02
 4.90000e+00 -4.00000e-01       2.314e+14  9.881925e-01  0.000000e+00  5.853440e-02  1.180749e-02
 5.60000e+00 -4.00000e-01       4.156e+13  9.801844e-01  0.000000e+00  1.542842e-01  1.981563e-02
 6.30000e+00 -4.00000e-01       4.049e+12  9.617291e-01  0.000000e+00  2.461050e-01  3.827092e-02
 7.00000e+00 -4.00000e-01       2.169e+11  9.337261e-01  0.000000e+00  3.354350e-01  6.627391e-02
-7.00000e+00  0.00000e+00       2.345e+11  9.999455e-01  0.000000e+00 -1.187109e-13  5.449199e-05
-6.30000e+00  0.00000e+00       4.511e+12  9.999689e-01  0.000000e+00 -4.681811e-13  3.107569e-05
-5.60000e+00  0.00000e+00       4.772e+13  9.999840e-01  0.000000e+00 -1.093074e-12  1.600350e-05
-4.90000e+00  0.00000e+00       2.745e+14  9.999914e-01  0.000000e+00 -1.590354e-12  8.644970e-06
-4.20000e+00  0.00000e+00       8.295e+14  9.999891e-01  0.000000e+00 -1.479900e-12  1.090131e-05
-3.50000e+00  0.00000e+00       1.350e+15  9.999726e-01  0.000000e+00 -6.806136e-13  2.736365e-05
-2.80000e+00  0.00000e+00       1.801e+15  9.999556e-01  0.000000e+00  1.563850e-13  4.437914e-05
-2.10000e+00  0.00000e+00       2.497e+15  9.999485e-01  0.000000e+00  2.146667e-13  5.148100e-05
-1.40000e+00  0.00000e+00       2.041e+15  9.998920e-01  0.000000e+00  2.282650e-13  1.080390e-04
-7.00000e-01  0.00000e+00       1.088e+15  9.998144e-01  0.000000e+00  3.410818e-13  1.856398e-04
 0.00000e+00  0.00000e+00       6.791e+14  9.997998e-01  0.000000e+00 -7.088937e-17  2.002462e-04
 7.00000e-01  0.00000e+00       1.088e+15  9.998144e-01  0.000000e+00 -3.412304e-13  1.856398e-04
 1.40000e+00  0.00000e+00       2.041e+15  9.998920e-01  0.000000e+00 -2.283112e-13  1.080390e-04
 2.10000e+00  0.00000e+00       2.497e+15  9.999485e-01  0.000000e+00 -2.146460e-13  5.148100e-05
 2.80000e+00  0.00000e+00       1.801e+15  9.999556e-01  0.000000e+00 -1.564194e-13  4.437914e-05
 3.50000e+00  0.00000e+00       1.350e+15  9.999726e-01  0.000000e+00  6.805275e-13  2.736365e-05
 4.20000e+00  0.00000e+00       8.295e+14  9.999891e-01  0.000000e+00  1.479895e-12  1.090131e-05
 4.90000e+00  0.00000e+00       2.745e+14  9.999914e-01  0.000000e+00  1.590481e-12  8.644970e-06
 5.60000e+00  0.00000e+00       4.772e+13  9.999840e-01  0.000000e+00  1.093340e-12  1.600350e-05
 6.30000e+00  0.00000e+00       4.511e+12  9.999689e-01  0.000000e+00  4.685923e-13  3.107569e-05
 7.00000e+00  0.00000e+00       2.345e+11  9.999455e-01  0.000000e+00  1.193149e-13  5.449199e-05
-7.00000e+00  4.00000e-01       2.169e+11  9.337261e-01  0.000000e+00  3.354350e-01  6.627391e-02
-6.30000e+00  4.00000e-01       4.049e+12  9.617291e-01  0.000000e+00  2.461050e-01  3.827092e-02
-5.60000e+00  4.00000e-01       4.156e+13  9.801844e-01  0.000000e+00  1.542842e-01  1.981563e-02
-4.90000e+00  4.00000e-01       2.314e+14  9.881925e-01  0.000000e+00  5.853440e-02  1.180749e-02
-4.20000e+00  4.00000e-01       6.765e+14  9.809919e-01  0.000000e+00 -3.812875e-02  1.900806e-02
-3.50000e+00  4.00000e-01       1.101e+15  9.498992e-01  0.000000e+00 -8.970647e-02  5.010078e-02
-2.80000e+00  4.00000e-01       1.619e+15  9.288528e-01  0.000000e+00 -1.253341e-03  7.114720e-02
-2.10000e+00  4.00000e-01       2.461e+15  9.366234e-01  0.000000e+00  6.974413e-02  6.337663e-02
-1.40000e+00  4.00000e-01       2.253e+15  8.919432e-01  0.000000e+00  1.885841e-01  1.080568e-01
-7.00000e-01  4.00000e-01       1.335e+15  7.745099e-01  0.000000e+00  3.875553e-01  2.254901e-01
 0.00000e+00  4.00000e-01       8.866e+14  6.960739e-01  0.000000e+00 -3.137860e-16  3.039261e-01
 7.00000e-01  4.00000e-01       1.335e+15  7.745099e-01  0.000000e+00 -3.875553e-01  2.254901e-01
 1.40000e+00  4.00000e-01       2.253e+15  8.919432e-01  0.000000e+00 -1.885841e-01  1.080568e-01
 2.10000e+00  4.00000e-01       2.461e+15  9.366234e-01  0.000000e+00 -6.974413e-02  6.337663e-02
 2.80000e+00  4.00000e-01       1.619e+15  9.288528e-01  0.000000e+00  1.253341e-03  7.114720e-02
 3.50000e+00  4.00000e-01       1.101e+15  9.498992e-01  0.000000e+00  8.970647e-02  5.010078e-02
 4.20000e+00  4.00000e-01       6.765e+14  9.809919e-01  0.000000e+00  3.812875e-02  1.900806e-02
 4.90000e+00  4.00000e-01       2.314e+14  9.881925e-01  0.000000e+00 -5.853440e-02  1.180749e-02
 5.60000e+00  4.00000e-01       4.156e+13  9.801844e-01  0.000000e+00 -1.542842e-01  1.981563e-02
 6.30000e+00  4.00000e-01       4.049e+12  9.617291e-01  0.000000e+00 -2.461050e-01  3.827092e-02
 7.00000e+00  4.00000e-01       2.169e+11  9.337261e-01  0.000000e+00 -3.354350e-01  6.627391e-02
-7.00000e+00  8.00000e-01       1.589e+11  8.765595e-01  0.000000e+00  4.420175e-01  1.234405e-01
-6.30000e+00  8.00000e-01       2.753e+12  9.291233e-01  0.000000e+00  3.153719e-01  7.087665e-02
-5.60000e+00  8.00000e-01       2.496e+13  9.605228e-01  0.000000e+00  1.720843e-01  3.947716e-02
-4.90000e+00  8.00000e-01       1.178e+14  9.569410e-01  0.000000e+00  6.196746e-03  4.305901e-02
-4.20000e+00  8.00000e-01       3.021e+14  8.791442e-01  0.000000e+00 -1.576304e-01  1.208558e-01
-3.50000e+00  8.00000e-01       5.556e+14  7.382069e-01  0.000000e+00 -1.179602e-01  2.617931e-01
-2.80000e+00  8.00000e-01       1.142e+15  7.585321e-01  0.000000e+00  3.898075e-02  2.414679e-01
-2.10000e+00  8.00000e-01       2.045e+15  8.325918e-01  0.000000e+00 -3.217979e-02  1.674082e-01
-1.40000e+00  8.00000e-01       3.273e+15  8.968167e-01  0.000000e+00 -5.555664e-02  1.031833e-01
-7.00000e-01  8.00000e-01       6.993e+15  9.353235e-01  0.000000e+00  6.698898e-03  6.467648e-02
 0.00000e+00  8.00000e-01       1.067e+16  9.383127e-01  0.000000e+00 -1.449596e-15  6.168730e-02
 7.00000e-01  8.00000e-01       6.993e+15  9.353235e-01  0.000000e+00 -6.698898e-03  6.467648e-02
 1.40000e+00  8.00000e-01       3.273e+15  8.968167e-01  0.000000e+00  5.555664e-02  1.031833e-01
 2.10000e+00  8.00000e-01       2.045e+15  8.325918e-01  0.000000e+00  3.217979e-02  1.674082e-01
 2.80000e+00  8.00000e-01       1.142e+15  7.585321e-01  0.000000e+00 -3.898075e-02  2.414679e-01
 3.50000e+00  8.00000e-01       5.556e+14  7.382069e-01  0.000000e+00  1.179602e-01  2.617931e-01
 4.20000e+00  8.00000e-01       3.021e+14  8.791442e-01  0.000000e+00  1.576304e-01  1.208558e-01
 4.90000e+00  8.00000e-01       1.178e+14  9.569410e-01  0.000000e+00 -6.196746e-03  4.305901e-02
 5.60000e+00  8.00000e-01       2.496e+13  9.605228e-01  0.000000e+00 -1.720843e-01  3.947716e-02
 6.30000e+00  8.00000e-01       2.753e+12  9.291233e-01  0.000000e+00 -3.153719e-01  7.087665e-02
 7.00000e+00  8.00000e-01       1.589e+11  8.765595e-01  0.000000e+00 -4.420175e-01  1.234405e-01
-7.00000e+00  1.20000e+00       5.807e+10  9.188297e-01  0.000000e+00  2.953428e-01  8.117034e-02
-6.30000e+00  1.20000e+00       9.604e+11  9.520229e-01  0.000000e+00  1.142605e-01  4.797707e-02
-5.60000e+00  1.20000e+00       8.464e+12  9.274881e-01  0.000000e+00 -9.878010e-02  7.251185e-02
-4.90000e+00  1.20000e+00       3.964e+13  7.995204e-01  0.000000e+00 -3.016078e-01  2.004796e-01
-4.20000e+00  1.20000e+00       1.110e+14  5.507076e-01  0.000000e+00 -2.974390e-01  4.492924e-01
-3.50000e+00  1.20000e+00       2.775e+14  4.966869e-01  0.000000e+00  2.964278e-02  5.033131e-01
-2.80000e+00  1.20000e+00       6.422e+14  6.623068e-01  0.000000e+00  8.799953e-02  3.376932e-01
-2.10000e+00  1.20000e+00       1.117e+15  7.593589e-01  0.000000e+00  9.313372e-03  2.406411e-01
-1.40000e+00  1.20000e+00       1.755e+15  8.818668e-01  0.000000e+00  7.134449e-02  1.181332e-01
-7.00000e-01  1.20000e+00       1.930e+15  9.517897e-01  0.000000e+00  1.236885e-01  4.821028e-02
 0.00000e+00  1.20000e+00       1.574e+15  9.653528e-01  0.000000e+00  2.846898e-15  3.464717e-02
 7.00000e-01  1.20000e+00       1.930e+15  9.517897e-01  0.000000e+00 -1.236885e-01  4.821028e-02
 1.40000e+00  1.20000e+00       1.755e+15  8.818668e-01  0.000000e+00 -7.134449e-02  1.181332e-01
 2.10000e+00  1.20000e+00       1.117e+15  7.593589e-01  0.000000e+00 -9.313372e-03  2.406411e-01
 2.80000e+00  1.20000e+00       6.422e+14  6.623068e-01  0.000000e+00 -8.799953e-02  3.376932e-01
 3.50000e+00  1.20000e+00       2.775e+14  4.966869e-01  0.000000e+00 -2.964278e-02  5.033131e-01
 4.20000e+00  1.20000e+00       1.110e+14  5.507076e-01  0.000000e+00  2.974390e-01  4.492924e-01
 4.90000e+00  1.20000e+00       3.964e+13  7.995204e-01  0.000000e+00  3.016078e-01  2.004796e-01
 5.60000e+00  1.20000e+00       8.464e+12  9.274881e-01  0.000000e+00  9.878010e-02  7.251185e-02
 6.30000e+00  1.20000e+00       9.604e+11  9.520229e-01  0.000000e+00 -1.142605e-01  4.797707e-02
 7.00000e+00  1.20000e+00       5.807e+10  9.188297e-01  0.000000e+00 -2.953428e-01  8.117034e-02
-7.00000e+00  1.60000e+00       1.078e+10  8.947760e-01  0.000000e+00 -1.528364e-01  1.052240e-01
-6.30000e+00  1.60000e+00       1.638e+11  8.022533e-01  0.000000e+00 -3.674085e-01  1.977467e-01
-5.60000e+00  1.60000e+00       1.360e+12  5.379199e-01  0.000000e+00 -5.205437e-01  4.620801e-01
-4.90000e+00  1.60000e+00       7.020e+12  1.939859e-01  0.000000e+00 -3.393399e-01  8.060141e-01
-4.20000e+00  1.60000e+00       3.010e+13  2.301873e-01  0.000000e+00  1.178573e-01  7.698127e-01
-3.50000e+00  1.60000e+00       1.029e+14  5.100729e-01  0.000000e+00  1.761222e-01  4.899271e-01
-2.80000e+00  1.60000e+00       2.236e+14  5.683250e-01  0.000000e+00  1.748301e-03  4.316750e-01
-2.10000e+00  1.60000e+00       3.726e+14  5.839260e-01  0.000000e+00 -1.276245e-01  4.160740e-01
-1.40000e+00  1.60000e+00       5.566e+14  7.582983e-01  0.000000e+00 -2.341959e-01  2.417017e-01
-7.00000e-01  1.60000e+00       5.183e+14  8.832622e-01  0.000000e+00 -2.321489e-01  1.167378e-01
 0.00000e+00  1.60000e+00       3.565e+14  9.186526e-01  0.000000e+00  3.219369e-16  8.134737e-02
 7.00000e-01  1.60000e+00       5.183e+14  8.832622e-01  0.000000e+00  2.321489e-01  1.167378e-01
 1.40000e+00  1.60000e+00       5.566e+14  7.582983e-01  0.000000e+00  2.341959e-01  2.417017e-01
 2.10000e+00  1.60000e+00       3.726e+14  5.839260e-01  0.000000e+00  1.276245e-01  4.160740e-01
 2.80000e+00  1.60000e+00       2.236e+14  5.683250e-01  0.000000e+00 -1.748301e-03  4.316750e-01
 3.50000e+00  1.60000e+00       1.029e+14  5.100729e-01  0.000000e+00 -1.761222e-01  4.899271e-01
 4.20000e+00  1.60000e+00       3.010e+13  2.301873e-01  0.000000e+00 -1.178573e-01  7.698127e-01
 4.90000e+00  1.60000e+00       7.020e+12  1.939859e-01  0.000000e+00  3.393399e-01  8.060141e-01
 5.60000e+00  1.60000e+00       1.360e+12  5.379199e-01  0.000000e+00  5.205437e-01  4.620801e-01
 6.30000e+00  1.60000e+00       1.638e+11  8.022533e-01  0.000000e+00  3.674085e-01  1.977467e-01
 7.00000e+00  1.60000e+00       1.078e+10  8.947760e-01  0.000000e+00  1.528364e-01  1.052240e-01
-7.00000e+00  2.00000e+00       1.047e+09  1.014127e-01  0.000000e+00 -6.377334e-01  8.985873e-01
-6.30000e+00  2.00000e+00       1.391e+10 -1.150015e-01  0.000000e+00 -4.705375e-01  8.849985e-01
-5.60000e+00  2.00000e+00       1.527e+11 -1.819875e-01  0.000000e+00  4.378709e-02  8.180125e-01
-4.90000e+00  2.00000e+00       1.272e+12  1.915246e-01  0.000000e+00  3.565412e-01  8.084754e-01
-4.20000e+00  2.00000e+00       6.779e+12  5.052513e-01  0.000000e+00  2.072656e-01  4.947487e-01
-3.50000e+00  2.00000e+00       2.116e+13  4.956392e-01  0.000000e+00 -1.605799e-02  5.043608e-01
-2.80000e+00  2.00000e+00       4.633e+13  3.904950e-01  0.000000e+00  1.883769e-02  6.095050e-01
-2.10000e+00  2.00000e+00       8.060e+13  3.208569e-01  0.000000e+00  2.185770e-01  6.791431e-01
-1.40000e+00  2.00000e+00       1.003e+14  4.141671e-02  0.000000e+00  5.024222e-01  9.585833e-01
-7.00000e-01  2.00000e+00       8.073e+13 -2.644875e-01  0.000000e+00  6.337472e-01  7.355125e-01
 0.00000e+00  2.00000e+00       5.505e+13 -3.747454e-01  0.000000e+00 -1.319234e-14  6.252546e-01
 7.00000e-01  2.00000e+00       8.073e+13 -2.644875e-01  0.000000e+00 -6.337472e-01  7.355125e-01
 1.40000e+00  2.00000e+00       1.003e+14  4.141671e-02  0.000000e+00 -5.024222e-01  9.585833e-01
 2.10000e+00  2.00000e+00       8.060e+13  3.208569e-01  0.000000e+00 -2.185770e-01  6.791431e-01
 2.80000e+00  2.00000e+00       4.633e+13  3.904950e-01  0.000000e+00 -1.883769e-02  6.095050e-01
 3.50000e+00  2.00000e+00       2.116e+13  4.956392e-01  0.000000e+00  1.605799e-02  5.043608e-01
 4.20000e+00  2.00000e+00       6.779e+12  5.052513e-01  0.000000e+00 -2.072656e-01  4.947487e-01
 4.90000e+00  2.00000e+00       1.272e+12  1.915246e-01  0.000000e+00 -3.565412e-01  8.084754e-01
 5.60000e+00  2.00000e+00       1.527e+11 -1.819875e-01  0.000000e+00 -4.378709e-02  8.180125e-01
 6.30000e+00  2.00000e+00       1.391e+10 -1.150015e-01  0.000000e+00  4.705375e-01  8.849985e-01
 7.00000e+00  2.00000e+00       1.047e+09  1.014127e-01  0.000000e+00  6.377334e-01  8.985873e-01
-7.00000e+00  2.40000e+00       2.685e+08 -5.433321e-01  0.000000e+00 -2.395116e-01  4.566679e-01
-6.30000e+00  2.40000e+00       1.718e+09 -1.093773e-01  0.000000e+00  3.963266e-01  8.906227e-01
-5.60000e+00  2.40000e+00       1.823e+10  4.024265e-01  0.000000e+00  3.909696e-01  5.975735e-01
-4.90000e+00  2.40000e+00       1.390e+11  5.088464e-01  0.000000e+00  4.622493e-02  4.911536e-01
-4.20000e+00  2.40000e+00       6.716e+11  3.076783e-01  0.000000e+00 -1.109123e-01  6.923217e-01
-3.50000e+00  2.40000e+00       2.318e+12  2.159965e-01  0.000000e+00  2.816217e-02  7.840035e-01
-2.80000e+00  2.40000e+00       5.888e+12  2.648148e-01  0.000000e+00  8.591462e-02  7.351852e-01
-2.10000e+00  2.40000e+00       1.103e+13  1.327356e-01  0.000000e+00  1.346861e-01  8.672644e-01
-1.40000e+00  2.40000e+00       1.804e+13 -1.117346e-02  0.000000e+00  3.641777e-01  9.888265e-01
-7.00000e-01  2.40000e+00       2.661e+13  8.663664e-02  0.000000e+00  4.959943e-01  9.133634e-01
 0.00000e+00  2.40000e+00       2.928e+13  1.661416e-01  0.000000e+00  1.478601e-14  8.338584e-01
 7.00000e-01  2.40000e+00       2.661e+13  8.663664e-02  0.000000e+00 -4.959943e-01  9.133634e-01
 1.40000e+00  2.40000e+00       1.804e+13 -1.117346e-02  0.000000e+00 -3.641777e-01  9.888265e-01
 2.10000e+00  2.40000e+00       1.103e+13  1.327356e-01  0.000000e+00 -1.346861e-01  8.672644e-01
 2.80000e+00  2.40000e+00       5.888e+12  2.648148e-01  0.000000e+00 -8.591462e-02  7.351852e-01
 3.50000e+00  2.40000e+00       2.318e+12  2.159965e-01  0.000000e+00 -2.816217e-02  7.840035e-01
 4.20000e+00  2.40000e+00       6.716e+11  3.076783e-01  0.000000e+00  1.109123e-01  6.923217e-01
 4.90000e+00  2.40000e+00       1.390e+11  5.088464e-01  0.000000e+00 -4.622493e-02  4.911536e-01
 5.60000e+00  2.40000e+00       1.823e+10  4.024265e-01  0.000000e+00 -3.909696e-01  5.975735e-01
 6.30000e+00  2.40000e+00       1.718e+09 -1.093773e-01  0.000000e+00 -3.963266e-01  8.906227e-01
 7.00000e+00  2.40000e+00       2.685e+08 -5.433321e-01  0.000000e+00  2.395116e-01  4.566679e-01
-7.00000e+00  2.80000e+00       1.928e+08 -6.683101e-01  0.000000e+00 -2.281950e-01  3.316899e-01
-6.30000e+00  2.80000e+00       5.117e+08 -4.797189e-01  0.000000e+00  8.510712e-02  5.202811e-01
-5.60000e+00  2.80000e+00       1.831e+09 -9.989336e-02  0.000000e+00  1.334968e-01  9.001066e-01
-4.90000e+00  2.80000e+00       9.233e+09  7.031874e-02  0.000000e+00  1.167550e-01  9.296813e-01
-4.20000e+00  2.80000e+00       4.600e+10  2.292879e-01  0.000000e+00  1.447353e-01  7.707121e-01
-3.50000e+00  2.80000e+00       1.683e+11  2.990715e-01  0.000000e+00  3.835384e-02  7.009285e-01
-2.80000e+00  2.80000e+00       4.558e+11  2.635535e-01  0.000000e+00  7.315062e-02  7.364465e-01
-2.10000e+00  2.80000e+00       9.415e+11  1.545904e-01  0.000000e+00  3.154555e-01  8.454096e-01
-1.40000e+00  2.80000e+00       1.319e+12 -1.155872e-01  0.000000e+00  5.816142e-01  8.844128e-01
-7.00000e-01  2.80000e+00       1.100e+12 -2.914011e-01  0.000000e+00  5.816644e-01  7.085989e-01
 0.00000e+00  2.80000e+00       7.680e+11 -2.837440e-01  0.000000e+00 -8.222712e-15  7.162560e-01
 7.00000e-01  2.80000e+00       1.100e+12 -2.914011e-01  0.000000e+00 -5.816644e-01  7.085989e-01
 1.40000e+00  2.80000e+00       1.319e+12 -1.155872e-01  0.000000e+00 -5.816142e-01  8.844128e-01
 2.10000e+00  2.80000e+00       9.415e+11  1.545904e-01  0.000000e+00 -3.154555e-01  8.454096e-01
 2.80000e+00  2.80000e+00       4.558e+11  2.635535e-01  0.000000e+00 -7.315062e-02  7.364465e-01
 3.50000e+00  2.80000e+00       1.683e+11  2.990715e-01  0.000000e+00 -3.835384e-02  7.009285e-01
 4.20000e+00  2.80000e+00       4.600e+10  2.292879e-01  0.000000e+00 -1.447353e-01  7.707121e-01
 4.90000e+00  2.80000e+00       9.233e+09  7.031874e-02  0.000000e+00 -1.167550e-01  9.296813e-01
 5.60000e+00  2.80000e+00       1.831e+09 -9.989336e-02  0.000000e+00 -1.334968e-01  9.001066e-01
 6.30000e+00  2.80000e+00       5.117e+08 -4.797189e-01  0.000000e+00 -8.510712e-02  5.202811e-01
 7.00000e+00  2.80000e+00       1.928e+08 -6.683101e-01  0.000000e+00  2.281950e-01  3.316899e-01
-7.00000e+00  3.20000e+00       1.296e+08 -7.329851e-01  0.000000e+00 -6.638400e-02  2.670149e-01
-6.30000e+00  3.20000e+00       3.405e+08 -6.214417e-01  0.000000e+00  2.016716e-01  3.785583e-01
-5.60000e+00  3.20000e+00       8.067e+08 -3.633858e-01  0.000000e+00  4.366202e-01  6.366142e-01
-4.90000e+00  3.20000e+00       2.035e+09  4.740960e-02  0.000000e+00  4.661498e-01  9.525904e-01
-4.20000e+00  3.20000e+00       4.896e+09  2.915176e-01  0.000000e+00  2.998105e-01  7.084824e-01
-3.50000e+00  3.20000e+00       8.787e+09  1.783703e-01  0.000000e+00  1.678819e-01  8.216297e-01
-2.80000e+00  3.20000e+00       1.861e+10  5.148890e-02  0.000000e+00  9.015720e-02  9.485111e-01
-2.10000e+00  3.20000e+00       4.291e+10  5.224707e-02  0.000000e+00 -1.285579e-01  9.477529e-01
-1.40000e+00  3.20000e+00       7.025e+10  1.980564e-02  0.000000e+00 -4.487801e-01  9.801944e-01
-7.00000e-01  3.20000e+00       1.118e+11  6.670924e-02  0.000000e+00 -3.994729e-01  9.332908e-01
 0.00000e+00  3.20000e+00       1.357e+11 -1.164169e-03  0.000000e+00  3.007230e-15  9.988358e-01
 7.00000e-01  3.20000e+00       1.118e+11  6.670924e-02  0.000000e+00  3.994729e-01  9.332908e-01
 1.40000e+00  3.20000e+00       7.025e+10  1.980564e-02  0.000000e+00  4.487801e-01  9.801944e-01
 2.10000e+00  3.20000e+00       4.291e+10  5.224707e-02  0.000000e+00  1.285579e-01  9.477529e-01
 2.80000e+00  3.20000e+00       1.861e+10  5.148890e-02  0.000000e+00 -9.015720e-02  9.485111e-01
 3.50000e+00  3.20000e+00       8.787e+09  1.783703e-01  0.000000e+00 -1.678819e-01  8.216297e-01
 4.20000e+00  3.20000e+00       4.896e+09  2.915176e-01  0.000000e+00 -2.998105e-01  7.084824e-01
 4.90000e+00  3.20000e+00       2.035e+09  4.740960e-02  0.000000e+00 -4.661498e-01  9.525904e-01
 5.60000e+00  3.20000e+00       8.067e+08 -3.633858e-01  0.000000e+00 -4.366202e-01  6.366142e-01
 6.30000e+00  3.20000e+00       3.405e+08 -6.214417e-01  0.000000e+00 -2.016716e-01  3.785583e-01
 7.00000e+00  3.20000e+00       1.296e+08 -7.329851e-01  0.000000e+00  6.638400e-02  2.670149e-01
-7.00000e+00  3.60000e+00       9.169e+07 -7.497456e-01  0.000000e+00  8.567180e-02  2.502544e-01
-6.30000e+00  3.60000e+00       2.511e+08 -6.361187e-01  0.000000e+00  2.684538e-01  3.638813e-01
-5.60000e+00  3.60000e+00       5.332e+08 -4.020618e-01  0.000000e+00  4.677716e-01  5.979382e-01
-4.90000e+00  3.60000e+00       1.128e+09  2.192899e-02  0.000000e+00  5.014274e-01  9.780710e-01
-4.20000e+00  3.60000e+00       2.174e+09  3.657126e-01  0.000000e+00  3.775757e-01  6.342874e-01
-3.50000e+00  3.60000e+00       1.675e+09  9.895099e-02  0.000000e+00  5.092049e-01  9.010490e-01
-2.80000e+00  3.60000e+00       2.484e+09  2.242087e-01  0.000000e+00  8.559275e-01  7.757913e-01
-2.10000e+00  3.60000e+00       8.126e+09  1.075764e-01  0.000000e+00  6.180101e-01  8.924236e-01
-1.40000e+00  3.60000e+00       2.099e+10 -2.180618e-01  0.000000e+00  1.597811e-02  7.819382e-01
-7.00000e-01  3.60000e+00       4.268e+10 -3.713879e-01  0.000000e+00 -2.947179e-01  6.286121e-01
 0.00000e+00  3.60000e+00       6.714e+10 -2.483504e-01  0.000000e+00  3.880696e-15  7.516496e-01
 7.00000e-01  3.60000e+00       4.268e+10 -3.713879e-01  0.000000e+00  2.947179e-01  6.286121e-01
 1.40000e+00  3.60000e+00       2.099e+10 -2.180618e-01  0.000000e+00 -1.597811e-02  7.819382e-01
 2.10000e+00  3.60000e+00       8.126e+09  1.075764e-01  0.000000e+00 -6.180101e-01  8.924236e-01
 2.80000e+00  3.60000e+00       2.484e+09  2.242087e-01  0.000000e+00 -8.559275e-01  7.757913e-01
 3.50000e+00  3.60000e+00       1.675e+09  9.895099e-02  0.000000e+00 -5.092049e-01  9.010490e-01
 4.20000e+00  3.60000e+00       2.174e+09  3.657126e-01  0.000000e+00 -3.775757e-01  6.342874e-01
 4.90000e+00  3.60000e+00       1.128e+09  2.192899e-02  0.000000e+00 -5.014274e-01  9.780710e-01
 5.60000e+00  3.60000e+00       5.332e+08 -4.020618e-01  0.000000e+00 -4.677716e-01  5.979382e-01
 6.30000e+00  3.60000e+00       2.511e+08 -6.361187e-01  0.000000e+00 -2.684538e-01  3.638813e-01
 7.00000e+00  3.60000e+00       9.169e+07 -7.497456e-01  0.000000e+00 -8.567180e-02  2.502544e-01
-7.00000e+00  4.00000e+00       3.549e+07 -6.832153e-01  0.000000e+00  3.041090e-01  3.167847e-01
-6.30000e+00  4.00000e+00       1.481e+08 -5.830631e-01  0.000000e+00  4.041540e-01  4.169369e-01
-5.60000e+00  4.00000e+00       3.752e+08 -3.720603e-01  0.000000e+00  5.205919e-01  6.279397e-01
-4.90000e+00  4.00000e+00       8.796e+08  5.936721e-02  0.000000e+00  5.171436e-01  9.406328e-01
-4.20000e+00  4.00000e+00       1.744e+09  3.659422e-01  0.000000e+00  4.149304e-01  6.340578e-01
-3.50000e+00  4.00000e+00       7.627e+08 -1.420461e-01  0.000000e+00  8.674603e-01  8.579539e-01
-2.80000e+00  4.00000e+00       2.625e+09  7.956349e-01  0.000000e+00  4.976644e-01  2.043651e-01
-2.10000e+00  4.00000e+00       7.582e+09  4.163730e-01  0.000000e+00  4.245263e-01  5.836270e-01
-1.40000e+00  4.00000e+00       1.827e+10 -2.720738e-02  0.000000e+00  8.966479e-03  9.727926e-01
-7.00000e-01  4.00000e+00       2.900e+10 -5.179513e-01  0.000000e+00 -2.841516e-01  4.820487e-01
 0.00000e+00  4.00000e+00       4.573e+10 -3.833520e-01  0.000000e+00  4.338609e-15  6.166480e-01
 7.00000e-01  4.00000e+00       2.900e+10 -5.179513e-01  0.000000e+00  2.841516e-01  4.820487e-01
 1.40000e+00  4.00000e+00       1.827e+10 -2.720738e-02  0.000000e+00 -8.966479e-03  9.727926e-01
 2.10000e+00  4.00000e+00       7.582e+09  4.163730e-01  0.000000e+00 -4.245263e-01  5.836270e-01
 2.80000e+00  4.00000e+00       2.625e+09  7.956349e-01  0.000000e+00 -4.976644e-01  2.043651e-01
 3.50000e+00  4.00000e+00       7.627e+08 -1.420461e-01  0.000000e+00 -8.674603e-01  8.579539e-01
 4.20000e+00  4.00000e+00       1.744e+09  3.659422e-01  0.000000e+00 -4.149304e-01  6.340578e-01
 4.90000e+00  4.00000e+00       8.796e+08  5.936721e-02  0.000000e+00 -5.171436e-01  9.406328e-01
 5.60000e+00  4.00000e+00       3.752e+08 -3.720603e-01  0.000000e+00 -5.205919e-01  6.279397e-01
 6.30000e+00  4.00000e+00       1.481e+08 -5.830631e-01  0.000000e+00 -4.041540e-01  4.169369e-01
 7.00000e+00  4.00000e+00       3.549e+07 -6.832153e-01  0.000000e+00 -3.041090e-01  3.167847e-01
