 EB(GeV)    EMITTANCEx EMITTANCEy SIZEx(m)   SIZEy(m)   DIVx(rad)  DIVy(rad)
 2.411e+00  5.499e-09  1.017e-12  8.711e-05  1.009e-06  6.313e-05  1.009e-06
 betax      alphax     betay      alphay     eta        deta       E_spread  
 1.380e+00  0.000e+00  1.000e+00  0.000e+00  0.000e+00  0.000e+00  8.600e-04
 Ibeam(A)   period(cm) #periods   Kx         Ky         Energy(eV)
 4.005e-01  1.900e+00         96  0.000e+00  1.780e+00  4.546e+04


           x            y       F.Density            PL            PC          PL45        1-|PL|
          mm           mm  ph/s/mr^2/0.1%             -             -             -             -
-7.00000e+00 -4.00000e+00       1.389e+00 -9.397373e-01  0.000000e+00  4.284123e-01  6.026267e-02
-6.30000e+00 -4.00000e+00       1.150e+01 -8.206195e-01  0.000000e+00  3.361881e-01  1.793805e-01
-5.60000e+00 -4.00000e+00       6.474e+01  9.618426e-02  0.000000e+00  1.308237e-01  9.038157e-01
-4.90000e+00 -4.00000e+00       6.719e+02  9.735873e-01  0.000000e+00 -1.303882e-02  2.641272e-02
-4.20000e+00 -4.00000e+00       6.416e+03  9.430933e-01  0.000000e+00 -2.179495e-02  5.690667e-02
-3.50000e+00 -4.00000e+00       3.137e+04  9.686695e-01  0.000000e+00 -2.098721e-02  3.133046e-02
-2.80000e+00 -4.00000e+00       2.018e+05  4.265582e-01  0.000000e+00 -9.601634e-02  5.734418e-01
-2.10000e+00 -4.00000e+00       6.549e+06  5.624543e-01  0.000000e+00 -5.934573e-02  4.375457e-01
-1.40000e+00 -4.00000e+00       5.166e+07  5.208533e-01  0.000000e+00 -5.146340e-02  4.791467e-01
-7.00000e-01 -4.00000e+00       1.573e+08  4.846276e-01  0.000000e+00 -3.288390e-02  5.153724e-01
 0.00000e+00 -4.00000e+00       2.201e+08  4.686936e-01  0.000000e+00 -2.351886e-16  5.313064e-01
 7.00000e-01 -4.00000e+00       1.573e+08  4.846276e-01  0.000000e+00  3.288390e-02  5.153724e-01
 1.40000e+00 -4.00000e+00       5.166e+07  5.208533e-01  0.000000e+00  5.146340e-02  4.791467e-01
 2.10000e+00 -4.00000e+00       6.549e+06  5.624543e-01  0.000000e+00  5.934573e-02  4.375457e-01
 2.80000e+00 -4.00000e+00       2.018e+05  4.265582e-01  0.000000e+00  9.601634e-02  5.734418e-01
 3.50000e+00 -4.00000e+00       3.137e+04  9.686695e-01  0.000000e+00  2.098721e-02  3.133046e-02
 4.20000e+00 -4.00000e+00       6.416e+03  9.430933e-01  0.000000e+00  2.179495e-02  5.690667e-02
 4.90000e+00 -4.00000e+00       6.719e+02  9.735873e-01  0.000000e+00  1.303882e-02  2.641272e-02
 5.60000e+00 -4.00000e+00       6.474e+01  9.618426e-02  0.000000e+00 -1.308237e-01  9.038157e-01
 6.30000e+00 -4.00000e+00       1.150e+01 -8.206195e-01  0.000000e+00 -3.361881e-01  1.793805e-01
 7.00000e+00 -4.00000e+00       1.389e+00 -9.397372e-01  0.000000e+00 -4.284124e-01  6.026280e-02
-7.00000e+00 -3.60000e+00       1.417e+01 -6.614181e-01  0.000000e+00  7.461631e-01  3.385819e-01
-6.30000e+00 -3.60000e+00       3.171e+01 -7.911872e-01  0.000000e+00  7.226802e-01  2.088128e-01
-5.60000e+00 -3.60000e+00       7.007e+01  1.023506e-01  0.000000e+00  2.437494e-01  8.976494e-01
-4.90000e+00 -3.60000e+00       7.733e+02  9.892965e-01  0.000000e+00 -2.463314e-02  1.070354e-02
-4.20000e+00 -3.60000e+00       7.435e+03  9.464440e-01  0.000000e+00 -2.842681e-02  5.355603e-02
-3.50000e+00 -3.60000e+00       3.757e+04  9.967059e-01  0.000000e+00 -1.899577e-02  3.294050e-03
-2.80000e+00 -3.60000e+00       9.044e+04  2.868872e-01  0.000000e+00 -1.068257e-01  7.131128e-01
-2.10000e+00 -3.60000e+00       5.114e+06  5.814269e-01  0.000000e+00 -3.369108e-02  4.185731e-01
-1.40000e+00 -3.60000e+00       5.148e+07  5.122331e-01  0.000000e+00 -2.729297e-02  4.877669e-01
-7.00000e-01 -3.60000e+00       1.990e+08  4.735005e-01  0.000000e+00 -1.642711e-02  5.264995e-01
 0.00000e+00 -3.60000e+00       3.096e+08  4.616714e-01  0.000000e+00 -4.670590e-16  5.383286e-01
 7.00000e-01 -3.60000e+00       1.990e+08  4.735005e-01  0.000000e+00  1.642711e-02  5.264995e-01
 1.40000e+00 -3.60000e+00       5.148e+07  5.122331e-01  0.000000e+00  2.729297e-02  4.877669e-01
 2.10000e+00 -3.60000e+00       5.114e+06  5.814269e-01  0.000000e+00  3.369108e-02  4.185731e-01
 2.80000e+00 -3.60000e+00       9.044e+04  2.868872e-01  0.000000e+00  1.068257e-01  7.131128e-01
 3.50000e+00 -3.60000e+00       3.757e+04  9.967059e-01  0.000000e+00  1.899577e-02  3.294050e-03
 4.20000e+00 -3.60000e+00       7.435e+03  9.464440e-01  0.000000e+00  2.842681e-02  5.355603e-02
 4.90000e+00 -3.60000e+00       7.733e+02  9.892965e-01  0.000000e+00  2.463314e-02  1.070354e-02
 5.60000e+00 -3.60000e+00       7.007e+01  1.023506e-01  0.000000e+00 -2.437494e-01  8.976494e-01
 6.30000e+00 -3.60000e+00       3.171e+01 -7.911872e-01  0.000000e+00 -7.226802e-01  2.088128e-01
 7.00000e+00 -3.60000e+00       1.417e+01 -6.614181e-01  0.000000e+00 -7.461631e-01  3.385819e-01
-7.00000e+00 -3.20000e+00       1.685e+01 -4.121654e-01  0.000000e+00  8.961138e-01  5.878346e-01
-6.30000e+00 -3.20000e+00       2.030e+01 -7.121213e-01  0.000000e+00  8.295475e-01  2.878787e-01
-5.60000e+00 -3.20000e+00       7.023e+01  3.771954e-01  0.000000e+00  1.123726e-01  6.228046e-01
-4.90000e+00 -3.20000e+00       9.276e+02  9.913994e-01  0.000000e+00 -3.930627e-02  8.600577e-03
-4.20000e+00 -3.20000e+00       8.913e+03  9.483775e-01  0.000000e+00 -3.522612e-02  5.162248e-02
-3.50000e+00 -3.20000e+00       4.587e+04  9.938589e-01  0.000000e+00 -2.092601e-02  6.141065e-03
-2.80000e+00 -3.20000e+00       3.692e+04 -1.340818e-01  0.000000e+00 -2.315552e-01  8.659182e-01
-2.10000e+00 -3.20000e+00       4.448e+06  6.109711e-01  0.000000e+00 -2.048458e-02  3.890289e-01
-1.40000e+00 -3.20000e+00       5.281e+07  5.107767e-01  0.000000e+00 -1.285478e-02  4.892233e-01
-7.00000e-01 -3.20000e+00       2.425e+08  4.684974e-01  0.000000e+00 -7.098968e-03  5.315026e-01
 0.00000e+00 -3.20000e+00       4.055e+08  4.587915e-01  0.000000e+00  1.349456e-16  5.412085e-01
 7.00000e-01 -3.20000e+00       2.425e+08  4.684974e-01  0.000000e+00  7.098968e-03  5.315026e-01
 1.40000e+00 -3.20000e+00       5.281e+07  5.107767e-01  0.000000e+00  1.285478e-02  4.892233e-01
 2.10000e+00 -3.20000e+00       4.448e+06  6.109711e-01  0.000000e+00  2.048458e-02  3.890289e-01
 2.80000e+00 -3.20000e+00       3.692e+04 -1.340818e-01  0.000000e+00  2.315552e-01  8.659182e-01
 3.50000e+00 -3.20000e+00       4.587e+04  9.938589e-01  0.000000e+00  2.092601e-02  6.141065e-03
 4.20000e+00 -3.20000e+00       8.913e+03  9.483775e-01  0.000000e+00  3.522612e-02  5.162248e-02
 4.90000e+00 -3.20000e+00       9.276e+02  9.913994e-01  0.000000e+00  3.930627e-02  8.600577e-03
 5.60000e+00 -3.20000e+00       7.023e+01  3.771954e-01  0.000000e+00 -1.123726e-01  6.228046e-01
 6.30000e+00 -3.20000e+00       2.030e+01 -7.121213e-01  0.000000e+00 -8.295475e-01  2.878787e-01
 7.00000e+00 -3.20000e+00       1.685e+01 -4.121654e-01  0.000000e+00 -8.961138e-01  5.878346e-01
-7.00000e+00 -2.80000e+00       1.860e+01 -2.553022e-01  0.000000e+00  9.360637e-01  7.446978e-01
-6.30000e+00 -2.80000e+00       2.240e+01 -6.726801e-01  0.000000e+00  8.686750e-01  3.273199e-01
-5.60000e+00 -2.80000e+00       8.562e+01  3.944520e-01  0.000000e+00  1.336467e-01  6.055480e-01
-4.90000e+00 -2.80000e+00       1.155e+03  9.989583e-01  0.000000e+00 -4.698575e-02  1.041724e-03
-4.20000e+00 -2.80000e+00       1.121e+04  9.439495e-01  0.000000e+00 -4.166042e-02  5.605049e-02
-3.50000e+00 -2.80000e+00       5.952e+04  9.772737e-01  0.000000e+00 -1.871564e-02  2.272629e-02
-2.80000e+00 -2.80000e+00       4.442e+04  6.810789e-01  0.000000e+00 -2.134600e-01  3.189211e-01
-2.10000e+00 -2.80000e+00       2.762e+06  7.374795e-01  0.000000e+00 -2.131153e-02  2.625205e-01
-1.40000e+00 -2.80000e+00       3.029e+07  5.442695e-01  0.000000e+00 -5.095603e-03  4.557305e-01
-7.00000e-01 -2.80000e+00       1.503e+08  4.567667e-01  0.000000e+00 -1.717199e-03  5.432333e-01
 0.00000e+00 -2.80000e+00       2.637e+08  4.401115e-01  0.000000e+00 -1.553855e-16  5.598885e-01
 7.00000e-01 -2.80000e+00       1.503e+08  4.567667e-01  0.000000e+00  1.717199e-03  5.432333e-01
 1.40000e+00 -2.80000e+00       3.029e+07  5.442695e-01  0.000000e+00  5.095603e-03  4.557305e-01
 2.10000e+00 -2.80000e+00       2.762e+06  7.374795e-01  0.000000e+00  2.131153e-02  2.625205e-01
 2.80000e+00 -2.80000e+00       4.442e+04  6.810789e-01  0.000000e+00  2.134600e-01  3.189211e-01
 3.50000e+00 -2.80000e+00       5.952e+04  9.772737e-01  0.000000e+00  1.871564e-02  2.272629e-02
 4.20000e+00 -2.80000e+00       1.121e+04  9.439495e-01  0.000000e+00  4.166042e-02  5.605049e-02
 4.90000e+00 -2.80000e+00       1.155e+03  9.989583e-01  0.000000e+00  4.698575e-02  1.041724e-03
 5.60000e+00 -2.80000e+00       8.562e+01  3.944520e-01  0.000000e+00 -1.336467e-01  6.055480e-01
 6.30000e+00 -2.80000e+00       2.240e+01 -6.726801e-01  0.000000e+00 -8.686750e-01  3.273199e-01
 7.00000e+00 -2.80000e+00       1.860e+01 -2.553022e-01  0.000000e+00 -9.360637e-01  7.446978e-01
-7.00000e+00 -2.40000e+00       2.238e+01 -1.009296e-01  0.000000e+00  9.517174e-01  8.990704e-01
-6.30000e+00 -2.40000e+00       2.862e+01 -5.674947e-01  0.000000e+00  9.083397e-01  4.325053e-01
-5.60000e+00 -2.40000e+00       7.127e+01 -7.152614e-01  0.000000e+00 -1.517904e-01  2.847386e-01
-4.90000e+00 -2.40000e+00       1.489e+04  4.828384e-01  0.000000e+00 -2.536246e-01  5.171616e-01
-4.20000e+00 -2.40000e+00       6.983e+05  5.233146e-01  0.000000e+00 -2.291024e-01  4.766854e-01
-3.50000e+00 -2.40000e+00       9.495e+06  5.282245e-01  0.000000e+00 -2.199721e-01  4.717755e-01
-2.80000e+00 -2.40000e+00       4.692e+07  5.298820e-01  0.000000e+00 -1.870543e-01  4.701180e-01
-2.10000e+00 -2.40000e+00       1.574e+08  5.317210e-01  0.000000e+00 -1.034996e-01  4.682790e-01
-1.40000e+00 -2.40000e+00       4.787e+08  5.257315e-01  0.000000e+00 -5.082069e-02  4.742685e-01
-7.00000e-01 -2.40000e+00       9.758e+08  5.105671e-01  0.000000e+00 -2.248842e-02  4.894329e-01
 0.00000e+00 -2.40000e+00       1.265e+09  5.019777e-01  0.000000e+00  1.029879e-16  4.980223e-01
 7.00000e-01 -2.40000e+00       9.758e+08  5.105671e-01  0.000000e+00  2.248842e-02  4.894329e-01
 1.40000e+00 -2.40000e+00       4.787e+08  5.257315e-01  0.000000e+00  5.082069e-02  4.742685e-01
 2.10000e+00 -2.40000e+00       1.574e+08  5.317210e-01  0.000000e+00  1.034996e-01  4.682790e-01
 2.80000e+00 -2.40000e+00       4.692e+07  5.298820e-01  0.000000e+00  1.870543e-01  4.701180e-01
 3.50000e+00 -2.40000e+00       9.495e+06  5.282245e-01  0.000000e+00  2.199721e-01  4.717755e-01
 4.20000e+00 -2.40000e+00       6.983e+05  5.233146e-01  0.000000e+00  2.291024e-01  4.766854e-01
 4.90000e+00 -2.40000e+00       1.489e+04  4.828384e-01  0.000000e+00  2.536246e-01  5.171616e-01
 5.60000e+00 -2.40000e+00       7.127e+01 -7.152614e-01  0.000000e+00  1.517904e-01  2.847386e-01
 6.30000e+00 -2.40000e+00       2.862e+01 -5.674947e-01  0.000000e+00 -9.083397e-01  4.325053e-01
 7.00000e+00 -2.40000e+00       2.238e+01 -1.009296e-01  0.000000e+00 -9.517174e-01  8.990704e-01
-7.00000e+00 -2.00000e+00       2.217e+01  8.508124e-02  0.000000e+00  9.454489e-01  9.149188e-01
-6.30000e+00 -2.00000e+00       2.704e+01 -5.348076e-01  0.000000e+00  9.217287e-01  4.651924e-01
-5.60000e+00 -2.00000e+00       2.214e+02  9.518398e-02  0.000000e+00 -1.671745e-01  9.048160e-01
-4.90000e+00 -2.00000e+00       3.961e+04  5.625910e-01  0.000000e+00 -1.987248e-01  4.374090e-01
-4.20000e+00 -2.00000e+00       1.926e+06  5.802273e-01  0.000000e+00 -1.768484e-01  4.197727e-01
-3.50000e+00 -2.00000e+00       3.265e+07  5.817341e-01  0.000000e+00 -1.540350e-01  4.182659e-01
-2.80000e+00 -2.00000e+00       2.327e+08  5.804789e-01  0.000000e+00 -1.225930e-01  4.195211e-01
-2.10000e+00 -2.00000e+00       8.033e+08  5.776388e-01  0.000000e+00 -8.970742e-02  4.223612e-01
-1.40000e+00 -2.00000e+00       1.577e+09  5.705813e-01  0.000000e+00 -5.579085e-02  4.294187e-01
-7.00000e-01 -2.00000e+00       2.451e+09  5.574278e-01  0.000000e+00 -2.152444e-02  4.425722e-01
 0.00000e+00 -2.00000e+00       3.041e+09  5.508705e-01  0.000000e+00 -1.389372e-16  4.491295e-01
 7.00000e-01 -2.00000e+00       2.451e+09  5.574278e-01  0.000000e+00  2.152444e-02  4.425722e-01
 1.40000e+00 -2.00000e+00       1.577e+09  5.705813e-01  0.000000e+00  5.579085e-02  4.294187e-01
 2.10000e+00 -2.00000e+00       8.033e+08  5.776388e-01  0.000000e+00  8.970742e-02  4.223612e-01
 2.80000e+00 -2.00000e+00       2.327e+08  5.804789e-01  0.000000e+00  1.225930e-01  4.195211e-01
 3.50000e+00 -2.00000e+00       3.265e+07  5.817341e-01  0.000000e+00  1.540350e-01  4.182659e-01
 4.20000e+00 -2.00000e+00       1.926e+06  5.802273e-01  0.000000e+00  1.768484e-01  4.197727e-01
 4.90000e+00 -2.00000e+00       3.961e+04  5.625910e-01  0.000000e+00  1.987248e-01  4.374090e-01
 5.60000e+00 -2.00000e+00       2.214e+02  9.518399e-02  0.000000e+00  1.671745e-01  9.048160e-01
 6.30000e+00 -2.00000e+00       2.704e+01 -5.348076e-01  0.000000e+00 -9.217287e-01  4.651924e-01
 7.00000e+00 -2.00000e+00       2.217e+01  8.508124e-02  0.000000e+00 -9.454489e-01  9.149188e-01
-7.00000e+00 -1.60000e+00       2.791e+01  2.153676e-01  0.000000e+00  9.169539e-01  7.846324e-01
-6.30000e+00 -1.60000e+00       6.145e+01  2.846407e-02  0.000000e+00  5.887712e-01  9.715359e-01
-5.60000e+00 -1.60000e+00       5.345e+03  6.259640e-01  0.000000e+00 -2.225945e-01  3.740360e-01
-4.90000e+00 -1.60000e+00       4.104e+05  6.453189e-01  0.000000e+00 -2.147412e-01  3.546811e-01
-4.20000e+00 -1.60000e+00       1.069e+07  6.486799e-01  0.000000e+00 -1.943432e-01  3.513201e-01
-3.50000e+00 -1.60000e+00       1.069e+08  6.502069e-01  0.000000e+00 -1.630469e-01  3.497931e-01
-2.80000e+00 -1.60000e+00       4.985e+08  6.490026e-01  0.000000e+00 -1.201941e-01  3.509974e-01
-2.10000e+00 -1.60000e+00       1.348e+09  6.436940e-01  0.000000e+00 -7.676460e-02  3.563060e-01
-1.40000e+00 -1.60000e+00       2.538e+09  6.346161e-01  0.000000e+00 -4.163838e-02  3.653839e-01
-7.00000e-01 -1.60000e+00       4.065e+09  6.243294e-01  0.000000e+00 -1.554306e-02  3.756706e-01
 0.00000e+00 -1.60000e+00       5.080e+09  6.199561e-01  0.000000e+00 -1.017802e-16  3.800439e-01
 7.00000e-01 -1.60000e+00       4.065e+09  6.243294e-01  0.000000e+00  1.554306e-02  3.756706e-01
 1.40000e+00 -1.60000e+00       2.538e+09  6.346161e-01  0.000000e+00  4.163838e-02  3.653839e-01
 2.10000e+00 -1.60000e+00       1.348e+09  6.436940e-01  0.000000e+00  7.676460e-02  3.563060e-01
 2.80000e+00 -1.60000e+00       4.985e+08  6.490026e-01  0.000000e+00  1.201941e-01  3.509974e-01
 3.50000e+00 -1.60000e+00       1.069e+08  6.502069e-01  0.000000e+00  1.630469e-01  3.497931e-01
 4.20000e+00 -1.60000e+00       1.069e+07  6.486799e-01  0.000000e+00  1.943432e-01  3.513201e-01
 4.90000e+00 -1.60000e+00       4.104e+05  6.453189e-01  0.000000e+00  2.147412e-01  3.546811e-01
 5.60000e+00 -1.60000e+00       5.345e+03  6.259640e-01  0.000000e+00  2.225945e-01  3.740360e-01
 6.30000e+00 -1.60000e+00       6.145e+01  2.846407e-02  0.000000e+00 -5.887712e-01  9.715359e-01
 7.00000e+00 -1.60000e+00       2.791e+01  2.153676e-01  0.000000e+00 -9.169539e-01  7.846324e-01
-7.00000e+00 -1.20000e+00       1.733e+01  4.084885e-01  0.000000e+00  8.565064e-01  5.915115e-01
-6.30000e+00 -1.20000e+00       1.749e+02  5.624615e-01  0.000000e+00  2.185945e-01  4.375385e-01
-5.60000e+00 -1.20000e+00       1.254e+04  5.900380e-01  0.000000e+00 -1.478792e-02  4.099620e-01
-4.90000e+00 -1.20000e+00       5.174e+05  5.993236e-01  0.000000e+00 -9.911340e-02  4.006764e-01
-4.20000e+00 -1.20000e+00       1.366e+07  6.647348e-01  0.000000e+00 -1.089268e-01  3.352652e-01
-3.50000e+00 -1.20000e+00       1.832e+08  6.693589e-01  0.000000e+00 -7.410614e-02  3.306411e-01
-2.80000e+00 -1.20000e+00       1.009e+09  5.897432e-01  0.000000e+00 -1.709382e-02  4.102568e-01
-2.10000e+00 -1.20000e+00       3.031e+09  5.305896e-01  0.000000e+00  6.520233e-03  4.694104e-01
-1.40000e+00 -1.20000e+00       7.356e+09  6.427343e-01  0.000000e+00 -6.702908e-02  3.572657e-01
-7.00000e-01 -1.20000e+00       1.278e+10  7.572518e-01  0.000000e+00 -7.554924e-02  2.427482e-01
 0.00000e+00 -1.20000e+00       1.513e+10  7.928382e-01  0.000000e+00 -4.352033e-14  2.071618e-01
 7.00000e-01 -1.20000e+00       1.278e+10  7.572518e-01  0.000000e+00  7.554924e-02  2.427482e-01
 1.40000e+00 -1.20000e+00       7.356e+09  6.427343e-01  0.000000e+00  6.702908e-02  3.572657e-01
 2.10000e+00 -1.20000e+00       3.031e+09  5.305896e-01  0.000000e+00 -6.520233e-03  4.694104e-01
 2.80000e+00 -1.20000e+00       1.009e+09  5.897432e-01  0.000000e+00  1.709382e-02  4.102568e-01
 3.50000e+00 -1.20000e+00       1.832e+08  6.693589e-01  0.000000e+00  7.410614e-02  3.306411e-01
 4.20000e+00 -1.20000e+00       1.366e+07  6.647348e-01  0.000000e+00  1.089268e-01  3.352652e-01
 4.90000e+00 -1.20000e+00       5.174e+05  5.993236e-01  0.000000e+00  9.911340e-02  4.006764e-01
 5.60000e+00 -1.20000e+00       1.254e+04  5.900380e-01  0.000000e+00  1.478792e-02  4.099620e-01
 6.30000e+00 -1.20000e+00       1.749e+02  5.624615e-01  0.000000e+00 -2.185945e-01  4.375385e-01
 7.00000e+00 -1.20000e+00       1.733e+01  4.084885e-01  0.000000e+00 -8.565063e-01  5.915115e-01
-7.00000e+00 -8.00000e-01       7.740e+01  7.497650e-01  0.000000e+00  3.121498e-01  2.502350e-01
-6.30000e+00 -8.00000e-01       6.844e+03  7.805465e-01  0.000000e+00 -1.346732e-02  2.194535e-01
-5.60000e+00 -8.00000e-01       5.060e+05  7.893207e-01  0.000000e+00 -1.315681e-02  2.106793e-01
-4.90000e+00 -8.00000e-01       1.764e+07  7.899593e-01  0.000000e+00 -9.765854e-03  2.100407e-01
-4.20000e+00 -8.00000e-01       3.082e+08  7.904354e-01  0.000000e+00 -9.765569e-03  2.095646e-01
-3.50000e+00 -8.00000e-01       2.883e+09  7.921982e-01  0.000000e+00 -8.778205e-03  2.078018e-01
-2.80000e+00 -8.00000e-01       1.574e+10  8.001193e-01  0.000000e+00 -1.052824e-02  1.998807e-01
-2.10000e+00 -8.00000e-01       5.483e+10  8.209616e-01  0.000000e+00 -2.398671e-02  1.790384e-01
-1.40000e+00 -8.00000e-01       1.254e+11  8.362157e-01  0.000000e+00 -3.974794e-02  1.637843e-01
-7.00000e-01 -8.00000e-01       1.858e+11  8.250586e-01  0.000000e+00 -3.034527e-02  1.749414e-01
 0.00000e+00 -8.00000e-01       2.024e+11  8.132418e-01  0.000000e+00  4.622025e-15  1.867582e-01
 7.00000e-01 -8.00000e-01       1.858e+11  8.250586e-01  0.000000e+00  3.034527e-02  1.749414e-01
 1.40000e+00 -8.00000e-01       1.254e+11  8.362157e-01  0.000000e+00  3.974794e-02  1.637843e-01
 2.10000e+00 -8.00000e-01       5.483e+10  8.209616e-01  0.000000e+00  2.398671e-02  1.790384e-01
 2.80000e+00 -8.00000e-01       1.574e+10  8.001193e-01  0.000000e+00  1.052824e-02  1.998807e-01
 3.50000e+00 -8.00000e-01       2.883e+09  7.921982e-01  0.000000e+00  8.778205e-03  2.078018e-01
 4.20000e+00 -8.00000e-01       3.082e+08  7.904354e-01  0.000000e+00  9.765569e-03  2.095646e-01
 4.90000e+00 -8.00000e-01       1.764e+07  7.899593e-01  0.000000e+00  9.765854e-03  2.100407e-01
 5.60000e+00 -8.00000e-01       5.060e+05  7.893207e-01  0.000000e+00  1.315681e-02  2.106793e-01
 6.30000e+00 -8.00000e-01       6.844e+03  7.805465e-01  0.000000e+00  1.346732e-02  2.194535e-01
 7.00000e+00 -8.00000e-01       7.740e+01  7.497649e-01  0.000000e+00 -3.121499e-01  2.502351e-01
-7.00000e+00 -4.00000e-01       6.734e+02  9.451673e-01  0.000000e+00  2.862494e-02  5.483268e-02
-6.30000e+00 -4.00000e-01       9.181e+04  9.406118e-01  0.000000e+00  2.658506e-02  5.938822e-02
-5.60000e+00 -4.00000e-01       6.145e+06  9.398967e-01  0.000000e+00  2.842884e-02  6.010328e-02
-4.90000e+00 -4.00000e-01       1.904e+08  9.406426e-01  0.000000e+00  2.720989e-02  5.935739e-02
-4.20000e+00 -4.00000e-01       2.848e+09  9.397027e-01  0.000000e+00  1.783813e-02  6.029734e-02
-3.50000e+00 -4.00000e-01       2.287e+10  9.372789e-01  0.000000e+00  7.718093e-03  6.272109e-02
-2.80000e+00 -4.00000e-01       1.049e+11  9.324088e-01  0.000000e+00  5.683528e-03  6.759121e-02
-2.10000e+00 -4.00000e-01       2.900e+11  9.205875e-01  0.000000e+00  1.635719e-03  7.941247e-02
-1.40000e+00 -4.00000e-01       5.994e+11  9.065686e-01  0.000000e+00  5.064009e-04  9.343136e-02
-7.00000e-01 -4.00000e-01       1.276e+12  9.168839e-01  0.000000e+00  6.671042e-03  8.311611e-02
 0.00000e+00 -4.00000e-01       1.852e+12  9.255155e-01  0.000000e+00  3.067912e-15  7.448455e-02
 7.00000e-01 -4.00000e-01       1.276e+12  9.168839e-01  0.000000e+00 -6.671042e-03  8.311611e-02
 1.40000e+00 -4.00000e-01       5.994e+11  9.065686e-01  0.000000e+00 -5.064009e-04  9.343136e-02
 2.10000e+00 -4.00000e-01       2.900e+11  9.205875e-01  0.000000e+00 -1.635719e-03  7.941247e-02
 2.80000e+00 -4.00000e-01       1.049e+11  9.324088e-01  0.000000e+00 -5.683528e-03  6.759121e-02
 3.50000e+00 -4.00000e-01       2.287e+10  9.372789e-01  0.000000e+00 -7.718093e-03  6.272109e-02
 4.20000e+00 -4.00000e-01       2.848e+09  9.397027e-01  0.000000e+00 -1.783813e-02  6.029734e-02
 4.90000e+00 -4.00000e-01       1.904e+08  9.406426e-01  0.000000e+00 -2.720989e-02  5.935739e-02
 5.60000e+00 -4.00000e-01       6.145e+06  9.398967e-01  0.000000e+00 -2.842884e-02  6.010328e-02
 6.30000e+00 -4.00000e-01       9.181e+04  9.406118e-01  0.000000e+00 -2.658506e-02  5.938822e-02
 7.00000e+00 -4.00000e-01       6.734e+02  9.451673e-01  0.000000e+00 -2.862495e-02  5.483268e-02
-7.00000e+00  0.00000e+00       5.144e+03  9.999894e-01  0.000000e+00  4.499160e-13  1.055223e-05
-6.30000e+00  0.00000e+00       3.520e+05  9.999803e-01  0.000000e+00 -1.723156e-13  1.972142e-05
-5.60000e+00  0.00000e+00       1.546e+07  9.999736e-01  0.000000e+00 -2.033082e-12  2.644801e-05
-4.90000e+00  0.00000e+00       4.185e+08  9.999718e-01  0.000000e+00 -1.182657e-11  2.824884e-05
-4.20000e+00  0.00000e+00       5.810e+09  9.999657e-01  0.000000e+00 -4.084814e-11  3.425244e-05
-3.50000e+00  0.00000e+00       4.320e+10  9.999566e-01  0.000000e+00 -8.092430e-11  4.344334e-05
-2.80000e+00  0.00000e+00       1.952e+11  9.999527e-01  0.000000e+00 -8.111013e-11  4.726912e-05
-2.10000e+00  0.00000e+00       5.877e+11  9.999606e-01  0.000000e+00 -3.338088e-11  3.935850e-05
-1.40000e+00  0.00000e+00       1.232e+12  9.999762e-01  0.000000e+00  3.908871e-12  2.377727e-05
-7.00000e-01  0.00000e+00       1.725e+12  9.999933e-01  0.000000e+00  1.006312e-11  6.677386e-06
 0.00000e+00  0.00000e+00       1.778e+12  9.999938e-01  0.000000e+00 -2.199576e-18  6.214794e-06
 7.00000e-01  0.00000e+00       1.725e+12  9.999933e-01  0.000000e+00 -1.006311e-11  6.677386e-06
 1.40000e+00  0.00000e+00       1.232e+12  9.999762e-01  0.000000e+00 -3.908862e-12  2.377727e-05
 2.10000e+00  0.00000e+00       5.877e+11  9.999606e-01  0.000000e+00  3.338088e-11  3.935850e-05
 2.80000e+00  0.00000e+00       1.952e+11  9.999527e-01  0.000000e+00  8.111012e-11  4.726912e-05
 3.50000e+00  0.00000e+00       4.320e+10  9.999566e-01  0.000000e+00  8.092429e-11  4.344334e-05
 4.20000e+00  0.00000e+00       5.810e+09  9.999657e-01  0.000000e+00  4.084814e-11  3.425244e-05
 4.90000e+00  0.00000e+00       4.185e+08  9.999718e-01  0.000000e+00  1.182663e-11  2.824884e-05
 5.60000e+00  0.00000e+00       1.546e+07  9.999736e-01  0.000000e+00  2.033664e-12  2.644801e-05
 6.30000e+00  0.00000e+00       3.520e+05  9.999803e-01  0.000000e+00  1.609206e-13  1.972142e-05
 7.00000e+00  0.00000e+00       5.144e+03  9.999894e-01  0.000000e+00 -2.690050e-12  1.055222e-05
-7.00000e+00  4.00000e-01       6.734e+02  9.451673e-01  0.000000e+00 -2.862494e-02  5.483268e-02
-6.30000e+00  4.00000e-01       9.181e+04  9.406118e-01  0.000000e+00 -2.658506e-02  5.938822e-02
-5.60000e+00  4.00000e-01       6.145e+06  9.398967e-01  0.000000e+00 -2.842884e-02  6.010328e-02
-4.90000e+00  4.00000e-01       1.904e+08  9.406426e-01  0.000000e+00 -2.720989e-02  5.935739e-02
-4.20000e+00  4.00000e-01       2.848e+09  9.397027e-01  0.000000e+00 -1.783813e-02  6.029734e-02
-3.50000e+00  4.00000e-01       2.287e+10  9.372789e-01  0.000000e+00 -7.718094e-03  6.272109e-02
-2.80000e+00  4.00000e-01       1.049e+11  9.324088e-01  0.000000e+00 -5.683528e-03  6.759121e-02
-2.10000e+00  4.00000e-01       2.900e+11  9.205875e-01  0.000000e+00 -1.635720e-03  7.941247e-02
-1.40000e+00  4.00000e-01       5.994e+11  9.065686e-01  0.000000e+00 -5.064008e-04  9.343136e-02
-7.00000e-01  4.00000e-01       1.276e+12  9.168839e-01  0.000000e+00 -6.671042e-03  8.311611e-02
 0.00000e+00  4.00000e-01       1.852e+12  9.255155e-01  0.000000e+00 -3.073378e-15  7.448455e-02
 7.00000e-01  4.00000e-01       1.276e+12  9.168839e-01  0.000000e+00  6.671042e-03  8.311611e-02
 1.40000e+00  4.00000e-01       5.994e+11  9.065686e-01  0.000000e+00  5.064008e-04  9.343136e-02
 2.10000e+00  4.00000e-01       2.900e+11  9.205875e-01  0.000000e+00  1.635720e-03  7.941247e-02
 2.80000e+00  4.00000e-01       1.049e+11  9.324088e-01  0.000000e+00  5.683528e-03  6.759121e-02
 3.50000e+00  4.00000e-01       2.287e+10  9.372789e-01  0.000000e+00  7.718094e-03  6.272109e-02
 4.20000e+00  4.00000e-01       2.848e+09  9.397027e-01  0.000000e+00  1.783813e-02  6.029734e-02
 4.90000e+00  4.00000e-01       1.904e+08  9.406426e-01  0.000000e+00  2.720989e-02  5.935739e-02
 5.60000e+00  4.00000e-01       6.145e+06  9.398967e-01  0.000000e+00  2.842884e-02  6.010328e-02
 6.30000e+00  4.00000e-01       9.181e+04  9.406118e-01  0.000000e+00  2.658506e-02  5.938822e-02
 7.00000e+00  4.00000e-01       6.734e+02  9.451673e-01  0.000000e+00  2.862495e-02  5.483268e-02
-7.00000e+00  8.00000e-01       7.740e+01  7.497650e-01  0.000000e+00 -3.121498e-01  2.502350e-01
-6.30000e+00  8.00000e-01       6.844e+03  7.805465e-01  0.000000e+00  1.346732e-02  2.194535e-01
-5.60000e+00  8.00000e-01       5.060e+05  7.893207e-01  0.000000e+00  1.315681e-02  2.106793e-01
-4.90000e+00  8.00000e-01       1.764e+07  7.899593e-01  0.000000e+00  9.765853e-03  2.100407e-01
-4.20000e+00  8.00000e-01       3.082e+08  7.904354e-01  0.000000e+00  9.765567e-03  2.095646e-01
-3.50000e+00  8.00000e-01       2.883e+09  7.921982e-01  0.000000e+00  8.778203e-03  2.078018e-01
-2.80000e+00  8.00000e-01       1.574e+10  8.001193e-01  0.000000e+00  1.052824e-02  1.998807e-01
-2.10000e+00  8.00000e-01       5.483e+10  8.209616e-01  0.000000e+00  2.398671e-02  1.790384e-01
-1.40000e+00  8.00000e-01       1.254e+11  8.362157e-01  0.000000e+00  3.974794e-02  1.637843e-01
-7.00000e-01  8.00000e-01       1.858e+11  8.250586e-01  0.000000e+00  3.034527e-02  1.749414e-01
 0.00000e+00  8.00000e-01       2.024e+11  8.132418e-01  0.000000e+00 -4.410514e-15  1.867582e-01
 7.00000e-01  8.00000e-01       1.858e+11  8.250586e-01  0.000000e+00 -3.034527e-02  1.749414e-01
 1.40000e+00  8.00000e-01       1.254e+11  8.362157e-01  0.000000e+00 -3.974794e-02  1.637843e-01
 2.10000e+00  8.00000e-01       5.483e+10  8.209616e-01  0.000000e+00 -2.398671e-02  1.790384e-01
 2.80000e+00  8.00000e-01       1.574e+10  8.001193e-01  0.000000e+00 -1.052824e-02  1.998807e-01
 3.50000e+00  8.00000e-01       2.883e+09  7.921982e-01  0.000000e+00 -8.778203e-03  2.078018e-01
 4.20000e+00  8.00000e-01       3.082e+08  7.904354e-01  0.000000e+00 -9.765567e-03  2.095646e-01
 4.90000e+00  8.00000e-01       1.764e+07  7.899593e-01  0.000000e+00 -9.765853e-03  2.100407e-01
 5.60000e+00  8.00000e-01       5.060e+05  7.893207e-01  0.000000e+00 -1.315681e-02  2.106793e-01
 6.30000e+00  8.00000e-01       6.844e+03  7.805465e-01  0.000000e+00 -1.346732e-02  2.194535e-01
 7.00000e+00  8.00000e-01       7.740e+01  7.497650e-01  0.000000e+00  3.121498e-01  2.502350e-01
-7.00000e+00  1.20000e+00       1.733e+01  4.084885e-01  0.000000e+00 -8.565064e-01  5.915115e-01
-6.30000e+00  1.20000e+00       1.749e+02  5.624615e-01  0.000000e+00 -2.185945e-01  4.375385e-01
-5.60000e+00  1.20000e+00       1.254e+04  5.900380e-01  0.000000e+00  1.478791e-02  4.099620e-01
-4.90000e+00  1.20000e+00       5.174e+05  5.993236e-01  0.000000e+00  9.911338e-02  4.006764e-01
-4.20000e+00  1.20000e+00       1.366e+07  6.647348e-01  0.000000e+00  1.089267e-01  3.352652e-01
-3.50000e+00  1.20000e+00       1.832e+08  6.693589e-01  0.000000e+00  7.410610e-02  3.306411e-01
-2.80000e+00  1.20000e+00       1.009e+09  5.897432e-01  0.000000e+00  1.709379e-02  4.102568e-01
-2.10000e+00  1.20000e+00       3.031e+09  5.305896e-01  0.000000e+00 -6.520247e-03  4.694104e-01
-1.40000e+00  1.20000e+00       7.356e+09  6.427343e-01  0.000000e+00  6.702908e-02  3.572657e-01
-7.00000e-01  1.20000e+00       1.278e+10  7.572518e-01  0.000000e+00  7.554924e-02  2.427482e-01
 0.00000e+00  1.20000e+00       1.513e+10  7.928382e-01  0.000000e+00 -2.809757e-14  2.071618e-01
 7.00000e-01  1.20000e+00       1.278e+10  7.572518e-01  0.000000e+00 -7.554924e-02  2.427482e-01
 1.40000e+00  1.20000e+00       7.356e+09  6.427343e-01  0.000000e+00 -6.702908e-02  3.572657e-01
 2.10000e+00  1.20000e+00       3.031e+09  5.305896e-01  0.000000e+00  6.520247e-03  4.694104e-01
 2.80000e+00  1.20000e+00       1.009e+09  5.897432e-01  0.000000e+00 -1.709379e-02  4.102568e-01
 3.50000e+00  1.20000e+00       1.832e+08  6.693589e-01  0.000000e+00 -7.410610e-02  3.306411e-01
 4.20000e+00  1.20000e+00       1.366e+07  6.647348e-01  0.000000e+00 -1.089267e-01  3.352652e-01
 4.90000e+00  1.20000e+00       5.174e+05  5.993236e-01  0.000000e+00 -9.911338e-02  4.006764e-01
 5.60000e+00  1.20000e+00       1.254e+04  5.900380e-01  0.000000e+00 -1.478791e-02  4.099620e-01
 6.30000e+00  1.20000e+00       1.749e+02  5.624615e-01  0.000000e+00  2.185945e-01  4.375385e-01
 7.00000e+00  1.20000e+00       1.733e+01  4.084885e-01  0.000000e+00  8.565063e-01  5.915115e-01
-7.00000e+00  1.60000e+00       2.791e+01  2.153676e-01  0.000000e+00 -9.169539e-01  7.846324e-01
-6.30000e+00  1.60000e+00       6.145e+01  2.846407e-02  0.000000e+00 -5.887713e-01  9.715359e-01
-5.60000e+00  1.60000e+00       5.345e+03  6.259640e-01  0.000000e+00  2.225945e-01  3.740360e-01
-4.90000e+00  1.60000e+00       4.104e+05  6.453189e-01  0.000000e+00  2.147412e-01  3.546811e-01
-4.20000e+00  1.60000e+00       1.069e+07  6.486799e-01  0.000000e+00  1.943431e-01  3.513201e-01
-3.50000e+00  1.60000e+00       1.069e+08  6.502069e-01  0.000000e+00  1.630468e-01  3.497931e-01
-2.80000e+00  1.60000e+00       4.985e+08  6.490027e-01  0.000000e+00  1.201941e-01  3.509973e-01
-2.10000e+00  1.60000e+00       1.348e+09  6.436940e-01  0.000000e+00  7.676457e-02  3.563060e-01
-1.40000e+00  1.60000e+00       2.538e+09  6.346161e-01  0.000000e+00  4.163838e-02  3.653839e-01
-7.00000e-01  1.60000e+00       4.065e+09  6.243294e-01  0.000000e+00  1.554307e-02  3.756706e-01
 0.00000e+00  1.60000e+00       5.080e+09  6.199561e-01  0.000000e+00  2.491018e-16  3.800439e-01
 7.00000e-01  1.60000e+00       4.065e+09  6.243294e-01  0.000000e+00 -1.554307e-02  3.756706e-01
 1.40000e+00  1.60000e+00       2.538e+09  6.346161e-01  0.000000e+00 -4.163838e-02  3.653839e-01
 2.10000e+00  1.60000e+00       1.348e+09  6.436940e-01  0.000000e+00 -7.676457e-02  3.563060e-01
 2.80000e+00  1.60000e+00       4.985e+08  6.490027e-01  0.000000e+00 -1.201941e-01  3.509973e-01
 3.50000e+00  1.60000e+00       1.069e+08  6.502069e-01  0.000000e+00 -1.630468e-01  3.497931e-01
 4.20000e+00  1.60000e+00       1.069e+07  6.486799e-01  0.000000e+00 -1.943431e-01  3.513201e-01
 4.90000e+00  1.60000e+00       4.104e+05  6.453189e-01  0.000000e+00 -2.147412e-01  3.546811e-01
 5.60000e+00  1.60000e+00       5.345e+03  6.259640e-01  0.000000e+00 -2.225945e-01  3.740360e-01
 6.30000e+00  1.60000e+00       6.145e+01  2.846407e-02  0.000000e+00  5.887713e-01  9.715359e-01
 7.00000e+00  1.60000e+00       2.791e+01  2.153676e-01  0.000000e+00  9.169539e-01  7.846324e-01
-7.00000e+00  2.00000e+00       2.217e+01  8.508124e-02  0.000000e+00 -9.454489e-01  9.149188e-01
-6.30000e+00  2.00000e+00       2.704e+01 -5.348076e-01  0.000000e+00 -9.217287e-01  4.651924e-01
-5.60000e+00  2.00000e+00       2.214e+02  9.518384e-02  0.000000e+00  1.671742e-01  9.048162e-01
-4.90000e+00  2.00000e+00       3.961e+04  5.625911e-01  0.000000e+00  1.987245e-01  4.374089e-01
-4.20000e+00  2.00000e+00       1.926e+06  5.802273e-01  0.000000e+00  1.768481e-01  4.197727e-01
-3.50000e+00  2.00000e+00       3.265e+07  5.817341e-01  0.000000e+00  1.540348e-01  4.182659e-01
-2.80000e+00  2.00000e+00       2.327e+08  5.804789e-01  0.000000e+00  1.225928e-01  4.195211e-01
-2.10000e+00  2.00000e+00       8.033e+08  5.776388e-01  0.000000e+00  8.970735e-02  4.223612e-01
-1.40000e+00  2.00000e+00       1.577e+09  5.705813e-01  0.000000e+00  5.579085e-02  4.294187e-01
-7.00000e-01  2.00000e+00       2.451e+09  5.574278e-01  0.000000e+00  2.152446e-02  4.425722e-01
 0.00000e+00  2.00000e+00       3.041e+09  5.508705e-01  0.000000e+00  1.436475e-16  4.491295e-01
 7.00000e-01  2.00000e+00       2.451e+09  5.574278e-01  0.000000e+00 -2.152446e-02  4.425722e-01
 1.40000e+00  2.00000e+00       1.577e+09  5.705813e-01  0.000000e+00 -5.579085e-02  4.294187e-01
 2.10000e+00  2.00000e+00       8.033e+08  5.776388e-01  0.000000e+00 -8.970735e-02  4.223612e-01
 2.80000e+00  2.00000e+00       2.327e+08  5.804789e-01  0.000000e+00 -1.225928e-01  4.195211e-01
 3.50000e+00  2.00000e+00       3.265e+07  5.817341e-01  0.000000e+00 -1.540348e-01  4.182659e-01
 4.20000e+00  2.00000e+00       1.926e+06  5.802273e-01  0.000000e+00 -1.768481e-01  4.197727e-01
 4.90000e+00  2.00000e+00       3.961e+04  5.625911e-01  0.000000e+00 -1.987245e-01  4.374089e-01
 5.60000e+00  2.00000e+00       2.214e+02  9.518384e-02  0.000000e+00 -1.671742e-01  9.048162e-01
 6.30000e+00  2.00000e+00       2.704e+01 -5.348076e-01  0.000000e+00  9.217287e-01  4.651924e-01
 7.00000e+00  2.00000e+00       2.217e+01  8.508124e-02  0.000000e+00  9.454489e-01  9.149188e-01
-7.00000e+00  2.40000e+00       2.238e+01 -1.009296e-01  0.000000e+00 -9.517174e-01  8.990704e-01
-6.30000e+00  2.40000e+00       2.862e+01 -5.674947e-01  0.000000e+00 -9.083397e-01  4.325053e-01
-5.60000e+00  2.40000e+00       7.127e+01 -7.152636e-01  0.000000e+00  1.517891e-01  2.847364e-01
-4.90000e+00  2.40000e+00       1.489e+04  4.828384e-01  0.000000e+00  2.536238e-01  5.171616e-01
-4.20000e+00  2.40000e+00       6.983e+05  5.233147e-01  0.000000e+00  2.291015e-01  4.766853e-01
-3.50000e+00  2.40000e+00       9.495e+06  5.282246e-01  0.000000e+00  2.199711e-01  4.717754e-01
-2.80000e+00  2.40000e+00       4.692e+07  5.298821e-01  0.000000e+00  1.870534e-01  4.701179e-01
-2.10000e+00  2.40000e+00       1.574e+08  5.317210e-01  0.000000e+00  1.034993e-01  4.682790e-01
-1.40000e+00  2.40000e+00       4.787e+08  5.257315e-01  0.000000e+00  5.082074e-02  4.742685e-01
-7.00000e-01  2.40000e+00       9.758e+08  5.105671e-01  0.000000e+00  2.248848e-02  4.894329e-01
 0.00000e+00  2.40000e+00       1.265e+09  5.019777e-01  0.000000e+00 -1.375909e-16  4.980223e-01
 7.00000e-01  2.40000e+00       9.758e+08  5.105671e-01  0.000000e+00 -2.248848e-02  4.894329e-01
 1.40000e+00  2.40000e+00       4.787e+08  5.257315e-01  0.000000e+00 -5.082074e-02  4.742685e-01
 2.10000e+00  2.40000e+00       1.574e+08  5.317210e-01  0.000000e+00 -1.034993e-01  4.682790e-01
 2.80000e+00  2.40000e+00       4.692e+07  5.298821e-01  0.000000e+00 -1.870534e-01  4.701179e-01
 3.50000e+00  2.40000e+00       9.495e+06  5.282246e-01  0.000000e+00 -2.199711e-01  4.717754e-01
 4.20000e+00  2.40000e+00       6.983e+05  5.233147e-01  0.000000e+00 -2.291015e-01  4.766853e-01
 4.90000e+00  2.40000e+00       1.489e+04  4.828384e-01  0.000000e+00 -2.536238e-01  5.171616e-01
 5.60000e+00  2.40000e+00       7.127e+01 -7.152636e-01  0.000000e+00 -1.517891e-01  2.847364e-01
 6.30000e+00  2.40000e+00       2.862e+01 -5.674947e-01  0.000000e+00  9.083397e-01  4.325053e-01
 7.00000e+00  2.40000e+00       2.238e+01 -1.009296e-01  0.000000e+00  9.517174e-01  8.990704e-01
-7.00000e+00  2.80000e+00       1.860e+01 -2.553022e-01  0.000000e+00 -9.360637e-01  7.446978e-01
-6.30000e+00  2.80000e+00       2.240e+01 -6.726801e-01  0.000000e+00 -8.686750e-01  3.273199e-01
-5.60000e+00  2.80000e+00       8.562e+01  3.944540e-01  0.000000e+00 -1.336482e-01  6.055460e-01
-4.90000e+00  2.80000e+00       1.155e+03  9.989431e-01  0.000000e+00  4.696500e-02  1.056882e-03
-4.20000e+00  2.80000e+00       1.121e+04  9.438871e-01  0.000000e+00  4.156166e-02  5.611294e-02
-3.50000e+00  2.80000e+00       5.954e+04  9.771172e-01  0.000000e+00  1.846272e-02  2.288278e-02
-2.80000e+00  2.80000e+00       4.443e+04  6.817574e-01  0.000000e+00  2.120288e-01  3.182426e-01
-2.10000e+00  2.80000e+00       2.762e+06  7.374680e-01  0.000000e+00  2.129299e-02  2.625320e-01
-1.40000e+00  2.80000e+00       3.029e+07  5.442687e-01  0.000000e+00  5.098188e-03  4.557313e-01
-7.00000e-01  2.80000e+00       1.503e+08  4.567672e-01  0.000000e+00  1.717990e-03  5.432328e-01
 0.00000e+00  2.80000e+00       2.637e+08  4.401119e-01  0.000000e+00 -3.393439e-17  5.598881e-01
 7.00000e-01  2.80000e+00       1.503e+08  4.567672e-01  0.000000e+00 -1.717990e-03  5.432328e-01
 1.40000e+00  2.80000e+00       3.029e+07  5.442687e-01  0.000000e+00 -5.098188e-03  4.557313e-01
 2.10000e+00  2.80000e+00       2.762e+06  7.374680e-01  0.000000e+00 -2.129299e-02  2.625320e-01
 2.80000e+00  2.80000e+00       4.443e+04  6.817574e-01  0.000000e+00 -2.120288e-01  3.182426e-01
 3.50000e+00  2.80000e+00       5.954e+04  9.771172e-01  0.000000e+00 -1.846272e-02  2.288278e-02
 4.20000e+00  2.80000e+00       1.121e+04  9.438871e-01  0.000000e+00 -4.156166e-02  5.611294e-02
 4.90000e+00  2.80000e+00       1.155e+03  9.989431e-01  0.000000e+00 -4.696500e-02  1.056882e-03
 5.60000e+00  2.80000e+00       8.562e+01  3.944540e-01  0.000000e+00  1.336482e-01  6.055460e-01
 6.30000e+00  2.80000e+00       2.240e+01 -6.726801e-01  0.000000e+00  8.686750e-01  3.273199e-01
 7.00000e+00  2.80000e+00       1.860e+01 -2.553022e-01  0.000000e+00  9.360637e-01  7.446978e-01
-7.00000e+00  3.20000e+00       1.685e+01 -4.121654e-01  0.000000e+00 -8.961138e-01  5.878346e-01
-6.30000e+00  3.20000e+00       2.030e+01 -7.121213e-01  0.000000e+00 -8.295475e-01  2.878787e-01
-5.60000e+00  3.20000e+00       7.023e+01  3.771994e-01  0.000000e+00 -1.123753e-01  6.228006e-01
-4.90000e+00  3.20000e+00       9.276e+02  9.914300e-01  0.000000e+00  3.927170e-02  8.570010e-03
-4.20000e+00  3.20000e+00       8.915e+03  9.482531e-01  0.000000e+00  3.505712e-02  5.174685e-02
-3.50000e+00  3.20000e+00       4.589e+04  9.935482e-01  0.000000e+00  2.049151e-02  6.451773e-03
-2.80000e+00  3.20000e+00       3.687e+04 -1.346086e-01  0.000000e+00  2.298404e-01  8.653914e-01
-2.10000e+00  3.20000e+00       4.449e+06  6.109641e-01  0.000000e+00  2.047637e-02  3.890359e-01
-1.40000e+00  3.20000e+00       5.281e+07  5.107767e-01  0.000000e+00  1.285762e-02  4.892233e-01
-7.00000e-01  3.20000e+00       2.425e+08  4.684979e-01  0.000000e+00  7.099748e-03  5.315021e-01
 0.00000e+00  3.20000e+00       4.055e+08  4.587919e-01  0.000000e+00 -1.893020e-16  5.412081e-01
 7.00000e-01  3.20000e+00       2.425e+08  4.684979e-01  0.000000e+00 -7.099748e-03  5.315021e-01
 1.40000e+00  3.20000e+00       5.281e+07  5.107767e-01  0.000000e+00 -1.285762e-02  4.892233e-01
 2.10000e+00  3.20000e+00       4.449e+06  6.109641e-01  0.000000e+00 -2.047637e-02  3.890359e-01
 2.80000e+00  3.20000e+00       3.687e+04 -1.346086e-01  0.000000e+00 -2.298404e-01  8.653914e-01
 3.50000e+00  3.20000e+00       4.589e+04  9.935482e-01  0.000000e+00 -2.049151e-02  6.451773e-03
 4.20000e+00  3.20000e+00       8.915e+03  9.482531e-01  0.000000e+00 -3.505712e-02  5.174685e-02
 4.90000e+00  3.20000e+00       9.276e+02  9.914300e-01  0.000000e+00 -3.927170e-02  8.570010e-03
 5.60000e+00  3.20000e+00       7.023e+01  3.771994e-01  0.000000e+00  1.123753e-01  6.228006e-01
 6.30000e+00  3.20000e+00       2.030e+01 -7.121213e-01  0.000000e+00  8.295475e-01  2.878787e-01
 7.00000e+00  3.20000e+00       1.685e+01 -4.121654e-01  0.000000e+00  8.961138e-01  5.878346e-01
-7.00000e+00  3.60000e+00       1.417e+01 -6.614181e-01  0.000000e+00 -7.461631e-01  3.385819e-01
-6.30000e+00  3.60000e+00       3.171e+01 -7.911873e-01  0.000000e+00 -7.226802e-01  2.088127e-01
-5.60000e+00  3.60000e+00       7.007e+01  1.023588e-01  0.000000e+00 -2.437531e-01  8.976412e-01
-4.90000e+00  3.60000e+00       7.733e+02  9.893607e-01  0.000000e+00  2.456941e-02  1.063933e-02
-4.20000e+00  3.60000e+00       7.439e+03  9.461972e-01  0.000000e+00  2.812637e-02  5.380283e-02
-3.50000e+00  3.60000e+00       3.758e+04  9.972598e-01  0.000000e+00  1.827547e-02  2.740231e-03
-2.80000e+00  3.60000e+00       9.046e+04  2.870571e-01  0.000000e+00  1.059259e-01  7.129429e-01
-2.10000e+00  3.60000e+00       5.115e+06  5.814133e-01  0.000000e+00  3.369856e-02  4.185867e-01
-1.40000e+00  3.60000e+00       5.148e+07  5.122330e-01  0.000000e+00  2.729963e-02  4.877670e-01
-7.00000e-01  3.60000e+00       1.990e+08  4.735016e-01  0.000000e+00  1.642888e-02  5.264984e-01
 0.00000e+00  3.60000e+00       3.096e+08  4.616724e-01  0.000000e+00  2.551006e-16  5.383276e-01
 7.00000e-01  3.60000e+00       1.990e+08  4.735016e-01  0.000000e+00 -1.642888e-02  5.264984e-01
 1.40000e+00  3.60000e+00       5.148e+07  5.122330e-01  0.000000e+00 -2.729963e-02  4.877670e-01
 2.10000e+00  3.60000e+00       5.115e+06  5.814133e-01  0.000000e+00 -3.369856e-02  4.185867e-01
 2.80000e+00  3.60000e+00       9.046e+04  2.870571e-01  0.000000e+00 -1.059259e-01  7.129429e-01
 3.50000e+00  3.60000e+00       3.758e+04  9.972598e-01  0.000000e+00 -1.827547e-02  2.740231e-03
 4.20000e+00  3.60000e+00       7.439e+03  9.461972e-01  0.000000e+00 -2.812637e-02  5.380283e-02
 4.90000e+00  3.60000e+00       7.733e+02  9.893607e-01  0.000000e+00 -2.456941e-02  1.063933e-02
 5.60000e+00  3.60000e+00       7.007e+01  1.023588e-01  0.000000e+00  2.437531e-01  8.976412e-01
 6.30000e+00  3.60000e+00       3.171e+01 -7.911873e-01  0.000000e+00  7.226802e-01  2.088127e-01
 7.00000e+00  3.60000e+00       1.417e+01 -6.614181e-01  0.000000e+00  7.461631e-01  3.385819e-01
-7.00000e+00  4.00000e+00       1.389e+00 -9.397373e-01  0.000000e+00 -4.284123e-01  6.026268e-02
-6.30000e+00  4.00000e+00       1.150e+01 -8.206192e-01  0.000000e+00 -3.361882e-01  1.793808e-01
-5.60000e+00  4.00000e+00       6.474e+01  9.620266e-02  0.000000e+00 -1.308321e-01  9.037973e-01
-4.90000e+00  4.00000e+00       6.720e+02  9.737307e-01  0.000000e+00  1.290896e-02  2.626930e-02
-4.20000e+00  4.00000e+00       6.421e+03  9.426453e-01  0.000000e+00  2.125434e-02  5.735475e-02
-3.50000e+00  4.00000e+00       3.137e+04  9.690121e-01  0.000000e+00  2.004350e-02  3.098789e-02
-2.80000e+00  4.00000e+00       2.025e+05  4.268602e-01  0.000000e+00  9.593127e-02  5.731398e-01
-2.10000e+00  4.00000e+00       6.553e+06  5.624138e-01  0.000000e+00  5.942464e-02  4.375862e-01
-1.40000e+00  4.00000e+00       5.168e+07  5.208511e-01  0.000000e+00  5.148528e-02  4.791489e-01
-7.00000e-01  4.00000e+00       1.573e+08  4.846315e-01  0.000000e+00  3.288941e-02  5.153685e-01
 0.00000e+00  4.00000e+00       2.201e+08  4.686984e-01  0.000000e+00  3.222038e-17  5.313016e-01
 7.00000e-01  4.00000e+00       1.573e+08  4.846315e-01  0.000000e+00 -3.288941e-02  5.153685e-01
 1.40000e+00  4.00000e+00       5.168e+07  5.208511e-01  0.000000e+00 -5.148528e-02  4.791489e-01
 2.10000e+00  4.00000e+00       6.553e+06  5.624138e-01  0.000000e+00 -5.942464e-02  4.375862e-01
 2.80000e+00  4.00000e+00       2.025e+05  4.268602e-01  0.000000e+00 -9.593127e-02  5.731398e-01
 3.50000e+00  4.00000e+00       3.137e+04  9.690121e-01  0.000000e+00 -2.004350e-02  3.098789e-02
 4.20000e+00  4.00000e+00       6.421e+03  9.426453e-01  0.000000e+00 -2.125434e-02  5.735475e-02
 4.90000e+00  4.00000e+00       6.720e+02  9.737307e-01  0.000000e+00 -1.290896e-02  2.626930e-02
 5.60000e+00  4.00000e+00       6.474e+01  9.620266e-02  0.000000e+00  1.308321e-01  9.037973e-01
 6.30000e+00  4.00000e+00       1.150e+01 -8.206192e-01  0.000000e+00  3.361882e-01  1.793808e-01
 7.00000e+00  4.00000e+00       1.389e+00 -9.397372e-01  0.000000e+00  4.284124e-01  6.026280e-02
