 EB(GeV)    EMITTANCEx EMITTANCEy SIZEx(m)   SIZEy(m)   DIVx(rad)  DIVy(rad)
 2.411e+00  5.499e-09  1.017e-12  8.711e-05  1.009e-06  6.313e-05  1.009e-06
 betax      alphax     betay      alphay     eta        deta       E_spread  
 1.380e+00  0.000e+00  1.000e+00  0.000e+00  0.000e+00  0.000e+00  8.600e-04
 Ibeam(A)   period(cm) #periods   Kx         Ky         Energy(eV)
 4.005e-01  1.900e+00         96  0.000e+00  1.780e+00  2.879e+04


           x            y       F.Density            PL            PC          PL45        1-|PL|
          mm           mm  ph/s/mr^2/0.1%             -             -             -             -
-7.00000e+00 -4.00000e+00       1.565e+01 -5.902383e-01  0.000000e+00  5.160666e-01  4.097617e-01
-6.30000e+00 -4.00000e+00       6.466e+01  2.608601e-01  0.000000e+00  3.655474e-01  7.391399e-01
-5.60000e+00 -4.00000e+00       6.376e+03  8.290133e-01  0.000000e+00  7.161931e-02  1.709867e-01
-4.90000e+00 -4.00000e+00       1.053e+05  8.429541e-01  0.000000e+00  9.798957e-02  1.570459e-01
-4.20000e+00 -4.00000e+00       1.061e+06  9.261290e-01  0.000000e+00  9.242346e-02  7.387099e-02
-3.50000e+00 -4.00000e+00       2.255e+07  9.160193e-01  0.000000e+00  2.695951e-02  8.398067e-02
-2.80000e+00 -4.00000e+00       8.700e+07  9.049697e-01  0.000000e+00  2.977529e-02  9.503031e-02
-2.10000e+00 -4.00000e+00       7.243e+07  7.157905e-01  0.000000e+00  1.229328e-01  2.842095e-01
-1.40000e+00 -4.00000e+00       2.012e+08  8.034198e-01  0.000000e+00  1.132013e-01  1.965802e-01
-7.00000e-01 -4.00000e+00       9.863e+08  9.439734e-01  0.000000e+00  1.791214e-02  5.602656e-02
 0.00000e+00 -4.00000e+00       1.775e+09  9.703490e-01  0.000000e+00 -1.888682e-15  2.965102e-02
 7.00000e-01 -4.00000e+00       9.863e+08  9.439734e-01  0.000000e+00 -1.791214e-02  5.602656e-02
 1.40000e+00 -4.00000e+00       2.012e+08  8.034198e-01  0.000000e+00 -1.132013e-01  1.965802e-01
 2.10000e+00 -4.00000e+00       7.243e+07  7.157905e-01  0.000000e+00 -1.229328e-01  2.842095e-01
 2.80000e+00 -4.00000e+00       8.700e+07  9.049697e-01  0.000000e+00 -2.977529e-02  9.503031e-02
 3.50000e+00 -4.00000e+00       2.255e+07  9.160193e-01  0.000000e+00 -2.695951e-02  8.398067e-02
 4.20000e+00 -4.00000e+00       1.061e+06  9.261290e-01  0.000000e+00 -9.242346e-02  7.387099e-02
 4.90000e+00 -4.00000e+00       1.053e+05  8.429541e-01  0.000000e+00 -9.798957e-02  1.570459e-01
 5.60000e+00 -4.00000e+00       6.376e+03  8.290133e-01  0.000000e+00 -7.161931e-02  1.709867e-01
 6.30000e+00 -4.00000e+00       6.466e+01  2.608601e-01  0.000000e+00 -3.655474e-01  7.391399e-01
 7.00000e+00 -4.00000e+00       1.565e+01 -5.902372e-01  0.000000e+00 -5.160684e-01  4.097628e-01
-7.00000e+00 -3.60000e+00       2.281e+01 -4.322066e-01  0.000000e+00  7.149456e-01  5.677934e-01
-6.30000e+00 -3.60000e+00       6.214e+01  5.607420e-01  0.000000e+00  4.437551e-01  4.392580e-01
-5.60000e+00 -3.60000e+00       7.515e+03  8.208351e-01  0.000000e+00  8.687402e-02  1.791649e-01
-4.90000e+00 -3.60000e+00       1.230e+05  8.430916e-01  0.000000e+00  1.197696e-01  1.569084e-01
-4.20000e+00 -3.60000e+00       1.244e+06  9.243084e-01  0.000000e+00  1.128313e-01  7.569157e-02
-3.50000e+00 -3.60000e+00       2.638e+07  9.147015e-01  0.000000e+00  3.304280e-02  8.529847e-02
-2.80000e+00 -3.60000e+00       1.031e+08  8.984305e-01  0.000000e+00  3.466253e-02  1.015695e-01
-2.10000e+00 -3.60000e+00       9.897e+07  6.839254e-01  0.000000e+00  1.138042e-01  3.160746e-01
-1.40000e+00 -3.60000e+00       2.214e+08  7.235975e-01  0.000000e+00  1.329441e-01  2.764025e-01
-7.00000e-01 -3.60000e+00       1.160e+09  9.447509e-01  0.000000e+00  2.236618e-02  5.524906e-02
 0.00000e+00 -3.60000e+00       2.094e+09  9.749173e-01  0.000000e+00 -1.947627e-15  2.508269e-02
 7.00000e-01 -3.60000e+00       1.160e+09  9.447509e-01  0.000000e+00 -2.236618e-02  5.524906e-02
 1.40000e+00 -3.60000e+00       2.214e+08  7.235975e-01  0.000000e+00 -1.329441e-01  2.764025e-01
 2.10000e+00 -3.60000e+00       9.897e+07  6.839254e-01  0.000000e+00 -1.138042e-01  3.160746e-01
 2.80000e+00 -3.60000e+00       1.031e+08  8.984305e-01  0.000000e+00 -3.466253e-02  1.015695e-01
 3.50000e+00 -3.60000e+00       2.638e+07  9.147015e-01  0.000000e+00 -3.304280e-02  8.529847e-02
 4.20000e+00 -3.60000e+00       1.244e+06  9.243084e-01  0.000000e+00 -1.128313e-01  7.569157e-02
 4.90000e+00 -3.60000e+00       1.230e+05  8.430916e-01  0.000000e+00 -1.197696e-01  1.569084e-01
 5.60000e+00 -3.60000e+00       7.515e+03  8.208351e-01  0.000000e+00 -8.687402e-02  1.791649e-01
 6.30000e+00 -3.60000e+00       6.214e+01  5.607420e-01  0.000000e+00 -4.437551e-01  4.392580e-01
 7.00000e+00 -3.60000e+00       2.281e+01 -4.322066e-01  0.000000e+00 -7.149456e-01  5.677934e-01
-7.00000e+00 -3.20000e+00       1.494e+01 -4.344286e-01  0.000000e+00  7.459495e-01  5.655714e-01
-6.30000e+00 -3.20000e+00       6.846e+01  8.681225e-01  0.000000e+00  4.801595e-01  1.318775e-01
-5.60000e+00 -3.20000e+00       9.163e+03  8.162830e-01  0.000000e+00  1.039905e-01  1.837170e-01
-4.90000e+00 -3.20000e+00       1.474e+05  8.488320e-01  0.000000e+00  1.421286e-01  1.511680e-01
-4.20000e+00 -3.20000e+00       1.560e+06  9.079324e-01  0.000000e+00  1.258594e-01  9.206757e-02
-3.50000e+00 -3.20000e+00       3.424e+07  8.854316e-01  0.000000e+00  2.922092e-02  1.145684e-01
-2.80000e+00 -3.20000e+00       1.761e+08  7.786530e-01  0.000000e+00 -4.049444e-03  2.213470e-01
-2.10000e+00 -3.20000e+00       5.196e+08  5.334254e-01  0.000000e+00 -4.914125e-02  4.665746e-01
-1.40000e+00 -3.20000e+00       9.962e+08  3.120484e-01  0.000000e+00 -5.876297e-02  6.879516e-01
-7.00000e-01 -3.20000e+00       5.973e+08 -5.755107e-01  0.000000e+00 -8.573495e-02  4.244893e-01
 0.00000e+00 -3.20000e+00       1.739e+09  4.684686e-01  0.000000e+00 -2.476586e-15  5.315314e-01
 7.00000e-01 -3.20000e+00       5.973e+08 -5.755107e-01  0.000000e+00  8.573495e-02  4.244893e-01
 1.40000e+00 -3.20000e+00       9.962e+08  3.120484e-01  0.000000e+00  5.876297e-02  6.879516e-01
 2.10000e+00 -3.20000e+00       5.196e+08  5.334254e-01  0.000000e+00  4.914125e-02  4.665746e-01
 2.80000e+00 -3.20000e+00       1.761e+08  7.786530e-01  0.000000e+00  4.049444e-03  2.213470e-01
 3.50000e+00 -3.20000e+00       3.424e+07  8.854316e-01  0.000000e+00 -2.922092e-02  1.145684e-01
 4.20000e+00 -3.20000e+00       1.560e+06  9.079324e-01  0.000000e+00 -1.258594e-01  9.206757e-02
 4.90000e+00 -3.20000e+00       1.474e+05  8.488320e-01  0.000000e+00 -1.421286e-01  1.511680e-01
 5.60000e+00 -3.20000e+00       9.163e+03  8.162830e-01  0.000000e+00 -1.039905e-01  1.837170e-01
 6.30000e+00 -3.20000e+00       6.846e+01  8.681225e-01  0.000000e+00 -4.801595e-01  1.318775e-01
 7.00000e+00 -3.20000e+00       1.494e+01 -4.344287e-01  0.000000e+00 -7.459495e-01  5.655713e-01
-7.00000e+00 -2.80000e+00       2.781e+01 -2.381132e-01  0.000000e+00  7.622732e-01  7.618868e-01
-6.30000e+00 -2.80000e+00       8.415e+01  4.030598e-01  0.000000e+00  5.092303e-01  5.969402e-01
-5.60000e+00 -2.80000e+00       6.201e+03  6.781672e-01  0.000000e+00 -1.826225e-01  3.218328e-01
-4.90000e+00 -2.80000e+00       3.765e+05  2.682023e-01  0.000000e+00 -4.023841e-01  7.317977e-01
-4.20000e+00 -2.80000e+00       1.681e+07  5.217862e-01  0.000000e+00 -2.521858e-01  4.782138e-01
-3.50000e+00 -2.80000e+00       1.820e+08  5.751291e-01  0.000000e+00 -2.057827e-01  4.248709e-01
-2.80000e+00 -2.80000e+00       7.178e+08  5.783783e-01  0.000000e+00 -1.696999e-01  4.216217e-01
-2.10000e+00 -2.80000e+00       1.304e+09  5.188447e-01  0.000000e+00 -1.291201e-01  4.811553e-01
-1.40000e+00 -2.80000e+00       1.230e+09  3.223762e-01  0.000000e+00 -7.119981e-02  6.776238e-01
-7.00000e-01 -2.80000e+00       1.201e+09  4.283747e-01  0.000000e+00 -1.071306e-02  5.716253e-01
 0.00000e+00 -2.80000e+00       2.861e+09  8.454266e-01  0.000000e+00 -1.899587e-15  1.545734e-01
 7.00000e-01 -2.80000e+00       1.201e+09  4.283747e-01  0.000000e+00  1.071306e-02  5.716253e-01
 1.40000e+00 -2.80000e+00       1.230e+09  3.223762e-01  0.000000e+00  7.119981e-02  6.776238e-01
 2.10000e+00 -2.80000e+00       1.304e+09  5.188447e-01  0.000000e+00  1.291201e-01  4.811553e-01
 2.80000e+00 -2.80000e+00       7.178e+08  5.783783e-01  0.000000e+00  1.696999e-01  4.216217e-01
 3.50000e+00 -2.80000e+00       1.820e+08  5.751291e-01  0.000000e+00  2.057827e-01  4.248709e-01
 4.20000e+00 -2.80000e+00       1.681e+07  5.217862e-01  0.000000e+00  2.521858e-01  4.782138e-01
 4.90000e+00 -2.80000e+00       3.765e+05  2.682023e-01  0.000000e+00  4.023841e-01  7.317977e-01
 5.60000e+00 -2.80000e+00       6.201e+03  6.781672e-01  0.000000e+00  1.826225e-01  3.218328e-01
 6.30000e+00 -2.80000e+00       8.415e+01  4.030598e-01  0.000000e+00 -5.092303e-01  5.969402e-01
 7.00000e+00 -2.80000e+00       2.781e+01 -2.381133e-01  0.000000e+00 -7.622732e-01  7.618867e-01
-7.00000e+00 -2.40000e+00       8.649e+01 -2.723717e-01  0.000000e+00  1.004573e+00  7.276283e-01
-6.30000e+00 -2.40000e+00       2.618e+01  2.273751e-01  0.000000e+00  6.537621e+00  7.726249e-01
-5.60000e+00 -2.40000e+00       3.341e+04  3.927829e-01  0.000000e+00 -3.508962e-01  6.072171e-01
-4.90000e+00 -2.40000e+00       3.543e+06  4.817389e-01  0.000000e+00 -3.016033e-01  5.182611e-01
-4.20000e+00 -2.40000e+00       8.997e+07  5.193940e-01  0.000000e+00 -2.743840e-01  4.806060e-01
-3.50000e+00 -2.40000e+00       7.016e+08  5.418590e-01  0.000000e+00 -2.502684e-01  4.581410e-01
-2.80000e+00 -2.40000e+00       1.911e+09  5.572844e-01  0.000000e+00 -2.125423e-01  4.427156e-01
-2.10000e+00 -2.40000e+00       2.759e+09  5.317263e-01  0.000000e+00 -1.252209e-01  4.682737e-01
-1.40000e+00 -2.40000e+00       4.138e+09  4.495702e-01  0.000000e+00 -3.851641e-02  5.504298e-01
-7.00000e-01 -2.40000e+00       4.012e+09  2.078926e-01  0.000000e+00 -1.909821e-02  7.921074e-01
 0.00000e+00 -2.40000e+00       2.385e+09 -3.942029e-01  0.000000e+00 -2.294253e-15  6.057971e-01
 7.00000e-01 -2.40000e+00       4.012e+09  2.078926e-01  0.000000e+00  1.909821e-02  7.921074e-01
 1.40000e+00 -2.40000e+00       4.138e+09  4.495702e-01  0.000000e+00  3.851641e-02  5.504298e-01
 2.10000e+00 -2.40000e+00       2.759e+09  5.317263e-01  0.000000e+00  1.252209e-01  4.682737e-01
 2.80000e+00 -2.40000e+00       1.911e+09  5.572844e-01  0.000000e+00  2.125423e-01  4.427156e-01
 3.50000e+00 -2.40000e+00       7.016e+08  5.418590e-01  0.000000e+00  2.502684e-01  4.581410e-01
 4.20000e+00 -2.40000e+00       8.997e+07  5.193940e-01  0.000000e+00  2.743840e-01  4.806060e-01
 4.90000e+00 -2.40000e+00       3.543e+06  4.817389e-01  0.000000e+00  3.016033e-01  5.182611e-01
 5.60000e+00 -2.40000e+00       3.341e+04  3.927829e-01  0.000000e+00  3.508962e-01  6.072171e-01
 6.30000e+00 -2.40000e+00       2.618e+01  2.273752e-01  0.000000e+00 -6.537621e+00  7.726248e-01
 7.00000e+00 -2.40000e+00       8.649e+01 -2.723717e-01  0.000000e+00 -1.004573e+00  7.276283e-01
-7.00000e+00 -2.00000e+00       1.002e+04  1.407473e-02  0.000000e+00 -5.821234e-01  9.859253e-01
-6.30000e+00 -2.00000e+00       5.549e+05  4.874268e-02  0.000000e+00 -5.819167e-01  9.512573e-01
-5.60000e+00 -2.00000e+00       1.081e+07  1.183122e-01  0.000000e+00 -5.653147e-01  8.816878e-01
-4.90000e+00 -2.00000e+00       8.806e+07  2.412549e-01  0.000000e+00 -5.209949e-01  7.587451e-01
-4.20000e+00 -2.00000e+00       3.881e+08  3.955409e-01  0.000000e+00 -4.289603e-01  6.044591e-01
-3.50000e+00 -2.00000e+00       1.183e+09  5.260086e-01  0.000000e+00 -2.886208e-01  4.739914e-01
-2.80000e+00 -2.00000e+00       2.817e+09  5.851564e-01  0.000000e+00 -1.613693e-01  4.148436e-01
-2.10000e+00 -2.00000e+00       5.128e+09  5.638077e-01  0.000000e+00 -9.129574e-02  4.361923e-01
-1.40000e+00 -2.00000e+00       7.097e+09  4.856118e-01  0.000000e+00 -6.109163e-02  5.143882e-01
-7.00000e-01 -2.00000e+00       6.222e+09  2.327251e-01  0.000000e+00 -5.803393e-02  7.672749e-01
 0.00000e+00 -2.00000e+00       4.069e+09 -2.663012e-01  0.000000e+00 -1.114500e-14  7.336988e-01
 7.00000e-01 -2.00000e+00       6.222e+09  2.327251e-01  0.000000e+00  5.803393e-02  7.672749e-01
 1.40000e+00 -2.00000e+00       7.097e+09  4.856118e-01  0.000000e+00  6.109163e-02  5.143882e-01
 2.10000e+00 -2.00000e+00       5.128e+09  5.638077e-01  0.000000e+00  9.129574e-02  4.361923e-01
 2.80000e+00 -2.00000e+00       2.817e+09  5.851564e-01  0.000000e+00  1.613693e-01  4.148436e-01
 3.50000e+00 -2.00000e+00       1.183e+09  5.260086e-01  0.000000e+00  2.886208e-01  4.739914e-01
 4.20000e+00 -2.00000e+00       3.881e+08  3.955409e-01  0.000000e+00  4.289603e-01  6.044591e-01
 4.90000e+00 -2.00000e+00       8.806e+07  2.412549e-01  0.000000e+00  5.209949e-01  7.587451e-01
 5.60000e+00 -2.00000e+00       1.081e+07  1.183122e-01  0.000000e+00  5.653147e-01  8.816878e-01
 6.30000e+00 -2.00000e+00       5.549e+05  4.874268e-02  0.000000e+00  5.819167e-01  9.512573e-01
 7.00000e+00 -2.00000e+00       1.002e+04  1.407474e-02  0.000000e+00  5.821234e-01  9.859253e-01
-7.00000e+00 -1.60000e+00       5.229e+03  2.407590e-01  0.000000e+00 -5.220673e-01  7.592410e-01
-6.30000e+00 -1.60000e+00       3.983e+05  2.895539e-01  0.000000e+00 -5.118985e-01  7.104461e-01
-5.60000e+00 -1.60000e+00       1.139e+07  3.552573e-01  0.000000e+00 -4.709677e-01  6.447427e-01
-4.90000e+00 -1.60000e+00       1.400e+08  4.374603e-01  0.000000e+00 -3.817317e-01  5.625397e-01
-4.20000e+00 -1.60000e+00       9.648e+08  5.141959e-01  0.000000e+00 -2.357705e-01  4.858041e-01
-3.50000e+00 -1.60000e+00       4.810e+09  5.453390e-01  0.000000e+00 -1.036150e-01  4.546610e-01
-2.80000e+00 -1.60000e+00       1.786e+10  5.344879e-01  0.000000e+00 -1.711310e-02  4.655121e-01
-2.10000e+00 -1.60000e+00       4.788e+10  5.202167e-01  0.000000e+00  7.605786e-02  4.797833e-01
-1.40000e+00 -1.60000e+00       8.908e+10  5.240205e-01  0.000000e+00  1.198884e-01  4.759795e-01
-7.00000e-01 -1.60000e+00       1.000e+11  5.025380e-01  0.000000e+00  3.402396e-02  4.974620e-01
 0.00000e+00 -1.60000e+00       8.467e+10  4.595452e-01  0.000000e+00 -1.173151e-14  5.404548e-01
 7.00000e-01 -1.60000e+00       1.000e+11  5.025380e-01  0.000000e+00 -3.402396e-02  4.974620e-01
 1.40000e+00 -1.60000e+00       8.908e+10  5.240205e-01  0.000000e+00 -1.198884e-01  4.759795e-01
 2.10000e+00 -1.60000e+00       4.788e+10  5.202167e-01  0.000000e+00 -7.605786e-02  4.797833e-01
 2.80000e+00 -1.60000e+00       1.786e+10  5.344879e-01  0.000000e+00  1.711310e-02  4.655121e-01
 3.50000e+00 -1.60000e+00       4.810e+09  5.453390e-01  0.000000e+00  1.036150e-01  4.546610e-01
 4.20000e+00 -1.60000e+00       9.648e+08  5.141959e-01  0.000000e+00  2.357705e-01  4.858041e-01
 4.90000e+00 -1.60000e+00       1.400e+08  4.374603e-01  0.000000e+00  3.817317e-01  5.625397e-01
 5.60000e+00 -1.60000e+00       1.139e+07  3.552573e-01  0.000000e+00  4.709677e-01  6.447427e-01
 6.30000e+00 -1.60000e+00       3.983e+05  2.895539e-01  0.000000e+00  5.118985e-01  7.104461e-01
 7.00000e+00 -1.60000e+00       5.229e+03  2.407590e-01  0.000000e+00  5.220673e-01  7.592410e-01
-7.00000e+00 -1.20000e+00       2.685e+04  3.808547e-01  0.000000e+00 -3.035057e-01  6.191453e-01
-6.30000e+00 -1.20000e+00       1.995e+06  4.836089e-01  0.000000e+00 -2.702953e-01  5.163911e-01
-5.60000e+00 -1.20000e+00       6.881e+07  5.917304e-01  0.000000e+00 -1.378073e-01  4.082696e-01
-4.90000e+00 -1.20000e+00       1.274e+09  6.259300e-01  0.000000e+00 -3.516024e-02  3.740700e-01
-4.20000e+00 -1.20000e+00       1.387e+10  6.266065e-01  0.000000e+00 -1.504100e-02  3.733935e-01
-3.50000e+00 -1.20000e+00       9.037e+10  6.304927e-01  0.000000e+00 -1.427454e-02  3.695073e-01
-2.80000e+00 -1.20000e+00       3.641e+11  6.310711e-01  0.000000e+00 -3.053760e-02  3.689289e-01
-2.10000e+00 -1.20000e+00       9.741e+11  6.251153e-01  0.000000e+00 -1.140790e-01  3.748847e-01
-1.40000e+00 -1.20000e+00       1.961e+12  6.400429e-01  0.000000e+00 -2.191892e-01  3.599571e-01
-7.00000e-01 -1.20000e+00       3.310e+12  7.082953e-01  0.000000e+00 -1.551983e-01  2.917047e-01
 0.00000e+00 -1.20000e+00       4.084e+12  7.464176e-01  0.000000e+00 -5.502089e-15  2.535824e-01
 7.00000e-01 -1.20000e+00       3.310e+12  7.082953e-01  0.000000e+00  1.551983e-01  2.917047e-01
 1.40000e+00 -1.20000e+00       1.961e+12  6.400429e-01  0.000000e+00  2.191892e-01  3.599571e-01
 2.10000e+00 -1.20000e+00       9.741e+11  6.251153e-01  0.000000e+00  1.140790e-01  3.748847e-01
 2.80000e+00 -1.20000e+00       3.641e+11  6.310711e-01  0.000000e+00  3.053760e-02  3.689289e-01
 3.50000e+00 -1.20000e+00       9.037e+10  6.304927e-01  0.000000e+00  1.427454e-02  3.695073e-01
 4.20000e+00 -1.20000e+00       1.387e+10  6.266065e-01  0.000000e+00  1.504100e-02  3.733935e-01
 4.90000e+00 -1.20000e+00       1.274e+09  6.259300e-01  0.000000e+00  3.516024e-02  3.740700e-01
 5.60000e+00 -1.20000e+00       6.881e+07  5.917304e-01  0.000000e+00  1.378073e-01  4.082696e-01
 6.30000e+00 -1.20000e+00       1.995e+06  4.836089e-01  0.000000e+00  2.702953e-01  5.163911e-01
 7.00000e+00 -1.20000e+00       2.685e+04  3.808547e-01  0.000000e+00  3.035058e-01  6.191453e-01
-7.00000e+00 -8.00000e-01       3.542e+05  8.550643e-01  0.000000e+00  6.471282e-02  1.449357e-01
-6.30000e+00 -8.00000e-01       2.292e+07  7.817182e-01  0.000000e+00  9.258736e-02  2.182818e-01
-5.60000e+00 -8.00000e-01       7.870e+08  7.471742e-01  0.000000e+00 -9.235810e-03  2.528258e-01
-4.90000e+00 -8.00000e-01       1.419e+10  7.591219e-01  0.000000e+00 -8.280947e-02  2.408781e-01
-4.20000e+00 -8.00000e-01       1.208e+11  7.525035e-01  0.000000e+00 -1.017721e-01  2.474965e-01
-3.50000e+00 -8.00000e-01       5.908e+11  7.545198e-01  0.000000e+00 -1.277886e-01  2.454802e-01
-2.80000e+00 -8.00000e-01       2.083e+12  7.800960e-01  0.000000e+00 -9.196817e-02  2.199040e-01
-2.10000e+00 -8.00000e-01       4.894e+12  7.840938e-01  0.000000e+00  3.864755e-02  2.159062e-01
-1.40000e+00 -8.00000e-01       1.030e+13  7.763537e-01  0.000000e+00  1.354940e-01  2.236463e-01
-7.00000e-01 -8.00000e-01       2.284e+13  7.616073e-01  0.000000e+00  8.290292e-02  2.383927e-01
 0.00000e+00 -8.00000e-01       3.309e+13  7.604739e-01  0.000000e+00  3.023437e-15  2.395261e-01
 7.00000e-01 -8.00000e-01       2.284e+13  7.616073e-01  0.000000e+00 -8.290292e-02  2.383927e-01
 1.40000e+00 -8.00000e-01       1.030e+13  7.763537e-01  0.000000e+00 -1.354940e-01  2.236463e-01
 2.10000e+00 -8.00000e-01       4.894e+12  7.840938e-01  0.000000e+00 -3.864755e-02  2.159062e-01
 2.80000e+00 -8.00000e-01       2.083e+12  7.800960e-01  0.000000e+00  9.196817e-02  2.199040e-01
 3.50000e+00 -8.00000e-01       5.908e+11  7.545198e-01  0.000000e+00  1.277886e-01  2.454802e-01
 4.20000e+00 -8.00000e-01       1.208e+11  7.525035e-01  0.000000e+00  1.017721e-01  2.474965e-01
 4.90000e+00 -8.00000e-01       1.419e+10  7.591219e-01  0.000000e+00  8.280947e-02  2.408781e-01
 5.60000e+00 -8.00000e-01       7.870e+08  7.471742e-01  0.000000e+00  9.235810e-03  2.528258e-01
 6.30000e+00 -8.00000e-01       2.292e+07  7.817182e-01  0.000000e+00 -9.258736e-02  2.182818e-01
 7.00000e+00 -8.00000e-01       3.542e+05  8.550643e-01  0.000000e+00 -6.471282e-02  1.449357e-01
-7.00000e+00 -4.00000e-01       2.137e+06  9.598541e-01  0.000000e+00 -8.414460e-02  4.014590e-02
-6.30000e+00 -4.00000e-01       1.494e+08  9.591493e-01  0.000000e+00 -6.006434e-03  4.085072e-02
-5.60000e+00 -4.00000e-01       4.366e+09  9.383687e-01  0.000000e+00  2.223516e-02  6.163129e-02
-4.90000e+00 -4.00000e-01       6.504e+10  9.231343e-01  0.000000e+00 -1.729197e-03  7.686570e-02
-4.20000e+00 -4.00000e-01       5.245e+11  9.298399e-01  0.000000e+00 -1.277622e-02  7.016014e-02
-3.50000e+00 -4.00000e-01       2.209e+12  9.329780e-01  0.000000e+00 -1.829485e-02  6.702198e-02
-2.80000e+00 -4.00000e-01       7.511e+12  9.323610e-01  0.000000e+00 -6.242652e-02  6.763900e-02
-2.10000e+00 -4.00000e-01       2.393e+13  9.391978e-01  0.000000e+00 -8.399061e-02  6.080223e-02
-1.40000e+00 -4.00000e-01       5.062e+13  9.281485e-01  0.000000e+00 -9.829729e-02  7.185146e-02
-7.00000e-01 -4.00000e-01       9.918e+13  9.232397e-01  0.000000e+00 -5.577475e-02  7.676029e-02
 0.00000e+00 -4.00000e-01       1.427e+14  9.269365e-01  0.000000e+00  3.840105e-15  7.306355e-02
 7.00000e-01 -4.00000e-01       9.918e+13  9.232397e-01  0.000000e+00  5.577475e-02  7.676029e-02
 1.40000e+00 -4.00000e-01       5.062e+13  9.281485e-01  0.000000e+00  9.829729e-02  7.185146e-02
 2.10000e+00 -4.00000e-01       2.393e+13  9.391978e-01  0.000000e+00  8.399061e-02  6.080223e-02
 2.80000e+00 -4.00000e-01       7.511e+12  9.323610e-01  0.000000e+00  6.242652e-02  6.763900e-02
 3.50000e+00 -4.00000e-01       2.209e+12  9.329780e-01  0.000000e+00  1.829485e-02  6.702198e-02
 4.20000e+00 -4.00000e-01       5.245e+11  9.298399e-01  0.000000e+00  1.277622e-02  7.016014e-02
 4.90000e+00 -4.00000e-01       6.504e+10  9.231343e-01  0.000000e+00  1.729197e-03  7.686570e-02
 5.60000e+00 -4.00000e-01       4.366e+09  9.383687e-01  0.000000e+00 -2.223516e-02  6.163129e-02
 6.30000e+00 -4.00000e-01       1.494e+08  9.591493e-01  0.000000e+00  6.006434e-03  4.085072e-02
 7.00000e+00 -4.00000e-01       2.137e+06  9.598541e-01  0.000000e+00  8.414460e-02  4.014590e-02
-7.00000e+00  0.00000e+00       3.589e+06  9.999352e-01  0.000000e+00 -5.482322e-13  6.477530e-05
-6.30000e+00  0.00000e+00       2.651e+08  9.999731e-01  0.000000e+00 -1.460510e-15  2.693628e-05
-5.60000e+00  0.00000e+00       7.857e+09  9.999752e-01  0.000000e+00  2.160653e-15  2.475501e-05
-4.90000e+00  0.00000e+00       1.123e+11  9.999644e-01  0.000000e+00  7.387687e-16  3.556477e-05
-4.20000e+00  0.00000e+00       9.558e+11  9.999509e-01  0.000000e+00 -2.410925e-15  4.907932e-05
-3.50000e+00  0.00000e+00       4.874e+12  9.999398e-01  0.000000e+00 -3.430403e-14  6.016262e-05
-2.80000e+00  0.00000e+00       1.579e+13  9.999373e-01  0.000000e+00 -2.069372e-13  6.270241e-05
-2.10000e+00  0.00000e+00       3.789e+13  9.999459e-01  0.000000e+00 -4.837058e-13  5.407751e-05
-1.40000e+00  0.00000e+00       7.436e+13  9.999755e-01  0.000000e+00 -3.580967e-13  2.447460e-05
-7.00000e-01  0.00000e+00       1.076e+14  9.999755e-01  0.000000e+00 -4.087940e-14  2.447130e-05
 0.00000e+00  0.00000e+00       1.141e+14  9.999395e-01  0.000000e+00 -4.874837e-18  6.052015e-05
 7.00000e-01  0.00000e+00       1.076e+14  9.999755e-01  0.000000e+00  4.086168e-14  2.447130e-05
 1.40000e+00  0.00000e+00       7.436e+13  9.999755e-01  0.000000e+00  3.580788e-13  2.447460e-05
 2.10000e+00  0.00000e+00       3.789e+13  9.999459e-01  0.000000e+00  4.836943e-13  5.407751e-05
 2.80000e+00  0.00000e+00       1.579e+13  9.999373e-01  0.000000e+00  2.069360e-13  6.270241e-05
 3.50000e+00  0.00000e+00       4.874e+12  9.999398e-01  0.000000e+00  3.431438e-14  6.016262e-05
 4.20000e+00  0.00000e+00       9.558e+11  9.999509e-01  0.000000e+00  2.419994e-15  4.907932e-05
 4.90000e+00  0.00000e+00       1.123e+11  9.999644e-01  0.000000e+00 -7.654816e-16  3.556477e-05
 5.60000e+00  0.00000e+00       7.857e+09  9.999752e-01  0.000000e+00 -2.172124e-15  2.475501e-05
 6.30000e+00  0.00000e+00       2.651e+08  9.999731e-01  0.000000e+00 -3.953033e-15  2.693628e-05
 7.00000e+00  0.00000e+00       3.589e+06  9.999352e-01  0.000000e+00 -1.681277e-13  6.477530e-05
-7.00000e+00  4.00000e-01       2.137e+06  9.598541e-01  0.000000e+00  8.414460e-02  4.014590e-02
-6.30000e+00  4.00000e-01       1.494e+08  9.591493e-01  0.000000e+00  6.006434e-03  4.085072e-02
-5.60000e+00  4.00000e-01       4.366e+09  9.383687e-01  0.000000e+00 -2.223516e-02  6.163129e-02
-4.90000e+00  4.00000e-01       6.504e+10  9.231343e-01  0.000000e+00  1.729197e-03  7.686570e-02
-4.20000e+00  4.00000e-01       5.245e+11  9.298399e-01  0.000000e+00  1.277622e-02  7.016014e-02
-3.50000e+00  4.00000e-01       2.209e+12  9.329780e-01  0.000000e+00  1.829485e-02  6.702198e-02
-2.80000e+00  4.00000e-01       7.511e+12  9.323610e-01  0.000000e+00  6.242652e-02  6.763900e-02
-2.10000e+00  4.00000e-01       2.393e+13  9.391978e-01  0.000000e+00  8.399061e-02  6.080223e-02
-1.40000e+00  4.00000e-01       5.062e+13  9.281485e-01  0.000000e+00  9.829729e-02  7.185146e-02
-7.00000e-01  4.00000e-01       9.918e+13  9.232397e-01  0.000000e+00  5.577475e-02  7.676029e-02
 0.00000e+00  4.00000e-01       1.427e+14  9.269365e-01  0.000000e+00 -3.843182e-15  7.306355e-02
 7.00000e-01  4.00000e-01       9.918e+13  9.232397e-01  0.000000e+00 -5.577475e-02  7.676029e-02
 1.40000e+00  4.00000e-01       5.062e+13  9.281485e-01  0.000000e+00 -9.829729e-02  7.185146e-02
 2.10000e+00  4.00000e-01       2.393e+13  9.391978e-01  0.000000e+00 -8.399061e-02  6.080223e-02
 2.80000e+00  4.00000e-01       7.511e+12  9.323610e-01  0.000000e+00 -6.242652e-02  6.763900e-02
 3.50000e+00  4.00000e-01       2.209e+12  9.329780e-01  0.000000e+00 -1.829485e-02  6.702198e-02
 4.20000e+00  4.00000e-01       5.245e+11  9.298399e-01  0.000000e+00 -1.277622e-02  7.016014e-02
 4.90000e+00  4.00000e-01       6.504e+10  9.231343e-01  0.000000e+00 -1.729197e-03  7.686570e-02
 5.60000e+00  4.00000e-01       4.366e+09  9.383687e-01  0.000000e+00  2.223516e-02  6.163129e-02
 6.30000e+00  4.00000e-01       1.494e+08  9.591493e-01  0.000000e+00 -6.006434e-03  4.085072e-02
 7.00000e+00  4.00000e-01       2.137e+06  9.598541e-01  0.000000e+00 -8.414460e-02  4.014590e-02
-7.00000e+00  8.00000e-01       3.542e+05  8.550643e-01  0.000000e+00 -6.471282e-02  1.449357e-01
-6.30000e+00  8.00000e-01       2.292e+07  7.817182e-01  0.000000e+00 -9.258736e-02  2.182818e-01
-5.60000e+00  8.00000e-01       7.870e+08  7.471742e-01  0.000000e+00  9.235810e-03  2.528258e-01
-4.90000e+00  8.00000e-01       1.419e+10  7.591219e-01  0.000000e+00  8.280947e-02  2.408781e-01
-4.20000e+00  8.00000e-01       1.208e+11  7.525035e-01  0.000000e+00  1.017721e-01  2.474965e-01
-3.50000e+00  8.00000e-01       5.908e+11  7.545198e-01  0.000000e+00  1.277886e-01  2.454802e-01
-2.80000e+00  8.00000e-01       2.083e+12  7.800960e-01  0.000000e+00  9.196817e-02  2.199040e-01
-2.10000e+00  8.00000e-01       4.894e+12  7.840938e-01  0.000000e+00 -3.864755e-02  2.159062e-01
-1.40000e+00  8.00000e-01       1.030e+13  7.763537e-01  0.000000e+00 -1.354940e-01  2.236463e-01
-7.00000e-01  8.00000e-01       2.284e+13  7.616073e-01  0.000000e+00 -8.290292e-02  2.383927e-01
 0.00000e+00  8.00000e-01       3.309e+13  7.604739e-01  0.000000e+00  5.500187e-15  2.395261e-01
 7.00000e-01  8.00000e-01       2.284e+13  7.616073e-01  0.000000e+00  8.290292e-02  2.383927e-01
 1.40000e+00  8.00000e-01       1.030e+13  7.763537e-01  0.000000e+00  1.354940e-01  2.236463e-01
 2.10000e+00  8.00000e-01       4.894e+12  7.840938e-01  0.000000e+00  3.864755e-02  2.159062e-01
 2.80000e+00  8.00000e-01       2.083e+12  7.800960e-01  0.000000e+00 -9.196817e-02  2.199040e-01
 3.50000e+00  8.00000e-01       5.908e+11  7.545198e-01  0.000000e+00 -1.277886e-01  2.454802e-01
 4.20000e+00  8.00000e-01       1.208e+11  7.525035e-01  0.000000e+00 -1.017721e-01  2.474965e-01
 4.90000e+00  8.00000e-01       1.419e+10  7.591219e-01  0.000000e+00 -8.280947e-02  2.408781e-01
 5.60000e+00  8.00000e-01       7.870e+08  7.471742e-01  0.000000e+00 -9.235810e-03  2.528258e-01
 6.30000e+00  8.00000e-01       2.292e+07  7.817182e-01  0.000000e+00  9.258736e-02  2.182818e-01
 7.00000e+00  8.00000e-01       3.542e+05  8.550643e-01  0.000000e+00  6.471282e-02  1.449357e-01
-7.00000e+00  1.20000e+00       2.685e+04  3.808547e-01  0.000000e+00  3.035058e-01  6.191453e-01
-6.30000e+00  1.20000e+00       1.995e+06  4.836089e-01  0.000000e+00  2.702953e-01  5.163911e-01
-5.60000e+00  1.20000e+00       6.881e+07  5.917304e-01  0.000000e+00  1.378073e-01  4.082696e-01
-4.90000e+00  1.20000e+00       1.274e+09  6.259300e-01  0.000000e+00  3.516024e-02  3.740700e-01
-4.20000e+00  1.20000e+00       1.387e+10  6.266065e-01  0.000000e+00  1.504100e-02  3.733935e-01
-3.50000e+00  1.20000e+00       9.037e+10  6.304927e-01  0.000000e+00  1.427454e-02  3.695073e-01
-2.80000e+00  1.20000e+00       3.641e+11  6.310711e-01  0.000000e+00  3.053760e-02  3.689289e-01
-2.10000e+00  1.20000e+00       9.741e+11  6.251153e-01  0.000000e+00  1.140790e-01  3.748847e-01
-1.40000e+00  1.20000e+00       1.961e+12  6.400429e-01  0.000000e+00  2.191892e-01  3.599571e-01
-7.00000e-01  1.20000e+00       3.310e+12  7.082953e-01  0.000000e+00  1.551983e-01  2.917047e-01
 0.00000e+00  1.20000e+00       4.084e+12  7.464176e-01  0.000000e+00  3.274463e-15  2.535824e-01
 7.00000e-01  1.20000e+00       3.310e+12  7.082953e-01  0.000000e+00 -1.551983e-01  2.917047e-01
 1.40000e+00  1.20000e+00       1.961e+12  6.400429e-01  0.000000e+00 -2.191892e-01  3.599571e-01
 2.10000e+00  1.20000e+00       9.741e+11  6.251153e-01  0.000000e+00 -1.140790e-01  3.748847e-01
 2.80000e+00  1.20000e+00       3.641e+11  6.310711e-01  0.000000e+00 -3.053760e-02  3.689289e-01
 3.50000e+00  1.20000e+00       9.037e+10  6.304927e-01  0.000000e+00 -1.427454e-02  3.695073e-01
 4.20000e+00  1.20000e+00       1.387e+10  6.266065e-01  0.000000e+00 -1.504100e-02  3.733935e-01
 4.90000e+00  1.20000e+00       1.274e+09  6.259300e-01  0.000000e+00 -3.516024e-02  3.740700e-01
 5.60000e+00  1.20000e+00       6.881e+07  5.917304e-01  0.000000e+00 -1.378073e-01  4.082696e-01
 6.30000e+00  1.20000e+00       1.995e+06  4.836089e-01  0.000000e+00 -2.702953e-01  5.163911e-01
 7.00000e+00  1.20000e+00       2.685e+04  3.808547e-01  0.000000e+00 -3.035057e-01  6.191453e-01
-7.00000e+00  1.60000e+00       5.229e+03  2.407590e-01  0.000000e+00  5.220673e-01  7.592410e-01
-6.30000e+00  1.60000e+00       3.983e+05  2.895539e-01  0.000000e+00  5.118985e-01  7.104461e-01
-5.60000e+00  1.60000e+00       1.139e+07  3.552573e-01  0.000000e+00  4.709677e-01  6.447427e-01
-4.90000e+00  1.60000e+00       1.400e+08  4.374603e-01  0.000000e+00  3.817317e-01  5.625397e-01
-4.20000e+00  1.60000e+00       9.648e+08  5.141959e-01  0.000000e+00  2.357705e-01  4.858041e-01
-3.50000e+00  1.60000e+00       4.810e+09  5.453390e-01  0.000000e+00  1.036150e-01  4.546610e-01
-2.80000e+00  1.60000e+00       1.786e+10  5.344879e-01  0.000000e+00  1.711310e-02  4.655121e-01
-2.10000e+00  1.60000e+00       4.788e+10  5.202167e-01  0.000000e+00 -7.605786e-02  4.797833e-01
-1.40000e+00  1.60000e+00       8.908e+10  5.240205e-01  0.000000e+00 -1.198884e-01  4.759795e-01
-7.00000e-01  1.60000e+00       1.000e+11  5.025380e-01  0.000000e+00 -3.402396e-02  4.974620e-01
 0.00000e+00  1.60000e+00       8.467e+10  4.595452e-01  0.000000e+00  1.114950e-14  5.404548e-01
 7.00000e-01  1.60000e+00       1.000e+11  5.025380e-01  0.000000e+00  3.402396e-02  4.974620e-01
 1.40000e+00  1.60000e+00       8.908e+10  5.240205e-01  0.000000e+00  1.198884e-01  4.759795e-01
 2.10000e+00  1.60000e+00       4.788e+10  5.202167e-01  0.000000e+00  7.605786e-02  4.797833e-01
 2.80000e+00  1.60000e+00       1.786e+10  5.344879e-01  0.000000e+00 -1.711310e-02  4.655121e-01
 3.50000e+00  1.60000e+00       4.810e+09  5.453390e-01  0.000000e+00 -1.036150e-01  4.546610e-01
 4.20000e+00  1.60000e+00       9.648e+08  5.141959e-01  0.000000e+00 -2.357705e-01  4.858041e-01
 4.90000e+00  1.60000e+00       1.400e+08  4.374603e-01  0.000000e+00 -3.817317e-01  5.625397e-01
 5.60000e+00  1.60000e+00       1.139e+07  3.552573e-01  0.000000e+00 -4.709677e-01  6.447427e-01
 6.30000e+00  1.60000e+00       3.983e+05  2.895539e-01  0.000000e+00 -5.118985e-01  7.104461e-01
 7.00000e+00  1.60000e+00       5.229e+03  2.407590e-01  0.000000e+00 -5.220673e-01  7.592410e-01
-7.00000e+00  2.00000e+00       1.002e+04  1.407473e-02  0.000000e+00  5.821234e-01  9.859253e-01
-6.30000e+00  2.00000e+00       5.549e+05  4.874268e-02  0.000000e+00  5.819167e-01  9.512573e-01
-5.60000e+00  2.00000e+00       1.081e+07  1.183122e-01  0.000000e+00  5.653147e-01  8.816878e-01
-4.90000e+00  2.00000e+00       8.806e+07  2.412549e-01  0.000000e+00  5.209949e-01  7.587451e-01
-4.20000e+00  2.00000e+00       3.881e+08  3.955409e-01  0.000000e+00  4.289603e-01  6.044591e-01
-3.50000e+00  2.00000e+00       1.183e+09  5.260086e-01  0.000000e+00  2.886208e-01  4.739914e-01
-2.80000e+00  2.00000e+00       2.817e+09  5.851564e-01  0.000000e+00  1.613693e-01  4.148436e-01
-2.10000e+00  2.00000e+00       5.128e+09  5.638077e-01  0.000000e+00  9.129573e-02  4.361923e-01
-1.40000e+00  2.00000e+00       7.097e+09  4.856118e-01  0.000000e+00  6.109162e-02  5.143882e-01
-7.00000e-01  2.00000e+00       6.222e+09  2.327251e-01  0.000000e+00  5.803392e-02  7.672749e-01
 0.00000e+00  2.00000e+00       4.069e+09 -2.663010e-01  0.000000e+00  4.496368e-15  7.336990e-01
 7.00000e-01  2.00000e+00       6.222e+09  2.327251e-01  0.000000e+00 -5.803392e-02  7.672749e-01
 1.40000e+00  2.00000e+00       7.097e+09  4.856118e-01  0.000000e+00 -6.109162e-02  5.143882e-01
 2.10000e+00  2.00000e+00       5.128e+09  5.638077e-01  0.000000e+00 -9.129573e-02  4.361923e-01
 2.80000e+00  2.00000e+00       2.817e+09  5.851564e-01  0.000000e+00 -1.613693e-01  4.148436e-01
 3.50000e+00  2.00000e+00       1.183e+09  5.260086e-01  0.000000e+00 -2.886208e-01  4.739914e-01
 4.20000e+00  2.00000e+00       3.881e+08  3.955409e-01  0.000000e+00 -4.289603e-01  6.044591e-01
 4.90000e+00  2.00000e+00       8.806e+07  2.412549e-01  0.000000e+00 -5.209949e-01  7.587451e-01
 5.60000e+00  2.00000e+00       1.081e+07  1.183122e-01  0.000000e+00 -5.653147e-01  8.816878e-01
 6.30000e+00  2.00000e+00       5.549e+05  4.874268e-02  0.000000e+00 -5.819167e-01  9.512573e-01
 7.00000e+00  2.00000e+00       1.002e+04  1.407473e-02  0.000000e+00 -5.821234e-01  9.859253e-01
-7.00000e+00  2.40000e+00       8.649e+01 -2.723717e-01  0.000000e+00 -1.004573e+00  7.276283e-01
-6.30000e+00  2.40000e+00       2.618e+01  2.273744e-01  0.000000e+00 -6.537617e+00  7.726256e-01
-5.60000e+00  2.40000e+00       3.341e+04  3.927829e-01  0.000000e+00  3.508962e-01  6.072171e-01
-4.90000e+00  2.40000e+00       3.543e+06  4.817389e-01  0.000000e+00  3.016033e-01  5.182611e-01
-4.20000e+00  2.40000e+00       8.997e+07  5.193940e-01  0.000000e+00  2.743840e-01  4.806060e-01
-3.50000e+00  2.40000e+00       7.016e+08  5.418590e-01  0.000000e+00  2.502684e-01  4.581410e-01
-2.80000e+00  2.40000e+00       1.911e+09  5.572844e-01  0.000000e+00  2.125423e-01  4.427156e-01
-2.10000e+00  2.40000e+00       2.759e+09  5.317263e-01  0.000000e+00  1.252209e-01  4.682737e-01
-1.40000e+00  2.40000e+00       4.138e+09  4.495702e-01  0.000000e+00  3.851639e-02  5.504298e-01
-7.00000e-01  2.40000e+00       4.012e+09  2.078927e-01  0.000000e+00  1.909820e-02  7.921073e-01
 0.00000e+00  2.40000e+00       2.385e+09 -3.942022e-01  0.000000e+00 -5.134022e-15  6.057978e-01
 7.00000e-01  2.40000e+00       4.012e+09  2.078927e-01  0.000000e+00 -1.909820e-02  7.921073e-01
 1.40000e+00  2.40000e+00       4.138e+09  4.495702e-01  0.000000e+00 -3.851639e-02  5.504298e-01
 2.10000e+00  2.40000e+00       2.759e+09  5.317263e-01  0.000000e+00 -1.252209e-01  4.682737e-01
 2.80000e+00  2.40000e+00       1.911e+09  5.572844e-01  0.000000e+00 -2.125423e-01  4.427156e-01
 3.50000e+00  2.40000e+00       7.016e+08  5.418590e-01  0.000000e+00 -2.502684e-01  4.581410e-01
 4.20000e+00  2.40000e+00       8.997e+07  5.193940e-01  0.000000e+00 -2.743840e-01  4.806060e-01
 4.90000e+00  2.40000e+00       3.543e+06  4.817389e-01  0.000000e+00 -3.016033e-01  5.182611e-01
 5.60000e+00  2.40000e+00       3.341e+04  3.927829e-01  0.000000e+00 -3.508962e-01  6.072171e-01
 6.30000e+00  2.40000e+00       2.618e+01  2.273744e-01  0.000000e+00  6.537617e+00  7.726256e-01
 7.00000e+00  2.40000e+00       8.649e+01 -2.723717e-01  0.000000e+00  1.004573e+00  7.276283e-01
-7.00000e+00  2.80000e+00       2.781e+01 -2.381133e-01  0.000000e+00 -7.622732e-01  7.618867e-01
-6.30000e+00  2.80000e+00       8.415e+01  4.030594e-01  0.000000e+00 -5.092301e-01  5.969406e-01
-5.60000e+00  2.80000e+00       6.201e+03  6.781671e-01  0.000000e+00  1.826225e-01  3.218329e-01
-4.90000e+00  2.80000e+00       3.765e+05  2.682023e-01  0.000000e+00  4.023841e-01  7.317977e-01
-4.20000e+00  2.80000e+00       1.681e+07  5.217862e-01  0.000000e+00  2.521858e-01  4.782138e-01
-3.50000e+00  2.80000e+00       1.820e+08  5.751291e-01  0.000000e+00  2.057827e-01  4.248709e-01
-2.80000e+00  2.80000e+00       7.178e+08  5.783783e-01  0.000000e+00  1.696999e-01  4.216217e-01
-2.10000e+00  2.80000e+00       1.304e+09  5.188447e-01  0.000000e+00  1.291201e-01  4.811553e-01
-1.40000e+00  2.80000e+00       1.230e+09  3.223763e-01  0.000000e+00  7.119971e-02  6.776237e-01
-7.00000e-01  2.80000e+00       1.201e+09  4.283734e-01  0.000000e+00  1.071310e-02  5.716266e-01
 0.00000e+00  2.80000e+00       2.861e+09  8.454260e-01  0.000000e+00 -2.551775e-15  1.545740e-01
 7.00000e-01  2.80000e+00       1.201e+09  4.283734e-01  0.000000e+00 -1.071310e-02  5.716266e-01
 1.40000e+00  2.80000e+00       1.230e+09  3.223763e-01  0.000000e+00 -7.119971e-02  6.776237e-01
 2.10000e+00  2.80000e+00       1.304e+09  5.188447e-01  0.000000e+00 -1.291201e-01  4.811553e-01
 2.80000e+00  2.80000e+00       7.178e+08  5.783783e-01  0.000000e+00 -1.696999e-01  4.216217e-01
 3.50000e+00  2.80000e+00       1.820e+08  5.751291e-01  0.000000e+00 -2.057827e-01  4.248709e-01
 4.20000e+00  2.80000e+00       1.681e+07  5.217862e-01  0.000000e+00 -2.521858e-01  4.782138e-01
 4.90000e+00  2.80000e+00       3.765e+05  2.682023e-01  0.000000e+00 -4.023841e-01  7.317977e-01
 5.60000e+00  2.80000e+00       6.201e+03  6.781671e-01  0.000000e+00 -1.826225e-01  3.218329e-01
 6.30000e+00  2.80000e+00       8.415e+01  4.030594e-01  0.000000e+00  5.092301e-01  5.969406e-01
 7.00000e+00  2.80000e+00       2.781e+01 -2.381133e-01  0.000000e+00  7.622732e-01  7.618867e-01
-7.00000e+00  3.20000e+00       1.494e+01 -4.344288e-01  0.000000e+00 -7.459494e-01  5.655712e-01
-6.30000e+00  3.20000e+00       6.846e+01  8.681214e-01  0.000000e+00 -4.801591e-01  1.318786e-01
-5.60000e+00  3.20000e+00       9.163e+03  8.162831e-01  0.000000e+00 -1.039905e-01  1.837169e-01
-4.90000e+00  3.20000e+00       1.474e+05  8.488320e-01  0.000000e+00 -1.421286e-01  1.511680e-01
-4.20000e+00  3.20000e+00       1.560e+06  9.079324e-01  0.000000e+00 -1.258595e-01  9.206756e-02
-3.50000e+00  3.20000e+00       3.424e+07  8.854316e-01  0.000000e+00 -2.922095e-02  1.145684e-01
-2.80000e+00  3.20000e+00       1.761e+08  7.786531e-01  0.000000e+00  4.049336e-03  2.213469e-01
-2.10000e+00  3.20000e+00       5.196e+08  5.334254e-01  0.000000e+00  4.914108e-02  4.665746e-01
-1.40000e+00  3.20000e+00       9.962e+08  3.120486e-01  0.000000e+00  5.876283e-02  6.879514e-01
-7.00000e-01  3.20000e+00       5.972e+08 -5.755190e-01  0.000000e+00  8.573537e-02  4.244810e-01
 0.00000e+00  3.20000e+00       1.739e+09  4.684662e-01  0.000000e+00 -3.213588e-15  5.315338e-01
 7.00000e-01  3.20000e+00       5.972e+08 -5.755190e-01  0.000000e+00 -8.573537e-02  4.244810e-01
 1.40000e+00  3.20000e+00       9.962e+08  3.120486e-01  0.000000e+00 -5.876283e-02  6.879514e-01
 2.10000e+00  3.20000e+00       5.196e+08  5.334254e-01  0.000000e+00 -4.914108e-02  4.665746e-01
 2.80000e+00  3.20000e+00       1.761e+08  7.786531e-01  0.000000e+00 -4.049336e-03  2.213469e-01
 3.50000e+00  3.20000e+00       3.424e+07  8.854316e-01  0.000000e+00  2.922095e-02  1.145684e-01
 4.20000e+00  3.20000e+00       1.560e+06  9.079324e-01  0.000000e+00  1.258595e-01  9.206756e-02
 4.90000e+00  3.20000e+00       1.474e+05  8.488320e-01  0.000000e+00  1.421286e-01  1.511680e-01
 5.60000e+00  3.20000e+00       9.163e+03  8.162831e-01  0.000000e+00  1.039905e-01  1.837169e-01
 6.30000e+00  3.20000e+00       6.846e+01  8.681214e-01  0.000000e+00  4.801591e-01  1.318786e-01
 7.00000e+00  3.20000e+00       1.494e+01 -4.344288e-01  0.000000e+00  7.459494e-01  5.655712e-01
-7.00000e+00  3.60000e+00       2.281e+01 -4.322068e-01  0.000000e+00 -7.149454e-01  5.677932e-01
-6.30000e+00  3.60000e+00       6.214e+01  5.607398e-01  0.000000e+00 -4.437543e-01  4.392602e-01
-5.60000e+00  3.60000e+00       7.515e+03  8.208353e-01  0.000000e+00 -8.687399e-02  1.791647e-01
-4.90000e+00  3.60000e+00       1.230e+05  8.430916e-01  0.000000e+00 -1.197696e-01  1.569084e-01
-4.20000e+00  3.60000e+00       1.244e+06  9.243085e-01  0.000000e+00 -1.128314e-01  7.569155e-02
-3.50000e+00  3.60000e+00       2.638e+07  9.147016e-01  0.000000e+00 -3.304287e-02  8.529840e-02
-2.80000e+00  3.60000e+00       1.031e+08  8.984307e-01  0.000000e+00 -3.466283e-02  1.015693e-01
-2.10000e+00  3.60000e+00       9.897e+07  6.839254e-01  0.000000e+00 -1.138055e-01  3.160746e-01
-1.40000e+00  3.60000e+00       2.214e+08  7.235903e-01  0.000000e+00 -1.329450e-01  2.764097e-01
-7.00000e-01  3.60000e+00       1.160e+09  9.447470e-01  0.000000e+00 -2.236604e-02  5.525304e-02
 0.00000e+00  3.60000e+00       2.094e+09  9.749143e-01  0.000000e+00 -1.882492e-15  2.508575e-02
 7.00000e-01  3.60000e+00       1.160e+09  9.447470e-01  0.000000e+00  2.236604e-02  5.525304e-02
 1.40000e+00  3.60000e+00       2.214e+08  7.235903e-01  0.000000e+00  1.329450e-01  2.764097e-01
 2.10000e+00  3.60000e+00       9.897e+07  6.839254e-01  0.000000e+00  1.138055e-01  3.160746e-01
 2.80000e+00  3.60000e+00       1.031e+08  8.984307e-01  0.000000e+00  3.466283e-02  1.015693e-01
 3.50000e+00  3.60000e+00       2.638e+07  9.147016e-01  0.000000e+00  3.304287e-02  8.529840e-02
 4.20000e+00  3.60000e+00       1.244e+06  9.243085e-01  0.000000e+00  1.128314e-01  7.569155e-02
 4.90000e+00  3.60000e+00       1.230e+05  8.430916e-01  0.000000e+00  1.197696e-01  1.569084e-01
 5.60000e+00  3.60000e+00       7.515e+03  8.208353e-01  0.000000e+00  8.687399e-02  1.791647e-01
 6.30000e+00  3.60000e+00       6.214e+01  5.607398e-01  0.000000e+00  4.437543e-01  4.392602e-01
 7.00000e+00  3.60000e+00       2.281e+01 -4.322068e-01  0.000000e+00  7.149454e-01  5.677932e-01
-7.00000e+00  4.00000e+00       1.565e+01 -5.902388e-01  0.000000e+00 -5.160661e-01  4.097612e-01
-6.30000e+00  4.00000e+00       6.466e+01  2.608550e-01  0.000000e+00 -3.655456e-01  7.391450e-01
-5.60000e+00  4.00000e+00       6.376e+03  8.290139e-01  0.000000e+00 -7.161923e-02  1.709861e-01
-4.90000e+00  4.00000e+00       1.053e+05  8.429542e-01  0.000000e+00 -9.798955e-02  1.570458e-01
-4.20000e+00  4.00000e+00       1.061e+06  9.261290e-01  0.000000e+00 -9.242350e-02  7.387096e-02
-3.50000e+00  4.00000e+00       2.255e+07  9.160195e-01  0.000000e+00 -2.695964e-02  8.398053e-02
-2.80000e+00  4.00000e+00       8.700e+07  9.049699e-01  0.000000e+00 -2.977577e-02  9.503007e-02
-2.10000e+00  4.00000e+00       7.243e+07  7.157875e-01  0.000000e+00 -1.229323e-01  2.842125e-01
-1.40000e+00  4.00000e+00       2.012e+08  8.033892e-01  0.000000e+00 -1.132018e-01  1.966108e-01
-7.00000e-01  4.00000e+00       9.863e+08  9.439569e-01  0.000000e+00 -1.791117e-02  5.604315e-02
 0.00000e+00  4.00000e+00       1.775e+09  9.703365e-01  0.000000e+00 -1.920280e-15  2.966352e-02
 7.00000e-01  4.00000e+00       9.863e+08  9.439569e-01  0.000000e+00  1.791117e-02  5.604315e-02
 1.40000e+00  4.00000e+00       2.012e+08  8.033892e-01  0.000000e+00  1.132018e-01  1.966108e-01
 2.10000e+00  4.00000e+00       7.243e+07  7.157875e-01  0.000000e+00  1.229323e-01  2.842125e-01
 2.80000e+00  4.00000e+00       8.700e+07  9.049699e-01  0.000000e+00  2.977577e-02  9.503007e-02
 3.50000e+00  4.00000e+00       2.255e+07  9.160195e-01  0.000000e+00  2.695964e-02  8.398053e-02
 4.20000e+00  4.00000e+00       1.061e+06  9.261290e-01  0.000000e+00  9.242350e-02  7.387096e-02
 4.90000e+00  4.00000e+00       1.053e+05  8.429542e-01  0.000000e+00  9.798955e-02  1.570458e-01
 5.60000e+00  4.00000e+00       6.376e+03  8.290139e-01  0.000000e+00  7.161923e-02  1.709861e-01
 6.30000e+00  4.00000e+00       6.466e+01  2.608550e-01  0.000000e+00  3.655456e-01  7.391450e-01
 7.00000e+00  4.00000e+00       1.565e+01 -5.902378e-01  0.000000e+00  5.160679e-01  4.097622e-01
