 EB(GeV)    EMITTANCEx EMITTANCEy SIZEx(m)   SIZEy(m)   DIVx(rad)  DIVy(rad)
 2.411e+00  5.499e-09  1.017e-12  8.711e-05  1.009e-06  6.313e-05  1.009e-06
 betax      alphax     betay      alphay     eta        deta       E_spread  
 1.380e+00  0.000e+00  1.000e+00  0.000e+00  0.000e+00  0.000e+00  8.600e-04
 Ibeam(A)   period(cm) #periods   Kx         Ky         Energy(eV)
 4.005e-01  1.900e+00         96  0.000e+00  1.780e+00  3.536e+04


           x            y       F.Density            PL            PC          PL45        1-|PL|
          mm           mm  ph/s/mr^2/0.1%             -             -             -             -
-7.00000e+00 -4.00000e+00       7.159e+00 -6.377281e-01  0.000000e+00  4.929962e-01  3.622719e-01
-6.30000e+00 -4.00000e+00       6.138e+01  3.758551e-01  0.000000e+00  2.114893e-01  6.241449e-01
-5.60000e+00 -4.00000e+00       2.089e+03  9.177328e-01  0.000000e+00  2.149903e-02  8.226723e-02
-4.90000e+00 -4.00000e+00       4.586e+04  8.688531e-01  0.000000e+00  4.551618e-03  1.311469e-01
-4.20000e+00 -4.00000e+00       4.904e+05  8.452037e-01  0.000000e+00  5.008379e-03  1.547963e-01
-3.50000e+00 -4.00000e+00       3.342e+06  8.462508e-01  0.000000e+00  7.693454e-03  1.537492e-01
-2.80000e+00 -4.00000e+00       1.597e+07  8.698368e-01  0.000000e+00  8.404458e-03  1.301632e-01
-2.10000e+00 -4.00000e+00       5.781e+07  9.383188e-01  0.000000e+00  1.148788e-02  6.168115e-02
-1.40000e+00 -4.00000e+00       1.547e+08  9.105329e-01  0.000000e+00  6.412639e-03  8.946706e-02
-7.00000e-01 -4.00000e+00       2.657e+08  6.848020e-01  0.000000e+00 -5.607820e-03  3.151980e-01
 0.00000e+00 -4.00000e+00       3.054e+08  5.467829e-01  0.000000e+00 -1.357795e-16  4.532171e-01
 7.00000e-01 -4.00000e+00       2.657e+08  6.848020e-01  0.000000e+00  5.607820e-03  3.151980e-01
 1.40000e+00 -4.00000e+00       1.547e+08  9.105329e-01  0.000000e+00 -6.412639e-03  8.946706e-02
 2.10000e+00 -4.00000e+00       5.781e+07  9.383188e-01  0.000000e+00 -1.148788e-02  6.168115e-02
 2.80000e+00 -4.00000e+00       1.597e+07  8.698368e-01  0.000000e+00 -8.404458e-03  1.301632e-01
 3.50000e+00 -4.00000e+00       3.342e+06  8.462508e-01  0.000000e+00 -7.693454e-03  1.537492e-01
 4.20000e+00 -4.00000e+00       4.904e+05  8.452037e-01  0.000000e+00 -5.008379e-03  1.547963e-01
 4.90000e+00 -4.00000e+00       4.586e+04  8.688531e-01  0.000000e+00 -4.551618e-03  1.311469e-01
 5.60000e+00 -4.00000e+00       2.089e+03  9.177328e-01  0.000000e+00 -2.149903e-02  8.226723e-02
 6.30000e+00 -4.00000e+00       6.138e+01  3.758551e-01  0.000000e+00 -2.114893e-01  6.241449e-01
 7.00000e+00 -4.00000e+00       7.159e+00 -6.377311e-01  0.000000e+00 -4.930003e-01  3.622689e-01
-7.00000e+00 -3.60000e+00       1.020e+01 -9.508501e-01  0.000000e+00  9.342713e-01  4.914988e-02
-6.30000e+00 -3.60000e+00       6.444e+01  5.059794e-01  0.000000e+00  2.440801e-01  4.940206e-01
-5.60000e+00 -3.60000e+00       2.467e+03  9.087438e-01  0.000000e+00  2.246369e-02  9.125619e-02
-4.90000e+00 -3.60000e+00       5.391e+04  8.690685e-01  0.000000e+00  5.306957e-03  1.309315e-01
-4.20000e+00 -3.60000e+00       5.772e+05  8.457070e-01  0.000000e+00  5.918625e-03  1.542930e-01
-3.50000e+00 -3.60000e+00       3.935e+06  8.465615e-01  0.000000e+00  9.268063e-03  1.534385e-01
-2.80000e+00 -3.60000e+00       1.883e+07  8.686088e-01  0.000000e+00  1.053065e-02  1.313912e-01
-2.10000e+00 -3.60000e+00       6.926e+07  9.285097e-01  0.000000e+00  1.645467e-02  7.149029e-02
-1.40000e+00 -3.60000e+00       1.849e+08  9.314450e-01  0.000000e+00  1.608069e-02  6.855497e-02
-7.00000e-01 -3.60000e+00       3.090e+08  6.642771e-01  0.000000e+00  4.070575e-03  3.357229e-01
 0.00000e+00 -3.60000e+00       3.419e+08  4.589822e-01  0.000000e+00 -6.070847e-16  5.410178e-01
 7.00000e-01 -3.60000e+00       3.090e+08  6.642771e-01  0.000000e+00 -4.070575e-03  3.357229e-01
 1.40000e+00 -3.60000e+00       1.849e+08  9.314450e-01  0.000000e+00 -1.608069e-02  6.855497e-02
 2.10000e+00 -3.60000e+00       6.926e+07  9.285097e-01  0.000000e+00 -1.645467e-02  7.149029e-02
 2.80000e+00 -3.60000e+00       1.883e+07  8.686088e-01  0.000000e+00 -1.053065e-02  1.313912e-01
 3.50000e+00 -3.60000e+00       3.935e+06  8.465615e-01  0.000000e+00 -9.268063e-03  1.534385e-01
 4.20000e+00 -3.60000e+00       5.772e+05  8.457070e-01  0.000000e+00 -5.918625e-03  1.542930e-01
 4.90000e+00 -3.60000e+00       5.391e+04  8.690685e-01  0.000000e+00 -5.306957e-03  1.309315e-01
 5.60000e+00 -3.60000e+00       2.467e+03  9.087438e-01  0.000000e+00 -2.246369e-02  9.125619e-02
 6.30000e+00 -3.60000e+00       6.444e+01  5.059794e-01  0.000000e+00 -2.440801e-01  4.940206e-01
 7.00000e+00 -3.60000e+00       1.020e+01 -9.508501e-01  0.000000e+00 -9.342713e-01  4.914988e-02
-7.00000e+00 -3.20000e+00       1.419e+01 -6.990227e-01  0.000000e+00  1.020815e+00  3.009773e-01
-6.30000e+00 -3.20000e+00       7.451e+01  5.816330e-01  0.000000e+00  2.396075e-01  4.183670e-01
-5.60000e+00 -3.20000e+00       3.012e+03  9.105646e-01  0.000000e+00  2.394382e-02  8.943537e-02
-4.90000e+00 -3.20000e+00       6.583e+04  8.710115e-01  0.000000e+00  5.494210e-03  1.289885e-01
-4.20000e+00 -3.20000e+00       7.060e+05  8.471023e-01  0.000000e+00  6.496352e-03  1.528977e-01
-3.50000e+00 -3.20000e+00       4.779e+06  8.502693e-01  0.000000e+00  1.005854e-02  1.497307e-01
-2.80000e+00 -3.20000e+00       2.179e+07  8.900377e-01  0.000000e+00  7.547567e-03  1.099623e-01
-2.10000e+00 -3.20000e+00       7.344e+07  9.922126e-01  0.000000e+00  7.488052e-03  7.787409e-03
-1.40000e+00 -3.20000e+00       2.127e+08  8.740421e-01  0.000000e+00  8.256139e-03  1.259579e-01
-7.00000e-01 -3.20000e+00       3.743e+08  6.641573e-01  0.000000e+00  2.928022e-03  3.358427e-01
 0.00000e+00 -3.20000e+00       4.235e+08  4.903830e-01  0.000000e+00 -3.385966e-17  5.096170e-01
 7.00000e-01 -3.20000e+00       3.743e+08  6.641573e-01  0.000000e+00 -2.928022e-03  3.358427e-01
 1.40000e+00 -3.20000e+00       2.127e+08  8.740421e-01  0.000000e+00 -8.256139e-03  1.259579e-01
 2.10000e+00 -3.20000e+00       7.344e+07  9.922126e-01  0.000000e+00 -7.488052e-03  7.787409e-03
 2.80000e+00 -3.20000e+00       2.179e+07  8.900377e-01  0.000000e+00 -7.547567e-03  1.099623e-01
 3.50000e+00 -3.20000e+00       4.779e+06  8.502693e-01  0.000000e+00 -1.005854e-02  1.497307e-01
 4.20000e+00 -3.20000e+00       7.060e+05  8.471023e-01  0.000000e+00 -6.496352e-03  1.528977e-01
 4.90000e+00 -3.20000e+00       6.583e+04  8.710115e-01  0.000000e+00 -5.494210e-03  1.289885e-01
 5.60000e+00 -3.20000e+00       3.012e+03  9.105646e-01  0.000000e+00 -2.394382e-02  8.943537e-02
 6.30000e+00 -3.20000e+00       7.451e+01  5.816330e-01  0.000000e+00 -2.396075e-01  4.183670e-01
 7.00000e+00 -3.20000e+00       1.419e+01 -6.990227e-01  0.000000e+00 -1.020815e+00  3.009773e-01
-7.00000e+00 -2.80000e+00       1.128e+01 -6.474756e-01  0.000000e+00  1.164653e+00  3.525244e-01
-6.30000e+00 -2.80000e+00       8.873e+01  7.288428e-01  0.000000e+00  1.957649e-01  2.711572e-01
-5.60000e+00 -2.80000e+00       3.860e+03  9.095544e-01  0.000000e+00  2.602700e-02  9.044563e-02
-4.90000e+00 -2.80000e+00       8.385e+04  8.753150e-01  0.000000e+00  3.435039e-03  1.246850e-01
-4.20000e+00 -2.80000e+00       8.648e+05  8.663647e-01  0.000000e+00 -1.228482e-03  1.336353e-01
-3.50000e+00 -2.80000e+00       4.364e+06  9.938942e-01  0.000000e+00 -3.918648e-02  6.105770e-03
-2.80000e+00 -2.80000e+00       1.073e+07 -1.477553e-02  0.000000e+00 -2.877396e-01  9.852245e-01
-2.10000e+00 -2.80000e+00       8.017e+07 -6.946768e-02  0.000000e+00 -1.988776e-01  9.305323e-01
-1.40000e+00 -2.80000e+00       2.492e+08 -1.079686e-01  0.000000e+00 -1.268975e-01  8.920314e-01
-7.00000e-01 -2.80000e+00       3.147e+08 -5.019958e-01  0.000000e+00 -9.315039e-02  4.980042e-01
 0.00000e+00 -2.80000e+00       2.703e+08 -9.702062e-01  0.000000e+00  6.386574e-17  2.979381e-02
 7.00000e-01 -2.80000e+00       3.147e+08 -5.019958e-01  0.000000e+00  9.315039e-02  4.980042e-01
 1.40000e+00 -2.80000e+00       2.492e+08 -1.079686e-01  0.000000e+00  1.268975e-01  8.920314e-01
 2.10000e+00 -2.80000e+00       8.017e+07 -6.946768e-02  0.000000e+00  1.988776e-01  9.305323e-01
 2.80000e+00 -2.80000e+00       1.073e+07 -1.477553e-02  0.000000e+00  2.877396e-01  9.852245e-01
 3.50000e+00 -2.80000e+00       4.364e+06  9.938942e-01  0.000000e+00  3.918648e-02  6.105770e-03
 4.20000e+00 -2.80000e+00       8.648e+05  8.663647e-01  0.000000e+00  1.228482e-03  1.336353e-01
 4.90000e+00 -2.80000e+00       8.385e+04  8.753150e-01  0.000000e+00 -3.435039e-03  1.246850e-01
 5.60000e+00 -2.80000e+00       3.860e+03  9.095544e-01  0.000000e+00 -2.602700e-02  9.044563e-02
 6.30000e+00 -2.80000e+00       8.873e+01  7.288428e-01  0.000000e+00 -1.957649e-01  2.711572e-01
 7.00000e+00 -2.80000e+00       1.128e+01 -6.474756e-01  0.000000e+00 -1.164653e+00  3.525244e-01
-7.00000e+00 -2.40000e+00       1.896e+01 -4.715606e-01  0.000000e+00  1.097646e+00  5.284394e-01
-6.30000e+00 -2.40000e+00       1.006e+02  1.000004e-01  0.000000e+00  1.262787e-01  8.999996e-01
-5.60000e+00 -2.40000e+00       6.777e+03  1.540966e-01  0.000000e+00 -5.676033e-01  8.459034e-01
-4.90000e+00 -2.40000e+00       6.448e+05  4.276790e-01  0.000000e+00 -3.760314e-01  5.723210e-01
-4.20000e+00 -2.40000e+00       1.529e+07  4.751223e-01  0.000000e+00 -3.204414e-01  5.248777e-01
-3.50000e+00 -2.40000e+00       1.287e+08  4.914108e-01  0.000000e+00 -2.751782e-01  5.085892e-01
-2.80000e+00 -2.40000e+00       4.806e+08  4.946242e-01  0.000000e+00 -2.186041e-01  5.053758e-01
-2.10000e+00 -2.40000e+00       9.928e+08  4.695047e-01  0.000000e+00 -1.540142e-01  5.304953e-01
-1.40000e+00 -2.40000e+00       1.306e+09  3.787603e-01  0.000000e+00 -9.790429e-02  6.212397e-01
-7.00000e-01 -2.40000e+00       1.118e+09  1.641720e-01  0.000000e+00 -6.005453e-02  8.358280e-01
 0.00000e+00 -2.40000e+00       8.363e+08 -8.946379e-02  0.000000e+00 -5.292274e-16  9.105362e-01
 7.00000e-01 -2.40000e+00       1.118e+09  1.641720e-01  0.000000e+00  6.005453e-02  8.358280e-01
 1.40000e+00 -2.40000e+00       1.306e+09  3.787603e-01  0.000000e+00  9.790429e-02  6.212397e-01
 2.10000e+00 -2.40000e+00       9.928e+08  4.695047e-01  0.000000e+00  1.540142e-01  5.304953e-01
 2.80000e+00 -2.40000e+00       4.806e+08  4.946242e-01  0.000000e+00  2.186041e-01  5.053758e-01
 3.50000e+00 -2.40000e+00       1.287e+08  4.914108e-01  0.000000e+00  2.751782e-01  5.085892e-01
 4.20000e+00 -2.40000e+00       1.529e+07  4.751223e-01  0.000000e+00  3.204414e-01  5.248777e-01
 4.90000e+00 -2.40000e+00       6.448e+05  4.276790e-01  0.000000e+00  3.760314e-01  5.723210e-01
 5.60000e+00 -2.40000e+00       6.777e+03  1.540966e-01  0.000000e+00  5.676033e-01  8.459034e-01
 6.30000e+00 -2.40000e+00       1.006e+02  1.000004e-01  0.000000e+00 -1.262787e-01  8.999996e-01
 7.00000e+00 -2.40000e+00       1.896e+01 -4.715606e-01  0.000000e+00 -1.097646e+00  5.284394e-01
-7.00000e+00 -2.00000e+00       5.190e+01  2.965587e-02  0.000000e+00  5.425466e-01  9.703441e-01
-6.30000e+00 -2.00000e+00       4.813e+03  4.299193e-01  0.000000e+00 -4.367618e-01  5.700807e-01
-5.60000e+00 -2.00000e+00       3.937e+05  4.561800e-01  0.000000e+00 -4.322389e-01  5.438200e-01
-4.90000e+00 -2.00000e+00       1.077e+07  4.752783e-01  0.000000e+00 -4.078098e-01  5.247217e-01
-4.20000e+00 -2.00000e+00       1.062e+08  4.991292e-01  0.000000e+00 -3.702437e-01  5.008708e-01
-3.50000e+00 -2.00000e+00       4.290e+08  5.246072e-01  0.000000e+00 -3.142114e-01  4.753928e-01
-2.80000e+00 -2.00000e+00       9.127e+08  5.395705e-01  0.000000e+00 -2.283076e-01  4.604295e-01
-2.10000e+00 -2.00000e+00       1.579e+09  5.212987e-01  0.000000e+00 -1.252922e-01  4.787013e-01
-1.40000e+00 -2.00000e+00       2.563e+09  4.668255e-01  0.000000e+00 -5.946300e-02  5.331745e-01
-7.00000e-01 -2.00000e+00       3.776e+09  4.196997e-01  0.000000e+00 -2.303057e-02  5.803003e-01
 0.00000e+00 -2.00000e+00       4.578e+09  4.099793e-01  0.000000e+00  2.097488e-15  5.900207e-01
 7.00000e-01 -2.00000e+00       3.776e+09  4.196997e-01  0.000000e+00  2.303057e-02  5.803003e-01
 1.40000e+00 -2.00000e+00       2.563e+09  4.668255e-01  0.000000e+00  5.946300e-02  5.331745e-01
 2.10000e+00 -2.00000e+00       1.579e+09  5.212987e-01  0.000000e+00  1.252922e-01  4.787013e-01
 2.80000e+00 -2.00000e+00       9.127e+08  5.395705e-01  0.000000e+00  2.283076e-01  4.604295e-01
 3.50000e+00 -2.00000e+00       4.290e+08  5.246072e-01  0.000000e+00  3.142114e-01  4.753928e-01
 4.20000e+00 -2.00000e+00       1.062e+08  4.991292e-01  0.000000e+00  3.702437e-01  5.008708e-01
 4.90000e+00 -2.00000e+00       1.077e+07  4.752783e-01  0.000000e+00  4.078098e-01  5.247217e-01
 5.60000e+00 -2.00000e+00       3.937e+05  4.561800e-01  0.000000e+00  4.322389e-01  5.438200e-01
 6.30000e+00 -2.00000e+00       4.813e+03  4.299193e-01  0.000000e+00  4.367618e-01  5.700807e-01
 7.00000e+00 -2.00000e+00       5.190e+01  2.965587e-02  0.000000e+00 -5.425466e-01  9.703441e-01
-7.00000e+00 -1.60000e+00       4.625e+01 -9.915291e-02  0.000000e+00  1.027735e+00  9.008471e-01
-6.30000e+00 -1.60000e+00       2.480e+02  6.283843e-01  0.000000e+00  3.660309e-01  3.716157e-01
-5.60000e+00 -1.60000e+00       5.972e+03  4.769346e-01  0.000000e+00 -1.099883e-01  5.230654e-01
-4.90000e+00 -1.60000e+00       1.010e+06  5.657102e-01  0.000000e+00 -1.631004e-01  4.342898e-01
-4.20000e+00 -1.60000e+00       5.026e+07  6.349532e-01  0.000000e+00 -1.429782e-01  3.650468e-01
-3.50000e+00 -1.60000e+00       7.167e+08  6.440491e-01  0.000000e+00 -1.323071e-01  3.559509e-01
-2.80000e+00 -1.60000e+00       3.685e+09  6.420602e-01  0.000000e+00 -1.139541e-01  3.579398e-01
-2.10000e+00 -1.60000e+00       8.507e+09  6.309927e-01  0.000000e+00 -8.355471e-02  3.690073e-01
-1.40000e+00 -1.60000e+00       1.196e+10  6.065283e-01  0.000000e+00 -4.658898e-02  3.934717e-01
-7.00000e-01 -1.60000e+00       1.343e+10  5.747477e-01  0.000000e+00 -1.888454e-02  4.252523e-01
 0.00000e+00 -1.60000e+00       1.375e+10  5.585036e-01  0.000000e+00 -2.742449e-16  4.414964e-01
 7.00000e-01 -1.60000e+00       1.343e+10  5.747477e-01  0.000000e+00  1.888454e-02  4.252523e-01
 1.40000e+00 -1.60000e+00       1.196e+10  6.065283e-01  0.000000e+00  4.658898e-02  3.934717e-01
 2.10000e+00 -1.60000e+00       8.507e+09  6.309927e-01  0.000000e+00  8.355471e-02  3.690073e-01
 2.80000e+00 -1.60000e+00       3.685e+09  6.420602e-01  0.000000e+00  1.139541e-01  3.579398e-01
 3.50000e+00 -1.60000e+00       7.167e+08  6.440491e-01  0.000000e+00  1.323071e-01  3.559509e-01
 4.20000e+00 -1.60000e+00       5.026e+07  6.349532e-01  0.000000e+00  1.429782e-01  3.650468e-01
 4.90000e+00 -1.60000e+00       1.010e+06  5.657102e-01  0.000000e+00  1.631004e-01  4.342898e-01
 5.60000e+00 -1.60000e+00       5.972e+03  4.769346e-01  0.000000e+00  1.099883e-01  5.230654e-01
 6.30000e+00 -1.60000e+00       2.480e+02  6.283843e-01  0.000000e+00 -3.660309e-01  3.716157e-01
 7.00000e+00 -1.60000e+00       4.625e+01 -9.915292e-02  0.000000e+00 -1.027735e+00  9.008471e-01
-7.00000e+00 -1.20000e+00       4.277e+02  5.767612e-01  0.000000e+00 -1.568245e-01  4.232388e-01
-6.30000e+00 -1.20000e+00       5.156e+04  5.807766e-01  0.000000e+00 -2.408315e-01  4.192234e-01
-5.60000e+00 -1.20000e+00       2.618e+06  5.968256e-01  0.000000e+00 -2.005089e-01  4.031744e-01
-4.90000e+00 -1.20000e+00       6.227e+07  6.212978e-01  0.000000e+00 -1.181329e-01  3.787022e-01
-4.20000e+00 -1.20000e+00       8.184e+08  6.306609e-01  0.000000e+00 -5.099498e-02  3.693391e-01
-3.50000e+00 -1.20000e+00       6.265e+09  6.369232e-01  0.000000e+00 -2.040527e-02  3.630768e-01
-2.80000e+00 -1.20000e+00       2.913e+10  6.525924e-01  0.000000e+00 -2.664281e-02  3.474076e-01
-2.10000e+00 -1.20000e+00       8.966e+10  6.800605e-01  0.000000e+00 -9.612037e-02  3.199395e-01
-1.40000e+00 -1.20000e+00       1.829e+11  7.035057e-01  0.000000e+00 -2.120179e-01  2.964943e-01
-7.00000e-01 -1.20000e+00       2.230e+11  6.869186e-01  0.000000e+00 -2.502595e-01  3.130814e-01
 0.00000e+00 -1.20000e+00       2.037e+11  6.573188e-01  0.000000e+00  1.187463e-14  3.426812e-01
 7.00000e-01 -1.20000e+00       2.230e+11  6.869186e-01  0.000000e+00  2.502595e-01  3.130814e-01
 1.40000e+00 -1.20000e+00       1.829e+11  7.035057e-01  0.000000e+00  2.120179e-01  2.964943e-01
 2.10000e+00 -1.20000e+00       8.966e+10  6.800605e-01  0.000000e+00  9.612037e-02  3.199395e-01
 2.80000e+00 -1.20000e+00       2.913e+10  6.525924e-01  0.000000e+00  2.664281e-02  3.474076e-01
 3.50000e+00 -1.20000e+00       6.265e+09  6.369232e-01  0.000000e+00  2.040527e-02  3.630768e-01
 4.20000e+00 -1.20000e+00       8.184e+08  6.306609e-01  0.000000e+00  5.099498e-02  3.693391e-01
 4.90000e+00 -1.20000e+00       6.227e+07  6.212978e-01  0.000000e+00  1.181329e-01  3.787022e-01
 5.60000e+00 -1.20000e+00       2.618e+06  5.968256e-01  0.000000e+00  2.005089e-01  4.031744e-01
 6.30000e+00 -1.20000e+00       5.156e+04  5.807766e-01  0.000000e+00  2.408315e-01  4.192234e-01
 7.00000e+00 -1.20000e+00       4.277e+02  5.767611e-01  0.000000e+00  1.568245e-01  4.232389e-01
-7.00000e+00 -8.00000e-01       8.846e+03  6.985913e-01  0.000000e+00 -1.676630e-01  3.014087e-01
-6.30000e+00 -8.00000e-01       9.405e+05  7.704963e-01  0.000000e+00 -1.055936e-01  2.295037e-01
-5.60000e+00 -8.00000e-01       4.445e+07  7.945482e-01  0.000000e+00 -3.095525e-02  2.054518e-01
-4.90000e+00 -8.00000e-01       1.031e+09  7.897218e-01  0.000000e+00 -7.045738e-03  2.102782e-01
-4.20000e+00 -8.00000e-01       1.289e+10  7.883736e-01  0.000000e+00 -9.255862e-03  2.116264e-01
-3.50000e+00 -8.00000e-01       9.095e+10  7.900714e-01  0.000000e+00 -9.127959e-03  2.099286e-01
-2.80000e+00 -8.00000e-01       3.863e+11  7.911701e-01  0.000000e+00 -1.888742e-02  2.088299e-01
-2.10000e+00 -8.00000e-01       1.053e+12  7.877273e-01  0.000000e+00 -6.340204e-02  2.122727e-01
-1.40000e+00 -8.00000e-01       1.819e+12  7.665899e-01  0.000000e+00 -1.132796e-01  2.334101e-01
-7.00000e-01 -8.00000e-01       1.861e+12  7.301542e-01  0.000000e+00 -7.967475e-02  2.698458e-01
 0.00000e+00 -8.00000e-01       1.517e+12  7.052976e-01  0.000000e+00  3.028360e-15  2.947024e-01
 7.00000e-01 -8.00000e-01       1.861e+12  7.301542e-01  0.000000e+00  7.967475e-02  2.698458e-01
 1.40000e+00 -8.00000e-01       1.819e+12  7.665899e-01  0.000000e+00  1.132796e-01  2.334101e-01
 2.10000e+00 -8.00000e-01       1.053e+12  7.877273e-01  0.000000e+00  6.340204e-02  2.122727e-01
 2.80000e+00 -8.00000e-01       3.863e+11  7.911701e-01  0.000000e+00  1.888742e-02  2.088299e-01
 3.50000e+00 -8.00000e-01       9.095e+10  7.900714e-01  0.000000e+00  9.127959e-03  2.099286e-01
 4.20000e+00 -8.00000e-01       1.289e+10  7.883736e-01  0.000000e+00  9.255862e-03  2.116264e-01
 4.90000e+00 -8.00000e-01       1.031e+09  7.897218e-01  0.000000e+00  7.045738e-03  2.102782e-01
 5.60000e+00 -8.00000e-01       4.445e+07  7.945482e-01  0.000000e+00  3.095525e-02  2.054518e-01
 6.30000e+00 -8.00000e-01       9.405e+05  7.704963e-01  0.000000e+00  1.055936e-01  2.295037e-01
 7.00000e+00 -8.00000e-01       8.846e+03  6.985913e-01  0.000000e+00  1.676630e-01  3.014087e-01
-7.00000e+00 -4.00000e-01       5.141e+04  9.309124e-01  0.000000e+00  2.932014e-02  6.908761e-02
-6.30000e+00 -4.00000e-01       5.095e+06  9.257978e-01  0.000000e+00 -3.398583e-02  7.420224e-02
-5.60000e+00 -4.00000e-01       2.588e+08  9.352060e-01  0.000000e+00 -4.272855e-02  6.479399e-02
-4.90000e+00 -4.00000e-01       5.820e+09  9.377950e-01  0.000000e+00 -2.487554e-02  6.220497e-02
-4.20000e+00 -4.00000e-01       6.308e+10  9.350500e-01  0.000000e+00 -2.231239e-02  6.494999e-02
-3.50000e+00 -4.00000e-01       4.016e+11  9.354780e-01  0.000000e+00 -2.677965e-02  6.452198e-02
-2.80000e+00 -4.00000e-01       1.656e+12  9.377791e-01  0.000000e+00 -2.269175e-02  6.222085e-02
-2.10000e+00 -4.00000e-01       4.778e+12  9.445978e-01  0.000000e+00 -2.311369e-02  5.540216e-02
-1.40000e+00 -4.00000e-01       1.066e+13  9.548775e-01  0.000000e+00 -2.474519e-02  4.512248e-02
-7.00000e-01 -4.00000e-01       1.919e+13  9.550418e-01  0.000000e+00 -1.131860e-02  4.495820e-02
 0.00000e+00 -4.00000e-01       2.449e+13  9.519468e-01  0.000000e+00  6.892670e-16  4.805317e-02
 7.00000e-01 -4.00000e-01       1.919e+13  9.550418e-01  0.000000e+00  1.131860e-02  4.495820e-02
 1.40000e+00 -4.00000e-01       1.066e+13  9.548775e-01  0.000000e+00  2.474519e-02  4.512248e-02
 2.10000e+00 -4.00000e-01       4.778e+12  9.445978e-01  0.000000e+00  2.311369e-02  5.540216e-02
 2.80000e+00 -4.00000e-01       1.656e+12  9.377791e-01  0.000000e+00  2.269175e-02  6.222085e-02
 3.50000e+00 -4.00000e-01       4.016e+11  9.354780e-01  0.000000e+00  2.677965e-02  6.452198e-02
 4.20000e+00 -4.00000e-01       6.308e+10  9.350500e-01  0.000000e+00  2.231239e-02  6.494999e-02
 4.90000e+00 -4.00000e-01       5.820e+09  9.377950e-01  0.000000e+00  2.487554e-02  6.220497e-02
 5.60000e+00 -4.00000e-01       2.588e+08  9.352060e-01  0.000000e+00  4.272855e-02  6.479399e-02
 6.30000e+00 -4.00000e-01       5.095e+06  9.257978e-01  0.000000e+00  3.398583e-02  7.420224e-02
 7.00000e+00 -4.00000e-01       5.141e+04  9.309124e-01  0.000000e+00 -2.932015e-02  6.908761e-02
-7.00000e+00  0.00000e+00       2.988e+05  9.999830e-01  0.000000e+00 -1.677371e-13  1.695052e-05
-6.30000e+00  0.00000e+00       1.114e+07  9.999546e-01  0.000000e+00 -2.325711e-14  4.537912e-05
-5.60000e+00  0.00000e+00       4.846e+08  9.999621e-01  0.000000e+00 -3.835823e-14  3.789332e-05
-4.90000e+00  0.00000e+00       1.118e+10  9.999724e-01  0.000000e+00 -3.477673e-13  2.755424e-05
-4.20000e+00  0.00000e+00       1.252e+11  9.999748e-01  0.000000e+00 -1.943037e-12  2.518511e-05
-3.50000e+00  0.00000e+00       7.695e+11  9.999753e-01  0.000000e+00 -5.771972e-12  2.472082e-05
-2.80000e+00  0.00000e+00       2.884e+12  9.999766e-01  0.000000e+00 -7.805267e-12  2.343378e-05
-2.10000e+00  0.00000e+00       7.155e+12  9.999709e-01  0.000000e+00 -3.762418e-12  2.909801e-05
-1.40000e+00  0.00000e+00       1.287e+13  9.999580e-01  0.000000e+00  1.291756e-13  4.196673e-05
-7.00000e-01  0.00000e+00       1.668e+13  9.999667e-01  0.000000e+00  6.853689e-13  3.327259e-05
 0.00000e+00  0.00000e+00       1.677e+13  9.999867e-01  0.000000e+00 -1.422108e-17  1.328120e-05
 7.00000e-01  0.00000e+00       1.668e+13  9.999667e-01  0.000000e+00 -6.854010e-13  3.327259e-05
 1.40000e+00  0.00000e+00       1.287e+13  9.999580e-01  0.000000e+00 -1.292028e-13  4.196673e-05
 2.10000e+00  0.00000e+00       7.155e+12  9.999709e-01  0.000000e+00  3.762409e-12  2.909801e-05
 2.80000e+00  0.00000e+00       2.884e+12  9.999766e-01  0.000000e+00  7.805271e-12  2.343378e-05
 3.50000e+00  0.00000e+00       7.695e+11  9.999753e-01  0.000000e+00  5.771980e-12  2.472082e-05
 4.20000e+00  0.00000e+00       1.252e+11  9.999748e-01  0.000000e+00  1.943051e-12  2.518511e-05
 4.90000e+00  0.00000e+00       1.118e+10  9.999724e-01  0.000000e+00  3.477914e-13  2.755424e-05
 5.60000e+00  0.00000e+00       4.846e+08  9.999621e-01  0.000000e+00  3.826188e-14  3.789332e-05
 6.30000e+00  0.00000e+00       1.114e+07  9.999546e-01  0.000000e+00 -1.192631e-17  4.537912e-05
 7.00000e+00  0.00000e+00       2.988e+05  9.999830e-01  0.000000e+00 -4.972523e-14  1.695052e-05
-7.00000e+00  4.00000e-01       5.141e+04  9.309124e-01  0.000000e+00 -2.932014e-02  6.908761e-02
-6.30000e+00  4.00000e-01       5.095e+06  9.257978e-01  0.000000e+00  3.398583e-02  7.420224e-02
-5.60000e+00  4.00000e-01       2.588e+08  9.352060e-01  0.000000e+00  4.272855e-02  6.479399e-02
-4.90000e+00  4.00000e-01       5.820e+09  9.377950e-01  0.000000e+00  2.487554e-02  6.220497e-02
-4.20000e+00  4.00000e-01       6.308e+10  9.350500e-01  0.000000e+00  2.231239e-02  6.494999e-02
-3.50000e+00  4.00000e-01       4.016e+11  9.354780e-01  0.000000e+00  2.677965e-02  6.452198e-02
-2.80000e+00  4.00000e-01       1.656e+12  9.377791e-01  0.000000e+00  2.269175e-02  6.222085e-02
-2.10000e+00  4.00000e-01       4.778e+12  9.445978e-01  0.000000e+00  2.311369e-02  5.540216e-02
-1.40000e+00  4.00000e-01       1.066e+13  9.548775e-01  0.000000e+00  2.474519e-02  4.512248e-02
-7.00000e-01  4.00000e-01       1.919e+13  9.550418e-01  0.000000e+00  1.131860e-02  4.495820e-02
 0.00000e+00  4.00000e-01       2.449e+13  9.519468e-01  0.000000e+00 -6.887835e-16  4.805317e-02
 7.00000e-01  4.00000e-01       1.919e+13  9.550418e-01  0.000000e+00 -1.131860e-02  4.495820e-02
 1.40000e+00  4.00000e-01       1.066e+13  9.548775e-01  0.000000e+00 -2.474519e-02  4.512248e-02
 2.10000e+00  4.00000e-01       4.778e+12  9.445978e-01  0.000000e+00 -2.311369e-02  5.540216e-02
 2.80000e+00  4.00000e-01       1.656e+12  9.377791e-01  0.000000e+00 -2.269175e-02  6.222085e-02
 3.50000e+00  4.00000e-01       4.016e+11  9.354780e-01  0.000000e+00 -2.677965e-02  6.452198e-02
 4.20000e+00  4.00000e-01       6.308e+10  9.350500e-01  0.000000e+00 -2.231239e-02  6.494999e-02
 4.90000e+00  4.00000e-01       5.820e+09  9.377950e-01  0.000000e+00 -2.487554e-02  6.220497e-02
 5.60000e+00  4.00000e-01       2.588e+08  9.352060e-01  0.000000e+00 -4.272855e-02  6.479399e-02
 6.30000e+00  4.00000e-01       5.095e+06  9.257978e-01  0.000000e+00 -3.398583e-02  7.420224e-02
 7.00000e+00  4.00000e-01       5.141e+04  9.309124e-01  0.000000e+00  2.932015e-02  6.908761e-02
-7.00000e+00  8.00000e-01       8.846e+03  6.985913e-01  0.000000e+00  1.676630e-01  3.014087e-01
-6.30000e+00  8.00000e-01       9.405e+05  7.704963e-01  0.000000e+00  1.055936e-01  2.295037e-01
-5.60000e+00  8.00000e-01       4.445e+07  7.945482e-01  0.000000e+00  3.095525e-02  2.054518e-01
-4.90000e+00  8.00000e-01       1.031e+09  7.897218e-01  0.000000e+00  7.045738e-03  2.102782e-01
-4.20000e+00  8.00000e-01       1.289e+10  7.883736e-01  0.000000e+00  9.255862e-03  2.116264e-01
-3.50000e+00  8.00000e-01       9.095e+10  7.900714e-01  0.000000e+00  9.127959e-03  2.099286e-01
-2.80000e+00  8.00000e-01       3.863e+11  7.911701e-01  0.000000e+00  1.888742e-02  2.088299e-01
-2.10000e+00  8.00000e-01       1.053e+12  7.877273e-01  0.000000e+00  6.340204e-02  2.122727e-01
-1.40000e+00  8.00000e-01       1.819e+12  7.665899e-01  0.000000e+00  1.132796e-01  2.334101e-01
-7.00000e-01  8.00000e-01       1.861e+12  7.301542e-01  0.000000e+00  7.967475e-02  2.698458e-01
 0.00000e+00  8.00000e-01       1.517e+12  7.052976e-01  0.000000e+00 -2.140228e-15  2.947024e-01
 7.00000e-01  8.00000e-01       1.861e+12  7.301542e-01  0.000000e+00 -7.967475e-02  2.698458e-01
 1.40000e+00  8.00000e-01       1.819e+12  7.665899e-01  0.000000e+00 -1.132796e-01  2.334101e-01
 2.10000e+00  8.00000e-01       1.053e+12  7.877273e-01  0.000000e+00 -6.340204e-02  2.122727e-01
 2.80000e+00  8.00000e-01       3.863e+11  7.911701e-01  0.000000e+00 -1.888742e-02  2.088299e-01
 3.50000e+00  8.00000e-01       9.095e+10  7.900714e-01  0.000000e+00 -9.127959e-03  2.099286e-01
 4.20000e+00  8.00000e-01       1.289e+10  7.883736e-01  0.000000e+00 -9.255862e-03  2.116264e-01
 4.90000e+00  8.00000e-01       1.031e+09  7.897218e-01  0.000000e+00 -7.045738e-03  2.102782e-01
 5.60000e+00  8.00000e-01       4.445e+07  7.945482e-01  0.000000e+00 -3.095525e-02  2.054518e-01
 6.30000e+00  8.00000e-01       9.405e+05  7.704963e-01  0.000000e+00 -1.055936e-01  2.295037e-01
 7.00000e+00  8.00000e-01       8.846e+03  6.985913e-01  0.000000e+00 -1.676630e-01  3.014087e-01
-7.00000e+00  1.20000e+00       4.277e+02  5.767611e-01  0.000000e+00  1.568245e-01  4.232389e-01
-6.30000e+00  1.20000e+00       5.156e+04  5.807766e-01  0.000000e+00  2.408315e-01  4.192234e-01
-5.60000e+00  1.20000e+00       2.618e+06  5.968256e-01  0.000000e+00  2.005089e-01  4.031744e-01
-4.90000e+00  1.20000e+00       6.227e+07  6.212978e-01  0.000000e+00  1.181329e-01  3.787022e-01
-4.20000e+00  1.20000e+00       8.184e+08  6.306609e-01  0.000000e+00  5.099498e-02  3.693391e-01
-3.50000e+00  1.20000e+00       6.265e+09  6.369232e-01  0.000000e+00  2.040527e-02  3.630768e-01
-2.80000e+00  1.20000e+00       2.913e+10  6.525924e-01  0.000000e+00  2.664281e-02  3.474076e-01
-2.10000e+00  1.20000e+00       8.966e+10  6.800605e-01  0.000000e+00  9.612037e-02  3.199395e-01
-1.40000e+00  1.20000e+00       1.829e+11  7.035057e-01  0.000000e+00  2.120179e-01  2.964943e-01
-7.00000e-01  1.20000e+00       2.230e+11  6.869186e-01  0.000000e+00  2.502595e-01  3.130814e-01
 0.00000e+00  1.20000e+00       2.037e+11  6.573188e-01  0.000000e+00 -1.896530e-14  3.426812e-01
 7.00000e-01  1.20000e+00       2.230e+11  6.869186e-01  0.000000e+00 -2.502595e-01  3.130814e-01
 1.40000e+00  1.20000e+00       1.829e+11  7.035057e-01  0.000000e+00 -2.120179e-01  2.964943e-01
 2.10000e+00  1.20000e+00       8.966e+10  6.800605e-01  0.000000e+00 -9.612037e-02  3.199395e-01
 2.80000e+00  1.20000e+00       2.913e+10  6.525924e-01  0.000000e+00 -2.664281e-02  3.474076e-01
 3.50000e+00  1.20000e+00       6.265e+09  6.369232e-01  0.000000e+00 -2.040527e-02  3.630768e-01
 4.20000e+00  1.20000e+00       8.184e+08  6.306609e-01  0.000000e+00 -5.099498e-02  3.693391e-01
 4.90000e+00  1.20000e+00       6.227e+07  6.212978e-01  0.000000e+00 -1.181329e-01  3.787022e-01
 5.60000e+00  1.20000e+00       2.618e+06  5.968256e-01  0.000000e+00 -2.005089e-01  4.031744e-01
 6.30000e+00  1.20000e+00       5.156e+04  5.807766e-01  0.000000e+00 -2.408315e-01  4.192234e-01
 7.00000e+00  1.20000e+00       4.277e+02  5.767611e-01  0.000000e+00 -1.568245e-01  4.232389e-01
-7.00000e+00  1.60000e+00       4.625e+01 -9.915291e-02  0.000000e+00 -1.027735e+00  9.008471e-01
-6.30000e+00  1.60000e+00       2.480e+02  6.283843e-01  0.000000e+00 -3.660309e-01  3.716157e-01
-5.60000e+00  1.60000e+00       5.972e+03  4.769346e-01  0.000000e+00  1.099883e-01  5.230654e-01
-4.90000e+00  1.60000e+00       1.010e+06  5.657102e-01  0.000000e+00  1.631004e-01  4.342898e-01
-4.20000e+00  1.60000e+00       5.026e+07  6.349532e-01  0.000000e+00  1.429782e-01  3.650468e-01
-3.50000e+00  1.60000e+00       7.167e+08  6.440491e-01  0.000000e+00  1.323071e-01  3.559509e-01
-2.80000e+00  1.60000e+00       3.685e+09  6.420602e-01  0.000000e+00  1.139541e-01  3.579398e-01
-2.10000e+00  1.60000e+00       8.507e+09  6.309927e-01  0.000000e+00  8.355470e-02  3.690073e-01
-1.40000e+00  1.60000e+00       1.196e+10  6.065283e-01  0.000000e+00  4.658898e-02  3.934717e-01
-7.00000e-01  1.60000e+00       1.343e+10  5.747477e-01  0.000000e+00  1.888454e-02  4.252523e-01
 0.00000e+00  1.60000e+00       1.375e+10  5.585036e-01  0.000000e+00  5.198597e-16  4.414964e-01
 7.00000e-01  1.60000e+00       1.343e+10  5.747477e-01  0.000000e+00 -1.888454e-02  4.252523e-01
 1.40000e+00  1.60000e+00       1.196e+10  6.065283e-01  0.000000e+00 -4.658898e-02  3.934717e-01
 2.10000e+00  1.60000e+00       8.507e+09  6.309927e-01  0.000000e+00 -8.355470e-02  3.690073e-01
 2.80000e+00  1.60000e+00       3.685e+09  6.420602e-01  0.000000e+00 -1.139541e-01  3.579398e-01
 3.50000e+00  1.60000e+00       7.167e+08  6.440491e-01  0.000000e+00 -1.323071e-01  3.559509e-01
 4.20000e+00  1.60000e+00       5.026e+07  6.349532e-01  0.000000e+00 -1.429782e-01  3.650468e-01
 4.90000e+00  1.60000e+00       1.010e+06  5.657102e-01  0.000000e+00 -1.631004e-01  4.342898e-01
 5.60000e+00  1.60000e+00       5.972e+03  4.769346e-01  0.000000e+00 -1.099883e-01  5.230654e-01
 6.30000e+00  1.60000e+00       2.480e+02  6.283843e-01  0.000000e+00  3.660309e-01  3.716157e-01
 7.00000e+00  1.60000e+00       4.625e+01 -9.915292e-02  0.000000e+00  1.027735e+00  9.008471e-01
-7.00000e+00  2.00000e+00       5.190e+01  2.965587e-02  0.000000e+00 -5.425466e-01  9.703441e-01
-6.30000e+00  2.00000e+00       4.813e+03  4.299193e-01  0.000000e+00  4.367618e-01  5.700807e-01
-5.60000e+00  2.00000e+00       3.937e+05  4.561800e-01  0.000000e+00  4.322389e-01  5.438200e-01
-4.90000e+00  2.00000e+00       1.077e+07  4.752783e-01  0.000000e+00  4.078098e-01  5.247217e-01
-4.20000e+00  2.00000e+00       1.062e+08  4.991292e-01  0.000000e+00  3.702437e-01  5.008708e-01
-3.50000e+00  2.00000e+00       4.290e+08  5.246072e-01  0.000000e+00  3.142113e-01  4.753928e-01
-2.80000e+00  2.00000e+00       9.127e+08  5.395705e-01  0.000000e+00  2.283075e-01  4.604295e-01
-2.10000e+00  2.00000e+00       1.579e+09  5.212987e-01  0.000000e+00  1.252921e-01  4.787013e-01
-1.40000e+00  2.00000e+00       2.563e+09  4.668255e-01  0.000000e+00  5.946300e-02  5.331745e-01
-7.00000e-01  2.00000e+00       3.776e+09  4.196997e-01  0.000000e+00  2.303058e-02  5.803003e-01
 0.00000e+00  2.00000e+00       4.578e+09  4.099793e-01  0.000000e+00 -1.961512e-15  5.900207e-01
 7.00000e-01  2.00000e+00       3.776e+09  4.196997e-01  0.000000e+00 -2.303058e-02  5.803003e-01
 1.40000e+00  2.00000e+00       2.563e+09  4.668255e-01  0.000000e+00 -5.946300e-02  5.331745e-01
 2.10000e+00  2.00000e+00       1.579e+09  5.212987e-01  0.000000e+00 -1.252921e-01  4.787013e-01
 2.80000e+00  2.00000e+00       9.127e+08  5.395705e-01  0.000000e+00 -2.283075e-01  4.604295e-01
 3.50000e+00  2.00000e+00       4.290e+08  5.246072e-01  0.000000e+00 -3.142113e-01  4.753928e-01
 4.20000e+00  2.00000e+00       1.062e+08  4.991292e-01  0.000000e+00 -3.702437e-01  5.008708e-01
 4.90000e+00  2.00000e+00       1.077e+07  4.752783e-01  0.000000e+00 -4.078098e-01  5.247217e-01
 5.60000e+00  2.00000e+00       3.937e+05  4.561800e-01  0.000000e+00 -4.322389e-01  5.438200e-01
 6.30000e+00  2.00000e+00       4.813e+03  4.299193e-01  0.000000e+00 -4.367618e-01  5.700807e-01
 7.00000e+00  2.00000e+00       5.190e+01  2.965587e-02  0.000000e+00  5.425466e-01  9.703441e-01
-7.00000e+00  2.40000e+00       1.896e+01 -4.715606e-01  0.000000e+00 -1.097646e+00  5.284394e-01
-6.30000e+00  2.40000e+00       1.006e+02  1.000004e-01  0.000000e+00 -1.262787e-01  8.999996e-01
-5.60000e+00  2.40000e+00       6.777e+03  1.540966e-01  0.000000e+00  5.676032e-01  8.459034e-01
-4.90000e+00  2.40000e+00       6.448e+05  4.276790e-01  0.000000e+00  3.760314e-01  5.723210e-01
-4.20000e+00  2.40000e+00       1.529e+07  4.751223e-01  0.000000e+00  3.204413e-01  5.248777e-01
-3.50000e+00  2.40000e+00       1.287e+08  4.914108e-01  0.000000e+00  2.751782e-01  5.085892e-01
-2.80000e+00  2.40000e+00       4.806e+08  4.946242e-01  0.000000e+00  2.186039e-01  5.053758e-01
-2.10000e+00  2.40000e+00       9.928e+08  4.695047e-01  0.000000e+00  1.540142e-01  5.304953e-01
-1.40000e+00  2.40000e+00       1.306e+09  3.787604e-01  0.000000e+00  9.790428e-02  6.212396e-01
-7.00000e-01  2.40000e+00       1.118e+09  1.641723e-01  0.000000e+00  6.005453e-02  8.358277e-01
 0.00000e+00  2.40000e+00       8.363e+08 -8.946289e-02  0.000000e+00  9.216481e-16  9.105371e-01
 7.00000e-01  2.40000e+00       1.118e+09  1.641723e-01  0.000000e+00 -6.005453e-02  8.358277e-01
 1.40000e+00  2.40000e+00       1.306e+09  3.787604e-01  0.000000e+00 -9.790428e-02  6.212396e-01
 2.10000e+00  2.40000e+00       9.928e+08  4.695047e-01  0.000000e+00 -1.540142e-01  5.304953e-01
 2.80000e+00  2.40000e+00       4.806e+08  4.946242e-01  0.000000e+00 -2.186039e-01  5.053758e-01
 3.50000e+00  2.40000e+00       1.287e+08  4.914108e-01  0.000000e+00 -2.751782e-01  5.085892e-01
 4.20000e+00  2.40000e+00       1.529e+07  4.751223e-01  0.000000e+00 -3.204413e-01  5.248777e-01
 4.90000e+00  2.40000e+00       6.448e+05  4.276790e-01  0.000000e+00 -3.760314e-01  5.723210e-01
 5.60000e+00  2.40000e+00       6.777e+03  1.540966e-01  0.000000e+00 -5.676032e-01  8.459034e-01
 6.30000e+00  2.40000e+00       1.006e+02  1.000004e-01  0.000000e+00  1.262787e-01  8.999996e-01
 7.00000e+00  2.40000e+00       1.896e+01 -4.715606e-01  0.000000e+00  1.097646e+00  5.284394e-01
-7.00000e+00  2.80000e+00       1.128e+01 -6.474756e-01  0.000000e+00 -1.164653e+00  3.525244e-01
-6.30000e+00  2.80000e+00       8.873e+01  7.288428e-01  0.000000e+00 -1.957649e-01  2.711572e-01
-5.60000e+00  2.80000e+00       3.860e+03  9.095544e-01  0.000000e+00 -2.602702e-02  9.044564e-02
-4.90000e+00  2.80000e+00       8.385e+04  8.753149e-01  0.000000e+00 -3.435257e-03  1.246851e-01
-4.20000e+00  2.80000e+00       8.648e+05  8.663638e-01  0.000000e+00  1.227159e-03  1.336362e-01
-3.50000e+00  2.80000e+00       4.364e+06  9.938905e-01  0.000000e+00  3.918154e-02  6.109469e-03
-2.80000e+00  2.80000e+00       1.073e+07 -1.476578e-02  0.000000e+00  2.877294e-01  9.852342e-01
-2.10000e+00  2.80000e+00       8.017e+07 -6.946659e-02  0.000000e+00  1.988763e-01  9.305334e-01
-1.40000e+00  2.80000e+00       2.492e+08 -1.079666e-01  0.000000e+00  1.268973e-01  8.920334e-01
-7.00000e-01  2.80000e+00       3.147e+08 -5.019906e-01  0.000000e+00  9.315023e-02  4.980094e-01
 0.00000e+00  2.80000e+00       2.703e+08 -9.702177e-01  0.000000e+00  7.334816e-16  2.978227e-02
 7.00000e-01  2.80000e+00       3.147e+08 -5.019906e-01  0.000000e+00 -9.315023e-02  4.980094e-01
 1.40000e+00  2.80000e+00       2.492e+08 -1.079666e-01  0.000000e+00 -1.268973e-01  8.920334e-01
 2.10000e+00  2.80000e+00       8.017e+07 -6.946659e-02  0.000000e+00 -1.988763e-01  9.305334e-01
 2.80000e+00  2.80000e+00       1.073e+07 -1.476578e-02  0.000000e+00 -2.877294e-01  9.852342e-01
 3.50000e+00  2.80000e+00       4.364e+06  9.938905e-01  0.000000e+00 -3.918154e-02  6.109469e-03
 4.20000e+00  2.80000e+00       8.648e+05  8.663638e-01  0.000000e+00 -1.227159e-03  1.336362e-01
 4.90000e+00  2.80000e+00       8.385e+04  8.753149e-01  0.000000e+00  3.435257e-03  1.246851e-01
 5.60000e+00  2.80000e+00       3.860e+03  9.095544e-01  0.000000e+00  2.602702e-02  9.044564e-02
 6.30000e+00  2.80000e+00       8.873e+01  7.288428e-01  0.000000e+00  1.957649e-01  2.711572e-01
 7.00000e+00  2.80000e+00       1.128e+01 -6.474756e-01  0.000000e+00  1.164653e+00  3.525244e-01
-7.00000e+00  3.20000e+00       1.419e+01 -6.990227e-01  0.000000e+00 -1.020815e+00  3.009773e-01
-6.30000e+00  3.20000e+00       7.451e+01  5.816329e-01  0.000000e+00 -2.396074e-01  4.183671e-01
-5.60000e+00  3.20000e+00       3.012e+03  9.105646e-01  0.000000e+00 -2.394386e-02  8.943539e-02
-4.90000e+00  3.20000e+00       6.583e+04  8.710112e-01  0.000000e+00 -5.494605e-03  1.289888e-01
-4.20000e+00  3.20000e+00       7.060e+05  8.471007e-01  0.000000e+00 -6.498615e-03  1.528993e-01
-3.50000e+00  3.20000e+00       4.779e+06  8.502653e-01  0.000000e+00 -1.006440e-02  1.497347e-01
-2.80000e+00  3.20000e+00       2.179e+07  8.900344e-01  0.000000e+00 -7.553460e-03  1.099656e-01
-2.10000e+00  3.20000e+00       7.344e+07  9.922145e-01  0.000000e+00 -7.489190e-03  7.785466e-03
-1.40000e+00  3.20000e+00       2.127e+08  8.740380e-01  0.000000e+00 -8.255367e-03  1.259620e-01
-7.00000e-01  3.20000e+00       3.743e+08  6.641519e-01  0.000000e+00 -2.927534e-03  3.358481e-01
 0.00000e+00  3.20000e+00       4.235e+08  4.903761e-01  0.000000e+00  4.854023e-16  5.096239e-01
 7.00000e-01  3.20000e+00       3.743e+08  6.641519e-01  0.000000e+00  2.927534e-03  3.358481e-01
 1.40000e+00  3.20000e+00       2.127e+08  8.740380e-01  0.000000e+00  8.255367e-03  1.259620e-01
 2.10000e+00  3.20000e+00       7.344e+07  9.922145e-01  0.000000e+00  7.489190e-03  7.785466e-03
 2.80000e+00  3.20000e+00       2.179e+07  8.900344e-01  0.000000e+00  7.553460e-03  1.099656e-01
 3.50000e+00  3.20000e+00       4.779e+06  8.502653e-01  0.000000e+00  1.006440e-02  1.497347e-01
 4.20000e+00  3.20000e+00       7.060e+05  8.471007e-01  0.000000e+00  6.498615e-03  1.528993e-01
 4.90000e+00  3.20000e+00       6.583e+04  8.710112e-01  0.000000e+00  5.494605e-03  1.289888e-01
 5.60000e+00  3.20000e+00       3.012e+03  9.105646e-01  0.000000e+00  2.394386e-02  8.943539e-02
 6.30000e+00  3.20000e+00       7.451e+01  5.816329e-01  0.000000e+00  2.396074e-01  4.183671e-01
 7.00000e+00  3.20000e+00       1.419e+01 -6.990227e-01  0.000000e+00  1.020815e+00  3.009773e-01
-7.00000e+00  3.60000e+00       1.020e+01 -9.508501e-01  0.000000e+00 -9.342713e-01  4.914988e-02
-6.30000e+00  3.60000e+00       6.444e+01  5.059792e-01  0.000000e+00 -2.440801e-01  4.940208e-01
-5.60000e+00  3.60000e+00       2.467e+03  9.087438e-01  0.000000e+00 -2.246377e-02  9.125624e-02
-4.90000e+00  3.60000e+00       5.391e+04  8.690678e-01  0.000000e+00 -5.307741e-03  1.309322e-01
-4.20000e+00  3.60000e+00       5.772e+05  8.457033e-01  0.000000e+00 -5.923085e-03  1.542967e-01
-3.50000e+00  3.60000e+00       3.935e+06  8.465531e-01  0.000000e+00 -9.279218e-03  1.534469e-01
-2.80000e+00  3.60000e+00       1.883e+07  8.686036e-01  0.000000e+00 -1.054037e-02  1.313964e-01
-2.10000e+00  3.60000e+00       6.926e+07  9.285153e-01  0.000000e+00 -1.645512e-02  7.148467e-02
-1.40000e+00  3.60000e+00       1.849e+08  9.314343e-01  0.000000e+00 -1.607835e-02  6.856573e-02
-7.00000e-01  3.60000e+00       3.090e+08  6.642622e-01  0.000000e+00 -4.069220e-03  3.357378e-01
 0.00000e+00  3.60000e+00       3.419e+08  4.589624e-01  0.000000e+00  8.841333e-16  5.410376e-01
 7.00000e-01  3.60000e+00       3.090e+08  6.642622e-01  0.000000e+00  4.069220e-03  3.357378e-01
 1.40000e+00  3.60000e+00       1.849e+08  9.314343e-01  0.000000e+00  1.607835e-02  6.856573e-02
 2.10000e+00  3.60000e+00       6.926e+07  9.285153e-01  0.000000e+00  1.645512e-02  7.148467e-02
 2.80000e+00  3.60000e+00       1.883e+07  8.686036e-01  0.000000e+00  1.054037e-02  1.313964e-01
 3.50000e+00  3.60000e+00       3.935e+06  8.465531e-01  0.000000e+00  9.279218e-03  1.534469e-01
 4.20000e+00  3.60000e+00       5.772e+05  8.457033e-01  0.000000e+00  5.923085e-03  1.542967e-01
 4.90000e+00  3.60000e+00       5.391e+04  8.690678e-01  0.000000e+00  5.307741e-03  1.309322e-01
 5.60000e+00  3.60000e+00       2.467e+03  9.087438e-01  0.000000e+00  2.246377e-02  9.125624e-02
 6.30000e+00  3.60000e+00       6.444e+01  5.059792e-01  0.000000e+00  2.440801e-01  4.940208e-01
 7.00000e+00  3.60000e+00       1.020e+01 -9.508501e-01  0.000000e+00  9.342713e-01  4.914988e-02
-7.00000e+00  4.00000e+00       7.159e+00 -6.377282e-01  0.000000e+00 -4.929962e-01  3.622718e-01
-6.30000e+00  4.00000e+00       6.138e+01  3.758546e-01  0.000000e+00 -2.114893e-01  6.241454e-01
-5.60000e+00  4.00000e+00       2.089e+03  9.177327e-01  0.000000e+00 -2.149922e-02  8.226734e-02
-4.90000e+00  4.00000e+00       4.586e+04  8.688513e-01  0.000000e+00 -4.553517e-03  1.311487e-01
-4.20000e+00  4.00000e+00       4.904e+05  8.451943e-01  0.000000e+00 -5.018909e-03  1.548057e-01
-3.50000e+00  4.00000e+00       3.342e+06  8.462313e-01  0.000000e+00 -7.717896e-03  1.537687e-01
-2.80000e+00  4.00000e+00       1.597e+07  8.698339e-01  0.000000e+00 -8.419775e-03  1.301661e-01
-2.10000e+00  4.00000e+00       5.781e+07  9.383525e-01  0.000000e+00 -1.147863e-02  6.164746e-02
-1.40000e+00  4.00000e+00       1.547e+08  9.104851e-01  0.000000e+00 -6.400390e-03  8.951494e-02
-7.00000e-01  4.00000e+00       2.657e+08  6.847431e-01  0.000000e+00  5.614000e-03  3.152569e-01
 0.00000e+00  4.00000e+00       3.054e+08  5.467115e-01  0.000000e+00  4.868145e-16  4.532885e-01
 7.00000e-01  4.00000e+00       2.657e+08  6.847431e-01  0.000000e+00 -5.614000e-03  3.152569e-01
 1.40000e+00  4.00000e+00       1.547e+08  9.104851e-01  0.000000e+00  6.400390e-03  8.951494e-02
 2.10000e+00  4.00000e+00       5.781e+07  9.383525e-01  0.000000e+00  1.147863e-02  6.164746e-02
 2.80000e+00  4.00000e+00       1.597e+07  8.698339e-01  0.000000e+00  8.419775e-03  1.301661e-01
 3.50000e+00  4.00000e+00       3.342e+06  8.462313e-01  0.000000e+00  7.717896e-03  1.537687e-01
 4.20000e+00  4.00000e+00       4.904e+05  8.451943e-01  0.000000e+00  5.018909e-03  1.548057e-01
 4.90000e+00  4.00000e+00       4.586e+04  8.688513e-01  0.000000e+00  4.553517e-03  1.311487e-01
 5.60000e+00  4.00000e+00       2.089e+03  9.177327e-01  0.000000e+00  2.149922e-02  8.226734e-02
 6.30000e+00  4.00000e+00       6.138e+01  3.758546e-01  0.000000e+00  2.114893e-01  6.241454e-01
 7.00000e+00  4.00000e+00       7.159e+00 -6.377311e-01  0.000000e+00  4.930002e-01  3.622689e-01
