 EB(GeV)    EMITTANCEx EMITTANCEy SIZEx(m)   SIZEy(m)   DIVx(rad)  DIVy(rad)
 2.411e+00  5.499e-09  1.017e-12  8.711e-05  1.009e-06  6.313e-05  1.009e-06
 betax      alphax     betay      alphay     eta        deta       E_spread  
 1.380e+00  0.000e+00  1.000e+00  0.000e+00  0.000e+00  0.000e+00  8.600e-04
 Ibeam(A)   period(cm) #periods   Kx         Ky         Energy(eV)
 4.005e-01  1.900e+00         96  0.000e+00  1.780e+00  2.728e+04


           x            y       F.Density            PL            PC          PL45        1-|PL|
          mm           mm  ph/s/mr^2/0.1%             -             -             -             -
-7.00000e+00 -4.00000e+00       1.824e+01 -5.767585e-01  0.000000e+00  2.713096e-01  4.232415e-01
-6.30000e+00 -4.00000e+00       2.891e+02  4.640617e-01  0.000000e+00  5.864010e-02  5.359383e-01
-5.60000e+00 -4.00000e+00       1.138e+04  7.873439e-01  0.000000e+00  3.042670e-02  2.126561e-01
-4.90000e+00 -4.00000e+00       2.571e+05  8.114591e-01  0.000000e+00  4.164431e-02  1.885409e-01
-4.20000e+00 -4.00000e+00       3.606e+06  8.928970e-01  0.000000e+00  3.798549e-02  1.071030e-01
-3.50000e+00 -4.00000e+00       1.902e+07  9.284270e-01  0.000000e+00  1.921255e-02  7.157305e-02
-2.80000e+00 -4.00000e+00       1.587e+07  8.733209e-01  0.000000e+00  2.245049e-02  1.266791e-01
-2.10000e+00 -4.00000e+00       2.659e+08  9.841451e-01  0.000000e+00  2.560569e-02  1.585486e-02
-1.40000e+00 -4.00000e+00       4.581e+08  8.902255e-01  0.000000e+00  5.042008e-02  1.097745e-01
-7.00000e-01 -4.00000e+00       5.148e+08  5.784241e-01  0.000000e+00  4.045618e-02  4.215759e-01
 0.00000e+00 -4.00000e+00       1.492e+09  7.616158e-01  0.000000e+00  1.056850e-16  2.383842e-01
 7.00000e-01 -4.00000e+00       5.148e+08  5.784241e-01  0.000000e+00 -4.045618e-02  4.215759e-01
 1.40000e+00 -4.00000e+00       4.581e+08  8.902255e-01  0.000000e+00 -5.042008e-02  1.097745e-01
 2.10000e+00 -4.00000e+00       2.659e+08  9.841451e-01  0.000000e+00 -2.560569e-02  1.585486e-02
 2.80000e+00 -4.00000e+00       1.587e+07  8.733209e-01  0.000000e+00 -2.245049e-02  1.266791e-01
 3.50000e+00 -4.00000e+00       1.902e+07  9.284270e-01  0.000000e+00 -1.921255e-02  7.157305e-02
 4.20000e+00 -4.00000e+00       3.606e+06  8.928970e-01  0.000000e+00 -3.798549e-02  1.071030e-01
 4.90000e+00 -4.00000e+00       2.571e+05  8.114591e-01  0.000000e+00 -4.164431e-02  1.885409e-01
 5.60000e+00 -4.00000e+00       1.138e+04  7.873439e-01  0.000000e+00 -3.042670e-02  2.126561e-01
 6.30000e+00 -4.00000e+00       2.891e+02  4.640617e-01  0.000000e+00 -5.864010e-02  5.359383e-01
 7.00000e+00 -4.00000e+00       1.824e+01 -5.767575e-01  0.000000e+00 -2.713118e-01  4.232425e-01
-7.00000e+00 -3.60000e+00       3.669e+01 -5.560562e-01  0.000000e+00  4.650158e-01  4.439438e-01
-6.30000e+00 -3.60000e+00       3.599e+02  3.648650e-01  0.000000e+00  1.033227e-01  6.351350e-01
-5.60000e+00 -3.60000e+00       1.311e+04  7.868859e-01  0.000000e+00  4.322872e-02  2.131141e-01
-4.90000e+00 -3.60000e+00       2.983e+05  8.118506e-01  0.000000e+00  5.301110e-02  1.881494e-01
-4.20000e+00 -3.60000e+00       4.205e+06  8.929664e-01  0.000000e+00  4.718505e-02  1.070336e-01
-3.50000e+00 -3.60000e+00       2.222e+07  9.277939e-01  0.000000e+00  2.372466e-02  7.220612e-02
-2.80000e+00 -3.60000e+00       1.800e+07  8.223205e-01  0.000000e+00  1.968649e-02  1.776795e-01
-2.10000e+00 -3.60000e+00       3.023e+08  9.503398e-01  0.000000e+00  2.594694e-02  4.966016e-02
-1.40000e+00 -3.60000e+00       5.007e+08  7.995446e-01  0.000000e+00  5.384020e-02  2.004554e-01
-7.00000e-01 -3.60000e+00       7.678e+08  5.486522e-01  0.000000e+00  3.198009e-02  4.513478e-01
 0.00000e+00 -3.60000e+00       1.976e+09  7.238999e-01  0.000000e+00 -2.603682e-16  2.761001e-01
 7.00000e-01 -3.60000e+00       7.678e+08  5.486522e-01  0.000000e+00 -3.198009e-02  4.513478e-01
 1.40000e+00 -3.60000e+00       5.007e+08  7.995446e-01  0.000000e+00 -5.384020e-02  2.004554e-01
 2.10000e+00 -3.60000e+00       3.023e+08  9.503398e-01  0.000000e+00 -2.594694e-02  4.966016e-02
 2.80000e+00 -3.60000e+00       1.800e+07  8.223205e-01  0.000000e+00 -1.968649e-02  1.776795e-01
 3.50000e+00 -3.60000e+00       2.222e+07  9.277939e-01  0.000000e+00 -2.372466e-02  7.220612e-02
 4.20000e+00 -3.60000e+00       4.205e+06  8.929664e-01  0.000000e+00 -4.718505e-02  1.070336e-01
 4.90000e+00 -3.60000e+00       2.983e+05  8.118506e-01  0.000000e+00 -5.301110e-02  1.881494e-01
 5.60000e+00 -3.60000e+00       1.311e+04  7.868859e-01  0.000000e+00 -4.322872e-02  2.131141e-01
 6.30000e+00 -3.60000e+00       3.599e+02  3.648650e-01  0.000000e+00 -1.033227e-01  6.351350e-01
 7.00000e+00 -3.60000e+00       3.669e+01 -5.560562e-01  0.000000e+00 -4.650158e-01  4.439438e-01
-7.00000e+00 -3.20000e+00       4.120e+01 -5.268969e-01  0.000000e+00  3.947251e-01  4.731031e-01
-6.30000e+00 -3.20000e+00       4.508e+02  3.431667e-01  0.000000e+00  1.090600e-01  6.568333e-01
-5.60000e+00 -3.20000e+00       2.016e+04  7.056261e-01  0.000000e+00 -4.677666e-02  2.943739e-01
-4.90000e+00 -3.20000e+00       6.261e+05  6.360468e-01  0.000000e+00 -1.384134e-01  3.639532e-01
-4.20000e+00 -3.20000e+00       9.634e+06  6.607752e-01  0.000000e+00 -1.611821e-01  3.392248e-01
-3.50000e+00 -3.20000e+00       5.462e+07  6.688763e-01  0.000000e+00 -1.687396e-01  3.311237e-01
-2.80000e+00 -3.20000e+00       9.159e+07  3.109471e-01  0.000000e+00 -2.759448e-01  6.890529e-01
-2.10000e+00 -3.20000e+00       1.859e+08 -1.468231e-01  0.000000e+00 -2.408957e-01  8.531769e-01
-1.40000e+00 -3.20000e+00       2.571e+08 -9.747957e-01  0.000000e+00 -1.478748e-01  2.520430e-02
-7.00000e-01 -3.20000e+00       1.768e+09  5.117948e-01  0.000000e+00 -8.315157e-03  4.882052e-01
 0.00000e+00 -3.20000e+00       3.153e+09  6.614946e-01  0.000000e+00 -2.516274e-16  3.385054e-01
 7.00000e-01 -3.20000e+00       1.768e+09  5.117948e-01  0.000000e+00  8.315157e-03  4.882052e-01
 1.40000e+00 -3.20000e+00       2.571e+08 -9.747957e-01  0.000000e+00  1.478748e-01  2.520430e-02
 2.10000e+00 -3.20000e+00       1.859e+08 -1.468231e-01  0.000000e+00  2.408957e-01  8.531769e-01
 2.80000e+00 -3.20000e+00       9.159e+07  3.109471e-01  0.000000e+00  2.759448e-01  6.890529e-01
 3.50000e+00 -3.20000e+00       5.462e+07  6.688763e-01  0.000000e+00  1.687396e-01  3.311237e-01
 4.20000e+00 -3.20000e+00       9.634e+06  6.607752e-01  0.000000e+00  1.611821e-01  3.392248e-01
 4.90000e+00 -3.20000e+00       6.261e+05  6.360468e-01  0.000000e+00  1.384134e-01  3.639532e-01
 5.60000e+00 -3.20000e+00       2.016e+04  7.056261e-01  0.000000e+00  4.677666e-02  2.943739e-01
 6.30000e+00 -3.20000e+00       4.508e+02  3.431667e-01  0.000000e+00 -1.090600e-01  6.568333e-01
 7.00000e+00 -3.20000e+00       4.120e+01 -5.268969e-01  0.000000e+00 -3.947251e-01  4.731031e-01
-7.00000e+00 -2.80000e+00       7.804e+01 -3.468028e-01  0.000000e+00  1.197647e-01  6.531972e-01
-6.30000e+00 -2.80000e+00       4.386e+03  2.736121e-01  0.000000e+00 -4.358091e-01  7.263879e-01
-5.60000e+00 -2.80000e+00       2.619e+05  3.249387e-01  0.000000e+00 -4.777562e-01  6.750613e-01
-4.90000e+00 -2.80000e+00       5.740e+06  3.562019e-01  0.000000e+00 -4.439270e-01  6.437981e-01
-4.20000e+00 -2.80000e+00       5.700e+07  4.394628e-01  0.000000e+00 -3.602424e-01  5.605372e-01
-3.50000e+00 -2.80000e+00       3.010e+08  4.991918e-01  0.000000e+00 -2.889162e-01  5.008082e-01
-2.80000e+00 -2.80000e+00       7.701e+08  4.551766e-01  0.000000e+00 -2.609478e-01  5.448234e-01
-2.10000e+00 -2.80000e+00       1.033e+09  2.512921e-01  0.000000e+00 -2.287926e-01  7.487079e-01
-1.40000e+00 -2.80000e+00       1.369e+09  1.480234e-01  0.000000e+00 -1.016763e-01  8.519766e-01
-7.00000e-01 -2.80000e+00       3.182e+09  5.042201e-01  0.000000e+00 -1.319823e-02  4.957799e-01
 0.00000e+00 -2.80000e+00       4.892e+09  6.282224e-01  0.000000e+00 -4.066298e-16  3.717776e-01
 7.00000e-01 -2.80000e+00       3.182e+09  5.042201e-01  0.000000e+00  1.319823e-02  4.957799e-01
 1.40000e+00 -2.80000e+00       1.369e+09  1.480234e-01  0.000000e+00  1.016763e-01  8.519766e-01
 2.10000e+00 -2.80000e+00       1.033e+09  2.512921e-01  0.000000e+00  2.287926e-01  7.487079e-01
 2.80000e+00 -2.80000e+00       7.701e+08  4.551766e-01  0.000000e+00  2.609478e-01  5.448234e-01
 3.50000e+00 -2.80000e+00       3.010e+08  4.991918e-01  0.000000e+00  2.889162e-01  5.008082e-01
 4.20000e+00 -2.80000e+00       5.700e+07  4.394628e-01  0.000000e+00  3.602424e-01  5.605372e-01
 4.90000e+00 -2.80000e+00       5.740e+06  3.562019e-01  0.000000e+00  4.439270e-01  6.437981e-01
 5.60000e+00 -2.80000e+00       2.619e+05  3.249387e-01  0.000000e+00  4.777562e-01  6.750613e-01
 6.30000e+00 -2.80000e+00       4.386e+03  2.736121e-01  0.000000e+00  4.358091e-01  7.263879e-01
 7.00000e+00 -2.80000e+00       7.804e+01 -3.468028e-01  0.000000e+00 -1.197647e-01  6.531972e-01
-7.00000e+00 -2.40000e+00       1.087e+04 -2.411094e-02  0.000000e+00 -5.934097e-01  9.758891e-01
-6.30000e+00 -2.40000e+00       6.423e+05  6.934047e-03  0.000000e+00 -5.992051e-01  9.930660e-01
-5.60000e+00 -2.40000e+00       1.289e+07  5.562411e-02  0.000000e+00 -5.883780e-01  9.443759e-01
-4.90000e+00 -2.40000e+00       9.899e+07  1.484082e-01  0.000000e+00 -5.560754e-01  8.515918e-01
-4.20000e+00 -2.40000e+00       3.728e+08  2.963716e-01  0.000000e+00 -4.783299e-01  7.036284e-01
-3.50000e+00 -2.40000e+00       9.224e+08  4.437276e-01  0.000000e+00 -3.556905e-01  5.562724e-01
-2.80000e+00 -2.40000e+00       1.688e+09  4.840797e-01  0.000000e+00 -2.501567e-01  5.159203e-01
-2.10000e+00 -2.40000e+00       2.219e+09  3.757319e-01  0.000000e+00 -1.737105e-01  6.242681e-01
-1.40000e+00 -2.40000e+00       2.941e+09  3.036277e-01  0.000000e+00 -6.124510e-02  6.963723e-01
-7.00000e-01 -2.40000e+00       6.349e+09  5.110240e-01  0.000000e+00 -4.899109e-03  4.889760e-01
 0.00000e+00 -2.40000e+00       9.476e+09  5.943935e-01  0.000000e+00 -1.724406e-16  4.056065e-01
 7.00000e-01 -2.40000e+00       6.349e+09  5.110240e-01  0.000000e+00  4.899109e-03  4.889760e-01
 1.40000e+00 -2.40000e+00       2.941e+09  3.036277e-01  0.000000e+00  6.124510e-02  6.963723e-01
 2.10000e+00 -2.40000e+00       2.219e+09  3.757319e-01  0.000000e+00  1.737105e-01  6.242681e-01
 2.80000e+00 -2.40000e+00       1.688e+09  4.840797e-01  0.000000e+00  2.501567e-01  5.159203e-01
 3.50000e+00 -2.40000e+00       9.224e+08  4.437276e-01  0.000000e+00  3.556905e-01  5.562724e-01
 4.20000e+00 -2.40000e+00       3.728e+08  2.963716e-01  0.000000e+00  4.783299e-01  7.036284e-01
 4.90000e+00 -2.40000e+00       9.899e+07  1.484082e-01  0.000000e+00  5.560754e-01  8.515918e-01
 5.60000e+00 -2.40000e+00       1.289e+07  5.562411e-02  0.000000e+00  5.883780e-01  9.443759e-01
 6.30000e+00 -2.40000e+00       6.423e+05  6.934047e-03  0.000000e+00  5.992051e-01  9.930660e-01
 7.00000e+00 -2.40000e+00       1.087e+04 -2.411094e-02  0.000000e+00  5.934097e-01  9.758891e-01
-7.00000e+00 -2.00000e+00       1.420e+04 -1.193602e-02  0.000000e+00 -5.373253e-01  9.880640e-01
-6.30000e+00 -2.00000e+00       7.817e+05  7.113056e-02  0.000000e+00 -5.733215e-01  9.288694e-01
-5.60000e+00 -2.00000e+00       1.610e+07  1.440824e-01  0.000000e+00 -5.619348e-01  8.559176e-01
-4.90000e+00 -2.00000e+00       1.344e+08  2.508096e-01  0.000000e+00 -5.195192e-01  7.491904e-01
-4.20000e+00 -2.00000e+00       5.784e+08  3.970715e-01  0.000000e+00 -4.210620e-01  6.029285e-01
-3.50000e+00 -2.00000e+00       1.722e+09  5.209445e-01  0.000000e+00 -2.821647e-01  4.790555e-01
-2.80000e+00 -2.00000e+00       3.750e+09  5.332398e-01  0.000000e+00 -1.697436e-01  4.667602e-01
-2.10000e+00 -2.00000e+00       6.048e+09  4.321543e-01  0.000000e+00 -5.442441e-02  5.678457e-01
-1.40000e+00 -2.00000e+00       9.009e+09  3.660535e-01  0.000000e+00  9.046937e-02  6.339465e-01
-7.00000e-01 -2.00000e+00       1.450e+10  4.642183e-01  0.000000e+00  9.989773e-02  5.357817e-01
 0.00000e+00 -2.00000e+00       1.854e+10  5.318987e-01  0.000000e+00  2.294583e-16  4.681013e-01
 7.00000e-01 -2.00000e+00       1.450e+10  4.642183e-01  0.000000e+00 -9.989773e-02  5.357817e-01
 1.40000e+00 -2.00000e+00       9.009e+09  3.660535e-01  0.000000e+00 -9.046937e-02  6.339465e-01
 2.10000e+00 -2.00000e+00       6.048e+09  4.321543e-01  0.000000e+00  5.442441e-02  5.678457e-01
 2.80000e+00 -2.00000e+00       3.750e+09  5.332398e-01  0.000000e+00  1.697436e-01  4.667602e-01
 3.50000e+00 -2.00000e+00       1.722e+09  5.209445e-01  0.000000e+00  2.821647e-01  4.790555e-01
 4.20000e+00 -2.00000e+00       5.784e+08  3.970715e-01  0.000000e+00  4.210620e-01  6.029285e-01
 4.90000e+00 -2.00000e+00       1.344e+08  2.508096e-01  0.000000e+00  5.195192e-01  7.491904e-01
 5.60000e+00 -2.00000e+00       1.610e+07  1.440824e-01  0.000000e+00  5.619348e-01  8.559176e-01
 6.30000e+00 -2.00000e+00       7.817e+05  7.113056e-02  0.000000e+00  5.733215e-01  9.288694e-01
 7.00000e+00 -2.00000e+00       1.420e+04 -1.193602e-02  0.000000e+00  5.373253e-01  9.880640e-01
-7.00000e+00 -1.60000e+00       1.075e+05 -3.081008e-01  0.000000e+00 -3.703315e-01  6.918992e-01
-6.30000e+00 -1.60000e+00       2.354e+06 -1.898610e-01  0.000000e+00 -3.931668e-01  8.101390e-01
-5.60000e+00 -1.60000e+00       2.597e+07  1.089297e-01  0.000000e+00 -4.002913e-01  8.910703e-01
-4.90000e+00 -1.60000e+00       2.310e+08  4.110251e-01  0.000000e+00 -3.203001e-01  5.889749e-01
-4.20000e+00 -1.60000e+00       1.683e+09  5.330620e-01  0.000000e+00 -1.741916e-01  4.669380e-01
-3.50000e+00 -1.60000e+00       9.159e+09  5.584254e-01  0.000000e+00 -5.988311e-02  4.415746e-01
-2.80000e+00 -1.60000e+00       3.531e+10  5.591568e-01  0.000000e+00 -8.886391e-03  4.408432e-01
-2.10000e+00 -1.60000e+00       9.959e+10  6.136504e-01  0.000000e+00 -4.134048e-02  3.863496e-01
-1.40000e+00 -1.60000e+00       2.107e+11  7.102747e-01  0.000000e+00 -1.435546e-01  2.897253e-01
-7.00000e-01 -1.60000e+00       3.037e+11  7.482498e-01  0.000000e+00 -1.732492e-01  2.517502e-01
 0.00000e+00 -1.60000e+00       3.211e+11  7.443136e-01  0.000000e+00  4.294219e-16  2.556864e-01
 7.00000e-01 -1.60000e+00       3.037e+11  7.482498e-01  0.000000e+00  1.732492e-01  2.517502e-01
 1.40000e+00 -1.60000e+00       2.107e+11  7.102747e-01  0.000000e+00  1.435546e-01  2.897253e-01
 2.10000e+00 -1.60000e+00       9.959e+10  6.136504e-01  0.000000e+00  4.134048e-02  3.863496e-01
 2.80000e+00 -1.60000e+00       3.531e+10  5.591568e-01  0.000000e+00  8.886391e-03  4.408432e-01
 3.50000e+00 -1.60000e+00       9.159e+09  5.584254e-01  0.000000e+00  5.988311e-02  4.415746e-01
 4.20000e+00 -1.60000e+00       1.683e+09  5.330620e-01  0.000000e+00  1.741916e-01  4.669380e-01
 4.90000e+00 -1.60000e+00       2.310e+08  4.110251e-01  0.000000e+00  3.203001e-01  5.889749e-01
 5.60000e+00 -1.60000e+00       2.597e+07  1.089297e-01  0.000000e+00  4.002913e-01  8.910703e-01
 6.30000e+00 -1.60000e+00       2.354e+06 -1.898610e-01  0.000000e+00  3.931668e-01  8.101390e-01
 7.00000e+00 -1.60000e+00       1.075e+05 -3.081008e-01  0.000000e+00  3.703315e-01  6.918992e-01
-7.00000e+00 -1.20000e+00       5.895e+04  4.240293e-01  0.000000e+00 -1.364377e-01  5.759707e-01
-6.30000e+00 -1.20000e+00       4.220e+06  4.656243e-01  0.000000e+00 -1.971987e-01  5.343757e-01
-5.60000e+00 -1.20000e+00       1.486e+08  5.779019e-01  0.000000e+00 -1.462330e-01  4.220981e-01
-4.90000e+00 -1.20000e+00       2.725e+09  6.338652e-01  0.000000e+00 -4.911458e-02  3.661348e-01
-4.20000e+00 -1.20000e+00       2.789e+10  6.313289e-01  0.000000e+00 -1.127965e-02  3.686711e-01
-3.50000e+00 -1.20000e+00       1.710e+11  6.286649e-01  0.000000e+00 -1.217291e-02  3.713351e-01
-2.80000e+00 -1.20000e+00       6.528e+11  6.207844e-01  0.000000e+00 -2.309588e-02  3.792156e-01
-2.10000e+00 -1.20000e+00       1.615e+12  5.837053e-01  0.000000e+00 -6.687033e-02  4.162947e-01
-1.40000e+00 -1.20000e+00       2.743e+12  5.623779e-01  0.000000e+00 -1.254103e-01  4.376221e-01
-7.00000e-01 -1.20000e+00       3.239e+12  6.576453e-01  0.000000e+00 -1.199390e-01  3.423547e-01
 0.00000e+00 -1.20000e+00       3.022e+12  7.532631e-01  0.000000e+00  4.161271e-15  2.467369e-01
 7.00000e-01 -1.20000e+00       3.239e+12  6.576453e-01  0.000000e+00  1.199390e-01  3.423547e-01
 1.40000e+00 -1.20000e+00       2.743e+12  5.623779e-01  0.000000e+00  1.254103e-01  4.376221e-01
 2.10000e+00 -1.20000e+00       1.615e+12  5.837053e-01  0.000000e+00  6.687033e-02  4.162947e-01
 2.80000e+00 -1.20000e+00       6.528e+11  6.207844e-01  0.000000e+00  2.309588e-02  3.792156e-01
 3.50000e+00 -1.20000e+00       1.710e+11  6.286649e-01  0.000000e+00  1.217291e-02  3.713351e-01
 4.20000e+00 -1.20000e+00       2.789e+10  6.313289e-01  0.000000e+00  1.127965e-02  3.686711e-01
 4.90000e+00 -1.20000e+00       2.725e+09  6.338652e-01  0.000000e+00  4.911458e-02  3.661348e-01
 5.60000e+00 -1.20000e+00       1.486e+08  5.779019e-01  0.000000e+00  1.462330e-01  4.220981e-01
 6.30000e+00 -1.20000e+00       4.220e+06  4.656243e-01  0.000000e+00  1.971987e-01  5.343757e-01
 7.00000e+00 -1.20000e+00       5.895e+04  4.240293e-01  0.000000e+00  1.364377e-01  5.759707e-01
-7.00000e+00 -8.00000e-01       8.878e+05  9.028469e-01  0.000000e+00 -9.309810e-03  9.715312e-02
-6.30000e+00 -8.00000e-01       5.502e+07  8.637774e-01  0.000000e+00  9.888758e-02  1.362226e-01
-5.60000e+00 -8.00000e-01       1.629e+09  8.110231e-01  0.000000e+00  8.295018e-02  1.889769e-01
-4.90000e+00 -8.00000e-01       2.878e+10  8.002582e-01  0.000000e+00 -1.251810e-02  1.997418e-01
-4.20000e+00 -8.00000e-01       2.970e+11  8.032309e-01  0.000000e+00 -5.520144e-02  1.967691e-01
-3.50000e+00 -8.00000e-01       1.694e+12  7.956766e-01  0.000000e+00 -6.816738e-02  2.043234e-01
-2.80000e+00 -8.00000e-01       5.779e+12  7.948253e-01  0.000000e+00 -5.985215e-02  2.051747e-01
-2.10000e+00 -8.00000e-01       1.347e+13  8.129511e-01  0.000000e+00  9.447394e-03  1.870489e-01
-1.40000e+00 -8.00000e-01       2.504e+13  8.638555e-01  0.000000e+00  8.880662e-02  1.361445e-01
-7.00000e-01 -8.00000e-01       3.525e+13  9.130634e-01  0.000000e+00  6.428493e-02  8.693663e-02
 0.00000e+00 -8.00000e-01       3.713e+13  9.310854e-01  0.000000e+00  1.787329e-15  6.891463e-02
 7.00000e-01 -8.00000e-01       3.525e+13  9.130634e-01  0.000000e+00 -6.428493e-02  8.693663e-02
 1.40000e+00 -8.00000e-01       2.504e+13  8.638555e-01  0.000000e+00 -8.880662e-02  1.361445e-01
 2.10000e+00 -8.00000e-01       1.347e+13  8.129511e-01  0.000000e+00 -9.447394e-03  1.870489e-01
 2.80000e+00 -8.00000e-01       5.779e+12  7.948253e-01  0.000000e+00  5.985215e-02  2.051747e-01
 3.50000e+00 -8.00000e-01       1.694e+12  7.956766e-01  0.000000e+00  6.816738e-02  2.043234e-01
 4.20000e+00 -8.00000e-01       2.970e+11  8.032309e-01  0.000000e+00  5.520144e-02  1.967691e-01
 4.90000e+00 -8.00000e-01       2.878e+10  8.002582e-01  0.000000e+00  1.251810e-02  1.997418e-01
 5.60000e+00 -8.00000e-01       1.629e+09  8.110231e-01  0.000000e+00 -8.295018e-02  1.889769e-01
 6.30000e+00 -8.00000e-01       5.502e+07  8.637774e-01  0.000000e+00 -9.888758e-02  1.362226e-01
 7.00000e+00 -8.00000e-01       8.878e+05  9.028469e-01  0.000000e+00  9.309810e-03  9.715312e-02
-7.00000e+00 -4.00000e-01       4.160e+06  9.392010e-01  0.000000e+00 -1.386390e-01  6.079904e-02
-6.30000e+00 -4.00000e-01       3.065e+08  9.617143e-01  0.000000e+00 -5.158183e-02  3.828569e-02
-5.60000e+00 -4.00000e-01       8.970e+09  9.558439e-01  0.000000e+00  1.462964e-02  4.415612e-02
-4.90000e+00 -4.00000e-01       1.240e+11  9.388781e-01  0.000000e+00  2.440119e-02  6.112194e-02
-4.20000e+00 -4.00000e-01       1.035e+12  9.344037e-01  0.000000e+00 -2.728367e-03  6.559627e-02
-3.50000e+00 -4.00000e-01       5.339e+12  9.381830e-01  0.000000e+00 -8.728983e-03  6.181701e-02
-2.80000e+00 -4.00000e-01       1.708e+13  9.393878e-01  0.000000e+00 -1.016269e-02  6.061222e-02
-2.10000e+00 -4.00000e-01       3.717e+13  9.383714e-01  0.000000e+00 -3.735529e-02  6.162857e-02
-1.40000e+00 -4.00000e-01       5.433e+13  9.238702e-01  0.000000e+00 -9.187196e-02  7.612979e-02
-7.00000e-01 -4.00000e-01       4.971e+13  8.792814e-01  0.000000e+00 -1.044670e-01  1.207186e-01
 0.00000e+00 -4.00000e-01       3.945e+13  8.346876e-01  0.000000e+00  1.415734e-16  1.653124e-01
 7.00000e-01 -4.00000e-01       4.971e+13  8.792814e-01  0.000000e+00  1.044670e-01  1.207186e-01
 1.40000e+00 -4.00000e-01       5.433e+13  9.238702e-01  0.000000e+00  9.187196e-02  7.612979e-02
 2.10000e+00 -4.00000e-01       3.717e+13  9.383714e-01  0.000000e+00  3.735529e-02  6.162857e-02
 2.80000e+00 -4.00000e-01       1.708e+13  9.393878e-01  0.000000e+00  1.016269e-02  6.061222e-02
 3.50000e+00 -4.00000e-01       5.339e+12  9.381830e-01  0.000000e+00  8.728983e-03  6.181701e-02
 4.20000e+00 -4.00000e-01       1.035e+12  9.344037e-01  0.000000e+00  2.728367e-03  6.559627e-02
 4.90000e+00 -4.00000e-01       1.240e+11  9.388781e-01  0.000000e+00 -2.440119e-02  6.112194e-02
 5.60000e+00 -4.00000e-01       8.970e+09  9.558439e-01  0.000000e+00 -1.462964e-02  4.415612e-02
 6.30000e+00 -4.00000e-01       3.065e+08  9.617143e-01  0.000000e+00  5.158183e-02  3.828569e-02
 7.00000e+00 -4.00000e-01       4.160e+06  9.392010e-01  0.000000e+00  1.386390e-01  6.079904e-02
-7.00000e+00  0.00000e+00       5.933e+06  9.999365e-01  0.000000e+00 -6.075563e-14  6.350663e-05
-6.30000e+00  0.00000e+00       4.879e+08  9.999654e-01  0.000000e+00 -1.156509e-14  3.460149e-05
-5.60000e+00  0.00000e+00       1.527e+10  9.999649e-01  0.000000e+00 -4.586152e-16  3.509607e-05
-4.90000e+00  0.00000e+00       2.074e+11  9.999499e-01  0.000000e+00 -3.852178e-17  5.006047e-05
-4.20000e+00  0.00000e+00       1.604e+12  9.999391e-01  0.000000e+00 -2.356651e-15  6.091520e-05
-3.50000e+00  0.00000e+00       7.937e+12  9.999405e-01  0.000000e+00 -3.500934e-14  5.951701e-05
-2.80000e+00  0.00000e+00       2.454e+13  9.999459e-01  0.000000e+00 -2.512540e-13  5.407909e-05
-2.10000e+00  0.00000e+00       5.019e+13  9.999474e-01  0.000000e+00 -8.222999e-13  5.259699e-05
-1.40000e+00  0.00000e+00       6.797e+13  9.999336e-01  0.000000e+00 -1.194660e-12  6.636629e-05
-7.00000e-01  0.00000e+00       5.411e+13  9.998921e-01  0.000000e+00 -7.846698e-13  1.078991e-04
 0.00000e+00  0.00000e+00       3.539e+13  9.998220e-01  0.000000e+00 -1.485248e-17  1.780078e-04
 7.00000e-01  0.00000e+00       5.411e+13  9.998921e-01  0.000000e+00  7.846426e-13  1.078991e-04
 1.40000e+00  0.00000e+00       6.797e+13  9.999336e-01  0.000000e+00  1.194632e-12  6.636629e-05
 2.10000e+00  0.00000e+00       5.019e+13  9.999474e-01  0.000000e+00  8.222964e-13  5.259699e-05
 2.80000e+00  0.00000e+00       2.454e+13  9.999459e-01  0.000000e+00  2.512632e-13  5.407909e-05
 3.50000e+00  0.00000e+00       7.937e+12  9.999405e-01  0.000000e+00  3.502039e-14  5.951701e-05
 4.20000e+00  0.00000e+00       1.604e+12  9.999391e-01  0.000000e+00  2.350430e-15  6.091520e-05
 4.90000e+00  0.00000e+00       2.074e+11  9.999499e-01  0.000000e+00  1.245234e-17  5.006047e-05
 5.60000e+00  0.00000e+00       1.527e+10  9.999649e-01  0.000000e+00  4.764337e-16  3.509607e-05
 6.30000e+00  0.00000e+00       4.879e+08  9.999654e-01  0.000000e+00  1.297183e-14  3.460149e-05
 7.00000e+00  0.00000e+00       5.933e+06  9.999365e-01  0.000000e+00  1.669658e-13  6.350663e-05
-7.00000e+00  4.00000e-01       4.160e+06  9.392010e-01  0.000000e+00  1.386390e-01  6.079904e-02
-6.30000e+00  4.00000e-01       3.065e+08  9.617143e-01  0.000000e+00  5.158183e-02  3.828569e-02
-5.60000e+00  4.00000e-01       8.970e+09  9.558439e-01  0.000000e+00 -1.462964e-02  4.415612e-02
-4.90000e+00  4.00000e-01       1.240e+11  9.388781e-01  0.000000e+00 -2.440119e-02  6.112194e-02
-4.20000e+00  4.00000e-01       1.035e+12  9.344037e-01  0.000000e+00  2.728367e-03  6.559627e-02
-3.50000e+00  4.00000e-01       5.339e+12  9.381830e-01  0.000000e+00  8.728983e-03  6.181701e-02
-2.80000e+00  4.00000e-01       1.708e+13  9.393878e-01  0.000000e+00  1.016269e-02  6.061222e-02
-2.10000e+00  4.00000e-01       3.717e+13  9.383714e-01  0.000000e+00  3.735529e-02  6.162857e-02
-1.40000e+00  4.00000e-01       5.433e+13  9.238702e-01  0.000000e+00  9.187196e-02  7.612979e-02
-7.00000e-01  4.00000e-01       4.971e+13  8.792814e-01  0.000000e+00  1.044670e-01  1.207186e-01
 0.00000e+00  4.00000e-01       3.945e+13  8.346876e-01  0.000000e+00 -1.415955e-16  1.653124e-01
 7.00000e-01  4.00000e-01       4.971e+13  8.792814e-01  0.000000e+00 -1.044670e-01  1.207186e-01
 1.40000e+00  4.00000e-01       5.433e+13  9.238702e-01  0.000000e+00 -9.187196e-02  7.612979e-02
 2.10000e+00  4.00000e-01       3.717e+13  9.383714e-01  0.000000e+00 -3.735529e-02  6.162857e-02
 2.80000e+00  4.00000e-01       1.708e+13  9.393878e-01  0.000000e+00 -1.016269e-02  6.061222e-02
 3.50000e+00  4.00000e-01       5.339e+12  9.381830e-01  0.000000e+00 -8.728983e-03  6.181701e-02
 4.20000e+00  4.00000e-01       1.035e+12  9.344037e-01  0.000000e+00 -2.728367e-03  6.559627e-02
 4.90000e+00  4.00000e-01       1.240e+11  9.388781e-01  0.000000e+00  2.440119e-02  6.112194e-02
 5.60000e+00  4.00000e-01       8.970e+09  9.558439e-01  0.000000e+00  1.462964e-02  4.415612e-02
 6.30000e+00  4.00000e-01       3.065e+08  9.617143e-01  0.000000e+00 -5.158183e-02  3.828569e-02
 7.00000e+00  4.00000e-01       4.160e+06  9.392010e-01  0.000000e+00 -1.386390e-01  6.079904e-02
-7.00000e+00  8.00000e-01       8.878e+05  9.028469e-01  0.000000e+00  9.309809e-03  9.715312e-02
-6.30000e+00  8.00000e-01       5.502e+07  8.637774e-01  0.000000e+00 -9.888758e-02  1.362226e-01
-5.60000e+00  8.00000e-01       1.629e+09  8.110231e-01  0.000000e+00 -8.295018e-02  1.889769e-01
-4.90000e+00  8.00000e-01       2.878e+10  8.002582e-01  0.000000e+00  1.251810e-02  1.997418e-01
-4.20000e+00  8.00000e-01       2.970e+11  8.032309e-01  0.000000e+00  5.520144e-02  1.967691e-01
-3.50000e+00  8.00000e-01       1.694e+12  7.956766e-01  0.000000e+00  6.816738e-02  2.043234e-01
-2.80000e+00  8.00000e-01       5.779e+12  7.948253e-01  0.000000e+00  5.985215e-02  2.051747e-01
-2.10000e+00  8.00000e-01       1.347e+13  8.129511e-01  0.000000e+00 -9.447394e-03  1.870489e-01
-1.40000e+00  8.00000e-01       2.504e+13  8.638555e-01  0.000000e+00 -8.880662e-02  1.361445e-01
-7.00000e-01  8.00000e-01       3.525e+13  9.130634e-01  0.000000e+00 -6.428493e-02  8.693663e-02
 0.00000e+00  8.00000e-01       3.713e+13  9.310854e-01  0.000000e+00 -9.455709e-15  6.891463e-02
 7.00000e-01  8.00000e-01       3.525e+13  9.130634e-01  0.000000e+00  6.428493e-02  8.693663e-02
 1.40000e+00  8.00000e-01       2.504e+13  8.638555e-01  0.000000e+00  8.880662e-02  1.361445e-01
 2.10000e+00  8.00000e-01       1.347e+13  8.129511e-01  0.000000e+00  9.447394e-03  1.870489e-01
 2.80000e+00  8.00000e-01       5.779e+12  7.948253e-01  0.000000e+00 -5.985215e-02  2.051747e-01
 3.50000e+00  8.00000e-01       1.694e+12  7.956766e-01  0.000000e+00 -6.816738e-02  2.043234e-01
 4.20000e+00  8.00000e-01       2.970e+11  8.032309e-01  0.000000e+00 -5.520144e-02  1.967691e-01
 4.90000e+00  8.00000e-01       2.878e+10  8.002582e-01  0.000000e+00 -1.251810e-02  1.997418e-01
 5.60000e+00  8.00000e-01       1.629e+09  8.110231e-01  0.000000e+00  8.295018e-02  1.889769e-01
 6.30000e+00  8.00000e-01       5.502e+07  8.637774e-01  0.000000e+00  9.888758e-02  1.362226e-01
 7.00000e+00  8.00000e-01       8.878e+05  9.028469e-01  0.000000e+00 -9.309810e-03  9.715312e-02
-7.00000e+00  1.20000e+00       5.895e+04  4.240293e-01  0.000000e+00  1.364377e-01  5.759707e-01
-6.30000e+00  1.20000e+00       4.220e+06  4.656243e-01  0.000000e+00  1.971987e-01  5.343757e-01
-5.60000e+00  1.20000e+00       1.486e+08  5.779019e-01  0.000000e+00  1.462330e-01  4.220981e-01
-4.90000e+00  1.20000e+00       2.725e+09  6.338652e-01  0.000000e+00  4.911458e-02  3.661348e-01
-4.20000e+00  1.20000e+00       2.789e+10  6.313289e-01  0.000000e+00  1.127965e-02  3.686711e-01
-3.50000e+00  1.20000e+00       1.710e+11  6.286649e-01  0.000000e+00  1.217291e-02  3.713351e-01
-2.80000e+00  1.20000e+00       6.528e+11  6.207844e-01  0.000000e+00  2.309588e-02  3.792156e-01
-2.10000e+00  1.20000e+00       1.615e+12  5.837053e-01  0.000000e+00  6.687033e-02  4.162947e-01
-1.40000e+00  1.20000e+00       2.743e+12  5.623779e-01  0.000000e+00  1.254103e-01  4.376221e-01
-7.00000e-01  1.20000e+00       3.239e+12  6.576453e-01  0.000000e+00  1.199390e-01  3.423547e-01
 0.00000e+00  1.20000e+00       3.022e+12  7.532631e-01  0.000000e+00 -1.962532e-15  2.467369e-01
 7.00000e-01  1.20000e+00       3.239e+12  6.576453e-01  0.000000e+00 -1.199390e-01  3.423547e-01
 1.40000e+00  1.20000e+00       2.743e+12  5.623779e-01  0.000000e+00 -1.254103e-01  4.376221e-01
 2.10000e+00  1.20000e+00       1.615e+12  5.837053e-01  0.000000e+00 -6.687033e-02  4.162947e-01
 2.80000e+00  1.20000e+00       6.528e+11  6.207844e-01  0.000000e+00 -2.309588e-02  3.792156e-01
 3.50000e+00  1.20000e+00       1.710e+11  6.286649e-01  0.000000e+00 -1.217291e-02  3.713351e-01
 4.20000e+00  1.20000e+00       2.789e+10  6.313289e-01  0.000000e+00 -1.127965e-02  3.686711e-01
 4.90000e+00  1.20000e+00       2.725e+09  6.338652e-01  0.000000e+00 -4.911458e-02  3.661348e-01
 5.60000e+00  1.20000e+00       1.486e+08  5.779019e-01  0.000000e+00 -1.462330e-01  4.220981e-01
 6.30000e+00  1.20000e+00       4.220e+06  4.656243e-01  0.000000e+00 -1.971987e-01  5.343757e-01
 7.00000e+00  1.20000e+00       5.895e+04  4.240293e-01  0.000000e+00 -1.364377e-01  5.759707e-01
-7.00000e+00  1.60000e+00       1.075e+05 -3.081008e-01  0.000000e+00  3.703315e-01  6.918992e-01
-6.30000e+00  1.60000e+00       2.354e+06 -1.898610e-01  0.000000e+00  3.931668e-01  8.101390e-01
-5.60000e+00  1.60000e+00       2.597e+07  1.089297e-01  0.000000e+00  4.002913e-01  8.910703e-01
-4.90000e+00  1.60000e+00       2.310e+08  4.110251e-01  0.000000e+00  3.203001e-01  5.889749e-01
-4.20000e+00  1.60000e+00       1.683e+09  5.330620e-01  0.000000e+00  1.741916e-01  4.669380e-01
-3.50000e+00  1.60000e+00       9.159e+09  5.584254e-01  0.000000e+00  5.988311e-02  4.415746e-01
-2.80000e+00  1.60000e+00       3.531e+10  5.591568e-01  0.000000e+00  8.886391e-03  4.408432e-01
-2.10000e+00  1.60000e+00       9.959e+10  6.136504e-01  0.000000e+00  4.134048e-02  3.863496e-01
-1.40000e+00  1.60000e+00       2.107e+11  7.102747e-01  0.000000e+00  1.435546e-01  2.897253e-01
-7.00000e-01  1.60000e+00       3.037e+11  7.482498e-01  0.000000e+00  1.732492e-01  2.517502e-01
 0.00000e+00  1.60000e+00       3.211e+11  7.443136e-01  0.000000e+00 -3.122476e-16  2.556864e-01
 7.00000e-01  1.60000e+00       3.037e+11  7.482498e-01  0.000000e+00 -1.732492e-01  2.517502e-01
 1.40000e+00  1.60000e+00       2.107e+11  7.102747e-01  0.000000e+00 -1.435546e-01  2.897253e-01
 2.10000e+00  1.60000e+00       9.959e+10  6.136504e-01  0.000000e+00 -4.134048e-02  3.863496e-01
 2.80000e+00  1.60000e+00       3.531e+10  5.591568e-01  0.000000e+00 -8.886391e-03  4.408432e-01
 3.50000e+00  1.60000e+00       9.159e+09  5.584254e-01  0.000000e+00 -5.988311e-02  4.415746e-01
 4.20000e+00  1.60000e+00       1.683e+09  5.330620e-01  0.000000e+00 -1.741916e-01  4.669380e-01
 4.90000e+00  1.60000e+00       2.310e+08  4.110251e-01  0.000000e+00 -3.203001e-01  5.889749e-01
 5.60000e+00  1.60000e+00       2.597e+07  1.089297e-01  0.000000e+00 -4.002913e-01  8.910703e-01
 6.30000e+00  1.60000e+00       2.354e+06 -1.898610e-01  0.000000e+00 -3.931668e-01  8.101390e-01
 7.00000e+00  1.60000e+00       1.075e+05 -3.081008e-01  0.000000e+00 -3.703315e-01  6.918992e-01
-7.00000e+00  2.00000e+00       1.420e+04 -1.193602e-02  0.000000e+00  5.373253e-01  9.880640e-01
-6.30000e+00  2.00000e+00       7.817e+05  7.113056e-02  0.000000e+00  5.733215e-01  9.288694e-01
-5.60000e+00  2.00000e+00       1.610e+07  1.440824e-01  0.000000e+00  5.619348e-01  8.559176e-01
-4.90000e+00  2.00000e+00       1.344e+08  2.508096e-01  0.000000e+00  5.195192e-01  7.491904e-01
-4.20000e+00  2.00000e+00       5.784e+08  3.970715e-01  0.000000e+00  4.210620e-01  6.029285e-01
-3.50000e+00  2.00000e+00       1.722e+09  5.209445e-01  0.000000e+00  2.821647e-01  4.790555e-01
-2.80000e+00  2.00000e+00       3.750e+09  5.332398e-01  0.000000e+00  1.697436e-01  4.667602e-01
-2.10000e+00  2.00000e+00       6.048e+09  4.321543e-01  0.000000e+00  5.442439e-02  5.678457e-01
-1.40000e+00  2.00000e+00       9.009e+09  3.660535e-01  0.000000e+00 -9.046940e-02  6.339465e-01
-7.00000e-01  2.00000e+00       1.450e+10  4.642183e-01  0.000000e+00 -9.989774e-02  5.357817e-01
 0.00000e+00  2.00000e+00       1.854e+10  5.318987e-01  0.000000e+00  7.543607e-16  4.681013e-01
 7.00000e-01  2.00000e+00       1.450e+10  4.642183e-01  0.000000e+00  9.989774e-02  5.357817e-01
 1.40000e+00  2.00000e+00       9.009e+09  3.660535e-01  0.000000e+00  9.046940e-02  6.339465e-01
 2.10000e+00  2.00000e+00       6.048e+09  4.321543e-01  0.000000e+00 -5.442439e-02  5.678457e-01
 2.80000e+00  2.00000e+00       3.750e+09  5.332398e-01  0.000000e+00 -1.697436e-01  4.667602e-01
 3.50000e+00  2.00000e+00       1.722e+09  5.209445e-01  0.000000e+00 -2.821647e-01  4.790555e-01
 4.20000e+00  2.00000e+00       5.784e+08  3.970715e-01  0.000000e+00 -4.210620e-01  6.029285e-01
 4.90000e+00  2.00000e+00       1.344e+08  2.508096e-01  0.000000e+00 -5.195192e-01  7.491904e-01
 5.60000e+00  2.00000e+00       1.610e+07  1.440824e-01  0.000000e+00 -5.619348e-01  8.559176e-01
 6.30000e+00  2.00000e+00       7.817e+05  7.113056e-02  0.000000e+00 -5.733215e-01  9.288694e-01
 7.00000e+00  2.00000e+00       1.420e+04 -1.193602e-02  0.000000e+00 -5.373253e-01  9.880640e-01
-7.00000e+00  2.40000e+00       1.087e+04 -2.411094e-02  0.000000e+00  5.934097e-01  9.758891e-01
-6.30000e+00  2.40000e+00       6.423e+05  6.934047e-03  0.000000e+00  5.992051e-01  9.930660e-01
-5.60000e+00  2.40000e+00       1.289e+07  5.562411e-02  0.000000e+00  5.883780e-01  9.443759e-01
-4.90000e+00  2.40000e+00       9.899e+07  1.484082e-01  0.000000e+00  5.560754e-01  8.515918e-01
-4.20000e+00  2.40000e+00       3.728e+08  2.963716e-01  0.000000e+00  4.783299e-01  7.036284e-01
-3.50000e+00  2.40000e+00       9.224e+08  4.437276e-01  0.000000e+00  3.556905e-01  5.562724e-01
-2.80000e+00  2.40000e+00       1.688e+09  4.840797e-01  0.000000e+00  2.501567e-01  5.159203e-01
-2.10000e+00  2.40000e+00       2.219e+09  3.757319e-01  0.000000e+00  1.737105e-01  6.242681e-01
-1.40000e+00  2.40000e+00       2.941e+09  3.036277e-01  0.000000e+00  6.124501e-02  6.963723e-01
-7.00000e-01  2.40000e+00       6.349e+09  5.110240e-01  0.000000e+00  4.899086e-03  4.889760e-01
 0.00000e+00  2.40000e+00       9.476e+09  5.943935e-01  0.000000e+00  1.416156e-15  4.056065e-01
 7.00000e-01  2.40000e+00       6.349e+09  5.110240e-01  0.000000e+00 -4.899086e-03  4.889760e-01
 1.40000e+00  2.40000e+00       2.941e+09  3.036277e-01  0.000000e+00 -6.124501e-02  6.963723e-01
 2.10000e+00  2.40000e+00       2.219e+09  3.757319e-01  0.000000e+00 -1.737105e-01  6.242681e-01
 2.80000e+00  2.40000e+00       1.688e+09  4.840797e-01  0.000000e+00 -2.501567e-01  5.159203e-01
 3.50000e+00  2.40000e+00       9.224e+08  4.437276e-01  0.000000e+00 -3.556905e-01  5.562724e-01
 4.20000e+00  2.40000e+00       3.728e+08  2.963716e-01  0.000000e+00 -4.783299e-01  7.036284e-01
 4.90000e+00  2.40000e+00       9.899e+07  1.484082e-01  0.000000e+00 -5.560754e-01  8.515918e-01
 5.60000e+00  2.40000e+00       1.289e+07  5.562411e-02  0.000000e+00 -5.883780e-01  9.443759e-01
 6.30000e+00  2.40000e+00       6.423e+05  6.934047e-03  0.000000e+00 -5.992051e-01  9.930660e-01
 7.00000e+00  2.40000e+00       1.087e+04 -2.411094e-02  0.000000e+00 -5.934097e-01  9.758891e-01
-7.00000e+00  2.80000e+00       7.804e+01 -3.468030e-01  0.000000e+00 -1.197647e-01  6.531970e-01
-6.30000e+00  2.80000e+00       4.386e+03  2.736121e-01  0.000000e+00  4.358091e-01  7.263879e-01
-5.60000e+00  2.80000e+00       2.619e+05  3.249387e-01  0.000000e+00  4.777562e-01  6.750613e-01
-4.90000e+00  2.80000e+00       5.740e+06  3.562019e-01  0.000000e+00  4.439270e-01  6.437981e-01
-4.20000e+00  2.80000e+00       5.700e+07  4.394628e-01  0.000000e+00  3.602424e-01  5.605372e-01
-3.50000e+00  2.80000e+00       3.010e+08  4.991918e-01  0.000000e+00  2.889162e-01  5.008082e-01
-2.80000e+00  2.80000e+00       7.701e+08  4.551766e-01  0.000000e+00  2.609478e-01  5.448234e-01
-2.10000e+00  2.80000e+00       1.033e+09  2.512919e-01  0.000000e+00  2.287925e-01  7.487081e-01
-1.40000e+00  2.80000e+00       1.369e+09  1.480233e-01  0.000000e+00  1.016761e-01  8.519767e-01
-7.00000e-01  2.80000e+00       3.182e+09  5.042201e-01  0.000000e+00  1.319817e-02  4.957799e-01
 0.00000e+00  2.80000e+00       4.892e+09  6.282224e-01  0.000000e+00  2.075618e-15  3.717776e-01
 7.00000e-01  2.80000e+00       3.182e+09  5.042201e-01  0.000000e+00 -1.319817e-02  4.957799e-01
 1.40000e+00  2.80000e+00       1.369e+09  1.480233e-01  0.000000e+00 -1.016761e-01  8.519767e-01
 2.10000e+00  2.80000e+00       1.033e+09  2.512919e-01  0.000000e+00 -2.287925e-01  7.487081e-01
 2.80000e+00  2.80000e+00       7.701e+08  4.551766e-01  0.000000e+00 -2.609478e-01  5.448234e-01
 3.50000e+00  2.80000e+00       3.010e+08  4.991918e-01  0.000000e+00 -2.889162e-01  5.008082e-01
 4.20000e+00  2.80000e+00       5.700e+07  4.394628e-01  0.000000e+00 -3.602424e-01  5.605372e-01
 4.90000e+00  2.80000e+00       5.740e+06  3.562019e-01  0.000000e+00 -4.439270e-01  6.437981e-01
 5.60000e+00  2.80000e+00       2.619e+05  3.249387e-01  0.000000e+00 -4.777562e-01  6.750613e-01
 6.30000e+00  2.80000e+00       4.386e+03  2.736121e-01  0.000000e+00 -4.358091e-01  7.263879e-01
 7.00000e+00  2.80000e+00       7.804e+01 -3.468030e-01  0.000000e+00  1.197647e-01  6.531970e-01
-7.00000e+00  3.20000e+00       4.120e+01 -5.268974e-01  0.000000e+00 -3.947249e-01  4.731026e-01
-6.30000e+00  3.20000e+00       4.508e+02  3.431658e-01  0.000000e+00 -1.090601e-01  6.568342e-01
-5.60000e+00  3.20000e+00       2.016e+04  7.056260e-01  0.000000e+00  4.677665e-02  2.943740e-01
-4.90000e+00  3.20000e+00       6.261e+05  6.360468e-01  0.000000e+00  1.384134e-01  3.639532e-01
-4.20000e+00  3.20000e+00       9.634e+06  6.607752e-01  0.000000e+00  1.611821e-01  3.392248e-01
-3.50000e+00  3.20000e+00       5.462e+07  6.688763e-01  0.000000e+00  1.687396e-01  3.311237e-01
-2.80000e+00  3.20000e+00       9.159e+07  3.109468e-01  0.000000e+00  2.759448e-01  6.890532e-01
-2.10000e+00  3.20000e+00       1.859e+08 -1.468184e-01  0.000000e+00  2.408937e-01  8.531816e-01
-1.40000e+00  3.20000e+00       2.570e+08 -9.747999e-01  0.000000e+00  1.478732e-01  2.520010e-02
-7.00000e-01  3.20000e+00       1.768e+09  5.117948e-01  0.000000e+00  8.315023e-03  4.882052e-01
 0.00000e+00  3.20000e+00       3.153e+09  6.614943e-01  0.000000e+00  2.241437e-15  3.385057e-01
 7.00000e-01  3.20000e+00       1.768e+09  5.117948e-01  0.000000e+00 -8.315023e-03  4.882052e-01
 1.40000e+00  3.20000e+00       2.570e+08 -9.747999e-01  0.000000e+00 -1.478732e-01  2.520010e-02
 2.10000e+00  3.20000e+00       1.859e+08 -1.468184e-01  0.000000e+00 -2.408937e-01  8.531816e-01
 2.80000e+00  3.20000e+00       9.159e+07  3.109468e-01  0.000000e+00 -2.759448e-01  6.890532e-01
 3.50000e+00  3.20000e+00       5.462e+07  6.688763e-01  0.000000e+00 -1.687396e-01  3.311237e-01
 4.20000e+00  3.20000e+00       9.634e+06  6.607752e-01  0.000000e+00 -1.611821e-01  3.392248e-01
 4.90000e+00  3.20000e+00       6.261e+05  6.360468e-01  0.000000e+00 -1.384134e-01  3.639532e-01
 5.60000e+00  3.20000e+00       2.016e+04  7.056260e-01  0.000000e+00 -4.677665e-02  2.943740e-01
 6.30000e+00  3.20000e+00       4.508e+02  3.431658e-01  0.000000e+00  1.090601e-01  6.568342e-01
 7.00000e+00  3.20000e+00       4.120e+01 -5.268973e-01  0.000000e+00  3.947249e-01  4.731027e-01
-7.00000e+00  3.60000e+00       3.669e+01 -5.560571e-01  0.000000e+00 -4.650153e-01  4.439429e-01
-6.30000e+00  3.60000e+00       3.599e+02  3.648625e-01  0.000000e+00 -1.033228e-01  6.351375e-01
-5.60000e+00  3.60000e+00       1.311e+04  7.868856e-01  0.000000e+00 -4.322872e-02  2.131144e-01
-4.90000e+00  3.60000e+00       2.983e+05  8.118506e-01  0.000000e+00 -5.301110e-02  1.881494e-01
-4.20000e+00  3.60000e+00       4.205e+06  8.929664e-01  0.000000e+00 -4.718507e-02  1.070336e-01
-3.50000e+00  3.60000e+00       2.222e+07  9.277941e-01  0.000000e+00 -2.372482e-02  7.220591e-02
-2.80000e+00  3.60000e+00       1.800e+07  8.223285e-01  0.000000e+00 -1.969016e-02  1.776715e-01
-2.10000e+00  3.60000e+00       3.023e+08  9.503423e-01  0.000000e+00 -2.594836e-02  4.965770e-02
-1.40000e+00  3.60000e+00       5.007e+08  7.995455e-01  0.000000e+00 -5.384175e-02  2.004545e-01
-7.00000e-01  3.60000e+00       7.678e+08  5.486519e-01  0.000000e+00 -3.198012e-02  4.513481e-01
 0.00000e+00  3.60000e+00       1.976e+09  7.238985e-01  0.000000e+00  2.720572e-15  2.761015e-01
 7.00000e-01  3.60000e+00       7.678e+08  5.486519e-01  0.000000e+00  3.198012e-02  4.513481e-01
 1.40000e+00  3.60000e+00       5.007e+08  7.995455e-01  0.000000e+00  5.384175e-02  2.004545e-01
 2.10000e+00  3.60000e+00       3.023e+08  9.503423e-01  0.000000e+00  2.594836e-02  4.965770e-02
 2.80000e+00  3.60000e+00       1.800e+07  8.223285e-01  0.000000e+00  1.969016e-02  1.776715e-01
 3.50000e+00  3.60000e+00       2.222e+07  9.277941e-01  0.000000e+00  2.372482e-02  7.220591e-02
 4.20000e+00  3.60000e+00       4.205e+06  8.929664e-01  0.000000e+00  4.718507e-02  1.070336e-01
 4.90000e+00  3.60000e+00       2.983e+05  8.118506e-01  0.000000e+00  5.301110e-02  1.881494e-01
 5.60000e+00  3.60000e+00       1.311e+04  7.868856e-01  0.000000e+00  4.322872e-02  2.131144e-01
 6.30000e+00  3.60000e+00       3.599e+02  3.648625e-01  0.000000e+00  1.033228e-01  6.351375e-01
 7.00000e+00  3.60000e+00       3.669e+01 -5.560571e-01  0.000000e+00  4.650153e-01  4.439429e-01
-7.00000e+00  4.00000e+00       1.824e+01 -5.767636e-01  0.000000e+00 -2.713086e-01  4.232364e-01
-6.30000e+00  4.00000e+00       2.891e+02  4.640520e-01  0.000000e+00 -5.864054e-02  5.359480e-01
-5.60000e+00  4.00000e+00       1.138e+04  7.873430e-01  0.000000e+00 -3.042671e-02  2.126570e-01
-4.90000e+00  4.00000e+00       2.571e+05  8.114590e-01  0.000000e+00 -4.164431e-02  1.885410e-01
-4.20000e+00  4.00000e+00       3.606e+06  8.928970e-01  0.000000e+00 -3.798552e-02  1.071030e-01
-3.50000e+00  4.00000e+00       1.902e+07  9.284275e-01  0.000000e+00 -1.921292e-02  7.157246e-02
-2.80000e+00  4.00000e+00       1.587e+07  8.733407e-01  0.000000e+00 -2.245908e-02  1.266593e-01
-2.10000e+00  4.00000e+00       2.659e+08  9.841508e-01  0.000000e+00 -2.560895e-02  1.584921e-02
-1.40000e+00  4.00000e+00       4.581e+08  8.902239e-01  0.000000e+00 -5.042331e-02  1.097761e-01
-7.00000e-01  4.00000e+00       5.149e+08  5.784207e-01  0.000000e+00 -4.045412e-02  4.215793e-01
 0.00000e+00  4.00000e+00       1.492e+09  7.616082e-01  0.000000e+00  2.651516e-15  2.383918e-01
 7.00000e-01  4.00000e+00       5.149e+08  5.784207e-01  0.000000e+00  4.045412e-02  4.215793e-01
 1.40000e+00  4.00000e+00       4.581e+08  8.902239e-01  0.000000e+00  5.042331e-02  1.097761e-01
 2.10000e+00  4.00000e+00       2.659e+08  9.841508e-01  0.000000e+00  2.560895e-02  1.584921e-02
 2.80000e+00  4.00000e+00       1.587e+07  8.733407e-01  0.000000e+00  2.245908e-02  1.266593e-01
 3.50000e+00  4.00000e+00       1.902e+07  9.284275e-01  0.000000e+00  1.921292e-02  7.157246e-02
 4.20000e+00  4.00000e+00       3.606e+06  8.928970e-01  0.000000e+00  3.798552e-02  1.071030e-01
 4.90000e+00  4.00000e+00       2.571e+05  8.114590e-01  0.000000e+00  4.164431e-02  1.885410e-01
 5.60000e+00  4.00000e+00       1.138e+04  7.873430e-01  0.000000e+00  3.042671e-02  2.126570e-01
 6.30000e+00  4.00000e+00       2.891e+02  4.640520e-01  0.000000e+00  5.864054e-02  5.359480e-01
 7.00000e+00  4.00000e+00       1.824e+01 -5.767626e-01  0.000000e+00  2.713108e-01  4.232374e-01
