 EB(GeV)    EMITTANCEx EMITTANCEy SIZEx(m)   SIZEy(m)   DIVx(rad)  DIVy(rad)
 2.411e+00  5.499e-09  1.017e-12  8.711e-05  1.009e-06  6.313e-05  1.009e-06
 betax      alphax     betay      alphay     eta        deta       E_spread  
 1.380e+00  0.000e+00  1.000e+00  0.000e+00  0.000e+00  0.000e+00  8.600e-04
 Ibeam(A)   period(cm) #periods   Kx         Ky         Energy(eV)
 4.005e-01  1.900e+00         96  0.000e+00  1.780e+00  2.223e+04


           x            y       F.Density            PL            PC          PL45        1-|PL|
          mm           mm  ph/s/mr^2/0.1%             -             -             -             -
-7.00000e+00 -4.00000e+00       1.344e+02 -4.726901e-01  0.000000e+00  3.300348e-01  5.273099e-01
-6.30000e+00 -4.00000e+00       1.946e+03 -5.354908e-01  0.000000e+00  2.700550e-01  4.645092e-01
-5.60000e+00 -4.00000e+00       2.630e+04  4.376946e-01  0.000000e+00  1.064190e-01  5.623054e-01
-4.90000e+00 -4.00000e+00       6.701e+05  9.629799e-01  0.000000e+00  9.112549e-03  3.702013e-02
-4.20000e+00 -4.00000e+00       1.046e+07  9.902902e-01  0.000000e+00 -2.283350e-03  9.709828e-03
-3.50000e+00 -4.00000e+00       7.549e+07  9.875512e-01  0.000000e+00 -3.266411e-03  1.244875e-02
-2.80000e+00 -4.00000e+00       2.248e+08  9.984610e-01  0.000000e+00  6.847616e-04  1.538952e-03
-2.10000e+00 -4.00000e+00       7.609e+08  9.338919e-01  0.000000e+00  8.957905e-03  6.610813e-02
-1.40000e+00 -4.00000e+00       3.286e+09  9.049587e-01  0.000000e+00  8.926889e-03  9.504133e-02
-7.00000e-01 -4.00000e+00       6.397e+09  8.841593e-01  0.000000e+00  9.077763e-03  1.158407e-01
 0.00000e+00 -4.00000e+00       6.849e+09  8.616967e-01  0.000000e+00 -5.136070e-16  1.383033e-01
 7.00000e-01 -4.00000e+00       6.397e+09  8.841593e-01  0.000000e+00 -9.077763e-03  1.158407e-01
 1.40000e+00 -4.00000e+00       3.286e+09  9.049587e-01  0.000000e+00 -8.926889e-03  9.504133e-02
 2.10000e+00 -4.00000e+00       7.609e+08  9.338919e-01  0.000000e+00 -8.957905e-03  6.610813e-02
 2.80000e+00 -4.00000e+00       2.248e+08  9.984610e-01  0.000000e+00 -6.847616e-04  1.538952e-03
 3.50000e+00 -4.00000e+00       7.549e+07  9.875512e-01  0.000000e+00  3.266411e-03  1.244875e-02
 4.20000e+00 -4.00000e+00       1.046e+07  9.902902e-01  0.000000e+00  2.283350e-03  9.709828e-03
 4.90000e+00 -4.00000e+00       6.701e+05  9.629799e-01  0.000000e+00 -9.112549e-03  3.702013e-02
 5.60000e+00 -4.00000e+00       2.630e+04  4.376946e-01  0.000000e+00 -1.064190e-01  5.623054e-01
 6.30000e+00 -4.00000e+00       1.946e+03 -5.354908e-01  0.000000e+00 -2.700550e-01  4.645092e-01
 7.00000e+00 -4.00000e+00       1.344e+02 -4.726902e-01  0.000000e+00 -3.300351e-01  5.273098e-01
-7.00000e+00 -3.60000e+00       2.140e+02 -4.824817e-01  0.000000e+00  3.840523e-01  5.175183e-01
-6.30000e+00 -3.60000e+00       3.163e+03 -5.150151e-01  0.000000e+00  3.159339e-01  4.849849e-01
-5.60000e+00 -3.60000e+00       3.227e+04  2.731846e-01  0.000000e+00  1.669682e-01  7.268154e-01
-4.90000e+00 -3.60000e+00       7.836e+05  9.563734e-01  0.000000e+00  1.073980e-02  4.362663e-02
-4.20000e+00 -3.60000e+00       1.266e+07  9.676895e-01  0.000000e+00 -1.515209e-02  3.231048e-02
-3.50000e+00 -3.60000e+00       9.781e+07  9.321519e-01  0.000000e+00 -3.100375e-02  6.784815e-02
-2.80000e+00 -3.60000e+00       3.460e+08  8.693742e-01  0.000000e+00 -5.189982e-02  1.306258e-01
-2.10000e+00 -3.60000e+00       1.173e+09  8.988179e-01  0.000000e+00 -3.993275e-02  1.011821e-01
-1.40000e+00 -3.60000e+00       4.173e+09  9.949570e-01  0.000000e+00 -1.070261e-02  5.042951e-03
-7.00000e-01 -3.60000e+00       7.714e+09  9.213224e-01  0.000000e+00  2.738644e-03  7.867763e-02
 0.00000e+00 -3.60000e+00       8.043e+09  8.720157e-01  0.000000e+00 -4.866214e-16  1.279843e-01
 7.00000e-01 -3.60000e+00       7.714e+09  9.213224e-01  0.000000e+00 -2.738644e-03  7.867763e-02
 1.40000e+00 -3.60000e+00       4.173e+09  9.949570e-01  0.000000e+00  1.070261e-02  5.042951e-03
 2.10000e+00 -3.60000e+00       1.173e+09  8.988179e-01  0.000000e+00  3.993275e-02  1.011821e-01
 2.80000e+00 -3.60000e+00       3.460e+08  8.693742e-01  0.000000e+00  5.189982e-02  1.306258e-01
 3.50000e+00 -3.60000e+00       9.781e+07  9.321519e-01  0.000000e+00  3.100375e-02  6.784815e-02
 4.20000e+00 -3.60000e+00       1.266e+07  9.676895e-01  0.000000e+00  1.515209e-02  3.231048e-02
 4.90000e+00 -3.60000e+00       7.836e+05  9.563734e-01  0.000000e+00 -1.073980e-02  4.362663e-02
 5.60000e+00 -3.60000e+00       3.227e+04  2.731846e-01  0.000000e+00 -1.669682e-01  7.268154e-01
 6.30000e+00 -3.60000e+00       3.163e+03 -5.150151e-01  0.000000e+00 -3.159339e-01  4.849849e-01
 7.00000e+00 -3.60000e+00       2.140e+02 -4.824817e-01  0.000000e+00 -3.840523e-01  5.175183e-01
-7.00000e+00 -3.20000e+00       4.518e+02 -5.030743e-01  0.000000e+00  3.976069e-01  4.969257e-01
-6.30000e+00 -3.20000e+00       5.117e+03 -7.409958e-01  0.000000e+00  3.126336e-01  2.590042e-01
-5.60000e+00 -3.20000e+00       1.300e+05  6.465550e-01  0.000000e+00 -4.267497e-01  3.534450e-01
-4.90000e+00 -3.20000e+00       4.573e+06  4.645045e-01  0.000000e+00 -3.859953e-01  5.354955e-01
-4.20000e+00 -3.20000e+00       5.761e+07  5.256809e-01  0.000000e+00 -3.166103e-01  4.743191e-01
-3.50000e+00 -3.20000e+00       3.601e+08  5.859633e-01  0.000000e+00 -2.489369e-01  4.140367e-01
-2.80000e+00 -3.20000e+00       1.115e+09  6.074228e-01  0.000000e+00 -2.010564e-01  3.925772e-01
-2.10000e+00 -3.20000e+00       2.464e+09  7.187714e-01  0.000000e+00 -1.132539e-01  2.812286e-01
-1.40000e+00 -3.20000e+00       6.216e+09  9.070276e-01  0.000000e+00 -2.733400e-02  9.297237e-02
-7.00000e-01 -3.20000e+00       1.043e+10  9.798210e-01  0.000000e+00 -6.649010e-06  2.017897e-02
 0.00000e+00 -3.20000e+00       1.092e+10  9.964295e-01  0.000000e+00 -4.015299e-16  3.570529e-03
 7.00000e-01 -3.20000e+00       1.043e+10  9.798210e-01  0.000000e+00  6.649010e-06  2.017897e-02
 1.40000e+00 -3.20000e+00       6.216e+09  9.070276e-01  0.000000e+00  2.733400e-02  9.297237e-02
 2.10000e+00 -3.20000e+00       2.464e+09  7.187714e-01  0.000000e+00  1.132539e-01  2.812286e-01
 2.80000e+00 -3.20000e+00       1.115e+09  6.074228e-01  0.000000e+00  2.010564e-01  3.925772e-01
 3.50000e+00 -3.20000e+00       3.601e+08  5.859633e-01  0.000000e+00  2.489369e-01  4.140367e-01
 4.20000e+00 -3.20000e+00       5.761e+07  5.256809e-01  0.000000e+00  3.166103e-01  4.743191e-01
 4.90000e+00 -3.20000e+00       4.573e+06  4.645045e-01  0.000000e+00  3.859953e-01  5.354955e-01
 5.60000e+00 -3.20000e+00       1.300e+05  6.465550e-01  0.000000e+00  4.267497e-01  3.534450e-01
 6.30000e+00 -3.20000e+00       5.117e+03 -7.409958e-01  0.000000e+00 -3.126336e-01  2.590042e-01
 7.00000e+00 -3.20000e+00       4.518e+02 -5.030743e-01  0.000000e+00 -3.976069e-01  4.969257e-01
-7.00000e+00 -2.80000e+00       5.319e+04 -2.540352e-01  0.000000e+00 -5.739699e-01  7.459648e-01
-6.30000e+00 -2.80000e+00       1.773e+06 -1.886030e-01  0.000000e+00 -5.822374e-01  8.113970e-01
-5.60000e+00 -2.80000e+00       2.329e+07 -8.263671e-02  0.000000e+00 -5.876834e-01  9.173633e-01
-4.90000e+00 -2.80000e+00       1.402e+08  6.231676e-02  0.000000e+00 -5.703898e-01  9.376832e-01
-4.20000e+00 -2.80000e+00       4.728e+08  2.448297e-01  0.000000e+00 -5.000755e-01  7.551703e-01
-3.50000e+00 -2.80000e+00       1.136e+09  4.332053e-01  0.000000e+00 -3.674258e-01  5.667947e-01
-2.80000e+00 -2.80000e+00       2.197e+09  5.510823e-01  0.000000e+00 -2.353740e-01  4.489177e-01
-2.10000e+00 -2.80000e+00       3.960e+09  6.783935e-01  0.000000e+00 -1.173838e-01  3.216065e-01
-1.40000e+00 -2.80000e+00       8.694e+09  8.754740e-01  0.000000e+00 -2.755353e-02  1.245260e-01
-7.00000e-01 -2.80000e+00       1.358e+10  9.705524e-01  0.000000e+00  1.722068e-03  2.944763e-02
 0.00000e+00 -2.80000e+00       1.373e+10  9.963894e-01  0.000000e+00 -4.039733e-16  3.610569e-03
 7.00000e-01 -2.80000e+00       1.358e+10  9.705524e-01  0.000000e+00 -1.722068e-03  2.944763e-02
 1.40000e+00 -2.80000e+00       8.694e+09  8.754740e-01  0.000000e+00  2.755353e-02  1.245260e-01
 2.10000e+00 -2.80000e+00       3.960e+09  6.783935e-01  0.000000e+00  1.173838e-01  3.216065e-01
 2.80000e+00 -2.80000e+00       2.197e+09  5.510823e-01  0.000000e+00  2.353740e-01  4.489177e-01
 3.50000e+00 -2.80000e+00       1.136e+09  4.332053e-01  0.000000e+00  3.674258e-01  5.667947e-01
 4.20000e+00 -2.80000e+00       4.728e+08  2.448297e-01  0.000000e+00  5.000755e-01  7.551703e-01
 4.90000e+00 -2.80000e+00       1.402e+08  6.231676e-02  0.000000e+00  5.703898e-01  9.376832e-01
 5.60000e+00 -2.80000e+00       2.329e+07 -8.263671e-02  0.000000e+00  5.876834e-01  9.173633e-01
 6.30000e+00 -2.80000e+00       1.773e+06 -1.886030e-01  0.000000e+00  5.822374e-01  8.113970e-01
 7.00000e+00 -2.80000e+00       5.319e+04 -2.540352e-01  0.000000e+00  5.739699e-01  7.459648e-01
-7.00000e+00 -2.40000e+00       2.894e+06 -5.120116e-01  0.000000e+00 -3.673179e-01  4.879884e-01
-6.30000e+00 -2.40000e+00       3.976e+07 -4.710919e-01  0.000000e+00 -3.948713e-01  5.289081e-01
-5.60000e+00 -2.40000e+00       2.005e+08 -3.667715e-01  0.000000e+00 -4.425145e-01  6.332285e-01
-4.90000e+00 -2.40000e+00       5.193e+08 -1.053769e-01  0.000000e+00 -5.007700e-01  8.946231e-01
-4.20000e+00 -2.40000e+00       1.158e+09  2.311851e-01  0.000000e+00 -4.844148e-01  7.688149e-01
-3.50000e+00 -2.40000e+00       2.026e+09  4.202903e-01  0.000000e+00 -4.046789e-01  5.797097e-01
-2.80000e+00 -2.40000e+00       2.027e+09  5.611264e-01  0.000000e+00 -2.398098e-01  4.388736e-01
-2.10000e+00 -2.40000e+00       3.413e+09  7.634147e-01  0.000000e+00  4.304880e-02  2.365853e-01
-1.40000e+00 -2.40000e+00       1.272e+10  8.458242e-01  0.000000e+00  2.883030e-02  1.541758e-01
-7.00000e-01 -2.40000e+00       2.386e+10  8.660020e-01  0.000000e+00  1.123816e-02  1.339980e-01
 0.00000e+00 -2.40000e+00       2.572e+10  8.648926e-01  0.000000e+00 -4.770918e-16  1.351074e-01
 7.00000e-01 -2.40000e+00       2.386e+10  8.660020e-01  0.000000e+00 -1.123816e-02  1.339980e-01
 1.40000e+00 -2.40000e+00       1.272e+10  8.458242e-01  0.000000e+00 -2.883030e-02  1.541758e-01
 2.10000e+00 -2.40000e+00       3.413e+09  7.634147e-01  0.000000e+00 -4.304880e-02  2.365853e-01
 2.80000e+00 -2.40000e+00       2.027e+09  5.611264e-01  0.000000e+00  2.398098e-01  4.388736e-01
 3.50000e+00 -2.40000e+00       2.026e+09  4.202903e-01  0.000000e+00  4.046789e-01  5.797097e-01
 4.20000e+00 -2.40000e+00       1.158e+09  2.311851e-01  0.000000e+00  4.844148e-01  7.688149e-01
 4.90000e+00 -2.40000e+00       5.193e+08 -1.053769e-01  0.000000e+00  5.007700e-01  8.946231e-01
 5.60000e+00 -2.40000e+00       2.005e+08 -3.667715e-01  0.000000e+00  4.425145e-01  6.332285e-01
 6.30000e+00 -2.40000e+00       3.976e+07 -4.710919e-01  0.000000e+00  3.948713e-01  5.289081e-01
 7.00000e+00 -2.40000e+00       2.894e+06 -5.120116e-01  0.000000e+00  3.673179e-01  4.879884e-01
-7.00000e+00 -2.00000e+00       1.698e+06 -5.597960e-01  0.000000e+00 -1.312833e-01  4.402040e-01
-6.30000e+00 -2.00000e+00       1.816e+07 -4.445392e-01  0.000000e+00 -2.655173e-01  5.554608e-01
-5.60000e+00 -2.00000e+00       1.019e+08 -2.073598e-01  0.000000e+00 -4.141584e-01  7.926402e-01
-4.90000e+00 -2.00000e+00       4.197e+08  1.171085e-01  0.000000e+00 -4.610284e-01  8.828915e-01
-4.20000e+00 -2.00000e+00       1.570e+09  3.631647e-01  0.000000e+00 -3.353951e-01  6.368353e-01
-3.50000e+00 -2.00000e+00       5.488e+09  4.541479e-01  0.000000e+00 -1.672988e-01  5.458521e-01
-2.80000e+00 -2.00000e+00       1.661e+10  4.609498e-01  0.000000e+00 -8.943031e-02  5.390502e-01
-2.10000e+00 -2.00000e+00       4.202e+10  4.644940e-01  0.000000e+00 -1.402245e-01  5.355060e-01
-1.40000e+00 -2.00000e+00       8.301e+10  4.293255e-01  0.000000e+00 -1.936341e-01  5.706745e-01
-7.00000e-01 -2.00000e+00       1.081e+11  3.241523e-01  0.000000e+00 -1.102687e-01  6.758477e-01
 0.00000e+00 -2.00000e+00       1.051e+11  2.468355e-01  0.000000e+00 -2.597341e-16  7.531645e-01
 7.00000e-01 -2.00000e+00       1.081e+11  3.241523e-01  0.000000e+00  1.102687e-01  6.758477e-01
 1.40000e+00 -2.00000e+00       8.301e+10  4.293255e-01  0.000000e+00  1.936341e-01  5.706745e-01
 2.10000e+00 -2.00000e+00       4.202e+10  4.644940e-01  0.000000e+00  1.402245e-01  5.355060e-01
 2.80000e+00 -2.00000e+00       1.661e+10  4.609498e-01  0.000000e+00  8.943031e-02  5.390502e-01
 3.50000e+00 -2.00000e+00       5.488e+09  4.541479e-01  0.000000e+00  1.672988e-01  5.458521e-01
 4.20000e+00 -2.00000e+00       1.570e+09  3.631647e-01  0.000000e+00  3.353951e-01  6.368353e-01
 4.90000e+00 -2.00000e+00       4.197e+08  1.171085e-01  0.000000e+00  4.610284e-01  8.828915e-01
 5.60000e+00 -2.00000e+00       1.019e+08 -2.073598e-01  0.000000e+00  4.141584e-01  7.926402e-01
 6.30000e+00 -2.00000e+00       1.816e+07 -4.445392e-01  0.000000e+00  2.655173e-01  5.554608e-01
 7.00000e+00 -2.00000e+00       1.698e+06 -5.597960e-01  0.000000e+00  1.312833e-01  4.402040e-01
-7.00000e+00 -1.60000e+00       1.528e+06 -4.326331e-01  0.000000e+00 -1.256870e-01  5.673669e-01
-6.30000e+00 -1.60000e+00       2.218e+07 -2.471933e-01  0.000000e+00 -2.348214e-01  7.528067e-01
-5.60000e+00 -1.60000e+00       2.216e+08  1.479695e-01  0.000000e+00 -2.790768e-01  8.520305e-01
-4.90000e+00 -1.60000e+00       2.255e+09  4.455466e-01  0.000000e+00 -1.343028e-01  5.544534e-01
-4.20000e+00 -1.60000e+00       1.868e+10  4.944770e-01  0.000000e+00 -3.703352e-02  5.055230e-01
-3.50000e+00 -1.60000e+00       1.046e+11  4.939477e-01  0.000000e+00 -1.870027e-02  5.060523e-01
-2.80000e+00 -1.60000e+00       3.828e+11  4.831431e-01  0.000000e+00  1.283605e-02  5.168569e-01
-2.10000e+00 -1.60000e+00       9.350e+11  4.410331e-01  0.000000e+00  1.291736e-01  5.589669e-01
-1.40000e+00 -1.60000e+00       1.484e+12  3.598274e-01  0.000000e+00  3.343256e-01  6.401726e-01
-7.00000e-01 -1.60000e+00       1.344e+12  2.436961e-01  0.000000e+00  4.418934e-01  7.563039e-01
 0.00000e+00 -1.60000e+00       9.611e+11  1.503471e-01  0.000000e+00  3.763817e-15  8.496529e-01
 7.00000e-01 -1.60000e+00       1.344e+12  2.436961e-01  0.000000e+00 -4.418934e-01  7.563039e-01
 1.40000e+00 -1.60000e+00       1.484e+12  3.598274e-01  0.000000e+00 -3.343256e-01  6.401726e-01
 2.10000e+00 -1.60000e+00       9.350e+11  4.410331e-01  0.000000e+00 -1.291736e-01  5.589669e-01
 2.80000e+00 -1.60000e+00       3.828e+11  4.831431e-01  0.000000e+00 -1.283605e-02  5.168569e-01
 3.50000e+00 -1.60000e+00       1.046e+11  4.939477e-01  0.000000e+00  1.870027e-02  5.060523e-01
 4.20000e+00 -1.60000e+00       1.868e+10  4.944770e-01  0.000000e+00  3.703352e-02  5.055230e-01
 4.90000e+00 -1.60000e+00       2.255e+09  4.455466e-01  0.000000e+00  1.343028e-01  5.544534e-01
 5.60000e+00 -1.60000e+00       2.216e+08  1.479695e-01  0.000000e+00  2.790768e-01  8.520305e-01
 6.30000e+00 -1.60000e+00       2.218e+07 -2.471933e-01  0.000000e+00  2.348214e-01  7.528067e-01
 7.00000e+00 -1.60000e+00       1.528e+06 -4.326331e-01  0.000000e+00  1.256870e-01  5.673669e-01
-7.00000e+00 -1.20000e+00       3.648e+06  1.674710e-01  0.000000e+00  1.557743e-01  8.325290e-01
-6.30000e+00 -1.20000e+00       1.023e+08  6.474345e-01  0.000000e+00  7.755462e-02  3.525655e-01
-5.60000e+00 -1.20000e+00       2.334e+09  6.408611e-01  0.000000e+00  1.102601e-01  3.591389e-01
-4.90000e+00 -1.20000e+00       3.306e+10  5.841195e-01  0.000000e+00  1.621679e-02  4.158805e-01
-4.20000e+00 -1.20000e+00       2.908e+11  6.191396e-01  0.000000e+00 -3.533470e-02  3.808604e-01
-3.50000e+00 -1.20000e+00       1.501e+12  6.366411e-01  0.000000e+00 -1.796069e-02  3.633589e-01
-2.80000e+00 -1.20000e+00       4.842e+12  6.233566e-01  0.000000e+00 -2.214921e-02  3.766434e-01
-2.10000e+00 -1.20000e+00       1.028e+13  5.608017e-01  0.000000e+00 -7.785937e-02  4.391983e-01
-1.40000e+00 -1.20000e+00       1.408e+13  4.157739e-01  0.000000e+00 -2.196968e-01  5.842261e-01
-7.00000e-01 -1.20000e+00       1.228e+13  3.046150e-01  0.000000e+00 -3.598974e-01  6.953850e-01
 0.00000e+00 -1.20000e+00       9.270e+12  3.014662e-01  0.000000e+00  5.505871e-15  6.985338e-01
 7.00000e-01 -1.20000e+00       1.228e+13  3.046150e-01  0.000000e+00  3.598974e-01  6.953850e-01
 1.40000e+00 -1.20000e+00       1.408e+13  4.157739e-01  0.000000e+00  2.196968e-01  5.842261e-01
 2.10000e+00 -1.20000e+00       1.028e+13  5.608017e-01  0.000000e+00  7.785937e-02  4.391983e-01
 2.80000e+00 -1.20000e+00       4.842e+12  6.233566e-01  0.000000e+00  2.214921e-02  3.766434e-01
 3.50000e+00 -1.20000e+00       1.501e+12  6.366411e-01  0.000000e+00  1.796069e-02  3.633589e-01
 4.20000e+00 -1.20000e+00       2.908e+11  6.191396e-01  0.000000e+00  3.533470e-02  3.808604e-01
 4.90000e+00 -1.20000e+00       3.306e+10  5.841195e-01  0.000000e+00 -1.621679e-02  4.158805e-01
 5.60000e+00 -1.20000e+00       2.334e+09  6.408611e-01  0.000000e+00 -1.102601e-01  3.591389e-01
 6.30000e+00 -1.20000e+00       1.023e+08  6.474345e-01  0.000000e+00 -7.755462e-02  3.525655e-01
 7.00000e+00 -1.20000e+00       3.648e+06  1.674710e-01  0.000000e+00 -1.557743e-01  8.325290e-01
-7.00000e+00 -8.00000e-01       1.135e+07  5.590445e-01  0.000000e+00 -3.094807e-01  4.409555e-01
-6.30000e+00 -8.00000e-01       7.738e+08  7.817085e-01  0.000000e+00 -2.579355e-01  2.182915e-01
-5.60000e+00 -8.00000e-01       2.298e+10  8.578696e-01  0.000000e+00 -1.019578e-01  1.421304e-01
-4.90000e+00 -8.00000e-01       2.935e+11  8.391867e-01  0.000000e+00  1.639362e-02  1.608133e-01
-4.20000e+00 -8.00000e-01       1.989e+12  7.931546e-01  0.000000e+00  2.299102e-02  2.068454e-01
-3.50000e+00 -8.00000e-01       8.918e+12  7.889135e-01  0.000000e+00 -1.196034e-02  2.110865e-01
-2.80000e+00 -8.00000e-01       2.639e+13  7.918937e-01  0.000000e+00 -2.063742e-02  2.081063e-01
-2.10000e+00 -8.00000e-01       5.144e+13  7.570755e-01  0.000000e+00 -6.510875e-02  2.429245e-01
-1.40000e+00 -8.00000e-01       7.182e+13  6.446977e-01  0.000000e+00 -1.763089e-01  3.553023e-01
-7.00000e-01 -8.00000e-01       1.052e+14  5.876226e-01  0.000000e+00 -1.781172e-01  4.123774e-01
 0.00000e+00 -8.00000e-01       1.369e+14  6.147871e-01  0.000000e+00 -1.115873e-15  3.852129e-01
 7.00000e-01 -8.00000e-01       1.052e+14  5.876226e-01  0.000000e+00  1.781172e-01  4.123774e-01
 1.40000e+00 -8.00000e-01       7.182e+13  6.446977e-01  0.000000e+00  1.763089e-01  3.553023e-01
 2.10000e+00 -8.00000e-01       5.144e+13  7.570755e-01  0.000000e+00  6.510875e-02  2.429245e-01
 2.80000e+00 -8.00000e-01       2.639e+13  7.918937e-01  0.000000e+00  2.063742e-02  2.081063e-01
 3.50000e+00 -8.00000e-01       8.918e+12  7.889135e-01  0.000000e+00  1.196034e-02  2.110865e-01
 4.20000e+00 -8.00000e-01       1.989e+12  7.931546e-01  0.000000e+00 -2.299102e-02  2.068454e-01
 4.90000e+00 -8.00000e-01       2.935e+11  8.391867e-01  0.000000e+00 -1.639362e-02  1.608133e-01
 5.60000e+00 -8.00000e-01       2.298e+10  8.578696e-01  0.000000e+00  1.019578e-01  1.421304e-01
 6.30000e+00 -8.00000e-01       7.738e+08  7.817085e-01  0.000000e+00  2.579355e-01  2.182915e-01
 7.00000e+00 -8.00000e-01       1.135e+07  5.590445e-01  0.000000e+00  3.094807e-01  4.409555e-01
-7.00000e+00 -4.00000e-01       2.690e+07  7.886430e-01  0.000000e+00  8.151343e-02  2.113570e-01
-6.30000e+00 -4.00000e-01       1.729e+09  8.557277e-01  0.000000e+00 -1.327180e-01  1.442723e-01
-5.60000e+00 -4.00000e-01       6.288e+10  9.266262e-01  0.000000e+00 -1.292688e-01  7.337383e-02
-4.90000e+00 -4.00000e-01       9.615e+11  9.522206e-01  0.000000e+00 -5.362530e-02  4.777942e-02
-4.20000e+00 -4.00000e-01       6.439e+12  9.483586e-01  0.000000e+00  4.168428e-04  5.164140e-02
-3.50000e+00 -4.00000e-01       2.494e+13  9.391595e-01  0.000000e+00  1.829404e-03  6.084049e-02
-2.80000e+00 -4.00000e-01       6.737e+13  9.373170e-01  0.000000e+00 -5.769785e-03  6.268296e-02
-2.10000e+00 -4.00000e-01       1.202e+14  9.254229e-01  0.000000e+00  6.370819e-03  7.457711e-02
-1.40000e+00 -4.00000e-01       1.414e+14  8.884407e-01  0.000000e+00  5.721562e-02  1.115593e-01
-7.00000e-01 -4.00000e-01       1.748e+14  8.801674e-01  0.000000e+00  7.341581e-02  1.198326e-01
 0.00000e+00 -4.00000e-01       2.268e+14  9.009768e-01  0.000000e+00 -8.021156e-16  9.902323e-02
 7.00000e-01 -4.00000e-01       1.748e+14  8.801674e-01  0.000000e+00 -7.341581e-02  1.198326e-01
 1.40000e+00 -4.00000e-01       1.414e+14  8.884407e-01  0.000000e+00 -5.721562e-02  1.115593e-01
 2.10000e+00 -4.00000e-01       1.202e+14  9.254229e-01  0.000000e+00 -6.370819e-03  7.457711e-02
 2.80000e+00 -4.00000e-01       6.737e+13  9.373170e-01  0.000000e+00  5.769785e-03  6.268296e-02
 3.50000e+00 -4.00000e-01       2.494e+13  9.391595e-01  0.000000e+00 -1.829404e-03  6.084049e-02
 4.20000e+00 -4.00000e-01       6.439e+12  9.483586e-01  0.000000e+00 -4.168428e-04  5.164140e-02
 4.90000e+00 -4.00000e-01       9.615e+11  9.522206e-01  0.000000e+00  5.362530e-02  4.777942e-02
 5.60000e+00 -4.00000e-01       6.288e+10  9.266262e-01  0.000000e+00  1.292688e-01  7.337383e-02
 6.30000e+00 -4.00000e-01       1.729e+09  8.557277e-01  0.000000e+00  1.327180e-01  1.442723e-01
 7.00000e+00 -4.00000e-01       2.690e+07  7.886430e-01  0.000000e+00 -8.151343e-02  2.113570e-01
-7.00000e+00  0.00000e+00       4.456e+07  9.998981e-01  0.000000e+00 -1.248191e-13  1.018805e-04
-6.30000e+00  0.00000e+00       2.227e+09  9.999021e-01  0.000000e+00 -8.233181e-15  9.786603e-05
-5.60000e+00  0.00000e+00       8.057e+10  9.999436e-01  0.000000e+00 -1.926928e-16  5.643557e-05
-4.90000e+00  0.00000e+00       1.336e+12  9.999639e-01  0.000000e+00  5.200134e-17  3.614725e-05
-4.20000e+00  0.00000e+00       9.333e+12  9.999622e-01  0.000000e+00  6.339940e-18  3.777245e-05
-3.50000e+00  0.00000e+00       3.512e+13  9.999522e-01  0.000000e+00 -6.907389e-19  4.782145e-05
-2.80000e+00  0.00000e+00       9.378e+13  9.999529e-01  0.000000e+00  2.601696e-16  4.709083e-05
-2.10000e+00  0.00000e+00       1.975e+14  9.999755e-01  0.000000e+00  3.378159e-15  2.454638e-05
-1.40000e+00  0.00000e+00       3.580e+14  9.999868e-01  0.000000e+00  1.536934e-14  1.317909e-05
-7.00000e-01  0.00000e+00       4.987e+14  9.999632e-01  0.000000e+00  2.420410e-14  3.683532e-05
 0.00000e+00  0.00000e+00       5.334e+14  9.999562e-01  0.000000e+00  6.960441e-18  4.377198e-05
 7.00000e-01  0.00000e+00       4.987e+14  9.999632e-01  0.000000e+00 -2.419552e-14  3.683532e-05
 1.40000e+00  0.00000e+00       3.580e+14  9.999868e-01  0.000000e+00 -1.537150e-14  1.317909e-05
 2.10000e+00  0.00000e+00       1.975e+14  9.999755e-01  0.000000e+00 -3.380732e-15  2.454638e-05
 2.80000e+00  0.00000e+00       9.378e+13  9.999529e-01  0.000000e+00 -2.603000e-16  4.709083e-05
 3.50000e+00  0.00000e+00       3.512e+13  9.999522e-01  0.000000e+00 -4.787764e-18  4.782145e-05
 4.20000e+00  0.00000e+00       9.333e+12  9.999622e-01  0.000000e+00  1.390121e-17  3.777245e-05
 4.90000e+00  0.00000e+00       1.336e+12  9.999639e-01  0.000000e+00  4.776964e-17  3.614725e-05
 5.60000e+00  0.00000e+00       8.057e+10  9.999436e-01  0.000000e+00  2.380684e-16  5.643557e-05
 6.30000e+00  0.00000e+00       2.227e+09  9.999021e-01  0.000000e+00  5.306128e-15  9.786603e-05
 7.00000e+00  0.00000e+00       4.456e+07  9.998981e-01  0.000000e+00  1.072019e-13  1.018805e-04
-7.00000e+00  4.00000e-01       2.690e+07  7.886430e-01  0.000000e+00 -8.151343e-02  2.113570e-01
-6.30000e+00  4.00000e-01       1.729e+09  8.557277e-01  0.000000e+00  1.327180e-01  1.442723e-01
-5.60000e+00  4.00000e-01       6.288e+10  9.266262e-01  0.000000e+00  1.292688e-01  7.337383e-02
-4.90000e+00  4.00000e-01       9.615e+11  9.522206e-01  0.000000e+00  5.362530e-02  4.777942e-02
-4.20000e+00  4.00000e-01       6.439e+12  9.483586e-01  0.000000e+00 -4.168428e-04  5.164140e-02
-3.50000e+00  4.00000e-01       2.494e+13  9.391595e-01  0.000000e+00 -1.829404e-03  6.084049e-02
-2.80000e+00  4.00000e-01       6.737e+13  9.373170e-01  0.000000e+00  5.769785e-03  6.268296e-02
-2.10000e+00  4.00000e-01       1.202e+14  9.254229e-01  0.000000e+00 -6.370819e-03  7.457711e-02
-1.40000e+00  4.00000e-01       1.414e+14  8.884407e-01  0.000000e+00 -5.721562e-02  1.115593e-01
-7.00000e-01  4.00000e-01       1.748e+14  8.801674e-01  0.000000e+00 -7.341581e-02  1.198326e-01
 0.00000e+00  4.00000e-01       2.268e+14  9.009768e-01  0.000000e+00  7.981195e-16  9.902323e-02
 7.00000e-01  4.00000e-01       1.748e+14  8.801674e-01  0.000000e+00  7.341581e-02  1.198326e-01
 1.40000e+00  4.00000e-01       1.414e+14  8.884407e-01  0.000000e+00  5.721562e-02  1.115593e-01
 2.10000e+00  4.00000e-01       1.202e+14  9.254229e-01  0.000000e+00  6.370819e-03  7.457711e-02
 2.80000e+00  4.00000e-01       6.737e+13  9.373170e-01  0.000000e+00 -5.769785e-03  6.268296e-02
 3.50000e+00  4.00000e-01       2.494e+13  9.391595e-01  0.000000e+00  1.829404e-03  6.084049e-02
 4.20000e+00  4.00000e-01       6.439e+12  9.483586e-01  0.000000e+00  4.168428e-04  5.164140e-02
 4.90000e+00  4.00000e-01       9.615e+11  9.522206e-01  0.000000e+00 -5.362530e-02  4.777942e-02
 5.60000e+00  4.00000e-01       6.288e+10  9.266262e-01  0.000000e+00 -1.292688e-01  7.337383e-02
 6.30000e+00  4.00000e-01       1.729e+09  8.557277e-01  0.000000e+00 -1.327180e-01  1.442723e-01
 7.00000e+00  4.00000e-01       2.690e+07  7.886430e-01  0.000000e+00  8.151343e-02  2.113570e-01
-7.00000e+00  8.00000e-01       1.135e+07  5.590445e-01  0.000000e+00  3.094807e-01  4.409555e-01
-6.30000e+00  8.00000e-01       7.738e+08  7.817085e-01  0.000000e+00  2.579355e-01  2.182915e-01
-5.60000e+00  8.00000e-01       2.298e+10  8.578696e-01  0.000000e+00  1.019578e-01  1.421304e-01
-4.90000e+00  8.00000e-01       2.935e+11  8.391867e-01  0.000000e+00 -1.639362e-02  1.608133e-01
-4.20000e+00  8.00000e-01       1.989e+12  7.931546e-01  0.000000e+00 -2.299102e-02  2.068454e-01
-3.50000e+00  8.00000e-01       8.918e+12  7.889135e-01  0.000000e+00  1.196034e-02  2.110865e-01
-2.80000e+00  8.00000e-01       2.639e+13  7.918937e-01  0.000000e+00  2.063742e-02  2.081063e-01
-2.10000e+00  8.00000e-01       5.144e+13  7.570755e-01  0.000000e+00  6.510875e-02  2.429245e-01
-1.40000e+00  8.00000e-01       7.182e+13  6.446977e-01  0.000000e+00  1.763089e-01  3.553023e-01
-7.00000e-01  8.00000e-01       1.052e+14  5.876226e-01  0.000000e+00  1.781172e-01  4.123774e-01
 0.00000e+00  8.00000e-01       1.369e+14  6.147871e-01  0.000000e+00  2.388694e-15  3.852129e-01
 7.00000e-01  8.00000e-01       1.052e+14  5.876226e-01  0.000000e+00 -1.781172e-01  4.123774e-01
 1.40000e+00  8.00000e-01       7.182e+13  6.446977e-01  0.000000e+00 -1.763089e-01  3.553023e-01
 2.10000e+00  8.00000e-01       5.144e+13  7.570755e-01  0.000000e+00 -6.510875e-02  2.429245e-01
 2.80000e+00  8.00000e-01       2.639e+13  7.918937e-01  0.000000e+00 -2.063742e-02  2.081063e-01
 3.50000e+00  8.00000e-01       8.918e+12  7.889135e-01  0.000000e+00 -1.196034e-02  2.110865e-01
 4.20000e+00  8.00000e-01       1.989e+12  7.931546e-01  0.000000e+00  2.299102e-02  2.068454e-01
 4.90000e+00  8.00000e-01       2.935e+11  8.391867e-01  0.000000e+00  1.639362e-02  1.608133e-01
 5.60000e+00  8.00000e-01       2.298e+10  8.578696e-01  0.000000e+00 -1.019578e-01  1.421304e-01
 6.30000e+00  8.00000e-01       7.738e+08  7.817085e-01  0.000000e+00 -2.579355e-01  2.182915e-01
 7.00000e+00  8.00000e-01       1.135e+07  5.590445e-01  0.000000e+00 -3.094807e-01  4.409555e-01
-7.00000e+00  1.20000e+00       3.648e+06  1.674710e-01  0.000000e+00 -1.557743e-01  8.325290e-01
-6.30000e+00  1.20000e+00       1.023e+08  6.474345e-01  0.000000e+00 -7.755462e-02  3.525655e-01
-5.60000e+00  1.20000e+00       2.334e+09  6.408611e-01  0.000000e+00 -1.102601e-01  3.591389e-01
-4.90000e+00  1.20000e+00       3.306e+10  5.841195e-01  0.000000e+00 -1.621679e-02  4.158805e-01
-4.20000e+00  1.20000e+00       2.908e+11  6.191396e-01  0.000000e+00  3.533470e-02  3.808604e-01
-3.50000e+00  1.20000e+00       1.501e+12  6.366411e-01  0.000000e+00  1.796069e-02  3.633589e-01
-2.80000e+00  1.20000e+00       4.842e+12  6.233566e-01  0.000000e+00  2.214921e-02  3.766434e-01
-2.10000e+00  1.20000e+00       1.028e+13  5.608017e-01  0.000000e+00  7.785937e-02  4.391983e-01
-1.40000e+00  1.20000e+00       1.408e+13  4.157739e-01  0.000000e+00  2.196968e-01  5.842261e-01
-7.00000e-01  1.20000e+00       1.228e+13  3.046150e-01  0.000000e+00  3.598974e-01  6.953850e-01
 0.00000e+00  1.20000e+00       9.270e+12  3.014662e-01  0.000000e+00 -5.067769e-15  6.985338e-01
 7.00000e-01  1.20000e+00       1.228e+13  3.046150e-01  0.000000e+00 -3.598974e-01  6.953850e-01
 1.40000e+00  1.20000e+00       1.408e+13  4.157739e-01  0.000000e+00 -2.196968e-01  5.842261e-01
 2.10000e+00  1.20000e+00       1.028e+13  5.608017e-01  0.000000e+00 -7.785937e-02  4.391983e-01
 2.80000e+00  1.20000e+00       4.842e+12  6.233566e-01  0.000000e+00 -2.214921e-02  3.766434e-01
 3.50000e+00  1.20000e+00       1.501e+12  6.366411e-01  0.000000e+00 -1.796069e-02  3.633589e-01
 4.20000e+00  1.20000e+00       2.908e+11  6.191396e-01  0.000000e+00 -3.533470e-02  3.808604e-01
 4.90000e+00  1.20000e+00       3.306e+10  5.841195e-01  0.000000e+00  1.621679e-02  4.158805e-01
 5.60000e+00  1.20000e+00       2.334e+09  6.408611e-01  0.000000e+00  1.102601e-01  3.591389e-01
 6.30000e+00  1.20000e+00       1.023e+08  6.474345e-01  0.000000e+00  7.755462e-02  3.525655e-01
 7.00000e+00  1.20000e+00       3.648e+06  1.674710e-01  0.000000e+00  1.557743e-01  8.325290e-01
-7.00000e+00  1.60000e+00       1.528e+06 -4.326331e-01  0.000000e+00  1.256870e-01  5.673669e-01
-6.30000e+00  1.60000e+00       2.218e+07 -2.471933e-01  0.000000e+00  2.348214e-01  7.528067e-01
-5.60000e+00  1.60000e+00       2.216e+08  1.479695e-01  0.000000e+00  2.790768e-01  8.520305e-01
-4.90000e+00  1.60000e+00       2.255e+09  4.455466e-01  0.000000e+00  1.343028e-01  5.544534e-01
-4.20000e+00  1.60000e+00       1.868e+10  4.944770e-01  0.000000e+00  3.703352e-02  5.055230e-01
-3.50000e+00  1.60000e+00       1.046e+11  4.939477e-01  0.000000e+00  1.870027e-02  5.060523e-01
-2.80000e+00  1.60000e+00       3.828e+11  4.831431e-01  0.000000e+00 -1.283605e-02  5.168569e-01
-2.10000e+00  1.60000e+00       9.350e+11  4.410331e-01  0.000000e+00 -1.291736e-01  5.589669e-01
-1.40000e+00  1.60000e+00       1.484e+12  3.598274e-01  0.000000e+00 -3.343256e-01  6.401726e-01
-7.00000e-01  1.60000e+00       1.344e+12  2.436961e-01  0.000000e+00 -4.418934e-01  7.563039e-01
 0.00000e+00  1.60000e+00       9.611e+11  1.503471e-01  0.000000e+00 -3.906073e-15  8.496529e-01
 7.00000e-01  1.60000e+00       1.344e+12  2.436961e-01  0.000000e+00  4.418934e-01  7.563039e-01
 1.40000e+00  1.60000e+00       1.484e+12  3.598274e-01  0.000000e+00  3.343256e-01  6.401726e-01
 2.10000e+00  1.60000e+00       9.350e+11  4.410331e-01  0.000000e+00  1.291736e-01  5.589669e-01
 2.80000e+00  1.60000e+00       3.828e+11  4.831431e-01  0.000000e+00  1.283605e-02  5.168569e-01
 3.50000e+00  1.60000e+00       1.046e+11  4.939477e-01  0.000000e+00 -1.870027e-02  5.060523e-01
 4.20000e+00  1.60000e+00       1.868e+10  4.944770e-01  0.000000e+00 -3.703352e-02  5.055230e-01
 4.90000e+00  1.60000e+00       2.255e+09  4.455466e-01  0.000000e+00 -1.343028e-01  5.544534e-01
 5.60000e+00  1.60000e+00       2.216e+08  1.479695e-01  0.000000e+00 -2.790768e-01  8.520305e-01
 6.30000e+00  1.60000e+00       2.218e+07 -2.471933e-01  0.000000e+00 -2.348214e-01  7.528067e-01
 7.00000e+00  1.60000e+00       1.528e+06 -4.326331e-01  0.000000e+00 -1.256870e-01  5.673669e-01
-7.00000e+00  2.00000e+00       1.698e+06 -5.597960e-01  0.000000e+00  1.312833e-01  4.402040e-01
-6.30000e+00  2.00000e+00       1.816e+07 -4.445392e-01  0.000000e+00  2.655173e-01  5.554608e-01
-5.60000e+00  2.00000e+00       1.019e+08 -2.073598e-01  0.000000e+00  4.141584e-01  7.926402e-01
-4.90000e+00  2.00000e+00       4.197e+08  1.171085e-01  0.000000e+00  4.610284e-01  8.828915e-01
-4.20000e+00  2.00000e+00       1.570e+09  3.631647e-01  0.000000e+00  3.353951e-01  6.368353e-01
-3.50000e+00  2.00000e+00       5.488e+09  4.541479e-01  0.000000e+00  1.672988e-01  5.458521e-01
-2.80000e+00  2.00000e+00       1.661e+10  4.609498e-01  0.000000e+00  8.943031e-02  5.390502e-01
-2.10000e+00  2.00000e+00       4.202e+10  4.644940e-01  0.000000e+00  1.402245e-01  5.355060e-01
-1.40000e+00  2.00000e+00       8.301e+10  4.293255e-01  0.000000e+00  1.936341e-01  5.706745e-01
-7.00000e-01  2.00000e+00       1.081e+11  3.241523e-01  0.000000e+00  1.102687e-01  6.758477e-01
 0.00000e+00  2.00000e+00       1.051e+11  2.468355e-01  0.000000e+00 -1.796615e-16  7.531645e-01
 7.00000e-01  2.00000e+00       1.081e+11  3.241523e-01  0.000000e+00 -1.102687e-01  6.758477e-01
 1.40000e+00  2.00000e+00       8.301e+10  4.293255e-01  0.000000e+00 -1.936341e-01  5.706745e-01
 2.10000e+00  2.00000e+00       4.202e+10  4.644940e-01  0.000000e+00 -1.402245e-01  5.355060e-01
 2.80000e+00  2.00000e+00       1.661e+10  4.609498e-01  0.000000e+00 -8.943031e-02  5.390502e-01
 3.50000e+00  2.00000e+00       5.488e+09  4.541479e-01  0.000000e+00 -1.672988e-01  5.458521e-01
 4.20000e+00  2.00000e+00       1.570e+09  3.631647e-01  0.000000e+00 -3.353951e-01  6.368353e-01
 4.90000e+00  2.00000e+00       4.197e+08  1.171085e-01  0.000000e+00 -4.610284e-01  8.828915e-01
 5.60000e+00  2.00000e+00       1.019e+08 -2.073598e-01  0.000000e+00 -4.141584e-01  7.926402e-01
 6.30000e+00  2.00000e+00       1.816e+07 -4.445392e-01  0.000000e+00 -2.655173e-01  5.554608e-01
 7.00000e+00  2.00000e+00       1.698e+06 -5.597960e-01  0.000000e+00 -1.312833e-01  4.402040e-01
-7.00000e+00  2.40000e+00       2.894e+06 -5.120116e-01  0.000000e+00  3.673179e-01  4.879884e-01
-6.30000e+00  2.40000e+00       3.976e+07 -4.710919e-01  0.000000e+00  3.948713e-01  5.289081e-01
-5.60000e+00  2.40000e+00       2.005e+08 -3.667715e-01  0.000000e+00  4.425145e-01  6.332285e-01
-4.90000e+00  2.40000e+00       5.193e+08 -1.053769e-01  0.000000e+00  5.007700e-01  8.946231e-01
-4.20000e+00  2.40000e+00       1.158e+09  2.311851e-01  0.000000e+00  4.844148e-01  7.688149e-01
-3.50000e+00  2.40000e+00       2.026e+09  4.202903e-01  0.000000e+00  4.046789e-01  5.797097e-01
-2.80000e+00  2.40000e+00       2.027e+09  5.611264e-01  0.000000e+00  2.398098e-01  4.388736e-01
-2.10000e+00  2.40000e+00       3.413e+09  7.634147e-01  0.000000e+00 -4.304880e-02  2.365853e-01
-1.40000e+00  2.40000e+00       1.272e+10  8.458242e-01  0.000000e+00 -2.883030e-02  1.541758e-01
-7.00000e-01  2.40000e+00       2.386e+10  8.660020e-01  0.000000e+00 -1.123816e-02  1.339980e-01
 0.00000e+00  2.40000e+00       2.572e+10  8.648926e-01  0.000000e+00 -5.113456e-16  1.351074e-01
 7.00000e-01  2.40000e+00       2.386e+10  8.660020e-01  0.000000e+00  1.123816e-02  1.339980e-01
 1.40000e+00  2.40000e+00       1.272e+10  8.458242e-01  0.000000e+00  2.883030e-02  1.541758e-01
 2.10000e+00  2.40000e+00       3.413e+09  7.634147e-01  0.000000e+00  4.304880e-02  2.365853e-01
 2.80000e+00  2.40000e+00       2.027e+09  5.611264e-01  0.000000e+00 -2.398098e-01  4.388736e-01
 3.50000e+00  2.40000e+00       2.026e+09  4.202903e-01  0.000000e+00 -4.046789e-01  5.797097e-01
 4.20000e+00  2.40000e+00       1.158e+09  2.311851e-01  0.000000e+00 -4.844148e-01  7.688149e-01
 4.90000e+00  2.40000e+00       5.193e+08 -1.053769e-01  0.000000e+00 -5.007700e-01  8.946231e-01
 5.60000e+00  2.40000e+00       2.005e+08 -3.667715e-01  0.000000e+00 -4.425145e-01  6.332285e-01
 6.30000e+00  2.40000e+00       3.976e+07 -4.710919e-01  0.000000e+00 -3.948713e-01  5.289081e-01
 7.00000e+00  2.40000e+00       2.894e+06 -5.120116e-01  0.000000e+00 -3.673179e-01  4.879884e-01
-7.00000e+00  2.80000e+00       5.319e+04 -2.540352e-01  0.000000e+00  5.739699e-01  7.459648e-01
-6.30000e+00  2.80000e+00       1.773e+06 -1.886030e-01  0.000000e+00  5.822374e-01  8.113970e-01
-5.60000e+00  2.80000e+00       2.329e+07 -8.263671e-02  0.000000e+00  5.876834e-01  9.173633e-01
-4.90000e+00  2.80000e+00       1.402e+08  6.231676e-02  0.000000e+00  5.703898e-01  9.376832e-01
-4.20000e+00  2.80000e+00       4.728e+08  2.448297e-01  0.000000e+00  5.000755e-01  7.551703e-01
-3.50000e+00  2.80000e+00       1.136e+09  4.332053e-01  0.000000e+00  3.674258e-01  5.667947e-01
-2.80000e+00  2.80000e+00       2.197e+09  5.510823e-01  0.000000e+00  2.353740e-01  4.489177e-01
-2.10000e+00  2.80000e+00       3.960e+09  6.783935e-01  0.000000e+00  1.173838e-01  3.216065e-01
-1.40000e+00  2.80000e+00       8.694e+09  8.754740e-01  0.000000e+00  2.755353e-02  1.245260e-01
-7.00000e-01  2.80000e+00       1.358e+10  9.705523e-01  0.000000e+00 -1.722061e-03  2.944773e-02
 0.00000e+00  2.80000e+00       1.373e+10  9.963896e-01  0.000000e+00 -8.621951e-16  3.610407e-03
 7.00000e-01  2.80000e+00       1.358e+10  9.705523e-01  0.000000e+00  1.722061e-03  2.944773e-02
 1.40000e+00  2.80000e+00       8.694e+09  8.754740e-01  0.000000e+00 -2.755353e-02  1.245260e-01
 2.10000e+00  2.80000e+00       3.960e+09  6.783935e-01  0.000000e+00 -1.173838e-01  3.216065e-01
 2.80000e+00  2.80000e+00       2.197e+09  5.510823e-01  0.000000e+00 -2.353740e-01  4.489177e-01
 3.50000e+00  2.80000e+00       1.136e+09  4.332053e-01  0.000000e+00 -3.674258e-01  5.667947e-01
 4.20000e+00  2.80000e+00       4.728e+08  2.448297e-01  0.000000e+00 -5.000755e-01  7.551703e-01
 4.90000e+00  2.80000e+00       1.402e+08  6.231676e-02  0.000000e+00 -5.703898e-01  9.376832e-01
 5.60000e+00  2.80000e+00       2.329e+07 -8.263671e-02  0.000000e+00 -5.876834e-01  9.173633e-01
 6.30000e+00  2.80000e+00       1.773e+06 -1.886030e-01  0.000000e+00 -5.822374e-01  8.113970e-01
 7.00000e+00  2.80000e+00       5.319e+04 -2.540352e-01  0.000000e+00 -5.739699e-01  7.459648e-01
-7.00000e+00  3.20000e+00       4.518e+02 -5.030742e-01  0.000000e+00 -3.976071e-01  4.969258e-01
-6.30000e+00  3.20000e+00       5.117e+03 -7.409957e-01  0.000000e+00 -3.126337e-01  2.590043e-01
-5.60000e+00  3.20000e+00       1.300e+05  6.465549e-01  0.000000e+00  4.267497e-01  3.534451e-01
-4.90000e+00  3.20000e+00       4.573e+06  4.645045e-01  0.000000e+00  3.859953e-01  5.354955e-01
-4.20000e+00  3.20000e+00       5.761e+07  5.256809e-01  0.000000e+00  3.166103e-01  4.743191e-01
-3.50000e+00  3.20000e+00       3.601e+08  5.859633e-01  0.000000e+00  2.489369e-01  4.140367e-01
-2.80000e+00  3.20000e+00       1.115e+09  6.074228e-01  0.000000e+00  2.010564e-01  3.925772e-01
-2.10000e+00  3.20000e+00       2.464e+09  7.187714e-01  0.000000e+00  1.132539e-01  2.812286e-01
-1.40000e+00  3.20000e+00       6.216e+09  9.070275e-01  0.000000e+00  2.733400e-02  9.297246e-02
-7.00000e-01  3.20000e+00       1.043e+10  9.798208e-01  0.000000e+00  6.664061e-06  2.017922e-02
 0.00000e+00  3.20000e+00       1.092e+10  9.964291e-01  0.000000e+00 -7.973505e-16  3.570905e-03
 7.00000e-01  3.20000e+00       1.043e+10  9.798208e-01  0.000000e+00 -6.664061e-06  2.017922e-02
 1.40000e+00  3.20000e+00       6.216e+09  9.070275e-01  0.000000e+00 -2.733400e-02  9.297246e-02
 2.10000e+00  3.20000e+00       2.464e+09  7.187714e-01  0.000000e+00 -1.132539e-01  2.812286e-01
 2.80000e+00  3.20000e+00       1.115e+09  6.074228e-01  0.000000e+00 -2.010564e-01  3.925772e-01
 3.50000e+00  3.20000e+00       3.601e+08  5.859633e-01  0.000000e+00 -2.489369e-01  4.140367e-01
 4.20000e+00  3.20000e+00       5.761e+07  5.256809e-01  0.000000e+00 -3.166103e-01  4.743191e-01
 4.90000e+00  3.20000e+00       4.573e+06  4.645045e-01  0.000000e+00 -3.859953e-01  5.354955e-01
 5.60000e+00  3.20000e+00       1.300e+05  6.465549e-01  0.000000e+00 -4.267497e-01  3.534451e-01
 6.30000e+00  3.20000e+00       5.117e+03 -7.409957e-01  0.000000e+00  3.126337e-01  2.590043e-01
 7.00000e+00  3.20000e+00       4.518e+02 -5.030742e-01  0.000000e+00  3.976071e-01  4.969258e-01
-7.00000e+00  3.60000e+00       2.140e+02 -4.824813e-01  0.000000e+00 -3.840530e-01  5.175187e-01
-6.30000e+00  3.60000e+00       3.163e+03 -5.150150e-01  0.000000e+00 -3.159341e-01  4.849850e-01
-5.60000e+00  3.60000e+00       3.227e+04  2.731846e-01  0.000000e+00 -1.669682e-01  7.268154e-01
-4.90000e+00  3.60000e+00       7.836e+05  9.563734e-01  0.000000e+00 -1.073981e-02  4.362663e-02
-4.20000e+00  3.60000e+00       1.266e+07  9.676895e-01  0.000000e+00  1.515209e-02  3.231048e-02
-3.50000e+00  3.60000e+00       9.781e+07  9.321519e-01  0.000000e+00  3.100375e-02  6.784815e-02
-2.80000e+00  3.60000e+00       3.460e+08  8.693742e-01  0.000000e+00  5.189982e-02  1.306258e-01
-2.10000e+00  3.60000e+00       1.173e+09  8.988178e-01  0.000000e+00  3.993276e-02  1.011822e-01
-1.40000e+00  3.60000e+00       4.173e+09  9.949574e-01  0.000000e+00  1.070265e-02  5.042561e-03
-7.00000e-01  3.60000e+00       7.714e+09  9.213232e-01  0.000000e+00 -2.738597e-03  7.867677e-02
 0.00000e+00  3.60000e+00       8.043e+09  8.720170e-01  0.000000e+00 -8.549654e-16  1.279830e-01
 7.00000e-01  3.60000e+00       7.714e+09  9.213232e-01  0.000000e+00  2.738597e-03  7.867677e-02
 1.40000e+00  3.60000e+00       4.173e+09  9.949574e-01  0.000000e+00 -1.070265e-02  5.042561e-03
 2.10000e+00  3.60000e+00       1.173e+09  8.988178e-01  0.000000e+00 -3.993276e-02  1.011822e-01
 2.80000e+00  3.60000e+00       3.460e+08  8.693742e-01  0.000000e+00 -5.189982e-02  1.306258e-01
 3.50000e+00  3.60000e+00       9.781e+07  9.321519e-01  0.000000e+00 -3.100375e-02  6.784815e-02
 4.20000e+00  3.60000e+00       1.266e+07  9.676895e-01  0.000000e+00 -1.515209e-02  3.231048e-02
 4.90000e+00  3.60000e+00       7.836e+05  9.563734e-01  0.000000e+00  1.073981e-02  4.362663e-02
 5.60000e+00  3.60000e+00       3.227e+04  2.731846e-01  0.000000e+00  1.669682e-01  7.268154e-01
 6.30000e+00  3.60000e+00       3.163e+03 -5.150150e-01  0.000000e+00  3.159341e-01  4.849850e-01
 7.00000e+00  3.60000e+00       2.140e+02 -4.824813e-01  0.000000e+00  3.840530e-01  5.175187e-01
-7.00000e+00  4.00000e+00       1.344e+02 -4.726882e-01  0.000000e+00 -3.300377e-01  5.273118e-01
-6.30000e+00  4.00000e+00       1.946e+03 -5.354904e-01  0.000000e+00 -2.700555e-01  4.645096e-01
-5.60000e+00  4.00000e+00       2.630e+04  4.376947e-01  0.000000e+00 -1.064190e-01  5.623053e-01
-4.90000e+00  4.00000e+00       6.701e+05  9.629799e-01  0.000000e+00 -9.112551e-03  3.702013e-02
-4.20000e+00  4.00000e+00       1.046e+07  9.902902e-01  0.000000e+00  2.283350e-03  9.709828e-03
-3.50000e+00  4.00000e+00       7.549e+07  9.875512e-01  0.000000e+00  3.266412e-03  1.244876e-02
-2.80000e+00  4.00000e+00       2.248e+08  9.984610e-01  0.000000e+00 -6.847510e-04  1.539029e-03
-2.10000e+00  4.00000e+00       7.609e+08  9.338926e-01  0.000000e+00 -8.957813e-03  6.610738e-02
-1.40000e+00  4.00000e+00       3.286e+09  9.049605e-01  0.000000e+00 -8.926710e-03  9.503948e-02
-7.00000e-01  4.00000e+00       6.397e+09  8.841629e-01  0.000000e+00 -9.077548e-03  1.158371e-01
 0.00000e+00  4.00000e+00       6.849e+09  8.617021e-01  0.000000e+00 -8.252769e-16  1.382979e-01
 7.00000e-01  4.00000e+00       6.397e+09  8.841629e-01  0.000000e+00  9.077548e-03  1.158371e-01
 1.40000e+00  4.00000e+00       3.286e+09  9.049605e-01  0.000000e+00  8.926710e-03  9.503948e-02
 2.10000e+00  4.00000e+00       7.609e+08  9.338926e-01  0.000000e+00  8.957813e-03  6.610738e-02
 2.80000e+00  4.00000e+00       2.248e+08  9.984610e-01  0.000000e+00  6.847510e-04  1.539029e-03
 3.50000e+00  4.00000e+00       7.549e+07  9.875512e-01  0.000000e+00 -3.266412e-03  1.244876e-02
 4.20000e+00  4.00000e+00       1.046e+07  9.902902e-01  0.000000e+00 -2.283350e-03  9.709828e-03
 4.90000e+00  4.00000e+00       6.701e+05  9.629799e-01  0.000000e+00  9.112551e-03  3.702013e-02
 5.60000e+00  4.00000e+00       2.630e+04  4.376947e-01  0.000000e+00  1.064190e-01  5.623053e-01
 6.30000e+00  4.00000e+00       1.946e+03 -5.354904e-01  0.000000e+00  2.700555e-01  4.645096e-01
 7.00000e+00  4.00000e+00       1.344e+02 -4.726882e-01  0.000000e+00  3.300380e-01  5.273118e-01
