 EB(GeV)    EMITTANCEx EMITTANCEy SIZEx(m)   SIZEy(m)   DIVx(rad)  DIVy(rad)
 2.411e+00  5.499e-09  1.017e-12  8.711e-05  1.009e-06  6.313e-05  1.009e-06
 betax      alphax     betay      alphay     eta        deta       E_spread  
 1.380e+00  0.000e+00  1.000e+00  0.000e+00  0.000e+00  0.000e+00  8.600e-04
 Ibeam(A)   period(cm) #periods   Kx         Ky         Energy(eV)
 4.005e-01  1.900e+00         96  0.000e+00  1.780e+00  3.485e+04


           x            y       F.Density            PL            PC          PL45        1-|PL|
          mm           mm  ph/s/mr^2/0.1%             -             -             -             -
-7.00000e+00 -4.00000e+00       1.838e+01  2.632834e-01  0.000000e+00  2.451864e-01  7.367166e-01
-6.30000e+00 -4.00000e+00       1.558e+02  7.628794e-01  0.000000e+00  7.184873e-02  2.371206e-01
-5.60000e+00 -4.00000e+00       3.167e+03  9.987813e-01  0.000000e+00  5.180248e-05  1.218730e-03
-4.90000e+00 -4.00000e+00       3.790e+04  9.761196e-01  0.000000e+00 -5.260075e-03  2.388036e-02
-4.20000e+00 -4.00000e+00       4.834e+05  9.759216e-01  0.000000e+00 -6.634896e-03  2.407843e-02
-3.50000e+00 -4.00000e+00       1.188e+07  9.977209e-01  0.000000e+00 -1.700456e-03  2.279054e-03
-2.80000e+00 -4.00000e+00       6.481e+07  9.953673e-01  0.000000e+00 -2.519071e-03  4.632702e-03
-2.10000e+00 -4.00000e+00       1.045e+08  9.689152e-01  0.000000e+00 -1.563623e-02  3.108476e-02
-1.40000e+00 -4.00000e+00       2.406e+07 -1.868463e-01  0.000000e+00 -2.710893e-01  8.131537e-01
-7.00000e-01 -4.00000e+00       1.542e+08  2.349915e-01  0.000000e+00 -6.028333e-02  7.650085e-01
 0.00000e+00 -4.00000e+00       1.484e+08 -2.801459e-01  0.000000e+00 -4.696801e-16  7.198541e-01
 7.00000e-01 -4.00000e+00       1.542e+08  2.349915e-01  0.000000e+00  6.028333e-02  7.650085e-01
 1.40000e+00 -4.00000e+00       2.406e+07 -1.868463e-01  0.000000e+00  2.710893e-01  8.131537e-01
 2.10000e+00 -4.00000e+00       1.045e+08  9.689152e-01  0.000000e+00  1.563623e-02  3.108476e-02
 2.80000e+00 -4.00000e+00       6.481e+07  9.953673e-01  0.000000e+00  2.519071e-03  4.632702e-03
 3.50000e+00 -4.00000e+00       1.188e+07  9.977209e-01  0.000000e+00  1.700456e-03  2.279054e-03
 4.20000e+00 -4.00000e+00       4.834e+05  9.759216e-01  0.000000e+00  6.634896e-03  2.407843e-02
 4.90000e+00 -4.00000e+00       3.790e+04  9.761196e-01  0.000000e+00  5.260075e-03  2.388036e-02
 5.60000e+00 -4.00000e+00       3.167e+03  9.987813e-01  0.000000e+00 -5.180248e-05  1.218730e-03
 6.30000e+00 -4.00000e+00       1.558e+02  7.628794e-01  0.000000e+00 -7.184873e-02  2.371206e-01
 7.00000e+00 -4.00000e+00       1.838e+01  2.632821e-01  0.000000e+00 -2.451881e-01  7.367179e-01
-7.00000e+00 -3.60000e+00       2.131e+01  1.469547e-01  0.000000e+00  3.962331e-01  8.530453e-01
-6.30000e+00 -3.60000e+00       1.762e+02  7.984537e-01  0.000000e+00  7.029169e-02  2.015463e-01
-5.60000e+00 -3.60000e+00       3.666e+03  9.996647e-01  0.000000e+00 -1.032890e-03  3.352533e-04
-4.90000e+00 -3.60000e+00       4.384e+04  9.761287e-01  0.000000e+00 -6.632335e-03  2.387128e-02
-4.20000e+00 -3.60000e+00       5.612e+05  9.760166e-01  0.000000e+00 -8.441546e-03  2.398339e-02
-3.50000e+00 -3.60000e+00       1.377e+07  9.976754e-01  0.000000e+00 -2.147791e-03  2.324630e-03
-2.80000e+00 -3.60000e+00       7.504e+07  9.959297e-01  0.000000e+00 -3.056310e-03  4.070333e-03
-2.10000e+00 -3.60000e+00       1.188e+08  9.781609e-01  0.000000e+00 -1.797362e-02  2.183906e-02
-1.40000e+00 -3.60000e+00       3.725e+07  3.405492e-01  0.000000e+00 -2.010636e-01  6.594508e-01
-7.00000e-01 -3.60000e+00       1.962e+08  3.734081e-01  0.000000e+00 -4.641282e-02  6.265919e-01
 0.00000e+00 -3.60000e+00       1.845e+08 -1.574476e-01  0.000000e+00 -9.238248e-16  8.425524e-01
 7.00000e-01 -3.60000e+00       1.962e+08  3.734081e-01  0.000000e+00  4.641282e-02  6.265919e-01
 1.40000e+00 -3.60000e+00       3.725e+07  3.405492e-01  0.000000e+00  2.010636e-01  6.594508e-01
 2.10000e+00 -3.60000e+00       1.188e+08  9.781609e-01  0.000000e+00  1.797362e-02  2.183906e-02
 2.80000e+00 -3.60000e+00       7.504e+07  9.959297e-01  0.000000e+00  3.056310e-03  4.070333e-03
 3.50000e+00 -3.60000e+00       1.377e+07  9.976754e-01  0.000000e+00  2.147791e-03  2.324630e-03
 4.20000e+00 -3.60000e+00       5.612e+05  9.760166e-01  0.000000e+00  8.441546e-03  2.398339e-02
 4.90000e+00 -3.60000e+00       4.384e+04  9.761287e-01  0.000000e+00  6.632335e-03  2.387128e-02
 5.60000e+00 -3.60000e+00       3.666e+03  9.996647e-01  0.000000e+00  1.032890e-03  3.352533e-04
 6.30000e+00 -3.60000e+00       1.762e+02  7.984537e-01  0.000000e+00 -7.029169e-02  2.015463e-01
 7.00000e+00 -3.60000e+00       2.131e+01  1.469547e-01  0.000000e+00 -3.962331e-01  8.530453e-01
-7.00000e+00 -3.20000e+00       2.494e+01 -2.549789e-02  0.000000e+00  6.124760e-01  9.745021e-01
-6.30000e+00 -3.20000e+00       2.079e+02  8.139466e-01  0.000000e+00  7.468978e-02  1.860534e-01
-5.60000e+00 -3.20000e+00       4.386e+03  9.998063e-01  0.000000e+00 -2.353364e-03  1.936845e-04
-4.90000e+00 -3.20000e+00       5.233e+04  9.769446e-01  0.000000e+00 -8.734447e-03  2.305539e-02
-4.20000e+00 -3.20000e+00       6.741e+05  9.763239e-01  0.000000e+00 -1.079721e-02  2.367607e-02
-3.50000e+00 -3.20000e+00       1.652e+07  9.979910e-01  0.000000e+00 -2.765100e-03  2.008961e-03
-2.80000e+00 -3.20000e+00       9.044e+07  9.930803e-01  0.000000e+00 -4.225442e-03  6.919718e-03
-2.10000e+00 -3.20000e+00       1.495e+08  9.545709e-01  0.000000e+00 -2.459686e-02  4.542909e-02
-1.40000e+00 -3.20000e+00       2.806e+07 -6.774721e-01  0.000000e+00 -4.651650e-01  3.225279e-01
-7.00000e-01 -3.20000e+00       1.981e+08  5.969557e-02  0.000000e+00 -7.776384e-02  9.403044e-01
 0.00000e+00 -3.20000e+00       1.714e+08 -7.951599e-01  0.000000e+00 -1.031161e-15  2.048401e-01
 7.00000e-01 -3.20000e+00       1.981e+08  5.969557e-02  0.000000e+00  7.776384e-02  9.403044e-01
 1.40000e+00 -3.20000e+00       2.806e+07 -6.774721e-01  0.000000e+00  4.651650e-01  3.225279e-01
 2.10000e+00 -3.20000e+00       1.495e+08  9.545709e-01  0.000000e+00  2.459686e-02  4.542909e-02
 2.80000e+00 -3.20000e+00       9.044e+07  9.930803e-01  0.000000e+00  4.225442e-03  6.919718e-03
 3.50000e+00 -3.20000e+00       1.652e+07  9.979910e-01  0.000000e+00  2.765100e-03  2.008961e-03
 4.20000e+00 -3.20000e+00       6.741e+05  9.763239e-01  0.000000e+00  1.079721e-02  2.367607e-02
 4.90000e+00 -3.20000e+00       5.233e+04  9.769446e-01  0.000000e+00  8.734447e-03  2.305539e-02
 5.60000e+00 -3.20000e+00       4.386e+03  9.998063e-01  0.000000e+00  2.353364e-03  1.936845e-04
 6.30000e+00 -3.20000e+00       2.079e+02  8.139466e-01  0.000000e+00 -7.468978e-02  1.860534e-01
 7.00000e+00 -3.20000e+00       2.494e+01 -2.549789e-02  0.000000e+00 -6.124760e-01  9.745021e-01
-7.00000e+00 -2.80000e+00       2.665e+01  1.247049e-01  0.000000e+00  6.034241e-01  8.752951e-01
-6.30000e+00 -2.80000e+00       2.465e+02  7.954994e-01  0.000000e+00  3.405178e-02  2.045006e-01
-5.60000e+00 -2.80000e+00       4.072e+03  5.431587e-01  0.000000e+00 -3.203451e-01  4.568413e-01
-4.90000e+00 -2.80000e+00       9.983e+04  6.926941e-02  0.000000e+00 -6.615332e-01  9.307306e-01
-4.20000e+00 -2.80000e+00       3.377e+06  5.740850e-01  0.000000e+00 -2.990385e-01  4.259150e-01
-3.50000e+00 -2.80000e+00       3.404e+07  7.795200e-01  0.000000e+00 -1.439411e-01  2.204800e-01
-2.80000e+00 -2.80000e+00       1.543e+08  8.538716e-01  0.000000e+00 -6.657148e-02  1.461284e-01
-2.10000e+00 -2.80000e+00       3.367e+08  7.506954e-01  0.000000e+00 -6.791182e-02  2.493046e-01
-1.40000e+00 -2.80000e+00       4.116e+08  3.858878e-01  0.000000e+00 -1.198243e-01  6.141122e-01
-7.00000e-01 -2.80000e+00       3.860e+08 -1.106668e-01  0.000000e+00 -1.297472e-01  8.893332e-01
 0.00000e+00 -2.80000e+00       3.667e+08 -2.884672e-01  0.000000e+00 -8.844512e-16  7.115328e-01
 7.00000e-01 -2.80000e+00       3.860e+08 -1.106668e-01  0.000000e+00  1.297472e-01  8.893332e-01
 1.40000e+00 -2.80000e+00       4.116e+08  3.858878e-01  0.000000e+00  1.198243e-01  6.141122e-01
 2.10000e+00 -2.80000e+00       3.367e+08  7.506954e-01  0.000000e+00  6.791182e-02  2.493046e-01
 2.80000e+00 -2.80000e+00       1.543e+08  8.538716e-01  0.000000e+00  6.657148e-02  1.461284e-01
 3.50000e+00 -2.80000e+00       3.404e+07  7.795200e-01  0.000000e+00  1.439411e-01  2.204800e-01
 4.20000e+00 -2.80000e+00       3.377e+06  5.740850e-01  0.000000e+00  2.990385e-01  4.259150e-01
 4.90000e+00 -2.80000e+00       9.983e+04  6.926941e-02  0.000000e+00  6.615332e-01  9.307306e-01
 5.60000e+00 -2.80000e+00       4.072e+03  5.431587e-01  0.000000e+00  3.203451e-01  4.568413e-01
 6.30000e+00 -2.80000e+00       2.465e+02  7.954994e-01  0.000000e+00 -3.405178e-02  2.045006e-01
 7.00000e+00 -2.80000e+00       2.665e+01  1.247049e-01  0.000000e+00 -6.034241e-01  8.752951e-01
-7.00000e+00 -2.40000e+00       3.017e+01  3.135448e-01  0.000000e+00  5.470813e-01  6.864552e-01
-6.30000e+00 -2.40000e+00       3.097e+02  7.869803e-01  0.000000e+00  1.407692e-02  2.130197e-01
-5.60000e+00 -2.40000e+00       3.063e+03 -6.449514e-01  0.000000e+00 -1.012844e+00  3.550486e-01
-4.90000e+00 -2.40000e+00       6.983e+05  4.515412e-01  0.000000e+00 -3.321282e-01  5.484588e-01
-4.20000e+00 -2.40000e+00       2.042e+07  5.386327e-01  0.000000e+00 -2.695420e-01  4.613673e-01
-3.50000e+00 -2.40000e+00       1.897e+08  5.849529e-01  0.000000e+00 -2.260075e-01  4.150471e-01
-2.80000e+00 -2.40000e+00       7.055e+08  6.208163e-01  0.000000e+00 -1.720337e-01  3.791837e-01
-2.10000e+00 -2.40000e+00       1.380e+09  6.023334e-01  0.000000e+00 -1.219590e-01  3.976666e-01
-1.40000e+00 -2.40000e+00       1.821e+09  4.910834e-01  0.000000e+00 -9.347593e-02  5.089166e-01
-7.00000e-01 -2.40000e+00       2.245e+09  3.865410e-01  0.000000e+00 -5.042954e-02  6.134590e-01
 0.00000e+00 -2.40000e+00       2.690e+09  3.814272e-01  0.000000e+00 -1.268106e-16  6.185728e-01
 7.00000e-01 -2.40000e+00       2.245e+09  3.865410e-01  0.000000e+00  5.042954e-02  6.134590e-01
 1.40000e+00 -2.40000e+00       1.821e+09  4.910834e-01  0.000000e+00  9.347593e-02  5.089166e-01
 2.10000e+00 -2.40000e+00       1.380e+09  6.023334e-01  0.000000e+00  1.219590e-01  3.976666e-01
 2.80000e+00 -2.40000e+00       7.055e+08  6.208163e-01  0.000000e+00  1.720337e-01  3.791837e-01
 3.50000e+00 -2.40000e+00       1.897e+08  5.849529e-01  0.000000e+00  2.260075e-01  4.150471e-01
 4.20000e+00 -2.40000e+00       2.042e+07  5.386327e-01  0.000000e+00  2.695420e-01  4.613673e-01
 4.90000e+00 -2.40000e+00       6.983e+05  4.515412e-01  0.000000e+00  3.321282e-01  5.484588e-01
 5.60000e+00 -2.40000e+00       3.063e+03 -6.449514e-01  0.000000e+00  1.012844e+00  3.550486e-01
 6.30000e+00 -2.40000e+00       3.097e+02  7.869803e-01  0.000000e+00 -1.407692e-02  2.130197e-01
 7.00000e+00 -2.40000e+00       3.017e+01  3.135448e-01  0.000000e+00 -5.470813e-01  6.864552e-01
-7.00000e+00 -2.00000e+00       2.153e+02  1.330501e-01  0.000000e+00 -3.663295e-01  8.669499e-01
-6.30000e+00 -2.00000e+00       3.102e+04  3.262006e-01  0.000000e+00 -5.326601e-01  6.737994e-01
-5.60000e+00 -2.00000e+00       1.365e+06  3.343196e-01  0.000000e+00 -5.295446e-01  6.656804e-01
-4.90000e+00 -2.00000e+00       1.874e+07  3.472911e-01  0.000000e+00 -5.142621e-01  6.527089e-01
-4.20000e+00 -2.00000e+00       1.026e+08  4.210931e-01  0.000000e+00 -4.248929e-01  5.789069e-01
-3.50000e+00 -2.00000e+00       4.652e+08  5.697068e-01  0.000000e+00 -2.321466e-01  4.302932e-01
-2.80000e+00 -2.00000e+00       1.849e+09  6.212822e-01  0.000000e+00 -1.410143e-01  3.787178e-01
-2.10000e+00 -2.00000e+00       3.877e+09  6.091500e-01  0.000000e+00 -1.075823e-01  3.908500e-01
-1.40000e+00 -2.00000e+00       4.511e+09  5.498947e-01  0.000000e+00 -8.250803e-02  4.501053e-01
-7.00000e-01 -2.00000e+00       3.989e+09  4.635285e-01  0.000000e+00 -5.202394e-02  5.364715e-01
 0.00000e+00 -2.00000e+00       3.685e+09  4.305597e-01  0.000000e+00  1.813701e-15  5.694403e-01
 7.00000e-01 -2.00000e+00       3.989e+09  4.635285e-01  0.000000e+00  5.202394e-02  5.364715e-01
 1.40000e+00 -2.00000e+00       4.511e+09  5.498947e-01  0.000000e+00  8.250803e-02  4.501053e-01
 2.10000e+00 -2.00000e+00       3.877e+09  6.091500e-01  0.000000e+00  1.075823e-01  3.908500e-01
 2.80000e+00 -2.00000e+00       1.849e+09  6.212822e-01  0.000000e+00  1.410143e-01  3.787178e-01
 3.50000e+00 -2.00000e+00       4.652e+08  5.697068e-01  0.000000e+00  2.321466e-01  4.302932e-01
 4.20000e+00 -2.00000e+00       1.026e+08  4.210931e-01  0.000000e+00  4.248929e-01  5.789069e-01
 4.90000e+00 -2.00000e+00       1.874e+07  3.472911e-01  0.000000e+00  5.142621e-01  6.527089e-01
 5.60000e+00 -2.00000e+00       1.365e+06  3.343196e-01  0.000000e+00  5.295446e-01  6.656804e-01
 6.30000e+00 -2.00000e+00       3.102e+04  3.262006e-01  0.000000e+00  5.326601e-01  6.737994e-01
 7.00000e+00 -2.00000e+00       2.153e+02  1.330501e-01  0.000000e+00  3.663295e-01  8.669499e-01
-7.00000e+00 -1.60000e+00       3.798e+01 -5.031308e-01  0.000000e+00  4.510921e-02  4.968692e-01
-6.30000e+00 -1.60000e+00       1.260e+04  4.972153e-01  0.000000e+00 -4.330788e-01  5.027847e-01
-5.60000e+00 -1.60000e+00       8.778e+05  5.317304e-01  0.000000e+00 -4.013434e-01  4.682696e-01
-4.90000e+00 -1.60000e+00       2.127e+07  5.585495e-01  0.000000e+00 -3.610766e-01  4.414505e-01
-4.20000e+00 -1.60000e+00       2.100e+08  5.942288e-01  0.000000e+00 -2.957971e-01  4.057712e-01
-3.50000e+00 -1.60000e+00       1.038e+09  6.312552e-01  0.000000e+00 -2.063969e-01  3.687448e-01
-2.80000e+00 -1.60000e+00       3.150e+09  6.411057e-01  0.000000e+00 -1.189660e-01  3.588943e-01
-2.10000e+00 -1.60000e+00       6.565e+09  5.868056e-01  0.000000e+00 -5.639958e-02  4.131944e-01
-1.40000e+00 -1.60000e+00       1.046e+10  4.888547e-01  0.000000e+00 -2.272178e-02  5.111453e-01
-7.00000e-01 -1.60000e+00       1.463e+10  4.451951e-01  0.000000e+00 -2.046911e-02  5.548049e-01
 0.00000e+00 -1.60000e+00       1.696e+10  4.470385e-01  0.000000e+00  4.808456e-15  5.529615e-01
 7.00000e-01 -1.60000e+00       1.463e+10  4.451951e-01  0.000000e+00  2.046911e-02  5.548049e-01
 1.40000e+00 -1.60000e+00       1.046e+10  4.888547e-01  0.000000e+00  2.272178e-02  5.111453e-01
 2.10000e+00 -1.60000e+00       6.565e+09  5.868056e-01  0.000000e+00  5.639958e-02  4.131944e-01
 2.80000e+00 -1.60000e+00       3.150e+09  6.411057e-01  0.000000e+00  1.189660e-01  3.588943e-01
 3.50000e+00 -1.60000e+00       1.038e+09  6.312552e-01  0.000000e+00  2.063969e-01  3.687448e-01
 4.20000e+00 -1.60000e+00       2.100e+08  5.942288e-01  0.000000e+00  2.957971e-01  4.057712e-01
 4.90000e+00 -1.60000e+00       2.127e+07  5.585495e-01  0.000000e+00  3.610766e-01  4.414505e-01
 5.60000e+00 -1.60000e+00       8.778e+05  5.317304e-01  0.000000e+00  4.013434e-01  4.682696e-01
 6.30000e+00 -1.60000e+00       1.260e+04  4.972153e-01  0.000000e+00  4.330788e-01  5.027847e-01
 7.00000e+00 -1.60000e+00       3.798e+01 -5.031308e-01  0.000000e+00 -4.510921e-02  4.968692e-01
-7.00000e+00 -1.20000e+00       4.493e+02  5.818218e-01  0.000000e+00 -9.104520e-02  4.181782e-01
-6.30000e+00 -1.20000e+00       5.997e+04  6.188810e-01  0.000000e+00 -1.548974e-01  3.811190e-01
-5.60000e+00 -1.20000e+00       2.997e+06  6.108389e-01  0.000000e+00 -1.473846e-01  3.891611e-01
-4.90000e+00 -1.20000e+00       7.015e+07  6.214524e-01  0.000000e+00 -9.973674e-02  3.785476e-01
-4.20000e+00 -1.20000e+00       9.046e+08  6.288536e-01  0.000000e+00 -5.836219e-02  3.711464e-01
-3.50000e+00 -1.20000e+00       6.988e+09  6.279347e-01  0.000000e+00 -3.017589e-02  3.720653e-01
-2.80000e+00 -1.20000e+00       3.329e+10  6.269453e-01  0.000000e+00  1.328542e-02  3.730547e-01
-2.10000e+00 -1.20000e+00       1.048e+11  6.466104e-01  0.000000e+00  8.198288e-02  3.533896e-01
-1.40000e+00 -1.20000e+00       2.383e+11  6.644566e-01  0.000000e+00  1.301203e-01  3.355434e-01
-7.00000e-01 -1.20000e+00       4.226e+11  6.466056e-01  0.000000e+00  8.537641e-02  3.533944e-01
 0.00000e+00 -1.20000e+00       5.351e+11  6.358870e-01  0.000000e+00 -8.446891e-15  3.641130e-01
 7.00000e-01 -1.20000e+00       4.226e+11  6.466056e-01  0.000000e+00 -8.537641e-02  3.533944e-01
 1.40000e+00 -1.20000e+00       2.383e+11  6.644566e-01  0.000000e+00 -1.301203e-01  3.355434e-01
 2.10000e+00 -1.20000e+00       1.048e+11  6.466104e-01  0.000000e+00 -8.198288e-02  3.533896e-01
 2.80000e+00 -1.20000e+00       3.329e+10  6.269453e-01  0.000000e+00 -1.328542e-02  3.730547e-01
 3.50000e+00 -1.20000e+00       6.988e+09  6.279347e-01  0.000000e+00  3.017589e-02  3.720653e-01
 4.20000e+00 -1.20000e+00       9.046e+08  6.288536e-01  0.000000e+00  5.836219e-02  3.711464e-01
 4.90000e+00 -1.20000e+00       7.015e+07  6.214524e-01  0.000000e+00  9.973674e-02  3.785476e-01
 5.60000e+00 -1.20000e+00       2.997e+06  6.108389e-01  0.000000e+00  1.473846e-01  3.891611e-01
 6.30000e+00 -1.20000e+00       5.997e+04  6.188810e-01  0.000000e+00  1.548974e-01  3.811190e-01
 7.00000e+00 -1.20000e+00       4.493e+02  5.818218e-01  0.000000e+00  9.104520e-02  4.181782e-01
-7.00000e+00 -8.00000e-01       8.916e+03  7.464119e-01  0.000000e+00 -8.471881e-02  2.535881e-01
-6.30000e+00 -8.00000e-01       1.084e+06  7.994702e-01  0.000000e+00 -7.890437e-02  2.005298e-01
-5.60000e+00 -8.00000e-01       5.539e+07  8.032986e-01  0.000000e+00 -2.034792e-02  1.967014e-01
-4.90000e+00 -8.00000e-01       1.325e+09  7.829004e-01  0.000000e+00  1.181508e-02  2.170996e-01
-4.20000e+00 -8.00000e-01       1.666e+10  7.715379e-01  0.000000e+00  1.636411e-02  2.284621e-01
-3.50000e+00 -8.00000e-01       1.165e+11  7.765325e-01  0.000000e+00  1.765858e-02  2.234675e-01
-2.80000e+00 -8.00000e-01       4.857e+11  7.924894e-01  0.000000e+00  3.024702e-02  2.075106e-01
-2.10000e+00 -8.00000e-01       1.351e+12  8.181972e-01  0.000000e+00  6.736842e-02  1.818028e-01
-1.40000e+00 -8.00000e-01       2.681e+12  8.318549e-01  0.000000e+00  1.105515e-01  1.681451e-01
-7.00000e-01 -8.00000e-01       3.554e+12  7.882902e-01  0.000000e+00  1.021229e-01  2.117098e-01
 0.00000e+00 -8.00000e-01       3.616e+12  7.410081e-01  0.000000e+00  7.843549e-15  2.589919e-01
 7.00000e-01 -8.00000e-01       3.554e+12  7.882902e-01  0.000000e+00 -1.021229e-01  2.117098e-01
 1.40000e+00 -8.00000e-01       2.681e+12  8.318549e-01  0.000000e+00 -1.105515e-01  1.681451e-01
 2.10000e+00 -8.00000e-01       1.351e+12  8.181972e-01  0.000000e+00 -6.736842e-02  1.818028e-01
 2.80000e+00 -8.00000e-01       4.857e+11  7.924894e-01  0.000000e+00 -3.024702e-02  2.075106e-01
 3.50000e+00 -8.00000e-01       1.165e+11  7.765325e-01  0.000000e+00 -1.765858e-02  2.234675e-01
 4.20000e+00 -8.00000e-01       1.666e+10  7.715379e-01  0.000000e+00 -1.636411e-02  2.284621e-01
 4.90000e+00 -8.00000e-01       1.325e+09  7.829004e-01  0.000000e+00 -1.181508e-02  2.170996e-01
 5.60000e+00 -8.00000e-01       5.539e+07  8.032986e-01  0.000000e+00  2.034792e-02  1.967014e-01
 6.30000e+00 -8.00000e-01       1.084e+06  7.994702e-01  0.000000e+00  7.890437e-02  2.005298e-01
 7.00000e+00 -8.00000e-01       8.916e+03  7.464119e-01  0.000000e+00  8.471882e-02  2.535881e-01
-7.00000e+00 -4.00000e-01       7.393e+04  9.267902e-01  0.000000e+00  7.170747e-02  7.320984e-02
-6.30000e+00 -4.00000e-01       6.753e+06  9.184889e-01  0.000000e+00  5.136766e-03  8.151114e-02
-5.60000e+00 -4.00000e-01       3.278e+08  9.308209e-01  0.000000e+00 -2.703945e-02  6.917910e-02
-4.90000e+00 -4.00000e-01       7.545e+09  9.388332e-01  0.000000e+00 -1.544913e-02  6.116683e-02
-4.20000e+00 -4.00000e-01       8.497e+10  9.386340e-01  0.000000e+00 -4.789464e-03  6.136603e-02
-3.50000e+00 -4.00000e-01       5.341e+11  9.378687e-01  0.000000e+00 -3.460006e-03  6.213129e-02
-2.80000e+00 -4.00000e-01       2.049e+12  9.376832e-01  0.000000e+00  3.350801e-03  6.231678e-02
-2.10000e+00 -4.00000e-01       5.220e+12  9.383364e-01  0.000000e+00  3.677948e-02  6.166358e-02
-1.40000e+00 -4.00000e-01       9.717e+12  9.457093e-01  0.000000e+00  9.351995e-02  5.429073e-02
-7.00000e-01 -4.00000e-01       1.282e+13  9.588742e-01  0.000000e+00  9.753341e-02  4.112577e-02
 0.00000e+00 -4.00000e-01       1.289e+13  9.663630e-01  0.000000e+00 -8.215878e-16  3.363699e-02
 7.00000e-01 -4.00000e-01       1.282e+13  9.588742e-01  0.000000e+00 -9.753341e-02  4.112577e-02
 1.40000e+00 -4.00000e-01       9.717e+12  9.457093e-01  0.000000e+00 -9.351995e-02  5.429073e-02
 2.10000e+00 -4.00000e-01       5.220e+12  9.383364e-01  0.000000e+00 -3.677948e-02  6.166358e-02
 2.80000e+00 -4.00000e-01       2.049e+12  9.376832e-01  0.000000e+00 -3.350801e-03  6.231678e-02
 3.50000e+00 -4.00000e-01       5.341e+11  9.378687e-01  0.000000e+00  3.460006e-03  6.213129e-02
 4.20000e+00 -4.00000e-01       8.497e+10  9.386340e-01  0.000000e+00  4.789464e-03  6.136603e-02
 4.90000e+00 -4.00000e-01       7.545e+09  9.388332e-01  0.000000e+00  1.544913e-02  6.116683e-02
 5.60000e+00 -4.00000e-01       3.278e+08  9.308209e-01  0.000000e+00  2.703945e-02  6.917910e-02
 6.30000e+00 -4.00000e-01       6.753e+06  9.184889e-01  0.000000e+00 -5.136766e-03  8.151114e-02
 7.00000e+00 -4.00000e-01       7.393e+04  9.267902e-01  0.000000e+00 -7.170747e-02  7.320984e-02
-7.00000e+00  0.00000e+00       1.484e+06  9.999985e-01  0.000000e+00  1.387915e-13  1.509851e-06
-6.30000e+00  0.00000e+00       2.366e+07  9.999868e-01  0.000000e+00  8.162488e-15  1.322391e-05
-5.60000e+00  0.00000e+00       7.508e+08  9.999767e-01  0.000000e+00 -1.035146e-14  2.327377e-05
-4.90000e+00  0.00000e+00       1.694e+10  9.999788e-01  0.000000e+00 -1.137854e-13  2.119041e-05
-4.20000e+00  0.00000e+00       1.991e+11  9.999823e-01  0.000000e+00 -7.093538e-13  1.774912e-05
-3.50000e+00  0.00000e+00       1.218e+12  9.999736e-01  0.000000e+00 -2.575123e-12  2.635997e-05
-2.80000e+00  0.00000e+00       4.088e+12  9.999504e-01  0.000000e+00 -5.217926e-12  4.963640e-05
-2.10000e+00  0.00000e+00       1.025e+13  9.999434e-01  0.000000e+00 -4.462265e-12  5.658429e-05
-1.40000e+00  0.00000e+00       2.450e+13  9.999653e-01  0.000000e+00 -1.287586e-12  3.465938e-05
-7.00000e-01  0.00000e+00       4.571e+13  9.999781e-01  0.000000e+00 -8.007146e-14  2.192347e-05
 0.00000e+00  0.00000e+00       5.761e+13  9.999791e-01  0.000000e+00  7.051670e-18  2.088155e-05
 7.00000e-01  0.00000e+00       4.571e+13  9.999781e-01  0.000000e+00  8.010212e-14  2.192347e-05
 1.40000e+00  0.00000e+00       2.450e+13  9.999653e-01  0.000000e+00  1.287648e-12  3.465938e-05
 2.10000e+00  0.00000e+00       1.025e+13  9.999434e-01  0.000000e+00  4.462324e-12  5.658429e-05
 2.80000e+00  0.00000e+00       4.088e+12  9.999504e-01  0.000000e+00  5.217981e-12  4.963640e-05
 3.50000e+00  0.00000e+00       1.218e+12  9.999736e-01  0.000000e+00  2.575167e-12  2.635997e-05
 4.20000e+00  0.00000e+00       1.991e+11  9.999823e-01  0.000000e+00  7.093577e-13  1.774912e-05
 4.90000e+00  0.00000e+00       1.694e+10  9.999788e-01  0.000000e+00  1.137236e-13  2.119041e-05
 5.60000e+00  0.00000e+00       7.508e+08  9.999767e-01  0.000000e+00  1.073788e-14  2.327377e-05
 6.30000e+00  0.00000e+00       2.366e+07  9.999868e-01  0.000000e+00  1.265551e-14  1.322391e-05
 7.00000e+00  0.00000e+00       1.484e+06  9.999985e-01  0.000000e+00 -2.489164e-13  1.509851e-06
-7.00000e+00  4.00000e-01       7.393e+04  9.267902e-01  0.000000e+00 -7.170747e-02  7.320984e-02
-6.30000e+00  4.00000e-01       6.753e+06  9.184889e-01  0.000000e+00 -5.136766e-03  8.151114e-02
-5.60000e+00  4.00000e-01       3.278e+08  9.308209e-01  0.000000e+00  2.703945e-02  6.917910e-02
-4.90000e+00  4.00000e-01       7.545e+09  9.388332e-01  0.000000e+00  1.544913e-02  6.116683e-02
-4.20000e+00  4.00000e-01       8.497e+10  9.386340e-01  0.000000e+00  4.789464e-03  6.136603e-02
-3.50000e+00  4.00000e-01       5.341e+11  9.378687e-01  0.000000e+00  3.460006e-03  6.213129e-02
-2.80000e+00  4.00000e-01       2.049e+12  9.376832e-01  0.000000e+00 -3.350801e-03  6.231678e-02
-2.10000e+00  4.00000e-01       5.220e+12  9.383364e-01  0.000000e+00 -3.677948e-02  6.166358e-02
-1.40000e+00  4.00000e-01       9.717e+12  9.457093e-01  0.000000e+00 -9.351995e-02  5.429073e-02
-7.00000e-01  4.00000e-01       1.282e+13  9.588742e-01  0.000000e+00 -9.753341e-02  4.112577e-02
 0.00000e+00  4.00000e-01       1.289e+13  9.663630e-01  0.000000e+00  8.282884e-16  3.363699e-02
 7.00000e-01  4.00000e-01       1.282e+13  9.588742e-01  0.000000e+00  9.753341e-02  4.112577e-02
 1.40000e+00  4.00000e-01       9.717e+12  9.457093e-01  0.000000e+00  9.351995e-02  5.429073e-02
 2.10000e+00  4.00000e-01       5.220e+12  9.383364e-01  0.000000e+00  3.677948e-02  6.166358e-02
 2.80000e+00  4.00000e-01       2.049e+12  9.376832e-01  0.000000e+00  3.350801e-03  6.231678e-02
 3.50000e+00  4.00000e-01       5.341e+11  9.378687e-01  0.000000e+00 -3.460006e-03  6.213129e-02
 4.20000e+00  4.00000e-01       8.497e+10  9.386340e-01  0.000000e+00 -4.789464e-03  6.136603e-02
 4.90000e+00  4.00000e-01       7.545e+09  9.388332e-01  0.000000e+00 -1.544913e-02  6.116683e-02
 5.60000e+00  4.00000e-01       3.278e+08  9.308209e-01  0.000000e+00 -2.703945e-02  6.917910e-02
 6.30000e+00  4.00000e-01       6.753e+06  9.184889e-01  0.000000e+00  5.136766e-03  8.151114e-02
 7.00000e+00  4.00000e-01       7.393e+04  9.267902e-01  0.000000e+00  7.170747e-02  7.320984e-02
-7.00000e+00  8.00000e-01       8.916e+03  7.464119e-01  0.000000e+00  8.471881e-02  2.535881e-01
-6.30000e+00  8.00000e-01       1.084e+06  7.994702e-01  0.000000e+00  7.890437e-02  2.005298e-01
-5.60000e+00  8.00000e-01       5.539e+07  8.032986e-01  0.000000e+00  2.034792e-02  1.967014e-01
-4.90000e+00  8.00000e-01       1.325e+09  7.829004e-01  0.000000e+00 -1.181508e-02  2.170996e-01
-4.20000e+00  8.00000e-01       1.666e+10  7.715379e-01  0.000000e+00 -1.636411e-02  2.284621e-01
-3.50000e+00  8.00000e-01       1.165e+11  7.765325e-01  0.000000e+00 -1.765858e-02  2.234675e-01
-2.80000e+00  8.00000e-01       4.857e+11  7.924894e-01  0.000000e+00 -3.024702e-02  2.075106e-01
-2.10000e+00  8.00000e-01       1.351e+12  8.181972e-01  0.000000e+00 -6.736842e-02  1.818028e-01
-1.40000e+00  8.00000e-01       2.681e+12  8.318549e-01  0.000000e+00 -1.105515e-01  1.681451e-01
-7.00000e-01  8.00000e-01       3.554e+12  7.882902e-01  0.000000e+00 -1.021229e-01  2.117098e-01
 0.00000e+00  8.00000e-01       3.616e+12  7.410081e-01  0.000000e+00  1.936226e-15  2.589919e-01
 7.00000e-01  8.00000e-01       3.554e+12  7.882902e-01  0.000000e+00  1.021229e-01  2.117098e-01
 1.40000e+00  8.00000e-01       2.681e+12  8.318549e-01  0.000000e+00  1.105515e-01  1.681451e-01
 2.10000e+00  8.00000e-01       1.351e+12  8.181972e-01  0.000000e+00  6.736842e-02  1.818028e-01
 2.80000e+00  8.00000e-01       4.857e+11  7.924894e-01  0.000000e+00  3.024702e-02  2.075106e-01
 3.50000e+00  8.00000e-01       1.165e+11  7.765325e-01  0.000000e+00  1.765858e-02  2.234675e-01
 4.20000e+00  8.00000e-01       1.666e+10  7.715379e-01  0.000000e+00  1.636411e-02  2.284621e-01
 4.90000e+00  8.00000e-01       1.325e+09  7.829004e-01  0.000000e+00  1.181508e-02  2.170996e-01
 5.60000e+00  8.00000e-01       5.539e+07  8.032986e-01  0.000000e+00 -2.034792e-02  1.967014e-01
 6.30000e+00  8.00000e-01       1.084e+06  7.994702e-01  0.000000e+00 -7.890437e-02  2.005298e-01
 7.00000e+00  8.00000e-01       8.916e+03  7.464119e-01  0.000000e+00 -8.471882e-02  2.535881e-01
-7.00000e+00  1.20000e+00       4.493e+02  5.818217e-01  0.000000e+00  9.104520e-02  4.181783e-01
-6.30000e+00  1.20000e+00       5.997e+04  6.188810e-01  0.000000e+00  1.548974e-01  3.811190e-01
-5.60000e+00  1.20000e+00       2.997e+06  6.108389e-01  0.000000e+00  1.473846e-01  3.891611e-01
-4.90000e+00  1.20000e+00       7.015e+07  6.214524e-01  0.000000e+00  9.973674e-02  3.785476e-01
-4.20000e+00  1.20000e+00       9.046e+08  6.288536e-01  0.000000e+00  5.836219e-02  3.711464e-01
-3.50000e+00  1.20000e+00       6.988e+09  6.279347e-01  0.000000e+00  3.017589e-02  3.720653e-01
-2.80000e+00  1.20000e+00       3.329e+10  6.269453e-01  0.000000e+00 -1.328542e-02  3.730547e-01
-2.10000e+00  1.20000e+00       1.048e+11  6.466104e-01  0.000000e+00 -8.198288e-02  3.533896e-01
-1.40000e+00  1.20000e+00       2.383e+11  6.644566e-01  0.000000e+00 -1.301203e-01  3.355434e-01
-7.00000e-01  1.20000e+00       4.226e+11  6.466056e-01  0.000000e+00 -8.537641e-02  3.533944e-01
 0.00000e+00  1.20000e+00       5.351e+11  6.358870e-01  0.000000e+00 -8.057082e-16  3.641130e-01
 7.00000e-01  1.20000e+00       4.226e+11  6.466056e-01  0.000000e+00  8.537641e-02  3.533944e-01
 1.40000e+00  1.20000e+00       2.383e+11  6.644566e-01  0.000000e+00  1.301203e-01  3.355434e-01
 2.10000e+00  1.20000e+00       1.048e+11  6.466104e-01  0.000000e+00  8.198288e-02  3.533896e-01
 2.80000e+00  1.20000e+00       3.329e+10  6.269453e-01  0.000000e+00  1.328542e-02  3.730547e-01
 3.50000e+00  1.20000e+00       6.988e+09  6.279347e-01  0.000000e+00 -3.017589e-02  3.720653e-01
 4.20000e+00  1.20000e+00       9.046e+08  6.288536e-01  0.000000e+00 -5.836219e-02  3.711464e-01
 4.90000e+00  1.20000e+00       7.015e+07  6.214524e-01  0.000000e+00 -9.973674e-02  3.785476e-01
 5.60000e+00  1.20000e+00       2.997e+06  6.108389e-01  0.000000e+00 -1.473846e-01  3.891611e-01
 6.30000e+00  1.20000e+00       5.997e+04  6.188810e-01  0.000000e+00 -1.548974e-01  3.811190e-01
 7.00000e+00  1.20000e+00       4.493e+02  5.818217e-01  0.000000e+00 -9.104521e-02  4.181783e-01
-7.00000e+00  1.60000e+00       3.798e+01 -5.031308e-01  0.000000e+00 -4.510921e-02  4.968692e-01
-6.30000e+00  1.60000e+00       1.260e+04  4.972153e-01  0.000000e+00  4.330788e-01  5.027847e-01
-5.60000e+00  1.60000e+00       8.778e+05  5.317304e-01  0.000000e+00  4.013434e-01  4.682696e-01
-4.90000e+00  1.60000e+00       2.127e+07  5.585495e-01  0.000000e+00  3.610766e-01  4.414505e-01
-4.20000e+00  1.60000e+00       2.100e+08  5.942288e-01  0.000000e+00  2.957971e-01  4.057712e-01
-3.50000e+00  1.60000e+00       1.038e+09  6.312552e-01  0.000000e+00  2.063969e-01  3.687448e-01
-2.80000e+00  1.60000e+00       3.150e+09  6.411057e-01  0.000000e+00  1.189659e-01  3.588943e-01
-2.10000e+00  1.60000e+00       6.565e+09  5.868056e-01  0.000000e+00  5.639957e-02  4.131944e-01
-1.40000e+00  1.60000e+00       1.046e+10  4.888547e-01  0.000000e+00  2.272177e-02  5.111453e-01
-7.00000e-01  1.60000e+00       1.463e+10  4.451951e-01  0.000000e+00  2.046911e-02  5.548049e-01
 0.00000e+00  1.60000e+00       1.696e+10  4.470385e-01  0.000000e+00 -4.824098e-15  5.529615e-01
 7.00000e-01  1.60000e+00       1.463e+10  4.451951e-01  0.000000e+00 -2.046911e-02  5.548049e-01
 1.40000e+00  1.60000e+00       1.046e+10  4.888547e-01  0.000000e+00 -2.272177e-02  5.111453e-01
 2.10000e+00  1.60000e+00       6.565e+09  5.868056e-01  0.000000e+00 -5.639957e-02  4.131944e-01
 2.80000e+00  1.60000e+00       3.150e+09  6.411057e-01  0.000000e+00 -1.189659e-01  3.588943e-01
 3.50000e+00  1.60000e+00       1.038e+09  6.312552e-01  0.000000e+00 -2.063969e-01  3.687448e-01
 4.20000e+00  1.60000e+00       2.100e+08  5.942288e-01  0.000000e+00 -2.957971e-01  4.057712e-01
 4.90000e+00  1.60000e+00       2.127e+07  5.585495e-01  0.000000e+00 -3.610766e-01  4.414505e-01
 5.60000e+00  1.60000e+00       8.778e+05  5.317304e-01  0.000000e+00 -4.013434e-01  4.682696e-01
 6.30000e+00  1.60000e+00       1.260e+04  4.972153e-01  0.000000e+00 -4.330788e-01  5.027847e-01
 7.00000e+00  1.60000e+00       3.798e+01 -5.031308e-01  0.000000e+00  4.510921e-02  4.968692e-01
-7.00000e+00  2.00000e+00       2.153e+02  1.330501e-01  0.000000e+00  3.663295e-01  8.669499e-01
-6.30000e+00  2.00000e+00       3.102e+04  3.262006e-01  0.000000e+00  5.326601e-01  6.737994e-01
-5.60000e+00  2.00000e+00       1.365e+06  3.343196e-01  0.000000e+00  5.295446e-01  6.656804e-01
-4.90000e+00  2.00000e+00       1.874e+07  3.472911e-01  0.000000e+00  5.142621e-01  6.527089e-01
-4.20000e+00  2.00000e+00       1.026e+08  4.210931e-01  0.000000e+00  4.248929e-01  5.789069e-01
-3.50000e+00  2.00000e+00       4.652e+08  5.697068e-01  0.000000e+00  2.321466e-01  4.302932e-01
-2.80000e+00  2.00000e+00       1.849e+09  6.212822e-01  0.000000e+00  1.410143e-01  3.787178e-01
-2.10000e+00  2.00000e+00       3.877e+09  6.091500e-01  0.000000e+00  1.075823e-01  3.908500e-01
-1.40000e+00  2.00000e+00       4.511e+09  5.498947e-01  0.000000e+00  8.250801e-02  4.501053e-01
-7.00000e-01  2.00000e+00       3.989e+09  4.635285e-01  0.000000e+00  5.202393e-02  5.364715e-01
 0.00000e+00  2.00000e+00       3.685e+09  4.305598e-01  0.000000e+00 -1.829322e-15  5.694402e-01
 7.00000e-01  2.00000e+00       3.989e+09  4.635285e-01  0.000000e+00 -5.202393e-02  5.364715e-01
 1.40000e+00  2.00000e+00       4.511e+09  5.498947e-01  0.000000e+00 -8.250801e-02  4.501053e-01
 2.10000e+00  2.00000e+00       3.877e+09  6.091500e-01  0.000000e+00 -1.075823e-01  3.908500e-01
 2.80000e+00  2.00000e+00       1.849e+09  6.212822e-01  0.000000e+00 -1.410143e-01  3.787178e-01
 3.50000e+00  2.00000e+00       4.652e+08  5.697068e-01  0.000000e+00 -2.321466e-01  4.302932e-01
 4.20000e+00  2.00000e+00       1.026e+08  4.210931e-01  0.000000e+00 -4.248929e-01  5.789069e-01
 4.90000e+00  2.00000e+00       1.874e+07  3.472911e-01  0.000000e+00 -5.142621e-01  6.527089e-01
 5.60000e+00  2.00000e+00       1.365e+06  3.343196e-01  0.000000e+00 -5.295446e-01  6.656804e-01
 6.30000e+00  2.00000e+00       3.102e+04  3.262006e-01  0.000000e+00 -5.326601e-01  6.737994e-01
 7.00000e+00  2.00000e+00       2.153e+02  1.330501e-01  0.000000e+00 -3.663295e-01  8.669499e-01
-7.00000e+00  2.40000e+00       3.017e+01  3.135448e-01  0.000000e+00 -5.470813e-01  6.864552e-01
-6.30000e+00  2.40000e+00       3.097e+02  7.869803e-01  0.000000e+00 -1.407692e-02  2.130197e-01
-5.60000e+00  2.40000e+00       3.063e+03 -6.449514e-01  0.000000e+00  1.012844e+00  3.550486e-01
-4.90000e+00  2.40000e+00       6.983e+05  4.515412e-01  0.000000e+00  3.321282e-01  5.484588e-01
-4.20000e+00  2.40000e+00       2.042e+07  5.386327e-01  0.000000e+00  2.695419e-01  4.613673e-01
-3.50000e+00  2.40000e+00       1.897e+08  5.849529e-01  0.000000e+00  2.260075e-01  4.150471e-01
-2.80000e+00  2.40000e+00       7.055e+08  6.208164e-01  0.000000e+00  1.720336e-01  3.791836e-01
-2.10000e+00  2.40000e+00       1.380e+09  6.023334e-01  0.000000e+00  1.219589e-01  3.976666e-01
-1.40000e+00  2.40000e+00       1.821e+09  4.910834e-01  0.000000e+00  9.347588e-02  5.089166e-01
-7.00000e-01  2.40000e+00       2.245e+09  3.865410e-01  0.000000e+00  5.042953e-02  6.134590e-01
 0.00000e+00  2.40000e+00       2.690e+09  3.814273e-01  0.000000e+00  1.422056e-16  6.185727e-01
 7.00000e-01  2.40000e+00       2.245e+09  3.865410e-01  0.000000e+00 -5.042953e-02  6.134590e-01
 1.40000e+00  2.40000e+00       1.821e+09  4.910834e-01  0.000000e+00 -9.347588e-02  5.089166e-01
 2.10000e+00  2.40000e+00       1.380e+09  6.023334e-01  0.000000e+00 -1.219589e-01  3.976666e-01
 2.80000e+00  2.40000e+00       7.055e+08  6.208164e-01  0.000000e+00 -1.720336e-01  3.791836e-01
 3.50000e+00  2.40000e+00       1.897e+08  5.849529e-01  0.000000e+00 -2.260075e-01  4.150471e-01
 4.20000e+00  2.40000e+00       2.042e+07  5.386327e-01  0.000000e+00 -2.695419e-01  4.613673e-01
 4.90000e+00  2.40000e+00       6.983e+05  4.515412e-01  0.000000e+00 -3.321282e-01  5.484588e-01
 5.60000e+00  2.40000e+00       3.063e+03 -6.449514e-01  0.000000e+00 -1.012844e+00  3.550486e-01
 6.30000e+00  2.40000e+00       3.097e+02  7.869803e-01  0.000000e+00  1.407692e-02  2.130197e-01
 7.00000e+00  2.40000e+00       3.017e+01  3.135448e-01  0.000000e+00  5.470813e-01  6.864552e-01
-7.00000e+00  2.80000e+00       2.665e+01  1.247049e-01  0.000000e+00 -6.034241e-01  8.752951e-01
-6.30000e+00  2.80000e+00       2.465e+02  7.954994e-01  0.000000e+00 -3.405178e-02  2.045006e-01
-5.60000e+00  2.80000e+00       4.072e+03  5.431587e-01  0.000000e+00  3.203451e-01  4.568413e-01
-4.90000e+00  2.80000e+00       9.983e+04  6.926935e-02  0.000000e+00  6.615332e-01  9.307306e-01
-4.20000e+00  2.80000e+00       3.377e+06  5.740850e-01  0.000000e+00  2.990384e-01  4.259150e-01
-3.50000e+00  2.80000e+00       3.404e+07  7.795202e-01  0.000000e+00  1.439408e-01  2.204798e-01
-2.80000e+00  2.80000e+00       1.543e+08  8.538720e-01  0.000000e+00  6.657091e-02  1.461280e-01
-2.10000e+00  2.80000e+00       3.367e+08  7.506956e-01  0.000000e+00  6.791129e-02  2.493044e-01
-1.40000e+00  2.80000e+00       4.116e+08  3.858879e-01  0.000000e+00  1.198240e-01  6.141121e-01
-7.00000e-01  2.80000e+00       3.860e+08 -1.106646e-01  0.000000e+00  1.297468e-01  8.893354e-01
 0.00000e+00  2.80000e+00       3.667e+08 -2.884629e-01  0.000000e+00  1.138062e-15  7.115371e-01
 7.00000e-01  2.80000e+00       3.860e+08 -1.106646e-01  0.000000e+00 -1.297468e-01  8.893354e-01
 1.40000e+00  2.80000e+00       4.116e+08  3.858879e-01  0.000000e+00 -1.198240e-01  6.141121e-01
 2.10000e+00  2.80000e+00       3.367e+08  7.506956e-01  0.000000e+00 -6.791129e-02  2.493044e-01
 2.80000e+00  2.80000e+00       1.543e+08  8.538720e-01  0.000000e+00 -6.657091e-02  1.461280e-01
 3.50000e+00  2.80000e+00       3.404e+07  7.795202e-01  0.000000e+00 -1.439408e-01  2.204798e-01
 4.20000e+00  2.80000e+00       3.377e+06  5.740850e-01  0.000000e+00 -2.990384e-01  4.259150e-01
 4.90000e+00  2.80000e+00       9.983e+04  6.926935e-02  0.000000e+00 -6.615332e-01  9.307306e-01
 5.60000e+00  2.80000e+00       4.072e+03  5.431587e-01  0.000000e+00 -3.203451e-01  4.568413e-01
 6.30000e+00  2.80000e+00       2.465e+02  7.954994e-01  0.000000e+00  3.405178e-02  2.045006e-01
 7.00000e+00  2.80000e+00       2.665e+01  1.247049e-01  0.000000e+00  6.034241e-01  8.752951e-01
-7.00000e+00  3.20000e+00       2.494e+01 -2.549790e-02  0.000000e+00 -6.124760e-01  9.745021e-01
-6.30000e+00  3.20000e+00       2.079e+02  8.139465e-01  0.000000e+00 -7.468978e-02  1.860535e-01
-5.60000e+00  3.20000e+00       4.386e+03  9.998063e-01  0.000000e+00  2.353352e-03  1.936836e-04
-4.90000e+00  3.20000e+00       5.233e+04  9.769444e-01  0.000000e+00  8.734193e-03  2.305564e-02
-4.20000e+00  3.20000e+00       6.741e+05  9.763224e-01  0.000000e+00  1.079582e-02  2.367758e-02
-3.50000e+00  3.20000e+00       1.652e+07  9.979898e-01  0.000000e+00  2.763852e-03  2.010243e-03
-2.80000e+00  3.20000e+00       9.044e+07  9.930817e-01  0.000000e+00  4.223969e-03  6.918330e-03
-2.10000e+00  3.20000e+00       1.495e+08  9.545719e-01  0.000000e+00  2.459520e-02  4.542810e-02
-1.40000e+00  3.20000e+00       2.806e+07 -6.775049e-01  0.000000e+00  4.651671e-01  3.224951e-01
-7.00000e-01  3.20000e+00       1.981e+08  5.968288e-02  0.000000e+00  7.776469e-02  9.403171e-01
 0.00000e+00  3.20000e+00       1.714e+08 -7.951903e-01  0.000000e+00  1.656291e-15  2.048097e-01
 7.00000e-01  3.20000e+00       1.981e+08  5.968288e-02  0.000000e+00 -7.776469e-02  9.403171e-01
 1.40000e+00  3.20000e+00       2.806e+07 -6.775049e-01  0.000000e+00 -4.651671e-01  3.224951e-01
 2.10000e+00  3.20000e+00       1.495e+08  9.545719e-01  0.000000e+00 -2.459520e-02  4.542810e-02
 2.80000e+00  3.20000e+00       9.044e+07  9.930817e-01  0.000000e+00 -4.223969e-03  6.918330e-03
 3.50000e+00  3.20000e+00       1.652e+07  9.979898e-01  0.000000e+00 -2.763852e-03  2.010243e-03
 4.20000e+00  3.20000e+00       6.741e+05  9.763224e-01  0.000000e+00 -1.079582e-02  2.367758e-02
 4.90000e+00  3.20000e+00       5.233e+04  9.769444e-01  0.000000e+00 -8.734193e-03  2.305564e-02
 5.60000e+00  3.20000e+00       4.386e+03  9.998063e-01  0.000000e+00 -2.353352e-03  1.936836e-04
 6.30000e+00  3.20000e+00       2.079e+02  8.139465e-01  0.000000e+00  7.468978e-02  1.860535e-01
 7.00000e+00  3.20000e+00       2.494e+01 -2.549790e-02  0.000000e+00  6.124760e-01  9.745021e-01
-7.00000e+00  3.60000e+00       2.131e+01  1.469546e-01  0.000000e+00 -3.962331e-01  8.530454e-01
-6.30000e+00  3.60000e+00       1.762e+02  7.984536e-01  0.000000e+00 -7.029169e-02  2.015464e-01
-5.60000e+00  3.60000e+00       3.666e+03  9.996647e-01  0.000000e+00  1.032866e-03  3.352538e-04
-4.90000e+00  3.60000e+00       4.384e+04  9.761282e-01  0.000000e+00  6.631841e-03  2.387184e-02
-4.20000e+00  3.60000e+00       5.612e+05  9.760133e-01  0.000000e+00  8.438823e-03  2.398673e-02
-3.50000e+00  3.60000e+00       1.377e+07  9.976726e-01  0.000000e+00  2.145393e-03  2.327413e-03
-2.80000e+00  3.60000e+00       7.504e+07  9.959325e-01  0.000000e+00  3.053560e-03  4.067457e-03
-2.10000e+00  3.60000e+00       1.188e+08  9.781625e-01  0.000000e+00  1.797069e-02  2.183755e-02
-1.40000e+00  3.60000e+00       3.725e+07  3.405067e-01  0.000000e+00  2.010677e-01  6.594933e-01
-7.00000e-01  3.60000e+00       1.962e+08  3.733831e-01  0.000000e+00  4.641465e-02  6.266169e-01
 0.00000e+00  3.60000e+00       1.845e+08 -1.574974e-01  0.000000e+00  1.584431e-15  8.425026e-01
 7.00000e-01  3.60000e+00       1.962e+08  3.733831e-01  0.000000e+00 -4.641465e-02  6.266169e-01
 1.40000e+00  3.60000e+00       3.725e+07  3.405067e-01  0.000000e+00 -2.010677e-01  6.594933e-01
 2.10000e+00  3.60000e+00       1.188e+08  9.781625e-01  0.000000e+00 -1.797069e-02  2.183755e-02
 2.80000e+00  3.60000e+00       7.504e+07  9.959325e-01  0.000000e+00 -3.053560e-03  4.067457e-03
 3.50000e+00  3.60000e+00       1.377e+07  9.976726e-01  0.000000e+00 -2.145393e-03  2.327413e-03
 4.20000e+00  3.60000e+00       5.612e+05  9.760133e-01  0.000000e+00 -8.438823e-03  2.398673e-02
 4.90000e+00  3.60000e+00       4.384e+04  9.761282e-01  0.000000e+00 -6.631841e-03  2.387184e-02
 5.60000e+00  3.60000e+00       3.666e+03  9.996647e-01  0.000000e+00 -1.032866e-03  3.352538e-04
 6.30000e+00  3.60000e+00       1.762e+02  7.984536e-01  0.000000e+00  7.029169e-02  2.015464e-01
 7.00000e+00  3.60000e+00       2.131e+01  1.469546e-01  0.000000e+00  3.962331e-01  8.530454e-01
-7.00000e+00  4.00000e+00       1.838e+01  2.632833e-01  0.000000e+00 -2.451864e-01  7.367167e-01
-6.30000e+00  4.00000e+00       1.558e+02  7.628790e-01  0.000000e+00 -7.184873e-02  2.371210e-01
-5.60000e+00  4.00000e+00       3.167e+03  9.987812e-01  0.000000e+00 -5.185880e-05  1.218750e-03
-4.90000e+00  4.00000e+00       3.790e+04  9.761182e-01  0.000000e+00  5.258889e-03  2.388184e-02
-4.20000e+00  4.00000e+00       4.834e+05  9.759128e-01  0.000000e+00  6.628419e-03  2.408720e-02
-3.50000e+00  4.00000e+00       1.188e+07  9.977140e-01  0.000000e+00  1.694976e-03  2.285953e-03
-2.80000e+00  4.00000e+00       6.481e+07  9.953732e-01  0.000000e+00  2.513407e-03  4.626814e-03
-2.10000e+00  4.00000e+00       1.045e+08  9.689128e-01  0.000000e+00  1.563232e-02  3.108716e-02
-1.40000e+00  4.00000e+00       2.405e+07 -1.872320e-01  0.000000e+00  2.711616e-01  8.127680e-01
-7.00000e-01  4.00000e+00       1.542e+08  2.348677e-01  0.000000e+00  6.029418e-02  7.651323e-01
 0.00000e+00  4.00000e+00       1.484e+08 -2.803741e-01  0.000000e+00  1.176515e-15  7.196259e-01
 7.00000e-01  4.00000e+00       1.542e+08  2.348677e-01  0.000000e+00 -6.029418e-02  7.651323e-01
 1.40000e+00  4.00000e+00       2.405e+07 -1.872320e-01  0.000000e+00 -2.711616e-01  8.127680e-01
 2.10000e+00  4.00000e+00       1.045e+08  9.689128e-01  0.000000e+00 -1.563232e-02  3.108716e-02
 2.80000e+00  4.00000e+00       6.481e+07  9.953732e-01  0.000000e+00 -2.513407e-03  4.626814e-03
 3.50000e+00  4.00000e+00       1.188e+07  9.977140e-01  0.000000e+00 -1.694976e-03  2.285953e-03
 4.20000e+00  4.00000e+00       4.834e+05  9.759128e-01  0.000000e+00 -6.628419e-03  2.408720e-02
 4.90000e+00  4.00000e+00       3.790e+04  9.761182e-01  0.000000e+00 -5.258889e-03  2.388184e-02
 5.60000e+00  4.00000e+00       3.167e+03  9.987812e-01  0.000000e+00  5.185880e-05  1.218750e-03
 6.30000e+00  4.00000e+00       1.558e+02  7.628790e-01  0.000000e+00  7.184873e-02  2.371210e-01
 7.00000e+00  4.00000e+00       1.838e+01  2.632820e-01  0.000000e+00  2.451880e-01  7.367180e-01
