 EB(GeV)    EMITTANCEx EMITTANCEy SIZEx(m)   SIZEy(m)   DIVx(rad)  DIVy(rad)
 2.411e+00  5.499e-09  1.017e-12  8.711e-05  1.009e-06  6.313e-05  1.009e-06
 betax      alphax     betay      alphay     eta        deta       E_spread  
 1.380e+00  0.000e+00  1.000e+00  0.000e+00  0.000e+00  0.000e+00  8.600e-04
 Ibeam(A)   period(cm) #periods   Kx         Ky         Energy(eV)
 4.005e-01  1.900e+00         96  0.000e+00  1.780e+00  4.192e+04


           x            y       F.Density            PL            PC          PL45        1-|PL|
          mm           mm  ph/s/mr^2/0.1%             -             -             -             -
-7.00000e+00 -4.00000e+00       3.452e+00 -8.433432e-01  0.000000e+00  5.237920e-01  1.566568e-01
-6.30000e+00 -4.00000e+00       1.551e+01 -8.105210e-01  0.000000e+00  4.841436e-01  1.894790e-01
-5.60000e+00 -4.00000e+00       4.858e+01  6.866041e-02  0.000000e+00  2.261074e-01  9.313396e-01
-4.90000e+00 -4.00000e+00       4.451e+02  8.877256e-01  0.000000e+00  4.867805e-02  1.122744e-01
-4.20000e+00 -4.00000e+00       1.087e+03  6.822246e-01  0.000000e+00  2.982066e-01  3.177754e-01
-3.50000e+00 -4.00000e+00       1.476e+04  5.520107e-01  0.000000e+00  2.763233e-01  4.479893e-01
-2.80000e+00 -4.00000e+00       2.169e+05  2.653294e-01  0.000000e+00 -2.019033e-03  7.346706e-01
-2.10000e+00 -4.00000e+00       6.244e+06  4.567340e-01  0.000000e+00 -7.295837e-02  5.432660e-01
-1.40000e+00 -4.00000e+00       5.516e+07  4.751206e-01  0.000000e+00 -5.913177e-02  5.248794e-01
-7.00000e-01 -4.00000e+00       1.814e+08  4.770865e-01  0.000000e+00 -3.403110e-02  5.229135e-01
 0.00000e+00 -4.00000e+00       2.601e+08  4.737508e-01  0.000000e+00 -5.580955e-16  5.262492e-01
 7.00000e-01 -4.00000e+00       1.814e+08  4.770865e-01  0.000000e+00  3.403110e-02  5.229135e-01
 1.40000e+00 -4.00000e+00       5.516e+07  4.751206e-01  0.000000e+00  5.913177e-02  5.248794e-01
 2.10000e+00 -4.00000e+00       6.244e+06  4.567340e-01  0.000000e+00  7.295837e-02  5.432660e-01
 2.80000e+00 -4.00000e+00       2.169e+05  2.653294e-01  0.000000e+00  2.019033e-03  7.346706e-01
 3.50000e+00 -4.00000e+00       1.476e+04  5.520107e-01  0.000000e+00 -2.763233e-01  4.479893e-01
 4.20000e+00 -4.00000e+00       1.087e+03  6.822246e-01  0.000000e+00 -2.982066e-01  3.177754e-01
 4.90000e+00 -4.00000e+00       4.451e+02  8.877256e-01  0.000000e+00 -4.867805e-02  1.122744e-01
 5.60000e+00 -4.00000e+00       4.858e+01  6.866041e-02  0.000000e+00 -2.261074e-01  9.313396e-01
 6.30000e+00 -4.00000e+00       1.551e+01 -8.105210e-01  0.000000e+00 -4.841436e-01  1.894790e-01
 7.00000e+00 -4.00000e+00       3.452e+00 -8.433432e-01  0.000000e+00 -5.237921e-01  1.566568e-01
-7.00000e+00 -3.60000e+00       1.076e+01 -6.274129e-01  0.000000e+00  7.616336e-01  3.725871e-01
-6.30000e+00 -3.60000e+00       2.342e+01 -6.557491e-01  0.000000e+00  6.713436e-01  3.442509e-01
-5.60000e+00 -3.60000e+00       5.149e+01  1.903014e-01  0.000000e+00  2.553413e-01  8.096986e-01
-4.90000e+00 -3.60000e+00       4.970e+02  9.369676e-01  0.000000e+00  6.429844e-02  6.303238e-02
-4.20000e+00 -3.60000e+00       1.117e+03  7.343707e-01  0.000000e+00  4.411242e-01  2.656293e-01
-3.50000e+00 -3.60000e+00       1.885e+04  6.793956e-01  0.000000e+00  3.311400e-01  3.206044e-01
-2.80000e+00 -3.60000e+00       7.748e+04 -2.853764e-01  0.000000e+00  2.799234e-01  7.146236e-01
-2.10000e+00 -3.60000e+00       4.300e+06  4.137678e-01  0.000000e+00 -4.493517e-02  5.862322e-01
-1.40000e+00 -3.60000e+00       5.406e+07  4.577943e-01  0.000000e+00 -3.386711e-02  5.422057e-01
-7.00000e-01 -3.60000e+00       2.301e+08  4.664558e-01  0.000000e+00 -1.721804e-02  5.335442e-01
 0.00000e+00 -3.60000e+00       3.660e+08  4.657549e-01  0.000000e+00 -7.648176e-16  5.342451e-01
 7.00000e-01 -3.60000e+00       2.301e+08  4.664558e-01  0.000000e+00  1.721804e-02  5.335442e-01
 1.40000e+00 -3.60000e+00       5.406e+07  4.577943e-01  0.000000e+00  3.386711e-02  5.422057e-01
 2.10000e+00 -3.60000e+00       4.300e+06  4.137678e-01  0.000000e+00  4.493517e-02  5.862322e-01
 2.80000e+00 -3.60000e+00       7.748e+04 -2.853764e-01  0.000000e+00 -2.799234e-01  7.146236e-01
 3.50000e+00 -3.60000e+00       1.885e+04  6.793956e-01  0.000000e+00 -3.311400e-01  3.206044e-01
 4.20000e+00 -3.60000e+00       1.117e+03  7.343707e-01  0.000000e+00 -4.411242e-01  2.656293e-01
 4.90000e+00 -3.60000e+00       4.970e+02  9.369676e-01  0.000000e+00 -6.429844e-02  6.303238e-02
 5.60000e+00 -3.60000e+00       5.149e+01  1.903014e-01  0.000000e+00 -2.553413e-01  8.096986e-01
 6.30000e+00 -3.60000e+00       2.342e+01 -6.557491e-01  0.000000e+00 -6.713436e-01  3.442509e-01
 7.00000e+00 -3.60000e+00       1.076e+01 -6.274129e-01  0.000000e+00 -7.616336e-01  3.725871e-01
-7.00000e+00 -3.20000e+00       1.634e+01 -3.838658e-01  0.000000e+00  8.989369e-01  6.161342e-01
-6.30000e+00 -3.20000e+00       2.278e+01 -5.459749e-01  0.000000e+00  7.194582e-01  4.540251e-01
-5.60000e+00 -3.20000e+00       6.330e+01  1.407922e-01  0.000000e+00  2.511977e-01  8.592078e-01
-4.90000e+00 -3.20000e+00       5.908e+02  9.035949e-01  0.000000e+00  8.943962e-02  9.640507e-02
-4.20000e+00 -3.20000e+00       1.105e+03  7.522882e-01  0.000000e+00  6.988998e-01  2.477118e-01
-3.50000e+00 -3.20000e+00       2.391e+04  7.359003e-01  0.000000e+00  3.950144e-01  2.640997e-01
-2.80000e+00 -3.20000e+00       6.846e+04 -1.183912e-01  0.000000e+00  5.667505e-01  8.816088e-01
-2.10000e+00 -3.20000e+00       3.194e+06  3.642611e-01  0.000000e+00 -2.905542e-02  6.357389e-01
-1.40000e+00 -3.20000e+00       5.448e+07  4.470992e-01  0.000000e+00 -1.945175e-02  5.529008e-01
-7.00000e-01 -3.20000e+00       2.812e+08  4.617306e-01  0.000000e+00 -7.807804e-03  5.382694e-01
 0.00000e+00 -3.20000e+00       4.804e+08  4.625360e-01  0.000000e+00 -1.633517e-16  5.374640e-01
 7.00000e-01 -3.20000e+00       2.812e+08  4.617306e-01  0.000000e+00  7.807804e-03  5.382694e-01
 1.40000e+00 -3.20000e+00       5.448e+07  4.470992e-01  0.000000e+00  1.945175e-02  5.529008e-01
 2.10000e+00 -3.20000e+00       3.194e+06  3.642611e-01  0.000000e+00  2.905542e-02  6.357389e-01
 2.80000e+00 -3.20000e+00       6.846e+04 -1.183912e-01  0.000000e+00 -5.667505e-01  8.816088e-01
 3.50000e+00 -3.20000e+00       2.391e+04  7.359003e-01  0.000000e+00 -3.950144e-01  2.640997e-01
 4.20000e+00 -3.20000e+00       1.105e+03  7.522882e-01  0.000000e+00 -6.988998e-01  2.477118e-01
 4.90000e+00 -3.20000e+00       5.908e+02  9.035949e-01  0.000000e+00 -8.943962e-02  9.640507e-02
 5.60000e+00 -3.20000e+00       6.330e+01  1.407922e-01  0.000000e+00 -2.511977e-01  8.592078e-01
 6.30000e+00 -3.20000e+00       2.278e+01 -5.459749e-01  0.000000e+00 -7.194582e-01  4.540251e-01
 7.00000e+00 -3.20000e+00       1.634e+01 -3.838658e-01  0.000000e+00 -8.989369e-01  6.161342e-01
-7.00000e+00 -2.80000e+00       2.230e+01 -2.617396e-01  0.000000e+00  9.277908e-01  7.382604e-01
-6.30000e+00 -2.80000e+00       3.208e+01 -4.787140e-01  0.000000e+00  7.636904e-01  5.212860e-01
-5.60000e+00 -2.80000e+00       7.756e+01  1.308686e-01  0.000000e+00  3.138849e-01  8.691314e-01
-4.90000e+00 -2.80000e+00       6.511e+02  9.800752e-01  0.000000e+00  1.765983e-01  1.992483e-02
-4.20000e+00 -2.80000e+00       6.539e+02  8.123636e-01  0.000000e+00  2.216239e+00  1.876364e-01
-3.50000e+00 -2.80000e+00       3.238e+04  8.163516e-01  0.000000e+00  4.766427e-01  1.836484e-01
-2.80000e+00 -2.80000e+00       1.183e+05  4.883069e-01  0.000000e+00  5.357002e-01  5.116931e-01
-2.10000e+00 -2.80000e+00       1.731e+06  2.292783e-01  0.000000e+00 -3.275171e-02  7.707217e-01
-1.40000e+00 -2.80000e+00       4.269e+07  4.338201e-01  0.000000e+00 -1.601352e-02  5.661799e-01
-7.00000e-01 -2.80000e+00       2.601e+08  4.603284e-01  0.000000e+00 -3.250595e-03  5.396716e-01
 0.00000e+00 -2.80000e+00       4.689e+08  4.625921e-01  0.000000e+00 -6.540117e-16  5.374079e-01
 7.00000e-01 -2.80000e+00       2.601e+08  4.603284e-01  0.000000e+00  3.250595e-03  5.396716e-01
 1.40000e+00 -2.80000e+00       4.269e+07  4.338201e-01  0.000000e+00  1.601352e-02  5.661799e-01
 2.10000e+00 -2.80000e+00       1.731e+06  2.292783e-01  0.000000e+00  3.275171e-02  7.707217e-01
 2.80000e+00 -2.80000e+00       1.183e+05  4.883069e-01  0.000000e+00 -5.357002e-01  5.116931e-01
 3.50000e+00 -2.80000e+00       3.238e+04  8.163516e-01  0.000000e+00 -4.766427e-01  1.836484e-01
 4.20000e+00 -2.80000e+00       6.539e+02  8.123636e-01  0.000000e+00 -2.216239e+00  1.876364e-01
 4.90000e+00 -2.80000e+00       6.511e+02  9.800752e-01  0.000000e+00 -1.765983e-01  1.992483e-02
 5.60000e+00 -2.80000e+00       7.756e+01  1.308686e-01  0.000000e+00 -3.138849e-01  8.691314e-01
 6.30000e+00 -2.80000e+00       3.208e+01 -4.787140e-01  0.000000e+00 -7.636904e-01  5.212860e-01
 7.00000e+00 -2.80000e+00       2.230e+01 -2.617396e-01  0.000000e+00 -9.277908e-01  7.382604e-01
-7.00000e+00 -2.40000e+00       2.052e+01 -1.110592e-01  0.000000e+00  9.339192e-01  8.889408e-01
-6.30000e+00 -2.40000e+00       3.043e+01 -4.506789e-01  0.000000e+00  7.301811e-01  5.493211e-01
-5.60000e+00 -2.40000e+00       1.276e+02  2.076499e-01  0.000000e+00  1.872386e-01  7.923501e-01
-4.90000e+00 -2.40000e+00       7.799e+03  5.809616e-01  0.000000e+00 -1.526815e-01  4.190384e-01
-4.20000e+00 -2.40000e+00       3.849e+05  5.344365e-01  0.000000e+00 -1.888813e-01  4.655635e-01
-3.50000e+00 -2.40000e+00       7.647e+06  5.297308e-01  0.000000e+00 -1.665299e-01  4.702692e-01
-2.80000e+00 -2.40000e+00       6.966e+07  5.302005e-01  0.000000e+00 -1.288727e-01  4.697995e-01
-2.10000e+00 -2.40000e+00       3.204e+08  5.272281e-01  0.000000e+00 -9.531823e-02  4.727719e-01
-1.40000e+00 -2.40000e+00       7.506e+08  5.206554e-01  0.000000e+00 -6.831190e-02  4.793446e-01
-7.00000e-01 -2.40000e+00       9.427e+08  5.095567e-01  0.000000e+00 -4.119446e-02  4.904433e-01
 0.00000e+00 -2.40000e+00       8.749e+08  4.985355e-01  0.000000e+00 -3.723768e-16  5.014645e-01
 7.00000e-01 -2.40000e+00       9.427e+08  5.095567e-01  0.000000e+00  4.119446e-02  4.904433e-01
 1.40000e+00 -2.40000e+00       7.506e+08  5.206554e-01  0.000000e+00  6.831190e-02  4.793446e-01
 2.10000e+00 -2.40000e+00       3.204e+08  5.272281e-01  0.000000e+00  9.531823e-02  4.727719e-01
 2.80000e+00 -2.40000e+00       6.966e+07  5.302005e-01  0.000000e+00  1.288727e-01  4.697995e-01
 3.50000e+00 -2.40000e+00       7.647e+06  5.297308e-01  0.000000e+00  1.665299e-01  4.702692e-01
 4.20000e+00 -2.40000e+00       3.849e+05  5.344365e-01  0.000000e+00  1.888813e-01  4.655635e-01
 4.90000e+00 -2.40000e+00       7.799e+03  5.809616e-01  0.000000e+00  1.526815e-01  4.190384e-01
 5.60000e+00 -2.40000e+00       1.276e+02  2.076499e-01  0.000000e+00 -1.872386e-01  7.923501e-01
 6.30000e+00 -2.40000e+00       3.043e+01 -4.506789e-01  0.000000e+00 -7.301811e-01  5.493211e-01
 7.00000e+00 -2.40000e+00       2.052e+01 -1.110592e-01  0.000000e+00 -9.339192e-01  8.889408e-01
-7.00000e+00 -2.00000e+00       2.755e+01  5.322036e-02  0.000000e+00  7.285632e-01  9.467796e-01
-6.30000e+00 -2.00000e+00       8.787e+02  3.839499e-01  0.000000e+00 -4.105964e-01  6.160501e-01
-5.60000e+00 -2.00000e+00       5.894e+04  4.359941e-01  0.000000e+00 -4.486157e-01  5.640059e-01
-4.90000e+00 -2.00000e+00       1.547e+06  4.732919e-01  0.000000e+00 -3.965940e-01  5.267081e-01
-4.20000e+00 -2.00000e+00       1.974e+07  5.276179e-01  0.000000e+00 -3.086965e-01  4.723821e-01
-3.50000e+00 -2.00000e+00       1.398e+08  5.640039e-01  0.000000e+00 -2.299578e-01  4.359961e-01
-2.80000e+00 -2.00000e+00       5.371e+08  5.763673e-01  0.000000e+00 -1.673419e-01  4.236327e-01
-2.10000e+00 -2.00000e+00       1.226e+09  5.758196e-01  0.000000e+00 -1.105166e-01  4.241804e-01
-1.40000e+00 -2.00000e+00       1.925e+09  5.677841e-01  0.000000e+00 -6.448962e-02  4.322159e-01
-7.00000e-01 -2.00000e+00       2.346e+09  5.567996e-01  0.000000e+00 -2.922597e-02  4.432004e-01
 0.00000e+00 -2.00000e+00       2.443e+09  5.501504e-01  0.000000e+00 -3.959516e-16  4.498496e-01
 7.00000e-01 -2.00000e+00       2.346e+09  5.567996e-01  0.000000e+00  2.922597e-02  4.432004e-01
 1.40000e+00 -2.00000e+00       1.925e+09  5.677841e-01  0.000000e+00  6.448962e-02  4.322159e-01
 2.10000e+00 -2.00000e+00       1.226e+09  5.758196e-01  0.000000e+00  1.105166e-01  4.241804e-01
 2.80000e+00 -2.00000e+00       5.371e+08  5.763673e-01  0.000000e+00  1.673419e-01  4.236327e-01
 3.50000e+00 -2.00000e+00       1.398e+08  5.640039e-01  0.000000e+00  2.299578e-01  4.359961e-01
 4.20000e+00 -2.00000e+00       1.974e+07  5.276179e-01  0.000000e+00  3.086965e-01  4.723821e-01
 4.90000e+00 -2.00000e+00       1.547e+06  4.732919e-01  0.000000e+00  3.965940e-01  5.267081e-01
 5.60000e+00 -2.00000e+00       5.894e+04  4.359941e-01  0.000000e+00  4.486157e-01  5.640059e-01
 6.30000e+00 -2.00000e+00       8.787e+02  3.839499e-01  0.000000e+00  4.105964e-01  6.160501e-01
 7.00000e+00 -2.00000e+00       2.755e+01  5.322037e-02  0.000000e+00 -7.285632e-01  9.467796e-01
-7.00000e+00 -1.60000e+00       2.842e+01  1.656364e-01  0.000000e+00  9.047734e-01  8.343636e-01
-6.30000e+00 -1.60000e+00       3.149e+02  5.198211e-01  0.000000e+00 -9.587011e-02  4.801789e-01
-5.60000e+00 -1.60000e+00       4.369e+04  6.304449e-01  0.000000e+00 -2.663017e-01  3.695551e-01
-4.90000e+00 -1.60000e+00       2.348e+06  6.348234e-01  0.000000e+00 -2.524865e-01  3.651766e-01
-4.20000e+00 -1.60000e+00       4.447e+07  6.397980e-01  0.000000e+00 -2.278387e-01  3.602020e-01
-3.50000e+00 -1.60000e+00       3.307e+08  6.447210e-01  0.000000e+00 -1.903895e-01  3.552790e-01
-2.80000e+00 -1.60000e+00       1.161e+09  6.464260e-01  0.000000e+00 -1.394128e-01  3.535740e-01
-2.10000e+00 -1.60000e+00       2.461e+09  6.419506e-01  0.000000e+00 -8.465535e-02  3.580494e-01
-1.40000e+00 -1.60000e+00       3.873e+09  6.322449e-01  0.000000e+00 -4.239805e-02  3.677551e-01
-7.00000e-01 -1.60000e+00       5.213e+09  6.209039e-01  0.000000e+00 -1.647671e-02  3.790961e-01
 0.00000e+00 -1.60000e+00       5.979e+09  6.158814e-01  0.000000e+00 -1.581240e-15  3.841186e-01
 7.00000e-01 -1.60000e+00       5.213e+09  6.209039e-01  0.000000e+00  1.647671e-02  3.790961e-01
 1.40000e+00 -1.60000e+00       3.873e+09  6.322449e-01  0.000000e+00  4.239805e-02  3.677551e-01
 2.10000e+00 -1.60000e+00       2.461e+09  6.419506e-01  0.000000e+00  8.465535e-02  3.580494e-01
 2.80000e+00 -1.60000e+00       1.161e+09  6.464260e-01  0.000000e+00  1.394128e-01  3.535740e-01
 3.50000e+00 -1.60000e+00       3.307e+08  6.447210e-01  0.000000e+00  1.903895e-01  3.552790e-01
 4.20000e+00 -1.60000e+00       4.447e+07  6.397980e-01  0.000000e+00  2.278387e-01  3.602020e-01
 4.90000e+00 -1.60000e+00       2.348e+06  6.348234e-01  0.000000e+00  2.524865e-01  3.651766e-01
 5.60000e+00 -1.60000e+00       4.369e+04  6.304449e-01  0.000000e+00  2.663017e-01  3.695551e-01
 6.30000e+00 -1.60000e+00       3.149e+02  5.198211e-01  0.000000e+00  9.587011e-02  4.801789e-01
 7.00000e+00 -1.60000e+00       2.842e+01  1.656364e-01  0.000000e+00 -9.047734e-01  8.343636e-01
-7.00000e+00 -1.20000e+00       3.352e+01  4.686646e-01  0.000000e+00  7.449813e-01  5.313354e-01
-6.30000e+00 -1.20000e+00       9.384e+02  6.927027e-01  0.000000e+00 -3.622112e-02  3.072973e-01
-5.60000e+00 -1.20000e+00       8.882e+04  7.085590e-01  0.000000e+00 -1.058413e-01  2.914410e-01
-4.90000e+00 -1.20000e+00       3.883e+06  7.027721e-01  0.000000e+00 -1.176063e-01  2.972279e-01
-4.20000e+00 -1.20000e+00       7.381e+07  6.993501e-01  0.000000e+00 -1.056090e-01  3.006499e-01
-3.50000e+00 -1.20000e+00       6.664e+08  6.979004e-01  0.000000e+00 -7.723372e-02  3.020996e-01
-2.80000e+00 -1.20000e+00       3.305e+09  6.986901e-01  0.000000e+00 -4.619763e-02  3.013099e-01
-2.10000e+00 -1.20000e+00       1.063e+10  7.138833e-01  0.000000e+00 -3.390943e-02  2.861167e-01
-1.40000e+00 -1.20000e+00       2.509e+10  7.179120e-01  0.000000e+00 -4.456756e-02  2.820880e-01
-7.00000e-01 -1.20000e+00       4.652e+10  6.716278e-01  0.000000e+00 -3.680677e-02  3.283722e-01
 0.00000e+00 -1.20000e+00       6.023e+10  6.430671e-01  0.000000e+00  4.339142e-15  3.569329e-01
 7.00000e-01 -1.20000e+00       4.652e+10  6.716278e-01  0.000000e+00  3.680677e-02  3.283722e-01
 1.40000e+00 -1.20000e+00       2.509e+10  7.179120e-01  0.000000e+00  4.456756e-02  2.820880e-01
 2.10000e+00 -1.20000e+00       1.063e+10  7.138833e-01  0.000000e+00  3.390943e-02  2.861167e-01
 2.80000e+00 -1.20000e+00       3.305e+09  6.986901e-01  0.000000e+00  4.619763e-02  3.013099e-01
 3.50000e+00 -1.20000e+00       6.664e+08  6.979004e-01  0.000000e+00  7.723372e-02  3.020996e-01
 4.20000e+00 -1.20000e+00       7.381e+07  6.993501e-01  0.000000e+00  1.056090e-01  3.006499e-01
 4.90000e+00 -1.20000e+00       3.883e+06  7.027721e-01  0.000000e+00  1.176063e-01  2.972279e-01
 5.60000e+00 -1.20000e+00       8.882e+04  7.085590e-01  0.000000e+00  1.058413e-01  2.914410e-01
 6.30000e+00 -1.20000e+00       9.384e+02  6.927027e-01  0.000000e+00  3.622112e-02  3.072973e-01
 7.00000e+00 -1.20000e+00       3.352e+01  4.686646e-01  0.000000e+00 -7.449813e-01  5.313354e-01
-7.00000e+00 -8.00000e-01       2.936e+02  7.946172e-01  0.000000e+00  9.668446e-02  2.053828e-01
-6.30000e+00 -8.00000e-01       3.538e+04  7.814984e-01  0.000000e+00  8.099406e-03  2.185016e-01
-5.60000e+00 -8.00000e-01       2.304e+06  7.842048e-01  0.000000e+00 -1.310555e-02  2.157952e-01
-4.90000e+00 -8.00000e-01       7.208e+07  7.895621e-01  0.000000e+00 -1.347440e-02  2.104379e-01
-4.20000e+00 -8.00000e-01       1.125e+09  7.898868e-01  0.000000e+00 -9.596580e-03  2.101132e-01
-3.50000e+00 -8.00000e-01       9.486e+09  7.889997e-01  0.000000e+00 -5.973413e-03  2.110003e-01
-2.80000e+00 -8.00000e-01       4.638e+10  7.834926e-01  0.000000e+00  7.917578e-03  2.165074e-01
-2.10000e+00 -8.00000e-01       1.376e+11  7.602589e-01  0.000000e+00  6.044336e-02  2.397411e-01
-1.40000e+00 -8.00000e-01       2.517e+11  7.087950e-01  0.000000e+00  1.503361e-01  2.912050e-01
-7.00000e-01 -8.00000e-01       2.862e+11  6.465357e-01  0.000000e+00  1.734892e-01  3.534643e-01
 0.00000e+00 -8.00000e-01       2.609e+11  6.145970e-01  0.000000e+00  3.210616e-14  3.854030e-01
 7.00000e-01 -8.00000e-01       2.862e+11  6.465357e-01  0.000000e+00 -1.734892e-01  3.534643e-01
 1.40000e+00 -8.00000e-01       2.517e+11  7.087950e-01  0.000000e+00 -1.503361e-01  2.912050e-01
 2.10000e+00 -8.00000e-01       1.376e+11  7.602589e-01  0.000000e+00 -6.044336e-02  2.397411e-01
 2.80000e+00 -8.00000e-01       4.638e+10  7.834926e-01  0.000000e+00 -7.917578e-03  2.165074e-01
 3.50000e+00 -8.00000e-01       9.486e+09  7.889997e-01  0.000000e+00  5.973413e-03  2.110003e-01
 4.20000e+00 -8.00000e-01       1.125e+09  7.898868e-01  0.000000e+00  9.596580e-03  2.101132e-01
 4.90000e+00 -8.00000e-01       7.208e+07  7.895621e-01  0.000000e+00  1.347440e-02  2.104379e-01
 5.60000e+00 -8.00000e-01       2.304e+06  7.842048e-01  0.000000e+00  1.310555e-02  2.157952e-01
 6.30000e+00 -8.00000e-01       3.538e+04  7.814984e-01  0.000000e+00 -8.099406e-03  2.185016e-01
 7.00000e+00 -8.00000e-01       2.936e+02  7.946172e-01  0.000000e+00 -9.668445e-02  2.053828e-01
-7.00000e+00 -4.00000e-01       2.892e+03  9.437285e-01  0.000000e+00 -4.537815e-02  5.627153e-02
-6.30000e+00 -4.00000e-01       3.650e+05  9.489861e-01  0.000000e+00 -1.264227e-02  5.101394e-02
-5.60000e+00 -4.00000e-01       2.037e+07  9.456587e-01  0.000000e+00  7.091631e-03  5.434128e-02
-4.90000e+00 -4.00000e-01       5.691e+08  9.433464e-01  0.000000e+00  6.020083e-03  5.665358e-02
-4.20000e+00 -4.00000e-01       8.263e+09  9.437028e-01  0.000000e+00  3.355478e-04  5.629719e-02
-3.50000e+00 -4.00000e-01       6.405e+10  9.447109e-01  0.000000e+00 -4.592604e-03  5.528910e-02
-2.80000e+00 -4.00000e-01       2.864e+11  9.445935e-01  0.000000e+00 -5.380100e-03  5.540651e-02
-2.10000e+00 -4.00000e-01       8.419e+11  9.457725e-01  0.000000e+00  8.872071e-03  5.422749e-02
-1.40000e+00 -4.00000e-01       1.803e+12  9.473626e-01  0.000000e+00  2.775795e-02  5.263744e-02
-7.00000e-01 -4.00000e-01       2.835e+12  9.410072e-01  0.000000e+00  2.229420e-02  5.899281e-02
 0.00000e+00 -4.00000e-01       3.313e+12  9.358196e-01  0.000000e+00  7.427155e-16  6.418040e-02
 7.00000e-01 -4.00000e-01       2.835e+12  9.410072e-01  0.000000e+00 -2.229420e-02  5.899281e-02
 1.40000e+00 -4.00000e-01       1.803e+12  9.473626e-01  0.000000e+00 -2.775795e-02  5.263744e-02
 2.10000e+00 -4.00000e-01       8.419e+11  9.457725e-01  0.000000e+00 -8.872071e-03  5.422749e-02
 2.80000e+00 -4.00000e-01       2.864e+11  9.445935e-01  0.000000e+00  5.380100e-03  5.540651e-02
 3.50000e+00 -4.00000e-01       6.405e+10  9.447109e-01  0.000000e+00  4.592604e-03  5.528910e-02
 4.20000e+00 -4.00000e-01       8.263e+09  9.437028e-01  0.000000e+00 -3.355478e-04  5.629719e-02
 4.90000e+00 -4.00000e-01       5.691e+08  9.433464e-01  0.000000e+00 -6.020083e-03  5.665358e-02
 5.60000e+00 -4.00000e-01       2.037e+07  9.456587e-01  0.000000e+00 -7.091631e-03  5.434128e-02
 6.30000e+00 -4.00000e-01       3.650e+05  9.489861e-01  0.000000e+00  1.264227e-02  5.101394e-02
 7.00000e+00 -4.00000e-01       2.892e+03  9.437285e-01  0.000000e+00  4.537815e-02  5.627154e-02
-7.00000e+00  0.00000e+00       6.050e+03  9.999495e-01  0.000000e+00  1.147782e-12  5.047983e-05
-6.30000e+00  0.00000e+00       8.123e+05  9.999565e-01  0.000000e+00 -7.974309e-15  4.347763e-05
-5.60000e+00  0.00000e+00       4.491e+07  9.999550e-01  0.000000e+00 -8.841185e-14  4.500639e-05
-4.90000e+00  0.00000e+00       1.163e+09  9.999528e-01  0.000000e+00 -6.307875e-13  4.721179e-05
-4.20000e+00  0.00000e+00       1.567e+10  9.999529e-01  0.000000e+00 -2.617233e-12  4.713092e-05
-3.50000e+00  0.00000e+00       1.154e+11  9.999525e-01  0.000000e+00 -6.184643e-12  4.754900e-05
-2.80000e+00  0.00000e+00       4.941e+11  9.999505e-01  0.000000e+00 -8.005291e-12  4.953719e-05
-2.10000e+00  0.00000e+00       1.278e+12  9.999428e-01  0.000000e+00 -4.607854e-12  5.724767e-05
-1.40000e+00  0.00000e+00       2.027e+12  9.999299e-01  0.000000e+00  2.977308e-12  7.006395e-05
-7.00000e-01  0.00000e+00       2.095e+12  9.999434e-01  0.000000e+00  7.660915e-12  5.663048e-05
 0.00000e+00  0.00000e+00       1.859e+12  9.999760e-01  0.000000e+00 -2.661071e-17  2.402342e-05
 7.00000e-01  0.00000e+00       2.095e+12  9.999434e-01  0.000000e+00 -7.660969e-12  5.663048e-05
 1.40000e+00  0.00000e+00       2.027e+12  9.999299e-01  0.000000e+00 -2.977341e-12  7.006395e-05
 2.10000e+00  0.00000e+00       1.278e+12  9.999428e-01  0.000000e+00  4.607841e-12  5.724767e-05
 2.80000e+00  0.00000e+00       4.941e+11  9.999505e-01  0.000000e+00  8.005283e-12  4.953719e-05
 3.50000e+00  0.00000e+00       1.154e+11  9.999525e-01  0.000000e+00  6.184634e-12  4.754900e-05
 4.20000e+00  0.00000e+00       1.567e+10  9.999529e-01  0.000000e+00  2.617217e-12  4.713092e-05
 4.90000e+00  0.00000e+00       1.163e+09  9.999528e-01  0.000000e+00  6.307330e-13  4.721179e-05
 5.60000e+00  0.00000e+00       4.491e+07  9.999550e-01  0.000000e+00  8.812844e-14  4.500639e-05
 6.30000e+00  0.00000e+00       8.123e+05  9.999565e-01  0.000000e+00  8.754764e-14  4.347763e-05
 7.00000e+00  0.00000e+00       6.050e+03  9.999495e-01  0.000000e+00  8.014356e-12  5.047983e-05
-7.00000e+00  4.00000e-01       2.892e+03  9.437285e-01  0.000000e+00  4.537815e-02  5.627153e-02
-6.30000e+00  4.00000e-01       3.650e+05  9.489861e-01  0.000000e+00  1.264227e-02  5.101394e-02
-5.60000e+00  4.00000e-01       2.037e+07  9.456587e-01  0.000000e+00 -7.091631e-03  5.434128e-02
-4.90000e+00  4.00000e-01       5.691e+08  9.433464e-01  0.000000e+00 -6.020083e-03  5.665358e-02
-4.20000e+00  4.00000e-01       8.263e+09  9.437028e-01  0.000000e+00 -3.355478e-04  5.629719e-02
-3.50000e+00  4.00000e-01       6.405e+10  9.447109e-01  0.000000e+00  4.592604e-03  5.528910e-02
-2.80000e+00  4.00000e-01       2.864e+11  9.445935e-01  0.000000e+00  5.380100e-03  5.540651e-02
-2.10000e+00  4.00000e-01       8.419e+11  9.457725e-01  0.000000e+00 -8.872071e-03  5.422749e-02
-1.40000e+00  4.00000e-01       1.803e+12  9.473626e-01  0.000000e+00 -2.775795e-02  5.263744e-02
-7.00000e-01  4.00000e-01       2.835e+12  9.410072e-01  0.000000e+00 -2.229420e-02  5.899281e-02
 0.00000e+00  4.00000e-01       3.313e+12  9.358196e-01  0.000000e+00 -7.481232e-16  6.418040e-02
 7.00000e-01  4.00000e-01       2.835e+12  9.410072e-01  0.000000e+00  2.229420e-02  5.899281e-02
 1.40000e+00  4.00000e-01       1.803e+12  9.473626e-01  0.000000e+00  2.775795e-02  5.263744e-02
 2.10000e+00  4.00000e-01       8.419e+11  9.457725e-01  0.000000e+00  8.872071e-03  5.422749e-02
 2.80000e+00  4.00000e-01       2.864e+11  9.445935e-01  0.000000e+00 -5.380100e-03  5.540651e-02
 3.50000e+00  4.00000e-01       6.405e+10  9.447109e-01  0.000000e+00 -4.592604e-03  5.528910e-02
 4.20000e+00  4.00000e-01       8.263e+09  9.437028e-01  0.000000e+00  3.355478e-04  5.629719e-02
 4.90000e+00  4.00000e-01       5.691e+08  9.433464e-01  0.000000e+00  6.020083e-03  5.665358e-02
 5.60000e+00  4.00000e-01       2.037e+07  9.456587e-01  0.000000e+00  7.091631e-03  5.434128e-02
 6.30000e+00  4.00000e-01       3.650e+05  9.489861e-01  0.000000e+00 -1.264227e-02  5.101394e-02
 7.00000e+00  4.00000e-01       2.892e+03  9.437285e-01  0.000000e+00 -4.537815e-02  5.627154e-02
-7.00000e+00  8.00000e-01       2.936e+02  7.946172e-01  0.000000e+00 -9.668448e-02  2.053828e-01
-6.30000e+00  8.00000e-01       3.538e+04  7.814984e-01  0.000000e+00 -8.099406e-03  2.185016e-01
-5.60000e+00  8.00000e-01       2.304e+06  7.842048e-01  0.000000e+00  1.310555e-02  2.157952e-01
-4.90000e+00  8.00000e-01       7.208e+07  7.895621e-01  0.000000e+00  1.347440e-02  2.104379e-01
-4.20000e+00  8.00000e-01       1.125e+09  7.898868e-01  0.000000e+00  9.596580e-03  2.101132e-01
-3.50000e+00  8.00000e-01       9.486e+09  7.889997e-01  0.000000e+00  5.973413e-03  2.110003e-01
-2.80000e+00  8.00000e-01       4.638e+10  7.834926e-01  0.000000e+00 -7.917578e-03  2.165074e-01
-2.10000e+00  8.00000e-01       1.376e+11  7.602589e-01  0.000000e+00 -6.044336e-02  2.397411e-01
-1.40000e+00  8.00000e-01       2.517e+11  7.087950e-01  0.000000e+00 -1.503361e-01  2.912050e-01
-7.00000e-01  8.00000e-01       2.862e+11  6.465357e-01  0.000000e+00 -1.734892e-01  3.534643e-01
 0.00000e+00  8.00000e-01       2.609e+11  6.145970e-01  0.000000e+00 -2.022430e-14  3.854030e-01
 7.00000e-01  8.00000e-01       2.862e+11  6.465357e-01  0.000000e+00  1.734892e-01  3.534643e-01
 1.40000e+00  8.00000e-01       2.517e+11  7.087950e-01  0.000000e+00  1.503361e-01  2.912050e-01
 2.10000e+00  8.00000e-01       1.376e+11  7.602589e-01  0.000000e+00  6.044336e-02  2.397411e-01
 2.80000e+00  8.00000e-01       4.638e+10  7.834926e-01  0.000000e+00  7.917578e-03  2.165074e-01
 3.50000e+00  8.00000e-01       9.486e+09  7.889997e-01  0.000000e+00 -5.973413e-03  2.110003e-01
 4.20000e+00  8.00000e-01       1.125e+09  7.898868e-01  0.000000e+00 -9.596580e-03  2.101132e-01
 4.90000e+00  8.00000e-01       7.208e+07  7.895621e-01  0.000000e+00 -1.347440e-02  2.104379e-01
 5.60000e+00  8.00000e-01       2.304e+06  7.842048e-01  0.000000e+00 -1.310555e-02  2.157952e-01
 6.30000e+00  8.00000e-01       3.538e+04  7.814984e-01  0.000000e+00  8.099406e-03  2.185016e-01
 7.00000e+00  8.00000e-01       2.936e+02  7.946172e-01  0.000000e+00  9.668444e-02  2.053828e-01
-7.00000e+00  1.20000e+00       3.352e+01  4.686646e-01  0.000000e+00 -7.449813e-01  5.313354e-01
-6.30000e+00  1.20000e+00       9.384e+02  6.927027e-01  0.000000e+00  3.622112e-02  3.072973e-01
-5.60000e+00  1.20000e+00       8.882e+04  7.085590e-01  0.000000e+00  1.058413e-01  2.914410e-01
-4.90000e+00  1.20000e+00       3.883e+06  7.027721e-01  0.000000e+00  1.176063e-01  2.972279e-01
-4.20000e+00  1.20000e+00       7.381e+07  6.993501e-01  0.000000e+00  1.056090e-01  3.006499e-01
-3.50000e+00  1.20000e+00       6.664e+08  6.979004e-01  0.000000e+00  7.723372e-02  3.020996e-01
-2.80000e+00  1.20000e+00       3.305e+09  6.986901e-01  0.000000e+00  4.619763e-02  3.013099e-01
-2.10000e+00  1.20000e+00       1.063e+10  7.138833e-01  0.000000e+00  3.390942e-02  2.861167e-01
-1.40000e+00  1.20000e+00       2.509e+10  7.179120e-01  0.000000e+00  4.456756e-02  2.820880e-01
-7.00000e-01  1.20000e+00       4.652e+10  6.716278e-01  0.000000e+00  3.680677e-02  3.283722e-01
 0.00000e+00  1.20000e+00       6.023e+10  6.430671e-01  0.000000e+00  1.740971e-15  3.569329e-01
 7.00000e-01  1.20000e+00       4.652e+10  6.716278e-01  0.000000e+00 -3.680677e-02  3.283722e-01
 1.40000e+00  1.20000e+00       2.509e+10  7.179120e-01  0.000000e+00 -4.456756e-02  2.820880e-01
 2.10000e+00  1.20000e+00       1.063e+10  7.138833e-01  0.000000e+00 -3.390942e-02  2.861167e-01
 2.80000e+00  1.20000e+00       3.305e+09  6.986901e-01  0.000000e+00 -4.619763e-02  3.013099e-01
 3.50000e+00  1.20000e+00       6.664e+08  6.979004e-01  0.000000e+00 -7.723372e-02  3.020996e-01
 4.20000e+00  1.20000e+00       7.381e+07  6.993501e-01  0.000000e+00 -1.056090e-01  3.006499e-01
 4.90000e+00  1.20000e+00       3.883e+06  7.027721e-01  0.000000e+00 -1.176063e-01  2.972279e-01
 5.60000e+00  1.20000e+00       8.882e+04  7.085590e-01  0.000000e+00 -1.058413e-01  2.914410e-01
 6.30000e+00  1.20000e+00       9.384e+02  6.927027e-01  0.000000e+00 -3.622112e-02  3.072973e-01
 7.00000e+00  1.20000e+00       3.352e+01  4.686646e-01  0.000000e+00  7.449813e-01  5.313354e-01
-7.00000e+00  1.60000e+00       2.842e+01  1.656364e-01  0.000000e+00 -9.047734e-01  8.343636e-01
-6.30000e+00  1.60000e+00       3.149e+02  5.198211e-01  0.000000e+00  9.587011e-02  4.801789e-01
-5.60000e+00  1.60000e+00       4.369e+04  6.304449e-01  0.000000e+00  2.663017e-01  3.695551e-01
-4.90000e+00  1.60000e+00       2.348e+06  6.348234e-01  0.000000e+00  2.524865e-01  3.651766e-01
-4.20000e+00  1.60000e+00       4.447e+07  6.397980e-01  0.000000e+00  2.278387e-01  3.602020e-01
-3.50000e+00  1.60000e+00       3.307e+08  6.447210e-01  0.000000e+00  1.903894e-01  3.552790e-01
-2.80000e+00  1.60000e+00       1.161e+09  6.464260e-01  0.000000e+00  1.394128e-01  3.535740e-01
-2.10000e+00  1.60000e+00       2.461e+09  6.419506e-01  0.000000e+00  8.465535e-02  3.580494e-01
-1.40000e+00  1.60000e+00       3.873e+09  6.322449e-01  0.000000e+00  4.239806e-02  3.677551e-01
-7.00000e-01  1.60000e+00       5.213e+09  6.209039e-01  0.000000e+00  1.647672e-02  3.790961e-01
 0.00000e+00  1.60000e+00       5.979e+09  6.158814e-01  0.000000e+00  1.335890e-15  3.841186e-01
 7.00000e-01  1.60000e+00       5.213e+09  6.209039e-01  0.000000e+00 -1.647672e-02  3.790961e-01
 1.40000e+00  1.60000e+00       3.873e+09  6.322449e-01  0.000000e+00 -4.239806e-02  3.677551e-01
 2.10000e+00  1.60000e+00       2.461e+09  6.419506e-01  0.000000e+00 -8.465535e-02  3.580494e-01
 2.80000e+00  1.60000e+00       1.161e+09  6.464260e-01  0.000000e+00 -1.394128e-01  3.535740e-01
 3.50000e+00  1.60000e+00       3.307e+08  6.447210e-01  0.000000e+00 -1.903894e-01  3.552790e-01
 4.20000e+00  1.60000e+00       4.447e+07  6.397980e-01  0.000000e+00 -2.278387e-01  3.602020e-01
 4.90000e+00  1.60000e+00       2.348e+06  6.348234e-01  0.000000e+00 -2.524865e-01  3.651766e-01
 5.60000e+00  1.60000e+00       4.369e+04  6.304449e-01  0.000000e+00 -2.663017e-01  3.695551e-01
 6.30000e+00  1.60000e+00       3.149e+02  5.198211e-01  0.000000e+00 -9.587011e-02  4.801789e-01
 7.00000e+00  1.60000e+00       2.842e+01  1.656364e-01  0.000000e+00  9.047734e-01  8.343636e-01
-7.00000e+00  2.00000e+00       2.755e+01  5.322036e-02  0.000000e+00 -7.285632e-01  9.467796e-01
-6.30000e+00  2.00000e+00       8.787e+02  3.839499e-01  0.000000e+00  4.105964e-01  6.160501e-01
-5.60000e+00  2.00000e+00       5.894e+04  4.359941e-01  0.000000e+00  4.486157e-01  5.640059e-01
-4.90000e+00  2.00000e+00       1.547e+06  4.732919e-01  0.000000e+00  3.965940e-01  5.267081e-01
-4.20000e+00  2.00000e+00       1.974e+07  5.276179e-01  0.000000e+00  3.086965e-01  4.723821e-01
-3.50000e+00  2.00000e+00       1.398e+08  5.640039e-01  0.000000e+00  2.299578e-01  4.359961e-01
-2.80000e+00  2.00000e+00       5.371e+08  5.763673e-01  0.000000e+00  1.673419e-01  4.236327e-01
-2.10000e+00  2.00000e+00       1.226e+09  5.758196e-01  0.000000e+00  1.105166e-01  4.241804e-01
-1.40000e+00  2.00000e+00       1.925e+09  5.677841e-01  0.000000e+00  6.448963e-02  4.322159e-01
-7.00000e-01  2.00000e+00       2.346e+09  5.567996e-01  0.000000e+00  2.922599e-02  4.432004e-01
 0.00000e+00  2.00000e+00       2.443e+09  5.501504e-01  0.000000e+00  1.244018e-16  4.498496e-01
 7.00000e-01  2.00000e+00       2.346e+09  5.567996e-01  0.000000e+00 -2.922599e-02  4.432004e-01
 1.40000e+00  2.00000e+00       1.925e+09  5.677841e-01  0.000000e+00 -6.448963e-02  4.322159e-01
 2.10000e+00  2.00000e+00       1.226e+09  5.758196e-01  0.000000e+00 -1.105166e-01  4.241804e-01
 2.80000e+00  2.00000e+00       5.371e+08  5.763673e-01  0.000000e+00 -1.673419e-01  4.236327e-01
 3.50000e+00  2.00000e+00       1.398e+08  5.640039e-01  0.000000e+00 -2.299578e-01  4.359961e-01
 4.20000e+00  2.00000e+00       1.974e+07  5.276179e-01  0.000000e+00 -3.086965e-01  4.723821e-01
 4.90000e+00  2.00000e+00       1.547e+06  4.732919e-01  0.000000e+00 -3.965940e-01  5.267081e-01
 5.60000e+00  2.00000e+00       5.894e+04  4.359941e-01  0.000000e+00 -4.486157e-01  5.640059e-01
 6.30000e+00  2.00000e+00       8.787e+02  3.839499e-01  0.000000e+00 -4.105964e-01  6.160501e-01
 7.00000e+00  2.00000e+00       2.755e+01  5.322037e-02  0.000000e+00  7.285632e-01  9.467796e-01
-7.00000e+00  2.40000e+00       2.052e+01 -1.110592e-01  0.000000e+00 -9.339192e-01  8.889408e-01
-6.30000e+00  2.40000e+00       3.043e+01 -4.506789e-01  0.000000e+00 -7.301811e-01  5.493211e-01
-5.60000e+00  2.40000e+00       1.276e+02  2.076498e-01  0.000000e+00 -1.872387e-01  7.923502e-01
-4.90000e+00  2.40000e+00       7.799e+03  5.809616e-01  0.000000e+00  1.526812e-01  4.190384e-01
-4.20000e+00  2.40000e+00       3.849e+05  5.344365e-01  0.000000e+00  1.888810e-01  4.655635e-01
-3.50000e+00  2.40000e+00       7.647e+06  5.297308e-01  0.000000e+00  1.665297e-01  4.702692e-01
-2.80000e+00  2.40000e+00       6.966e+07  5.302005e-01  0.000000e+00  1.288725e-01  4.697995e-01
-2.10000e+00  2.40000e+00       3.204e+08  5.272281e-01  0.000000e+00  9.531820e-02  4.727719e-01
-1.40000e+00  2.40000e+00       7.506e+08  5.206554e-01  0.000000e+00  6.831193e-02  4.793446e-01
-7.00000e-01  2.40000e+00       9.427e+08  5.095567e-01  0.000000e+00  4.119450e-02  4.904433e-01
 0.00000e+00  2.40000e+00       8.749e+08  4.985355e-01  0.000000e+00 -1.167220e-16  5.014645e-01
 7.00000e-01  2.40000e+00       9.427e+08  5.095567e-01  0.000000e+00 -4.119450e-02  4.904433e-01
 1.40000e+00  2.40000e+00       7.506e+08  5.206554e-01  0.000000e+00 -6.831193e-02  4.793446e-01
 2.10000e+00  2.40000e+00       3.204e+08  5.272281e-01  0.000000e+00 -9.531820e-02  4.727719e-01
 2.80000e+00  2.40000e+00       6.966e+07  5.302005e-01  0.000000e+00 -1.288725e-01  4.697995e-01
 3.50000e+00  2.40000e+00       7.647e+06  5.297308e-01  0.000000e+00 -1.665297e-01  4.702692e-01
 4.20000e+00  2.40000e+00       3.849e+05  5.344365e-01  0.000000e+00 -1.888810e-01  4.655635e-01
 4.90000e+00  2.40000e+00       7.799e+03  5.809616e-01  0.000000e+00 -1.526812e-01  4.190384e-01
 5.60000e+00  2.40000e+00       1.276e+02  2.076498e-01  0.000000e+00  1.872387e-01  7.923502e-01
 6.30000e+00  2.40000e+00       3.043e+01 -4.506789e-01  0.000000e+00  7.301811e-01  5.493211e-01
 7.00000e+00  2.40000e+00       2.052e+01 -1.110592e-01  0.000000e+00  9.339192e-01  8.889408e-01
-7.00000e+00  2.80000e+00       2.230e+01 -2.617396e-01  0.000000e+00 -9.277908e-01  7.382604e-01
-6.30000e+00  2.80000e+00       3.208e+01 -4.787140e-01  0.000000e+00 -7.636904e-01  5.212860e-01
-5.60000e+00  2.80000e+00       7.756e+01  1.308685e-01  0.000000e+00 -3.138851e-01  8.691315e-01
-4.90000e+00  2.80000e+00       6.511e+02  9.800753e-01  0.000000e+00 -1.766017e-01  1.992472e-02
-4.20000e+00  2.80000e+00       6.540e+02  8.124543e-01  0.000000e+00 -2.216230e+00  1.875457e-01
-3.50000e+00  2.80000e+00       3.238e+04  8.162658e-01  0.000000e+00 -4.767084e-01  1.837342e-01
-2.80000e+00  2.80000e+00       1.182e+05  4.879409e-01  0.000000e+00 -5.358268e-01  5.120591e-01
-2.10000e+00  2.80000e+00       1.732e+06  2.293212e-01  0.000000e+00  3.276113e-02  7.706788e-01
-1.40000e+00  2.80000e+00       4.269e+07  4.338214e-01  0.000000e+00  1.601552e-02  5.661786e-01
-7.00000e-01  2.80000e+00       2.601e+08  4.603287e-01  0.000000e+00  3.251044e-03  5.396713e-01
 0.00000e+00  2.80000e+00       4.689e+08  4.625923e-01  0.000000e+00 -5.655046e-18  5.374077e-01
 7.00000e-01  2.80000e+00       2.601e+08  4.603287e-01  0.000000e+00 -3.251044e-03  5.396713e-01
 1.40000e+00  2.80000e+00       4.269e+07  4.338214e-01  0.000000e+00 -1.601552e-02  5.661786e-01
 2.10000e+00  2.80000e+00       1.732e+06  2.293212e-01  0.000000e+00 -3.276113e-02  7.706788e-01
 2.80000e+00  2.80000e+00       1.182e+05  4.879409e-01  0.000000e+00  5.358268e-01  5.120591e-01
 3.50000e+00  2.80000e+00       3.238e+04  8.162658e-01  0.000000e+00  4.767084e-01  1.837342e-01
 4.20000e+00  2.80000e+00       6.540e+02  8.124543e-01  0.000000e+00  2.216230e+00  1.875457e-01
 4.90000e+00  2.80000e+00       6.511e+02  9.800753e-01  0.000000e+00  1.766017e-01  1.992472e-02
 5.60000e+00  2.80000e+00       7.756e+01  1.308685e-01  0.000000e+00  3.138851e-01  8.691315e-01
 6.30000e+00  2.80000e+00       3.208e+01 -4.787140e-01  0.000000e+00  7.636904e-01  5.212860e-01
 7.00000e+00  2.80000e+00       2.230e+01 -2.617396e-01  0.000000e+00  9.277908e-01  7.382604e-01
-7.00000e+00  3.20000e+00       1.634e+01 -3.838658e-01  0.000000e+00 -8.989369e-01  6.161342e-01
-6.30000e+00  3.20000e+00       2.278e+01 -5.459749e-01  0.000000e+00 -7.194581e-01  4.540251e-01
-5.60000e+00  3.20000e+00       6.330e+01  1.407921e-01  0.000000e+00 -2.511979e-01  8.592079e-01
-4.90000e+00  3.20000e+00       5.908e+02  9.035936e-01  0.000000e+00 -8.944266e-02  9.640643e-02
-4.20000e+00  3.20000e+00       1.105e+03  7.522085e-01  0.000000e+00 -6.987508e-01  2.477915e-01
-3.50000e+00  3.20000e+00       2.391e+04  7.355923e-01  0.000000e+00 -3.950865e-01  2.644077e-01
-2.80000e+00  3.20000e+00       6.840e+04 -1.203337e-01  0.000000e+00 -5.670322e-01  8.796663e-01
-2.10000e+00  3.20000e+00       3.195e+06  3.642841e-01  0.000000e+00  2.907604e-02  6.357159e-01
-1.40000e+00  3.20000e+00       5.448e+07  4.471009e-01  0.000000e+00  1.945487e-02  5.528991e-01
-7.00000e-01  3.20000e+00       2.812e+08  4.617311e-01  0.000000e+00  7.808485e-03  5.382689e-01
 0.00000e+00  3.20000e+00       4.804e+08  4.625364e-01  0.000000e+00 -2.810966e-16  5.374636e-01
 7.00000e-01  3.20000e+00       2.812e+08  4.617311e-01  0.000000e+00 -7.808485e-03  5.382689e-01
 1.40000e+00  3.20000e+00       5.448e+07  4.471009e-01  0.000000e+00 -1.945487e-02  5.528991e-01
 2.10000e+00  3.20000e+00       3.195e+06  3.642841e-01  0.000000e+00 -2.907604e-02  6.357159e-01
 2.80000e+00  3.20000e+00       6.840e+04 -1.203337e-01  0.000000e+00  5.670322e-01  8.796663e-01
 3.50000e+00  3.20000e+00       2.391e+04  7.355923e-01  0.000000e+00  3.950865e-01  2.644077e-01
 4.20000e+00  3.20000e+00       1.105e+03  7.522085e-01  0.000000e+00  6.987508e-01  2.477915e-01
 4.90000e+00  3.20000e+00       5.908e+02  9.035936e-01  0.000000e+00  8.944266e-02  9.640643e-02
 5.60000e+00  3.20000e+00       6.330e+01  1.407921e-01  0.000000e+00  2.511979e-01  8.592079e-01
 6.30000e+00  3.20000e+00       2.278e+01 -5.459749e-01  0.000000e+00  7.194581e-01  4.540251e-01
 7.00000e+00  3.20000e+00       1.634e+01 -3.838658e-01  0.000000e+00  8.989369e-01  6.161342e-01
-7.00000e+00  3.60000e+00       1.076e+01 -6.274129e-01  0.000000e+00 -7.616336e-01  3.725871e-01
-6.30000e+00  3.60000e+00       2.342e+01 -6.557491e-01  0.000000e+00 -6.713436e-01  3.442509e-01
-5.60000e+00  3.60000e+00       5.149e+01  1.903014e-01  0.000000e+00 -2.553414e-01  8.096986e-01
-4.90000e+00  3.60000e+00       4.970e+02  9.369571e-01  0.000000e+00 -6.429647e-02  6.304285e-02
-4.20000e+00  3.60000e+00       1.118e+03  7.340972e-01  0.000000e+00 -4.405202e-01  2.659028e-01
-3.50000e+00  3.60000e+00       1.883e+04  6.781351e-01  0.000000e+00 -3.310763e-01  3.218649e-01
-2.80000e+00  3.60000e+00       7.783e+04 -2.819130e-01  0.000000e+00 -2.777269e-01  7.180870e-01
-2.10000e+00  3.60000e+00       4.301e+06  4.137945e-01  0.000000e+00  4.498407e-02  5.862055e-01
-1.40000e+00  3.60000e+00       5.406e+07  4.577976e-01  0.000000e+00  3.387427e-02  5.422024e-01
-7.00000e-01  3.60000e+00       2.301e+08  4.664571e-01  0.000000e+00  1.721962e-02  5.335429e-01
 0.00000e+00  3.60000e+00       3.661e+08  4.657558e-01  0.000000e+00  1.482042e-16  5.342442e-01
 7.00000e-01  3.60000e+00       2.301e+08  4.664571e-01  0.000000e+00 -1.721962e-02  5.335429e-01
 1.40000e+00  3.60000e+00       5.406e+07  4.577976e-01  0.000000e+00 -3.387427e-02  5.422024e-01
 2.10000e+00  3.60000e+00       4.301e+06  4.137945e-01  0.000000e+00 -4.498407e-02  5.862055e-01
 2.80000e+00  3.60000e+00       7.783e+04 -2.819130e-01  0.000000e+00  2.777269e-01  7.180870e-01
 3.50000e+00  3.60000e+00       1.883e+04  6.781351e-01  0.000000e+00  3.310763e-01  3.218649e-01
 4.20000e+00  3.60000e+00       1.118e+03  7.340972e-01  0.000000e+00  4.405202e-01  2.659028e-01
 4.90000e+00  3.60000e+00       4.970e+02  9.369571e-01  0.000000e+00  6.429647e-02  6.304285e-02
 5.60000e+00  3.60000e+00       5.149e+01  1.903014e-01  0.000000e+00  2.553414e-01  8.096986e-01
 6.30000e+00  3.60000e+00       2.342e+01 -6.557491e-01  0.000000e+00  6.713436e-01  3.442509e-01
 7.00000e+00  3.60000e+00       1.076e+01 -6.274129e-01  0.000000e+00  7.616336e-01  3.725871e-01
-7.00000e+00  4.00000e+00       3.452e+00 -8.433432e-01  0.000000e+00 -5.237920e-01  1.566568e-01
-6.30000e+00  4.00000e+00       1.551e+01 -8.105210e-01  0.000000e+00 -4.841435e-01  1.894790e-01
-5.60000e+00  4.00000e+00       4.858e+01  6.866214e-02  0.000000e+00 -2.261049e-01  9.313379e-01
-4.90000e+00  4.00000e+00       4.452e+02  8.876569e-01  0.000000e+00 -4.862771e-02  1.123431e-01
-4.20000e+00  4.00000e+00       1.093e+03  6.810123e-01  0.000000e+00 -2.949672e-01  3.189877e-01
-3.50000e+00  4.00000e+00       1.468e+04  5.436071e-01  0.000000e+00 -2.746924e-01  4.563929e-01
-2.80000e+00  4.00000e+00       2.184e+05  2.668450e-01  0.000000e+00  3.849049e-03  7.331550e-01
-2.10000e+00  4.00000e+00       6.250e+06  4.567672e-01  0.000000e+00  7.310045e-02  5.432328e-01
-1.40000e+00  4.00000e+00       5.517e+07  4.751284e-01  0.000000e+00  5.915452e-02  5.248716e-01
-7.00000e-01  4.00000e+00       1.814e+08  4.770911e-01  0.000000e+00  3.403609e-02  5.229089e-01
 0.00000e+00  4.00000e+00       2.601e+08  4.737551e-01  0.000000e+00 -1.130511e-16  5.262449e-01
 7.00000e-01  4.00000e+00       1.814e+08  4.770911e-01  0.000000e+00 -3.403609e-02  5.229089e-01
 1.40000e+00  4.00000e+00       5.517e+07  4.751284e-01  0.000000e+00 -5.915452e-02  5.248716e-01
 2.10000e+00  4.00000e+00       6.250e+06  4.567672e-01  0.000000e+00 -7.310045e-02  5.432328e-01
 2.80000e+00  4.00000e+00       2.184e+05  2.668450e-01  0.000000e+00 -3.849049e-03  7.331550e-01
 3.50000e+00  4.00000e+00       1.468e+04  5.436071e-01  0.000000e+00  2.746924e-01  4.563929e-01
 4.20000e+00  4.00000e+00       1.093e+03  6.810123e-01  0.000000e+00  2.949672e-01  3.189877e-01
 4.90000e+00  4.00000e+00       4.452e+02  8.876569e-01  0.000000e+00  4.862771e-02  1.123431e-01
 5.60000e+00  4.00000e+00       4.858e+01  6.866214e-02  0.000000e+00  2.261049e-01  9.313379e-01
 6.30000e+00  4.00000e+00       1.551e+01 -8.105210e-01  0.000000e+00  4.841435e-01  1.894790e-01
 7.00000e+00  4.00000e+00       3.452e+00 -8.433432e-01  0.000000e+00  5.237921e-01  1.566568e-01
