 EB(GeV)    EMITTANCEx EMITTANCEy SIZEx(m)   SIZEy(m)   DIVx(rad)  DIVy(rad)
 2.411e+00  5.499e-09  1.017e-12  8.711e-05  1.009e-06  6.313e-05  1.009e-06
 betax      alphax     betay      alphay     eta        deta       E_spread  
 1.380e+00  0.000e+00  1.000e+00  0.000e+00  0.000e+00  0.000e+00  8.600e-04
 Ibeam(A)   period(cm) #periods   Kx         Ky         Energy(eV)
 4.005e-01  1.900e+00         96  0.000e+00  1.780e+00  1.819e+04


           x            y       F.Density            PL            PC          PL45        1-|PL|
          mm           mm  ph/s/mr^2/0.1%             -             -             -             -
-7.00000e+00 -4.00000e+00       2.117e+02  4.078489e-01  0.000000e+00  3.884240e-01  5.921511e-01
-6.30000e+00 -4.00000e+00       5.205e+03  9.299424e-01  0.000000e+00 -2.265823e-02  7.005761e-02
-5.60000e+00 -4.00000e+00       2.567e+05  9.244555e-01  0.000000e+00 -6.288019e-02  7.554450e-02
-4.90000e+00 -4.00000e+00       5.642e+06  8.729978e-01  0.000000e+00 -9.708409e-02  1.270022e-01
-4.20000e+00 -4.00000e+00       4.509e+07  8.191432e-01  0.000000e+00 -1.340595e-01  1.808568e-01
-3.50000e+00 -4.00000e+00       1.100e+08  7.283760e-01  0.000000e+00 -1.929902e-01  2.716240e-01
-2.80000e+00 -4.00000e+00       8.733e+07  5.591547e-01  0.000000e+00 -4.011784e-01  4.408453e-01
-2.10000e+00 -4.00000e+00       1.513e+09  9.893921e-01  0.000000e+00 -6.858284e-02  1.060792e-02
-1.40000e+00 -4.00000e+00       6.793e+09  9.986421e-01  0.000000e+00 -3.467313e-02  1.357908e-03
-7.00000e-01 -4.00000e+00       1.416e+10  9.534566e-01  0.000000e+00 -3.185992e-03  4.654343e-02
 0.00000e+00 -4.00000e+00       1.684e+10  9.238749e-01  0.000000e+00  1.510201e-15  7.612512e-02
 7.00000e-01 -4.00000e+00       1.416e+10  9.534566e-01  0.000000e+00  3.185992e-03  4.654343e-02
 1.40000e+00 -4.00000e+00       6.793e+09  9.986421e-01  0.000000e+00  3.467313e-02  1.357908e-03
 2.10000e+00 -4.00000e+00       1.513e+09  9.893921e-01  0.000000e+00  6.858284e-02  1.060792e-02
 2.80000e+00 -4.00000e+00       8.733e+07  5.591547e-01  0.000000e+00  4.011784e-01  4.408453e-01
 3.50000e+00 -4.00000e+00       1.100e+08  7.283760e-01  0.000000e+00  1.929902e-01  2.716240e-01
 4.20000e+00 -4.00000e+00       4.509e+07  8.191432e-01  0.000000e+00  1.340595e-01  1.808568e-01
 4.90000e+00 -4.00000e+00       5.642e+06  8.729978e-01  0.000000e+00  9.708409e-02  1.270022e-01
 5.60000e+00 -4.00000e+00       2.567e+05  9.244555e-01  0.000000e+00  6.288019e-02  7.554450e-02
 6.30000e+00 -4.00000e+00       5.205e+03  9.299424e-01  0.000000e+00  2.265823e-02  7.005761e-02
 7.00000e+00 -4.00000e+00       2.117e+02  4.078487e-01  0.000000e+00 -3.884244e-01  5.921513e-01
-7.00000e+00 -3.60000e+00       3.100e+02  2.910749e-01  0.000000e+00  3.664969e-01  7.089251e-01
-6.30000e+00 -3.60000e+00       4.529e+03  2.561108e-01  0.000000e+00 -6.265437e-01  7.438892e-01
-5.60000e+00 -3.60000e+00       2.391e+05  1.130317e-02  0.000000e+00 -7.206744e-01  9.886968e-01
-4.90000e+00 -3.60000e+00       5.440e+06  1.621090e-01  0.000000e+00 -6.017397e-01  8.378910e-01
-4.20000e+00 -3.60000e+00       4.182e+07  1.862425e-01  0.000000e+00 -5.640606e-01  8.137575e-01
-3.50000e+00 -3.60000e+00       8.146e+07 -7.069024e-01  0.000000e+00 -1.077965e+00  2.930976e-01
-2.80000e+00 -3.60000e+00       6.833e+08  4.624499e-01  0.000000e+00 -3.127730e-01  5.375501e-01
-2.10000e+00 -3.60000e+00       2.822e+09  8.030266e-01  0.000000e+00 -1.351389e-01  1.969734e-01
-1.40000e+00 -3.60000e+00       9.270e+09  9.258101e-01  0.000000e+00 -5.481461e-02  7.418990e-02
-7.00000e-01 -3.60000e+00       1.805e+10  9.158713e-01  0.000000e+00 -7.083343e-03  8.412868e-02
 0.00000e+00 -3.60000e+00       2.129e+10  8.931448e-01  0.000000e+00  1.546348e-15  1.068552e-01
 7.00000e-01 -3.60000e+00       1.805e+10  9.158713e-01  0.000000e+00  7.083343e-03  8.412868e-02
 1.40000e+00 -3.60000e+00       9.270e+09  9.258101e-01  0.000000e+00  5.481461e-02  7.418990e-02
 2.10000e+00 -3.60000e+00       2.822e+09  8.030266e-01  0.000000e+00  1.351389e-01  1.969734e-01
 2.80000e+00 -3.60000e+00       6.833e+08  4.624499e-01  0.000000e+00  3.127730e-01  5.375501e-01
 3.50000e+00 -3.60000e+00       8.146e+07 -7.069024e-01  0.000000e+00  1.077965e+00  2.930976e-01
 4.20000e+00 -3.60000e+00       4.182e+07  1.862425e-01  0.000000e+00  5.640606e-01  8.137575e-01
 4.90000e+00 -3.60000e+00       5.440e+06  1.621090e-01  0.000000e+00  6.017397e-01  8.378910e-01
 5.60000e+00 -3.60000e+00       2.391e+05  1.130317e-02  0.000000e+00  7.206744e-01  9.886968e-01
 6.30000e+00 -3.60000e+00       4.529e+03  2.561108e-01  0.000000e+00  6.265437e-01  7.438892e-01
 7.00000e+00 -3.60000e+00       3.100e+02  2.910749e-01  0.000000e+00 -3.664969e-01  7.089251e-01
-7.00000e+00 -3.20000e+00       9.932e+04 -2.584657e-01  0.000000e+00 -5.958843e-01  7.415343e-01
-6.30000e+00 -3.20000e+00       2.927e+06 -2.544668e-01  0.000000e+00 -6.021229e-01  7.455332e-01
-5.60000e+00 -3.20000e+00       2.775e+07 -2.263246e-01  0.000000e+00 -6.043532e-01  7.736754e-01
-4.90000e+00 -3.20000e+00       1.103e+08 -1.093455e-01  0.000000e+00 -6.119844e-01  8.906545e-01
-4.20000e+00 -3.20000e+00       3.429e+08  7.514265e-02  0.000000e+00 -6.069233e-01  9.248573e-01
-3.50000e+00 -3.20000e+00       9.114e+08  2.253538e-01  0.000000e+00 -5.136423e-01  7.746462e-01
-2.80000e+00 -3.20000e+00       1.838e+09  4.319733e-01  0.000000e+00 -3.362395e-01  5.680267e-01
-2.10000e+00 -3.20000e+00       4.279e+09  7.355613e-01  0.000000e+00 -1.552482e-01  2.644387e-01
-1.40000e+00 -3.20000e+00       1.216e+10  8.931487e-01  0.000000e+00 -6.011632e-02  1.068513e-01
-7.00000e-01 -3.20000e+00       2.343e+10  8.900216e-01  0.000000e+00 -6.096928e-03  1.099784e-01
 0.00000e+00 -3.20000e+00       2.785e+10  8.675305e-01  0.000000e+00  1.679223e-15  1.324695e-01
 7.00000e-01 -3.20000e+00       2.343e+10  8.900216e-01  0.000000e+00  6.096928e-03  1.099784e-01
 1.40000e+00 -3.20000e+00       1.216e+10  8.931487e-01  0.000000e+00  6.011632e-02  1.068513e-01
 2.10000e+00 -3.20000e+00       4.279e+09  7.355613e-01  0.000000e+00  1.552482e-01  2.644387e-01
 2.80000e+00 -3.20000e+00       1.838e+09  4.319733e-01  0.000000e+00  3.362395e-01  5.680267e-01
 3.50000e+00 -3.20000e+00       9.114e+08  2.253538e-01  0.000000e+00  5.136423e-01  7.746462e-01
 4.20000e+00 -3.20000e+00       3.429e+08  7.514265e-02  0.000000e+00  6.069233e-01  9.248573e-01
 4.90000e+00 -3.20000e+00       1.103e+08 -1.093455e-01  0.000000e+00  6.119844e-01  8.906545e-01
 5.60000e+00 -3.20000e+00       2.775e+07 -2.263246e-01  0.000000e+00  6.043532e-01  7.736754e-01
 6.30000e+00 -3.20000e+00       2.927e+06 -2.544668e-01  0.000000e+00  6.021229e-01  7.455332e-01
 7.00000e+00 -3.20000e+00       9.932e+04 -2.584657e-01  0.000000e+00  5.958843e-01  7.415343e-01
-7.00000e+00 -2.80000e+00       1.395e+06 -5.009707e-01  0.000000e+00 -4.203261e-01  4.990293e-01
-6.30000e+00 -2.80000e+00       1.962e+07 -4.402905e-01  0.000000e+00 -4.591082e-01  5.597095e-01
-5.60000e+00 -2.80000e+00       1.104e+08 -3.230766e-01  0.000000e+00 -5.101528e-01  6.769234e-01
-4.90000e+00 -2.80000e+00       3.299e+08 -1.133294e-01  0.000000e+00 -5.608736e-01  8.866706e-01
-4.20000e+00 -2.80000e+00       7.645e+08  1.074353e-01  0.000000e+00 -5.623174e-01  8.925647e-01
-3.50000e+00 -2.80000e+00       1.629e+09  2.846586e-01  0.000000e+00 -4.531967e-01  7.153414e-01
-2.80000e+00 -2.80000e+00       3.356e+09  4.618187e-01  0.000000e+00 -2.807527e-01  5.381813e-01
-2.10000e+00 -2.80000e+00       7.496e+09  6.717392e-01  0.000000e+00 -1.493521e-01  3.282608e-01
-1.40000e+00 -2.80000e+00       1.832e+10  8.303373e-01  0.000000e+00 -6.925320e-02  1.696627e-01
-7.00000e-01 -2.80000e+00       3.251e+10  8.614858e-01  0.000000e+00 -8.124363e-03  1.385142e-01
 0.00000e+00 -2.80000e+00       3.762e+10  8.545422e-01  0.000000e+00  1.799733e-15  1.454578e-01
 7.00000e-01 -2.80000e+00       3.251e+10  8.614858e-01  0.000000e+00  8.124363e-03  1.385142e-01
 1.40000e+00 -2.80000e+00       1.832e+10  8.303373e-01  0.000000e+00  6.925320e-02  1.696627e-01
 2.10000e+00 -2.80000e+00       7.496e+09  6.717392e-01  0.000000e+00  1.493521e-01  3.282608e-01
 2.80000e+00 -2.80000e+00       3.356e+09  4.618187e-01  0.000000e+00  2.807527e-01  5.381813e-01
 3.50000e+00 -2.80000e+00       1.629e+09  2.846586e-01  0.000000e+00  4.531967e-01  7.153414e-01
 4.20000e+00 -2.80000e+00       7.645e+08  1.074353e-01  0.000000e+00  5.623174e-01  8.925647e-01
 4.90000e+00 -2.80000e+00       3.299e+08 -1.133294e-01  0.000000e+00  5.608736e-01  8.866706e-01
 5.60000e+00 -2.80000e+00       1.104e+08 -3.230766e-01  0.000000e+00  5.101528e-01  6.769234e-01
 6.30000e+00 -2.80000e+00       1.962e+07 -4.402905e-01  0.000000e+00  4.591082e-01  5.597095e-01
 7.00000e+00 -2.80000e+00       1.395e+06 -5.009707e-01  0.000000e+00  4.203261e-01  4.990293e-01
-7.00000e+00 -2.40000e+00       8.079e+06 -6.572730e-01  0.000000e+00 -5.251086e-02  3.427270e-01
-6.30000e+00 -2.40000e+00       5.311e+07 -5.632939e-01  0.000000e+00 -2.025494e-01  4.367061e-01
-5.60000e+00 -2.40000e+00       1.956e+08 -3.472400e-01  0.000000e+00 -3.932465e-01  6.527600e-01
-4.90000e+00 -2.40000e+00       5.662e+08 -4.036266e-02  0.000000e+00 -5.150508e-01  9.596373e-01
-4.20000e+00 -2.40000e+00       1.458e+09  1.975384e-01  0.000000e+00 -4.785286e-01  8.024616e-01
-3.50000e+00 -2.40000e+00       3.615e+09  3.468537e-01  0.000000e+00 -3.143169e-01  6.531463e-01
-2.80000e+00 -2.40000e+00       9.032e+09  4.104703e-01  0.000000e+00 -1.679274e-01  5.895297e-01
-2.10000e+00 -2.40000e+00       2.113e+10  4.167347e-01  0.000000e+00 -1.283448e-01  5.832653e-01
-1.40000e+00 -2.40000e+00       4.375e+10  4.670852e-01  0.000000e+00 -1.309121e-01  5.329148e-01
-7.00000e-01 -2.40000e+00       6.723e+10  5.830284e-01  0.000000e+00 -8.135036e-02  4.169716e-01
 0.00000e+00 -2.40000e+00       7.447e+10  6.510323e-01  0.000000e+00 -2.084733e-16  3.489677e-01
 7.00000e-01 -2.40000e+00       6.723e+10  5.830284e-01  0.000000e+00  8.135036e-02  4.169716e-01
 1.40000e+00 -2.40000e+00       4.375e+10  4.670852e-01  0.000000e+00  1.309121e-01  5.329148e-01
 2.10000e+00 -2.40000e+00       2.113e+10  4.167347e-01  0.000000e+00  1.283448e-01  5.832653e-01
 2.80000e+00 -2.40000e+00       9.032e+09  4.104703e-01  0.000000e+00  1.679274e-01  5.895297e-01
 3.50000e+00 -2.40000e+00       3.615e+09  3.468537e-01  0.000000e+00  3.143169e-01  6.531463e-01
 4.20000e+00 -2.40000e+00       1.458e+09  1.975384e-01  0.000000e+00  4.785286e-01  8.024616e-01
 4.90000e+00 -2.40000e+00       5.662e+08 -4.036266e-02  0.000000e+00  5.150508e-01  9.596373e-01
 5.60000e+00 -2.40000e+00       1.956e+08 -3.472400e-01  0.000000e+00  3.932465e-01  6.527600e-01
 6.30000e+00 -2.40000e+00       5.311e+07 -5.632939e-01  0.000000e+00  2.025494e-01  4.367061e-01
 7.00000e+00 -2.40000e+00       8.079e+06 -6.572730e-01  0.000000e+00  5.251086e-02  3.427270e-01
-7.00000e+00 -2.00000e+00       1.035e+07 -6.009448e-01  0.000000e+00  1.115517e-01  3.990552e-01
-6.30000e+00 -2.00000e+00       6.708e+07 -4.888777e-01  0.000000e+00 -1.126922e-01  5.111223e-01
-5.60000e+00 -2.00000e+00       3.111e+08 -1.604433e-01  0.000000e+00 -3.240291e-01  8.395567e-01
-4.90000e+00 -2.00000e+00       1.663e+09  2.410311e-01  0.000000e+00 -2.596971e-01  7.589689e-01
-4.20000e+00 -2.00000e+00       9.832e+09  3.688179e-01  0.000000e+00 -1.019111e-01  6.311821e-01
-3.50000e+00 -2.00000e+00       4.834e+10  3.929464e-01  0.000000e+00 -4.287182e-02  6.070536e-01
-2.80000e+00 -2.00000e+00       1.724e+11  4.275996e-01  0.000000e+00 -8.393328e-03  5.724004e-01
-2.10000e+00 -2.00000e+00       4.581e+11  5.311794e-01  0.000000e+00 -1.586564e-02  4.688206e-01
-1.40000e+00 -2.00000e+00       9.264e+11  6.093439e-01  0.000000e+00 -1.420232e-01  3.906561e-01
-7.00000e-01 -2.00000e+00       1.339e+12  5.237568e-01  0.000000e+00 -2.385410e-01  4.762432e-01
 0.00000e+00 -2.00000e+00       1.452e+12  4.425044e-01  0.000000e+00  1.211875e-15  5.574956e-01
 7.00000e-01 -2.00000e+00       1.339e+12  5.237568e-01  0.000000e+00  2.385410e-01  4.762432e-01
 1.40000e+00 -2.00000e+00       9.264e+11  6.093439e-01  0.000000e+00  1.420232e-01  3.906561e-01
 2.10000e+00 -2.00000e+00       4.581e+11  5.311794e-01  0.000000e+00  1.586564e-02  4.688206e-01
 2.80000e+00 -2.00000e+00       1.724e+11  4.275996e-01  0.000000e+00  8.393328e-03  5.724004e-01
 3.50000e+00 -2.00000e+00       4.834e+10  3.929464e-01  0.000000e+00  4.287182e-02  6.070536e-01
 4.20000e+00 -2.00000e+00       9.832e+09  3.688179e-01  0.000000e+00  1.019111e-01  6.311821e-01
 4.90000e+00 -2.00000e+00       1.663e+09  2.410311e-01  0.000000e+00  2.596971e-01  7.589689e-01
 5.60000e+00 -2.00000e+00       3.111e+08 -1.604433e-01  0.000000e+00  3.240291e-01  8.395567e-01
 6.30000e+00 -2.00000e+00       6.708e+07 -4.888777e-01  0.000000e+00  1.126922e-01  5.111223e-01
 7.00000e+00 -2.00000e+00       1.035e+07 -6.009448e-01  0.000000e+00 -1.115517e-01  3.990552e-01
-7.00000e+00 -1.60000e+00       1.601e+07 -3.280269e-01  0.000000e+00  3.312669e-01  6.719731e-01
-6.30000e+00 -1.60000e+00       1.501e+08  1.915851e-01  0.000000e+00  6.922036e-02  8.084149e-01
-5.60000e+00 -1.60000e+00       2.069e+09  4.432556e-01  0.000000e+00  9.167160e-02  5.567444e-01
-4.90000e+00 -1.60000e+00       2.415e+10  4.138245e-01  0.000000e+00  9.075282e-03  5.861755e-01
-4.20000e+00 -1.60000e+00       1.920e+11  4.744354e-01  0.000000e+00 -5.139669e-02  5.255646e-01
-3.50000e+00 -1.60000e+00       9.398e+11  5.043622e-01  0.000000e+00 -1.894853e-02  4.956378e-01
-2.80000e+00 -1.60000e+00       2.994e+12  5.045934e-01  0.000000e+00  1.259683e-02  4.954066e-01
-2.10000e+00 -1.60000e+00       7.034e+12  5.552947e-01  0.000000e+00  6.825032e-02  4.447053e-01
-1.40000e+00 -1.60000e+00       1.314e+13  6.364500e-01  0.000000e+00  2.619538e-02  3.635500e-01
-7.00000e-01 -1.60000e+00       1.841e+13  6.277271e-01  0.000000e+00 -1.229721e-01  3.722729e-01
 0.00000e+00 -1.60000e+00       1.971e+13  5.904627e-01  0.000000e+00  4.272156e-15  4.095373e-01
 7.00000e-01 -1.60000e+00       1.841e+13  6.277271e-01  0.000000e+00  1.229721e-01  3.722729e-01
 1.40000e+00 -1.60000e+00       1.314e+13  6.364500e-01  0.000000e+00 -2.619538e-02  3.635500e-01
 2.10000e+00 -1.60000e+00       7.034e+12  5.552947e-01  0.000000e+00 -6.825032e-02  4.447053e-01
 2.80000e+00 -1.60000e+00       2.994e+12  5.045934e-01  0.000000e+00 -1.259683e-02  4.954066e-01
 3.50000e+00 -1.60000e+00       9.398e+11  5.043622e-01  0.000000e+00  1.894853e-02  4.956378e-01
 4.20000e+00 -1.60000e+00       1.920e+11  4.744354e-01  0.000000e+00  5.139669e-02  5.255646e-01
 4.90000e+00 -1.60000e+00       2.415e+10  4.138245e-01  0.000000e+00 -9.075282e-03  5.861755e-01
 5.60000e+00 -1.60000e+00       2.069e+09  4.432556e-01  0.000000e+00 -9.167160e-02  5.567444e-01
 6.30000e+00 -1.60000e+00       1.501e+08  1.915851e-01  0.000000e+00 -6.922036e-02  8.084149e-01
 7.00000e+00 -1.60000e+00       1.601e+07 -3.280269e-01  0.000000e+00 -3.312669e-01  6.719731e-01
-7.00000e+00 -1.20000e+00       3.032e+07  3.389746e-03  0.000000e+00 -1.549264e-02  9.966103e-01
-6.30000e+00 -1.20000e+00       1.096e+09  4.755702e-01  0.000000e+00 -3.542708e-01  5.244298e-01
-5.60000e+00 -1.20000e+00       2.769e+10  7.131798e-01  0.000000e+00 -2.111129e-01  2.868202e-01
-4.90000e+00 -1.20000e+00       3.294e+11  7.331447e-01  0.000000e+00 -1.524772e-02  2.668553e-01
-4.20000e+00 -1.20000e+00       2.041e+12  6.493762e-01  0.000000e+00  4.327927e-02  3.506238e-01
-3.50000e+00 -1.20000e+00       8.409e+12  6.231667e-01  0.000000e+00 -8.027915e-03  3.768333e-01
-2.80000e+00 -1.20000e+00       2.447e+13  6.514742e-01  0.000000e+00 -1.726293e-02  3.485258e-01
-2.10000e+00 -1.20000e+00       5.320e+13  7.176969e-01  0.000000e+00 -4.085366e-02  2.823031e-01
-1.40000e+00 -1.20000e+00       8.709e+13  8.259560e-01  0.000000e+00 -1.203854e-01  1.740440e-01
-7.00000e-01 -1.20000e+00       8.365e+13  9.008004e-01  0.000000e+00 -1.699816e-01  9.919956e-02
 0.00000e+00 -1.20000e+00       6.020e+13  9.280734e-01  0.000000e+00 -1.065928e-15  7.192656e-02
 7.00000e-01 -1.20000e+00       8.365e+13  9.008004e-01  0.000000e+00  1.699816e-01  9.919956e-02
 1.40000e+00 -1.20000e+00       8.709e+13  8.259560e-01  0.000000e+00  1.203854e-01  1.740440e-01
 2.10000e+00 -1.20000e+00       5.320e+13  7.176969e-01  0.000000e+00  4.085366e-02  2.823031e-01
 2.80000e+00 -1.20000e+00       2.447e+13  6.514742e-01  0.000000e+00  1.726293e-02  3.485258e-01
 3.50000e+00 -1.20000e+00       8.409e+12  6.231667e-01  0.000000e+00  8.027915e-03  3.768333e-01
 4.20000e+00 -1.20000e+00       2.041e+12  6.493762e-01  0.000000e+00 -4.327927e-02  3.506238e-01
 4.90000e+00 -1.20000e+00       3.294e+11  7.331447e-01  0.000000e+00  1.524772e-02  2.668553e-01
 5.60000e+00 -1.20000e+00       2.769e+10  7.131798e-01  0.000000e+00  2.111129e-01  2.868202e-01
 6.30000e+00 -1.20000e+00       1.096e+09  4.755702e-01  0.000000e+00  3.542708e-01  5.244298e-01
 7.00000e+00 -1.20000e+00       3.032e+07  3.389746e-03  0.000000e+00  1.549264e-02  9.966103e-01
-7.00000e+00 -8.00000e-01       1.475e+08  5.751002e-01  0.000000e+00  4.633275e-01  4.248998e-01
-6.30000e+00 -8.00000e-01       4.424e+09  4.666377e-01  0.000000e+00  1.560471e-01  5.333623e-01
-5.60000e+00 -8.00000e-01       1.062e+11  6.071768e-01  0.000000e+00 -1.810722e-01  3.928232e-01
-4.90000e+00 -8.00000e-01       1.557e+12  7.823734e-01  0.000000e+00 -1.781954e-01  2.176266e-01
-4.20000e+00 -8.00000e-01       1.068e+13  8.344394e-01  0.000000e+00 -5.379774e-02  1.655606e-01
-3.50000e+00 -8.00000e-01       3.819e+13  8.094799e-01  0.000000e+00  6.228688e-03  1.905201e-01
-2.80000e+00 -8.00000e-01       9.398e+13  7.912761e-01  0.000000e+00 -1.872010e-04  2.087239e-01
-2.10000e+00 -8.00000e-01       1.675e+14  7.726413e-01  0.000000e+00  5.638352e-02  2.273587e-01
-1.40000e+00 -8.00000e-01       2.089e+14  7.392333e-01  0.000000e+00  2.320222e-01  2.607667e-01
-7.00000e-01 -8.00000e-01       1.824e+14  7.429182e-01  0.000000e+00  3.408552e-01  2.570818e-01
 0.00000e+00 -8.00000e-01       1.484e+14  7.741350e-01  0.000000e+00 -2.100314e-16  2.258650e-01
 7.00000e-01 -8.00000e-01       1.824e+14  7.429182e-01  0.000000e+00 -3.408552e-01  2.570818e-01
 1.40000e+00 -8.00000e-01       2.089e+14  7.392333e-01  0.000000e+00 -2.320222e-01  2.607667e-01
 2.10000e+00 -8.00000e-01       1.675e+14  7.726413e-01  0.000000e+00 -5.638352e-02  2.273587e-01
 2.80000e+00 -8.00000e-01       9.398e+13  7.912761e-01  0.000000e+00  1.872010e-04  2.087239e-01
 3.50000e+00 -8.00000e-01       3.819e+13  8.094799e-01  0.000000e+00 -6.228688e-03  1.905201e-01
 4.20000e+00 -8.00000e-01       1.068e+13  8.344394e-01  0.000000e+00  5.379774e-02  1.655606e-01
 4.90000e+00 -8.00000e-01       1.557e+12  7.823734e-01  0.000000e+00  1.781954e-01  2.176266e-01
 5.60000e+00 -8.00000e-01       1.062e+11  6.071768e-01  0.000000e+00  1.810722e-01  3.928232e-01
 6.30000e+00 -8.00000e-01       4.424e+09  4.666377e-01  0.000000e+00 -1.560471e-01  5.333623e-01
 7.00000e+00 -8.00000e-01       1.475e+08  5.751002e-01  0.000000e+00 -4.633275e-01  4.248998e-01
-7.00000e+00 -4.00000e-01       7.263e+08  9.563443e-01  0.000000e+00  1.945986e-01  4.365568e-02
-6.30000e+00 -4.00000e-01       1.790e+10  9.107656e-01  0.000000e+00  2.307235e-01  8.923441e-02
-5.60000e+00 -4.00000e-01       2.524e+11  8.610723e-01  0.000000e+00  1.073487e-01  1.389277e-01
-4.90000e+00 -4.00000e-01       3.062e+12  8.946092e-01  0.000000e+00 -7.227323e-02  1.053908e-01
-4.20000e+00 -4.00000e-01       2.387e+13  9.389092e-01  0.000000e+00 -6.734709e-02  6.109080e-02
-3.50000e+00 -4.00000e-01       9.047e+13  9.471483e-01  0.000000e+00 -1.535219e-02  5.285171e-02
-2.80000e+00 -4.00000e-01       2.046e+14  9.398906e-01  0.000000e+00 -6.358059e-04  6.010938e-02
-2.10000e+00 -4.00000e-01       3.300e+14  9.273659e-01  0.000000e+00  1.511050e-02  7.263415e-02
-1.40000e+00 -4.00000e-01       3.406e+14  8.846404e-01  0.000000e+00  9.463178e-02  1.153596e-01
-7.00000e-01 -4.00000e-01       2.057e+14  7.879922e-01  0.000000e+00  2.149494e-01  2.120078e-01
 0.00000e+00 -4.00000e-01       1.152e+14  6.808154e-01  0.000000e+00 -5.946775e-15  3.191846e-01
 7.00000e-01 -4.00000e-01       2.057e+14  7.879922e-01  0.000000e+00 -2.149494e-01  2.120078e-01
 1.40000e+00 -4.00000e-01       3.406e+14  8.846404e-01  0.000000e+00 -9.463178e-02  1.153596e-01
 2.10000e+00 -4.00000e-01       3.300e+14  9.273659e-01  0.000000e+00 -1.511050e-02  7.263415e-02
 2.80000e+00 -4.00000e-01       2.046e+14  9.398906e-01  0.000000e+00  6.358059e-04  6.010938e-02
 3.50000e+00 -4.00000e-01       9.047e+13  9.471483e-01  0.000000e+00  1.535219e-02  5.285171e-02
 4.20000e+00 -4.00000e-01       2.387e+13  9.389092e-01  0.000000e+00  6.734709e-02  6.109080e-02
 4.90000e+00 -4.00000e-01       3.062e+12  8.946092e-01  0.000000e+00  7.227323e-02  1.053908e-01
 5.60000e+00 -4.00000e-01       2.524e+11  8.610723e-01  0.000000e+00 -1.073487e-01  1.389277e-01
 6.30000e+00 -4.00000e-01       1.790e+10  9.107656e-01  0.000000e+00 -2.307235e-01  8.923441e-02
 7.00000e+00 -4.00000e-01       7.263e+08  9.563443e-01  0.000000e+00 -1.945986e-01  4.365568e-02
-7.00000e+00  0.00000e+00       1.239e+09  9.999801e-01  0.000000e+00 -1.179677e-14  1.989866e-05
-6.30000e+00  0.00000e+00       3.138e+10  9.999583e-01  0.000000e+00 -1.150732e-15  4.174588e-05
-5.60000e+00  0.00000e+00       4.111e+11  9.999240e-01  0.000000e+00 -2.952467e-16  7.599138e-05
-4.90000e+00  0.00000e+00       4.489e+12  9.999316e-01  0.000000e+00 -6.725336e-16  6.837313e-05
-4.20000e+00  0.00000e+00       3.525e+13  9.999604e-01  0.000000e+00 -8.283758e-15  3.962201e-05
-3.50000e+00  0.00000e+00       1.321e+14  9.999678e-01  0.000000e+00 -6.497045e-14  3.217237e-05
-2.80000e+00  0.00000e+00       2.801e+14  9.999645e-01  0.000000e+00 -2.652825e-13  3.552069e-05
-2.10000e+00  0.00000e+00       4.992e+14  9.999765e-01  0.000000e+00 -3.748612e-13  2.346447e-05
-1.40000e+00  0.00000e+00       7.955e+14  9.999950e-01  0.000000e+00 -1.762714e-13  5.032713e-06
-7.00000e-01  0.00000e+00       7.924e+14  9.999761e-01  0.000000e+00 -6.868427e-14  2.391590e-05
 0.00000e+00  0.00000e+00       5.787e+14  9.999706e-01  0.000000e+00 -5.317516e-18  2.937356e-05
 7.00000e-01  0.00000e+00       7.924e+14  9.999761e-01  0.000000e+00  6.866603e-14  2.391590e-05
 1.40000e+00  0.00000e+00       7.955e+14  9.999950e-01  0.000000e+00  1.762637e-13  5.032713e-06
 2.10000e+00  0.00000e+00       4.992e+14  9.999765e-01  0.000000e+00  3.748702e-13  2.346447e-05
 2.80000e+00  0.00000e+00       2.801e+14  9.999645e-01  0.000000e+00  2.653064e-13  3.552069e-05
 3.50000e+00  0.00000e+00       1.321e+14  9.999678e-01  0.000000e+00  6.502417e-14  3.217237e-05
 4.20000e+00  0.00000e+00       3.525e+13  9.999604e-01  0.000000e+00  8.368578e-15  3.962201e-05
 4.90000e+00  0.00000e+00       4.489e+12  9.999316e-01  0.000000e+00  6.728312e-16  6.837313e-05
 5.60000e+00  0.00000e+00       4.111e+11  9.999240e-01  0.000000e+00  4.506869e-17  7.599138e-05
 6.30000e+00  0.00000e+00       3.138e+10  9.999583e-01  0.000000e+00  7.520329e-16  4.174588e-05
 7.00000e+00  0.00000e+00       1.239e+09  9.999801e-01  0.000000e+00  7.905242e-15  1.989866e-05
-7.00000e+00  4.00000e-01       7.263e+08  9.563443e-01  0.000000e+00 -1.945986e-01  4.365568e-02
-6.30000e+00  4.00000e-01       1.790e+10  9.107656e-01  0.000000e+00 -2.307235e-01  8.923441e-02
-5.60000e+00  4.00000e-01       2.524e+11  8.610723e-01  0.000000e+00 -1.073487e-01  1.389277e-01
-4.90000e+00  4.00000e-01       3.062e+12  8.946092e-01  0.000000e+00  7.227323e-02  1.053908e-01
-4.20000e+00  4.00000e-01       2.387e+13  9.389092e-01  0.000000e+00  6.734709e-02  6.109080e-02
-3.50000e+00  4.00000e-01       9.047e+13  9.471483e-01  0.000000e+00  1.535219e-02  5.285171e-02
-2.80000e+00  4.00000e-01       2.046e+14  9.398906e-01  0.000000e+00  6.358059e-04  6.010938e-02
-2.10000e+00  4.00000e-01       3.300e+14  9.273659e-01  0.000000e+00 -1.511050e-02  7.263415e-02
-1.40000e+00  4.00000e-01       3.406e+14  8.846404e-01  0.000000e+00 -9.463178e-02  1.153596e-01
-7.00000e-01  4.00000e-01       2.057e+14  7.879922e-01  0.000000e+00 -2.149494e-01  2.120078e-01
 0.00000e+00  4.00000e-01       1.152e+14  6.808154e-01  0.000000e+00  5.943193e-15  3.191846e-01
 7.00000e-01  4.00000e-01       2.057e+14  7.879922e-01  0.000000e+00  2.149494e-01  2.120078e-01
 1.40000e+00  4.00000e-01       3.406e+14  8.846404e-01  0.000000e+00  9.463178e-02  1.153596e-01
 2.10000e+00  4.00000e-01       3.300e+14  9.273659e-01  0.000000e+00  1.511050e-02  7.263415e-02
 2.80000e+00  4.00000e-01       2.046e+14  9.398906e-01  0.000000e+00 -6.358059e-04  6.010938e-02
 3.50000e+00  4.00000e-01       9.047e+13  9.471483e-01  0.000000e+00 -1.535219e-02  5.285171e-02
 4.20000e+00  4.00000e-01       2.387e+13  9.389092e-01  0.000000e+00 -6.734709e-02  6.109080e-02
 4.90000e+00  4.00000e-01       3.062e+12  8.946092e-01  0.000000e+00 -7.227323e-02  1.053908e-01
 5.60000e+00  4.00000e-01       2.524e+11  8.610723e-01  0.000000e+00  1.073487e-01  1.389277e-01
 6.30000e+00  4.00000e-01       1.790e+10  9.107656e-01  0.000000e+00  2.307235e-01  8.923441e-02
 7.00000e+00  4.00000e-01       7.263e+08  9.563443e-01  0.000000e+00  1.945986e-01  4.365568e-02
-7.00000e+00  8.00000e-01       1.475e+08  5.751002e-01  0.000000e+00 -4.633275e-01  4.248998e-01
-6.30000e+00  8.00000e-01       4.424e+09  4.666377e-01  0.000000e+00 -1.560471e-01  5.333623e-01
-5.60000e+00  8.00000e-01       1.062e+11  6.071768e-01  0.000000e+00  1.810722e-01  3.928232e-01
-4.90000e+00  8.00000e-01       1.557e+12  7.823734e-01  0.000000e+00  1.781954e-01  2.176266e-01
-4.20000e+00  8.00000e-01       1.068e+13  8.344394e-01  0.000000e+00  5.379774e-02  1.655606e-01
-3.50000e+00  8.00000e-01       3.819e+13  8.094799e-01  0.000000e+00 -6.228688e-03  1.905201e-01
-2.80000e+00  8.00000e-01       9.398e+13  7.912761e-01  0.000000e+00  1.872010e-04  2.087239e-01
-2.10000e+00  8.00000e-01       1.675e+14  7.726413e-01  0.000000e+00 -5.638352e-02  2.273587e-01
-1.40000e+00  8.00000e-01       2.089e+14  7.392333e-01  0.000000e+00 -2.320222e-01  2.607667e-01
-7.00000e-01  8.00000e-01       1.824e+14  7.429182e-01  0.000000e+00 -3.408552e-01  2.570818e-01
 0.00000e+00  8.00000e-01       1.484e+14  7.741350e-01  0.000000e+00 -5.545646e-15  2.258650e-01
 7.00000e-01  8.00000e-01       1.824e+14  7.429182e-01  0.000000e+00  3.408552e-01  2.570818e-01
 1.40000e+00  8.00000e-01       2.089e+14  7.392333e-01  0.000000e+00  2.320222e-01  2.607667e-01
 2.10000e+00  8.00000e-01       1.675e+14  7.726413e-01  0.000000e+00  5.638352e-02  2.273587e-01
 2.80000e+00  8.00000e-01       9.398e+13  7.912761e-01  0.000000e+00 -1.872010e-04  2.087239e-01
 3.50000e+00  8.00000e-01       3.819e+13  8.094799e-01  0.000000e+00  6.228688e-03  1.905201e-01
 4.20000e+00  8.00000e-01       1.068e+13  8.344394e-01  0.000000e+00 -5.379774e-02  1.655606e-01
 4.90000e+00  8.00000e-01       1.557e+12  7.823734e-01  0.000000e+00 -1.781954e-01  2.176266e-01
 5.60000e+00  8.00000e-01       1.062e+11  6.071768e-01  0.000000e+00 -1.810722e-01  3.928232e-01
 6.30000e+00  8.00000e-01       4.424e+09  4.666377e-01  0.000000e+00  1.560471e-01  5.333623e-01
 7.00000e+00  8.00000e-01       1.475e+08  5.751002e-01  0.000000e+00  4.633275e-01  4.248998e-01
-7.00000e+00  1.20000e+00       3.032e+07  3.389746e-03  0.000000e+00  1.549264e-02  9.966103e-01
-6.30000e+00  1.20000e+00       1.096e+09  4.755702e-01  0.000000e+00  3.542708e-01  5.244298e-01
-5.60000e+00  1.20000e+00       2.769e+10  7.131798e-01  0.000000e+00  2.111129e-01  2.868202e-01
-4.90000e+00  1.20000e+00       3.294e+11  7.331447e-01  0.000000e+00  1.524772e-02  2.668553e-01
-4.20000e+00  1.20000e+00       2.041e+12  6.493762e-01  0.000000e+00 -4.327927e-02  3.506238e-01
-3.50000e+00  1.20000e+00       8.409e+12  6.231667e-01  0.000000e+00  8.027915e-03  3.768333e-01
-2.80000e+00  1.20000e+00       2.447e+13  6.514742e-01  0.000000e+00  1.726293e-02  3.485258e-01
-2.10000e+00  1.20000e+00       5.320e+13  7.176969e-01  0.000000e+00  4.085366e-02  2.823031e-01
-1.40000e+00  1.20000e+00       8.709e+13  8.259560e-01  0.000000e+00  1.203854e-01  1.740440e-01
-7.00000e-01  1.20000e+00       8.365e+13  9.008004e-01  0.000000e+00  1.699816e-01  9.919956e-02
 0.00000e+00  1.20000e+00       6.020e+13  9.280734e-01  0.000000e+00  1.147956e-16  7.192656e-02
 7.00000e-01  1.20000e+00       8.365e+13  9.008004e-01  0.000000e+00 -1.699816e-01  9.919956e-02
 1.40000e+00  1.20000e+00       8.709e+13  8.259560e-01  0.000000e+00 -1.203854e-01  1.740440e-01
 2.10000e+00  1.20000e+00       5.320e+13  7.176969e-01  0.000000e+00 -4.085366e-02  2.823031e-01
 2.80000e+00  1.20000e+00       2.447e+13  6.514742e-01  0.000000e+00 -1.726293e-02  3.485258e-01
 3.50000e+00  1.20000e+00       8.409e+12  6.231667e-01  0.000000e+00 -8.027915e-03  3.768333e-01
 4.20000e+00  1.20000e+00       2.041e+12  6.493762e-01  0.000000e+00  4.327927e-02  3.506238e-01
 4.90000e+00  1.20000e+00       3.294e+11  7.331447e-01  0.000000e+00 -1.524772e-02  2.668553e-01
 5.60000e+00  1.20000e+00       2.769e+10  7.131798e-01  0.000000e+00 -2.111129e-01  2.868202e-01
 6.30000e+00  1.20000e+00       1.096e+09  4.755702e-01  0.000000e+00 -3.542708e-01  5.244298e-01
 7.00000e+00  1.20000e+00       3.032e+07  3.389746e-03  0.000000e+00 -1.549264e-02  9.966103e-01
-7.00000e+00  1.60000e+00       1.601e+07 -3.280269e-01  0.000000e+00 -3.312669e-01  6.719731e-01
-6.30000e+00  1.60000e+00       1.501e+08  1.915851e-01  0.000000e+00 -6.922036e-02  8.084149e-01
-5.60000e+00  1.60000e+00       2.069e+09  4.432556e-01  0.000000e+00 -9.167160e-02  5.567444e-01
-4.90000e+00  1.60000e+00       2.415e+10  4.138245e-01  0.000000e+00 -9.075282e-03  5.861755e-01
-4.20000e+00  1.60000e+00       1.920e+11  4.744354e-01  0.000000e+00  5.139669e-02  5.255646e-01
-3.50000e+00  1.60000e+00       9.398e+11  5.043622e-01  0.000000e+00  1.894853e-02  4.956378e-01
-2.80000e+00  1.60000e+00       2.994e+12  5.045934e-01  0.000000e+00 -1.259683e-02  4.954066e-01
-2.10000e+00  1.60000e+00       7.034e+12  5.552947e-01  0.000000e+00 -6.825032e-02  4.447053e-01
-1.40000e+00  1.60000e+00       1.314e+13  6.364500e-01  0.000000e+00 -2.619538e-02  3.635500e-01
-7.00000e-01  1.60000e+00       1.841e+13  6.277271e-01  0.000000e+00  1.229721e-01  3.722729e-01
 0.00000e+00  1.60000e+00       1.971e+13  5.904627e-01  0.000000e+00 -4.130341e-15  4.095373e-01
 7.00000e-01  1.60000e+00       1.841e+13  6.277271e-01  0.000000e+00 -1.229721e-01  3.722729e-01
 1.40000e+00  1.60000e+00       1.314e+13  6.364500e-01  0.000000e+00  2.619538e-02  3.635500e-01
 2.10000e+00  1.60000e+00       7.034e+12  5.552947e-01  0.000000e+00  6.825032e-02  4.447053e-01
 2.80000e+00  1.60000e+00       2.994e+12  5.045934e-01  0.000000e+00  1.259683e-02  4.954066e-01
 3.50000e+00  1.60000e+00       9.398e+11  5.043622e-01  0.000000e+00 -1.894853e-02  4.956378e-01
 4.20000e+00  1.60000e+00       1.920e+11  4.744354e-01  0.000000e+00 -5.139669e-02  5.255646e-01
 4.90000e+00  1.60000e+00       2.415e+10  4.138245e-01  0.000000e+00  9.075282e-03  5.861755e-01
 5.60000e+00  1.60000e+00       2.069e+09  4.432556e-01  0.000000e+00  9.167160e-02  5.567444e-01
 6.30000e+00  1.60000e+00       1.501e+08  1.915851e-01  0.000000e+00  6.922036e-02  8.084149e-01
 7.00000e+00  1.60000e+00       1.601e+07 -3.280269e-01  0.000000e+00  3.312669e-01  6.719731e-01
-7.00000e+00  2.00000e+00       1.035e+07 -6.009448e-01  0.000000e+00 -1.115517e-01  3.990552e-01
-6.30000e+00  2.00000e+00       6.708e+07 -4.888777e-01  0.000000e+00  1.126922e-01  5.111223e-01
-5.60000e+00  2.00000e+00       3.111e+08 -1.604433e-01  0.000000e+00  3.240291e-01  8.395567e-01
-4.90000e+00  2.00000e+00       1.663e+09  2.410311e-01  0.000000e+00  2.596971e-01  7.589689e-01
-4.20000e+00  2.00000e+00       9.832e+09  3.688179e-01  0.000000e+00  1.019111e-01  6.311821e-01
-3.50000e+00  2.00000e+00       4.834e+10  3.929464e-01  0.000000e+00  4.287182e-02  6.070536e-01
-2.80000e+00  2.00000e+00       1.724e+11  4.275996e-01  0.000000e+00  8.393326e-03  5.724004e-01
-2.10000e+00  2.00000e+00       4.581e+11  5.311794e-01  0.000000e+00  1.586564e-02  4.688206e-01
-1.40000e+00  2.00000e+00       9.264e+11  6.093439e-01  0.000000e+00  1.420232e-01  3.906561e-01
-7.00000e-01  2.00000e+00       1.339e+12  5.237568e-01  0.000000e+00  2.385410e-01  4.762432e-01
 0.00000e+00  2.00000e+00       1.452e+12  4.425044e-01  0.000000e+00 -9.000403e-16  5.574956e-01
 7.00000e-01  2.00000e+00       1.339e+12  5.237568e-01  0.000000e+00 -2.385410e-01  4.762432e-01
 1.40000e+00  2.00000e+00       9.264e+11  6.093439e-01  0.000000e+00 -1.420232e-01  3.906561e-01
 2.10000e+00  2.00000e+00       4.581e+11  5.311794e-01  0.000000e+00 -1.586564e-02  4.688206e-01
 2.80000e+00  2.00000e+00       1.724e+11  4.275996e-01  0.000000e+00 -8.393326e-03  5.724004e-01
 3.50000e+00  2.00000e+00       4.834e+10  3.929464e-01  0.000000e+00 -4.287182e-02  6.070536e-01
 4.20000e+00  2.00000e+00       9.832e+09  3.688179e-01  0.000000e+00 -1.019111e-01  6.311821e-01
 4.90000e+00  2.00000e+00       1.663e+09  2.410311e-01  0.000000e+00 -2.596971e-01  7.589689e-01
 5.60000e+00  2.00000e+00       3.111e+08 -1.604433e-01  0.000000e+00 -3.240291e-01  8.395567e-01
 6.30000e+00  2.00000e+00       6.708e+07 -4.888777e-01  0.000000e+00 -1.126922e-01  5.111223e-01
 7.00000e+00  2.00000e+00       1.035e+07 -6.009448e-01  0.000000e+00  1.115517e-01  3.990552e-01
-7.00000e+00  2.40000e+00       8.079e+06 -6.572730e-01  0.000000e+00  5.251086e-02  3.427270e-01
-6.30000e+00  2.40000e+00       5.311e+07 -5.632939e-01  0.000000e+00  2.025494e-01  4.367061e-01
-5.60000e+00  2.40000e+00       1.956e+08 -3.472400e-01  0.000000e+00  3.932465e-01  6.527600e-01
-4.90000e+00  2.40000e+00       5.662e+08 -4.036266e-02  0.000000e+00  5.150508e-01  9.596373e-01
-4.20000e+00  2.40000e+00       1.458e+09  1.975384e-01  0.000000e+00  4.785286e-01  8.024616e-01
-3.50000e+00  2.40000e+00       3.615e+09  3.468537e-01  0.000000e+00  3.143168e-01  6.531463e-01
-2.80000e+00  2.40000e+00       9.032e+09  4.104703e-01  0.000000e+00  1.679274e-01  5.895297e-01
-2.10000e+00  2.40000e+00       2.113e+10  4.167347e-01  0.000000e+00  1.283448e-01  5.832653e-01
-1.40000e+00  2.40000e+00       4.375e+10  4.670852e-01  0.000000e+00  1.309121e-01  5.329148e-01
-7.00000e-01  2.40000e+00       6.723e+10  5.830284e-01  0.000000e+00  8.135036e-02  4.169716e-01
 0.00000e+00  2.40000e+00       7.447e+10  6.510323e-01  0.000000e+00  2.365158e-15  3.489677e-01
 7.00000e-01  2.40000e+00       6.723e+10  5.830284e-01  0.000000e+00 -8.135036e-02  4.169716e-01
 1.40000e+00  2.40000e+00       4.375e+10  4.670852e-01  0.000000e+00 -1.309121e-01  5.329148e-01
 2.10000e+00  2.40000e+00       2.113e+10  4.167347e-01  0.000000e+00 -1.283448e-01  5.832653e-01
 2.80000e+00  2.40000e+00       9.032e+09  4.104703e-01  0.000000e+00 -1.679274e-01  5.895297e-01
 3.50000e+00  2.40000e+00       3.615e+09  3.468537e-01  0.000000e+00 -3.143168e-01  6.531463e-01
 4.20000e+00  2.40000e+00       1.458e+09  1.975384e-01  0.000000e+00 -4.785286e-01  8.024616e-01
 4.90000e+00  2.40000e+00       5.662e+08 -4.036266e-02  0.000000e+00 -5.150508e-01  9.596373e-01
 5.60000e+00  2.40000e+00       1.956e+08 -3.472400e-01  0.000000e+00 -3.932465e-01  6.527600e-01
 6.30000e+00  2.40000e+00       5.311e+07 -5.632939e-01  0.000000e+00 -2.025494e-01  4.367061e-01
 7.00000e+00  2.40000e+00       8.079e+06 -6.572730e-01  0.000000e+00 -5.251086e-02  3.427270e-01
-7.00000e+00  2.80000e+00       1.395e+06 -5.009707e-01  0.000000e+00  4.203261e-01  4.990293e-01
-6.30000e+00  2.80000e+00       1.962e+07 -4.402905e-01  0.000000e+00  4.591082e-01  5.597095e-01
-5.60000e+00  2.80000e+00       1.104e+08 -3.230766e-01  0.000000e+00  5.101528e-01  6.769234e-01
-4.90000e+00  2.80000e+00       3.299e+08 -1.133294e-01  0.000000e+00  5.608736e-01  8.866706e-01
-4.20000e+00  2.80000e+00       7.645e+08  1.074353e-01  0.000000e+00  5.623174e-01  8.925647e-01
-3.50000e+00  2.80000e+00       1.629e+09  2.846586e-01  0.000000e+00  4.531967e-01  7.153414e-01
-2.80000e+00  2.80000e+00       3.356e+09  4.618187e-01  0.000000e+00  2.807526e-01  5.381813e-01
-2.10000e+00  2.80000e+00       7.496e+09  6.717392e-01  0.000000e+00  1.493521e-01  3.282608e-01
-1.40000e+00  2.80000e+00       1.832e+10  8.303373e-01  0.000000e+00  6.925317e-02  1.696627e-01
-7.00000e-01  2.80000e+00       3.251e+10  8.614858e-01  0.000000e+00  8.124356e-03  1.385142e-01
 0.00000e+00  2.80000e+00       3.762e+10  8.545421e-01  0.000000e+00  5.584621e-16  1.454579e-01
 7.00000e-01  2.80000e+00       3.251e+10  8.614858e-01  0.000000e+00 -8.124356e-03  1.385142e-01
 1.40000e+00  2.80000e+00       1.832e+10  8.303373e-01  0.000000e+00 -6.925317e-02  1.696627e-01
 2.10000e+00  2.80000e+00       7.496e+09  6.717392e-01  0.000000e+00 -1.493521e-01  3.282608e-01
 2.80000e+00  2.80000e+00       3.356e+09  4.618187e-01  0.000000e+00 -2.807526e-01  5.381813e-01
 3.50000e+00  2.80000e+00       1.629e+09  2.846586e-01  0.000000e+00 -4.531967e-01  7.153414e-01
 4.20000e+00  2.80000e+00       7.645e+08  1.074353e-01  0.000000e+00 -5.623174e-01  8.925647e-01
 4.90000e+00  2.80000e+00       3.299e+08 -1.133294e-01  0.000000e+00 -5.608736e-01  8.866706e-01
 5.60000e+00  2.80000e+00       1.104e+08 -3.230766e-01  0.000000e+00 -5.101528e-01  6.769234e-01
 6.30000e+00  2.80000e+00       1.962e+07 -4.402905e-01  0.000000e+00 -4.591082e-01  5.597095e-01
 7.00000e+00  2.80000e+00       1.395e+06 -5.009707e-01  0.000000e+00 -4.203261e-01  4.990293e-01
-7.00000e+00  3.20000e+00       9.932e+04 -2.584657e-01  0.000000e+00  5.958843e-01  7.415343e-01
-6.30000e+00  3.20000e+00       2.927e+06 -2.544668e-01  0.000000e+00  6.021229e-01  7.455332e-01
-5.60000e+00  3.20000e+00       2.775e+07 -2.263246e-01  0.000000e+00  6.043532e-01  7.736754e-01
-4.90000e+00  3.20000e+00       1.103e+08 -1.093455e-01  0.000000e+00  6.119844e-01  8.906545e-01
-4.20000e+00  3.20000e+00       3.429e+08  7.514264e-02  0.000000e+00  6.069233e-01  9.248574e-01
-3.50000e+00  3.20000e+00       9.114e+08  2.253538e-01  0.000000e+00  5.136423e-01  7.746462e-01
-2.80000e+00  3.20000e+00       1.838e+09  4.319733e-01  0.000000e+00  3.362394e-01  5.680267e-01
-2.10000e+00  3.20000e+00       4.279e+09  7.355614e-01  0.000000e+00  1.552480e-01  2.644386e-01
-1.40000e+00  3.20000e+00       1.216e+10  8.931487e-01  0.000000e+00  6.011626e-02  1.068513e-01
-7.00000e-01  3.20000e+00       2.343e+10  8.900216e-01  0.000000e+00  6.096916e-03  1.099784e-01
 0.00000e+00  3.20000e+00       2.785e+10  8.675305e-01  0.000000e+00  4.638412e-16  1.324695e-01
 7.00000e-01  3.20000e+00       2.343e+10  8.900216e-01  0.000000e+00 -6.096916e-03  1.099784e-01
 1.40000e+00  3.20000e+00       1.216e+10  8.931487e-01  0.000000e+00 -6.011626e-02  1.068513e-01
 2.10000e+00  3.20000e+00       4.279e+09  7.355614e-01  0.000000e+00 -1.552480e-01  2.644386e-01
 2.80000e+00  3.20000e+00       1.838e+09  4.319733e-01  0.000000e+00 -3.362394e-01  5.680267e-01
 3.50000e+00  3.20000e+00       9.114e+08  2.253538e-01  0.000000e+00 -5.136423e-01  7.746462e-01
 4.20000e+00  3.20000e+00       3.429e+08  7.514264e-02  0.000000e+00 -6.069233e-01  9.248574e-01
 4.90000e+00  3.20000e+00       1.103e+08 -1.093455e-01  0.000000e+00 -6.119844e-01  8.906545e-01
 5.60000e+00  3.20000e+00       2.775e+07 -2.263246e-01  0.000000e+00 -6.043532e-01  7.736754e-01
 6.30000e+00  3.20000e+00       2.927e+06 -2.544668e-01  0.000000e+00 -6.021229e-01  7.455332e-01
 7.00000e+00  3.20000e+00       9.932e+04 -2.584657e-01  0.000000e+00 -5.958843e-01  7.415343e-01
-7.00000e+00  3.60000e+00       3.100e+02  2.910728e-01  0.000000e+00 -3.664971e-01  7.089272e-01
-6.30000e+00  3.60000e+00       4.529e+03  2.561105e-01  0.000000e+00  6.265434e-01  7.438895e-01
-5.60000e+00  3.60000e+00       2.391e+05  1.130317e-02  0.000000e+00  7.206744e-01  9.886968e-01
-4.90000e+00  3.60000e+00       5.440e+06  1.621090e-01  0.000000e+00  6.017397e-01  8.378910e-01
-4.20000e+00  3.60000e+00       4.182e+07  1.862426e-01  0.000000e+00  5.640605e-01  8.137574e-01
-3.50000e+00  3.60000e+00       8.146e+07 -7.069059e-01  0.000000e+00  1.077967e+00  2.930941e-01
-2.80000e+00  3.60000e+00       6.833e+08  4.624498e-01  0.000000e+00  3.127728e-01  5.375502e-01
-2.10000e+00  3.60000e+00       2.822e+09  8.030271e-01  0.000000e+00  1.351384e-01  1.969729e-01
-1.40000e+00  3.60000e+00       9.270e+09  9.258102e-01  0.000000e+00  5.481449e-02  7.418980e-02
-7.00000e-01  3.60000e+00       1.805e+10  9.158713e-01  0.000000e+00  7.083319e-03  8.412873e-02
 0.00000e+00  3.60000e+00       2.129e+10  8.931447e-01  0.000000e+00  5.293612e-16  1.068553e-01
 7.00000e-01  3.60000e+00       1.805e+10  9.158713e-01  0.000000e+00 -7.083319e-03  8.412873e-02
 1.40000e+00  3.60000e+00       9.270e+09  9.258102e-01  0.000000e+00 -5.481449e-02  7.418980e-02
 2.10000e+00  3.60000e+00       2.822e+09  8.030271e-01  0.000000e+00 -1.351384e-01  1.969729e-01
 2.80000e+00  3.60000e+00       6.833e+08  4.624498e-01  0.000000e+00 -3.127728e-01  5.375502e-01
 3.50000e+00  3.60000e+00       8.146e+07 -7.069059e-01  0.000000e+00 -1.077967e+00  2.930941e-01
 4.20000e+00  3.60000e+00       4.182e+07  1.862426e-01  0.000000e+00 -5.640605e-01  8.137574e-01
 4.90000e+00  3.60000e+00       5.440e+06  1.621090e-01  0.000000e+00 -6.017397e-01  8.378910e-01
 5.60000e+00  3.60000e+00       2.391e+05  1.130317e-02  0.000000e+00 -7.206744e-01  9.886968e-01
 6.30000e+00  3.60000e+00       4.529e+03  2.561105e-01  0.000000e+00 -6.265434e-01  7.438895e-01
 7.00000e+00  3.60000e+00       3.100e+02  2.910728e-01  0.000000e+00  3.664971e-01  7.089272e-01
-7.00000e+00  4.00000e+00       2.117e+02  4.078385e-01  0.000000e+00 -3.884244e-01  5.921615e-01
-6.30000e+00  4.00000e+00       5.205e+03  9.299436e-01  0.000000e+00  2.265802e-02  7.005636e-02
-5.60000e+00  4.00000e+00       2.567e+05  9.244555e-01  0.000000e+00  6.288019e-02  7.554453e-02
-4.90000e+00  4.00000e+00       5.642e+06  8.729978e-01  0.000000e+00  9.708408e-02  1.270022e-01
-4.20000e+00  4.00000e+00       4.509e+07  8.191435e-01  0.000000e+00  1.340593e-01  1.808565e-01
-3.50000e+00  4.00000e+00       1.100e+08  7.283791e-01  0.000000e+00  1.929880e-01  2.716209e-01
-2.80000e+00  4.00000e+00       8.732e+07  5.591587e-01  0.000000e+00  4.011796e-01  4.408413e-01
-2.10000e+00  4.00000e+00       1.513e+09  9.893891e-01  0.000000e+00  6.858064e-02  1.061086e-02
-1.40000e+00  4.00000e+00       6.793e+09  9.986420e-01  0.000000e+00  3.467285e-02  1.357958e-03
-7.00000e-01  4.00000e+00       1.416e+10  9.534560e-01  0.000000e+00  3.185958e-03  4.654398e-02
 0.00000e+00  4.00000e+00       1.684e+10  9.238740e-01  0.000000e+00  5.843677e-16  7.612596e-02
 7.00000e-01  4.00000e+00       1.416e+10  9.534560e-01  0.000000e+00 -3.185958e-03  4.654398e-02
 1.40000e+00  4.00000e+00       6.793e+09  9.986420e-01  0.000000e+00 -3.467285e-02  1.357958e-03
 2.10000e+00  4.00000e+00       1.513e+09  9.893891e-01  0.000000e+00 -6.858064e-02  1.061086e-02
 2.80000e+00  4.00000e+00       8.732e+07  5.591587e-01  0.000000e+00 -4.011796e-01  4.408413e-01
 3.50000e+00  4.00000e+00       1.100e+08  7.283791e-01  0.000000e+00 -1.929880e-01  2.716209e-01
 4.20000e+00  4.00000e+00       4.509e+07  8.191435e-01  0.000000e+00 -1.340593e-01  1.808565e-01
 4.90000e+00  4.00000e+00       5.642e+06  8.729978e-01  0.000000e+00 -9.708408e-02  1.270022e-01
 5.60000e+00  4.00000e+00       2.567e+05  9.244555e-01  0.000000e+00 -6.288019e-02  7.554453e-02
 6.30000e+00  4.00000e+00       5.205e+03  9.299436e-01  0.000000e+00 -2.265802e-02  7.005636e-02
 7.00000e+00  4.00000e+00       2.117e+02  4.078383e-01  0.000000e+00  3.884248e-01  5.921617e-01
