 EB(GeV)    EMITTANCEx EMITTANCEy SIZEx(m)   SIZEy(m)   DIVx(rad)  DIVy(rad)
 2.411e+00  5.499e-09  1.017e-12  8.711e-05  1.009e-06  6.313e-05  1.009e-06
 betax      alphax     betay      alphay     eta        deta       E_spread  
 1.380e+00  0.000e+00  1.000e+00  0.000e+00  0.000e+00  0.000e+00  8.600e-04
 Ibeam(A)   period(cm) #periods   Kx         Ky         Energy(eV)
 4.005e-01  1.900e+00         96  0.000e+00  1.780e+00  4.041e+04


           x            y       F.Density            PL            PC          PL45        1-|PL|
          mm           mm  ph/s/mr^2/0.1%             -             -             -             -
-7.00000e+00 -4.00000e+00       1.920e+00 -8.193599e-01  0.000000e+00  4.860071e-01  1.806401e-01
-6.30000e+00 -4.00000e+00       1.520e+01 -1.995797e-01  0.000000e+00  2.561188e-01  8.004203e-01
-5.60000e+00 -4.00000e+00       2.986e+02  8.082409e-01  0.000000e+00  1.829933e-02  1.917591e-01
-4.90000e+00 -4.00000e+00       4.312e+03  9.301582e-01  0.000000e+00  2.495850e-04  6.984181e-02
-4.20000e+00 -4.00000e+00       2.814e+04  9.522354e-01  0.000000e+00 -5.734543e-03  4.776455e-02
-3.50000e+00 -4.00000e+00       1.558e+05  9.736575e-01  0.000000e+00 -1.417737e-02  2.634248e-02
-2.80000e+00 -4.00000e+00       7.436e+05  9.344509e-01  0.000000e+00 -3.424872e-02  6.554911e-02
-2.10000e+00 -4.00000e+00       4.629e+06  6.915408e-01  0.000000e+00 -6.861362e-02  3.084592e-01
-1.40000e+00 -4.00000e+00       3.471e+07  4.940142e-01  0.000000e+00 -5.694037e-02  5.059858e-01
-7.00000e-01 -4.00000e+00       1.315e+08  4.285513e-01  0.000000e+00 -2.979852e-02  5.714487e-01
 0.00000e+00 -4.00000e+00       2.060e+08  4.152930e-01  0.000000e+00  1.979725e-16  5.847070e-01
 7.00000e-01 -4.00000e+00       1.315e+08  4.285513e-01  0.000000e+00  2.979852e-02  5.714487e-01
 1.40000e+00 -4.00000e+00       3.471e+07  4.940142e-01  0.000000e+00  5.694037e-02  5.059858e-01
 2.10000e+00 -4.00000e+00       4.629e+06  6.915408e-01  0.000000e+00  6.861362e-02  3.084592e-01
 2.80000e+00 -4.00000e+00       7.436e+05  9.344509e-01  0.000000e+00  3.424872e-02  6.554911e-02
 3.50000e+00 -4.00000e+00       1.558e+05  9.736575e-01  0.000000e+00  1.417737e-02  2.634248e-02
 4.20000e+00 -4.00000e+00       2.814e+04  9.522354e-01  0.000000e+00  5.734543e-03  4.776455e-02
 4.90000e+00 -4.00000e+00       4.312e+03  9.301582e-01  0.000000e+00 -2.495850e-04  6.984181e-02
 5.60000e+00 -4.00000e+00       2.986e+02  8.082409e-01  0.000000e+00 -1.829933e-02  1.917591e-01
 6.30000e+00 -4.00000e+00       1.520e+01 -1.995797e-01  0.000000e+00 -2.561188e-01  8.004203e-01
 7.00000e+00 -4.00000e+00       1.920e+00 -8.193535e-01  0.000000e+00 -4.860147e-01  1.806465e-01
-7.00000e+00 -3.60000e+00       1.409e+01 -6.200689e-01  0.000000e+00  7.616842e-01  3.799311e-01
-6.30000e+00 -3.60000e+00       3.435e+01 -3.823816e-01  0.000000e+00  5.361873e-01  6.176184e-01
-5.60000e+00 -3.60000e+00       3.532e+02  7.896748e-01  0.000000e+00  3.506883e-02  2.103252e-01
-4.90000e+00 -3.60000e+00       5.029e+03  9.302016e-01  0.000000e+00 -1.769936e-04  6.979841e-02
-4.20000e+00 -3.60000e+00       3.316e+04  9.487276e-01  0.000000e+00 -8.251983e-03  5.127236e-02
-3.50000e+00 -3.60000e+00       1.860e+05  9.673945e-01  0.000000e+00 -1.854140e-02  3.260548e-02
-2.80000e+00 -3.60000e+00       9.340e+05  9.066259e-01  0.000000e+00 -4.043116e-02  9.337414e-02
-2.10000e+00 -3.60000e+00       7.183e+06  6.377012e-01  0.000000e+00 -6.414033e-02  3.622988e-01
-1.40000e+00 -3.60000e+00       6.107e+07  4.850398e-01  0.000000e+00 -4.678455e-02  5.149602e-01
-7.00000e-01 -3.60000e+00       2.392e+08  4.419558e-01  0.000000e+00 -2.369000e-02  5.580442e-01
 0.00000e+00 -3.60000e+00       3.768e+08  4.335250e-01  0.000000e+00 -1.980707e-16  5.664750e-01
 7.00000e-01 -3.60000e+00       2.392e+08  4.419558e-01  0.000000e+00  2.369000e-02  5.580442e-01
 1.40000e+00 -3.60000e+00       6.107e+07  4.850398e-01  0.000000e+00  4.678455e-02  5.149602e-01
 2.10000e+00 -3.60000e+00       7.183e+06  6.377012e-01  0.000000e+00  6.414033e-02  3.622988e-01
 2.80000e+00 -3.60000e+00       9.340e+05  9.066259e-01  0.000000e+00  4.043116e-02  9.337414e-02
 3.50000e+00 -3.60000e+00       1.860e+05  9.673945e-01  0.000000e+00  1.854140e-02  3.260548e-02
 4.20000e+00 -3.60000e+00       3.316e+04  9.487276e-01  0.000000e+00  8.251983e-03  5.127236e-02
 4.90000e+00 -3.60000e+00       5.029e+03  9.302016e-01  0.000000e+00  1.769936e-04  6.979841e-02
 5.60000e+00 -3.60000e+00       3.532e+02  7.896748e-01  0.000000e+00 -3.506883e-02  2.103252e-01
 6.30000e+00 -3.60000e+00       3.435e+01 -3.823816e-01  0.000000e+00 -5.361873e-01  6.176184e-01
 7.00000e+00 -3.60000e+00       1.409e+01 -6.200689e-01  0.000000e+00 -7.616842e-01  3.799311e-01
-7.00000e+00 -3.20000e+00       1.627e+01 -4.539133e-01  0.000000e+00  8.621401e-01  5.460867e-01
-6.30000e+00 -3.20000e+00       3.321e+01 -2.363481e-01  0.000000e+00  5.417186e-01  7.636519e-01
-5.60000e+00 -3.20000e+00       4.237e+02  7.998039e-01  0.000000e+00  2.430957e-02  2.001961e-01
-4.90000e+00 -3.20000e+00       6.115e+03  9.221574e-01  0.000000e+00 -2.464824e-03  7.784257e-02
-4.20000e+00 -3.20000e+00       4.087e+04  9.408882e-01  0.000000e+00 -1.289536e-02  5.911180e-02
-3.50000e+00 -3.20000e+00       2.314e+05  9.613817e-01  0.000000e+00 -2.491934e-02  3.861830e-02
-2.80000e+00 -3.20000e+00       1.013e+06  9.630004e-01  0.000000e+00 -4.852747e-02  3.699960e-02
-2.10000e+00 -3.20000e+00       4.234e+06  7.975558e-01  0.000000e+00 -9.900962e-02  2.024442e-01
-1.40000e+00 -3.20000e+00       3.261e+07  4.764253e-01  0.000000e+00 -5.671251e-02  5.235747e-01
-7.00000e-01 -3.20000e+00       1.673e+08  4.025209e-01  0.000000e+00 -1.706971e-02  5.974791e-01
 0.00000e+00 -3.20000e+00       2.981e+08  3.989543e-01  0.000000e+00  5.066256e-16  6.010457e-01
 7.00000e-01 -3.20000e+00       1.673e+08  4.025209e-01  0.000000e+00  1.706971e-02  5.974791e-01
 1.40000e+00 -3.20000e+00       3.261e+07  4.764253e-01  0.000000e+00  5.671251e-02  5.235747e-01
 2.10000e+00 -3.20000e+00       4.234e+06  7.975558e-01  0.000000e+00  9.900962e-02  2.024442e-01
 2.80000e+00 -3.20000e+00       1.013e+06  9.630004e-01  0.000000e+00  4.852747e-02  3.699960e-02
 3.50000e+00 -3.20000e+00       2.314e+05  9.613817e-01  0.000000e+00  2.491934e-02  3.861830e-02
 4.20000e+00 -3.20000e+00       4.087e+04  9.408882e-01  0.000000e+00  1.289536e-02  5.911180e-02
 4.90000e+00 -3.20000e+00       6.115e+03  9.221574e-01  0.000000e+00  2.464824e-03  7.784257e-02
 5.60000e+00 -3.20000e+00       4.237e+02  7.998039e-01  0.000000e+00 -2.430957e-02  2.001961e-01
 6.30000e+00 -3.20000e+00       3.321e+01 -2.363481e-01  0.000000e+00 -5.417186e-01  7.636519e-01
 7.00000e+00 -3.20000e+00       1.627e+01 -4.539133e-01  0.000000e+00 -8.621401e-01  5.460867e-01
-7.00000e+00 -2.80000e+00       1.884e+01 -2.665243e-01  0.000000e+00  9.184675e-01  7.334757e-01
-6.30000e+00 -2.80000e+00       3.616e+01 -1.274823e-01  0.000000e+00  5.307402e-01  8.725177e-01
-5.60000e+00 -2.80000e+00       5.284e+02  8.223506e-01  0.000000e+00  2.444577e-02  1.776494e-01
-4.90000e+00 -2.80000e+00       7.794e+03  9.215212e-01  0.000000e+00 -5.458029e-03  7.847885e-02
-4.20000e+00 -2.80000e+00       5.437e+04  9.232711e-01  0.000000e+00 -2.492245e-02  7.672885e-02
-3.50000e+00 -2.80000e+00       3.253e+05  9.256519e-01  0.000000e+00 -4.054602e-02  7.434812e-02
-2.80000e+00 -2.80000e+00       1.807e+06  8.372109e-01  0.000000e+00 -6.045856e-02  1.627891e-01
-2.10000e+00 -2.80000e+00       1.333e+07  6.224743e-01  0.000000e+00 -7.806185e-02  3.775257e-01
-1.40000e+00 -2.80000e+00       8.663e+07  4.916296e-01  0.000000e+00 -5.660299e-02  5.083704e-01
-7.00000e-01 -2.80000e+00       2.954e+08  4.356108e-01  0.000000e+00 -2.595572e-02  5.643892e-01
 0.00000e+00 -2.80000e+00       4.536e+08  4.228150e-01  0.000000e+00  2.242633e-16  5.771850e-01
 7.00000e-01 -2.80000e+00       2.954e+08  4.356108e-01  0.000000e+00  2.595572e-02  5.643892e-01
 1.40000e+00 -2.80000e+00       8.663e+07  4.916296e-01  0.000000e+00  5.660299e-02  5.083704e-01
 2.10000e+00 -2.80000e+00       1.333e+07  6.224743e-01  0.000000e+00  7.806185e-02  3.775257e-01
 2.80000e+00 -2.80000e+00       1.807e+06  8.372109e-01  0.000000e+00  6.045856e-02  1.627891e-01
 3.50000e+00 -2.80000e+00       3.253e+05  9.256519e-01  0.000000e+00  4.054602e-02  7.434812e-02
 4.20000e+00 -2.80000e+00       5.437e+04  9.232711e-01  0.000000e+00  2.492245e-02  7.672885e-02
 4.90000e+00 -2.80000e+00       7.794e+03  9.215212e-01  0.000000e+00  5.458029e-03  7.847885e-02
 5.60000e+00 -2.80000e+00       5.284e+02  8.223506e-01  0.000000e+00 -2.444577e-02  1.776494e-01
 6.30000e+00 -2.80000e+00       3.616e+01 -1.274823e-01  0.000000e+00 -5.307401e-01  8.725177e-01
 7.00000e+00 -2.80000e+00       1.884e+01 -2.665243e-01  0.000000e+00 -9.184675e-01  7.334757e-01
-7.00000e+00 -2.40000e+00       1.661e+01 -1.784661e-01  0.000000e+00  9.090812e-01  8.215339e-01
-6.30000e+00 -2.40000e+00       4.450e+01 -1.046885e-01  0.000000e+00  4.475574e-01  8.953115e-01
-5.60000e+00 -2.40000e+00       8.687e+02  7.296136e-01  0.000000e+00 -2.209216e-02  2.703864e-01
-4.90000e+00 -2.40000e+00       3.218e+04  6.544762e-01  0.000000e+00 -1.439257e-01  3.455238e-01
-4.20000e+00 -2.40000e+00       1.177e+06  5.579440e-01  0.000000e+00 -1.898952e-01  4.420560e-01
-3.50000e+00 -2.40000e+00       1.919e+07  5.430369e-01  0.000000e+00 -1.848484e-01  4.569631e-01
-2.80000e+00 -2.40000e+00       1.233e+08  5.391339e-01  0.000000e+00 -1.585254e-01  4.608661e-01
-2.10000e+00 -2.40000e+00       4.041e+08  5.348721e-01  0.000000e+00 -1.140983e-01  4.651279e-01
-1.40000e+00 -2.40000e+00       7.959e+08  5.248651e-01  0.000000e+00 -7.789917e-02  4.751349e-01
-7.00000e-01 -2.40000e+00       8.711e+08  4.969412e-01  0.000000e+00 -5.249504e-02  5.030588e-01
 0.00000e+00 -2.40000e+00       7.234e+08  4.645096e-01  0.000000e+00  2.693174e-16  5.354904e-01
 7.00000e-01 -2.40000e+00       8.711e+08  4.969412e-01  0.000000e+00  5.249504e-02  5.030588e-01
 1.40000e+00 -2.40000e+00       7.959e+08  5.248651e-01  0.000000e+00  7.789917e-02  4.751349e-01
 2.10000e+00 -2.40000e+00       4.041e+08  5.348721e-01  0.000000e+00  1.140983e-01  4.651279e-01
 2.80000e+00 -2.40000e+00       1.233e+08  5.391339e-01  0.000000e+00  1.585254e-01  4.608661e-01
 3.50000e+00 -2.40000e+00       1.919e+07  5.430369e-01  0.000000e+00  1.848484e-01  4.569631e-01
 4.20000e+00 -2.40000e+00       1.177e+06  5.579440e-01  0.000000e+00  1.898952e-01  4.420560e-01
 4.90000e+00 -2.40000e+00       3.218e+04  6.544762e-01  0.000000e+00  1.439257e-01  3.455238e-01
 5.60000e+00 -2.40000e+00       8.687e+02  7.296136e-01  0.000000e+00  2.209216e-02  2.703864e-01
 6.30000e+00 -2.40000e+00       4.450e+01 -1.046885e-01  0.000000e+00 -4.475574e-01  8.953115e-01
 7.00000e+00 -2.40000e+00       1.661e+01 -1.784661e-01  0.000000e+00 -9.090812e-01  8.215339e-01
-7.00000e+00 -2.00000e+00       1.839e+01 -3.044025e-02  0.000000e+00  9.417246e-01  9.695597e-01
-6.30000e+00 -2.00000e+00       4.900e+01  1.926950e-01  0.000000e+00  4.689807e-01  8.073050e-01
-5.60000e+00 -2.00000e+00       1.120e+03  8.332145e-01  0.000000e+00 -2.923914e-02  1.667855e-01
-4.90000e+00 -2.00000e+00       2.080e+04  8.164786e-01  0.000000e+00 -9.065567e-02  1.835214e-01
-4.20000e+00 -2.00000e+00       2.434e+05  7.253460e-01  0.000000e+00 -1.288239e-01  2.746540e-01
-3.50000e+00 -2.00000e+00       4.222e+06  6.300410e-01  0.000000e+00 -8.729132e-02  3.699590e-01
-2.80000e+00 -2.00000e+00       6.868e+07  5.866821e-01  0.000000e+00 -6.645868e-02  4.133179e-01
-2.10000e+00 -2.00000e+00       4.910e+08  5.748251e-01  0.000000e+00 -5.864534e-02  4.251749e-01
-1.40000e+00 -2.00000e+00       1.562e+09  5.645993e-01  0.000000e+00 -4.418743e-02  4.354007e-01
-7.00000e-01 -2.00000e+00       3.101e+09  5.503124e-01  0.000000e+00 -2.032125e-02  4.496876e-01
 0.00000e+00 -2.00000e+00       4.089e+09  5.444215e-01  0.000000e+00  8.922563e-17  4.555785e-01
 7.00000e-01 -2.00000e+00       3.101e+09  5.503124e-01  0.000000e+00  2.032125e-02  4.496876e-01
 1.40000e+00 -2.00000e+00       1.562e+09  5.645993e-01  0.000000e+00  4.418743e-02  4.354007e-01
 2.10000e+00 -2.00000e+00       4.910e+08  5.748251e-01  0.000000e+00  5.864534e-02  4.251749e-01
 2.80000e+00 -2.00000e+00       6.868e+07  5.866821e-01  0.000000e+00  6.645868e-02  4.133179e-01
 3.50000e+00 -2.00000e+00       4.222e+06  6.300410e-01  0.000000e+00  8.729132e-02  3.699590e-01
 4.20000e+00 -2.00000e+00       2.434e+05  7.253460e-01  0.000000e+00  1.288239e-01  2.746540e-01
 4.90000e+00 -2.00000e+00       2.080e+04  8.164786e-01  0.000000e+00  9.065567e-02  1.835214e-01
 5.60000e+00 -2.00000e+00       1.120e+03  8.332145e-01  0.000000e+00  2.923914e-02  1.667855e-01
 6.30000e+00 -2.00000e+00       4.900e+01  1.926950e-01  0.000000e+00 -4.689807e-01  8.073050e-01
 7.00000e+00 -2.00000e+00       1.839e+01 -3.044023e-02  0.000000e+00 -9.417246e-01  9.695598e-01
-7.00000e+00 -1.60000e+00       3.116e+01  2.343767e-01  0.000000e+00  8.216097e-01  7.656233e-01
-6.30000e+00 -1.60000e+00       8.178e+02  5.634265e-01  0.000000e+00 -2.777922e-01  4.365735e-01
-5.60000e+00 -1.60000e+00       7.990e+04  6.001373e-01  0.000000e+00 -3.235462e-01  3.998627e-01
-4.90000e+00 -1.60000e+00       3.032e+06  6.132712e-01  0.000000e+00 -2.918663e-01  3.867288e-01
-4.20000e+00 -1.60000e+00       4.629e+07  6.288329e-01  0.000000e+00 -2.474003e-01  3.711671e-01
-3.50000e+00 -1.60000e+00       3.139e+08  6.407291e-01  0.000000e+00 -1.945883e-01  3.592709e-01
-2.80000e+00 -1.60000e+00       1.097e+09  6.445310e-01  0.000000e+00 -1.374145e-01  3.554690e-01
-2.10000e+00 -1.60000e+00       2.409e+09  6.396630e-01  0.000000e+00 -8.942689e-02  3.603370e-01
-1.40000e+00 -1.60000e+00       3.846e+09  6.250446e-01  0.000000e+00 -6.166636e-02  3.749554e-01
-7.00000e-01 -1.60000e+00       4.511e+09  5.937116e-01  0.000000e+00 -3.800483e-02  4.062884e-01
 0.00000e+00 -1.60000e+00       4.396e+09  5.687094e-01  0.000000e+00 -3.962213e-15  4.312906e-01
 7.00000e-01 -1.60000e+00       4.511e+09  5.937116e-01  0.000000e+00  3.800483e-02  4.062884e-01
 1.40000e+00 -1.60000e+00       3.846e+09  6.250446e-01  0.000000e+00  6.166636e-02  3.749554e-01
 2.10000e+00 -1.60000e+00       2.409e+09  6.396630e-01  0.000000e+00  8.942689e-02  3.603370e-01
 2.80000e+00 -1.60000e+00       1.097e+09  6.445310e-01  0.000000e+00  1.374145e-01  3.554690e-01
 3.50000e+00 -1.60000e+00       3.139e+08  6.407291e-01  0.000000e+00  1.945883e-01  3.592709e-01
 4.20000e+00 -1.60000e+00       4.629e+07  6.288329e-01  0.000000e+00  2.474003e-01  3.711671e-01
 4.90000e+00 -1.60000e+00       3.032e+06  6.132712e-01  0.000000e+00  2.918663e-01  3.867288e-01
 5.60000e+00 -1.60000e+00       7.990e+04  6.001373e-01  0.000000e+00  3.235462e-01  3.998627e-01
 6.30000e+00 -1.60000e+00       8.178e+02  5.634265e-01  0.000000e+00  2.777922e-01  4.365735e-01
 7.00000e+00 -1.60000e+00       3.116e+01  2.343767e-01  0.000000e+00 -8.216097e-01  7.656233e-01
-7.00000e+00 -1.20000e+00       5.196e+01  5.094850e-01  0.000000e+00  5.122244e-01  4.905150e-01
-6.30000e+00 -1.20000e+00       3.594e+03  6.501352e-01  0.000000e+00 -2.232183e-01  3.498648e-01
-5.60000e+00 -1.20000e+00       2.823e+05  6.620947e-01  0.000000e+00 -2.258737e-01  3.379053e-01
-4.90000e+00 -1.20000e+00       8.543e+06  6.627445e-01  0.000000e+00 -1.869644e-01  3.372555e-01
-4.20000e+00 -1.20000e+00       1.160e+08  6.629078e-01  0.000000e+00 -1.195814e-01  3.370922e-01
-3.50000e+00 -1.20000e+00       9.226e+08  6.701609e-01  0.000000e+00 -5.772867e-02  3.298391e-01
-2.80000e+00 -1.20000e+00       4.798e+09  6.852415e-01  0.000000e+00 -4.201128e-02  3.147585e-01
-2.10000e+00 -1.20000e+00       1.618e+10  7.163534e-01  0.000000e+00 -6.242745e-02  2.836466e-01
-1.40000e+00 -1.20000e+00       3.616e+10  7.609818e-01  0.000000e+00 -6.714671e-02  2.390182e-01
-7.00000e-01 -1.20000e+00       5.131e+10  7.825782e-01  0.000000e+00 -2.663059e-02  2.174218e-01
 0.00000e+00 -1.20000e+00       5.297e+10  7.811422e-01  0.000000e+00 -3.289772e-14  2.188578e-01
 7.00000e-01 -1.20000e+00       5.131e+10  7.825782e-01  0.000000e+00  2.663059e-02  2.174218e-01
 1.40000e+00 -1.20000e+00       3.616e+10  7.609818e-01  0.000000e+00  6.714671e-02  2.390182e-01
 2.10000e+00 -1.20000e+00       1.618e+10  7.163534e-01  0.000000e+00  6.242745e-02  2.836466e-01
 2.80000e+00 -1.20000e+00       4.798e+09  6.852415e-01  0.000000e+00  4.201128e-02  3.147585e-01
 3.50000e+00 -1.20000e+00       9.226e+08  6.701609e-01  0.000000e+00  5.772867e-02  3.298391e-01
 4.20000e+00 -1.20000e+00       1.160e+08  6.629078e-01  0.000000e+00  1.195814e-01  3.370922e-01
 4.90000e+00 -1.20000e+00       8.543e+06  6.627445e-01  0.000000e+00  1.869644e-01  3.372555e-01
 5.60000e+00 -1.20000e+00       2.823e+05  6.620947e-01  0.000000e+00  2.258737e-01  3.379053e-01
 6.30000e+00 -1.20000e+00       3.594e+03  6.501352e-01  0.000000e+00  2.232183e-01  3.498648e-01
 7.00000e+00 -1.20000e+00       5.196e+01  5.094850e-01  0.000000e+00 -5.122245e-01  4.905150e-01
-7.00000e+00 -8.00000e-01       6.111e+02  8.472791e-01  0.000000e+00  4.439942e-02  1.527209e-01
-6.30000e+00 -8.00000e-01       7.243e+04  8.393526e-01  0.000000e+00  2.760815e-02  1.606474e-01
-5.60000e+00 -8.00000e-01       4.365e+06  8.224762e-01  0.000000e+00  6.344697e-03  1.775238e-01
-4.90000e+00 -8.00000e-01       1.282e+08  8.039667e-01  0.000000e+00 -7.393039e-03  1.960333e-01
-4.20000e+00 -8.00000e-01       1.844e+09  7.816839e-01  0.000000e+00 -1.236607e-02  2.183161e-01
-3.50000e+00 -8.00000e-01       1.438e+10  7.668844e-01  0.000000e+00 -1.903256e-02  2.331156e-01
-2.80000e+00 -8.00000e-01       6.942e+10  7.672272e-01  0.000000e+00 -1.111593e-02  2.327728e-01
-2.10000e+00 -8.00000e-01       2.203e+11  7.686864e-01  0.000000e+00  3.342846e-02  2.313136e-01
-1.40000e+00 -8.00000e-01       5.281e+11  7.743091e-01  0.000000e+00  6.468557e-02  2.256909e-01
-7.00000e-01 -8.00000e-01       1.135e+12  7.928841e-01  0.000000e+00  2.531178e-02  2.071159e-01
 0.00000e+00 -8.00000e-01       1.595e+12  7.996393e-01  0.000000e+00 -2.603923e-15  2.003607e-01
 7.00000e-01 -8.00000e-01       1.135e+12  7.928841e-01  0.000000e+00 -2.531178e-02  2.071159e-01
 1.40000e+00 -8.00000e-01       5.281e+11  7.743091e-01  0.000000e+00 -6.468557e-02  2.256909e-01
 2.10000e+00 -8.00000e-01       2.203e+11  7.686864e-01  0.000000e+00 -3.342846e-02  2.313136e-01
 2.80000e+00 -8.00000e-01       6.942e+10  7.672272e-01  0.000000e+00  1.111593e-02  2.327728e-01
 3.50000e+00 -8.00000e-01       1.438e+10  7.668844e-01  0.000000e+00  1.903256e-02  2.331156e-01
 4.20000e+00 -8.00000e-01       1.844e+09  7.816839e-01  0.000000e+00  1.236607e-02  2.183161e-01
 4.90000e+00 -8.00000e-01       1.282e+08  8.039667e-01  0.000000e+00  7.393039e-03  1.960333e-01
 5.60000e+00 -8.00000e-01       4.365e+06  8.224762e-01  0.000000e+00 -6.344697e-03  1.775238e-01
 6.30000e+00 -8.00000e-01       7.243e+04  8.393526e-01  0.000000e+00 -2.760815e-02  1.606474e-01
 7.00000e+00 -8.00000e-01       6.111e+02  8.472790e-01  0.000000e+00 -4.439942e-02  1.527210e-01
-7.00000e+00 -4.00000e-01       4.884e+03  9.237642e-01  0.000000e+00 -8.966871e-02  7.623576e-02
-6.30000e+00 -4.00000e-01       6.124e+05  9.343471e-01  0.000000e+00 -7.251149e-02  6.565290e-02
-5.60000e+00 -4.00000e-01       3.365e+07  9.321719e-01  0.000000e+00 -4.332183e-02  6.782811e-02
-4.90000e+00 -4.00000e-01       9.151e+08  9.295756e-01  0.000000e+00 -2.520490e-02  7.042435e-02
-4.20000e+00 -4.00000e-01       1.283e+10  9.294426e-01  0.000000e+00 -1.591642e-02  7.055745e-02
-3.50000e+00 -4.00000e-01       9.546e+10  9.293935e-01  0.000000e+00 -1.137102e-02  7.060652e-02
-2.80000e+00 -4.00000e-01       4.157e+11  9.326370e-01  0.000000e+00  2.434349e-03  6.736302e-02
-2.10000e+00 -4.00000e-01       1.176e+12  9.375583e-01  0.000000e+00  4.383763e-02  6.244171e-02
-1.40000e+00 -4.00000e-01       2.213e+12  9.366258e-01  0.000000e+00  1.044786e-01  6.337419e-02
-7.00000e-01 -4.00000e-01       2.577e+12  9.254407e-01  0.000000e+00  1.260514e-01  7.455926e-02
 0.00000e+00 -4.00000e-01       2.332e+12  9.146033e-01  0.000000e+00  1.232310e-15  8.539673e-02
 7.00000e-01 -4.00000e-01       2.577e+12  9.254407e-01  0.000000e+00 -1.260514e-01  7.455926e-02
 1.40000e+00 -4.00000e-01       2.213e+12  9.366258e-01  0.000000e+00 -1.044786e-01  6.337419e-02
 2.10000e+00 -4.00000e-01       1.176e+12  9.375583e-01  0.000000e+00 -4.383763e-02  6.244171e-02
 2.80000e+00 -4.00000e-01       4.157e+11  9.326370e-01  0.000000e+00 -2.434349e-03  6.736302e-02
 3.50000e+00 -4.00000e-01       9.546e+10  9.293935e-01  0.000000e+00  1.137102e-02  7.060652e-02
 4.20000e+00 -4.00000e-01       1.283e+10  9.294426e-01  0.000000e+00  1.591642e-02  7.055745e-02
 4.90000e+00 -4.00000e-01       9.151e+08  9.295756e-01  0.000000e+00  2.520490e-02  7.042435e-02
 5.60000e+00 -4.00000e-01       3.365e+07  9.321719e-01  0.000000e+00  4.332183e-02  6.782811e-02
 6.30000e+00 -4.00000e-01       6.124e+05  9.343471e-01  0.000000e+00  7.251149e-02  6.565290e-02
 7.00000e+00 -4.00000e-01       4.884e+03  9.237642e-01  0.000000e+00  8.966872e-02  7.623577e-02
-7.00000e+00  0.00000e+00       8.942e+03  9.999256e-01  0.000000e+00  6.420291e-12  7.437316e-05
-6.30000e+00  0.00000e+00       1.127e+06  9.999370e-01  0.000000e+00  7.050044e-14  6.295465e-05
-5.60000e+00  0.00000e+00       6.370e+07  9.999442e-01  0.000000e+00 -6.679063e-14  5.584486e-05
-4.90000e+00  0.00000e+00       1.745e+09  9.999501e-01  0.000000e+00 -4.528250e-13  4.986188e-05
-4.20000e+00  0.00000e+00       2.454e+10  9.999566e-01  0.000000e+00 -1.799031e-12  4.341705e-05
-3.50000e+00  0.00000e+00       1.826e+11  9.999601e-01  0.000000e+00 -4.207297e-12  3.991874e-05
-2.80000e+00  0.00000e+00       7.729e+11  9.999590e-01  0.000000e+00 -5.510181e-12  4.098133e-05
-2.10000e+00  0.00000e+00       2.010e+12  9.999542e-01  0.000000e+00 -3.153564e-12  4.580063e-05
-1.40000e+00  0.00000e+00       4.091e+12  9.999539e-01  0.000000e+00  1.587719e-12  4.605773e-05
-7.00000e-01  0.00000e+00       8.922e+12  9.999657e-01  0.000000e+00  1.936791e-12  3.430068e-05
 0.00000e+00  0.00000e+00       1.295e+13  9.999706e-01  0.000000e+00  3.344831e-19  2.941567e-05
 7.00000e-01  0.00000e+00       8.922e+12  9.999657e-01  0.000000e+00 -1.936791e-12  3.430068e-05
 1.40000e+00  0.00000e+00       4.091e+12  9.999539e-01  0.000000e+00 -1.587714e-12  4.605773e-05
 2.10000e+00  0.00000e+00       2.010e+12  9.999542e-01  0.000000e+00  3.153572e-12  4.580063e-05
 2.80000e+00  0.00000e+00       7.729e+11  9.999590e-01  0.000000e+00  5.510195e-12  4.098133e-05
 3.50000e+00  0.00000e+00       1.826e+11  9.999601e-01  0.000000e+00  4.207313e-12  3.991874e-05
 4.20000e+00  0.00000e+00       2.454e+10  9.999566e-01  0.000000e+00  1.799042e-12  4.341705e-05
 4.90000e+00  0.00000e+00       1.745e+09  9.999501e-01  0.000000e+00  4.528067e-13  4.986188e-05
 5.60000e+00  0.00000e+00       6.370e+07  9.999442e-01  0.000000e+00  6.705456e-14  5.584486e-05
 6.30000e+00  0.00000e+00       1.127e+06  9.999370e-01  0.000000e+00 -6.508489e-15  6.295465e-05
 7.00000e+00  0.00000e+00       8.942e+03  9.999256e-01  0.000000e+00 -5.258215e-12  7.437316e-05
-7.00000e+00  4.00000e-01       4.884e+03  9.237642e-01  0.000000e+00  8.966871e-02  7.623576e-02
-6.30000e+00  4.00000e-01       6.124e+05  9.343471e-01  0.000000e+00  7.251149e-02  6.565290e-02
-5.60000e+00  4.00000e-01       3.365e+07  9.321719e-01  0.000000e+00  4.332183e-02  6.782811e-02
-4.90000e+00  4.00000e-01       9.151e+08  9.295756e-01  0.000000e+00  2.520490e-02  7.042435e-02
-4.20000e+00  4.00000e-01       1.283e+10  9.294426e-01  0.000000e+00  1.591642e-02  7.055745e-02
-3.50000e+00  4.00000e-01       9.546e+10  9.293935e-01  0.000000e+00  1.137102e-02  7.060652e-02
-2.80000e+00  4.00000e-01       4.157e+11  9.326370e-01  0.000000e+00 -2.434349e-03  6.736302e-02
-2.10000e+00  4.00000e-01       1.176e+12  9.375583e-01  0.000000e+00 -4.383763e-02  6.244171e-02
-1.40000e+00  4.00000e-01       2.213e+12  9.366258e-01  0.000000e+00 -1.044786e-01  6.337419e-02
-7.00000e-01  4.00000e-01       2.577e+12  9.254407e-01  0.000000e+00 -1.260514e-01  7.455926e-02
 0.00000e+00  4.00000e-01       2.332e+12  9.146033e-01  0.000000e+00 -1.229785e-15  8.539673e-02
 7.00000e-01  4.00000e-01       2.577e+12  9.254407e-01  0.000000e+00  1.260514e-01  7.455926e-02
 1.40000e+00  4.00000e-01       2.213e+12  9.366258e-01  0.000000e+00  1.044786e-01  6.337419e-02
 2.10000e+00  4.00000e-01       1.176e+12  9.375583e-01  0.000000e+00  4.383763e-02  6.244171e-02
 2.80000e+00  4.00000e-01       4.157e+11  9.326370e-01  0.000000e+00  2.434349e-03  6.736302e-02
 3.50000e+00  4.00000e-01       9.546e+10  9.293935e-01  0.000000e+00 -1.137102e-02  7.060652e-02
 4.20000e+00  4.00000e-01       1.283e+10  9.294426e-01  0.000000e+00 -1.591642e-02  7.055745e-02
 4.90000e+00  4.00000e-01       9.151e+08  9.295756e-01  0.000000e+00 -2.520490e-02  7.042435e-02
 5.60000e+00  4.00000e-01       3.365e+07  9.321719e-01  0.000000e+00 -4.332183e-02  6.782811e-02
 6.30000e+00  4.00000e-01       6.124e+05  9.343471e-01  0.000000e+00 -7.251149e-02  6.565290e-02
 7.00000e+00  4.00000e-01       4.884e+03  9.237642e-01  0.000000e+00 -8.966872e-02  7.623577e-02
-7.00000e+00  8.00000e-01       6.111e+02  8.472791e-01  0.000000e+00 -4.439942e-02  1.527209e-01
-6.30000e+00  8.00000e-01       7.243e+04  8.393526e-01  0.000000e+00 -2.760815e-02  1.606474e-01
-5.60000e+00  8.00000e-01       4.365e+06  8.224762e-01  0.000000e+00 -6.344697e-03  1.775238e-01
-4.90000e+00  8.00000e-01       1.282e+08  8.039667e-01  0.000000e+00  7.393039e-03  1.960333e-01
-4.20000e+00  8.00000e-01       1.844e+09  7.816839e-01  0.000000e+00  1.236607e-02  2.183161e-01
-3.50000e+00  8.00000e-01       1.438e+10  7.668844e-01  0.000000e+00  1.903256e-02  2.331156e-01
-2.80000e+00  8.00000e-01       6.942e+10  7.672272e-01  0.000000e+00  1.111593e-02  2.327728e-01
-2.10000e+00  8.00000e-01       2.203e+11  7.686864e-01  0.000000e+00 -3.342846e-02  2.313136e-01
-1.40000e+00  8.00000e-01       5.281e+11  7.743091e-01  0.000000e+00 -6.468557e-02  2.256909e-01
-7.00000e-01  8.00000e-01       1.135e+12  7.928841e-01  0.000000e+00 -2.531178e-02  2.071159e-01
 0.00000e+00  8.00000e-01       1.595e+12  7.996393e-01  0.000000e+00  2.092336e-15  2.003607e-01
 7.00000e-01  8.00000e-01       1.135e+12  7.928841e-01  0.000000e+00  2.531178e-02  2.071159e-01
 1.40000e+00  8.00000e-01       5.281e+11  7.743091e-01  0.000000e+00  6.468557e-02  2.256909e-01
 2.10000e+00  8.00000e-01       2.203e+11  7.686864e-01  0.000000e+00  3.342846e-02  2.313136e-01
 2.80000e+00  8.00000e-01       6.942e+10  7.672272e-01  0.000000e+00 -1.111593e-02  2.327728e-01
 3.50000e+00  8.00000e-01       1.438e+10  7.668844e-01  0.000000e+00 -1.903256e-02  2.331156e-01
 4.20000e+00  8.00000e-01       1.844e+09  7.816839e-01  0.000000e+00 -1.236607e-02  2.183161e-01
 4.90000e+00  8.00000e-01       1.282e+08  8.039667e-01  0.000000e+00 -7.393039e-03  1.960333e-01
 5.60000e+00  8.00000e-01       4.365e+06  8.224762e-01  0.000000e+00  6.344697e-03  1.775238e-01
 6.30000e+00  8.00000e-01       7.243e+04  8.393526e-01  0.000000e+00  2.760815e-02  1.606474e-01
 7.00000e+00  8.00000e-01       6.111e+02  8.472791e-01  0.000000e+00  4.439942e-02  1.527209e-01
-7.00000e+00  1.20000e+00       5.196e+01  5.094850e-01  0.000000e+00 -5.122244e-01  4.905150e-01
-6.30000e+00  1.20000e+00       3.594e+03  6.501352e-01  0.000000e+00  2.232183e-01  3.498648e-01
-5.60000e+00  1.20000e+00       2.823e+05  6.620947e-01  0.000000e+00  2.258737e-01  3.379053e-01
-4.90000e+00  1.20000e+00       8.543e+06  6.627445e-01  0.000000e+00  1.869644e-01  3.372555e-01
-4.20000e+00  1.20000e+00       1.160e+08  6.629078e-01  0.000000e+00  1.195814e-01  3.370922e-01
-3.50000e+00  1.20000e+00       9.226e+08  6.701609e-01  0.000000e+00  5.772866e-02  3.298391e-01
-2.80000e+00  1.20000e+00       4.798e+09  6.852415e-01  0.000000e+00  4.201128e-02  3.147585e-01
-2.10000e+00  1.20000e+00       1.618e+10  7.163534e-01  0.000000e+00  6.242745e-02  2.836466e-01
-1.40000e+00  1.20000e+00       3.616e+10  7.609818e-01  0.000000e+00  6.714671e-02  2.390182e-01
-7.00000e-01  1.20000e+00       5.131e+10  7.825782e-01  0.000000e+00  2.663060e-02  2.174218e-01
 0.00000e+00  1.20000e+00       5.297e+10  7.811422e-01  0.000000e+00 -3.621488e-16  2.188578e-01
 7.00000e-01  1.20000e+00       5.131e+10  7.825782e-01  0.000000e+00 -2.663060e-02  2.174218e-01
 1.40000e+00  1.20000e+00       3.616e+10  7.609818e-01  0.000000e+00 -6.714671e-02  2.390182e-01
 2.10000e+00  1.20000e+00       1.618e+10  7.163534e-01  0.000000e+00 -6.242745e-02  2.836466e-01
 2.80000e+00  1.20000e+00       4.798e+09  6.852415e-01  0.000000e+00 -4.201128e-02  3.147585e-01
 3.50000e+00  1.20000e+00       9.226e+08  6.701609e-01  0.000000e+00 -5.772866e-02  3.298391e-01
 4.20000e+00  1.20000e+00       1.160e+08  6.629078e-01  0.000000e+00 -1.195814e-01  3.370922e-01
 4.90000e+00  1.20000e+00       8.543e+06  6.627445e-01  0.000000e+00 -1.869644e-01  3.372555e-01
 5.60000e+00  1.20000e+00       2.823e+05  6.620947e-01  0.000000e+00 -2.258737e-01  3.379053e-01
 6.30000e+00  1.20000e+00       3.594e+03  6.501352e-01  0.000000e+00 -2.232183e-01  3.498648e-01
 7.00000e+00  1.20000e+00       5.196e+01  5.094850e-01  0.000000e+00  5.122245e-01  4.905150e-01
-7.00000e+00  1.60000e+00       3.116e+01  2.343767e-01  0.000000e+00 -8.216097e-01  7.656233e-01
-6.30000e+00  1.60000e+00       8.178e+02  5.634265e-01  0.000000e+00  2.777922e-01  4.365735e-01
-5.60000e+00  1.60000e+00       7.990e+04  6.001373e-01  0.000000e+00  3.235462e-01  3.998627e-01
-4.90000e+00  1.60000e+00       3.032e+06  6.132712e-01  0.000000e+00  2.918663e-01  3.867288e-01
-4.20000e+00  1.60000e+00       4.629e+07  6.288329e-01  0.000000e+00  2.474003e-01  3.711671e-01
-3.50000e+00  1.60000e+00       3.139e+08  6.407291e-01  0.000000e+00  1.945882e-01  3.592709e-01
-2.80000e+00  1.60000e+00       1.097e+09  6.445310e-01  0.000000e+00  1.374145e-01  3.554690e-01
-2.10000e+00  1.60000e+00       2.409e+09  6.396630e-01  0.000000e+00  8.942688e-02  3.603370e-01
-1.40000e+00  1.60000e+00       3.846e+09  6.250446e-01  0.000000e+00  6.166637e-02  3.749554e-01
-7.00000e-01  1.60000e+00       4.511e+09  5.937116e-01  0.000000e+00  3.800484e-02  4.062884e-01
 0.00000e+00  1.60000e+00       4.396e+09  5.687094e-01  0.000000e+00  4.189534e-15  4.312906e-01
 7.00000e-01  1.60000e+00       4.511e+09  5.937116e-01  0.000000e+00 -3.800484e-02  4.062884e-01
 1.40000e+00  1.60000e+00       3.846e+09  6.250446e-01  0.000000e+00 -6.166637e-02  3.749554e-01
 2.10000e+00  1.60000e+00       2.409e+09  6.396630e-01  0.000000e+00 -8.942688e-02  3.603370e-01
 2.80000e+00  1.60000e+00       1.097e+09  6.445310e-01  0.000000e+00 -1.374145e-01  3.554690e-01
 3.50000e+00  1.60000e+00       3.139e+08  6.407291e-01  0.000000e+00 -1.945882e-01  3.592709e-01
 4.20000e+00  1.60000e+00       4.629e+07  6.288329e-01  0.000000e+00 -2.474003e-01  3.711671e-01
 4.90000e+00  1.60000e+00       3.032e+06  6.132712e-01  0.000000e+00 -2.918663e-01  3.867288e-01
 5.60000e+00  1.60000e+00       7.990e+04  6.001373e-01  0.000000e+00 -3.235462e-01  3.998627e-01
 6.30000e+00  1.60000e+00       8.178e+02  5.634265e-01  0.000000e+00 -2.777922e-01  4.365735e-01
 7.00000e+00  1.60000e+00       3.116e+01  2.343767e-01  0.000000e+00  8.216097e-01  7.656233e-01
-7.00000e+00  2.00000e+00       1.839e+01 -3.044025e-02  0.000000e+00 -9.417246e-01  9.695597e-01
-6.30000e+00  2.00000e+00       4.900e+01  1.926950e-01  0.000000e+00 -4.689807e-01  8.073050e-01
-5.60000e+00  2.00000e+00       1.120e+03  8.332145e-01  0.000000e+00  2.923913e-02  1.667855e-01
-4.90000e+00  2.00000e+00       2.080e+04  8.164786e-01  0.000000e+00  9.065557e-02  1.835214e-01
-4.20000e+00  2.00000e+00       2.434e+05  7.253460e-01  0.000000e+00  1.288235e-01  2.746540e-01
-3.50000e+00  2.00000e+00       4.222e+06  6.300410e-01  0.000000e+00  8.729090e-02  3.699590e-01
-2.80000e+00  2.00000e+00       6.868e+07  5.866821e-01  0.000000e+00  6.645855e-02  4.133179e-01
-2.10000e+00  2.00000e+00       4.910e+08  5.748251e-01  0.000000e+00  5.864532e-02  4.251749e-01
-1.40000e+00  2.00000e+00       1.562e+09  5.645993e-01  0.000000e+00  4.418744e-02  4.354007e-01
-7.00000e-01  2.00000e+00       3.101e+09  5.503124e-01  0.000000e+00  2.032126e-02  4.496876e-01
 0.00000e+00  2.00000e+00       4.089e+09  5.444215e-01  0.000000e+00  2.135195e-17  4.555785e-01
 7.00000e-01  2.00000e+00       3.101e+09  5.503124e-01  0.000000e+00 -2.032126e-02  4.496876e-01
 1.40000e+00  2.00000e+00       1.562e+09  5.645993e-01  0.000000e+00 -4.418744e-02  4.354007e-01
 2.10000e+00  2.00000e+00       4.910e+08  5.748251e-01  0.000000e+00 -5.864532e-02  4.251749e-01
 2.80000e+00  2.00000e+00       6.868e+07  5.866821e-01  0.000000e+00 -6.645855e-02  4.133179e-01
 3.50000e+00  2.00000e+00       4.222e+06  6.300410e-01  0.000000e+00 -8.729090e-02  3.699590e-01
 4.20000e+00  2.00000e+00       2.434e+05  7.253460e-01  0.000000e+00 -1.288235e-01  2.746540e-01
 4.90000e+00  2.00000e+00       2.080e+04  8.164786e-01  0.000000e+00 -9.065557e-02  1.835214e-01
 5.60000e+00  2.00000e+00       1.120e+03  8.332145e-01  0.000000e+00 -2.923913e-02  1.667855e-01
 6.30000e+00  2.00000e+00       4.900e+01  1.926950e-01  0.000000e+00  4.689807e-01  8.073050e-01
 7.00000e+00  2.00000e+00       1.839e+01 -3.044023e-02  0.000000e+00  9.417246e-01  9.695598e-01
-7.00000e+00  2.40000e+00       1.661e+01 -1.784661e-01  0.000000e+00 -9.090812e-01  8.215339e-01
-6.30000e+00  2.40000e+00       4.450e+01 -1.046886e-01  0.000000e+00 -4.475574e-01  8.953114e-01
-5.60000e+00  2.40000e+00       8.687e+02  7.296136e-01  0.000000e+00  2.209215e-02  2.703864e-01
-4.90000e+00  2.40000e+00       3.218e+04  6.544762e-01  0.000000e+00  1.439256e-01  3.455238e-01
-4.20000e+00  2.40000e+00       1.177e+06  5.579440e-01  0.000000e+00  1.898951e-01  4.420560e-01
-3.50000e+00  2.40000e+00       1.919e+07  5.430369e-01  0.000000e+00  1.848483e-01  4.569631e-01
-2.80000e+00  2.40000e+00       1.233e+08  5.391339e-01  0.000000e+00  1.585254e-01  4.608661e-01
-2.10000e+00  2.40000e+00       4.041e+08  5.348720e-01  0.000000e+00  1.140983e-01  4.651280e-01
-1.40000e+00  2.40000e+00       7.959e+08  5.248650e-01  0.000000e+00  7.789920e-02  4.751350e-01
-7.00000e-01  2.40000e+00       8.711e+08  4.969412e-01  0.000000e+00  5.249508e-02  5.030588e-01
 0.00000e+00  2.40000e+00       7.234e+08  4.645097e-01  0.000000e+00  6.654926e-17  5.354903e-01
 7.00000e-01  2.40000e+00       8.711e+08  4.969412e-01  0.000000e+00 -5.249508e-02  5.030588e-01
 1.40000e+00  2.40000e+00       7.959e+08  5.248650e-01  0.000000e+00 -7.789920e-02  4.751350e-01
 2.10000e+00  2.40000e+00       4.041e+08  5.348720e-01  0.000000e+00 -1.140983e-01  4.651280e-01
 2.80000e+00  2.40000e+00       1.233e+08  5.391339e-01  0.000000e+00 -1.585254e-01  4.608661e-01
 3.50000e+00  2.40000e+00       1.919e+07  5.430369e-01  0.000000e+00 -1.848483e-01  4.569631e-01
 4.20000e+00  2.40000e+00       1.177e+06  5.579440e-01  0.000000e+00 -1.898951e-01  4.420560e-01
 4.90000e+00  2.40000e+00       3.218e+04  6.544762e-01  0.000000e+00 -1.439256e-01  3.455238e-01
 5.60000e+00  2.40000e+00       8.687e+02  7.296136e-01  0.000000e+00 -2.209215e-02  2.703864e-01
 6.30000e+00  2.40000e+00       4.450e+01 -1.046886e-01  0.000000e+00  4.475574e-01  8.953114e-01
 7.00000e+00  2.40000e+00       1.661e+01 -1.784661e-01  0.000000e+00  9.090812e-01  8.215339e-01
-7.00000e+00  2.80000e+00       1.884e+01 -2.665243e-01  0.000000e+00 -9.184675e-01  7.334757e-01
-6.30000e+00  2.80000e+00       3.616e+01 -1.274823e-01  0.000000e+00 -5.307401e-01  8.725177e-01
-5.60000e+00  2.80000e+00       5.284e+02  8.223506e-01  0.000000e+00 -2.444580e-02  1.776494e-01
-4.90000e+00  2.80000e+00       7.794e+03  9.215212e-01  0.000000e+00  5.457729e-03  7.847884e-02
-4.20000e+00  2.80000e+00       5.437e+04  9.232703e-01  0.000000e+00  2.492046e-02  7.672971e-02
-3.50000e+00  2.80000e+00       3.253e+05  9.256451e-01  0.000000e+00  4.054172e-02  7.435493e-02
-2.80000e+00  2.80000e+00       1.807e+06  8.371987e-01  0.000000e+00  6.045613e-02  1.628013e-01
-2.10000e+00  2.80000e+00       1.333e+07  6.224712e-01  0.000000e+00  7.806212e-02  3.775288e-01
-1.40000e+00  2.80000e+00       8.664e+07  4.916298e-01  0.000000e+00  5.660362e-02  5.083702e-01
-7.00000e-01  2.80000e+00       2.954e+08  4.356112e-01  0.000000e+00  2.595603e-02  5.643888e-01
 0.00000e+00  2.80000e+00       4.536e+08  4.228154e-01  0.000000e+00  1.369040e-16  5.771846e-01
 7.00000e-01  2.80000e+00       2.954e+08  4.356112e-01  0.000000e+00 -2.595603e-02  5.643888e-01
 1.40000e+00  2.80000e+00       8.664e+07  4.916298e-01  0.000000e+00 -5.660362e-02  5.083702e-01
 2.10000e+00  2.80000e+00       1.333e+07  6.224712e-01  0.000000e+00 -7.806212e-02  3.775288e-01
 2.80000e+00  2.80000e+00       1.807e+06  8.371987e-01  0.000000e+00 -6.045613e-02  1.628013e-01
 3.50000e+00  2.80000e+00       3.253e+05  9.256451e-01  0.000000e+00 -4.054172e-02  7.435493e-02
 4.20000e+00  2.80000e+00       5.437e+04  9.232703e-01  0.000000e+00 -2.492046e-02  7.672971e-02
 4.90000e+00  2.80000e+00       7.794e+03  9.215212e-01  0.000000e+00 -5.457729e-03  7.847884e-02
 5.60000e+00  2.80000e+00       5.284e+02  8.223506e-01  0.000000e+00  2.444580e-02  1.776494e-01
 6.30000e+00  2.80000e+00       3.616e+01 -1.274823e-01  0.000000e+00  5.307401e-01  8.725177e-01
 7.00000e+00  2.80000e+00       1.884e+01 -2.665243e-01  0.000000e+00  9.184675e-01  7.334757e-01
-7.00000e+00  3.20000e+00       1.627e+01 -4.539133e-01  0.000000e+00 -8.621401e-01  5.460867e-01
-6.30000e+00  3.20000e+00       3.321e+01 -2.363481e-01  0.000000e+00 -5.417186e-01  7.636519e-01
-5.60000e+00  3.20000e+00       4.237e+02  7.998039e-01  0.000000e+00 -2.430960e-02  2.001961e-01
-4.90000e+00  3.20000e+00       6.115e+03  9.221573e-01  0.000000e+00  2.464477e-03  7.784272e-02
-4.20000e+00  3.20000e+00       4.087e+04  9.408843e-01  0.000000e+00  1.289377e-02  5.911570e-02
-3.50000e+00  3.20000e+00       2.314e+05  9.613559e-01  0.000000e+00  2.491977e-02  3.864406e-02
-2.80000e+00  3.20000e+00       1.013e+06  9.629351e-01  0.000000e+00  4.853653e-02  3.706488e-02
-2.10000e+00  3.20000e+00       4.235e+06  7.975096e-01  0.000000e+00  9.901588e-02  2.024904e-01
-1.40000e+00  3.20000e+00       3.261e+07  4.764269e-01  0.000000e+00  5.671616e-02  5.235731e-01
-7.00000e-01  3.20000e+00       1.674e+08  4.025228e-01  0.000000e+00  1.707079e-02  5.974772e-01
 0.00000e+00  3.20000e+00       2.981e+08  3.989556e-01  0.000000e+00 -1.997594e-17  6.010444e-01
 7.00000e-01  3.20000e+00       1.674e+08  4.025228e-01  0.000000e+00 -1.707079e-02  5.974772e-01
 1.40000e+00  3.20000e+00       3.261e+07  4.764269e-01  0.000000e+00 -5.671616e-02  5.235731e-01
 2.10000e+00  3.20000e+00       4.235e+06  7.975096e-01  0.000000e+00 -9.901588e-02  2.024904e-01
 2.80000e+00  3.20000e+00       1.013e+06  9.629351e-01  0.000000e+00 -4.853653e-02  3.706488e-02
 3.50000e+00  3.20000e+00       2.314e+05  9.613559e-01  0.000000e+00 -2.491977e-02  3.864406e-02
 4.20000e+00  3.20000e+00       4.087e+04  9.408843e-01  0.000000e+00 -1.289377e-02  5.911570e-02
 4.90000e+00  3.20000e+00       6.115e+03  9.221573e-01  0.000000e+00 -2.464477e-03  7.784272e-02
 5.60000e+00  3.20000e+00       4.237e+02  7.998039e-01  0.000000e+00  2.430960e-02  2.001961e-01
 6.30000e+00  3.20000e+00       3.321e+01 -2.363481e-01  0.000000e+00  5.417186e-01  7.636519e-01
 7.00000e+00  3.20000e+00       1.627e+01 -4.539133e-01  0.000000e+00  8.621401e-01  5.460867e-01
-7.00000e+00  3.60000e+00       1.409e+01 -6.200689e-01  0.000000e+00 -7.616842e-01  3.799311e-01
-6.30000e+00  3.60000e+00       3.435e+01 -3.823816e-01  0.000000e+00 -5.361873e-01  6.176184e-01
-5.60000e+00  3.60000e+00       3.532e+02  7.896747e-01  0.000000e+00 -3.506885e-02  2.103253e-01
-4.90000e+00  3.60000e+00       5.029e+03  9.302005e-01  0.000000e+00  1.770488e-04  6.979951e-02
-4.20000e+00  3.60000e+00       3.316e+04  9.487096e-01  0.000000e+00  8.256997e-03  5.129039e-02
-3.50000e+00  3.60000e+00       1.860e+05  9.672941e-01  0.000000e+00  1.857614e-02  3.270591e-02
-2.80000e+00  3.60000e+00       9.344e+05  9.064505e-01  0.000000e+00  4.049761e-02  9.354953e-02
-2.10000e+00  3.60000e+00       7.184e+06  6.376677e-01  0.000000e+00  6.416748e-02  3.623323e-01
-1.40000e+00  3.60000e+00       6.107e+07  4.850412e-01  0.000000e+00  4.679053e-02  5.149588e-01
-7.00000e-01  3.60000e+00       2.392e+08  4.419578e-01  0.000000e+00  2.369145e-02  5.580422e-01
 0.00000e+00  3.60000e+00       3.768e+08  4.335267e-01  0.000000e+00  3.688206e-16  5.664733e-01
 7.00000e-01  3.60000e+00       2.392e+08  4.419578e-01  0.000000e+00 -2.369145e-02  5.580422e-01
 1.40000e+00  3.60000e+00       6.107e+07  4.850412e-01  0.000000e+00 -4.679053e-02  5.149588e-01
 2.10000e+00  3.60000e+00       7.184e+06  6.376677e-01  0.000000e+00 -6.416748e-02  3.623323e-01
 2.80000e+00  3.60000e+00       9.344e+05  9.064505e-01  0.000000e+00 -4.049761e-02  9.354953e-02
 3.50000e+00  3.60000e+00       1.860e+05  9.672941e-01  0.000000e+00 -1.857614e-02  3.270591e-02
 4.20000e+00  3.60000e+00       3.316e+04  9.487096e-01  0.000000e+00 -8.256997e-03  5.129039e-02
 4.90000e+00  3.60000e+00       5.029e+03  9.302005e-01  0.000000e+00 -1.770488e-04  6.979951e-02
 5.60000e+00  3.60000e+00       3.532e+02  7.896747e-01  0.000000e+00  3.506885e-02  2.103253e-01
 6.30000e+00  3.60000e+00       3.435e+01 -3.823816e-01  0.000000e+00  5.361873e-01  6.176184e-01
 7.00000e+00  3.60000e+00       1.409e+01 -6.200688e-01  0.000000e+00  7.616842e-01  3.799312e-01
-7.00000e+00  4.00000e+00       1.920e+00 -8.193599e-01  0.000000e+00 -4.860071e-01  1.806401e-01
-6.30000e+00  4.00000e+00       1.520e+01 -1.995798e-01  0.000000e+00 -2.561188e-01  8.004202e-01
-5.60000e+00  4.00000e+00       2.986e+02  8.082404e-01  0.000000e+00 -1.829910e-02  1.917596e-01
-4.90000e+00  4.00000e+00       4.312e+03  9.301498e-01  0.000000e+00 -2.448659e-04  6.985023e-02
-4.20000e+00  4.00000e+00       2.815e+04  9.521206e-01  0.000000e+00  5.797935e-03  4.787937e-02
-3.50000e+00  4.00000e+00       1.560e+05  9.730786e-01  0.000000e+00  1.447623e-02  2.692138e-02
-2.80000e+00  4.00000e+00       7.453e+05  9.334246e-01  0.000000e+00  3.475369e-02  6.657539e-02
-2.10000e+00  4.00000e+00       4.636e+06  6.912589e-01  0.000000e+00  6.882585e-02  3.087411e-01
-1.40000e+00  4.00000e+00       3.473e+07  4.940197e-01  0.000000e+00  5.698015e-02  5.059803e-01
-7.00000e-01  4.00000e+00       1.315e+08  4.285663e-01  0.000000e+00  2.980664e-02  5.714337e-01
 0.00000e+00  4.00000e+00       2.060e+08  4.153060e-01  0.000000e+00  2.113613e-16  5.846940e-01
 7.00000e-01  4.00000e+00       1.315e+08  4.285663e-01  0.000000e+00 -2.980664e-02  5.714337e-01
 1.40000e+00  4.00000e+00       3.473e+07  4.940197e-01  0.000000e+00 -5.698015e-02  5.059803e-01
 2.10000e+00  4.00000e+00       4.636e+06  6.912589e-01  0.000000e+00 -6.882585e-02  3.087411e-01
 2.80000e+00  4.00000e+00       7.453e+05  9.334246e-01  0.000000e+00 -3.475369e-02  6.657539e-02
 3.50000e+00  4.00000e+00       1.560e+05  9.730786e-01  0.000000e+00 -1.447623e-02  2.692138e-02
 4.20000e+00  4.00000e+00       2.815e+04  9.521206e-01  0.000000e+00 -5.797935e-03  4.787937e-02
 4.90000e+00  4.00000e+00       4.312e+03  9.301498e-01  0.000000e+00  2.448659e-04  6.985023e-02
 5.60000e+00  4.00000e+00       2.986e+02  8.082404e-01  0.000000e+00  1.829910e-02  1.917596e-01
 6.30000e+00  4.00000e+00       1.520e+01 -1.995798e-01  0.000000e+00  2.561188e-01  8.004202e-01
 7.00000e+00  4.00000e+00       1.920e+00 -8.193535e-01  0.000000e+00  4.860147e-01  1.806465e-01
