 EB(GeV)    EMITTANCEx EMITTANCEy SIZEx(m)   SIZEy(m)   DIVx(rad)  DIVy(rad)
 2.411e+00  5.499e-09  1.017e-12  8.711e-05  1.009e-06  6.313e-05  1.009e-06
 betax      alphax     betay      alphay     eta        deta       E_spread  
 1.380e+00  0.000e+00  1.000e+00  0.000e+00  0.000e+00  0.000e+00  8.600e-04
 Ibeam(A)   period(cm) #periods   Kx         Ky         Energy(eV)
 4.005e-01  1.900e+00         96  0.000e+00  1.780e+00  2.980e+04


           x            y       F.Density            PL            PC          PL45        1-|PL|
          mm           mm  ph/s/mr^2/0.1%             -             -             -             -
-7.00000e+00 -4.00000e+00       4.929e+00 -9.979345e-01  0.000000e+00  8.887168e-01  2.065545e-03
-6.30000e+00 -4.00000e+00       1.381e+01 -3.416725e-01  0.000000e+00  3.699644e-01  6.583275e-01
-5.60000e+00 -4.00000e+00       5.669e+02  7.052654e-01  0.000000e+00  2.067526e-02  2.947346e-01
-4.90000e+00 -4.00000e+00       1.775e+04  9.301361e-01  0.000000e+00  9.277926e-02  6.986392e-02
-4.20000e+00 -4.00000e+00       4.242e+05  8.937783e-01  0.000000e+00  3.872753e-02  1.062217e-01
-3.50000e+00 -4.00000e+00       3.594e+06  8.383641e-01  0.000000e+00 -2.847756e-02  1.616359e-01
-2.80000e+00 -4.00000e+00       1.953e+06 -6.241462e-02  0.000000e+00 -8.397519e-01  9.375854e-01
-2.10000e+00 -4.00000e+00       9.063e+07  9.098857e-01  0.000000e+00 -6.953275e-02  9.011426e-02
-1.40000e+00 -4.00000e+00       4.289e+08  9.110884e-01  0.000000e+00 -2.670184e-02  8.891160e-02
-7.00000e-01 -4.00000e+00       9.341e+08  9.323737e-01  0.000000e+00 -1.026171e-02  6.762625e-02
 0.00000e+00 -4.00000e+00       1.205e+09  9.553926e-01  0.000000e+00 -8.605684e-16  4.460743e-02
 7.00000e-01 -4.00000e+00       9.341e+08  9.323737e-01  0.000000e+00  1.026171e-02  6.762625e-02
 1.40000e+00 -4.00000e+00       4.289e+08  9.110884e-01  0.000000e+00  2.670184e-02  8.891160e-02
 2.10000e+00 -4.00000e+00       9.063e+07  9.098857e-01  0.000000e+00  6.953275e-02  9.011426e-02
 2.80000e+00 -4.00000e+00       1.953e+06 -6.241462e-02  0.000000e+00  8.397519e-01  9.375854e-01
 3.50000e+00 -4.00000e+00       3.594e+06  8.383641e-01  0.000000e+00  2.847756e-02  1.616359e-01
 4.20000e+00 -4.00000e+00       4.242e+05  8.937783e-01  0.000000e+00 -3.872753e-02  1.062217e-01
 4.90000e+00 -4.00000e+00       1.775e+04  9.301361e-01  0.000000e+00 -9.277926e-02  6.986392e-02
 5.60000e+00 -4.00000e+00       5.669e+02  7.052654e-01  0.000000e+00 -2.067526e-02  2.947346e-01
 6.30000e+00 -4.00000e+00       1.381e+01 -3.416725e-01  0.000000e+00 -3.699644e-01  6.583275e-01
 7.00000e+00 -4.00000e+00       4.929e+00 -9.979287e-01  0.000000e+00 -8.887197e-01  2.071342e-03
-7.00000e+00 -3.60000e+00       1.113e+01 -6.467938e-01  0.000000e+00  9.982312e-01  3.532062e-01
-6.30000e+00 -3.60000e+00       1.509e+01 -3.164581e-02  0.000000e+00  4.170270e-01  9.683542e-01
-5.60000e+00 -3.60000e+00       6.940e+02  6.851277e-01  0.000000e+00 -6.650228e-04  3.148723e-01
-4.90000e+00 -3.60000e+00       2.120e+04  9.211544e-01  0.000000e+00  1.086696e-01  7.884558e-02
-4.20000e+00 -3.60000e+00       5.059e+05  8.912603e-01  0.000000e+00  4.536048e-02  1.087397e-01
-3.50000e+00 -3.60000e+00       4.332e+06  8.321027e-01  0.000000e+00 -3.663371e-02  1.678973e-01
-2.80000e+00 -3.60000e+00       3.765e+06  1.483505e-01  0.000000e+00 -6.793239e-01  8.516495e-01
-2.10000e+00 -3.60000e+00       1.016e+08  8.570793e-01  0.000000e+00 -1.027715e-01  1.429207e-01
-1.40000e+00 -3.60000e+00       4.939e+08  8.943160e-01  0.000000e+00 -3.703247e-02  1.056840e-01
-7.00000e-01 -3.60000e+00       1.085e+09  9.235627e-01  0.000000e+00 -1.088245e-02  7.643731e-02
 0.00000e+00 -3.60000e+00       1.393e+09  9.394504e-01  0.000000e+00 -1.209110e-15  6.054963e-02
 7.00000e-01 -3.60000e+00       1.085e+09  9.235627e-01  0.000000e+00  1.088245e-02  7.643731e-02
 1.40000e+00 -3.60000e+00       4.939e+08  8.943160e-01  0.000000e+00  3.703247e-02  1.056840e-01
 2.10000e+00 -3.60000e+00       1.016e+08  8.570793e-01  0.000000e+00  1.027715e-01  1.429207e-01
 2.80000e+00 -3.60000e+00       3.765e+06  1.483505e-01  0.000000e+00  6.793239e-01  8.516495e-01
 3.50000e+00 -3.60000e+00       4.332e+06  8.321027e-01  0.000000e+00  3.663371e-02  1.678973e-01
 4.20000e+00 -3.60000e+00       5.059e+05  8.912603e-01  0.000000e+00 -4.536048e-02  1.087397e-01
 4.90000e+00 -3.60000e+00       2.120e+04  9.211544e-01  0.000000e+00 -1.086696e-01  7.884558e-02
 5.60000e+00 -3.60000e+00       6.940e+02  6.851277e-01  0.000000e+00  6.650228e-04  3.148723e-01
 6.30000e+00 -3.60000e+00       1.509e+01 -3.164579e-02  0.000000e+00 -4.170270e-01  9.683542e-01
 7.00000e+00 -3.60000e+00       1.113e+01 -6.467938e-01  0.000000e+00 -9.982312e-01  3.532062e-01
-7.00000e+00 -3.20000e+00       1.496e+01 -4.548748e-01  0.000000e+00  1.091085e+00  5.451252e-01
-6.30000e+00 -3.20000e+00       2.045e+01  1.835775e-01  0.000000e+00  2.427549e-01  8.164225e-01
-5.60000e+00 -3.20000e+00       9.406e+02  6.291948e-01  0.000000e+00 -4.816079e-02  3.708052e-01
-4.90000e+00 -3.20000e+00       2.735e+04  8.924524e-01  0.000000e+00  1.083042e-01  1.075476e-01
-4.20000e+00 -3.20000e+00       6.493e+05  8.753945e-01  0.000000e+00  4.172344e-02  1.246055e-01
-3.50000e+00 -3.20000e+00       5.815e+06  8.036629e-01  0.000000e+00 -5.408207e-02  1.963371e-01
-2.80000e+00 -3.20000e+00       1.287e+07  3.626264e-01  0.000000e+00 -3.656155e-01  6.373736e-01
-2.10000e+00 -3.20000e+00       8.837e+07  3.794786e-01  0.000000e+00 -2.475246e-01  6.205214e-01
-1.40000e+00 -3.20000e+00       4.794e+08  6.103613e-01  0.000000e+00 -9.758160e-02  3.896387e-01
-7.00000e-01 -3.20000e+00       1.208e+09  8.308053e-01  0.000000e+00 -3.272233e-02  1.691947e-01
 0.00000e+00 -3.20000e+00       1.681e+09  9.408934e-01  0.000000e+00 -1.479898e-15  5.910656e-02
 7.00000e-01 -3.20000e+00       1.208e+09  8.308053e-01  0.000000e+00  3.272233e-02  1.691947e-01
 1.40000e+00 -3.20000e+00       4.794e+08  6.103613e-01  0.000000e+00  9.758160e-02  3.896387e-01
 2.10000e+00 -3.20000e+00       8.837e+07  3.794786e-01  0.000000e+00  2.475246e-01  6.205214e-01
 2.80000e+00 -3.20000e+00       1.287e+07  3.626264e-01  0.000000e+00  3.656155e-01  6.373736e-01
 3.50000e+00 -3.20000e+00       5.815e+06  8.036629e-01  0.000000e+00  5.408207e-02  1.963371e-01
 4.20000e+00 -3.20000e+00       6.493e+05  8.753945e-01  0.000000e+00 -4.172344e-02  1.246055e-01
 4.90000e+00 -3.20000e+00       2.735e+04  8.924524e-01  0.000000e+00 -1.083042e-01  1.075476e-01
 5.60000e+00 -3.20000e+00       9.406e+02  6.291948e-01  0.000000e+00  4.816079e-02  3.708052e-01
 6.30000e+00 -3.20000e+00       2.045e+01  1.835775e-01  0.000000e+00 -2.427549e-01  8.164225e-01
 7.00000e+00 -3.20000e+00       1.496e+01 -4.548748e-01  0.000000e+00 -1.091085e+00  5.451252e-01
-7.00000e+00 -2.80000e+00       2.643e+01 -1.371947e-01  0.000000e+00  1.243581e+00  8.628053e-01
-6.30000e+00 -2.80000e+00       3.447e+01  4.447452e-01  0.000000e+00 -3.306672e-01  5.552548e-01
-5.60000e+00 -2.80000e+00       1.842e+03  4.848256e-01  0.000000e+00 -1.825873e-01  5.151744e-01
-4.90000e+00 -2.80000e+00       8.328e+04  6.522531e-01  0.000000e+00 -7.916577e-02  3.477469e-01
-4.20000e+00 -2.80000e+00       3.824e+06  5.826335e-01  0.000000e+00 -1.460935e-01  4.173665e-01
-3.50000e+00 -2.80000e+00       7.336e+07  5.325493e-01  0.000000e+00 -1.792794e-01  4.674507e-01
-2.80000e+00 -2.80000e+00       4.874e+08  4.971514e-01  0.000000e+00 -1.935803e-01  5.028486e-01
-2.10000e+00 -2.80000e+00       1.071e+09  4.174170e-01  0.000000e+00 -2.094308e-01  5.825830e-01
-1.40000e+00 -2.80000e+00       8.509e+08  6.676987e-03  0.000000e+00 -2.418720e-01  9.933230e-01
-7.00000e-01 -2.80000e+00       6.235e+08 -8.872225e-01  0.000000e+00 -1.599776e-01  1.127775e-01
 0.00000e+00 -2.80000e+00       8.953e+08 -5.482426e-01  0.000000e+00 -4.037944e-15  4.517574e-01
 7.00000e-01 -2.80000e+00       6.235e+08 -8.872225e-01  0.000000e+00  1.599776e-01  1.127775e-01
 1.40000e+00 -2.80000e+00       8.509e+08  6.676987e-03  0.000000e+00  2.418720e-01  9.933230e-01
 2.10000e+00 -2.80000e+00       1.071e+09  4.174170e-01  0.000000e+00  2.094308e-01  5.825830e-01
 2.80000e+00 -2.80000e+00       4.874e+08  4.971514e-01  0.000000e+00  1.935803e-01  5.028486e-01
 3.50000e+00 -2.80000e+00       7.336e+07  5.325493e-01  0.000000e+00  1.792794e-01  4.674507e-01
 4.20000e+00 -2.80000e+00       3.824e+06  5.826335e-01  0.000000e+00  1.460935e-01  4.173665e-01
 4.90000e+00 -2.80000e+00       8.328e+04  6.522531e-01  0.000000e+00  7.916577e-02  3.477469e-01
 5.60000e+00 -2.80000e+00       1.842e+03  4.848256e-01  0.000000e+00  1.825873e-01  5.151744e-01
 6.30000e+00 -2.80000e+00       3.447e+01  4.447452e-01  0.000000e+00  3.306672e-01  5.552548e-01
 7.00000e+00 -2.80000e+00       2.643e+01 -1.371947e-01  0.000000e+00 -1.243581e+00  8.628053e-01
-7.00000e+00 -2.40000e+00       3.157e+02  1.932145e-01  0.000000e+00 -4.786846e-01  8.067855e-01
-6.30000e+00 -2.40000e+00       3.651e+04  2.168986e-01  0.000000e+00 -5.641898e-01  7.831014e-01
-5.60000e+00 -2.40000e+00       1.469e+06  2.483649e-01  0.000000e+00 -5.440318e-01  7.516351e-01
-4.90000e+00 -2.40000e+00       2.195e+07  3.052101e-01  0.000000e+00 -5.035270e-01  6.947899e-01
-4.20000e+00 -2.40000e+00       1.464e+08  3.870286e-01  0.000000e+00 -4.312162e-01  6.129714e-01
-3.50000e+00 -2.40000e+00       5.415e+08  4.667551e-01  0.000000e+00 -3.335186e-01  5.332449e-01
-2.80000e+00 -2.40000e+00       1.285e+09  5.049291e-01  0.000000e+00 -2.418875e-01  4.950709e-01
-2.10000e+00 -2.40000e+00       2.041e+09  4.651739e-01  0.000000e+00 -1.809244e-01  5.348261e-01
-1.40000e+00 -2.40000e+00       2.080e+09  2.660794e-01  0.000000e+00 -1.539844e-01  7.339206e-01
-7.00000e-01 -2.40000e+00       1.082e+09 -5.153490e-01  0.000000e+00 -1.581803e-01  4.846510e-01
 0.00000e+00 -2.40000e+00       1.265e+09 -2.211945e-01  0.000000e+00 -6.513067e-15  7.788055e-01
 7.00000e-01 -2.40000e+00       1.082e+09 -5.153490e-01  0.000000e+00  1.581803e-01  4.846510e-01
 1.40000e+00 -2.40000e+00       2.080e+09  2.660794e-01  0.000000e+00  1.539844e-01  7.339206e-01
 2.10000e+00 -2.40000e+00       2.041e+09  4.651739e-01  0.000000e+00  1.809244e-01  5.348261e-01
 2.80000e+00 -2.40000e+00       1.285e+09  5.049291e-01  0.000000e+00  2.418875e-01  4.950709e-01
 3.50000e+00 -2.40000e+00       5.415e+08  4.667551e-01  0.000000e+00  3.335186e-01  5.332449e-01
 4.20000e+00 -2.40000e+00       1.464e+08  3.870286e-01  0.000000e+00  4.312162e-01  6.129714e-01
 4.90000e+00 -2.40000e+00       2.195e+07  3.052101e-01  0.000000e+00  5.035270e-01  6.947899e-01
 5.60000e+00 -2.40000e+00       1.469e+06  2.483649e-01  0.000000e+00  5.440318e-01  7.516351e-01
 6.30000e+00 -2.40000e+00       3.651e+04  2.168986e-01  0.000000e+00  5.641898e-01  7.831014e-01
 7.00000e+00 -2.40000e+00       3.157e+02  1.932145e-01  0.000000e+00  4.786846e-01  8.067855e-01
-7.00000e+00 -2.00000e+00       2.081e+03  2.031036e-01  0.000000e+00 -5.736477e-01  7.968964e-01
-6.30000e+00 -2.00000e+00       1.882e+05  2.116623e-01  0.000000e+00 -5.678314e-01  7.883377e-01
-5.60000e+00 -2.00000e+00       5.690e+06  2.520960e-01  0.000000e+00 -5.468011e-01  7.479040e-01
-4.90000e+00 -2.00000e+00       6.444e+07  3.206936e-01  0.000000e+00 -5.051276e-01  6.793064e-01
-4.20000e+00 -2.00000e+00       3.343e+08  4.190530e-01  0.000000e+00 -4.238334e-01  5.809470e-01
-3.50000e+00 -2.00000e+00       1.055e+09  5.138012e-01  0.000000e+00 -3.051751e-01  4.861988e-01
-2.80000e+00 -2.00000e+00       2.447e+09  5.507419e-01  0.000000e+00 -2.002778e-01  4.492581e-01
-2.10000e+00 -2.00000e+00       4.096e+09  5.081478e-01  0.000000e+00 -1.393166e-01  4.918522e-01
-1.40000e+00 -2.00000e+00       4.825e+09  3.671454e-01  0.000000e+00 -1.120766e-01  6.328546e-01
-7.00000e-01 -2.00000e+00       4.198e+09  1.442349e-01  0.000000e+00 -9.284732e-02  8.557651e-01
 0.00000e+00 -2.00000e+00       3.479e+09 -2.649458e-02  0.000000e+00  1.934205e-15  9.735054e-01
 7.00000e-01 -2.00000e+00       4.198e+09  1.442349e-01  0.000000e+00  9.284732e-02  8.557651e-01
 1.40000e+00 -2.00000e+00       4.825e+09  3.671454e-01  0.000000e+00  1.120766e-01  6.328546e-01
 2.10000e+00 -2.00000e+00       4.096e+09  5.081478e-01  0.000000e+00  1.393166e-01  4.918522e-01
 2.80000e+00 -2.00000e+00       2.447e+09  5.507419e-01  0.000000e+00  2.002778e-01  4.492581e-01
 3.50000e+00 -2.00000e+00       1.055e+09  5.138012e-01  0.000000e+00  3.051751e-01  4.861988e-01
 4.20000e+00 -2.00000e+00       3.343e+08  4.190530e-01  0.000000e+00  4.238334e-01  5.809470e-01
 4.90000e+00 -2.00000e+00       6.444e+07  3.206936e-01  0.000000e+00  5.051276e-01  6.793064e-01
 5.60000e+00 -2.00000e+00       5.690e+06  2.520960e-01  0.000000e+00  5.468011e-01  7.479040e-01
 6.30000e+00 -2.00000e+00       1.882e+05  2.116623e-01  0.000000e+00  5.678314e-01  7.883377e-01
 7.00000e+00 -2.00000e+00       2.081e+03  2.031036e-01  0.000000e+00  5.736477e-01  7.968964e-01
-7.00000e+00 -1.60000e+00       1.073e+05 -5.375053e-01  0.000000e+00  7.461077e-02  4.624947e-01
-6.30000e+00 -1.60000e+00       1.073e+06 -3.074022e-01  0.000000e+00 -1.007306e-01  6.925978e-01
-5.60000e+00 -1.60000e+00       1.058e+07  1.959628e-01  0.000000e+00 -4.052996e-01  8.040372e-01
-4.90000e+00 -1.60000e+00       1.043e+08  4.175616e-01  0.000000e+00 -3.995111e-01  5.824384e-01
-4.20000e+00 -1.60000e+00       6.786e+08  5.164804e-01  0.000000e+00 -2.640114e-01  4.835196e-01
-3.50000e+00 -1.60000e+00       3.224e+09  5.472598e-01  0.000000e+00 -1.353695e-01  4.527402e-01
-2.80000e+00 -1.60000e+00       1.164e+10  5.330771e-01  0.000000e+00 -8.229984e-02  4.669229e-01
-2.10000e+00 -1.60000e+00       3.055e+10  4.998098e-01  0.000000e+00 -1.327641e-01  5.001902e-01
-1.40000e+00 -1.60000e+00       5.440e+10  4.189047e-01  0.000000e+00 -2.132440e-01  5.810953e-01
-7.00000e-01 -1.60000e+00       6.123e+10  2.963893e-01  0.000000e+00 -1.664389e-01  7.036107e-01
 0.00000e+00 -1.60000e+00       5.492e+10  2.230504e-01  0.000000e+00  1.089743e-14  7.769496e-01
 7.00000e-01 -1.60000e+00       6.123e+10  2.963893e-01  0.000000e+00  1.664389e-01  7.036107e-01
 1.40000e+00 -1.60000e+00       5.440e+10  4.189047e-01  0.000000e+00  2.132440e-01  5.810953e-01
 2.10000e+00 -1.60000e+00       3.055e+10  4.998098e-01  0.000000e+00  1.327641e-01  5.001902e-01
 2.80000e+00 -1.60000e+00       1.164e+10  5.330771e-01  0.000000e+00  8.229984e-02  4.669229e-01
 3.50000e+00 -1.60000e+00       3.224e+09  5.472598e-01  0.000000e+00  1.353695e-01  4.527402e-01
 4.20000e+00 -1.60000e+00       6.786e+08  5.164804e-01  0.000000e+00  2.640114e-01  4.835196e-01
 4.90000e+00 -1.60000e+00       1.043e+08  4.175616e-01  0.000000e+00  3.995111e-01  5.824384e-01
 5.60000e+00 -1.60000e+00       1.058e+07  1.959628e-01  0.000000e+00  4.052996e-01  8.040372e-01
 6.30000e+00 -1.60000e+00       1.073e+06 -3.074022e-01  0.000000e+00  1.007306e-01  6.925978e-01
 7.00000e+00 -1.60000e+00       1.073e+05 -5.375053e-01  0.000000e+00 -7.461077e-02  4.624947e-01
-7.00000e+00 -1.20000e+00       1.931e+04  3.042650e-01  0.000000e+00 -3.877357e-01  6.957350e-01
-6.30000e+00 -1.20000e+00       1.236e+06  4.494957e-01  0.000000e+00 -2.825765e-01  5.505043e-01
-5.60000e+00 -1.20000e+00       4.009e+07  5.829510e-01  0.000000e+00 -1.150463e-01  4.170490e-01
-4.90000e+00 -1.20000e+00       7.699e+08  6.216775e-01  0.000000e+00 -3.088917e-02  3.783225e-01
-4.20000e+00 -1.20000e+00       8.814e+09  6.276233e-01  0.000000e+00 -2.045481e-02  3.723767e-01
-3.50000e+00 -1.20000e+00       5.924e+10  6.316890e-01  0.000000e+00 -1.265274e-02  3.683110e-01
-2.80000e+00 -1.20000e+00       2.466e+11  6.398547e-01  0.000000e+00  8.793575e-03  3.601453e-01
-2.10000e+00 -1.20000e+00       7.029e+11  6.747325e-01  0.000000e+00  7.183523e-02  3.252675e-01
-1.40000e+00 -1.20000e+00       1.455e+12  6.975719e-01  0.000000e+00  1.461309e-01  3.024281e-01
-7.00000e-01 -1.20000e+00       2.152e+12  6.232848e-01  0.000000e+00  1.237035e-01  3.767152e-01
 0.00000e+00 -1.20000e+00       2.404e+12  5.541967e-01  0.000000e+00 -1.140782e-15  4.458033e-01
 7.00000e-01 -1.20000e+00       2.152e+12  6.232848e-01  0.000000e+00 -1.237035e-01  3.767152e-01
 1.40000e+00 -1.20000e+00       1.455e+12  6.975719e-01  0.000000e+00 -1.461309e-01  3.024281e-01
 2.10000e+00 -1.20000e+00       7.029e+11  6.747325e-01  0.000000e+00 -7.183523e-02  3.252675e-01
 2.80000e+00 -1.20000e+00       2.466e+11  6.398547e-01  0.000000e+00 -8.793575e-03  3.601453e-01
 3.50000e+00 -1.20000e+00       5.924e+10  6.316890e-01  0.000000e+00  1.265274e-02  3.683110e-01
 4.20000e+00 -1.20000e+00       8.814e+09  6.276233e-01  0.000000e+00  2.045481e-02  3.723767e-01
 4.90000e+00 -1.20000e+00       7.699e+08  6.216775e-01  0.000000e+00  3.088917e-02  3.783225e-01
 5.60000e+00 -1.20000e+00       4.009e+07  5.829510e-01  0.000000e+00  1.150463e-01  4.170490e-01
 6.30000e+00 -1.20000e+00       1.236e+06  4.494957e-01  0.000000e+00  2.825765e-01  5.505043e-01
 7.00000e+00 -1.20000e+00       1.931e+04  3.042650e-01  0.000000e+00  3.877357e-01  6.957350e-01
-7.00000e+00 -8.00000e-01       1.970e+05  8.392913e-01  0.000000e+00  8.152777e-02  1.607087e-01
-6.30000e+00 -8.00000e-01       1.289e+07  7.538840e-01  0.000000e+00  5.311831e-02  2.461160e-01
-5.60000e+00 -8.00000e-01       4.829e+08  7.423330e-01  0.000000e+00 -4.543824e-02  2.576670e-01
-4.90000e+00 -8.00000e-01       9.450e+09  7.671849e-01  0.000000e+00 -7.440689e-02  2.328151e-01
-4.20000e+00 -8.00000e-01       8.637e+10  7.660688e-01  0.000000e+00 -6.152204e-02  2.339312e-01
-3.50000e+00 -8.00000e-01       4.489e+11  7.575433e-01  0.000000e+00  8.577884e-03  2.424567e-01
-2.80000e+00 -8.00000e-01       1.969e+12  7.716751e-01  0.000000e+00  1.132158e-01  2.283249e-01
-2.10000e+00 -8.00000e-01       5.910e+12  7.776312e-01  0.000000e+00  1.071295e-01  2.223688e-01
-1.40000e+00 -8.00000e-01       1.116e+13  7.567834e-01  0.000000e+00  1.920834e-02  2.432166e-01
-7.00000e-01 -8.00000e-01       2.351e+13  7.579105e-01  0.000000e+00 -2.824491e-02  2.420895e-01
 0.00000e+00 -8.00000e-01       3.532e+13  7.668652e-01  0.000000e+00  2.027191e-15  2.331348e-01
 7.00000e-01 -8.00000e-01       2.351e+13  7.579105e-01  0.000000e+00  2.824491e-02  2.420895e-01
 1.40000e+00 -8.00000e-01       1.116e+13  7.567834e-01  0.000000e+00 -1.920834e-02  2.432166e-01
 2.10000e+00 -8.00000e-01       5.910e+12  7.776312e-01  0.000000e+00 -1.071295e-01  2.223688e-01
 2.80000e+00 -8.00000e-01       1.969e+12  7.716751e-01  0.000000e+00 -1.132158e-01  2.283249e-01
 3.50000e+00 -8.00000e-01       4.489e+11  7.575433e-01  0.000000e+00 -8.577884e-03  2.424567e-01
 4.20000e+00 -8.00000e-01       8.637e+10  7.660688e-01  0.000000e+00  6.152204e-02  2.339312e-01
 4.90000e+00 -8.00000e-01       9.450e+09  7.671849e-01  0.000000e+00  7.440689e-02  2.328151e-01
 5.60000e+00 -8.00000e-01       4.829e+08  7.423330e-01  0.000000e+00  4.543824e-02  2.576670e-01
 6.30000e+00 -8.00000e-01       1.289e+07  7.538840e-01  0.000000e+00 -5.311831e-02  2.461160e-01
 7.00000e+00 -8.00000e-01       1.970e+05  8.392913e-01  0.000000e+00 -8.152777e-02  1.607087e-01
-7.00000e+00 -4.00000e-01       1.313e+06  9.690179e-01  0.000000e+00 -3.452474e-02  3.098207e-02
-6.30000e+00 -4.00000e-01       8.880e+07  9.584894e-01  0.000000e+00  3.002473e-02  4.151061e-02
-5.60000e+00 -4.00000e-01       2.671e+09  9.379737e-01  0.000000e+00  3.928520e-02  6.202633e-02
-4.90000e+00 -4.00000e-01       4.534e+10  9.307826e-01  0.000000e+00  1.129381e-03  6.921745e-02
-4.20000e+00 -4.00000e-01       4.504e+11  9.366877e-01  0.000000e+00 -1.263335e-02  6.331232e-02
-3.50000e+00 -4.00000e-01       2.491e+12  9.389938e-01  0.000000e+00 -6.535472e-03  6.100619e-02
-2.80000e+00 -4.00000e-01       8.555e+12  9.406586e-01  0.000000e+00 -4.769464e-03  5.934145e-02
-2.10000e+00 -4.00000e-01       2.146e+13  9.496529e-01  0.000000e+00 -1.042137e-02  5.034710e-02
-1.40000e+00 -4.00000e-01       4.310e+13  9.593043e-01  0.000000e+00 -1.830579e-02  4.069570e-02
-7.00000e-01 -4.00000e-01       6.671e+13  9.492319e-01  0.000000e+00 -1.094366e-02  5.076812e-02
 0.00000e+00 -4.00000e-01       7.748e+13  9.370971e-01  0.000000e+00  7.995224e-16  6.290290e-02
 7.00000e-01 -4.00000e-01       6.671e+13  9.492319e-01  0.000000e+00  1.094366e-02  5.076812e-02
 1.40000e+00 -4.00000e-01       4.310e+13  9.593043e-01  0.000000e+00  1.830579e-02  4.069570e-02
 2.10000e+00 -4.00000e-01       2.146e+13  9.496529e-01  0.000000e+00  1.042137e-02  5.034710e-02
 2.80000e+00 -4.00000e-01       8.555e+12  9.406586e-01  0.000000e+00  4.769464e-03  5.934145e-02
 3.50000e+00 -4.00000e-01       2.491e+12  9.389938e-01  0.000000e+00  6.535472e-03  6.100619e-02
 4.20000e+00 -4.00000e-01       4.504e+11  9.366877e-01  0.000000e+00  1.263335e-02  6.331232e-02
 4.90000e+00 -4.00000e-01       4.534e+10  9.307826e-01  0.000000e+00 -1.129381e-03  6.921745e-02
 5.60000e+00 -4.00000e-01       2.671e+09  9.379737e-01  0.000000e+00 -3.928520e-02  6.202633e-02
 6.30000e+00 -4.00000e-01       8.880e+07  9.584894e-01  0.000000e+00 -3.002473e-02  4.151061e-02
 7.00000e+00 -4.00000e-01       1.313e+06  9.690179e-01  0.000000e+00  3.452474e-02  3.098207e-02
-7.00000e+00  0.00000e+00       2.398e+06  9.999651e-01  0.000000e+00 -2.795952e-13  3.487443e-05
-6.30000e+00  0.00000e+00       1.671e+08  9.999730e-01  0.000000e+00 -7.340613e-15  2.700430e-05
-5.60000e+00  0.00000e+00       4.913e+09  9.999635e-01  0.000000e+00  1.030609e-15  3.654566e-05
-4.90000e+00  0.00000e+00       7.574e+10  9.999539e-01  0.000000e+00  2.097596e-16  4.613733e-05
-4.20000e+00  0.00000e+00       7.108e+11  9.999546e-01  0.000000e+00 -3.234168e-15  4.539378e-05
-3.50000e+00  0.00000e+00       3.847e+12  9.999556e-01  0.000000e+00 -4.059809e-14  4.443658e-05
-2.80000e+00  0.00000e+00       1.251e+13  9.999535e-01  0.000000e+00 -2.437030e-13  4.649596e-05
-2.10000e+00  0.00000e+00       2.658e+13  9.999390e-01  0.000000e+00 -6.433557e-13  6.104556e-05
-1.40000e+00  0.00000e+00       4.173e+13  9.999177e-01  0.000000e+00 -5.953981e-13  8.229151e-05
-7.00000e-01  0.00000e+00       5.637e+13  9.999632e-01  0.000000e+00 -7.277909e-14  3.683042e-05
 0.00000e+00  0.00000e+00       6.162e+13  9.999829e-01  0.000000e+00 -1.060018e-17  1.710292e-05
 7.00000e-01  0.00000e+00       5.637e+13  9.999632e-01  0.000000e+00  7.275321e-14  3.683042e-05
 1.40000e+00  0.00000e+00       4.173e+13  9.999177e-01  0.000000e+00  5.953791e-13  8.229151e-05
 2.10000e+00  0.00000e+00       2.658e+13  9.999390e-01  0.000000e+00  6.433495e-13  6.104556e-05
 2.80000e+00  0.00000e+00       1.251e+13  9.999535e-01  0.000000e+00  2.437053e-13  4.649596e-05
 3.50000e+00  0.00000e+00       3.847e+12  9.999556e-01  0.000000e+00  4.060507e-14  4.443658e-05
 4.20000e+00  0.00000e+00       7.108e+11  9.999546e-01  0.000000e+00  3.243067e-15  4.539378e-05
 4.90000e+00  0.00000e+00       7.574e+10  9.999539e-01  0.000000e+00 -2.297185e-16  4.613733e-05
 5.60000e+00  0.00000e+00       4.913e+09  9.999635e-01  0.000000e+00 -1.028019e-15  3.654566e-05
 6.30000e+00  0.00000e+00       1.671e+08  9.999730e-01  0.000000e+00  4.607868e-15  2.700430e-05
 7.00000e+00  0.00000e+00       2.398e+06  9.999651e-01  0.000000e+00  1.772975e-14  3.487443e-05
-7.00000e+00  4.00000e-01       1.313e+06  9.690179e-01  0.000000e+00  3.452474e-02  3.098207e-02
-6.30000e+00  4.00000e-01       8.880e+07  9.584894e-01  0.000000e+00 -3.002473e-02  4.151061e-02
-5.60000e+00  4.00000e-01       2.671e+09  9.379737e-01  0.000000e+00 -3.928520e-02  6.202633e-02
-4.90000e+00  4.00000e-01       4.534e+10  9.307826e-01  0.000000e+00 -1.129381e-03  6.921745e-02
-4.20000e+00  4.00000e-01       4.504e+11  9.366877e-01  0.000000e+00  1.263335e-02  6.331232e-02
-3.50000e+00  4.00000e-01       2.491e+12  9.389938e-01  0.000000e+00  6.535472e-03  6.100619e-02
-2.80000e+00  4.00000e-01       8.555e+12  9.406586e-01  0.000000e+00  4.769464e-03  5.934145e-02
-2.10000e+00  4.00000e-01       2.146e+13  9.496529e-01  0.000000e+00  1.042137e-02  5.034710e-02
-1.40000e+00  4.00000e-01       4.310e+13  9.593043e-01  0.000000e+00  1.830579e-02  4.069570e-02
-7.00000e-01  4.00000e-01       6.671e+13  9.492319e-01  0.000000e+00  1.094366e-02  5.076812e-02
 0.00000e+00  4.00000e-01       7.748e+13  9.370971e-01  0.000000e+00 -7.992817e-16  6.290290e-02
 7.00000e-01  4.00000e-01       6.671e+13  9.492319e-01  0.000000e+00 -1.094366e-02  5.076812e-02
 1.40000e+00  4.00000e-01       4.310e+13  9.593043e-01  0.000000e+00 -1.830579e-02  4.069570e-02
 2.10000e+00  4.00000e-01       2.146e+13  9.496529e-01  0.000000e+00 -1.042137e-02  5.034710e-02
 2.80000e+00  4.00000e-01       8.555e+12  9.406586e-01  0.000000e+00 -4.769464e-03  5.934145e-02
 3.50000e+00  4.00000e-01       2.491e+12  9.389938e-01  0.000000e+00 -6.535472e-03  6.100619e-02
 4.20000e+00  4.00000e-01       4.504e+11  9.366877e-01  0.000000e+00 -1.263335e-02  6.331232e-02
 4.90000e+00  4.00000e-01       4.534e+10  9.307826e-01  0.000000e+00  1.129381e-03  6.921745e-02
 5.60000e+00  4.00000e-01       2.671e+09  9.379737e-01  0.000000e+00  3.928520e-02  6.202633e-02
 6.30000e+00  4.00000e-01       8.880e+07  9.584894e-01  0.000000e+00  3.002473e-02  4.151061e-02
 7.00000e+00  4.00000e-01       1.313e+06  9.690179e-01  0.000000e+00 -3.452474e-02  3.098207e-02
-7.00000e+00  8.00000e-01       1.970e+05  8.392913e-01  0.000000e+00 -8.152777e-02  1.607087e-01
-6.30000e+00  8.00000e-01       1.289e+07  7.538840e-01  0.000000e+00 -5.311831e-02  2.461160e-01
-5.60000e+00  8.00000e-01       4.829e+08  7.423330e-01  0.000000e+00  4.543824e-02  2.576670e-01
-4.90000e+00  8.00000e-01       9.450e+09  7.671849e-01  0.000000e+00  7.440689e-02  2.328151e-01
-4.20000e+00  8.00000e-01       8.637e+10  7.660688e-01  0.000000e+00  6.152204e-02  2.339312e-01
-3.50000e+00  8.00000e-01       4.489e+11  7.575433e-01  0.000000e+00 -8.577884e-03  2.424567e-01
-2.80000e+00  8.00000e-01       1.969e+12  7.716751e-01  0.000000e+00 -1.132158e-01  2.283249e-01
-2.10000e+00  8.00000e-01       5.910e+12  7.776312e-01  0.000000e+00 -1.071295e-01  2.223688e-01
-1.40000e+00  8.00000e-01       1.116e+13  7.567834e-01  0.000000e+00 -1.920834e-02  2.432166e-01
-7.00000e-01  8.00000e-01       2.351e+13  7.579105e-01  0.000000e+00  2.824491e-02  2.420895e-01
 0.00000e+00  8.00000e-01       3.532e+13  7.668652e-01  0.000000e+00 -2.696386e-15  2.331348e-01
 7.00000e-01  8.00000e-01       2.351e+13  7.579105e-01  0.000000e+00 -2.824491e-02  2.420895e-01
 1.40000e+00  8.00000e-01       1.116e+13  7.567834e-01  0.000000e+00  1.920834e-02  2.432166e-01
 2.10000e+00  8.00000e-01       5.910e+12  7.776312e-01  0.000000e+00  1.071295e-01  2.223688e-01
 2.80000e+00  8.00000e-01       1.969e+12  7.716751e-01  0.000000e+00  1.132158e-01  2.283249e-01
 3.50000e+00  8.00000e-01       4.489e+11  7.575433e-01  0.000000e+00  8.577884e-03  2.424567e-01
 4.20000e+00  8.00000e-01       8.637e+10  7.660688e-01  0.000000e+00 -6.152204e-02  2.339312e-01
 4.90000e+00  8.00000e-01       9.450e+09  7.671849e-01  0.000000e+00 -7.440689e-02  2.328151e-01
 5.60000e+00  8.00000e-01       4.829e+08  7.423330e-01  0.000000e+00 -4.543824e-02  2.576670e-01
 6.30000e+00  8.00000e-01       1.289e+07  7.538840e-01  0.000000e+00  5.311831e-02  2.461160e-01
 7.00000e+00  8.00000e-01       1.970e+05  8.392913e-01  0.000000e+00  8.152777e-02  1.607087e-01
-7.00000e+00  1.20000e+00       1.931e+04  3.042650e-01  0.000000e+00  3.877357e-01  6.957350e-01
-6.30000e+00  1.20000e+00       1.236e+06  4.494957e-01  0.000000e+00  2.825765e-01  5.505043e-01
-5.60000e+00  1.20000e+00       4.009e+07  5.829510e-01  0.000000e+00  1.150463e-01  4.170490e-01
-4.90000e+00  1.20000e+00       7.699e+08  6.216775e-01  0.000000e+00  3.088917e-02  3.783225e-01
-4.20000e+00  1.20000e+00       8.814e+09  6.276233e-01  0.000000e+00  2.045481e-02  3.723767e-01
-3.50000e+00  1.20000e+00       5.924e+10  6.316890e-01  0.000000e+00  1.265274e-02  3.683110e-01
-2.80000e+00  1.20000e+00       2.466e+11  6.398547e-01  0.000000e+00 -8.793575e-03  3.601453e-01
-2.10000e+00  1.20000e+00       7.029e+11  6.747325e-01  0.000000e+00 -7.183523e-02  3.252675e-01
-1.40000e+00  1.20000e+00       1.455e+12  6.975719e-01  0.000000e+00 -1.461309e-01  3.024281e-01
-7.00000e-01  1.20000e+00       2.152e+12  6.232848e-01  0.000000e+00 -1.237035e-01  3.767152e-01
 0.00000e+00  1.20000e+00       2.404e+12  5.541967e-01  0.000000e+00 -2.660418e-15  4.458033e-01
 7.00000e-01  1.20000e+00       2.152e+12  6.232848e-01  0.000000e+00  1.237035e-01  3.767152e-01
 1.40000e+00  1.20000e+00       1.455e+12  6.975719e-01  0.000000e+00  1.461309e-01  3.024281e-01
 2.10000e+00  1.20000e+00       7.029e+11  6.747325e-01  0.000000e+00  7.183523e-02  3.252675e-01
 2.80000e+00  1.20000e+00       2.466e+11  6.398547e-01  0.000000e+00  8.793575e-03  3.601453e-01
 3.50000e+00  1.20000e+00       5.924e+10  6.316890e-01  0.000000e+00 -1.265274e-02  3.683110e-01
 4.20000e+00  1.20000e+00       8.814e+09  6.276233e-01  0.000000e+00 -2.045481e-02  3.723767e-01
 4.90000e+00  1.20000e+00       7.699e+08  6.216775e-01  0.000000e+00 -3.088917e-02  3.783225e-01
 5.60000e+00  1.20000e+00       4.009e+07  5.829510e-01  0.000000e+00 -1.150463e-01  4.170490e-01
 6.30000e+00  1.20000e+00       1.236e+06  4.494957e-01  0.000000e+00 -2.825765e-01  5.505043e-01
 7.00000e+00  1.20000e+00       1.931e+04  3.042650e-01  0.000000e+00 -3.877357e-01  6.957350e-01
-7.00000e+00  1.60000e+00       1.073e+05 -5.375053e-01  0.000000e+00 -7.461077e-02  4.624947e-01
-6.30000e+00  1.60000e+00       1.073e+06 -3.074022e-01  0.000000e+00  1.007306e-01  6.925978e-01
-5.60000e+00  1.60000e+00       1.058e+07  1.959628e-01  0.000000e+00  4.052996e-01  8.040372e-01
-4.90000e+00  1.60000e+00       1.043e+08  4.175616e-01  0.000000e+00  3.995111e-01  5.824384e-01
-4.20000e+00  1.60000e+00       6.786e+08  5.164804e-01  0.000000e+00  2.640114e-01  4.835196e-01
-3.50000e+00  1.60000e+00       3.224e+09  5.472598e-01  0.000000e+00  1.353695e-01  4.527402e-01
-2.80000e+00  1.60000e+00       1.164e+10  5.330771e-01  0.000000e+00  8.229984e-02  4.669229e-01
-2.10000e+00  1.60000e+00       3.055e+10  4.998098e-01  0.000000e+00  1.327640e-01  5.001902e-01
-1.40000e+00  1.60000e+00       5.440e+10  4.189047e-01  0.000000e+00  2.132440e-01  5.810953e-01
-7.00000e-01  1.60000e+00       6.123e+10  2.963893e-01  0.000000e+00  1.664389e-01  7.036107e-01
 0.00000e+00  1.60000e+00       5.492e+10  2.230504e-01  0.000000e+00 -1.023098e-14  7.769496e-01
 7.00000e-01  1.60000e+00       6.123e+10  2.963893e-01  0.000000e+00 -1.664389e-01  7.036107e-01
 1.40000e+00  1.60000e+00       5.440e+10  4.189047e-01  0.000000e+00 -2.132440e-01  5.810953e-01
 2.10000e+00  1.60000e+00       3.055e+10  4.998098e-01  0.000000e+00 -1.327640e-01  5.001902e-01
 2.80000e+00  1.60000e+00       1.164e+10  5.330771e-01  0.000000e+00 -8.229984e-02  4.669229e-01
 3.50000e+00  1.60000e+00       3.224e+09  5.472598e-01  0.000000e+00 -1.353695e-01  4.527402e-01
 4.20000e+00  1.60000e+00       6.786e+08  5.164804e-01  0.000000e+00 -2.640114e-01  4.835196e-01
 4.90000e+00  1.60000e+00       1.043e+08  4.175616e-01  0.000000e+00 -3.995111e-01  5.824384e-01
 5.60000e+00  1.60000e+00       1.058e+07  1.959628e-01  0.000000e+00 -4.052996e-01  8.040372e-01
 6.30000e+00  1.60000e+00       1.073e+06 -3.074022e-01  0.000000e+00 -1.007306e-01  6.925978e-01
 7.00000e+00  1.60000e+00       1.073e+05 -5.375053e-01  0.000000e+00  7.461077e-02  4.624947e-01
-7.00000e+00  2.00000e+00       2.081e+03  2.031036e-01  0.000000e+00  5.736477e-01  7.968964e-01
-6.30000e+00  2.00000e+00       1.882e+05  2.116623e-01  0.000000e+00  5.678314e-01  7.883377e-01
-5.60000e+00  2.00000e+00       5.690e+06  2.520960e-01  0.000000e+00  5.468011e-01  7.479040e-01
-4.90000e+00  2.00000e+00       6.444e+07  3.206936e-01  0.000000e+00  5.051276e-01  6.793064e-01
-4.20000e+00  2.00000e+00       3.343e+08  4.190530e-01  0.000000e+00  4.238334e-01  5.809470e-01
-3.50000e+00  2.00000e+00       1.055e+09  5.138012e-01  0.000000e+00  3.051751e-01  4.861988e-01
-2.80000e+00  2.00000e+00       2.447e+09  5.507419e-01  0.000000e+00  2.002778e-01  4.492581e-01
-2.10000e+00  2.00000e+00       4.096e+09  5.081478e-01  0.000000e+00  1.393166e-01  4.918522e-01
-1.40000e+00  2.00000e+00       4.825e+09  3.671454e-01  0.000000e+00  1.120766e-01  6.328546e-01
-7.00000e-01  2.00000e+00       4.198e+09  1.442350e-01  0.000000e+00  9.284730e-02  8.557650e-01
 0.00000e+00  2.00000e+00       3.479e+09 -2.649442e-02  0.000000e+00 -1.536685e-16  9.735056e-01
 7.00000e-01  2.00000e+00       4.198e+09  1.442350e-01  0.000000e+00 -9.284730e-02  8.557650e-01
 1.40000e+00  2.00000e+00       4.825e+09  3.671454e-01  0.000000e+00 -1.120766e-01  6.328546e-01
 2.10000e+00  2.00000e+00       4.096e+09  5.081478e-01  0.000000e+00 -1.393166e-01  4.918522e-01
 2.80000e+00  2.00000e+00       2.447e+09  5.507419e-01  0.000000e+00 -2.002778e-01  4.492581e-01
 3.50000e+00  2.00000e+00       1.055e+09  5.138012e-01  0.000000e+00 -3.051751e-01  4.861988e-01
 4.20000e+00  2.00000e+00       3.343e+08  4.190530e-01  0.000000e+00 -4.238334e-01  5.809470e-01
 4.90000e+00  2.00000e+00       6.444e+07  3.206936e-01  0.000000e+00 -5.051276e-01  6.793064e-01
 5.60000e+00  2.00000e+00       5.690e+06  2.520960e-01  0.000000e+00 -5.468011e-01  7.479040e-01
 6.30000e+00  2.00000e+00       1.882e+05  2.116623e-01  0.000000e+00 -5.678314e-01  7.883377e-01
 7.00000e+00  2.00000e+00       2.081e+03  2.031036e-01  0.000000e+00 -5.736477e-01  7.968964e-01
-7.00000e+00  2.40000e+00       3.157e+02  1.932145e-01  0.000000e+00  4.786845e-01  8.067855e-01
-6.30000e+00  2.40000e+00       3.651e+04  2.168986e-01  0.000000e+00  5.641898e-01  7.831014e-01
-5.60000e+00  2.40000e+00       1.469e+06  2.483649e-01  0.000000e+00  5.440318e-01  7.516351e-01
-4.90000e+00  2.40000e+00       2.195e+07  3.052101e-01  0.000000e+00  5.035270e-01  6.947899e-01
-4.20000e+00  2.40000e+00       1.464e+08  3.870286e-01  0.000000e+00  4.312162e-01  6.129714e-01
-3.50000e+00  2.40000e+00       5.415e+08  4.667551e-01  0.000000e+00  3.335186e-01  5.332449e-01
-2.80000e+00  2.40000e+00       1.285e+09  5.049291e-01  0.000000e+00  2.418874e-01  4.950709e-01
-2.10000e+00  2.40000e+00       2.041e+09  4.651739e-01  0.000000e+00  1.809244e-01  5.348261e-01
-1.40000e+00  2.40000e+00       2.080e+09  2.660795e-01  0.000000e+00  1.539844e-01  7.339205e-01
-7.00000e-01  2.40000e+00       1.082e+09 -5.153480e-01  0.000000e+00  1.581802e-01  4.846520e-01
 0.00000e+00  2.40000e+00       1.265e+09 -2.211959e-01  0.000000e+00  9.018820e-15  7.788041e-01
 7.00000e-01  2.40000e+00       1.082e+09 -5.153480e-01  0.000000e+00 -1.581802e-01  4.846520e-01
 1.40000e+00  2.40000e+00       2.080e+09  2.660795e-01  0.000000e+00 -1.539844e-01  7.339205e-01
 2.10000e+00  2.40000e+00       2.041e+09  4.651739e-01  0.000000e+00 -1.809244e-01  5.348261e-01
 2.80000e+00  2.40000e+00       1.285e+09  5.049291e-01  0.000000e+00 -2.418874e-01  4.950709e-01
 3.50000e+00  2.40000e+00       5.415e+08  4.667551e-01  0.000000e+00 -3.335186e-01  5.332449e-01
 4.20000e+00  2.40000e+00       1.464e+08  3.870286e-01  0.000000e+00 -4.312162e-01  6.129714e-01
 4.90000e+00  2.40000e+00       2.195e+07  3.052101e-01  0.000000e+00 -5.035270e-01  6.947899e-01
 5.60000e+00  2.40000e+00       1.469e+06  2.483649e-01  0.000000e+00 -5.440318e-01  7.516351e-01
 6.30000e+00  2.40000e+00       3.651e+04  2.168986e-01  0.000000e+00 -5.641898e-01  7.831014e-01
 7.00000e+00  2.40000e+00       3.157e+02  1.932145e-01  0.000000e+00 -4.786845e-01  8.067855e-01
-7.00000e+00  2.80000e+00       2.643e+01 -1.371949e-01  0.000000e+00 -1.243581e+00  8.628051e-01
-6.30000e+00  2.80000e+00       3.447e+01  4.447420e-01  0.000000e+00  3.306663e-01  5.552580e-01
-5.60000e+00  2.80000e+00       1.842e+03  4.848253e-01  0.000000e+00  1.825872e-01  5.151747e-01
-4.90000e+00  2.80000e+00       8.328e+04  6.522531e-01  0.000000e+00  7.916577e-02  3.477469e-01
-4.20000e+00  2.80000e+00       3.824e+06  5.826335e-01  0.000000e+00  1.460935e-01  4.173665e-01
-3.50000e+00  2.80000e+00       7.336e+07  5.325493e-01  0.000000e+00  1.792794e-01  4.674507e-01
-2.80000e+00  2.80000e+00       4.874e+08  4.971514e-01  0.000000e+00  1.935803e-01  5.028486e-01
-2.10000e+00  2.80000e+00       1.071e+09  4.174170e-01  0.000000e+00  2.094307e-01  5.825830e-01
-1.40000e+00  2.80000e+00       8.509e+08  6.677222e-03  0.000000e+00  2.418718e-01  9.933228e-01
-7.00000e-01  2.80000e+00       6.235e+08 -8.872269e-01  0.000000e+00  1.599779e-01  1.127731e-01
 0.00000e+00  2.80000e+00       8.953e+08 -5.482465e-01  0.000000e+00  6.253975e-15  4.517535e-01
 7.00000e-01  2.80000e+00       6.235e+08 -8.872269e-01  0.000000e+00 -1.599779e-01  1.127731e-01
 1.40000e+00  2.80000e+00       8.509e+08  6.677222e-03  0.000000e+00 -2.418718e-01  9.933228e-01
 2.10000e+00  2.80000e+00       1.071e+09  4.174170e-01  0.000000e+00 -2.094307e-01  5.825830e-01
 2.80000e+00  2.80000e+00       4.874e+08  4.971514e-01  0.000000e+00 -1.935803e-01  5.028486e-01
 3.50000e+00  2.80000e+00       7.336e+07  5.325493e-01  0.000000e+00 -1.792794e-01  4.674507e-01
 4.20000e+00  2.80000e+00       3.824e+06  5.826335e-01  0.000000e+00 -1.460935e-01  4.173665e-01
 4.90000e+00  2.80000e+00       8.328e+04  6.522531e-01  0.000000e+00 -7.916577e-02  3.477469e-01
 5.60000e+00  2.80000e+00       1.842e+03  4.848253e-01  0.000000e+00 -1.825872e-01  5.151747e-01
 6.30000e+00  2.80000e+00       3.447e+01  4.447420e-01  0.000000e+00 -3.306663e-01  5.552580e-01
 7.00000e+00  2.80000e+00       2.643e+01 -1.371949e-01  0.000000e+00  1.243581e+00  8.628051e-01
-7.00000e+00  3.20000e+00       1.496e+01 -4.548752e-01  0.000000e+00 -1.091084e+00  5.451248e-01
-6.30000e+00  3.20000e+00       2.045e+01  1.835696e-01  0.000000e+00 -2.427536e-01  8.164304e-01
-5.60000e+00  3.20000e+00       9.406e+02  6.291936e-01  0.000000e+00  4.816080e-02  3.708064e-01
-4.90000e+00  3.20000e+00       2.735e+04  8.924523e-01  0.000000e+00 -1.083042e-01  1.075477e-01
-4.20000e+00  3.20000e+00       6.493e+05  8.753946e-01  0.000000e+00 -4.172347e-02  1.246054e-01
-3.50000e+00  3.20000e+00       5.815e+06  8.036630e-01  0.000000e+00  5.408193e-02  1.963370e-01
-2.80000e+00  3.20000e+00       1.287e+07  3.626259e-01  0.000000e+00  3.656153e-01  6.373741e-01
-2.10000e+00  3.20000e+00       8.837e+07  3.794793e-01  0.000000e+00  2.475234e-01  6.205207e-01
-1.40000e+00  3.20000e+00       4.794e+08  6.103601e-01  0.000000e+00  9.758152e-02  3.896399e-01
-7.00000e-01  3.20000e+00       1.208e+09  8.308036e-01  0.000000e+00  3.272245e-02  1.691964e-01
 0.00000e+00  3.20000e+00       1.681e+09  9.408918e-01  0.000000e+00  2.323893e-15  5.910817e-02
 7.00000e-01  3.20000e+00       1.208e+09  8.308036e-01  0.000000e+00 -3.272245e-02  1.691964e-01
 1.40000e+00  3.20000e+00       4.794e+08  6.103601e-01  0.000000e+00 -9.758152e-02  3.896399e-01
 2.10000e+00  3.20000e+00       8.837e+07  3.794793e-01  0.000000e+00 -2.475234e-01  6.205207e-01
 2.80000e+00  3.20000e+00       1.287e+07  3.626259e-01  0.000000e+00 -3.656153e-01  6.373741e-01
 3.50000e+00  3.20000e+00       5.815e+06  8.036630e-01  0.000000e+00 -5.408193e-02  1.963370e-01
 4.20000e+00  3.20000e+00       6.493e+05  8.753946e-01  0.000000e+00  4.172347e-02  1.246054e-01
 4.90000e+00  3.20000e+00       2.735e+04  8.924523e-01  0.000000e+00  1.083042e-01  1.075477e-01
 5.60000e+00  3.20000e+00       9.406e+02  6.291936e-01  0.000000e+00 -4.816080e-02  3.708064e-01
 6.30000e+00  3.20000e+00       2.045e+01  1.835696e-01  0.000000e+00  2.427536e-01  8.164304e-01
 7.00000e+00  3.20000e+00       1.496e+01 -4.548752e-01  0.000000e+00  1.091084e+00  5.451248e-01
-7.00000e+00  3.60000e+00       1.113e+01 -6.467945e-01  0.000000e+00 -9.982294e-01  3.532055e-01
-6.30000e+00  3.60000e+00       1.509e+01 -3.166371e-02  0.000000e+00 -4.170198e-01  9.683363e-01
-5.60000e+00  3.60000e+00       6.940e+02  6.851244e-01  0.000000e+00  6.651328e-04  3.148756e-01
-4.90000e+00  3.60000e+00       2.120e+04  9.211542e-01  0.000000e+00 -1.086696e-01  7.884582e-02
-4.20000e+00  3.60000e+00       5.059e+05  8.912604e-01  0.000000e+00 -4.536054e-02  1.087396e-01
-3.50000e+00  3.60000e+00       4.332e+06  8.321030e-01  0.000000e+00  3.663341e-02  1.678970e-01
-2.80000e+00  3.60000e+00       3.765e+06  1.483445e-01  0.000000e+00  6.793280e-01  8.516555e-01
-2.10000e+00  3.60000e+00       1.016e+08  8.570793e-01  0.000000e+00  1.027704e-01  1.429207e-01
-1.40000e+00  3.60000e+00       4.939e+08  8.943134e-01  0.000000e+00  3.703250e-02  1.056866e-01
-7.00000e-01  3.60000e+00       1.085e+09  9.235586e-01  0.000000e+00  1.088272e-02  7.644135e-02
 0.00000e+00  3.60000e+00       1.393e+09  9.394459e-01  0.000000e+00  2.002703e-15  6.055407e-02
 7.00000e-01  3.60000e+00       1.085e+09  9.235586e-01  0.000000e+00 -1.088272e-02  7.644135e-02
 1.40000e+00  3.60000e+00       4.939e+08  8.943134e-01  0.000000e+00 -3.703250e-02  1.056866e-01
 2.10000e+00  3.60000e+00       1.016e+08  8.570793e-01  0.000000e+00 -1.027704e-01  1.429207e-01
 2.80000e+00  3.60000e+00       3.765e+06  1.483445e-01  0.000000e+00 -6.793280e-01  8.516555e-01
 3.50000e+00  3.60000e+00       4.332e+06  8.321030e-01  0.000000e+00 -3.663341e-02  1.678970e-01
 4.20000e+00  3.60000e+00       5.059e+05  8.912604e-01  0.000000e+00  4.536054e-02  1.087396e-01
 4.90000e+00  3.60000e+00       2.120e+04  9.211542e-01  0.000000e+00  1.086696e-01  7.884582e-02
 5.60000e+00  3.60000e+00       6.940e+02  6.851244e-01  0.000000e+00 -6.651328e-04  3.148756e-01
 6.30000e+00  3.60000e+00       1.509e+01 -3.166369e-02  0.000000e+00  4.170198e-01  9.683363e-01
 7.00000e+00  3.60000e+00       1.113e+01 -6.467945e-01  0.000000e+00  9.982294e-01  3.532055e-01
-7.00000e+00  4.00000e+00       4.929e+00 -9.979343e-01  0.000000e+00 -8.887064e-01  2.065723e-03
-6.30000e+00  4.00000e+00       1.381e+01 -3.417108e-01  0.000000e+00 -3.699444e-01  6.582892e-01
-5.60000e+00  4.00000e+00       5.669e+02  7.052533e-01  0.000000e+00 -2.067475e-02  2.947467e-01
-4.90000e+00  4.00000e+00       1.775e+04  9.301352e-01  0.000000e+00 -9.277917e-02  6.986476e-02
-4.20000e+00  4.00000e+00       4.242e+05  8.937784e-01  0.000000e+00 -3.872764e-02  1.062216e-01
-3.50000e+00  4.00000e+00       3.594e+06  8.383647e-01  0.000000e+00  2.847693e-02  1.616353e-01
-2.80000e+00  4.00000e+00       1.953e+06 -6.243102e-02  0.000000e+00  8.397559e-01  9.375690e-01
-2.10000e+00  4.00000e+00       9.063e+07  9.098801e-01  0.000000e+00  6.953225e-02  9.011988e-02
-1.40000e+00  4.00000e+00       4.289e+08  9.110763e-01  0.000000e+00  2.670326e-02  8.892370e-02
-7.00000e-01  4.00000e+00       9.341e+08  9.323573e-01  0.000000e+00  1.026313e-02  6.764275e-02
 0.00000e+00  4.00000e+00       1.205e+09  9.553752e-01  0.000000e+00  1.608073e-15  4.462484e-02
 7.00000e-01  4.00000e+00       9.341e+08  9.323573e-01  0.000000e+00 -1.026313e-02  6.764275e-02
 1.40000e+00  4.00000e+00       4.289e+08  9.110763e-01  0.000000e+00 -2.670326e-02  8.892370e-02
 2.10000e+00  4.00000e+00       9.063e+07  9.098801e-01  0.000000e+00 -6.953225e-02  9.011988e-02
 2.80000e+00  4.00000e+00       1.953e+06 -6.243102e-02  0.000000e+00 -8.397559e-01  9.375690e-01
 3.50000e+00  4.00000e+00       3.594e+06  8.383647e-01  0.000000e+00 -2.847693e-02  1.616353e-01
 4.20000e+00  4.00000e+00       4.242e+05  8.937784e-01  0.000000e+00  3.872764e-02  1.062216e-01
 4.90000e+00  4.00000e+00       1.775e+04  9.301352e-01  0.000000e+00  9.277917e-02  6.986476e-02
 5.60000e+00  4.00000e+00       5.669e+02  7.052533e-01  0.000000e+00  2.067475e-02  2.947467e-01
 6.30000e+00  4.00000e+00       1.381e+01 -3.417108e-01  0.000000e+00  3.699444e-01  6.582892e-01
 7.00000e+00  4.00000e+00       4.929e+00 -9.979285e-01  0.000000e+00  8.887093e-01  2.071520e-03
