 EB(GeV)    EMITTANCEx EMITTANCEy SIZEx(m)   SIZEy(m)   DIVx(rad)  DIVy(rad)
 2.411e+00  5.499e-09  1.017e-12  8.711e-05  1.009e-06  6.313e-05  1.009e-06
 betax      alphax     betay      alphay     eta        deta       E_spread  
 1.380e+00  0.000e+00  1.000e+00  0.000e+00  0.000e+00  0.000e+00  8.600e-04
 Ibeam(A)   period(cm) #periods   Kx         Ky         Energy(eV)
 4.005e-01  1.900e+00         96  0.000e+00  1.780e+00  4.142e+04


           x            y       F.Density            PL            PC          PL45        1-|PL|
          mm           mm  ph/s/mr^2/0.1%             -             -             -             -
-7.00000e+00 -4.00000e+00       1.922e+00 -8.305393e-01  0.000000e+00  4.709649e-01  1.694607e-01
-6.30000e+00 -4.00000e+00       1.390e+01 -4.380757e-01  0.000000e+00  3.115386e-01  5.619243e-01
-5.60000e+00 -4.00000e+00       1.620e+02  6.477734e-01  0.000000e+00  1.465784e-02  3.522266e-01
-4.90000e+00 -4.00000e+00       2.258e+03  8.939449e-01  0.000000e+00 -8.869372e-02  1.060551e-01
-4.20000e+00 -4.00000e+00       2.517e+04  9.848034e-01  0.000000e+00 -1.126771e-01  1.519655e-02
-3.50000e+00 -4.00000e+00       2.920e+05  9.578831e-01  0.000000e+00 -5.639206e-02  4.211694e-02
-2.80000e+00 -4.00000e+00       1.375e+06  9.977533e-01  0.000000e+00 -1.906567e-02  2.246722e-03
-2.10000e+00 -4.00000e+00       6.510e+06  7.313085e-01  0.000000e+00  6.256600e-03  2.686915e-01
-1.40000e+00 -4.00000e+00       5.081e+07  6.332028e-01  0.000000e+00 -1.055811e-02  3.667972e-01
-7.00000e-01 -4.00000e+00       2.042e+08  6.285139e-01  0.000000e+00 -1.073827e-02  3.714861e-01
 0.00000e+00 -4.00000e+00       3.295e+08  6.335679e-01  0.000000e+00 -4.133502e-16  3.664321e-01
 7.00000e-01 -4.00000e+00       2.042e+08  6.285139e-01  0.000000e+00  1.073827e-02  3.714861e-01
 1.40000e+00 -4.00000e+00       5.081e+07  6.332028e-01  0.000000e+00  1.055811e-02  3.667972e-01
 2.10000e+00 -4.00000e+00       6.510e+06  7.313085e-01  0.000000e+00 -6.256600e-03  2.686915e-01
 2.80000e+00 -4.00000e+00       1.375e+06  9.977533e-01  0.000000e+00  1.906567e-02  2.246722e-03
 3.50000e+00 -4.00000e+00       2.920e+05  9.578831e-01  0.000000e+00  5.639206e-02  4.211694e-02
 4.20000e+00 -4.00000e+00       2.517e+04  9.848034e-01  0.000000e+00  1.126771e-01  1.519655e-02
 4.90000e+00 -4.00000e+00       2.258e+03  8.939449e-01  0.000000e+00  8.869372e-02  1.060551e-01
 5.60000e+00 -4.00000e+00       1.620e+02  6.477734e-01  0.000000e+00 -1.465784e-02  3.522266e-01
 6.30000e+00 -4.00000e+00       1.390e+01 -4.380757e-01  0.000000e+00 -3.115386e-01  5.619243e-01
 7.00000e+00 -4.00000e+00       1.922e+00 -8.305331e-01  0.000000e+00 -4.709723e-01  1.694669e-01
-7.00000e+00 -3.60000e+00       1.108e+01 -6.529700e-01  0.000000e+00  7.293199e-01  3.470300e-01
-6.30000e+00 -3.60000e+00       3.003e+01 -5.100667e-01  0.000000e+00  5.480922e-01  4.899333e-01
-5.60000e+00 -3.60000e+00       1.927e+02  6.295684e-01  0.000000e+00  3.420129e-02  3.704316e-01
-4.90000e+00 -3.60000e+00       2.630e+03  9.008040e-01  0.000000e+00 -1.086314e-01  9.919602e-02
-4.20000e+00 -3.60000e+00       2.950e+04  9.863197e-01  0.000000e+00 -1.373067e-01  1.368027e-02
-3.50000e+00 -3.60000e+00       3.424e+05  9.590548e-01  0.000000e+00 -6.917608e-02  4.094523e-02
-2.80000e+00 -3.60000e+00       1.654e+06  9.819507e-01  0.000000e+00 -2.325831e-02  1.804933e-02
-2.10000e+00 -3.60000e+00       9.209e+06  6.822248e-01  0.000000e+00  6.097399e-03  3.177752e-01
-1.40000e+00 -3.60000e+00       7.856e+07  5.907391e-01  0.000000e+00 -9.958366e-03  4.092609e-01
-7.00000e-01 -3.60000e+00       3.192e+08  5.863796e-01  0.000000e+00 -9.971409e-03  4.136204e-01
 0.00000e+00 -3.60000e+00       5.133e+08  5.906154e-01  0.000000e+00 -6.018895e-16  4.093846e-01
 7.00000e-01 -3.60000e+00       3.192e+08  5.863796e-01  0.000000e+00  9.971409e-03  4.136204e-01
 1.40000e+00 -3.60000e+00       7.856e+07  5.907391e-01  0.000000e+00  9.958366e-03  4.092609e-01
 2.10000e+00 -3.60000e+00       9.209e+06  6.822248e-01  0.000000e+00 -6.097399e-03  3.177752e-01
 2.80000e+00 -3.60000e+00       1.654e+06  9.819507e-01  0.000000e+00  2.325831e-02  1.804933e-02
 3.50000e+00 -3.60000e+00       3.424e+05  9.590548e-01  0.000000e+00  6.917608e-02  4.094523e-02
 4.20000e+00 -3.60000e+00       2.950e+04  9.863197e-01  0.000000e+00  1.373067e-01  1.368027e-02
 4.90000e+00 -3.60000e+00       2.630e+03  9.008040e-01  0.000000e+00  1.086314e-01  9.919602e-02
 5.60000e+00 -3.60000e+00       1.927e+02  6.295684e-01  0.000000e+00 -3.420129e-02  3.704316e-01
 6.30000e+00 -3.60000e+00       3.003e+01 -5.100667e-01  0.000000e+00 -5.480922e-01  4.899333e-01
 7.00000e+00 -3.60000e+00       1.108e+01 -6.529700e-01  0.000000e+00 -7.293199e-01  3.470300e-01
-7.00000e+00 -3.20000e+00       8.666e+00 -5.136081e-01  0.000000e+00  8.037185e-01  4.863919e-01
-6.30000e+00 -3.20000e+00       2.659e+01 -4.173773e-01  0.000000e+00  5.049531e-01  5.826227e-01
-5.60000e+00 -3.20000e+00       2.345e+02  6.114573e-01  0.000000e+00  2.574768e-02  3.885427e-01
-4.90000e+00 -3.20000e+00       3.187e+03  8.970807e-01  0.000000e+00 -1.277394e-01  1.029193e-01
-4.20000e+00 -3.20000e+00       3.587e+04  9.879446e-01  0.000000e+00 -1.649269e-01  1.205536e-02
-3.50000e+00 -3.20000e+00       4.165e+05  9.585995e-01  0.000000e+00 -8.396196e-02  4.140047e-02
-2.80000e+00 -3.20000e+00       1.925e+06  9.973238e-01  0.000000e+00 -2.633188e-02  2.676220e-03
-2.10000e+00 -3.20000e+00       9.013e+06  7.211639e-01  0.000000e+00  3.112882e-02  2.788361e-01
-1.40000e+00 -3.20000e+00       8.353e+07  5.991668e-01  0.000000e+00  6.394363e-03  4.008332e-01
-7.00000e-01 -3.20000e+00       3.885e+08  5.811148e-01  0.000000e+00 -2.450193e-03  4.188852e-01
 0.00000e+00 -3.20000e+00       6.590e+08  5.802944e-01  0.000000e+00 -1.930375e-16  4.197056e-01
 7.00000e-01 -3.20000e+00       3.885e+08  5.811148e-01  0.000000e+00  2.450193e-03  4.188852e-01
 1.40000e+00 -3.20000e+00       8.353e+07  5.991668e-01  0.000000e+00 -6.394363e-03  4.008332e-01
 2.10000e+00 -3.20000e+00       9.013e+06  7.211639e-01  0.000000e+00 -3.112882e-02  2.788361e-01
 2.80000e+00 -3.20000e+00       1.925e+06  9.973238e-01  0.000000e+00  2.633188e-02  2.676220e-03
 3.50000e+00 -3.20000e+00       4.165e+05  9.585995e-01  0.000000e+00  8.396196e-02  4.140047e-02
 4.20000e+00 -3.20000e+00       3.587e+04  9.879446e-01  0.000000e+00  1.649269e-01  1.205536e-02
 4.90000e+00 -3.20000e+00       3.187e+03  8.970807e-01  0.000000e+00  1.277394e-01  1.029193e-01
 5.60000e+00 -3.20000e+00       2.345e+02  6.114573e-01  0.000000e+00 -2.574768e-02  3.885427e-01
 6.30000e+00 -3.20000e+00       2.659e+01 -4.173773e-01  0.000000e+00 -5.049531e-01  5.826227e-01
 7.00000e+00 -3.20000e+00       8.666e+00 -5.136081e-01  0.000000e+00 -8.037185e-01  4.863919e-01
-7.00000e+00 -2.80000e+00       1.950e+01 -2.452483e-01  0.000000e+00  9.262462e-01  7.547517e-01
-6.30000e+00 -2.80000e+00       3.196e+01 -2.493145e-01  0.000000e+00  6.139835e-01  7.506855e-01
-5.60000e+00 -2.80000e+00       2.727e+02  7.254763e-01  0.000000e+00  1.293985e-02  2.745237e-01
-4.90000e+00 -2.80000e+00       3.923e+03  9.274278e-01  0.000000e+00 -1.473666e-01  7.257219e-02
-4.20000e+00 -2.80000e+00       4.551e+04  9.956541e-01  0.000000e+00 -1.952768e-01  4.345873e-03
-3.50000e+00 -2.80000e+00       5.334e+05  9.615908e-01  0.000000e+00 -1.018601e-01  3.840918e-02
-2.80000e+00 -2.80000e+00       2.445e+06  9.985399e-01  0.000000e+00 -3.370618e-02  1.460067e-03
-2.10000e+00 -2.80000e+00       9.226e+06  7.720975e-01  0.000000e+00  4.998572e-02  2.279025e-01
-1.40000e+00 -2.80000e+00       6.781e+07  6.629480e-01  0.000000e+00  2.264133e-02  3.370520e-01
-7.00000e-01 -2.80000e+00       3.086e+08  6.406081e-01  0.000000e+00  2.745609e-03  3.593919e-01
 0.00000e+00 -2.80000e+00       5.319e+08  6.372295e-01  0.000000e+00 -9.761195e-16  3.627705e-01
 7.00000e-01 -2.80000e+00       3.086e+08  6.406081e-01  0.000000e+00 -2.745609e-03  3.593919e-01
 1.40000e+00 -2.80000e+00       6.781e+07  6.629480e-01  0.000000e+00 -2.264133e-02  3.370520e-01
 2.10000e+00 -2.80000e+00       9.226e+06  7.720975e-01  0.000000e+00 -4.998572e-02  2.279025e-01
 2.80000e+00 -2.80000e+00       2.445e+06  9.985399e-01  0.000000e+00  3.370618e-02  1.460067e-03
 3.50000e+00 -2.80000e+00       5.334e+05  9.615908e-01  0.000000e+00  1.018601e-01  3.840918e-02
 4.20000e+00 -2.80000e+00       4.551e+04  9.956541e-01  0.000000e+00  1.952768e-01  4.345873e-03
 4.90000e+00 -2.80000e+00       3.923e+03  9.274278e-01  0.000000e+00  1.473666e-01  7.257219e-02
 5.60000e+00 -2.80000e+00       2.727e+02  7.254763e-01  0.000000e+00 -1.293985e-02  2.745237e-01
 6.30000e+00 -2.80000e+00       3.196e+01 -2.493145e-01  0.000000e+00 -6.139835e-01  7.506855e-01
 7.00000e+00 -2.80000e+00       1.950e+01 -2.452483e-01  0.000000e+00 -9.262462e-01  7.547517e-01
-7.00000e+00 -2.40000e+00       1.783e+01 -1.899173e-01  0.000000e+00  9.073834e-01  8.100827e-01
-6.30000e+00 -2.40000e+00       4.068e+01 -2.824823e-01  0.000000e+00  5.702208e-01  7.175177e-01
-5.60000e+00 -2.40000e+00       3.467e+02  6.586510e-01  0.000000e+00  5.391082e-02  3.413490e-01
-4.90000e+00 -2.40000e+00       4.858e+03  9.678626e-01  0.000000e+00 -1.297990e-01  3.213744e-02
-4.20000e+00 -2.40000e+00       1.007e+05  8.244023e-01  0.000000e+00 -1.719378e-01  1.755977e-01
-3.50000e+00 -2.40000e+00       2.887e+06  6.549978e-01  0.000000e+00 -1.066093e-01  3.450022e-01
-2.80000e+00 -2.40000e+00       4.267e+07  5.662651e-01  0.000000e+00 -8.755190e-02  4.337349e-01
-2.10000e+00 -2.40000e+00       2.712e+08  5.383196e-01  0.000000e+00 -7.287042e-02  4.616804e-01
-1.40000e+00 -2.40000e+00       7.767e+08  5.409697e-01  0.000000e+00 -5.265823e-02  4.590303e-01
-7.00000e-01 -2.40000e+00       1.226e+09  5.650079e-01  0.000000e+00 -2.794767e-02  4.349921e-01
 0.00000e+00 -2.40000e+00       1.379e+09  5.865429e-01  0.000000e+00 -4.552343e-16  4.134571e-01
 7.00000e-01 -2.40000e+00       1.226e+09  5.650079e-01  0.000000e+00  2.794767e-02  4.349921e-01
 1.40000e+00 -2.40000e+00       7.767e+08  5.409697e-01  0.000000e+00  5.265823e-02  4.590303e-01
 2.10000e+00 -2.40000e+00       2.712e+08  5.383196e-01  0.000000e+00  7.287042e-02  4.616804e-01
 2.80000e+00 -2.40000e+00       4.267e+07  5.662651e-01  0.000000e+00  8.755190e-02  4.337349e-01
 3.50000e+00 -2.40000e+00       2.887e+06  6.549978e-01  0.000000e+00  1.066093e-01  3.450022e-01
 4.20000e+00 -2.40000e+00       1.007e+05  8.244023e-01  0.000000e+00  1.719378e-01  1.755977e-01
 4.90000e+00 -2.40000e+00       4.858e+03  9.678626e-01  0.000000e+00  1.297990e-01  3.213744e-02
 5.60000e+00 -2.40000e+00       3.467e+02  6.586510e-01  0.000000e+00 -5.391082e-02  3.413490e-01
 6.30000e+00 -2.40000e+00       4.068e+01 -2.824823e-01  0.000000e+00 -5.702208e-01  7.175177e-01
 7.00000e+00 -2.40000e+00       1.783e+01 -1.899173e-01  0.000000e+00 -9.073834e-01  8.100827e-01
-7.00000e+00 -2.00000e+00       3.432e+01  9.663983e-02  0.000000e+00  5.889996e-01  9.033602e-01
-6.30000e+00 -2.00000e+00       1.877e+03  4.093832e-01  0.000000e+00 -4.341282e-01  5.906168e-01
-5.60000e+00 -2.00000e+00       1.283e+05  4.378432e-01  0.000000e+00 -4.525221e-01  5.621568e-01
-4.90000e+00 -2.00000e+00       3.055e+06  4.596687e-01  0.000000e+00 -4.237139e-01  5.403313e-01
-4.20000e+00 -2.00000e+00       2.994e+07  5.024411e-01  0.000000e+00 -3.552853e-01  4.975589e-01
-3.50000e+00 -2.00000e+00       1.642e+08  5.534659e-01  0.000000e+00 -2.541245e-01  4.465341e-01
-2.80000e+00 -2.00000e+00       5.718e+08  5.780133e-01  0.000000e+00 -1.722946e-01  4.219867e-01
-2.10000e+00 -2.00000e+00       1.244e+09  5.791051e-01  0.000000e+00 -1.108155e-01  4.208949e-01
-1.40000e+00 -2.00000e+00       1.978e+09  5.771500e-01  0.000000e+00 -5.786808e-02  4.228500e-01
-7.00000e-01 -2.00000e+00       2.838e+09  5.859766e-01  0.000000e+00 -2.087768e-02  4.140234e-01
 0.00000e+00 -2.00000e+00       3.424e+09  5.937938e-01  0.000000e+00 -5.578716e-16  4.062062e-01
 7.00000e-01 -2.00000e+00       2.838e+09  5.859766e-01  0.000000e+00  2.087768e-02  4.140234e-01
 1.40000e+00 -2.00000e+00       1.978e+09  5.771500e-01  0.000000e+00  5.786808e-02  4.228500e-01
 2.10000e+00 -2.00000e+00       1.244e+09  5.791051e-01  0.000000e+00  1.108155e-01  4.208949e-01
 2.80000e+00 -2.00000e+00       5.718e+08  5.780133e-01  0.000000e+00  1.722946e-01  4.219867e-01
 3.50000e+00 -2.00000e+00       1.642e+08  5.534659e-01  0.000000e+00  2.541245e-01  4.465341e-01
 4.20000e+00 -2.00000e+00       2.994e+07  5.024411e-01  0.000000e+00  3.552853e-01  4.975589e-01
 4.90000e+00 -2.00000e+00       3.055e+06  4.596687e-01  0.000000e+00  4.237139e-01  5.403313e-01
 5.60000e+00 -2.00000e+00       1.283e+05  4.378432e-01  0.000000e+00  4.525221e-01  5.621568e-01
 6.30000e+00 -2.00000e+00       1.877e+03  4.093832e-01  0.000000e+00  4.341282e-01  5.906168e-01
 7.00000e+00 -2.00000e+00       3.432e+01  9.663984e-02  0.000000e+00 -5.889996e-01  9.033602e-01
-7.00000e+00 -1.60000e+00       3.421e+01  1.444715e-01  0.000000e+00  9.218007e-01  8.555285e-01
-6.30000e+00 -1.60000e+00       9.573e+01  2.109204e-01  0.000000e+00  5.393318e-01  7.890796e-01
-5.60000e+00 -1.60000e+00       5.167e+03  6.723459e-01  0.000000e+00 -1.725750e-01  3.276541e-01
-4.90000e+00 -1.60000e+00       3.970e+05  6.546736e-01  0.000000e+00 -1.889115e-01  3.453264e-01
-4.20000e+00 -1.60000e+00       1.205e+07  6.520633e-01  0.000000e+00 -1.715855e-01  3.479367e-01
-3.50000e+00 -1.60000e+00       1.384e+08  6.521727e-01  0.000000e+00 -1.462359e-01  3.478273e-01
-2.80000e+00 -1.60000e+00       6.721e+08  6.470308e-01  0.000000e+00 -1.108866e-01  3.529692e-01
-2.10000e+00 -1.60000e+00       1.760e+09  6.329340e-01  0.000000e+00 -6.176256e-02  3.670660e-01
-1.40000e+00 -1.60000e+00       3.377e+09  6.220302e-01  0.000000e+00 -1.931583e-02  3.779698e-01
-7.00000e-01 -1.60000e+00       4.852e+09  6.267702e-01  0.000000e+00 -4.092012e-03  3.732298e-01
 0.00000e+00 -1.60000e+00       5.259e+09  6.341001e-01  0.000000e+00  4.717603e-15  3.658999e-01
 7.00000e-01 -1.60000e+00       4.852e+09  6.267702e-01  0.000000e+00  4.092012e-03  3.732298e-01
 1.40000e+00 -1.60000e+00       3.377e+09  6.220302e-01  0.000000e+00  1.931583e-02  3.779698e-01
 2.10000e+00 -1.60000e+00       1.760e+09  6.329340e-01  0.000000e+00  6.176256e-02  3.670660e-01
 2.80000e+00 -1.60000e+00       6.721e+08  6.470308e-01  0.000000e+00  1.108866e-01  3.529692e-01
 3.50000e+00 -1.60000e+00       1.384e+08  6.521727e-01  0.000000e+00  1.462359e-01  3.478273e-01
 4.20000e+00 -1.60000e+00       1.205e+07  6.520633e-01  0.000000e+00  1.715855e-01  3.479367e-01
 4.90000e+00 -1.60000e+00       3.970e+05  6.546736e-01  0.000000e+00  1.889115e-01  3.453264e-01
 5.60000e+00 -1.60000e+00       5.167e+03  6.723459e-01  0.000000e+00  1.725750e-01  3.276541e-01
 6.30000e+00 -1.60000e+00       9.573e+01  2.109204e-01  0.000000e+00 -5.393318e-01  7.890796e-01
 7.00000e+00 -1.60000e+00       3.421e+01  1.444716e-01  0.000000e+00 -9.218007e-01  8.555284e-01
-7.00000e+00 -1.20000e+00       3.907e+01  4.877030e-01  0.000000e+00  7.211986e-01  5.122970e-01
-6.30000e+00 -1.20000e+00       1.029e+03  6.776876e-01  0.000000e+00 -5.629141e-02  3.223124e-01
-5.60000e+00 -1.20000e+00       8.619e+04  6.879852e-01  0.000000e+00 -9.896782e-02  3.120148e-01
-4.90000e+00 -1.20000e+00       3.689e+06  6.840382e-01  0.000000e+00 -9.290990e-02  3.159618e-01
-4.20000e+00 -1.20000e+00       7.469e+07  6.876281e-01  0.000000e+00 -7.634444e-02  3.123719e-01
-3.50000e+00 -1.20000e+00       7.354e+08  6.911515e-01  0.000000e+00 -5.445031e-02  3.088485e-01
-2.80000e+00 -1.20000e+00       3.787e+09  6.788860e-01  0.000000e+00 -1.888624e-02  3.211140e-01
-2.10000e+00 -1.20000e+00       1.141e+10  6.395966e-01  0.000000e+00  4.916399e-02  3.604034e-01
-1.40000e+00 -1.20000e+00       2.242e+10  5.806840e-01  0.000000e+00  1.069102e-01  4.193160e-01
-7.00000e-01 -1.20000e+00       3.053e+10  5.408798e-01  0.000000e+00  7.182674e-02  4.591202e-01
 0.00000e+00 -1.20000e+00       3.250e+10  5.387921e-01  0.000000e+00 -1.595030e-14  4.612079e-01
 7.00000e-01 -1.20000e+00       3.053e+10  5.408798e-01  0.000000e+00 -7.182674e-02  4.591202e-01
 1.40000e+00 -1.20000e+00       2.242e+10  5.806840e-01  0.000000e+00 -1.069102e-01  4.193160e-01
 2.10000e+00 -1.20000e+00       1.141e+10  6.395966e-01  0.000000e+00 -4.916399e-02  3.604034e-01
 2.80000e+00 -1.20000e+00       3.787e+09  6.788860e-01  0.000000e+00  1.888624e-02  3.211140e-01
 3.50000e+00 -1.20000e+00       7.354e+08  6.911515e-01  0.000000e+00  5.445031e-02  3.088485e-01
 4.20000e+00 -1.20000e+00       7.469e+07  6.876281e-01  0.000000e+00  7.634444e-02  3.123719e-01
 4.90000e+00 -1.20000e+00       3.689e+06  6.840382e-01  0.000000e+00  9.290990e-02  3.159618e-01
 5.60000e+00 -1.20000e+00       8.619e+04  6.879852e-01  0.000000e+00  9.896782e-02  3.120148e-01
 6.30000e+00 -1.20000e+00       1.029e+03  6.776876e-01  0.000000e+00  5.629141e-02  3.223124e-01
 7.00000e+00 -1.20000e+00       3.907e+01  4.877031e-01  0.000000e+00 -7.211986e-01  5.122969e-01
-7.00000e+00 -8.00000e-01       3.495e+02  8.090069e-01  0.000000e+00  1.255443e-01  1.909931e-01
-6.30000e+00 -8.00000e-01       4.019e+04  7.891973e-01  0.000000e+00  9.131420e-02  2.108027e-01
-5.60000e+00 -8.00000e-01       2.584e+06  7.856346e-01  0.000000e+00  6.022120e-02  2.143654e-01
-4.90000e+00 -8.00000e-01       8.491e+07  7.926866e-01  0.000000e+00  2.139824e-02  2.073134e-01
-4.20000e+00 -8.00000e-01       1.388e+09  7.964402e-01  0.000000e+00 -1.290656e-02  2.035598e-01
-3.50000e+00 -8.00000e-01       1.168e+10  7.943344e-01  0.000000e+00 -3.501799e-02  2.056656e-01
-2.80000e+00 -8.00000e-01       5.462e+10  7.839331e-01  0.000000e+00 -4.301872e-02  2.160669e-01
-2.10000e+00 -8.00000e-01       1.616e+11  7.665439e-01  0.000000e+00 -6.074213e-02  2.334561e-01
-1.40000e+00 -8.00000e-01       3.664e+11  7.596062e-01  0.000000e+00 -6.788375e-02  2.403938e-01
-7.00000e-01 -8.00000e-01       7.325e+11  7.819773e-01  0.000000e+00 -2.328128e-02  2.180227e-01
 0.00000e+00 -8.00000e-01       9.929e+11  7.947390e-01  0.000000e+00 -2.129173e-15  2.052610e-01
 7.00000e-01 -8.00000e-01       7.325e+11  7.819773e-01  0.000000e+00  2.328128e-02  2.180227e-01
 1.40000e+00 -8.00000e-01       3.664e+11  7.596062e-01  0.000000e+00  6.788375e-02  2.403938e-01
 2.10000e+00 -8.00000e-01       1.616e+11  7.665439e-01  0.000000e+00  6.074213e-02  2.334561e-01
 2.80000e+00 -8.00000e-01       5.462e+10  7.839331e-01  0.000000e+00  4.301872e-02  2.160669e-01
 3.50000e+00 -8.00000e-01       1.168e+10  7.943344e-01  0.000000e+00  3.501799e-02  2.056656e-01
 4.20000e+00 -8.00000e-01       1.388e+09  7.964402e-01  0.000000e+00  1.290656e-02  2.035598e-01
 4.90000e+00 -8.00000e-01       8.491e+07  7.926866e-01  0.000000e+00 -2.139824e-02  2.073134e-01
 5.60000e+00 -8.00000e-01       2.584e+06  7.856346e-01  0.000000e+00 -6.022120e-02  2.143654e-01
 6.30000e+00 -8.00000e-01       4.019e+04  7.891973e-01  0.000000e+00 -9.131420e-02  2.108027e-01
 7.00000e+00 -8.00000e-01       3.495e+02  8.090069e-01  0.000000e+00 -1.255443e-01  1.909931e-01
-7.00000e+00 -4.00000e-01       3.710e+03  9.379393e-01  0.000000e+00 -4.508744e-02  6.206069e-02
-6.30000e+00 -4.00000e-01       4.814e+05  9.433955e-01  0.000000e+00 -1.627226e-02  5.660449e-02
-5.60000e+00 -4.00000e-01       2.656e+07  9.393069e-01  0.000000e+00 -1.576188e-03  6.069313e-02
-4.90000e+00 -4.00000e-01       7.051e+08  9.364984e-01  0.000000e+00 -4.166656e-03  6.350157e-02
-4.20000e+00 -4.00000e-01       9.706e+09  9.367960e-01  0.000000e+00 -5.754699e-03  6.320400e-02
-3.50000e+00 -4.00000e-01       7.285e+10  9.369299e-01  0.000000e+00 -4.492721e-03  6.307009e-02
-2.80000e+00 -4.00000e-01       3.174e+11  9.344289e-01  0.000000e+00 -4.114126e-03  6.557109e-02
-2.10000e+00 -4.00000e-01       8.206e+11  9.211136e-01  0.000000e+00 -4.335175e-03  7.888637e-02
-1.40000e+00 -4.00000e-01       1.255e+12  8.865876e-01  0.000000e+00 -6.074637e-03  1.134124e-01
-7.00000e-01 -4.00000e-01       1.252e+12  8.475841e-01  0.000000e+00 -1.285803e-02  1.524159e-01
 0.00000e+00 -4.00000e-01       1.117e+12  8.356612e-01  0.000000e+00  7.749826e-15  1.643388e-01
 7.00000e-01 -4.00000e-01       1.252e+12  8.475841e-01  0.000000e+00  1.285803e-02  1.524159e-01
 1.40000e+00 -4.00000e-01       1.255e+12  8.865876e-01  0.000000e+00  6.074637e-03  1.134124e-01
 2.10000e+00 -4.00000e-01       8.206e+11  9.211136e-01  0.000000e+00  4.335175e-03  7.888637e-02
 2.80000e+00 -4.00000e-01       3.174e+11  9.344289e-01  0.000000e+00  4.114126e-03  6.557109e-02
 3.50000e+00 -4.00000e-01       7.285e+10  9.369299e-01  0.000000e+00  4.492721e-03  6.307009e-02
 4.20000e+00 -4.00000e-01       9.706e+09  9.367960e-01  0.000000e+00  5.754699e-03  6.320400e-02
 4.90000e+00 -4.00000e-01       7.051e+08  9.364984e-01  0.000000e+00  4.166656e-03  6.350157e-02
 5.60000e+00 -4.00000e-01       2.656e+07  9.393069e-01  0.000000e+00  1.576188e-03  6.069313e-02
 6.30000e+00 -4.00000e-01       4.814e+05  9.433955e-01  0.000000e+00  1.627226e-02  5.660449e-02
 7.00000e+00 -4.00000e-01       3.710e+03  9.379393e-01  0.000000e+00  4.508744e-02  6.206070e-02
-7.00000e+00  0.00000e+00       8.794e+03  9.998985e-01  0.000000e+00 -1.560809e-12  1.015357e-04
-6.30000e+00  0.00000e+00       9.880e+05  9.999272e-01  0.000000e+00 -4.848533e-15  7.277254e-05
-5.60000e+00  0.00000e+00       5.034e+07  9.999413e-01  0.000000e+00 -8.026828e-14  5.865237e-05
-4.90000e+00  0.00000e+00       1.310e+09  9.999470e-01  0.000000e+00 -5.739901e-13  5.300445e-05
-4.20000e+00  0.00000e+00       1.821e+10  9.999523e-01  0.000000e+00 -2.306532e-12  4.765997e-05
-3.50000e+00  0.00000e+00       1.364e+11  9.999568e-01  0.000000e+00 -5.362288e-12  4.321946e-05
-2.80000e+00  0.00000e+00       5.856e+11  9.999578e-01  0.000000e+00 -6.921471e-12  4.224351e-05
-2.10000e+00  0.00000e+00       1.613e+12  9.999563e-01  0.000000e+00 -3.739857e-12  4.369393e-05
-1.40000e+00  0.00000e+00       3.352e+12  9.999506e-01  0.000000e+00  1.844478e-12  4.937256e-05
-7.00000e-01  0.00000e+00       5.910e+12  9.999217e-01  0.000000e+00  2.782667e-12  7.834244e-05
 0.00000e+00  0.00000e+00       7.530e+12  9.999009e-01  0.000000e+00  6.536971e-19  9.914161e-05
 7.00000e-01  0.00000e+00       5.910e+12  9.999217e-01  0.000000e+00 -2.782660e-12  7.834244e-05
 1.40000e+00  0.00000e+00       3.352e+12  9.999506e-01  0.000000e+00 -1.844461e-12  4.937256e-05
 2.10000e+00  0.00000e+00       1.613e+12  9.999563e-01  0.000000e+00  3.739865e-12  4.369393e-05
 2.80000e+00  0.00000e+00       5.856e+11  9.999578e-01  0.000000e+00  6.921465e-12  4.224351e-05
 3.50000e+00  0.00000e+00       1.364e+11  9.999568e-01  0.000000e+00  5.362277e-12  4.321946e-05
 4.20000e+00  0.00000e+00       1.821e+10  9.999523e-01  0.000000e+00  2.306532e-12  4.765997e-05
 4.90000e+00  0.00000e+00       1.310e+09  9.999470e-01  0.000000e+00  5.740247e-13  5.300445e-05
 5.60000e+00  0.00000e+00       5.034e+07  9.999413e-01  0.000000e+00  8.082706e-14  5.865237e-05
 6.30000e+00  0.00000e+00       9.880e+05  9.999272e-01  0.000000e+00 -1.079773e-14  7.277254e-05
 7.00000e+00  0.00000e+00       8.794e+03  9.998985e-01  0.000000e+00  1.379830e-12  1.015357e-04
-7.00000e+00  4.00000e-01       3.710e+03  9.379393e-01  0.000000e+00  4.508744e-02  6.206069e-02
-6.30000e+00  4.00000e-01       4.814e+05  9.433955e-01  0.000000e+00  1.627226e-02  5.660449e-02
-5.60000e+00  4.00000e-01       2.656e+07  9.393069e-01  0.000000e+00  1.576188e-03  6.069313e-02
-4.90000e+00  4.00000e-01       7.051e+08  9.364984e-01  0.000000e+00  4.166656e-03  6.350157e-02
-4.20000e+00  4.00000e-01       9.706e+09  9.367960e-01  0.000000e+00  5.754699e-03  6.320400e-02
-3.50000e+00  4.00000e-01       7.285e+10  9.369299e-01  0.000000e+00  4.492721e-03  6.307009e-02
-2.80000e+00  4.00000e-01       3.174e+11  9.344289e-01  0.000000e+00  4.114126e-03  6.557109e-02
-2.10000e+00  4.00000e-01       8.206e+11  9.211136e-01  0.000000e+00  4.335175e-03  7.888637e-02
-1.40000e+00  4.00000e-01       1.255e+12  8.865876e-01  0.000000e+00  6.074637e-03  1.134124e-01
-7.00000e-01  4.00000e-01       1.252e+12  8.475841e-01  0.000000e+00  1.285803e-02  1.524159e-01
 0.00000e+00  4.00000e-01       1.117e+12  8.356612e-01  0.000000e+00 -7.756819e-15  1.643388e-01
 7.00000e-01  4.00000e-01       1.252e+12  8.475841e-01  0.000000e+00 -1.285803e-02  1.524159e-01
 1.40000e+00  4.00000e-01       1.255e+12  8.865876e-01  0.000000e+00 -6.074637e-03  1.134124e-01
 2.10000e+00  4.00000e-01       8.206e+11  9.211136e-01  0.000000e+00 -4.335175e-03  7.888637e-02
 2.80000e+00  4.00000e-01       3.174e+11  9.344289e-01  0.000000e+00 -4.114126e-03  6.557109e-02
 3.50000e+00  4.00000e-01       7.285e+10  9.369299e-01  0.000000e+00 -4.492721e-03  6.307009e-02
 4.20000e+00  4.00000e-01       9.706e+09  9.367960e-01  0.000000e+00 -5.754699e-03  6.320400e-02
 4.90000e+00  4.00000e-01       7.051e+08  9.364984e-01  0.000000e+00 -4.166656e-03  6.350157e-02
 5.60000e+00  4.00000e-01       2.656e+07  9.393069e-01  0.000000e+00 -1.576188e-03  6.069313e-02
 6.30000e+00  4.00000e-01       4.814e+05  9.433955e-01  0.000000e+00 -1.627226e-02  5.660449e-02
 7.00000e+00  4.00000e-01       3.710e+03  9.379393e-01  0.000000e+00 -4.508744e-02  6.206070e-02
-7.00000e+00  8.00000e-01       3.495e+02  8.090069e-01  0.000000e+00 -1.255443e-01  1.909931e-01
-6.30000e+00  8.00000e-01       4.019e+04  7.891973e-01  0.000000e+00 -9.131420e-02  2.108027e-01
-5.60000e+00  8.00000e-01       2.584e+06  7.856346e-01  0.000000e+00 -6.022120e-02  2.143654e-01
-4.90000e+00  8.00000e-01       8.491e+07  7.926866e-01  0.000000e+00 -2.139824e-02  2.073134e-01
-4.20000e+00  8.00000e-01       1.388e+09  7.964402e-01  0.000000e+00  1.290656e-02  2.035598e-01
-3.50000e+00  8.00000e-01       1.168e+10  7.943344e-01  0.000000e+00  3.501799e-02  2.056656e-01
-2.80000e+00  8.00000e-01       5.462e+10  7.839331e-01  0.000000e+00  4.301872e-02  2.160669e-01
-2.10000e+00  8.00000e-01       1.616e+11  7.665439e-01  0.000000e+00  6.074213e-02  2.334561e-01
-1.40000e+00  8.00000e-01       3.664e+11  7.596062e-01  0.000000e+00  6.788375e-02  2.403938e-01
-7.00000e-01  8.00000e-01       7.325e+11  7.819773e-01  0.000000e+00  2.328128e-02  2.180227e-01
 0.00000e+00  8.00000e-01       9.929e+11  7.947390e-01  0.000000e+00  1.834093e-15  2.052610e-01
 7.00000e-01  8.00000e-01       7.325e+11  7.819773e-01  0.000000e+00 -2.328128e-02  2.180227e-01
 1.40000e+00  8.00000e-01       3.664e+11  7.596062e-01  0.000000e+00 -6.788375e-02  2.403938e-01
 2.10000e+00  8.00000e-01       1.616e+11  7.665439e-01  0.000000e+00 -6.074213e-02  2.334561e-01
 2.80000e+00  8.00000e-01       5.462e+10  7.839331e-01  0.000000e+00 -4.301872e-02  2.160669e-01
 3.50000e+00  8.00000e-01       1.168e+10  7.943344e-01  0.000000e+00 -3.501799e-02  2.056656e-01
 4.20000e+00  8.00000e-01       1.388e+09  7.964402e-01  0.000000e+00 -1.290656e-02  2.035598e-01
 4.90000e+00  8.00000e-01       8.491e+07  7.926866e-01  0.000000e+00  2.139824e-02  2.073134e-01
 5.60000e+00  8.00000e-01       2.584e+06  7.856346e-01  0.000000e+00  6.022120e-02  2.143654e-01
 6.30000e+00  8.00000e-01       4.019e+04  7.891973e-01  0.000000e+00  9.131420e-02  2.108027e-01
 7.00000e+00  8.00000e-01       3.495e+02  8.090069e-01  0.000000e+00  1.255443e-01  1.909931e-01
-7.00000e+00  1.20000e+00       3.907e+01  4.877031e-01  0.000000e+00 -7.211986e-01  5.122969e-01
-6.30000e+00  1.20000e+00       1.029e+03  6.776876e-01  0.000000e+00  5.629141e-02  3.223124e-01
-5.60000e+00  1.20000e+00       8.619e+04  6.879852e-01  0.000000e+00  9.896782e-02  3.120148e-01
-4.90000e+00  1.20000e+00       3.689e+06  6.840382e-01  0.000000e+00  9.290989e-02  3.159618e-01
-4.20000e+00  1.20000e+00       7.469e+07  6.876281e-01  0.000000e+00  7.634444e-02  3.123719e-01
-3.50000e+00  1.20000e+00       7.354e+08  6.911515e-01  0.000000e+00  5.445031e-02  3.088485e-01
-2.80000e+00  1.20000e+00       3.787e+09  6.788860e-01  0.000000e+00  1.888624e-02  3.211140e-01
-2.10000e+00  1.20000e+00       1.141e+10  6.395966e-01  0.000000e+00 -4.916399e-02  3.604034e-01
-1.40000e+00  1.20000e+00       2.242e+10  5.806840e-01  0.000000e+00 -1.069102e-01  4.193160e-01
-7.00000e-01  1.20000e+00       3.053e+10  5.408798e-01  0.000000e+00 -7.182674e-02  4.591202e-01
 0.00000e+00  1.20000e+00       3.250e+10  5.387921e-01  0.000000e+00  1.815401e-14  4.612079e-01
 7.00000e-01  1.20000e+00       3.053e+10  5.408798e-01  0.000000e+00  7.182674e-02  4.591202e-01
 1.40000e+00  1.20000e+00       2.242e+10  5.806840e-01  0.000000e+00  1.069102e-01  4.193160e-01
 2.10000e+00  1.20000e+00       1.141e+10  6.395966e-01  0.000000e+00  4.916399e-02  3.604034e-01
 2.80000e+00  1.20000e+00       3.787e+09  6.788860e-01  0.000000e+00 -1.888624e-02  3.211140e-01
 3.50000e+00  1.20000e+00       7.354e+08  6.911515e-01  0.000000e+00 -5.445031e-02  3.088485e-01
 4.20000e+00  1.20000e+00       7.469e+07  6.876281e-01  0.000000e+00 -7.634444e-02  3.123719e-01
 4.90000e+00  1.20000e+00       3.689e+06  6.840382e-01  0.000000e+00 -9.290989e-02  3.159618e-01
 5.60000e+00  1.20000e+00       8.619e+04  6.879852e-01  0.000000e+00 -9.896782e-02  3.120148e-01
 6.30000e+00  1.20000e+00       1.029e+03  6.776876e-01  0.000000e+00 -5.629141e-02  3.223124e-01
 7.00000e+00  1.20000e+00       3.907e+01  4.877030e-01  0.000000e+00  7.211986e-01  5.122970e-01
-7.00000e+00  1.60000e+00       3.421e+01  1.444715e-01  0.000000e+00 -9.218007e-01  8.555285e-01
-6.30000e+00  1.60000e+00       9.573e+01  2.109204e-01  0.000000e+00 -5.393318e-01  7.890796e-01
-5.60000e+00  1.60000e+00       5.167e+03  6.723459e-01  0.000000e+00  1.725750e-01  3.276541e-01
-4.90000e+00  1.60000e+00       3.970e+05  6.546736e-01  0.000000e+00  1.889115e-01  3.453264e-01
-4.20000e+00  1.60000e+00       1.205e+07  6.520633e-01  0.000000e+00  1.715855e-01  3.479367e-01
-3.50000e+00  1.60000e+00       1.384e+08  6.521727e-01  0.000000e+00  1.462358e-01  3.478273e-01
-2.80000e+00  1.60000e+00       6.721e+08  6.470308e-01  0.000000e+00  1.108866e-01  3.529692e-01
-2.10000e+00  1.60000e+00       1.760e+09  6.329340e-01  0.000000e+00  6.176256e-02  3.670660e-01
-1.40000e+00  1.60000e+00       3.377e+09  6.220302e-01  0.000000e+00  1.931584e-02  3.779698e-01
-7.00000e-01  1.60000e+00       4.852e+09  6.267702e-01  0.000000e+00  4.092021e-03  3.732298e-01
 0.00000e+00  1.60000e+00       5.259e+09  6.341000e-01  0.000000e+00 -4.865533e-15  3.659000e-01
 7.00000e-01  1.60000e+00       4.852e+09  6.267702e-01  0.000000e+00 -4.092021e-03  3.732298e-01
 1.40000e+00  1.60000e+00       3.377e+09  6.220302e-01  0.000000e+00 -1.931584e-02  3.779698e-01
 2.10000e+00  1.60000e+00       1.760e+09  6.329340e-01  0.000000e+00 -6.176256e-02  3.670660e-01
 2.80000e+00  1.60000e+00       6.721e+08  6.470308e-01  0.000000e+00 -1.108866e-01  3.529692e-01
 3.50000e+00  1.60000e+00       1.384e+08  6.521727e-01  0.000000e+00 -1.462358e-01  3.478273e-01
 4.20000e+00  1.60000e+00       1.205e+07  6.520633e-01  0.000000e+00 -1.715855e-01  3.479367e-01
 4.90000e+00  1.60000e+00       3.970e+05  6.546736e-01  0.000000e+00 -1.889115e-01  3.453264e-01
 5.60000e+00  1.60000e+00       5.167e+03  6.723459e-01  0.000000e+00 -1.725750e-01  3.276541e-01
 6.30000e+00  1.60000e+00       9.573e+01  2.109204e-01  0.000000e+00  5.393318e-01  7.890796e-01
 7.00000e+00  1.60000e+00       3.421e+01  1.444716e-01  0.000000e+00  9.218007e-01  8.555284e-01
-7.00000e+00  2.00000e+00       3.432e+01  9.663983e-02  0.000000e+00 -5.889996e-01  9.033602e-01
-6.30000e+00  2.00000e+00       1.877e+03  4.093832e-01  0.000000e+00  4.341282e-01  5.906168e-01
-5.60000e+00  2.00000e+00       1.283e+05  4.378432e-01  0.000000e+00  4.525221e-01  5.621568e-01
-4.90000e+00  2.00000e+00       3.055e+06  4.596687e-01  0.000000e+00  4.237139e-01  5.403313e-01
-4.20000e+00  2.00000e+00       2.994e+07  5.024411e-01  0.000000e+00  3.552853e-01  4.975589e-01
-3.50000e+00  2.00000e+00       1.642e+08  5.534659e-01  0.000000e+00  2.541245e-01  4.465341e-01
-2.80000e+00  2.00000e+00       5.718e+08  5.780133e-01  0.000000e+00  1.722946e-01  4.219867e-01
-2.10000e+00  2.00000e+00       1.244e+09  5.791051e-01  0.000000e+00  1.108155e-01  4.208949e-01
-1.40000e+00  2.00000e+00       1.978e+09  5.771500e-01  0.000000e+00  5.786809e-02  4.228500e-01
-7.00000e-01  2.00000e+00       2.838e+09  5.859766e-01  0.000000e+00  2.087770e-02  4.140234e-01
 0.00000e+00  2.00000e+00       3.424e+09  5.937938e-01  0.000000e+00  4.992952e-16  4.062062e-01
 7.00000e-01  2.00000e+00       2.838e+09  5.859766e-01  0.000000e+00 -2.087770e-02  4.140234e-01
 1.40000e+00  2.00000e+00       1.978e+09  5.771500e-01  0.000000e+00 -5.786809e-02  4.228500e-01
 2.10000e+00  2.00000e+00       1.244e+09  5.791051e-01  0.000000e+00 -1.108155e-01  4.208949e-01
 2.80000e+00  2.00000e+00       5.718e+08  5.780133e-01  0.000000e+00 -1.722946e-01  4.219867e-01
 3.50000e+00  2.00000e+00       1.642e+08  5.534659e-01  0.000000e+00 -2.541245e-01  4.465341e-01
 4.20000e+00  2.00000e+00       2.994e+07  5.024411e-01  0.000000e+00 -3.552853e-01  4.975589e-01
 4.90000e+00  2.00000e+00       3.055e+06  4.596687e-01  0.000000e+00 -4.237139e-01  5.403313e-01
 5.60000e+00  2.00000e+00       1.283e+05  4.378432e-01  0.000000e+00 -4.525221e-01  5.621568e-01
 6.30000e+00  2.00000e+00       1.877e+03  4.093832e-01  0.000000e+00 -4.341282e-01  5.906168e-01
 7.00000e+00  2.00000e+00       3.432e+01  9.663984e-02  0.000000e+00  5.889996e-01  9.033602e-01
-7.00000e+00  2.40000e+00       1.783e+01 -1.899173e-01  0.000000e+00 -9.073834e-01  8.100827e-01
-6.30000e+00  2.40000e+00       4.068e+01 -2.824824e-01  0.000000e+00 -5.702208e-01  7.175176e-01
-5.60000e+00  2.40000e+00       3.467e+02  6.586510e-01  0.000000e+00 -5.391085e-02  3.413490e-01
-4.90000e+00  2.40000e+00       4.858e+03  9.678626e-01  0.000000e+00  1.297986e-01  3.213738e-02
-4.20000e+00  2.40000e+00       1.007e+05  8.244022e-01  0.000000e+00  1.719368e-01  1.755978e-01
-3.50000e+00  2.40000e+00       2.887e+06  6.549977e-01  0.000000e+00  1.066087e-01  3.450023e-01
-2.80000e+00  2.40000e+00       4.267e+07  5.662650e-01  0.000000e+00  8.755171e-02  4.337350e-01
-2.10000e+00  2.40000e+00       2.712e+08  5.383195e-01  0.000000e+00  7.287040e-02  4.616805e-01
-1.40000e+00  2.40000e+00       7.767e+08  5.409697e-01  0.000000e+00  5.265827e-02  4.590303e-01
-7.00000e-01  2.40000e+00       1.226e+09  5.650078e-01  0.000000e+00  2.794772e-02  4.349922e-01
 0.00000e+00  2.40000e+00       1.379e+09  5.865428e-01  0.000000e+00  3.633564e-16  4.134572e-01
 7.00000e-01  2.40000e+00       1.226e+09  5.650078e-01  0.000000e+00 -2.794772e-02  4.349922e-01
 1.40000e+00  2.40000e+00       7.767e+08  5.409697e-01  0.000000e+00 -5.265827e-02  4.590303e-01
 2.10000e+00  2.40000e+00       2.712e+08  5.383195e-01  0.000000e+00 -7.287040e-02  4.616805e-01
 2.80000e+00  2.40000e+00       4.267e+07  5.662650e-01  0.000000e+00 -8.755171e-02  4.337350e-01
 3.50000e+00  2.40000e+00       2.887e+06  6.549977e-01  0.000000e+00 -1.066087e-01  3.450023e-01
 4.20000e+00  2.40000e+00       1.007e+05  8.244022e-01  0.000000e+00 -1.719368e-01  1.755978e-01
 4.90000e+00  2.40000e+00       4.858e+03  9.678626e-01  0.000000e+00 -1.297986e-01  3.213738e-02
 5.60000e+00  2.40000e+00       3.467e+02  6.586510e-01  0.000000e+00  5.391085e-02  3.413490e-01
 6.30000e+00  2.40000e+00       4.068e+01 -2.824824e-01  0.000000e+00  5.702208e-01  7.175176e-01
 7.00000e+00  2.40000e+00       1.783e+01 -1.899173e-01  0.000000e+00  9.073834e-01  8.100827e-01
-7.00000e+00  2.80000e+00       1.950e+01 -2.452483e-01  0.000000e+00 -9.262462e-01  7.547517e-01
-6.30000e+00  2.80000e+00       3.196e+01 -2.493145e-01  0.000000e+00 -6.139835e-01  7.506855e-01
-5.60000e+00  2.80000e+00       2.727e+02  7.254763e-01  0.000000e+00 -1.293990e-02  2.745237e-01
-4.90000e+00  2.80000e+00       3.923e+03  9.274278e-01  0.000000e+00  1.473660e-01  7.257217e-02
-4.20000e+00  2.80000e+00       4.552e+04  9.956530e-01  0.000000e+00  1.952742e-01  4.347003e-03
-3.50000e+00  2.80000e+00       5.334e+05  9.615956e-01  0.000000e+00  1.018576e-01  3.840443e-02
-2.80000e+00  2.80000e+00       2.445e+06  9.985524e-01  0.000000e+00  3.370552e-02  1.447631e-03
-2.10000e+00  2.80000e+00       9.227e+06  7.720884e-01  0.000000e+00 -4.998127e-02  2.279116e-01
-1.40000e+00  2.80000e+00       6.781e+07  6.629460e-01  0.000000e+00 -2.263956e-02  3.370540e-01
-7.00000e-01  2.80000e+00       3.086e+08  6.406075e-01  0.000000e+00 -2.745192e-03  3.593925e-01
 0.00000e+00  2.80000e+00       5.319e+08  6.372291e-01  0.000000e+00  8.031207e-16  3.627709e-01
 7.00000e-01  2.80000e+00       3.086e+08  6.406075e-01  0.000000e+00  2.745192e-03  3.593925e-01
 1.40000e+00  2.80000e+00       6.781e+07  6.629460e-01  0.000000e+00  2.263956e-02  3.370540e-01
 2.10000e+00  2.80000e+00       9.227e+06  7.720884e-01  0.000000e+00  4.998127e-02  2.279116e-01
 2.80000e+00  2.80000e+00       2.445e+06  9.985524e-01  0.000000e+00 -3.370552e-02  1.447631e-03
 3.50000e+00  2.80000e+00       5.334e+05  9.615956e-01  0.000000e+00 -1.018576e-01  3.840443e-02
 4.20000e+00  2.80000e+00       4.552e+04  9.956530e-01  0.000000e+00 -1.952742e-01  4.347003e-03
 4.90000e+00  2.80000e+00       3.923e+03  9.274278e-01  0.000000e+00 -1.473660e-01  7.257217e-02
 5.60000e+00  2.80000e+00       2.727e+02  7.254763e-01  0.000000e+00  1.293990e-02  2.745237e-01
 6.30000e+00  2.80000e+00       3.196e+01 -2.493145e-01  0.000000e+00  6.139835e-01  7.506855e-01
 7.00000e+00  2.80000e+00       1.950e+01 -2.452483e-01  0.000000e+00  9.262462e-01  7.547517e-01
-7.00000e+00  3.20000e+00       8.666e+00 -5.136081e-01  0.000000e+00 -8.037185e-01  4.863919e-01
-6.30000e+00  3.20000e+00       2.659e+01 -4.173773e-01  0.000000e+00 -5.049531e-01  5.826227e-01
-5.60000e+00  3.20000e+00       2.345e+02  6.114572e-01  0.000000e+00 -2.574774e-02  3.885428e-01
-4.90000e+00  3.20000e+00       3.187e+03  8.970805e-01  0.000000e+00  1.277387e-01  1.029195e-01
-4.20000e+00  3.20000e+00       3.588e+04  9.879400e-01  0.000000e+00  1.649237e-01  1.206001e-02
-3.50000e+00  3.20000e+00       4.165e+05  9.586148e-01  0.000000e+00  8.396178e-02  4.138525e-02
-2.80000e+00  3.20000e+00       1.925e+06  9.973590e-01  0.000000e+00  2.633883e-02  2.641000e-03
-2.10000e+00  3.20000e+00       9.014e+06  7.211483e-01  0.000000e+00 -3.111731e-02  2.788517e-01
-1.40000e+00  3.20000e+00       8.353e+07  5.991650e-01  0.000000e+00 -6.391783e-03  4.008350e-01
-7.00000e-01  3.20000e+00       3.885e+08  5.811143e-01  0.000000e+00  2.450735e-03  4.188857e-01
 0.00000e+00  3.20000e+00       6.590e+08  5.802941e-01  0.000000e+00  1.282468e-16  4.197059e-01
 7.00000e-01  3.20000e+00       3.885e+08  5.811143e-01  0.000000e+00 -2.450735e-03  4.188857e-01
 1.40000e+00  3.20000e+00       8.353e+07  5.991650e-01  0.000000e+00  6.391783e-03  4.008350e-01
 2.10000e+00  3.20000e+00       9.014e+06  7.211483e-01  0.000000e+00  3.111731e-02  2.788517e-01
 2.80000e+00  3.20000e+00       1.925e+06  9.973590e-01  0.000000e+00 -2.633883e-02  2.641000e-03
 3.50000e+00  3.20000e+00       4.165e+05  9.586148e-01  0.000000e+00 -8.396178e-02  4.138525e-02
 4.20000e+00  3.20000e+00       3.588e+04  9.879400e-01  0.000000e+00 -1.649237e-01  1.206001e-02
 4.90000e+00  3.20000e+00       3.187e+03  8.970805e-01  0.000000e+00 -1.277387e-01  1.029195e-01
 5.60000e+00  3.20000e+00       2.345e+02  6.114572e-01  0.000000e+00  2.574774e-02  3.885428e-01
 6.30000e+00  3.20000e+00       2.659e+01 -4.173773e-01  0.000000e+00  5.049531e-01  5.826227e-01
 7.00000e+00  3.20000e+00       8.666e+00 -5.136081e-01  0.000000e+00  8.037185e-01  4.863919e-01
-7.00000e+00  3.60000e+00       1.108e+01 -6.529700e-01  0.000000e+00 -7.293199e-01  3.470300e-01
-6.30000e+00  3.60000e+00       3.003e+01 -5.100668e-01  0.000000e+00 -5.480922e-01  4.899332e-01
-5.60000e+00  3.60000e+00       1.927e+02  6.295683e-01  0.000000e+00 -3.420133e-02  3.704317e-01
-4.90000e+00  3.60000e+00       2.630e+03  9.008021e-01  0.000000e+00  1.086310e-01  9.919790e-02
-4.20000e+00  3.60000e+00       2.950e+04  9.862989e-01  0.000000e+00  1.373069e-01  1.370106e-02
-3.50000e+00  3.60000e+00       3.425e+05  9.591121e-01  0.000000e+00  6.919257e-02  4.088795e-02
-2.80000e+00  3.60000e+00       1.654e+06  9.818400e-01  0.000000e+00  2.329780e-02  1.816002e-02
-2.10000e+00  3.60000e+00       9.211e+06  6.821925e-01  0.000000e+00 -6.065439e-03  3.178075e-01
-1.40000e+00  3.60000e+00       7.856e+07  5.907350e-01  0.000000e+00  9.964566e-03  4.092650e-01
-7.00000e-01  3.60000e+00       3.192e+08  5.863782e-01  0.000000e+00  9.972716e-03  4.136218e-01
 0.00000e+00  3.60000e+00       5.133e+08  5.906144e-01  0.000000e+00  4.222334e-16  4.093856e-01
 7.00000e-01  3.60000e+00       3.192e+08  5.863782e-01  0.000000e+00 -9.972716e-03  4.136218e-01
 1.40000e+00  3.60000e+00       7.856e+07  5.907350e-01  0.000000e+00 -9.964566e-03  4.092650e-01
 2.10000e+00  3.60000e+00       9.211e+06  6.821925e-01  0.000000e+00  6.065439e-03  3.178075e-01
 2.80000e+00  3.60000e+00       1.654e+06  9.818400e-01  0.000000e+00 -2.329780e-02  1.816002e-02
 3.50000e+00  3.60000e+00       3.425e+05  9.591121e-01  0.000000e+00 -6.919257e-02  4.088795e-02
 4.20000e+00  3.60000e+00       2.950e+04  9.862989e-01  0.000000e+00 -1.373069e-01  1.370106e-02
 4.90000e+00  3.60000e+00       2.630e+03  9.008021e-01  0.000000e+00 -1.086310e-01  9.919790e-02
 5.60000e+00  3.60000e+00       1.927e+02  6.295683e-01  0.000000e+00  3.420133e-02  3.704317e-01
 6.30000e+00  3.60000e+00       3.003e+01 -5.100668e-01  0.000000e+00  5.480922e-01  4.899332e-01
 7.00000e+00  3.60000e+00       1.108e+01 -6.529700e-01  0.000000e+00  7.293199e-01  3.470300e-01
-7.00000e+00  4.00000e+00       1.922e+00 -8.305393e-01  0.000000e+00 -4.709649e-01  1.694607e-01
-6.30000e+00  4.00000e+00       1.390e+01 -4.380758e-01  0.000000e+00 -3.115385e-01  5.619242e-01
-5.60000e+00  4.00000e+00       1.620e+02  6.477729e-01  0.000000e+00 -1.465744e-02  3.522271e-01
-4.90000e+00  4.00000e+00       2.258e+03  8.939308e-01  0.000000e+00  8.869936e-02  1.060692e-01
-4.20000e+00  4.00000e+00       2.518e+04  9.846732e-01  0.000000e+00  1.127175e-01  1.532680e-02
-3.50000e+00  4.00000e+00       2.921e+05  9.582040e-01  0.000000e+00  5.653665e-02  4.179603e-02
-2.80000e+00  4.00000e+00       1.376e+06  9.971515e-01  0.000000e+00  1.934352e-02  2.848453e-03
-2.10000e+00  4.00000e+00       6.516e+06  7.310801e-01  0.000000e+00 -6.041688e-03  2.689199e-01
-1.40000e+00  4.00000e+00       5.082e+07  6.331693e-01  0.000000e+00  1.059639e-02  3.668307e-01
-7.00000e-01  4.00000e+00       2.043e+08  6.285025e-01  0.000000e+00  1.074522e-02  3.714975e-01
 0.00000e+00  4.00000e+00       3.295e+08  6.335595e-01  0.000000e+00  2.610393e-16  3.664405e-01
 7.00000e-01  4.00000e+00       2.043e+08  6.285025e-01  0.000000e+00 -1.074522e-02  3.714975e-01
 1.40000e+00  4.00000e+00       5.082e+07  6.331693e-01  0.000000e+00 -1.059639e-02  3.668307e-01
 2.10000e+00  4.00000e+00       6.516e+06  7.310801e-01  0.000000e+00  6.041688e-03  2.689199e-01
 2.80000e+00  4.00000e+00       1.376e+06  9.971515e-01  0.000000e+00 -1.934352e-02  2.848453e-03
 3.50000e+00  4.00000e+00       2.921e+05  9.582040e-01  0.000000e+00 -5.653665e-02  4.179603e-02
 4.20000e+00  4.00000e+00       2.518e+04  9.846732e-01  0.000000e+00 -1.127175e-01  1.532680e-02
 4.90000e+00  4.00000e+00       2.258e+03  8.939308e-01  0.000000e+00 -8.869936e-02  1.060692e-01
 5.60000e+00  4.00000e+00       1.620e+02  6.477729e-01  0.000000e+00  1.465744e-02  3.522271e-01
 6.30000e+00  4.00000e+00       1.390e+01 -4.380758e-01  0.000000e+00  3.115385e-01  5.619242e-01
 7.00000e+00  4.00000e+00       1.922e+00 -8.305331e-01  0.000000e+00  4.709723e-01  1.694669e-01
