 EB(GeV)    EMITTANCEx EMITTANCEy SIZEx(m)   SIZEy(m)   DIVx(rad)  DIVy(rad)
 2.411e+00  5.499e-09  1.017e-12  8.711e-05  1.009e-06  6.313e-05  1.009e-06
 betax      alphax     betay      alphay     eta        deta       E_spread  
 1.380e+00  0.000e+00  1.000e+00  0.000e+00  0.000e+00  0.000e+00  8.600e-04
 Ibeam(A)   period(cm) #periods   Kx         Ky         Energy(eV)
 4.005e-01  1.900e+00         96  0.000e+00  1.780e+00  3.031e+04


           x            y       F.Density            PL            PC          PL45        1-|PL|
          mm           mm  ph/s/mr^2/0.1%             -             -             -             -
-7.00000e+00 -4.00000e+00       3.753e+00  1.995222e-01  0.000000e+00  7.972981e-01  8.004778e-01
-6.30000e+00 -4.00000e+00       1.167e+02  4.403012e-01  0.000000e+00  8.160200e-03  5.596988e-01
-5.60000e+00 -4.00000e+00       5.630e+03  9.840749e-01  0.000000e+00 -1.769913e-02  1.592514e-02
-4.90000e+00 -4.00000e+00       1.873e+05  9.768980e-01  0.000000e+00 -7.922118e-03  2.310201e-02
-4.20000e+00 -4.00000e+00       2.137e+06  9.737265e-01  0.000000e+00 -4.453911e-03  2.627350e-02
-3.50000e+00 -4.00000e+00       8.787e+06  9.467435e-01  0.000000e+00 -1.820357e-03  5.325651e-02
-2.80000e+00 -4.00000e+00       1.157e+07  8.499978e-01  0.000000e+00  6.235657e-03  1.500022e-01
-2.10000e+00 -4.00000e+00       1.068e+07  4.639573e-01  0.000000e+00  2.010022e-01  5.360427e-01
-1.40000e+00 -4.00000e+00       3.242e+07 -3.807334e-01  0.000000e+00  2.839484e-01  6.192666e-01
-7.00000e-01 -4.00000e+00       2.394e+08  2.217717e-01  0.000000e+00  3.818029e-02  7.782283e-01
 0.00000e+00 -4.00000e+00       4.315e+08  3.094004e-01  0.000000e+00 -7.334132e-16  6.905996e-01
 7.00000e-01 -4.00000e+00       2.394e+08  2.217717e-01  0.000000e+00 -3.818029e-02  7.782283e-01
 1.40000e+00 -4.00000e+00       3.242e+07 -3.807334e-01  0.000000e+00 -2.839484e-01  6.192666e-01
 2.10000e+00 -4.00000e+00       1.068e+07  4.639573e-01  0.000000e+00 -2.010022e-01  5.360427e-01
 2.80000e+00 -4.00000e+00       1.157e+07  8.499978e-01  0.000000e+00 -6.235657e-03  1.500022e-01
 3.50000e+00 -4.00000e+00       8.787e+06  9.467435e-01  0.000000e+00  1.820357e-03  5.325651e-02
 4.20000e+00 -4.00000e+00       2.137e+06  9.737265e-01  0.000000e+00  4.453911e-03  2.627350e-02
 4.90000e+00 -4.00000e+00       1.873e+05  9.768980e-01  0.000000e+00  7.922118e-03  2.310201e-02
 5.60000e+00 -4.00000e+00       5.630e+03  9.840749e-01  0.000000e+00  1.769913e-02  1.592514e-02
 6.30000e+00 -4.00000e+00       1.167e+02  4.403012e-01  0.000000e+00 -8.160200e-03  5.596988e-01
 7.00000e+00 -4.00000e+00       3.753e+00  1.995247e-01  0.000000e+00 -7.973155e-01  8.004753e-01
-7.00000e+00 -3.60000e+00       2.852e+00 -4.263173e-01  0.000000e+00  3.450065e+00  5.736827e-01
-6.30000e+00 -3.60000e+00       1.403e+02  3.811732e-01  0.000000e+00  1.776842e-02  6.188268e-01
-5.60000e+00 -3.60000e+00       6.526e+03  9.812519e-01  0.000000e+00 -2.547581e-02  1.874811e-02
-4.90000e+00 -3.60000e+00       2.178e+05  9.744877e-01  0.000000e+00 -1.054373e-02  2.551229e-02
-4.20000e+00 -3.60000e+00       2.483e+06  9.727793e-01  0.000000e+00 -5.610425e-03  2.722066e-02
-3.50000e+00 -3.60000e+00       1.017e+07  9.434221e-01  0.000000e+00 -2.831380e-03  5.657789e-02
-2.80000e+00 -3.60000e+00       1.281e+07  7.894273e-01  0.000000e+00 -5.383988e-03  2.105727e-01
-2.10000e+00 -3.60000e+00       2.104e+07  4.600482e-01  0.000000e+00  8.789854e-02  5.399518e-01
-1.40000e+00 -3.60000e+00       5.011e+07 -1.959694e-01  0.000000e+00  2.350625e-01  8.040306e-01
-7.00000e-01 -3.60000e+00       2.748e+08  1.703252e-01  0.000000e+00  5.612766e-02  8.296748e-01
 0.00000e+00 -3.60000e+00       4.874e+08  2.376805e-01  0.000000e+00 -9.083887e-16  7.623195e-01
 7.00000e-01 -3.60000e+00       2.748e+08  1.703252e-01  0.000000e+00 -5.612766e-02  8.296748e-01
 1.40000e+00 -3.60000e+00       5.011e+07 -1.959694e-01  0.000000e+00 -2.350625e-01  8.040306e-01
 2.10000e+00 -3.60000e+00       2.104e+07  4.600482e-01  0.000000e+00 -8.789854e-02  5.399518e-01
 2.80000e+00 -3.60000e+00       1.281e+07  7.894273e-01  0.000000e+00  5.383988e-03  2.105727e-01
 3.50000e+00 -3.60000e+00       1.017e+07  9.434221e-01  0.000000e+00  2.831380e-03  5.657789e-02
 4.20000e+00 -3.60000e+00       2.483e+06  9.727793e-01  0.000000e+00  5.610425e-03  2.722066e-02
 4.90000e+00 -3.60000e+00       2.178e+05  9.744877e-01  0.000000e+00  1.054373e-02  2.551229e-02
 5.60000e+00 -3.60000e+00       6.526e+03  9.812519e-01  0.000000e+00  2.547581e-02  1.874811e-02
 6.30000e+00 -3.60000e+00       1.403e+02  3.811732e-01  0.000000e+00 -1.776842e-02  6.188268e-01
 7.00000e+00 -3.60000e+00       2.852e+00 -4.263173e-01  0.000000e+00 -3.450065e+00  5.736827e-01
-7.00000e+00 -3.20000e+00       1.349e+00 -6.610294e-01  0.000000e+00  1.086738e+01  3.389706e-01
-6.30000e+00 -3.20000e+00       1.802e+02  2.868473e-01  0.000000e+00  4.156930e-06  7.131527e-01
-5.60000e+00 -3.20000e+00       7.808e+03  9.720063e-01  0.000000e+00 -4.015167e-02  2.799375e-02
-4.90000e+00 -3.20000e+00       2.621e+05  9.696174e-01  0.000000e+00 -1.501511e-02  3.038260e-02
-4.20000e+00 -3.20000e+00       2.984e+06  9.706683e-01  0.000000e+00 -7.399367e-03  2.933174e-02
-3.50000e+00 -3.20000e+00       1.211e+07  9.348037e-01  0.000000e+00 -5.293559e-03  6.519628e-02
-2.80000e+00 -3.20000e+00       1.369e+07  6.309721e-01  0.000000e+00 -3.080351e-02  3.690279e-01
-2.10000e+00 -3.20000e+00       5.926e+07  4.678642e-01  0.000000e+00  7.852707e-03  5.321358e-01
-1.40000e+00 -3.20000e+00       1.941e+08  2.663563e-01  0.000000e+00  4.607925e-02  7.336437e-01
-7.00000e-01 -3.20000e+00       2.631e+08 -3.240105e-01  0.000000e+00  4.400263e-02  6.759895e-01
 0.00000e+00 -3.20000e+00       5.680e+08  1.788499e-01  0.000000e+00 -7.609547e-16  8.211501e-01
 7.00000e-01 -3.20000e+00       2.631e+08 -3.240105e-01  0.000000e+00 -4.400263e-02  6.759895e-01
 1.40000e+00 -3.20000e+00       1.941e+08  2.663563e-01  0.000000e+00 -4.607925e-02  7.336437e-01
 2.10000e+00 -3.20000e+00       5.926e+07  4.678642e-01  0.000000e+00 -7.852707e-03  5.321358e-01
 2.80000e+00 -3.20000e+00       1.369e+07  6.309721e-01  0.000000e+00  3.080351e-02  3.690279e-01
 3.50000e+00 -3.20000e+00       1.211e+07  9.348037e-01  0.000000e+00  5.293559e-03  6.519628e-02
 4.20000e+00 -3.20000e+00       2.984e+06  9.706683e-01  0.000000e+00  7.399367e-03  2.933174e-02
 4.90000e+00 -3.20000e+00       2.621e+05  9.696174e-01  0.000000e+00  1.501511e-02  3.038260e-02
 5.60000e+00 -3.20000e+00       7.808e+03  9.720063e-01  0.000000e+00  4.015167e-02  2.799375e-02
 6.30000e+00 -3.20000e+00       1.802e+02  2.868473e-01  0.000000e+00 -4.156929e-06  7.131527e-01
 7.00000e+00 -3.20000e+00       1.349e+00 -6.610295e-01  0.000000e+00 -1.086738e+01  3.389705e-01
-7.00000e+00 -2.80000e+00       3.966e+00 -6.821339e-01  0.000000e+00  4.840896e+00  3.178661e-01
-6.30000e+00 -2.80000e+00       2.067e+02  1.351666e-01  0.000000e+00 -1.248981e-01  8.648334e-01
-5.60000e+00 -2.80000e+00       6.857e+03  3.784447e-01  0.000000e+00 -4.493129e-01  6.215553e-01
-4.90000e+00 -2.80000e+00       1.336e+05 -8.745919e-01  0.000000e+00 -1.182399e+00  1.254081e-01
-4.20000e+00 -2.80000e+00       6.212e+06  1.269651e-01  0.000000e+00 -5.237157e-01  8.730349e-01
-3.50000e+00 -2.80000e+00       7.058e+07  3.533319e-01  0.000000e+00 -3.471850e-01  6.466681e-01
-2.80000e+00 -2.80000e+00       3.379e+08  4.532782e-01  0.000000e+00 -2.314355e-01  5.467218e-01
-2.10000e+00 -2.80000e+00       9.298e+08  4.949844e-01  0.000000e+00 -1.400814e-01  5.050156e-01
-1.40000e+00 -2.80000e+00       1.529e+09  4.608575e-01  0.000000e+00 -7.335085e-02  5.391425e-01
-7.00000e-01 -2.80000e+00       1.369e+09  2.172546e-01  0.000000e+00 -3.247215e-02  7.827454e-01
 0.00000e+00 -2.80000e+00       9.865e+08 -1.582555e-01  0.000000e+00 -4.607966e-16  8.417445e-01
 7.00000e-01 -2.80000e+00       1.369e+09  2.172546e-01  0.000000e+00  3.247215e-02  7.827454e-01
 1.40000e+00 -2.80000e+00       1.529e+09  4.608575e-01  0.000000e+00  7.335085e-02  5.391425e-01
 2.10000e+00 -2.80000e+00       9.298e+08  4.949844e-01  0.000000e+00  1.400814e-01  5.050156e-01
 2.80000e+00 -2.80000e+00       3.379e+08  4.532782e-01  0.000000e+00  2.314355e-01  5.467218e-01
 3.50000e+00 -2.80000e+00       7.058e+07  3.533319e-01  0.000000e+00  3.471850e-01  6.466681e-01
 4.20000e+00 -2.80000e+00       6.212e+06  1.269651e-01  0.000000e+00  5.237157e-01  8.730349e-01
 4.90000e+00 -2.80000e+00       1.336e+05 -8.745919e-01  0.000000e+00  1.182399e+00  1.254081e-01
 5.60000e+00 -2.80000e+00       6.857e+03  3.784447e-01  0.000000e+00  4.493129e-01  6.215553e-01
 6.30000e+00 -2.80000e+00       2.067e+02  1.351666e-01  0.000000e+00  1.248981e-01  8.648334e-01
 7.00000e+00 -2.80000e+00       3.966e+00 -6.821339e-01  0.000000e+00 -4.840896e+00  3.178661e-01
-7.00000e+00 -2.40000e+00       2.915e+01 -7.220895e-01  0.000000e+00  3.093753e-01  2.779105e-01
-6.30000e+00 -2.40000e+00       2.625e+03  5.038424e-01  0.000000e+00 -5.062451e-01  4.961576e-01
-5.60000e+00 -2.40000e+00       3.563e+05  4.269169e-01  0.000000e+00 -4.110839e-01  5.730831e-01
-4.90000e+00 -2.40000e+00       1.440e+07  4.410407e-01  0.000000e+00 -3.940790e-01  5.589593e-01
-4.20000e+00 -2.40000e+00       1.908e+08  4.525097e-01  0.000000e+00 -3.762145e-01  5.474903e-01
-3.50000e+00 -2.40000e+00       8.948e+08  4.679175e-01  0.000000e+00 -3.411251e-01  5.320825e-01
-2.80000e+00 -2.40000e+00       1.911e+09  4.948525e-01  0.000000e+00 -2.641278e-01  5.051475e-01
-2.10000e+00 -2.40000e+00       2.634e+09  5.203463e-01  0.000000e+00 -1.664012e-01  4.796537e-01
-1.40000e+00 -2.40000e+00       2.900e+09  4.944951e-01  0.000000e+00 -6.917415e-02  5.055049e-01
-7.00000e-01 -2.40000e+00       3.872e+09  3.862379e-01  0.000000e+00 -8.733266e-03  6.137621e-01
 0.00000e+00 -2.40000e+00       4.678e+09  3.355176e-01  0.000000e+00 -2.789271e-17  6.644824e-01
 7.00000e-01 -2.40000e+00       3.872e+09  3.862379e-01  0.000000e+00  8.733266e-03  6.137621e-01
 1.40000e+00 -2.40000e+00       2.900e+09  4.944951e-01  0.000000e+00  6.917415e-02  5.055049e-01
 2.10000e+00 -2.40000e+00       2.634e+09  5.203463e-01  0.000000e+00  1.664012e-01  4.796537e-01
 2.80000e+00 -2.40000e+00       1.911e+09  4.948525e-01  0.000000e+00  2.641278e-01  5.051475e-01
 3.50000e+00 -2.40000e+00       8.948e+08  4.679175e-01  0.000000e+00  3.411251e-01  5.320825e-01
 4.20000e+00 -2.40000e+00       1.908e+08  4.525097e-01  0.000000e+00  3.762145e-01  5.474903e-01
 4.90000e+00 -2.40000e+00       1.440e+07  4.410407e-01  0.000000e+00  3.940790e-01  5.589593e-01
 5.60000e+00 -2.40000e+00       3.563e+05  4.269169e-01  0.000000e+00  4.110839e-01  5.730831e-01
 6.30000e+00 -2.40000e+00       2.625e+03  5.038424e-01  0.000000e+00  5.062451e-01  4.961576e-01
 7.00000e+00 -2.40000e+00       2.915e+01 -7.220895e-01  0.000000e+00 -3.093753e-01  2.779105e-01
-7.00000e+00 -2.00000e+00       1.534e+03  2.787262e-01  0.000000e+00 -6.258558e-01  7.212738e-01
-6.30000e+00 -2.00000e+00       1.492e+05  2.102657e-01  0.000000e+00 -5.795225e-01  7.897343e-01
-5.60000e+00 -2.00000e+00       4.332e+06  2.313566e-01  0.000000e+00 -5.584152e-01  7.686434e-01
-4.90000e+00 -2.00000e+00       4.639e+07  2.978498e-01  0.000000e+00 -5.131292e-01  7.021502e-01
-4.20000e+00 -2.00000e+00       2.484e+08  4.114135e-01  0.000000e+00 -4.201917e-01  5.885865e-01
-3.50000e+00 -2.00000e+00       8.433e+08  5.024191e-01  0.000000e+00 -3.109405e-01  4.975809e-01
-2.80000e+00 -2.00000e+00       1.979e+09  5.453200e-01  0.000000e+00 -1.949489e-01  4.546800e-01
-2.10000e+00 -2.00000e+00       3.821e+09  5.540719e-01  0.000000e+00 -8.499225e-02  4.459281e-01
-1.40000e+00 -2.00000e+00       6.014e+09  5.308739e-01  0.000000e+00 -8.268986e-03  4.691261e-01
-7.00000e-01 -2.00000e+00       7.781e+09  4.692436e-01  0.000000e+00  1.492107e-02  5.307564e-01
 0.00000e+00 -2.00000e+00       8.650e+09  4.322549e-01  0.000000e+00  2.616287e-15  5.677451e-01
 7.00000e-01 -2.00000e+00       7.781e+09  4.692436e-01  0.000000e+00 -1.492107e-02  5.307564e-01
 1.40000e+00 -2.00000e+00       6.014e+09  5.308739e-01  0.000000e+00  8.268986e-03  4.691261e-01
 2.10000e+00 -2.00000e+00       3.821e+09  5.540719e-01  0.000000e+00  8.499225e-02  4.459281e-01
 2.80000e+00 -2.00000e+00       1.979e+09  5.453200e-01  0.000000e+00  1.949489e-01  4.546800e-01
 3.50000e+00 -2.00000e+00       8.433e+08  5.024191e-01  0.000000e+00  3.109405e-01  4.975809e-01
 4.20000e+00 -2.00000e+00       2.484e+08  4.114135e-01  0.000000e+00  4.201917e-01  5.885865e-01
 4.90000e+00 -2.00000e+00       4.639e+07  2.978498e-01  0.000000e+00  5.131292e-01  7.021502e-01
 5.60000e+00 -2.00000e+00       4.332e+06  2.313566e-01  0.000000e+00  5.584152e-01  7.686434e-01
 6.30000e+00 -2.00000e+00       1.492e+05  2.102657e-01  0.000000e+00  5.795225e-01  7.897343e-01
 7.00000e+00 -2.00000e+00       1.534e+03  2.787262e-01  0.000000e+00  6.258558e-01  7.212738e-01
-7.00000e+00 -1.60000e+00       3.167e+05 -5.540998e-01  0.000000e+00  1.751461e-02  4.459002e-01
-6.30000e+00 -1.60000e+00       2.773e+06 -5.091861e-01  0.000000e+00 -1.042075e-02  4.908139e-01
-5.60000e+00 -1.60000e+00       1.196e+07 -1.189734e-01  0.000000e+00 -1.978758e-01  8.810266e-01
-4.90000e+00 -1.60000e+00       8.305e+07  4.075919e-01  0.000000e+00 -3.700106e-01  5.924081e-01
-4.20000e+00 -1.60000e+00       5.524e+08  5.144490e-01  0.000000e+00 -2.849212e-01  4.855510e-01
-3.50000e+00 -1.60000e+00       2.574e+09  5.436931e-01  0.000000e+00 -1.628439e-01  4.563069e-01
-2.80000e+00 -1.60000e+00       9.245e+09  5.295958e-01  0.000000e+00 -8.977110e-02  4.704042e-01
-2.10000e+00 -1.60000e+00       2.448e+10  4.510590e-01  0.000000e+00 -7.552660e-02  5.489410e-01
-1.40000e+00 -1.60000e+00       5.196e+10  3.684607e-01  0.000000e+00 -9.137783e-02  6.315393e-01
-7.00000e-01 -1.60000e+00       1.040e+11  3.952210e-01  0.000000e+00 -6.236311e-02  6.047790e-01
 0.00000e+00 -1.60000e+00       1.432e+11  4.219256e-01  0.000000e+00 -4.309861e-15  5.780744e-01
 7.00000e-01 -1.60000e+00       1.040e+11  3.952210e-01  0.000000e+00  6.236311e-02  6.047790e-01
 1.40000e+00 -1.60000e+00       5.196e+10  3.684607e-01  0.000000e+00  9.137783e-02  6.315393e-01
 2.10000e+00 -1.60000e+00       2.448e+10  4.510590e-01  0.000000e+00  7.552660e-02  5.489410e-01
 2.80000e+00 -1.60000e+00       9.245e+09  5.295958e-01  0.000000e+00  8.977110e-02  4.704042e-01
 3.50000e+00 -1.60000e+00       2.574e+09  5.436931e-01  0.000000e+00  1.628439e-01  4.563069e-01
 4.20000e+00 -1.60000e+00       5.524e+08  5.144490e-01  0.000000e+00  2.849212e-01  4.855510e-01
 4.90000e+00 -1.60000e+00       8.305e+07  4.075919e-01  0.000000e+00  3.700106e-01  5.924081e-01
 5.60000e+00 -1.60000e+00       1.196e+07 -1.189734e-01  0.000000e+00  1.978758e-01  8.810266e-01
 6.30000e+00 -1.60000e+00       2.773e+06 -5.091861e-01  0.000000e+00  1.042075e-02  4.908139e-01
 7.00000e+00 -1.60000e+00       3.167e+05 -5.540998e-01  0.000000e+00 -1.751461e-02  4.459002e-01
-7.00000e+00 -1.20000e+00       1.299e+04  3.453778e-01  0.000000e+00 -3.883668e-01  6.546222e-01
-6.30000e+00 -1.20000e+00       8.827e+05  4.768745e-01  0.000000e+00 -2.623688e-01  5.231255e-01
-5.60000e+00 -1.20000e+00       2.994e+07  5.883718e-01  0.000000e+00 -1.005663e-01  4.116282e-01
-4.90000e+00 -1.20000e+00       5.942e+08  6.181032e-01  0.000000e+00 -3.266322e-02  3.818968e-01
-4.20000e+00 -1.20000e+00       6.952e+09  6.257792e-01  0.000000e+00 -2.319198e-02  3.742208e-01
-3.50000e+00 -1.20000e+00       4.760e+10  6.310998e-01  0.000000e+00 -1.601676e-02  3.689002e-01
-2.80000e+00 -1.20000e+00       2.013e+11  6.383838e-01  0.000000e+00 -2.561805e-02  3.616162e-01
-2.10000e+00 -1.20000e+00       5.612e+11  6.506642e-01  0.000000e+00 -7.999410e-02  3.493358e-01
-1.40000e+00 -1.20000e+00       1.011e+12  6.344109e-01  0.000000e+00 -1.323574e-01  3.655891e-01
-7.00000e-01 -1.20000e+00       1.066e+12  5.623849e-01  0.000000e+00 -7.903017e-02  4.376151e-01
 0.00000e+00 -1.20000e+00       8.746e+11  4.937607e-01  0.000000e+00 -3.246061e-15  5.062393e-01
 7.00000e-01 -1.20000e+00       1.066e+12  5.623849e-01  0.000000e+00  7.903017e-02  4.376151e-01
 1.40000e+00 -1.20000e+00       1.011e+12  6.344109e-01  0.000000e+00  1.323574e-01  3.655891e-01
 2.10000e+00 -1.20000e+00       5.612e+11  6.506642e-01  0.000000e+00  7.999410e-02  3.493358e-01
 2.80000e+00 -1.20000e+00       2.013e+11  6.383838e-01  0.000000e+00  2.561805e-02  3.616162e-01
 3.50000e+00 -1.20000e+00       4.760e+10  6.310998e-01  0.000000e+00  1.601676e-02  3.689002e-01
 4.20000e+00 -1.20000e+00       6.952e+09  6.257792e-01  0.000000e+00  2.319198e-02  3.742208e-01
 4.90000e+00 -1.20000e+00       5.942e+08  6.181032e-01  0.000000e+00  3.266322e-02  3.818968e-01
 5.60000e+00 -1.20000e+00       2.994e+07  5.883718e-01  0.000000e+00  1.005663e-01  4.116282e-01
 6.30000e+00 -1.20000e+00       8.827e+05  4.768745e-01  0.000000e+00  2.623688e-01  5.231255e-01
 7.00000e+00 -1.20000e+00       1.299e+04  3.453778e-01  0.000000e+00  3.883668e-01  6.546222e-01
-7.00000e+00 -8.00000e-01       1.283e+05  7.991959e-01  0.000000e+00  1.305086e-01  2.008041e-01
-6.30000e+00 -8.00000e-01       9.605e+06  7.365188e-01  0.000000e+00  4.601031e-02  2.634812e-01
-5.60000e+00 -8.00000e-01       3.959e+08  7.555785e-01  0.000000e+00 -4.249393e-02  2.444215e-01
-4.90000e+00 -8.00000e-01       8.370e+09  7.901391e-01  0.000000e+00 -3.749000e-02  2.098609e-01
-4.20000e+00 -8.00000e-01       8.881e+10  7.947058e-01  0.000000e+00 -1.145834e-02  2.052942e-01
-3.50000e+00 -8.00000e-01       5.313e+11  7.913210e-01  0.000000e+00 -5.620365e-03  2.086790e-01
-2.80000e+00 -8.00000e-01       1.995e+12  7.948567e-01  0.000000e+00  5.067468e-03  2.051433e-01
-2.10000e+00 -8.00000e-01       5.214e+12  8.165500e-01  0.000000e+00  4.152228e-02  1.834500e-01
-1.40000e+00 -8.00000e-01       1.003e+13  8.587820e-01  0.000000e+00  5.697608e-02  1.412180e-01
-7.00000e-01 -8.00000e-01       1.247e+13  8.846707e-01  0.000000e+00  6.842349e-03  1.153293e-01
 0.00000e+00 -8.00000e-01       1.162e+13  8.878324e-01  0.000000e+00  2.643109e-15  1.121676e-01
 7.00000e-01 -8.00000e-01       1.247e+13  8.846707e-01  0.000000e+00 -6.842349e-03  1.153293e-01
 1.40000e+00 -8.00000e-01       1.003e+13  8.587820e-01  0.000000e+00 -5.697608e-02  1.412180e-01
 2.10000e+00 -8.00000e-01       5.214e+12  8.165500e-01  0.000000e+00 -4.152228e-02  1.834500e-01
 2.80000e+00 -8.00000e-01       1.995e+12  7.948567e-01  0.000000e+00 -5.067468e-03  2.051433e-01
 3.50000e+00 -8.00000e-01       5.313e+11  7.913210e-01  0.000000e+00  5.620365e-03  2.086790e-01
 4.20000e+00 -8.00000e-01       8.881e+10  7.947058e-01  0.000000e+00  1.145834e-02  2.052942e-01
 4.90000e+00 -8.00000e-01       8.370e+09  7.901391e-01  0.000000e+00  3.749000e-02  2.098609e-01
 5.60000e+00 -8.00000e-01       3.959e+08  7.555785e-01  0.000000e+00  4.249393e-02  2.444215e-01
 6.30000e+00 -8.00000e-01       9.605e+06  7.365188e-01  0.000000e+00 -4.601031e-02  2.634812e-01
 7.00000e+00 -8.00000e-01       1.283e+05  7.991959e-01  0.000000e+00 -1.305086e-01  2.008041e-01
-7.00000e+00 -4.00000e-01       1.013e+06  9.690715e-01  0.000000e+00 -1.419654e-02  3.092855e-02
-6.30000e+00 -4.00000e-01       6.805e+07  9.547119e-01  0.000000e+00  4.155253e-02  4.528812e-02
-5.60000e+00 -4.00000e-01       2.110e+09  9.341920e-01  0.000000e+00  3.637127e-02  6.580801e-02
-4.90000e+00 -4.00000e-01       3.764e+10  9.307378e-01  0.000000e+00 -4.400547e-03  6.926223e-02
-4.20000e+00 -4.00000e-01       3.824e+11  9.372004e-01  0.000000e+00 -1.292147e-02  6.279959e-02
-3.50000e+00 -4.00000e-01       2.133e+12  9.386265e-01  0.000000e+00 -6.489927e-03  6.137352e-02
-2.80000e+00 -4.00000e-01       7.220e+12  9.368791e-01  0.000000e+00 -7.379086e-03  6.312093e-02
-2.10000e+00 -4.00000e-01       1.586e+13  9.295790e-01  0.000000e+00 -1.622731e-02  7.042101e-02
-1.40000e+00 -4.00000e-01       2.439e+13  9.216486e-01  0.000000e+00 -1.946827e-02  7.835140e-02
-7.00000e-01 -4.00000e-01       2.952e+13  9.387247e-01  0.000000e+00 -2.829505e-03  6.127527e-02
 0.00000e+00 -4.00000e-01       2.969e+13  9.571208e-01  0.000000e+00  7.034309e-16  4.287918e-02
 7.00000e-01 -4.00000e-01       2.952e+13  9.387247e-01  0.000000e+00  2.829505e-03  6.127527e-02
 1.40000e+00 -4.00000e-01       2.439e+13  9.216486e-01  0.000000e+00  1.946827e-02  7.835140e-02
 2.10000e+00 -4.00000e-01       1.586e+13  9.295790e-01  0.000000e+00  1.622731e-02  7.042101e-02
 2.80000e+00 -4.00000e-01       7.220e+12  9.368791e-01  0.000000e+00  7.379086e-03  6.312093e-02
 3.50000e+00 -4.00000e-01       2.133e+12  9.386265e-01  0.000000e+00  6.489927e-03  6.137352e-02
 4.20000e+00 -4.00000e-01       3.824e+11  9.372004e-01  0.000000e+00  1.292147e-02  6.279959e-02
 4.90000e+00 -4.00000e-01       3.764e+10  9.307378e-01  0.000000e+00  4.400547e-03  6.926223e-02
 5.60000e+00 -4.00000e-01       2.110e+09  9.341920e-01  0.000000e+00 -3.637127e-02  6.580801e-02
 6.30000e+00 -4.00000e-01       6.805e+07  9.547119e-01  0.000000e+00 -4.155253e-02  4.528812e-02
 7.00000e+00 -4.00000e-01       1.013e+06  9.690715e-01  0.000000e+00  1.419654e-02  3.092855e-02
-7.00000e+00  0.00000e+00       1.957e+06  9.999991e-01  0.000000e+00 -9.745987e-14  9.266119e-07
-6.30000e+00  0.00000e+00       1.360e+08  9.999774e-01  0.000000e+00  3.971051e-15  2.262895e-05
-5.60000e+00  0.00000e+00       4.259e+09  9.999646e-01  0.000000e+00  2.660904e-15  3.541208e-05
-4.90000e+00  0.00000e+00       7.582e+10  9.999608e-01  0.000000e+00 -1.299537e-15  3.918336e-05
-4.20000e+00  0.00000e+00       7.783e+11  9.999642e-01  0.000000e+00 -2.665287e-14  3.580391e-05
-3.50000e+00  0.00000e+00       4.144e+12  9.999632e-01  0.000000e+00 -2.093096e-13  3.684940e-05
-2.80000e+00  0.00000e+00       1.234e+13  9.999588e-01  0.000000e+00 -8.648414e-13  4.124056e-05
-2.10000e+00  0.00000e+00       2.669e+13  9.999616e-01  0.000000e+00 -1.382542e-12  3.835093e-05
-1.40000e+00  0.00000e+00       5.451e+13  9.999671e-01  0.000000e+00 -5.084923e-13  3.285713e-05
-7.00000e-01  0.00000e+00       1.127e+14  9.999611e-01  0.000000e+00  7.447383e-14  3.891366e-05
 0.00000e+00  0.00000e+00       1.593e+14  9.999581e-01  0.000000e+00 -3.689185e-18  4.189494e-05
 7.00000e-01  0.00000e+00       1.127e+14  9.999611e-01  0.000000e+00 -7.448783e-14  3.891366e-05
 1.40000e+00  0.00000e+00       5.451e+13  9.999671e-01  0.000000e+00  5.084586e-13  3.285713e-05
 2.10000e+00  0.00000e+00       2.669e+13  9.999616e-01  0.000000e+00  1.382518e-12  3.835093e-05
 2.80000e+00  0.00000e+00       1.234e+13  9.999588e-01  0.000000e+00  8.648625e-13  4.124056e-05
 3.50000e+00  0.00000e+00       4.144e+12  9.999632e-01  0.000000e+00  2.093632e-13  3.684940e-05
 4.20000e+00  0.00000e+00       7.783e+11  9.999642e-01  0.000000e+00  2.671094e-14  3.580391e-05
 4.90000e+00  0.00000e+00       7.582e+10  9.999608e-01  0.000000e+00  1.331206e-15  3.918336e-05
 5.60000e+00  0.00000e+00       4.259e+09  9.999646e-01  0.000000e+00 -2.654284e-15  3.541208e-05
 6.30000e+00  0.00000e+00       1.360e+08  9.999774e-01  0.000000e+00 -3.933164e-15  2.262895e-05
 7.00000e+00  0.00000e+00       1.957e+06  9.999991e-01  0.000000e+00  9.185197e-14  9.266117e-07
-7.00000e+00  4.00000e-01       1.013e+06  9.690715e-01  0.000000e+00  1.419654e-02  3.092855e-02
-6.30000e+00  4.00000e-01       6.805e+07  9.547119e-01  0.000000e+00 -4.155253e-02  4.528812e-02
-5.60000e+00  4.00000e-01       2.110e+09  9.341920e-01  0.000000e+00 -3.637127e-02  6.580801e-02
-4.90000e+00  4.00000e-01       3.764e+10  9.307378e-01  0.000000e+00  4.400547e-03  6.926223e-02
-4.20000e+00  4.00000e-01       3.824e+11  9.372004e-01  0.000000e+00  1.292147e-02  6.279959e-02
-3.50000e+00  4.00000e-01       2.133e+12  9.386265e-01  0.000000e+00  6.489927e-03  6.137352e-02
-2.80000e+00  4.00000e-01       7.220e+12  9.368791e-01  0.000000e+00  7.379086e-03  6.312093e-02
-2.10000e+00  4.00000e-01       1.586e+13  9.295790e-01  0.000000e+00  1.622731e-02  7.042101e-02
-1.40000e+00  4.00000e-01       2.439e+13  9.216486e-01  0.000000e+00  1.946827e-02  7.835140e-02
-7.00000e-01  4.00000e-01       2.952e+13  9.387247e-01  0.000000e+00  2.829505e-03  6.127527e-02
 0.00000e+00  4.00000e-01       2.969e+13  9.571208e-01  0.000000e+00 -7.065698e-16  4.287918e-02
 7.00000e-01  4.00000e-01       2.952e+13  9.387247e-01  0.000000e+00 -2.829505e-03  6.127527e-02
 1.40000e+00  4.00000e-01       2.439e+13  9.216486e-01  0.000000e+00 -1.946827e-02  7.835140e-02
 2.10000e+00  4.00000e-01       1.586e+13  9.295790e-01  0.000000e+00 -1.622731e-02  7.042101e-02
 2.80000e+00  4.00000e-01       7.220e+12  9.368791e-01  0.000000e+00 -7.379086e-03  6.312093e-02
 3.50000e+00  4.00000e-01       2.133e+12  9.386265e-01  0.000000e+00 -6.489927e-03  6.137352e-02
 4.20000e+00  4.00000e-01       3.824e+11  9.372004e-01  0.000000e+00 -1.292147e-02  6.279959e-02
 4.90000e+00  4.00000e-01       3.764e+10  9.307378e-01  0.000000e+00 -4.400547e-03  6.926223e-02
 5.60000e+00  4.00000e-01       2.110e+09  9.341920e-01  0.000000e+00  3.637127e-02  6.580801e-02
 6.30000e+00  4.00000e-01       6.805e+07  9.547119e-01  0.000000e+00  4.155253e-02  4.528812e-02
 7.00000e+00  4.00000e-01       1.013e+06  9.690715e-01  0.000000e+00 -1.419654e-02  3.092855e-02
-7.00000e+00  8.00000e-01       1.283e+05  7.991959e-01  0.000000e+00 -1.305086e-01  2.008041e-01
-6.30000e+00  8.00000e-01       9.605e+06  7.365188e-01  0.000000e+00 -4.601031e-02  2.634812e-01
-5.60000e+00  8.00000e-01       3.959e+08  7.555785e-01  0.000000e+00  4.249393e-02  2.444215e-01
-4.90000e+00  8.00000e-01       8.370e+09  7.901391e-01  0.000000e+00  3.749000e-02  2.098609e-01
-4.20000e+00  8.00000e-01       8.881e+10  7.947058e-01  0.000000e+00  1.145834e-02  2.052942e-01
-3.50000e+00  8.00000e-01       5.313e+11  7.913210e-01  0.000000e+00  5.620365e-03  2.086790e-01
-2.80000e+00  8.00000e-01       1.995e+12  7.948567e-01  0.000000e+00 -5.067468e-03  2.051433e-01
-2.10000e+00  8.00000e-01       5.214e+12  8.165500e-01  0.000000e+00 -4.152228e-02  1.834500e-01
-1.40000e+00  8.00000e-01       1.003e+13  8.587820e-01  0.000000e+00 -5.697608e-02  1.412180e-01
-7.00000e-01  8.00000e-01       1.247e+13  8.846707e-01  0.000000e+00 -6.842349e-03  1.153293e-01
 0.00000e+00  8.00000e-01       1.162e+13  8.878324e-01  0.000000e+00 -2.846909e-15  1.121676e-01
 7.00000e-01  8.00000e-01       1.247e+13  8.846707e-01  0.000000e+00  6.842349e-03  1.153293e-01
 1.40000e+00  8.00000e-01       1.003e+13  8.587820e-01  0.000000e+00  5.697608e-02  1.412180e-01
 2.10000e+00  8.00000e-01       5.214e+12  8.165500e-01  0.000000e+00  4.152228e-02  1.834500e-01
 2.80000e+00  8.00000e-01       1.995e+12  7.948567e-01  0.000000e+00  5.067468e-03  2.051433e-01
 3.50000e+00  8.00000e-01       5.313e+11  7.913210e-01  0.000000e+00 -5.620365e-03  2.086790e-01
 4.20000e+00  8.00000e-01       8.881e+10  7.947058e-01  0.000000e+00 -1.145834e-02  2.052942e-01
 4.90000e+00  8.00000e-01       8.370e+09  7.901391e-01  0.000000e+00 -3.749000e-02  2.098609e-01
 5.60000e+00  8.00000e-01       3.959e+08  7.555785e-01  0.000000e+00 -4.249393e-02  2.444215e-01
 6.30000e+00  8.00000e-01       9.605e+06  7.365188e-01  0.000000e+00  4.601031e-02  2.634812e-01
 7.00000e+00  8.00000e-01       1.283e+05  7.991959e-01  0.000000e+00  1.305086e-01  2.008041e-01
-7.00000e+00  1.20000e+00       1.299e+04  3.453778e-01  0.000000e+00  3.883668e-01  6.546222e-01
-6.30000e+00  1.20000e+00       8.827e+05  4.768745e-01  0.000000e+00  2.623688e-01  5.231255e-01
-5.60000e+00  1.20000e+00       2.994e+07  5.883718e-01  0.000000e+00  1.005663e-01  4.116282e-01
-4.90000e+00  1.20000e+00       5.942e+08  6.181032e-01  0.000000e+00  3.266322e-02  3.818968e-01
-4.20000e+00  1.20000e+00       6.952e+09  6.257792e-01  0.000000e+00  2.319198e-02  3.742208e-01
-3.50000e+00  1.20000e+00       4.760e+10  6.310998e-01  0.000000e+00  1.601676e-02  3.689002e-01
-2.80000e+00  1.20000e+00       2.013e+11  6.383838e-01  0.000000e+00  2.561805e-02  3.616162e-01
-2.10000e+00  1.20000e+00       5.612e+11  6.506642e-01  0.000000e+00  7.999410e-02  3.493358e-01
-1.40000e+00  1.20000e+00       1.011e+12  6.344109e-01  0.000000e+00  1.323574e-01  3.655891e-01
-7.00000e-01  1.20000e+00       1.066e+12  5.623849e-01  0.000000e+00  7.903017e-02  4.376151e-01
 0.00000e+00  1.20000e+00       8.746e+11  4.937607e-01  0.000000e+00  8.252098e-15  5.062393e-01
 7.00000e-01  1.20000e+00       1.066e+12  5.623849e-01  0.000000e+00 -7.903017e-02  4.376151e-01
 1.40000e+00  1.20000e+00       1.011e+12  6.344109e-01  0.000000e+00 -1.323574e-01  3.655891e-01
 2.10000e+00  1.20000e+00       5.612e+11  6.506642e-01  0.000000e+00 -7.999410e-02  3.493358e-01
 2.80000e+00  1.20000e+00       2.013e+11  6.383838e-01  0.000000e+00 -2.561805e-02  3.616162e-01
 3.50000e+00  1.20000e+00       4.760e+10  6.310998e-01  0.000000e+00 -1.601676e-02  3.689002e-01
 4.20000e+00  1.20000e+00       6.952e+09  6.257792e-01  0.000000e+00 -2.319198e-02  3.742208e-01
 4.90000e+00  1.20000e+00       5.942e+08  6.181032e-01  0.000000e+00 -3.266322e-02  3.818968e-01
 5.60000e+00  1.20000e+00       2.994e+07  5.883718e-01  0.000000e+00 -1.005663e-01  4.116282e-01
 6.30000e+00  1.20000e+00       8.827e+05  4.768745e-01  0.000000e+00 -2.623688e-01  5.231255e-01
 7.00000e+00  1.20000e+00       1.299e+04  3.453778e-01  0.000000e+00 -3.883668e-01  6.546222e-01
-7.00000e+00  1.60000e+00       3.167e+05 -5.540998e-01  0.000000e+00 -1.751461e-02  4.459002e-01
-6.30000e+00  1.60000e+00       2.773e+06 -5.091861e-01  0.000000e+00  1.042075e-02  4.908139e-01
-5.60000e+00  1.60000e+00       1.196e+07 -1.189734e-01  0.000000e+00  1.978758e-01  8.810266e-01
-4.90000e+00  1.60000e+00       8.305e+07  4.075919e-01  0.000000e+00  3.700106e-01  5.924081e-01
-4.20000e+00  1.60000e+00       5.524e+08  5.144490e-01  0.000000e+00  2.849212e-01  4.855510e-01
-3.50000e+00  1.60000e+00       2.574e+09  5.436931e-01  0.000000e+00  1.628439e-01  4.563069e-01
-2.80000e+00  1.60000e+00       9.245e+09  5.295958e-01  0.000000e+00  8.977109e-02  4.704042e-01
-2.10000e+00  1.60000e+00       2.448e+10  4.510590e-01  0.000000e+00  7.552659e-02  5.489410e-01
-1.40000e+00  1.60000e+00       5.196e+10  3.684607e-01  0.000000e+00  9.137783e-02  6.315393e-01
-7.00000e-01  1.60000e+00       1.040e+11  3.952210e-01  0.000000e+00  6.236311e-02  6.047790e-01
 0.00000e+00  1.60000e+00       1.432e+11  4.219256e-01  0.000000e+00  4.237246e-15  5.780744e-01
 7.00000e-01  1.60000e+00       1.040e+11  3.952210e-01  0.000000e+00 -6.236311e-02  6.047790e-01
 1.40000e+00  1.60000e+00       5.196e+10  3.684607e-01  0.000000e+00 -9.137783e-02  6.315393e-01
 2.10000e+00  1.60000e+00       2.448e+10  4.510590e-01  0.000000e+00 -7.552659e-02  5.489410e-01
 2.80000e+00  1.60000e+00       9.245e+09  5.295958e-01  0.000000e+00 -8.977109e-02  4.704042e-01
 3.50000e+00  1.60000e+00       2.574e+09  5.436931e-01  0.000000e+00 -1.628439e-01  4.563069e-01
 4.20000e+00  1.60000e+00       5.524e+08  5.144490e-01  0.000000e+00 -2.849212e-01  4.855510e-01
 4.90000e+00  1.60000e+00       8.305e+07  4.075919e-01  0.000000e+00 -3.700106e-01  5.924081e-01
 5.60000e+00  1.60000e+00       1.196e+07 -1.189734e-01  0.000000e+00 -1.978758e-01  8.810266e-01
 6.30000e+00  1.60000e+00       2.773e+06 -5.091861e-01  0.000000e+00 -1.042075e-02  4.908139e-01
 7.00000e+00  1.60000e+00       3.167e+05 -5.540998e-01  0.000000e+00  1.751461e-02  4.459002e-01
-7.00000e+00  2.00000e+00       1.534e+03  2.787262e-01  0.000000e+00  6.258558e-01  7.212738e-01
-6.30000e+00  2.00000e+00       1.492e+05  2.102657e-01  0.000000e+00  5.795225e-01  7.897343e-01
-5.60000e+00  2.00000e+00       4.332e+06  2.313566e-01  0.000000e+00  5.584152e-01  7.686434e-01
-4.90000e+00  2.00000e+00       4.639e+07  2.978498e-01  0.000000e+00  5.131292e-01  7.021502e-01
-4.20000e+00  2.00000e+00       2.484e+08  4.114135e-01  0.000000e+00  4.201917e-01  5.885865e-01
-3.50000e+00  2.00000e+00       8.433e+08  5.024191e-01  0.000000e+00  3.109405e-01  4.975809e-01
-2.80000e+00  2.00000e+00       1.979e+09  5.453200e-01  0.000000e+00  1.949489e-01  4.546800e-01
-2.10000e+00  2.00000e+00       3.821e+09  5.540719e-01  0.000000e+00  8.499222e-02  4.459281e-01
-1.40000e+00  2.00000e+00       6.014e+09  5.308739e-01  0.000000e+00  8.268973e-03  4.691261e-01
-7.00000e-01  2.00000e+00       7.781e+09  4.692436e-01  0.000000e+00 -1.492106e-02  5.307564e-01
 0.00000e+00  2.00000e+00       8.650e+09  4.322549e-01  0.000000e+00 -2.946638e-15  5.677451e-01
 7.00000e-01  2.00000e+00       7.781e+09  4.692436e-01  0.000000e+00  1.492106e-02  5.307564e-01
 1.40000e+00  2.00000e+00       6.014e+09  5.308739e-01  0.000000e+00 -8.268973e-03  4.691261e-01
 2.10000e+00  2.00000e+00       3.821e+09  5.540719e-01  0.000000e+00 -8.499222e-02  4.459281e-01
 2.80000e+00  2.00000e+00       1.979e+09  5.453200e-01  0.000000e+00 -1.949489e-01  4.546800e-01
 3.50000e+00  2.00000e+00       8.433e+08  5.024191e-01  0.000000e+00 -3.109405e-01  4.975809e-01
 4.20000e+00  2.00000e+00       2.484e+08  4.114135e-01  0.000000e+00 -4.201917e-01  5.885865e-01
 4.90000e+00  2.00000e+00       4.639e+07  2.978498e-01  0.000000e+00 -5.131292e-01  7.021502e-01
 5.60000e+00  2.00000e+00       4.332e+06  2.313566e-01  0.000000e+00 -5.584152e-01  7.686434e-01
 6.30000e+00  2.00000e+00       1.492e+05  2.102657e-01  0.000000e+00 -5.795225e-01  7.897343e-01
 7.00000e+00  2.00000e+00       1.534e+03  2.787262e-01  0.000000e+00 -6.258558e-01  7.212738e-01
-7.00000e+00  2.40000e+00       2.915e+01 -7.220895e-01  0.000000e+00 -3.093753e-01  2.779105e-01
-6.30000e+00  2.40000e+00       2.625e+03  5.038424e-01  0.000000e+00  5.062451e-01  4.961576e-01
-5.60000e+00  2.40000e+00       3.563e+05  4.269169e-01  0.000000e+00  4.110839e-01  5.730831e-01
-4.90000e+00  2.40000e+00       1.440e+07  4.410407e-01  0.000000e+00  3.940790e-01  5.589593e-01
-4.20000e+00  2.40000e+00       1.908e+08  4.525097e-01  0.000000e+00  3.762145e-01  5.474903e-01
-3.50000e+00  2.40000e+00       8.948e+08  4.679175e-01  0.000000e+00  3.411251e-01  5.320825e-01
-2.80000e+00  2.40000e+00       1.911e+09  4.948525e-01  0.000000e+00  2.641278e-01  5.051475e-01
-2.10000e+00  2.40000e+00       2.634e+09  5.203463e-01  0.000000e+00  1.664012e-01  4.796537e-01
-1.40000e+00  2.40000e+00       2.900e+09  4.944951e-01  0.000000e+00  6.917411e-02  5.055049e-01
-7.00000e-01  2.40000e+00       3.872e+09  3.862379e-01  0.000000e+00  8.733276e-03  6.137621e-01
 0.00000e+00  2.40000e+00       4.678e+09  3.355177e-01  0.000000e+00 -3.498627e-16  6.644823e-01
 7.00000e-01  2.40000e+00       3.872e+09  3.862379e-01  0.000000e+00 -8.733276e-03  6.137621e-01
 1.40000e+00  2.40000e+00       2.900e+09  4.944951e-01  0.000000e+00 -6.917411e-02  5.055049e-01
 2.10000e+00  2.40000e+00       2.634e+09  5.203463e-01  0.000000e+00 -1.664012e-01  4.796537e-01
 2.80000e+00  2.40000e+00       1.911e+09  4.948525e-01  0.000000e+00 -2.641278e-01  5.051475e-01
 3.50000e+00  2.40000e+00       8.948e+08  4.679175e-01  0.000000e+00 -3.411251e-01  5.320825e-01
 4.20000e+00  2.40000e+00       1.908e+08  4.525097e-01  0.000000e+00 -3.762145e-01  5.474903e-01
 4.90000e+00  2.40000e+00       1.440e+07  4.410407e-01  0.000000e+00 -3.940790e-01  5.589593e-01
 5.60000e+00  2.40000e+00       3.563e+05  4.269169e-01  0.000000e+00 -4.110839e-01  5.730831e-01
 6.30000e+00  2.40000e+00       2.625e+03  5.038424e-01  0.000000e+00 -5.062451e-01  4.961576e-01
 7.00000e+00  2.40000e+00       2.915e+01 -7.220895e-01  0.000000e+00  3.093753e-01  2.779105e-01
-7.00000e+00  2.80000e+00       3.966e+00 -6.821336e-01  0.000000e+00 -4.840901e+00  3.178664e-01
-6.30000e+00  2.80000e+00       2.067e+02  1.351670e-01  0.000000e+00  1.248981e-01  8.648330e-01
-5.60000e+00  2.80000e+00       6.857e+03  3.784446e-01  0.000000e+00  4.493128e-01  6.215554e-01
-4.90000e+00  2.80000e+00       1.336e+05 -8.745919e-01  0.000000e+00  1.182399e+00  1.254081e-01
-4.20000e+00  2.80000e+00       6.212e+06  1.269651e-01  0.000000e+00  5.237157e-01  8.730349e-01
-3.50000e+00  2.80000e+00       7.058e+07  3.533319e-01  0.000000e+00  3.471849e-01  6.466681e-01
-2.80000e+00  2.80000e+00       3.379e+08  4.532782e-01  0.000000e+00  2.314354e-01  5.467218e-01
-2.10000e+00  2.80000e+00       9.298e+08  4.949844e-01  0.000000e+00  1.400812e-01  5.050156e-01
-1.40000e+00  2.80000e+00       1.529e+09  4.608575e-01  0.000000e+00  7.335076e-02  5.391425e-01
-7.00000e-01  2.80000e+00       1.369e+09  2.172551e-01  0.000000e+00  3.247216e-02  7.827449e-01
 0.00000e+00  2.80000e+00       9.865e+08 -1.582535e-01  0.000000e+00 -8.163394e-16  8.417465e-01
 7.00000e-01  2.80000e+00       1.369e+09  2.172551e-01  0.000000e+00 -3.247216e-02  7.827449e-01
 1.40000e+00  2.80000e+00       1.529e+09  4.608575e-01  0.000000e+00 -7.335076e-02  5.391425e-01
 2.10000e+00  2.80000e+00       9.298e+08  4.949844e-01  0.000000e+00 -1.400812e-01  5.050156e-01
 2.80000e+00  2.80000e+00       3.379e+08  4.532782e-01  0.000000e+00 -2.314354e-01  5.467218e-01
 3.50000e+00  2.80000e+00       7.058e+07  3.533319e-01  0.000000e+00 -3.471849e-01  6.466681e-01
 4.20000e+00  2.80000e+00       6.212e+06  1.269651e-01  0.000000e+00 -5.237157e-01  8.730349e-01
 4.90000e+00  2.80000e+00       1.336e+05 -8.745919e-01  0.000000e+00 -1.182399e+00  1.254081e-01
 5.60000e+00  2.80000e+00       6.857e+03  3.784446e-01  0.000000e+00 -4.493128e-01  6.215554e-01
 6.30000e+00  2.80000e+00       2.067e+02  1.351670e-01  0.000000e+00 -1.248981e-01  8.648330e-01
 7.00000e+00  2.80000e+00       3.966e+00 -6.821336e-01  0.000000e+00  4.840901e+00  3.178664e-01
-7.00000e+00  3.20000e+00       1.349e+00 -6.610311e-01  0.000000e+00 -1.086732e+01  3.389689e-01
-6.30000e+00  3.20000e+00       1.802e+02  2.868481e-01  0.000000e+00 -4.132404e-06  7.131519e-01
-5.60000e+00  3.20000e+00       7.808e+03  9.720061e-01  0.000000e+00  4.015168e-02  2.799393e-02
-4.90000e+00  3.20000e+00       2.621e+05  9.696174e-01  0.000000e+00  1.501511e-02  3.038260e-02
-4.20000e+00  3.20000e+00       2.984e+06  9.706683e-01  0.000000e+00  7.399319e-03  2.933168e-02
-3.50000e+00  3.20000e+00       1.211e+07  9.348044e-01  0.000000e+00  5.293075e-03  6.519564e-02
-2.80000e+00  3.20000e+00       1.369e+07  6.309800e-01  0.000000e+00  3.079822e-02  3.690200e-01
-2.10000e+00  3.20000e+00       5.926e+07  4.678641e-01  0.000000e+00 -7.856557e-03  5.321359e-01
-1.40000e+00  3.20000e+00       1.941e+08  2.663576e-01  0.000000e+00 -4.607953e-02  7.336424e-01
-7.00000e-01  3.20000e+00       2.631e+08 -3.240279e-01  0.000000e+00 -4.400236e-02  6.759721e-01
 0.00000e+00  3.20000e+00       5.680e+08  1.788413e-01  0.000000e+00 -9.426248e-16  8.211587e-01
 7.00000e-01  3.20000e+00       2.631e+08 -3.240279e-01  0.000000e+00  4.400236e-02  6.759721e-01
 1.40000e+00  3.20000e+00       1.941e+08  2.663576e-01  0.000000e+00  4.607953e-02  7.336424e-01
 2.10000e+00  3.20000e+00       5.926e+07  4.678641e-01  0.000000e+00  7.856557e-03  5.321359e-01
 2.80000e+00  3.20000e+00       1.369e+07  6.309800e-01  0.000000e+00 -3.079822e-02  3.690200e-01
 3.50000e+00  3.20000e+00       1.211e+07  9.348044e-01  0.000000e+00 -5.293075e-03  6.519564e-02
 4.20000e+00  3.20000e+00       2.984e+06  9.706683e-01  0.000000e+00 -7.399319e-03  2.933168e-02
 4.90000e+00  3.20000e+00       2.621e+05  9.696174e-01  0.000000e+00 -1.501511e-02  3.038260e-02
 5.60000e+00  3.20000e+00       7.808e+03  9.720061e-01  0.000000e+00 -4.015168e-02  2.799393e-02
 6.30000e+00  3.20000e+00       1.802e+02  2.868481e-01  0.000000e+00  4.132408e-06  7.131519e-01
 7.00000e+00  3.20000e+00       1.349e+00 -6.610312e-01  0.000000e+00  1.086732e+01  3.389688e-01
-7.00000e+00  3.60000e+00       2.852e+00 -4.263203e-01  0.000000e+00 -3.450048e+00  5.736797e-01
-6.30000e+00  3.60000e+00       1.403e+02  3.811755e-01  0.000000e+00 -1.776840e-02  6.188245e-01
-5.60000e+00  3.60000e+00       6.526e+03  9.812514e-01  0.000000e+00  2.547582e-02  1.874856e-02
-4.90000e+00  3.60000e+00       2.178e+05  9.744877e-01  0.000000e+00  1.054372e-02  2.551231e-02
-4.20000e+00  3.60000e+00       2.483e+06  9.727795e-01  0.000000e+00  5.610331e-03  2.722053e-02
-3.50000e+00  3.60000e+00       1.017e+07  9.434235e-01  0.000000e+00  2.830446e-03  5.657652e-02
-2.80000e+00  3.60000e+00       1.281e+07  7.894408e-01  0.000000e+00  5.375194e-03  2.105592e-01
-2.10000e+00  3.60000e+00       2.104e+07  4.600479e-01  0.000000e+00 -8.791667e-02  5.399521e-01
-1.40000e+00  3.60000e+00       5.012e+07 -1.959320e-01  0.000000e+00 -2.350516e-01  8.040680e-01
-7.00000e-01  3.60000e+00       2.748e+08  1.702955e-01  0.000000e+00 -5.612721e-02  8.297045e-01
 0.00000e+00  3.60000e+00       4.874e+08  2.376586e-01  0.000000e+00 -7.129431e-16  7.623414e-01
 7.00000e-01  3.60000e+00       2.748e+08  1.702955e-01  0.000000e+00  5.612721e-02  8.297045e-01
 1.40000e+00  3.60000e+00       5.012e+07 -1.959320e-01  0.000000e+00  2.350516e-01  8.040680e-01
 2.10000e+00  3.60000e+00       2.104e+07  4.600479e-01  0.000000e+00  8.791667e-02  5.399521e-01
 2.80000e+00  3.60000e+00       1.281e+07  7.894408e-01  0.000000e+00 -5.375194e-03  2.105592e-01
 3.50000e+00  3.60000e+00       1.017e+07  9.434235e-01  0.000000e+00 -2.830446e-03  5.657652e-02
 4.20000e+00  3.60000e+00       2.483e+06  9.727795e-01  0.000000e+00 -5.610331e-03  2.722053e-02
 4.90000e+00  3.60000e+00       2.178e+05  9.744877e-01  0.000000e+00 -1.054372e-02  2.551231e-02
 5.60000e+00  3.60000e+00       6.526e+03  9.812514e-01  0.000000e+00 -2.547582e-02  1.874856e-02
 6.30000e+00  3.60000e+00       1.403e+02  3.811755e-01  0.000000e+00  1.776840e-02  6.188245e-01
 7.00000e+00  3.60000e+00       2.852e+00 -4.263203e-01  0.000000e+00  3.450048e+00  5.736797e-01
-7.00000e+00  4.00000e+00       3.753e+00  1.995356e-01  0.000000e+00 -7.973076e-01  8.004644e-01
-6.30000e+00  4.00000e+00       1.167e+02  4.403095e-01  0.000000e+00 -8.160064e-03  5.596905e-01
-5.60000e+00  4.00000e+00       5.630e+03  9.840733e-01  0.000000e+00  1.769919e-02  1.592667e-02
-4.90000e+00  4.00000e+00       1.873e+05  9.768979e-01  0.000000e+00  7.922109e-03  2.310209e-02
-4.20000e+00  4.00000e+00       2.137e+06  9.737269e-01  0.000000e+00  4.453686e-03  2.627315e-02
-3.50000e+00  4.00000e+00       8.787e+06  9.467470e-01  0.000000e+00  1.818147e-03  5.325295e-02
-2.80000e+00  4.00000e+00       1.157e+07  8.500269e-01  0.000000e+00 -6.254400e-03  1.499731e-01
-2.10000e+00  4.00000e+00       1.068e+07  4.639609e-01  0.000000e+00 -2.010578e-01  5.360391e-01
-1.40000e+00  4.00000e+00       3.243e+07 -3.804467e-01  0.000000e+00 -2.838467e-01  6.195533e-01
-7.00000e-01  4.00000e+00       2.393e+08  2.216580e-01  0.000000e+00 -3.817689e-02  7.783420e-01
 0.00000e+00  4.00000e+00       4.315e+08  3.093197e-01  0.000000e+00 -8.334339e-16  6.906803e-01
 7.00000e-01  4.00000e+00       2.393e+08  2.216580e-01  0.000000e+00  3.817689e-02  7.783420e-01
 1.40000e+00  4.00000e+00       3.243e+07 -3.804467e-01  0.000000e+00  2.838467e-01  6.195533e-01
 2.10000e+00  4.00000e+00       1.068e+07  4.639609e-01  0.000000e+00  2.010578e-01  5.360391e-01
 2.80000e+00  4.00000e+00       1.157e+07  8.500269e-01  0.000000e+00  6.254400e-03  1.499731e-01
 3.50000e+00  4.00000e+00       8.787e+06  9.467470e-01  0.000000e+00 -1.818147e-03  5.325295e-02
 4.20000e+00  4.00000e+00       2.137e+06  9.737269e-01  0.000000e+00 -4.453686e-03  2.627315e-02
 4.90000e+00  4.00000e+00       1.873e+05  9.768979e-01  0.000000e+00 -7.922109e-03  2.310209e-02
 5.60000e+00  4.00000e+00       5.630e+03  9.840733e-01  0.000000e+00 -1.769919e-02  1.592667e-02
 6.30000e+00  4.00000e+00       1.167e+02  4.403095e-01  0.000000e+00  8.160064e-03  5.596905e-01
 7.00000e+00  4.00000e+00       3.753e+00  1.995381e-01  0.000000e+00  7.973251e-01  8.004619e-01
