 EB(GeV)    EMITTANCEx EMITTANCEy SIZEx(m)   SIZEy(m)   DIVx(rad)  DIVy(rad)
 2.411e+00  5.499e-09  1.017e-12  8.711e-05  1.009e-06  6.313e-05  1.009e-06
 betax      alphax     betay      alphay     eta        deta       E_spread  
 1.380e+00  0.000e+00  1.000e+00  0.000e+00  0.000e+00  0.000e+00  8.600e-04
 Ibeam(A)   period(cm) #periods   Kx         Ky         Energy(eV)
 4.005e-01  1.900e+00         96  0.000e+00  1.780e+00  2.071e+04


           x            y       F.Density            PL            PC          PL45        1-|PL|
          mm           mm  ph/s/mr^2/0.1%             -             -             -             -
-7.00000e+00 -4.00000e+00       1.953e+02 -5.783103e-01  0.000000e+00  6.306621e-02  4.216897e-01
-6.30000e+00 -4.00000e+00       2.933e+03  6.350798e-01  0.000000e+00  1.782921e-02  3.649202e-01
-5.60000e+00 -4.00000e+00       1.522e+05  9.668571e-01  0.000000e+00  3.849954e-02  3.314288e-02
-4.90000e+00 -4.00000e+00       2.787e+06  9.266479e-01  0.000000e+00  3.261254e-02  7.335210e-02
-4.20000e+00 -4.00000e+00       1.606e+07  8.941973e-01  0.000000e+00  1.970262e-03  1.058027e-01
-3.50000e+00 -4.00000e+00       3.701e+07  8.624246e-01  0.000000e+00 -7.364631e-02  1.375754e-01
-2.80000e+00 -4.00000e+00       1.090e+08  9.357759e-01  0.000000e+00 -2.980777e-02  6.422410e-02
-2.10000e+00 -4.00000e+00       4.815e+08  9.923944e-01  0.000000e+00  5.855124e-02  7.605585e-03
-1.40000e+00 -4.00000e+00       1.417e+09  8.718447e-01  0.000000e+00  7.348123e-02  1.281553e-01
-7.00000e-01 -4.00000e+00       4.434e+09  6.497840e-01  0.000000e+00  2.683020e-02  3.502160e-01
 0.00000e+00 -4.00000e+00       8.244e+09  6.404198e-01  0.000000e+00  8.851141e-16  3.595802e-01
 7.00000e-01 -4.00000e+00       4.434e+09  6.497840e-01  0.000000e+00 -2.683020e-02  3.502160e-01
 1.40000e+00 -4.00000e+00       1.417e+09  8.718447e-01  0.000000e+00 -7.348123e-02  1.281553e-01
 2.10000e+00 -4.00000e+00       4.815e+08  9.923944e-01  0.000000e+00 -5.855124e-02  7.605585e-03
 2.80000e+00 -4.00000e+00       1.090e+08  9.357759e-01  0.000000e+00  2.980777e-02  6.422410e-02
 3.50000e+00 -4.00000e+00       3.701e+07  8.624246e-01  0.000000e+00  7.364631e-02  1.375754e-01
 4.20000e+00 -4.00000e+00       1.606e+07  8.941973e-01  0.000000e+00 -1.970262e-03  1.058027e-01
 4.90000e+00 -4.00000e+00       2.787e+06  9.266479e-01  0.000000e+00 -3.261254e-02  7.335210e-02
 5.60000e+00 -4.00000e+00       1.522e+05  9.668571e-01  0.000000e+00 -3.849954e-02  3.314288e-02
 6.30000e+00 -4.00000e+00       2.933e+03  6.350798e-01  0.000000e+00 -1.782921e-02  3.649202e-01
 7.00000e+00 -4.00000e+00       1.953e+02 -5.783102e-01  0.000000e+00 -6.306643e-02  4.216898e-01
-7.00000e+00 -3.60000e+00       2.953e+02 -5.779843e-01  0.000000e+00  8.476760e-02  4.220157e-01
-6.30000e+00 -3.60000e+00       3.864e+03  5.248863e-01  0.000000e+00  1.171207e-02  4.751137e-01
-5.60000e+00 -3.60000e+00       1.956e+05  9.196487e-01  0.000000e+00  1.212880e-02  8.035132e-02
-4.90000e+00 -3.60000e+00       4.127e+06  8.164265e-01  0.000000e+00 -5.403287e-02  1.835735e-01
-4.20000e+00 -3.60000e+00       3.354e+07  6.722286e-01  0.000000e+00 -1.798101e-01  3.277714e-01
-3.50000e+00 -3.60000e+00       1.418e+08  5.465042e-01  0.000000e+00 -2.869170e-01  4.534958e-01
-2.80000e+00 -3.60000e+00       4.694e+08  5.769411e-01  0.000000e+00 -2.249080e-01  4.230589e-01
-2.10000e+00 -3.60000e+00       1.315e+09  6.928956e-01  0.000000e+00 -9.169070e-02  3.071044e-01
-1.40000e+00 -3.60000e+00       2.741e+09  7.172249e-01  0.000000e+00 -1.377186e-03  2.827751e-01
-7.00000e-01 -3.60000e+00       6.271e+09  6.249393e-01  0.000000e+00  1.385681e-02  3.750607e-01
 0.00000e+00 -3.60000e+00       1.059e+10  6.313668e-01  0.000000e+00  7.987556e-16  3.686332e-01
 7.00000e-01 -3.60000e+00       6.271e+09  6.249393e-01  0.000000e+00 -1.385681e-02  3.750607e-01
 1.40000e+00 -3.60000e+00       2.741e+09  7.172249e-01  0.000000e+00  1.377186e-03  2.827751e-01
 2.10000e+00 -3.60000e+00       1.315e+09  6.928956e-01  0.000000e+00  9.169070e-02  3.071044e-01
 2.80000e+00 -3.60000e+00       4.694e+08  5.769411e-01  0.000000e+00  2.249080e-01  4.230589e-01
 3.50000e+00 -3.60000e+00       1.418e+08  5.465042e-01  0.000000e+00  2.869170e-01  4.534958e-01
 4.20000e+00 -3.60000e+00       3.354e+07  6.722286e-01  0.000000e+00  1.798101e-01  3.277714e-01
 4.90000e+00 -3.60000e+00       4.127e+06  8.164265e-01  0.000000e+00  5.403287e-02  1.835735e-01
 5.60000e+00 -3.60000e+00       1.956e+05  9.196487e-01  0.000000e+00 -1.212880e-02  8.035132e-02
 6.30000e+00 -3.60000e+00       3.864e+03  5.248863e-01  0.000000e+00 -1.171207e-02  4.751137e-01
 7.00000e+00 -3.60000e+00       2.953e+02 -5.779843e-01  0.000000e+00 -8.476760e-02  4.220157e-01
-7.00000e+00 -3.20000e+00       6.196e+02 -4.467377e-01  0.000000e+00 -8.152154e-02  5.532623e-01
-6.30000e+00 -3.20000e+00       2.704e+04  2.476950e-01  0.000000e+00 -4.371626e-01  7.523050e-01
-5.60000e+00 -3.20000e+00       1.495e+06  3.481725e-01  0.000000e+00 -4.541908e-01  6.518275e-01
-4.90000e+00 -3.20000e+00       2.915e+07  3.562674e-01  0.000000e+00 -4.464092e-01  6.437326e-01
-4.20000e+00 -3.20000e+00       2.052e+08  3.699960e-01  0.000000e+00 -4.346362e-01  6.300040e-01
-3.50000e+00 -3.20000e+00       6.429e+08  4.044564e-01  0.000000e+00 -3.967667e-01  5.955436e-01
-2.80000e+00 -3.20000e+00       1.307e+09  4.888106e-01  0.000000e+00 -2.871736e-01  5.111894e-01
-2.10000e+00 -3.20000e+00       2.438e+09  6.151137e-01  0.000000e+00 -1.269375e-01  3.848863e-01
-1.40000e+00 -3.20000e+00       4.270e+09  6.657015e-01  0.000000e+00 -1.209623e-02  3.342985e-01
-7.00000e-01 -3.20000e+00       9.001e+09  6.076458e-01  0.000000e+00  1.350006e-02  3.923542e-01
 0.00000e+00 -3.20000e+00       1.473e+10  6.183693e-01  0.000000e+00  7.040204e-16  3.816307e-01
 7.00000e-01 -3.20000e+00       9.001e+09  6.076458e-01  0.000000e+00 -1.350006e-02  3.923542e-01
 1.40000e+00 -3.20000e+00       4.270e+09  6.657015e-01  0.000000e+00  1.209623e-02  3.342985e-01
 2.10000e+00 -3.20000e+00       2.438e+09  6.151137e-01  0.000000e+00  1.269375e-01  3.848863e-01
 2.80000e+00 -3.20000e+00       1.307e+09  4.888106e-01  0.000000e+00  2.871736e-01  5.111894e-01
 3.50000e+00 -3.20000e+00       6.429e+08  4.044564e-01  0.000000e+00  3.967667e-01  5.955436e-01
 4.20000e+00 -3.20000e+00       2.052e+08  3.699960e-01  0.000000e+00  4.346362e-01  6.300040e-01
 4.90000e+00 -3.20000e+00       2.915e+07  3.562674e-01  0.000000e+00  4.464092e-01  6.437326e-01
 5.60000e+00 -3.20000e+00       1.495e+06  3.481725e-01  0.000000e+00  4.541908e-01  6.518275e-01
 6.30000e+00 -3.20000e+00       2.704e+04  2.476950e-01  0.000000e+00  4.371626e-01  7.523050e-01
 7.00000e+00 -3.20000e+00       6.196e+02 -4.467377e-01  0.000000e+00  8.152154e-02  5.532623e-01
-7.00000e+00 -2.80000e+00       5.266e+04 -1.969240e-01  0.000000e+00 -5.779940e-01  8.030760e-01
-6.30000e+00 -2.80000e+00       2.053e+06 -1.364088e-01  0.000000e+00 -5.935579e-01  8.635912e-01
-5.60000e+00 -2.80000e+00       3.005e+07 -5.080674e-02  0.000000e+00 -5.887972e-01  9.491933e-01
-4.90000e+00 -2.80000e+00       1.882e+08  8.370041e-02  0.000000e+00 -5.574807e-01  9.162996e-01
-4.20000e+00 -2.80000e+00       6.287e+08  2.507365e-01  0.000000e+00 -4.907045e-01  7.492635e-01
-3.50000e+00 -2.80000e+00       1.395e+09  3.876709e-01  0.000000e+00 -3.989252e-01  6.123291e-01
-2.80000e+00 -2.80000e+00       2.501e+09  4.896309e-01  0.000000e+00 -2.724418e-01  5.103691e-01
-2.10000e+00 -2.80000e+00       4.246e+09  5.892989e-01  0.000000e+00 -1.236763e-01  4.107011e-01
-1.40000e+00 -2.80000e+00       6.694e+09  6.381724e-01  0.000000e+00 -1.363599e-02  3.618276e-01
-7.00000e-01 -2.80000e+00       1.214e+10  6.111422e-01  0.000000e+00  1.508361e-02  3.888578e-01
 0.00000e+00 -2.80000e+00       1.875e+10  6.304168e-01  0.000000e+00  6.156189e-16  3.695832e-01
 7.00000e-01 -2.80000e+00       1.214e+10  6.111422e-01  0.000000e+00 -1.508361e-02  3.888578e-01
 1.40000e+00 -2.80000e+00       6.694e+09  6.381724e-01  0.000000e+00  1.363599e-02  3.618276e-01
 2.10000e+00 -2.80000e+00       4.246e+09  5.892989e-01  0.000000e+00  1.236763e-01  4.107011e-01
 2.80000e+00 -2.80000e+00       2.501e+09  4.896309e-01  0.000000e+00  2.724418e-01  5.103691e-01
 3.50000e+00 -2.80000e+00       1.395e+09  3.876709e-01  0.000000e+00  3.989252e-01  6.123291e-01
 4.20000e+00 -2.80000e+00       6.287e+08  2.507365e-01  0.000000e+00  4.907045e-01  7.492635e-01
 4.90000e+00 -2.80000e+00       1.882e+08  8.370041e-02  0.000000e+00  5.574807e-01  9.162996e-01
 5.60000e+00 -2.80000e+00       3.005e+07 -5.080674e-02  0.000000e+00  5.887972e-01  9.491933e-01
 6.30000e+00 -2.80000e+00       2.053e+06 -1.364088e-01  0.000000e+00  5.935579e-01  8.635912e-01
 7.00000e+00 -2.80000e+00       5.266e+04 -1.969240e-01  0.000000e+00  5.779940e-01  8.030760e-01
-7.00000e+00 -2.40000e+00       2.053e+05 -1.473339e-01  0.000000e+00 -5.639861e-01  8.526661e-01
-6.30000e+00 -2.40000e+00       8.195e+06 -1.063518e-01  0.000000e+00 -5.870354e-01  8.936482e-01
-5.60000e+00 -2.40000e+00       1.089e+08 -7.050040e-02  0.000000e+00 -5.878351e-01  9.294996e-01
-4.90000e+00 -2.40000e+00       5.002e+08 -3.955255e-03  0.000000e+00 -5.683333e-01  9.960447e-01
-4.20000e+00 -2.40000e+00       1.038e+09  1.676031e-01  0.000000e+00 -4.744209e-01  8.323969e-01
-3.50000e+00 -2.40000e+00       1.850e+09  3.924034e-01  0.000000e+00 -2.972743e-01  6.075966e-01
-2.80000e+00 -2.40000e+00       3.996e+09  5.179777e-01  0.000000e+00 -1.524308e-01  4.820223e-01
-2.10000e+00 -2.40000e+00       9.238e+09  5.788003e-01  0.000000e+00 -7.667675e-02  4.211997e-01
-1.40000e+00 -2.40000e+00       1.622e+10  5.900105e-01  0.000000e+00 -2.273919e-02  4.099895e-01
-7.00000e-01 -2.40000e+00       2.738e+10  5.791773e-01  0.000000e+00  3.309096e-03  4.208227e-01
 0.00000e+00 -2.40000e+00       3.891e+10  5.988027e-01  0.000000e+00  4.219150e-16  4.011973e-01
 7.00000e-01 -2.40000e+00       2.738e+10  5.791773e-01  0.000000e+00 -3.309096e-03  4.208227e-01
 1.40000e+00 -2.40000e+00       1.622e+10  5.900105e-01  0.000000e+00  2.273919e-02  4.099895e-01
 2.10000e+00 -2.40000e+00       9.238e+09  5.788003e-01  0.000000e+00  7.667675e-02  4.211997e-01
 2.80000e+00 -2.40000e+00       3.996e+09  5.179777e-01  0.000000e+00  1.524308e-01  4.820223e-01
 3.50000e+00 -2.40000e+00       1.850e+09  3.924034e-01  0.000000e+00  2.972743e-01  6.075966e-01
 4.20000e+00 -2.40000e+00       1.038e+09  1.676031e-01  0.000000e+00  4.744209e-01  8.323969e-01
 4.90000e+00 -2.40000e+00       5.002e+08 -3.955255e-03  0.000000e+00  5.683333e-01  9.960447e-01
 5.60000e+00 -2.40000e+00       1.089e+08 -7.050040e-02  0.000000e+00  5.878351e-01  9.294996e-01
 6.30000e+00 -2.40000e+00       8.195e+06 -1.063518e-01  0.000000e+00  5.870354e-01  8.936482e-01
 7.00000e+00 -2.40000e+00       2.053e+05 -1.473339e-01  0.000000e+00  5.639861e-01  8.526661e-01
-7.00000e+00 -2.00000e+00       3.827e+06 -6.025278e-01  0.000000e+00  2.563526e-02  3.974722e-01
-6.30000e+00 -2.00000e+00       2.964e+07 -4.791421e-01  0.000000e+00 -1.661283e-01  5.208579e-01
-5.60000e+00 -2.00000e+00       1.413e+08 -2.159218e-01  0.000000e+00 -3.723629e-01  7.840782e-01
-4.90000e+00 -2.00000e+00       5.852e+08  1.351108e-01  0.000000e+00 -3.851330e-01  8.648892e-01
-4.20000e+00 -2.00000e+00       2.591e+09  3.588697e-01  0.000000e+00 -2.231905e-01  6.411303e-01
-3.50000e+00 -2.00000e+00       1.083e+10  4.037004e-01  0.000000e+00 -7.818719e-02  5.962996e-01
-2.80000e+00 -2.00000e+00       3.642e+10  3.904795e-01  0.000000e+00  1.645165e-02  6.095205e-01
-2.10000e+00 -2.00000e+00       9.460e+10  4.010892e-01  0.000000e+00  1.734212e-01  5.989108e-01
-1.40000e+00 -2.00000e+00       1.978e+11  4.806361e-01  0.000000e+00  3.557315e-01  5.193639e-01
-7.00000e-01 -2.00000e+00       3.304e+11  5.479687e-01  0.000000e+00  3.005403e-01  4.520313e-01
 0.00000e+00 -2.00000e+00       4.000e+11  5.632471e-01  0.000000e+00  5.266797e-15  4.367529e-01
 7.00000e-01 -2.00000e+00       3.304e+11  5.479687e-01  0.000000e+00 -3.005403e-01  4.520313e-01
 1.40000e+00 -2.00000e+00       1.978e+11  4.806361e-01  0.000000e+00 -3.557315e-01  5.193639e-01
 2.10000e+00 -2.00000e+00       9.460e+10  4.010892e-01  0.000000e+00 -1.734212e-01  5.989108e-01
 2.80000e+00 -2.00000e+00       3.642e+10  3.904795e-01  0.000000e+00 -1.645165e-02  6.095205e-01
 3.50000e+00 -2.00000e+00       1.083e+10  4.037004e-01  0.000000e+00  7.818719e-02  5.962996e-01
 4.20000e+00 -2.00000e+00       2.591e+09  3.588697e-01  0.000000e+00  2.231905e-01  6.411303e-01
 4.90000e+00 -2.00000e+00       5.852e+08  1.351108e-01  0.000000e+00  3.851330e-01  8.648892e-01
 5.60000e+00 -2.00000e+00       1.413e+08 -2.159218e-01  0.000000e+00  3.723629e-01  7.840782e-01
 6.30000e+00 -2.00000e+00       2.964e+07 -4.791421e-01  0.000000e+00  1.661283e-01  5.208579e-01
 7.00000e+00 -2.00000e+00       3.827e+06 -6.025278e-01  0.000000e+00 -2.563526e-02  3.974722e-01
-7.00000e+00 -1.60000e+00       2.190e+06 -3.351654e-01  0.000000e+00  8.176060e-02  6.648346e-01
-6.30000e+00 -1.60000e+00       3.144e+07 -8.350470e-02  0.000000e+00 -1.557299e-01  9.164953e-01
-5.60000e+00 -1.60000e+00       4.277e+08  2.238811e-01  0.000000e+00 -1.910160e-01  7.761189e-01
-4.90000e+00 -1.60000e+00       5.280e+09  4.508042e-01  0.000000e+00 -1.231490e-01  5.491958e-01
-4.20000e+00 -1.60000e+00       4.450e+10  5.060207e-01  0.000000e+00 -3.492039e-02  4.939793e-01
-3.50000e+00 -1.60000e+00       2.362e+11  4.974445e-01  0.000000e+00 -1.170200e-02  5.025555e-01
-2.80000e+00 -1.60000e+00       8.394e+11  5.157016e-01  0.000000e+00 -4.529181e-03  4.842984e-01
-2.10000e+00 -1.60000e+00       2.137e+12  5.802111e-01  0.000000e+00  1.218672e-02  4.197889e-01
-1.40000e+00 -1.60000e+00       3.803e+12  6.157915e-01  0.000000e+00  6.326085e-02  3.842085e-01
-7.00000e-01 -1.60000e+00       4.078e+12  5.135090e-01  0.000000e+00  1.559993e-01  4.864910e-01
 0.00000e+00 -1.60000e+00       3.403e+12  3.887516e-01  0.000000e+00  1.048126e-14  6.112484e-01
 7.00000e-01 -1.60000e+00       4.078e+12  5.135090e-01  0.000000e+00 -1.559993e-01  4.864910e-01
 1.40000e+00 -1.60000e+00       3.803e+12  6.157915e-01  0.000000e+00 -6.326085e-02  3.842085e-01
 2.10000e+00 -1.60000e+00       2.137e+12  5.802111e-01  0.000000e+00 -1.218672e-02  4.197889e-01
 2.80000e+00 -1.60000e+00       8.394e+11  5.157016e-01  0.000000e+00  4.529181e-03  4.842984e-01
 3.50000e+00 -1.60000e+00       2.362e+11  4.974445e-01  0.000000e+00  1.170200e-02  5.025555e-01
 4.20000e+00 -1.60000e+00       4.450e+10  5.060207e-01  0.000000e+00  3.492039e-02  4.939793e-01
 4.90000e+00 -1.60000e+00       5.280e+09  4.508042e-01  0.000000e+00  1.231490e-01  5.491958e-01
 5.60000e+00 -1.60000e+00       4.277e+08  2.238811e-01  0.000000e+00  1.910160e-01  7.761189e-01
 6.30000e+00 -1.60000e+00       3.144e+07 -8.350470e-02  0.000000e+00  1.557299e-01  9.164953e-01
 7.00000e+00 -1.60000e+00       2.190e+06 -3.351654e-01  0.000000e+00 -8.176060e-02  6.648346e-01
-7.00000e+00 -1.20000e+00       8.632e+06  1.561777e-01  0.000000e+00  2.413786e-02  8.438223e-01
-6.30000e+00 -1.20000e+00       2.716e+08  6.844629e-01  0.000000e+00 -8.448924e-02  3.155371e-01
-5.60000e+00 -1.20000e+00       6.120e+09  7.543997e-01  0.000000e+00  3.419992e-02  2.456003e-01
-4.90000e+00 -1.20000e+00       7.520e+10  6.583851e-01  0.000000e+00  3.884849e-02  3.416149e-01
-4.20000e+00 -1.20000e+00       5.831e+11  6.185174e-01  0.000000e+00 -2.034798e-02  3.814826e-01
-3.50000e+00 -1.20000e+00       2.801e+12  6.176189e-01  0.000000e+00  1.306821e-02  3.823811e-01
-2.80000e+00 -1.20000e+00       8.409e+12  5.847508e-01  0.000000e+00  5.131924e-02  4.152492e-01
-2.10000e+00 -1.20000e+00       1.780e+13  5.341507e-01  0.000000e+00  7.496531e-02  4.658493e-01
-1.40000e+00 -1.20000e+00       3.089e+13  5.598650e-01  0.000000e+00  1.593782e-01  4.401350e-01
-7.00000e-01 -1.20000e+00       4.922e+13  7.349873e-01  0.000000e+00  1.520925e-01  2.650127e-01
 0.00000e+00 -1.20000e+00       5.858e+13  8.273824e-01  0.000000e+00  2.108482e-15  1.726176e-01
 7.00000e-01 -1.20000e+00       4.922e+13  7.349873e-01  0.000000e+00 -1.520925e-01  2.650127e-01
 1.40000e+00 -1.20000e+00       3.089e+13  5.598650e-01  0.000000e+00 -1.593782e-01  4.401350e-01
 2.10000e+00 -1.20000e+00       1.780e+13  5.341507e-01  0.000000e+00 -7.496531e-02  4.658493e-01
 2.80000e+00 -1.20000e+00       8.409e+12  5.847508e-01  0.000000e+00 -5.131924e-02  4.152492e-01
 3.50000e+00 -1.20000e+00       2.801e+12  6.176189e-01  0.000000e+00 -1.306821e-02  3.823811e-01
 4.20000e+00 -1.20000e+00       5.831e+11  6.185174e-01  0.000000e+00  2.034798e-02  3.814826e-01
 4.90000e+00 -1.20000e+00       7.520e+10  6.583851e-01  0.000000e+00 -3.884849e-02  3.416149e-01
 5.60000e+00 -1.20000e+00       6.120e+09  7.543997e-01  0.000000e+00 -3.419992e-02  2.456003e-01
 6.30000e+00 -1.20000e+00       2.716e+08  6.844629e-01  0.000000e+00  8.448924e-02  3.155371e-01
 7.00000e+00 -1.20000e+00       8.632e+06  1.561777e-01  0.000000e+00 -2.413786e-02  8.438223e-01
-7.00000e+00 -8.00000e-01       2.107e+07  3.844503e-01  0.000000e+00 -1.443138e-01  6.155497e-01
-6.30000e+00 -8.00000e-01       1.286e+09  6.221159e-01  0.000000e+00 -3.332439e-01  3.778841e-01
-5.60000e+00 -8.00000e-01       3.844e+10  7.848542e-01  0.000000e+00 -2.436262e-01  2.151458e-01
-4.90000e+00 -8.00000e-01       4.935e+11  8.256254e-01  0.000000e+00 -7.037474e-02  1.743746e-01
-4.20000e+00 -8.00000e-01       3.168e+12  7.908378e-01  0.000000e+00  5.128169e-02  2.091622e-01
-3.50000e+00 -8.00000e-01       1.383e+13  7.788355e-01  0.000000e+00  4.791547e-02  2.211645e-01
-2.80000e+00 -8.00000e-01       4.243e+13  7.957870e-01  0.000000e+00  2.462786e-03  2.042130e-01
-2.10000e+00 -8.00000e-01       8.384e+13  7.903416e-01  0.000000e+00 -7.519889e-02  2.096584e-01
-1.40000e+00 -8.00000e-01       1.196e+14  7.719358e-01  0.000000e+00 -2.071428e-01  2.280642e-01
-7.00000e-01 -8.00000e-01       1.345e+14  8.086437e-01  0.000000e+00 -2.495897e-01  1.913563e-01
 0.00000e+00 -8.00000e-01       1.268e+14  8.522267e-01  0.000000e+00 -3.191261e-15  1.477733e-01
 7.00000e-01 -8.00000e-01       1.345e+14  8.086437e-01  0.000000e+00  2.495897e-01  1.913563e-01
 1.40000e+00 -8.00000e-01       1.196e+14  7.719358e-01  0.000000e+00  2.071428e-01  2.280642e-01
 2.10000e+00 -8.00000e-01       8.384e+13  7.903416e-01  0.000000e+00  7.519889e-02  2.096584e-01
 2.80000e+00 -8.00000e-01       4.243e+13  7.957870e-01  0.000000e+00 -2.462786e-03  2.042130e-01
 3.50000e+00 -8.00000e-01       1.383e+13  7.788355e-01  0.000000e+00 -4.791547e-02  2.211645e-01
 4.20000e+00 -8.00000e-01       3.168e+12  7.908378e-01  0.000000e+00 -5.128169e-02  2.091622e-01
 4.90000e+00 -8.00000e-01       4.935e+11  8.256254e-01  0.000000e+00  7.037474e-02  1.743746e-01
 5.60000e+00 -8.00000e-01       3.844e+10  7.848542e-01  0.000000e+00  2.436262e-01  2.151458e-01
 6.30000e+00 -8.00000e-01       1.286e+09  6.221159e-01  0.000000e+00  3.332439e-01  3.778841e-01
 7.00000e+00 -8.00000e-01       2.107e+07  3.844503e-01  0.000000e+00  1.443138e-01  6.155497e-01
-7.00000e+00 -4.00000e-01       8.253e+07  8.527340e-01  0.000000e+00  2.561586e-01  1.472660e-01
-6.30000e+00 -4.00000e-01       3.152e+09  8.225445e-01  0.000000e+00  4.228902e-02  1.774555e-01
-5.60000e+00 -4.00000e-01       9.552e+10  8.882033e-01  0.000000e+00 -1.195131e-01  1.117967e-01
-4.90000e+00 -4.00000e-01       1.560e+12  9.395683e-01  0.000000e+00 -8.945328e-02  6.043174e-02
-4.20000e+00 -4.00000e-01       1.105e+13  9.506037e-01  0.000000e+00 -2.270148e-02  4.939631e-02
-3.50000e+00 -4.00000e-01       4.053e+13  9.425060e-01  0.000000e+00  2.113462e-03  5.749399e-02
-2.80000e+00 -4.00000e-01       1.024e+14  9.382541e-01  0.000000e+00 -7.381924e-03  6.174589e-02
-2.10000e+00 -4.00000e-01       1.856e+14  9.322367e-01  0.000000e+00 -1.460732e-02  6.776332e-02
-1.40000e+00 -4.00000e-01       2.746e+14  9.302482e-01  0.000000e+00 -7.608827e-03  6.975179e-02
-7.00000e-01 -4.00000e-01       4.219e+14  9.590276e-01  0.000000e+00  8.109569e-03  4.097240e-02
 0.00000e+00 -4.00000e-01       5.080e+14  9.759145e-01  0.000000e+00 -8.429909e-16  2.408552e-02
 7.00000e-01 -4.00000e-01       4.219e+14  9.590276e-01  0.000000e+00 -8.109569e-03  4.097240e-02
 1.40000e+00 -4.00000e-01       2.746e+14  9.302482e-01  0.000000e+00  7.608827e-03  6.975179e-02
 2.10000e+00 -4.00000e-01       1.856e+14  9.322367e-01  0.000000e+00  1.460732e-02  6.776332e-02
 2.80000e+00 -4.00000e-01       1.024e+14  9.382541e-01  0.000000e+00  7.381924e-03  6.174589e-02
 3.50000e+00 -4.00000e-01       4.053e+13  9.425060e-01  0.000000e+00 -2.113462e-03  5.749399e-02
 4.20000e+00 -4.00000e-01       1.105e+13  9.506037e-01  0.000000e+00  2.270148e-02  4.939631e-02
 4.90000e+00 -4.00000e-01       1.560e+12  9.395683e-01  0.000000e+00  8.945328e-02  6.043174e-02
 5.60000e+00 -4.00000e-01       9.552e+10  8.882033e-01  0.000000e+00  1.195131e-01  1.117967e-01
 6.30000e+00 -4.00000e-01       3.152e+09  8.225445e-01  0.000000e+00 -4.228902e-02  1.774555e-01
 7.00000e+00 -4.00000e-01       8.253e+07  8.527340e-01  0.000000e+00 -2.561586e-01  1.472660e-01
-7.00000e+00  0.00000e+00       1.539e+08  9.999258e-01  0.000000e+00 -6.135677e-14  7.417847e-05
-6.30000e+00  0.00000e+00       4.759e+09  9.998872e-01  0.000000e+00 -8.453207e-15  1.127702e-04
-5.60000e+00  0.00000e+00       1.198e+11  9.999068e-01  0.000000e+00 -3.387371e-16  9.324331e-05
-4.90000e+00  0.00000e+00       2.012e+12  9.999491e-01  0.000000e+00  3.886141e-16  5.085259e-05
-4.20000e+00  0.00000e+00       1.517e+13  9.999636e-01  0.000000e+00  4.440374e-15  3.643814e-05
-3.50000e+00  0.00000e+00       5.575e+13  9.999601e-01  0.000000e+00  3.839961e-14  3.991623e-05
-2.80000e+00  0.00000e+00       1.370e+14  9.999574e-01  0.000000e+00  1.502742e-13  4.259458e-05
-2.10000e+00  0.00000e+00       2.578e+14  9.999614e-01  0.000000e+00  2.322191e-13  3.857035e-05
-1.40000e+00  0.00000e+00       3.628e+14  9.999512e-01  0.000000e+00  1.575329e-13  4.884397e-05
-7.00000e-01  0.00000e+00       3.168e+14  9.998268e-01  0.000000e+00  8.503544e-14  1.732415e-04
 0.00000e+00  0.00000e+00       2.212e+14  9.995952e-01  0.000000e+00 -2.847270e-17  4.047809e-04
 7.00000e-01  0.00000e+00       3.168e+14  9.998268e-01  0.000000e+00 -8.508125e-14  1.732415e-04
 1.40000e+00  0.00000e+00       3.628e+14  9.999512e-01  0.000000e+00 -1.575560e-13  4.884397e-05
 2.10000e+00  0.00000e+00       2.578e+14  9.999614e-01  0.000000e+00 -2.322241e-13  3.857035e-05
 2.80000e+00  0.00000e+00       1.370e+14  9.999574e-01  0.000000e+00 -1.502705e-13  4.259458e-05
 3.50000e+00  0.00000e+00       5.575e+13  9.999601e-01  0.000000e+00 -3.839554e-14  3.991623e-05
 4.20000e+00  0.00000e+00       1.517e+13  9.999636e-01  0.000000e+00 -4.389977e-15  3.643814e-05
 4.90000e+00  0.00000e+00       2.012e+12  9.999491e-01  0.000000e+00 -2.709535e-16  5.085259e-05
 5.60000e+00  0.00000e+00       1.198e+11  9.999068e-01  0.000000e+00  3.724942e-16  9.324331e-05
 6.30000e+00  0.00000e+00       4.759e+09  9.998872e-01  0.000000e+00  6.754821e-15  1.127702e-04
 7.00000e+00  0.00000e+00       1.539e+08  9.999258e-01  0.000000e+00  7.313708e-14  7.417847e-05
-7.00000e+00  4.00000e-01       8.253e+07  8.527340e-01  0.000000e+00 -2.561586e-01  1.472660e-01
-6.30000e+00  4.00000e-01       3.152e+09  8.225445e-01  0.000000e+00 -4.228902e-02  1.774555e-01
-5.60000e+00  4.00000e-01       9.552e+10  8.882033e-01  0.000000e+00  1.195131e-01  1.117967e-01
-4.90000e+00  4.00000e-01       1.560e+12  9.395683e-01  0.000000e+00  8.945328e-02  6.043174e-02
-4.20000e+00  4.00000e-01       1.105e+13  9.506037e-01  0.000000e+00  2.270148e-02  4.939631e-02
-3.50000e+00  4.00000e-01       4.053e+13  9.425060e-01  0.000000e+00 -2.113462e-03  5.749399e-02
-2.80000e+00  4.00000e-01       1.024e+14  9.382541e-01  0.000000e+00  7.381924e-03  6.174589e-02
-2.10000e+00  4.00000e-01       1.856e+14  9.322367e-01  0.000000e+00  1.460732e-02  6.776332e-02
-1.40000e+00  4.00000e-01       2.746e+14  9.302482e-01  0.000000e+00  7.608827e-03  6.975179e-02
-7.00000e-01  4.00000e-01       4.219e+14  9.590276e-01  0.000000e+00 -8.109569e-03  4.097240e-02
 0.00000e+00  4.00000e-01       5.080e+14  9.759145e-01  0.000000e+00  8.446603e-16  2.408552e-02
 7.00000e-01  4.00000e-01       4.219e+14  9.590276e-01  0.000000e+00  8.109569e-03  4.097240e-02
 1.40000e+00  4.00000e-01       2.746e+14  9.302482e-01  0.000000e+00 -7.608827e-03  6.975179e-02
 2.10000e+00  4.00000e-01       1.856e+14  9.322367e-01  0.000000e+00 -1.460732e-02  6.776332e-02
 2.80000e+00  4.00000e-01       1.024e+14  9.382541e-01  0.000000e+00 -7.381924e-03  6.174589e-02
 3.50000e+00  4.00000e-01       4.053e+13  9.425060e-01  0.000000e+00  2.113462e-03  5.749399e-02
 4.20000e+00  4.00000e-01       1.105e+13  9.506037e-01  0.000000e+00 -2.270148e-02  4.939631e-02
 4.90000e+00  4.00000e-01       1.560e+12  9.395683e-01  0.000000e+00 -8.945328e-02  6.043174e-02
 5.60000e+00  4.00000e-01       9.552e+10  8.882033e-01  0.000000e+00 -1.195131e-01  1.117967e-01
 6.30000e+00  4.00000e-01       3.152e+09  8.225445e-01  0.000000e+00  4.228902e-02  1.774555e-01
 7.00000e+00  4.00000e-01       8.253e+07  8.527340e-01  0.000000e+00  2.561586e-01  1.472660e-01
-7.00000e+00  8.00000e-01       2.107e+07  3.844503e-01  0.000000e+00  1.443138e-01  6.155497e-01
-6.30000e+00  8.00000e-01       1.286e+09  6.221159e-01  0.000000e+00  3.332439e-01  3.778841e-01
-5.60000e+00  8.00000e-01       3.844e+10  7.848542e-01  0.000000e+00  2.436262e-01  2.151458e-01
-4.90000e+00  8.00000e-01       4.935e+11  8.256254e-01  0.000000e+00  7.037474e-02  1.743746e-01
-4.20000e+00  8.00000e-01       3.168e+12  7.908378e-01  0.000000e+00 -5.128169e-02  2.091622e-01
-3.50000e+00  8.00000e-01       1.383e+13  7.788355e-01  0.000000e+00 -4.791547e-02  2.211645e-01
-2.80000e+00  8.00000e-01       4.243e+13  7.957870e-01  0.000000e+00 -2.462786e-03  2.042130e-01
-2.10000e+00  8.00000e-01       8.384e+13  7.903416e-01  0.000000e+00  7.519889e-02  2.096584e-01
-1.40000e+00  8.00000e-01       1.196e+14  7.719358e-01  0.000000e+00  2.071428e-01  2.280642e-01
-7.00000e-01  8.00000e-01       1.345e+14  8.086437e-01  0.000000e+00  2.495897e-01  1.913563e-01
 0.00000e+00  8.00000e-01       1.268e+14  8.522267e-01  0.000000e+00  1.007700e-15  1.477733e-01
 7.00000e-01  8.00000e-01       1.345e+14  8.086437e-01  0.000000e+00 -2.495897e-01  1.913563e-01
 1.40000e+00  8.00000e-01       1.196e+14  7.719358e-01  0.000000e+00 -2.071428e-01  2.280642e-01
 2.10000e+00  8.00000e-01       8.384e+13  7.903416e-01  0.000000e+00 -7.519889e-02  2.096584e-01
 2.80000e+00  8.00000e-01       4.243e+13  7.957870e-01  0.000000e+00  2.462786e-03  2.042130e-01
 3.50000e+00  8.00000e-01       1.383e+13  7.788355e-01  0.000000e+00  4.791547e-02  2.211645e-01
 4.20000e+00  8.00000e-01       3.168e+12  7.908378e-01  0.000000e+00  5.128169e-02  2.091622e-01
 4.90000e+00  8.00000e-01       4.935e+11  8.256254e-01  0.000000e+00 -7.037474e-02  1.743746e-01
 5.60000e+00  8.00000e-01       3.844e+10  7.848542e-01  0.000000e+00 -2.436262e-01  2.151458e-01
 6.30000e+00  8.00000e-01       1.286e+09  6.221159e-01  0.000000e+00 -3.332439e-01  3.778841e-01
 7.00000e+00  8.00000e-01       2.107e+07  3.844503e-01  0.000000e+00 -1.443138e-01  6.155497e-01
-7.00000e+00  1.20000e+00       8.632e+06  1.561777e-01  0.000000e+00 -2.413786e-02  8.438223e-01
-6.30000e+00  1.20000e+00       2.716e+08  6.844629e-01  0.000000e+00  8.448924e-02  3.155371e-01
-5.60000e+00  1.20000e+00       6.120e+09  7.543997e-01  0.000000e+00 -3.419992e-02  2.456003e-01
-4.90000e+00  1.20000e+00       7.520e+10  6.583851e-01  0.000000e+00 -3.884849e-02  3.416149e-01
-4.20000e+00  1.20000e+00       5.831e+11  6.185174e-01  0.000000e+00  2.034798e-02  3.814826e-01
-3.50000e+00  1.20000e+00       2.801e+12  6.176189e-01  0.000000e+00 -1.306821e-02  3.823811e-01
-2.80000e+00  1.20000e+00       8.409e+12  5.847508e-01  0.000000e+00 -5.131924e-02  4.152492e-01
-2.10000e+00  1.20000e+00       1.780e+13  5.341507e-01  0.000000e+00 -7.496531e-02  4.658493e-01
-1.40000e+00  1.20000e+00       3.089e+13  5.598650e-01  0.000000e+00 -1.593782e-01  4.401350e-01
-7.00000e-01  1.20000e+00       4.922e+13  7.349873e-01  0.000000e+00 -1.520925e-01  2.650127e-01
 0.00000e+00  1.20000e+00       5.858e+13  8.273824e-01  0.000000e+00 -5.426839e-15  1.726176e-01
 7.00000e-01  1.20000e+00       4.922e+13  7.349873e-01  0.000000e+00  1.520925e-01  2.650127e-01
 1.40000e+00  1.20000e+00       3.089e+13  5.598650e-01  0.000000e+00  1.593782e-01  4.401350e-01
 2.10000e+00  1.20000e+00       1.780e+13  5.341507e-01  0.000000e+00  7.496531e-02  4.658493e-01
 2.80000e+00  1.20000e+00       8.409e+12  5.847508e-01  0.000000e+00  5.131924e-02  4.152492e-01
 3.50000e+00  1.20000e+00       2.801e+12  6.176189e-01  0.000000e+00  1.306821e-02  3.823811e-01
 4.20000e+00  1.20000e+00       5.831e+11  6.185174e-01  0.000000e+00 -2.034798e-02  3.814826e-01
 4.90000e+00  1.20000e+00       7.520e+10  6.583851e-01  0.000000e+00  3.884849e-02  3.416149e-01
 5.60000e+00  1.20000e+00       6.120e+09  7.543997e-01  0.000000e+00  3.419992e-02  2.456003e-01
 6.30000e+00  1.20000e+00       2.716e+08  6.844629e-01  0.000000e+00 -8.448924e-02  3.155371e-01
 7.00000e+00  1.20000e+00       8.632e+06  1.561777e-01  0.000000e+00  2.413786e-02  8.438223e-01
-7.00000e+00  1.60000e+00       2.190e+06 -3.351654e-01  0.000000e+00 -8.176060e-02  6.648346e-01
-6.30000e+00  1.60000e+00       3.144e+07 -8.350470e-02  0.000000e+00  1.557299e-01  9.164953e-01
-5.60000e+00  1.60000e+00       4.277e+08  2.238811e-01  0.000000e+00  1.910160e-01  7.761189e-01
-4.90000e+00  1.60000e+00       5.280e+09  4.508042e-01  0.000000e+00  1.231490e-01  5.491958e-01
-4.20000e+00  1.60000e+00       4.450e+10  5.060207e-01  0.000000e+00  3.492039e-02  4.939793e-01
-3.50000e+00  1.60000e+00       2.362e+11  4.974445e-01  0.000000e+00  1.170200e-02  5.025555e-01
-2.80000e+00  1.60000e+00       8.394e+11  5.157016e-01  0.000000e+00  4.529181e-03  4.842984e-01
-2.10000e+00  1.60000e+00       2.137e+12  5.802111e-01  0.000000e+00 -1.218672e-02  4.197889e-01
-1.40000e+00  1.60000e+00       3.803e+12  6.157915e-01  0.000000e+00 -6.326085e-02  3.842085e-01
-7.00000e-01  1.60000e+00       4.078e+12  5.135090e-01  0.000000e+00 -1.559993e-01  4.864910e-01
 0.00000e+00  1.60000e+00       3.403e+12  3.887516e-01  0.000000e+00 -1.038238e-14  6.112484e-01
 7.00000e-01  1.60000e+00       4.078e+12  5.135090e-01  0.000000e+00  1.559993e-01  4.864910e-01
 1.40000e+00  1.60000e+00       3.803e+12  6.157915e-01  0.000000e+00  6.326085e-02  3.842085e-01
 2.10000e+00  1.60000e+00       2.137e+12  5.802111e-01  0.000000e+00  1.218672e-02  4.197889e-01
 2.80000e+00  1.60000e+00       8.394e+11  5.157016e-01  0.000000e+00 -4.529181e-03  4.842984e-01
 3.50000e+00  1.60000e+00       2.362e+11  4.974445e-01  0.000000e+00 -1.170200e-02  5.025555e-01
 4.20000e+00  1.60000e+00       4.450e+10  5.060207e-01  0.000000e+00 -3.492039e-02  4.939793e-01
 4.90000e+00  1.60000e+00       5.280e+09  4.508042e-01  0.000000e+00 -1.231490e-01  5.491958e-01
 5.60000e+00  1.60000e+00       4.277e+08  2.238811e-01  0.000000e+00 -1.910160e-01  7.761189e-01
 6.30000e+00  1.60000e+00       3.144e+07 -8.350470e-02  0.000000e+00 -1.557299e-01  9.164953e-01
 7.00000e+00  1.60000e+00       2.190e+06 -3.351654e-01  0.000000e+00  8.176060e-02  6.648346e-01
-7.00000e+00  2.00000e+00       3.827e+06 -6.025278e-01  0.000000e+00 -2.563526e-02  3.974722e-01
-6.30000e+00  2.00000e+00       2.964e+07 -4.791421e-01  0.000000e+00  1.661283e-01  5.208579e-01
-5.60000e+00  2.00000e+00       1.413e+08 -2.159218e-01  0.000000e+00  3.723629e-01  7.840782e-01
-4.90000e+00  2.00000e+00       5.852e+08  1.351108e-01  0.000000e+00  3.851330e-01  8.648892e-01
-4.20000e+00  2.00000e+00       2.591e+09  3.588697e-01  0.000000e+00  2.231905e-01  6.411303e-01
-3.50000e+00  2.00000e+00       1.083e+10  4.037004e-01  0.000000e+00  7.818719e-02  5.962996e-01
-2.80000e+00  2.00000e+00       3.642e+10  3.904795e-01  0.000000e+00 -1.645165e-02  6.095205e-01
-2.10000e+00  2.00000e+00       9.460e+10  4.010892e-01  0.000000e+00 -1.734212e-01  5.989108e-01
-1.40000e+00  2.00000e+00       1.978e+11  4.806361e-01  0.000000e+00 -3.557315e-01  5.193639e-01
-7.00000e-01  2.00000e+00       3.304e+11  5.479687e-01  0.000000e+00 -3.005403e-01  4.520313e-01
 0.00000e+00  2.00000e+00       4.000e+11  5.632471e-01  0.000000e+00 -5.027745e-15  4.367529e-01
 7.00000e-01  2.00000e+00       3.304e+11  5.479687e-01  0.000000e+00  3.005403e-01  4.520313e-01
 1.40000e+00  2.00000e+00       1.978e+11  4.806361e-01  0.000000e+00  3.557315e-01  5.193639e-01
 2.10000e+00  2.00000e+00       9.460e+10  4.010892e-01  0.000000e+00  1.734212e-01  5.989108e-01
 2.80000e+00  2.00000e+00       3.642e+10  3.904795e-01  0.000000e+00  1.645165e-02  6.095205e-01
 3.50000e+00  2.00000e+00       1.083e+10  4.037004e-01  0.000000e+00 -7.818719e-02  5.962996e-01
 4.20000e+00  2.00000e+00       2.591e+09  3.588697e-01  0.000000e+00 -2.231905e-01  6.411303e-01
 4.90000e+00  2.00000e+00       5.852e+08  1.351108e-01  0.000000e+00 -3.851330e-01  8.648892e-01
 5.60000e+00  2.00000e+00       1.413e+08 -2.159218e-01  0.000000e+00 -3.723629e-01  7.840782e-01
 6.30000e+00  2.00000e+00       2.964e+07 -4.791421e-01  0.000000e+00 -1.661283e-01  5.208579e-01
 7.00000e+00  2.00000e+00       3.827e+06 -6.025278e-01  0.000000e+00  2.563526e-02  3.974722e-01
-7.00000e+00  2.40000e+00       2.053e+05 -1.473339e-01  0.000000e+00  5.639861e-01  8.526661e-01
-6.30000e+00  2.40000e+00       8.195e+06 -1.063518e-01  0.000000e+00  5.870354e-01  8.936482e-01
-5.60000e+00  2.40000e+00       1.089e+08 -7.050040e-02  0.000000e+00  5.878351e-01  9.294996e-01
-4.90000e+00  2.40000e+00       5.002e+08 -3.955255e-03  0.000000e+00  5.683333e-01  9.960447e-01
-4.20000e+00  2.40000e+00       1.038e+09  1.676031e-01  0.000000e+00  4.744209e-01  8.323969e-01
-3.50000e+00  2.40000e+00       1.850e+09  3.924034e-01  0.000000e+00  2.972743e-01  6.075966e-01
-2.80000e+00  2.40000e+00       3.996e+09  5.179777e-01  0.000000e+00  1.524308e-01  4.820223e-01
-2.10000e+00  2.40000e+00       9.238e+09  5.788003e-01  0.000000e+00  7.667677e-02  4.211997e-01
-1.40000e+00  2.40000e+00       1.622e+10  5.900105e-01  0.000000e+00  2.273920e-02  4.099895e-01
-7.00000e-01  2.40000e+00       2.738e+10  5.791773e-01  0.000000e+00 -3.309091e-03  4.208227e-01
 0.00000e+00  2.40000e+00       3.891e+10  5.988027e-01  0.000000e+00  7.903273e-16  4.011973e-01
 7.00000e-01  2.40000e+00       2.738e+10  5.791773e-01  0.000000e+00  3.309091e-03  4.208227e-01
 1.40000e+00  2.40000e+00       1.622e+10  5.900105e-01  0.000000e+00 -2.273920e-02  4.099895e-01
 2.10000e+00  2.40000e+00       9.238e+09  5.788003e-01  0.000000e+00 -7.667677e-02  4.211997e-01
 2.80000e+00  2.40000e+00       3.996e+09  5.179777e-01  0.000000e+00 -1.524308e-01  4.820223e-01
 3.50000e+00  2.40000e+00       1.850e+09  3.924034e-01  0.000000e+00 -2.972743e-01  6.075966e-01
 4.20000e+00  2.40000e+00       1.038e+09  1.676031e-01  0.000000e+00 -4.744209e-01  8.323969e-01
 4.90000e+00  2.40000e+00       5.002e+08 -3.955255e-03  0.000000e+00 -5.683333e-01  9.960447e-01
 5.60000e+00  2.40000e+00       1.089e+08 -7.050040e-02  0.000000e+00 -5.878351e-01  9.294996e-01
 6.30000e+00  2.40000e+00       8.195e+06 -1.063518e-01  0.000000e+00 -5.870354e-01  8.936482e-01
 7.00000e+00  2.40000e+00       2.053e+05 -1.473339e-01  0.000000e+00 -5.639861e-01  8.526661e-01
-7.00000e+00  2.80000e+00       5.266e+04 -1.969240e-01  0.000000e+00  5.779940e-01  8.030760e-01
-6.30000e+00  2.80000e+00       2.053e+06 -1.364088e-01  0.000000e+00  5.935579e-01  8.635912e-01
-5.60000e+00  2.80000e+00       3.005e+07 -5.080674e-02  0.000000e+00  5.887972e-01  9.491933e-01
-4.90000e+00  2.80000e+00       1.882e+08  8.370041e-02  0.000000e+00  5.574807e-01  9.162996e-01
-4.20000e+00  2.80000e+00       6.287e+08  2.507365e-01  0.000000e+00  4.907045e-01  7.492635e-01
-3.50000e+00  2.80000e+00       1.395e+09  3.876709e-01  0.000000e+00  3.989252e-01  6.123291e-01
-2.80000e+00  2.80000e+00       2.501e+09  4.896309e-01  0.000000e+00  2.724418e-01  5.103691e-01
-2.10000e+00  2.80000e+00       4.246e+09  5.892988e-01  0.000000e+00  1.236764e-01  4.107012e-01
-1.40000e+00  2.80000e+00       6.694e+09  6.381724e-01  0.000000e+00  1.363604e-02  3.618276e-01
-7.00000e-01  2.80000e+00       1.214e+10  6.111422e-01  0.000000e+00 -1.508359e-02  3.888578e-01
 0.00000e+00  2.80000e+00       1.875e+10  6.304167e-01  0.000000e+00  1.019640e-15  3.695833e-01
 7.00000e-01  2.80000e+00       1.214e+10  6.111422e-01  0.000000e+00  1.508359e-02  3.888578e-01
 1.40000e+00  2.80000e+00       6.694e+09  6.381724e-01  0.000000e+00 -1.363604e-02  3.618276e-01
 2.10000e+00  2.80000e+00       4.246e+09  5.892988e-01  0.000000e+00 -1.236764e-01  4.107012e-01
 2.80000e+00  2.80000e+00       2.501e+09  4.896309e-01  0.000000e+00 -2.724418e-01  5.103691e-01
 3.50000e+00  2.80000e+00       1.395e+09  3.876709e-01  0.000000e+00 -3.989252e-01  6.123291e-01
 4.20000e+00  2.80000e+00       6.287e+08  2.507365e-01  0.000000e+00 -4.907045e-01  7.492635e-01
 4.90000e+00  2.80000e+00       1.882e+08  8.370041e-02  0.000000e+00 -5.574807e-01  9.162996e-01
 5.60000e+00  2.80000e+00       3.005e+07 -5.080674e-02  0.000000e+00 -5.887972e-01  9.491933e-01
 6.30000e+00  2.80000e+00       2.053e+06 -1.364088e-01  0.000000e+00 -5.935579e-01  8.635912e-01
 7.00000e+00  2.80000e+00       5.266e+04 -1.969240e-01  0.000000e+00 -5.779940e-01  8.030760e-01
-7.00000e+00  3.20000e+00       6.196e+02 -4.467378e-01  0.000000e+00  8.152137e-02  5.532622e-01
-6.30000e+00  3.20000e+00       2.704e+04  2.476949e-01  0.000000e+00  4.371625e-01  7.523051e-01
-5.60000e+00  3.20000e+00       1.495e+06  3.481725e-01  0.000000e+00  4.541908e-01  6.518275e-01
-4.90000e+00  3.20000e+00       2.915e+07  3.562674e-01  0.000000e+00  4.464092e-01  6.437326e-01
-4.20000e+00  3.20000e+00       2.052e+08  3.699960e-01  0.000000e+00  4.346362e-01  6.300040e-01
-3.50000e+00  3.20000e+00       6.429e+08  4.044564e-01  0.000000e+00  3.967667e-01  5.955436e-01
-2.80000e+00  3.20000e+00       1.307e+09  4.888106e-01  0.000000e+00  2.871737e-01  5.111894e-01
-2.10000e+00  3.20000e+00       2.438e+09  6.151136e-01  0.000000e+00  1.269376e-01  3.848864e-01
-1.40000e+00  3.20000e+00       4.270e+09  6.657014e-01  0.000000e+00  1.209634e-02  3.342986e-01
-7.00000e-01  3.20000e+00       9.001e+09  6.076457e-01  0.000000e+00 -1.350002e-02  3.923543e-01
 0.00000e+00  3.20000e+00       1.473e+10  6.183692e-01  0.000000e+00  8.375757e-16  3.816308e-01
 7.00000e-01  3.20000e+00       9.001e+09  6.076457e-01  0.000000e+00  1.350002e-02  3.923543e-01
 1.40000e+00  3.20000e+00       4.270e+09  6.657014e-01  0.000000e+00 -1.209634e-02  3.342986e-01
 2.10000e+00  3.20000e+00       2.438e+09  6.151136e-01  0.000000e+00 -1.269376e-01  3.848864e-01
 2.80000e+00  3.20000e+00       1.307e+09  4.888106e-01  0.000000e+00 -2.871737e-01  5.111894e-01
 3.50000e+00  3.20000e+00       6.429e+08  4.044564e-01  0.000000e+00 -3.967667e-01  5.955436e-01
 4.20000e+00  3.20000e+00       2.052e+08  3.699960e-01  0.000000e+00 -4.346362e-01  6.300040e-01
 4.90000e+00  3.20000e+00       2.915e+07  3.562674e-01  0.000000e+00 -4.464092e-01  6.437326e-01
 5.60000e+00  3.20000e+00       1.495e+06  3.481725e-01  0.000000e+00 -4.541908e-01  6.518275e-01
 6.30000e+00  3.20000e+00       2.704e+04  2.476949e-01  0.000000e+00 -4.371625e-01  7.523051e-01
 7.00000e+00  3.20000e+00       6.196e+02 -4.467378e-01  0.000000e+00 -8.152137e-02  5.532622e-01
-7.00000e+00  3.60000e+00       2.953e+02 -5.779847e-01  0.000000e+00 -8.476804e-02  4.220153e-01
-6.30000e+00  3.60000e+00       3.864e+03  5.248858e-01  0.000000e+00 -1.171218e-02  4.751142e-01
-5.60000e+00  3.60000e+00       1.956e+05  9.196487e-01  0.000000e+00 -1.212880e-02  8.035133e-02
-4.90000e+00  3.60000e+00       4.127e+06  8.164265e-01  0.000000e+00  5.403288e-02  1.835735e-01
-4.20000e+00  3.60000e+00       3.354e+07  6.722286e-01  0.000000e+00  1.798101e-01  3.277714e-01
-3.50000e+00  3.60000e+00       1.418e+08  5.465041e-01  0.000000e+00  2.869171e-01  4.534959e-01
-2.80000e+00  3.60000e+00       4.694e+08  5.769409e-01  0.000000e+00  2.249082e-01  4.230591e-01
-2.10000e+00  3.60000e+00       1.315e+09  6.928951e-01  0.000000e+00  9.169117e-02  3.071049e-01
-1.40000e+00  3.60000e+00       2.741e+09  7.172244e-01  0.000000e+00  1.377525e-03  2.827756e-01
-7.00000e-01  3.60000e+00       6.271e+09  6.249390e-01  0.000000e+00 -1.385668e-02  3.750610e-01
 0.00000e+00  3.60000e+00       1.059e+10  6.313665e-01  0.000000e+00  8.811037e-16  3.686335e-01
 7.00000e-01  3.60000e+00       6.271e+09  6.249390e-01  0.000000e+00  1.385668e-02  3.750610e-01
 1.40000e+00  3.60000e+00       2.741e+09  7.172244e-01  0.000000e+00 -1.377525e-03  2.827756e-01
 2.10000e+00  3.60000e+00       1.315e+09  6.928951e-01  0.000000e+00 -9.169117e-02  3.071049e-01
 2.80000e+00  3.60000e+00       4.694e+08  5.769409e-01  0.000000e+00 -2.249082e-01  4.230591e-01
 3.50000e+00  3.60000e+00       1.418e+08  5.465041e-01  0.000000e+00 -2.869171e-01  4.534959e-01
 4.20000e+00  3.60000e+00       3.354e+07  6.722286e-01  0.000000e+00 -1.798101e-01  3.277714e-01
 4.90000e+00  3.60000e+00       4.127e+06  8.164265e-01  0.000000e+00 -5.403288e-02  1.835735e-01
 5.60000e+00  3.60000e+00       1.956e+05  9.196487e-01  0.000000e+00  1.212880e-02  8.035133e-02
 6.30000e+00  3.60000e+00       3.864e+03  5.248858e-01  0.000000e+00  1.171218e-02  4.751142e-01
 7.00000e+00  3.60000e+00       2.953e+02 -5.779847e-01  0.000000e+00  8.476804e-02  4.220153e-01
-7.00000e+00  4.00000e+00       1.953e+02 -5.783124e-01  0.000000e+00 -6.306808e-02  4.216876e-01
-6.30000e+00  4.00000e+00       2.933e+03  6.350779e-01  0.000000e+00 -1.782960e-02  3.649221e-01
-5.60000e+00  4.00000e+00       1.522e+05  9.668571e-01  0.000000e+00 -3.849955e-02  3.314291e-02
-4.90000e+00  4.00000e+00       2.787e+06  9.266479e-01  0.000000e+00 -3.261253e-02  7.335211e-02
-4.20000e+00  4.00000e+00       1.606e+07  8.941971e-01  0.000000e+00 -1.970099e-03  1.058029e-01
-3.50000e+00  4.00000e+00       3.701e+07  8.624218e-01  0.000000e+00  7.364803e-02  1.375782e-01
-2.80000e+00  4.00000e+00       1.090e+08  9.357648e-01  0.000000e+00  2.981444e-02  6.423519e-02
-2.10000e+00  4.00000e+00       4.816e+08  9.923852e-01  0.000000e+00 -5.854522e-02  7.614846e-03
-1.40000e+00  4.00000e+00       1.417e+09  8.718396e-01  0.000000e+00 -7.347837e-02  1.281604e-01
-7.00000e-01  4.00000e+00       4.434e+09  6.497824e-01  0.000000e+00 -2.682946e-02  3.502176e-01
 0.00000e+00  4.00000e+00       8.244e+09  6.404186e-01  0.000000e+00  9.086724e-16  3.595814e-01
 7.00000e-01  4.00000e+00       4.434e+09  6.497824e-01  0.000000e+00  2.682946e-02  3.502176e-01
 1.40000e+00  4.00000e+00       1.417e+09  8.718396e-01  0.000000e+00  7.347837e-02  1.281604e-01
 2.10000e+00  4.00000e+00       4.816e+08  9.923852e-01  0.000000e+00  5.854522e-02  7.614846e-03
 2.80000e+00  4.00000e+00       1.090e+08  9.357648e-01  0.000000e+00 -2.981444e-02  6.423519e-02
 3.50000e+00  4.00000e+00       3.701e+07  8.624218e-01  0.000000e+00 -7.364803e-02  1.375782e-01
 4.20000e+00  4.00000e+00       1.606e+07  8.941971e-01  0.000000e+00  1.970099e-03  1.058029e-01
 4.90000e+00  4.00000e+00       2.787e+06  9.266479e-01  0.000000e+00  3.261253e-02  7.335211e-02
 5.60000e+00  4.00000e+00       1.522e+05  9.668571e-01  0.000000e+00  3.849955e-02  3.314291e-02
 6.30000e+00  4.00000e+00       2.933e+03  6.350779e-01  0.000000e+00  1.782960e-02  3.649221e-01
 7.00000e+00  4.00000e+00       1.953e+02 -5.783123e-01  0.000000e+00  6.306829e-02  4.216877e-01
