 EB(GeV)    EMITTANCEx EMITTANCEy SIZEx(m)   SIZEy(m)   DIVx(rad)  DIVy(rad)
 2.411e+00  5.499e-09  1.017e-12  8.711e-05  1.009e-06  6.313e-05  1.009e-06
 betax      alphax     betay      alphay     eta        deta       E_spread  
 1.380e+00  0.000e+00  1.000e+00  0.000e+00  0.000e+00  0.000e+00  8.600e-04
 Ibeam(A)   period(cm) #periods   Kx         Ky         Energy(eV)
 4.005e-01  1.900e+00         96  0.000e+00  1.780e+00  4.243e+04


           x            y       F.Density            PL            PC          PL45        1-|PL|
          mm           mm  ph/s/mr^2/0.1%             -             -             -             -
-7.00000e+00 -4.00000e+00       2.135e+00 -8.694492e-01  0.000000e+00  4.836846e-01  1.305508e-01
-6.30000e+00 -4.00000e+00       1.098e+01 -9.107722e-01  0.000000e+00  4.801954e-01  8.922776e-02
-5.60000e+00 -4.00000e+00       2.614e+01 -2.851771e-01  0.000000e+00  4.299356e-01  7.148229e-01
-4.90000e+00 -4.00000e+00       2.032e+02  4.504194e-01  0.000000e+00  3.521146e-01  5.495806e-01
-4.20000e+00 -4.00000e+00       1.303e+04  9.082843e-01  0.000000e+00  5.182404e-02  9.171568e-02
-3.50000e+00 -4.00000e+00       1.585e+05  9.862341e-01  0.000000e+00  2.297181e-02  1.376587e-02
-2.80000e+00 -4.00000e+00       7.465e+05  8.290058e-01  0.000000e+00 -2.891674e-03  1.709942e-01
-2.10000e+00 -4.00000e+00       6.640e+06  4.897744e-01  0.000000e+00 -5.494373e-02  5.102256e-01
-1.40000e+00 -4.00000e+00       6.072e+07  5.171892e-01  0.000000e+00 -4.554754e-02  4.828108e-01
-7.00000e-01 -4.00000e+00       2.204e+08  5.617108e-01  0.000000e+00 -2.483270e-02  4.382892e-01
 0.00000e+00 -4.00000e+00       3.335e+08  5.799500e-01  0.000000e+00  1.313623e-16  4.200500e-01
 7.00000e-01 -4.00000e+00       2.204e+08  5.617108e-01  0.000000e+00  2.483270e-02  4.382892e-01
 1.40000e+00 -4.00000e+00       6.072e+07  5.171892e-01  0.000000e+00  4.554754e-02  4.828108e-01
 2.10000e+00 -4.00000e+00       6.640e+06  4.897744e-01  0.000000e+00  5.494373e-02  5.102256e-01
 2.80000e+00 -4.00000e+00       7.465e+05  8.290058e-01  0.000000e+00  2.891674e-03  1.709942e-01
 3.50000e+00 -4.00000e+00       1.585e+05  9.862341e-01  0.000000e+00 -2.297181e-02  1.376587e-02
 4.20000e+00 -4.00000e+00       1.303e+04  9.082843e-01  0.000000e+00 -5.182404e-02  9.171568e-02
 4.90000e+00 -4.00000e+00       2.032e+02  4.504194e-01  0.000000e+00 -3.521146e-01  5.495806e-01
 5.60000e+00 -4.00000e+00       2.614e+01 -2.851771e-01  0.000000e+00 -4.299356e-01  7.148229e-01
 6.30000e+00 -4.00000e+00       1.098e+01 -9.107722e-01  0.000000e+00 -4.801954e-01  8.922776e-02
 7.00000e+00 -4.00000e+00       2.135e+00 -8.694491e-01  0.000000e+00 -4.836846e-01  1.305509e-01
-7.00000e+00 -3.60000e+00       8.723e+00 -6.083989e-01  0.000000e+00  7.761716e-01  3.916011e-01
-6.30000e+00 -3.60000e+00       1.626e+01 -6.889850e-01  0.000000e+00  7.120235e-01  3.110150e-01
-5.60000e+00 -3.60000e+00       2.109e+01  5.933943e-02  0.000000e+00  5.309411e-01  9.406606e-01
-4.90000e+00 -3.60000e+00       2.324e+02  2.941611e-01  0.000000e+00  4.267313e-01  7.058389e-01
-4.20000e+00 -3.60000e+00       1.489e+04  8.997530e-01  0.000000e+00  6.623146e-02  1.002470e-01
-3.50000e+00 -3.60000e+00       1.810e+05  9.770863e-01  0.000000e+00  3.094416e-02  2.291367e-02
-2.80000e+00 -3.60000e+00       6.896e+05  9.051761e-01  0.000000e+00  2.694844e-02  9.482393e-02
-2.10000e+00 -3.60000e+00       4.802e+06  4.677782e-01  0.000000e+00 -1.557538e-02  5.322218e-01
-1.40000e+00 -3.60000e+00       6.069e+07  5.080214e-01  0.000000e+00 -1.960393e-02  4.919786e-01
-7.00000e-01 -3.60000e+00       2.750e+08  5.471460e-01  0.000000e+00 -1.120024e-02  4.528540e-01
 0.00000e+00 -3.60000e+00       4.500e+08  5.589885e-01  0.000000e+00 -7.648583e-17  4.410115e-01
 7.00000e-01 -3.60000e+00       2.750e+08  5.471460e-01  0.000000e+00  1.120024e-02  4.528540e-01
 1.40000e+00 -3.60000e+00       6.069e+07  5.080214e-01  0.000000e+00  1.960393e-02  4.919786e-01
 2.10000e+00 -3.60000e+00       4.802e+06  4.677782e-01  0.000000e+00  1.557538e-02  5.322218e-01
 2.80000e+00 -3.60000e+00       6.896e+05  9.051761e-01  0.000000e+00 -2.694844e-02  9.482393e-02
 3.50000e+00 -3.60000e+00       1.810e+05  9.770863e-01  0.000000e+00 -3.094416e-02  2.291367e-02
 4.20000e+00 -3.60000e+00       1.489e+04  8.997530e-01  0.000000e+00 -6.623146e-02  1.002470e-01
 4.90000e+00 -3.60000e+00       2.324e+02  2.941611e-01  0.000000e+00 -4.267313e-01  7.058389e-01
 5.60000e+00 -3.60000e+00       2.109e+01  5.933943e-02  0.000000e+00 -5.309411e-01  9.406606e-01
 6.30000e+00 -3.60000e+00       1.626e+01 -6.889850e-01  0.000000e+00 -7.120235e-01  3.110150e-01
 7.00000e+00 -3.60000e+00       8.723e+00 -6.083989e-01  0.000000e+00 -7.761716e-01  3.916011e-01
-7.00000e+00 -3.20000e+00       2.020e+01 -4.493275e-01  0.000000e+00  8.618805e-01  5.506725e-01
-6.30000e+00 -3.20000e+00       3.493e+01 -6.187096e-01  0.000000e+00  7.665130e-01  3.812904e-01
-5.60000e+00 -3.20000e+00       4.014e+01 -4.113277e-01  0.000000e+00  6.992006e-01  5.886723e-01
-4.90000e+00 -3.20000e+00       2.312e+02  2.118049e-01  0.000000e+00  6.818294e-01  7.881951e-01
-4.20000e+00 -3.20000e+00       1.743e+04  8.850620e-01  0.000000e+00  8.890337e-02  1.149380e-01
-3.50000e+00 -3.20000e+00       2.137e+05  9.702215e-01  0.000000e+00  4.078797e-02  2.977853e-02
-2.80000e+00 -3.20000e+00       7.327e+05  9.495113e-01  0.000000e+00  4.659431e-02  5.048872e-02
-2.10000e+00 -3.20000e+00       3.790e+06  4.446167e-01  0.000000e+00  2.009409e-02  5.553833e-01
-1.40000e+00 -3.20000e+00       6.257e+07  5.056131e-01  0.000000e+00 -2.529398e-03  4.943869e-01
-7.00000e-01 -3.20000e+00       3.351e+08  5.421243e-01  0.000000e+00 -2.955053e-03  4.578757e-01
 0.00000e+00 -3.20000e+00       5.806e+08  5.502335e-01  0.000000e+00  4.235141e-16  4.497665e-01
 7.00000e-01 -3.20000e+00       3.351e+08  5.421243e-01  0.000000e+00  2.955053e-03  4.578757e-01
 1.40000e+00 -3.20000e+00       6.257e+07  5.056131e-01  0.000000e+00  2.529398e-03  4.943869e-01
 2.10000e+00 -3.20000e+00       3.790e+06  4.446167e-01  0.000000e+00 -2.009409e-02  5.553833e-01
 2.80000e+00 -3.20000e+00       7.327e+05  9.495113e-01  0.000000e+00 -4.659431e-02  5.048872e-02
 3.50000e+00 -3.20000e+00       2.137e+05  9.702215e-01  0.000000e+00 -4.078797e-02  2.977853e-02
 4.20000e+00 -3.20000e+00       1.743e+04  8.850620e-01  0.000000e+00 -8.890337e-02  1.149380e-01
 4.90000e+00 -3.20000e+00       2.312e+02  2.118049e-01  0.000000e+00 -6.818294e-01  7.881951e-01
 5.60000e+00 -3.20000e+00       4.014e+01 -4.113277e-01  0.000000e+00 -6.992006e-01  5.886723e-01
 6.30000e+00 -3.20000e+00       3.493e+01 -6.187096e-01  0.000000e+00 -7.665130e-01  3.812904e-01
 7.00000e+00 -3.20000e+00       2.020e+01 -4.493275e-01  0.000000e+00 -8.618805e-01  5.506725e-01
-7.00000e+00 -2.80000e+00       2.055e+01 -2.427299e-01  0.000000e+00  9.296599e-01  7.572701e-01
-6.30000e+00 -2.80000e+00       2.894e+01 -5.320943e-01  0.000000e+00  7.837931e-01  4.679057e-01
-5.60000e+00 -2.80000e+00       4.902e+01 -2.030801e-01  0.000000e+00  5.658007e-01  7.969199e-01
-4.90000e+00 -2.80000e+00       1.967e+02 -2.627740e-01  0.000000e+00  1.323339e+00  7.372260e-01
-4.20000e+00 -2.80000e+00       2.068e+04  8.522547e-01  0.000000e+00  1.292450e-01  1.477453e-01
-3.50000e+00 -2.80000e+00       2.598e+05  9.586169e-01  0.000000e+00  5.675610e-02  4.138309e-02
-2.80000e+00 -2.80000e+00       8.235e+05  9.862213e-01  0.000000e+00  6.868590e-02  1.377865e-02
-2.10000e+00 -2.80000e+00       2.389e+06  3.911957e-01  0.000000e+00  8.450965e-02  6.088043e-01
-1.40000e+00 -2.80000e+00       5.307e+07  5.190793e-01  0.000000e+00  1.286328e-02  4.809207e-01
-7.00000e-01 -2.80000e+00       3.300e+08  5.627400e-01  0.000000e+00  2.860960e-03  4.372600e-01
 0.00000e+00 -2.80000e+00       5.986e+08  5.695275e-01  0.000000e+00  2.754496e-16  4.304725e-01
 7.00000e-01 -2.80000e+00       3.300e+08  5.627400e-01  0.000000e+00 -2.860960e-03  4.372600e-01
 1.40000e+00 -2.80000e+00       5.307e+07  5.190793e-01  0.000000e+00 -1.286328e-02  4.809207e-01
 2.10000e+00 -2.80000e+00       2.389e+06  3.911957e-01  0.000000e+00 -8.450965e-02  6.088043e-01
 2.80000e+00 -2.80000e+00       8.235e+05  9.862213e-01  0.000000e+00 -6.868590e-02  1.377865e-02
 3.50000e+00 -2.80000e+00       2.598e+05  9.586169e-01  0.000000e+00 -5.675610e-02  4.138309e-02
 4.20000e+00 -2.80000e+00       2.068e+04  8.522547e-01  0.000000e+00 -1.292450e-01  1.477453e-01
 4.90000e+00 -2.80000e+00       1.967e+02 -2.627740e-01  0.000000e+00 -1.323339e+00  7.372260e-01
 5.60000e+00 -2.80000e+00       4.902e+01 -2.030801e-01  0.000000e+00 -5.658007e-01  7.969199e-01
 6.30000e+00 -2.80000e+00       2.894e+01 -5.320943e-01  0.000000e+00 -7.837931e-01  4.679057e-01
 7.00000e+00 -2.80000e+00       2.055e+01 -2.427299e-01  0.000000e+00 -9.296599e-01  7.572701e-01
-7.00000e+00 -2.40000e+00       2.006e+01 -8.478720e-02  0.000000e+00  9.301327e-01  9.152128e-01
-6.30000e+00 -2.40000e+00       2.879e+01 -5.230460e-01  0.000000e+00  7.452220e-01  4.769540e-01
-5.60000e+00 -2.40000e+00       6.945e+01 -5.813826e-01  0.000000e+00  2.824462e-01  4.186174e-01
-4.90000e+00 -2.40000e+00       9.289e+03  5.539489e-01  0.000000e+00 -1.760079e-01  4.460511e-01
-4.20000e+00 -2.40000e+00       4.776e+05  5.617506e-01  0.000000e+00 -1.904656e-01  4.382494e-01
-3.50000e+00 -2.40000e+00       8.212e+06  5.517649e-01  0.000000e+00 -1.729250e-01  4.482351e-01
-2.80000e+00 -2.40000e+00       6.618e+07  5.381627e-01  0.000000e+00 -1.318171e-01  4.618373e-01
-2.10000e+00 -2.40000e+00       3.043e+08  5.269152e-01  0.000000e+00 -9.144587e-02  4.730848e-01
-1.40000e+00 -2.40000e+00       8.097e+08  5.251054e-01  0.000000e+00 -5.736218e-02  4.748946e-01
-7.00000e-01 -2.40000e+00       1.460e+09  5.376212e-01  0.000000e+00 -2.382307e-02  4.623788e-01
 0.00000e+00 -2.40000e+00       1.848e+09  5.471111e-01  0.000000e+00 -6.543996e-17  4.528889e-01
 7.00000e-01 -2.40000e+00       1.460e+09  5.376212e-01  0.000000e+00  2.382307e-02  4.623788e-01
 1.40000e+00 -2.40000e+00       8.097e+08  5.251054e-01  0.000000e+00  5.736218e-02  4.748946e-01
 2.10000e+00 -2.40000e+00       3.043e+08  5.269152e-01  0.000000e+00  9.144587e-02  4.730848e-01
 2.80000e+00 -2.40000e+00       6.618e+07  5.381627e-01  0.000000e+00  1.318171e-01  4.618373e-01
 3.50000e+00 -2.40000e+00       8.212e+06  5.517649e-01  0.000000e+00  1.729250e-01  4.482351e-01
 4.20000e+00 -2.40000e+00       4.776e+05  5.617506e-01  0.000000e+00  1.904656e-01  4.382494e-01
 4.90000e+00 -2.40000e+00       9.289e+03  5.539489e-01  0.000000e+00  1.760079e-01  4.460511e-01
 5.60000e+00 -2.40000e+00       6.945e+01 -5.813826e-01  0.000000e+00 -2.824462e-01  4.186174e-01
 6.30000e+00 -2.40000e+00       2.879e+01 -5.230460e-01  0.000000e+00 -7.452220e-01  4.769540e-01
 7.00000e+00 -2.40000e+00       2.006e+01 -8.478720e-02  0.000000e+00 -9.301327e-01  9.152128e-01
-7.00000e+00 -2.00000e+00       2.327e+01  1.701709e-02  0.000000e+00  9.136831e-01  9.829829e-01
-6.30000e+00 -2.00000e+00       9.080e+01  1.284443e-01  0.000000e+00  1.735051e-01  8.715557e-01
-5.60000e+00 -2.00000e+00       1.082e+04  5.506922e-01  0.000000e+00 -2.835198e-01  4.493078e-01
-4.90000e+00 -2.00000e+00       7.035e+05  5.614716e-01  0.000000e+00 -2.780790e-01  4.385284e-01
-4.20000e+00 -2.00000e+00       1.530e+07  5.664903e-01  0.000000e+00 -2.599264e-01  4.335097e-01
-3.50000e+00 -2.00000e+00       1.233e+08  5.728142e-01  0.000000e+00 -2.267014e-01  4.271858e-01
-2.80000e+00 -2.00000e+00       4.528e+08  5.776412e-01  0.000000e+00 -1.729408e-01  4.223588e-01
-2.10000e+00 -2.00000e+00       1.006e+09  5.749898e-01  0.000000e+00 -1.103841e-01  4.250102e-01
-1.40000e+00 -2.00000e+00       1.619e+09  5.699599e-01  0.000000e+00 -6.148766e-02  4.300401e-01
-7.00000e-01 -2.00000e+00       1.858e+09  5.828323e-01  0.000000e+00 -2.972135e-02  4.171677e-01
 0.00000e+00 -2.00000e+00       1.755e+09  6.031762e-01  0.000000e+00  3.465369e-16  3.968238e-01
 7.00000e-01 -2.00000e+00       1.858e+09  5.828323e-01  0.000000e+00  2.972135e-02  4.171677e-01
 1.40000e+00 -2.00000e+00       1.619e+09  5.699599e-01  0.000000e+00  6.148766e-02  4.300401e-01
 2.10000e+00 -2.00000e+00       1.006e+09  5.749898e-01  0.000000e+00  1.103841e-01  4.250102e-01
 2.80000e+00 -2.00000e+00       4.528e+08  5.776412e-01  0.000000e+00  1.729408e-01  4.223588e-01
 3.50000e+00 -2.00000e+00       1.233e+08  5.728142e-01  0.000000e+00  2.267014e-01  4.271858e-01
 4.20000e+00 -2.00000e+00       1.530e+07  5.664903e-01  0.000000e+00  2.599264e-01  4.335097e-01
 4.90000e+00 -2.00000e+00       7.035e+05  5.614716e-01  0.000000e+00  2.780790e-01  4.385284e-01
 5.60000e+00 -2.00000e+00       1.082e+04  5.506922e-01  0.000000e+00  2.835198e-01  4.493078e-01
 6.30000e+00 -2.00000e+00       9.080e+01  1.284443e-01  0.000000e+00 -1.735051e-01  8.715557e-01
 7.00000e+00 -2.00000e+00       2.327e+01  1.701710e-02  0.000000e+00 -9.136830e-01  9.829829e-01
-7.00000e+00 -1.60000e+00       2.679e+01  1.654824e-01  0.000000e+00  9.000927e-01  8.345176e-01
-6.30000e+00 -1.60000e+00       3.224e+02  5.252385e-01  0.000000e+00 -1.064090e-01  4.747615e-01
-5.60000e+00 -1.60000e+00       4.551e+04  6.297034e-01  0.000000e+00 -2.688727e-01  3.702966e-01
-4.90000e+00 -1.60000e+00       2.414e+06  6.344386e-01  0.000000e+00 -2.561009e-01  3.655614e-01
-4.20000e+00 -1.60000e+00       4.466e+07  6.396941e-01  0.000000e+00 -2.316232e-01  3.603059e-01
-3.50000e+00 -1.60000e+00       3.256e+08  6.451073e-01  0.000000e+00 -1.925154e-01  3.548927e-01
-2.80000e+00 -1.60000e+00       1.138e+09  6.469079e-01  0.000000e+00 -1.397090e-01  3.530921e-01
-2.10000e+00 -1.60000e+00       2.422e+09  6.425610e-01  0.000000e+00 -8.608163e-02  3.574390e-01
-1.40000e+00 -1.60000e+00       3.788e+09  6.371260e-01  0.000000e+00 -4.769624e-02  3.628740e-01
-7.00000e-01 -1.60000e+00       4.740e+09  6.389017e-01  0.000000e+00 -2.265009e-02  3.610983e-01
 0.00000e+00 -1.60000e+00       5.009e+09  6.434562e-01  0.000000e+00  3.264903e-15  3.565438e-01
 7.00000e-01 -1.60000e+00       4.740e+09  6.389017e-01  0.000000e+00  2.265009e-02  3.610983e-01
 1.40000e+00 -1.60000e+00       3.788e+09  6.371260e-01  0.000000e+00  4.769624e-02  3.628740e-01
 2.10000e+00 -1.60000e+00       2.422e+09  6.425610e-01  0.000000e+00  8.608163e-02  3.574390e-01
 2.80000e+00 -1.60000e+00       1.138e+09  6.469079e-01  0.000000e+00  1.397090e-01  3.530921e-01
 3.50000e+00 -1.60000e+00       3.256e+08  6.451073e-01  0.000000e+00  1.925154e-01  3.548927e-01
 4.20000e+00 -1.60000e+00       4.466e+07  6.396941e-01  0.000000e+00  2.316232e-01  3.603059e-01
 4.90000e+00 -1.60000e+00       2.414e+06  6.344386e-01  0.000000e+00  2.561009e-01  3.655614e-01
 5.60000e+00 -1.60000e+00       4.551e+04  6.297034e-01  0.000000e+00  2.688727e-01  3.702966e-01
 6.30000e+00 -1.60000e+00       3.224e+02  5.252385e-01  0.000000e+00  1.064090e-01  4.747615e-01
 7.00000e+00 -1.60000e+00       2.679e+01  1.654824e-01  0.000000e+00 -9.000927e-01  8.345176e-01
-7.00000e+00 -1.20000e+00       5.593e+01  5.452535e-01  0.000000e+00  2.891709e-01  4.547465e-01
-6.30000e+00 -1.20000e+00       5.377e+03  6.509633e-01  0.000000e+00 -3.281907e-01  3.490367e-01
-5.60000e+00 -1.20000e+00       3.494e+05  6.578614e-01  0.000000e+00 -3.202546e-01  3.421386e-01
-4.90000e+00 -1.20000e+00       8.284e+06  6.681591e-01  0.000000e+00 -2.716451e-01  3.318409e-01
-4.20000e+00 -1.20000e+00       9.235e+07  6.834220e-01  0.000000e+00 -1.814752e-01  3.165780e-01
-3.50000e+00 -1.20000e+00       6.458e+08  6.895854e-01  0.000000e+00 -9.768664e-02  3.104146e-01
-2.80000e+00 -1.20000e+00       2.942e+09  6.798244e-01  0.000000e+00 -6.400364e-02  3.201756e-01
-2.10000e+00 -1.20000e+00       8.696e+09  6.637138e-01  0.000000e+00 -8.308291e-02  3.362862e-01
-1.40000e+00 -1.20000e+00       1.811e+10  6.701914e-01  0.000000e+00 -1.120255e-01  3.298086e-01
-7.00000e-01 -1.20000e+00       2.733e+10  7.121645e-01  0.000000e+00 -7.293591e-02  2.878355e-01
 0.00000e+00 -1.20000e+00       3.056e+10  7.376017e-01  0.000000e+00 -1.308573e-14  2.623983e-01
 7.00000e-01 -1.20000e+00       2.733e+10  7.121645e-01  0.000000e+00  7.293591e-02  2.878355e-01
 1.40000e+00 -1.20000e+00       1.811e+10  6.701914e-01  0.000000e+00  1.120255e-01  3.298086e-01
 2.10000e+00 -1.20000e+00       8.696e+09  6.637138e-01  0.000000e+00  8.308291e-02  3.362862e-01
 2.80000e+00 -1.20000e+00       2.942e+09  6.798244e-01  0.000000e+00  6.400364e-02  3.201756e-01
 3.50000e+00 -1.20000e+00       6.458e+08  6.895854e-01  0.000000e+00  9.768664e-02  3.104146e-01
 4.20000e+00 -1.20000e+00       9.235e+07  6.834220e-01  0.000000e+00  1.814752e-01  3.165780e-01
 4.90000e+00 -1.20000e+00       8.284e+06  6.681591e-01  0.000000e+00  2.716451e-01  3.318409e-01
 5.60000e+00 -1.20000e+00       3.494e+05  6.578614e-01  0.000000e+00  3.202546e-01  3.421386e-01
 6.30000e+00 -1.20000e+00       5.377e+03  6.509633e-01  0.000000e+00  3.281907e-01  3.490367e-01
 7.00000e+00 -1.20000e+00       5.593e+01  5.452535e-01  0.000000e+00 -2.891709e-01  4.547465e-01
-7.00000e+00 -8.00000e-01       2.166e+02  7.834182e-01  0.000000e+00  1.271133e-01  2.165818e-01
-6.30000e+00 -8.00000e-01       2.505e+04  7.669875e-01  0.000000e+00  5.142646e-03  2.330125e-01
-5.60000e+00 -8.00000e-01       1.679e+06  7.693028e-01  0.000000e+00 -3.156785e-02  2.306972e-01
-4.90000e+00 -8.00000e-01       5.633e+07  7.770776e-01  0.000000e+00 -3.240822e-02  2.229224e-01
-4.20000e+00 -8.00000e-01       9.582e+08  7.851106e-01  0.000000e+00 -1.938412e-02  2.148894e-01
-3.50000e+00 -8.00000e-01       8.669e+09  7.964109e-01  0.000000e+00 -1.277132e-02  2.035891e-01
-2.80000e+00 -8.00000e-01       4.461e+10  8.117180e-01  0.000000e+00 -1.260630e-02  1.882820e-01
-2.10000e+00 -8.00000e-01       1.452e+11  8.335298e-01  0.000000e+00 -1.401553e-02  1.664702e-01
-1.40000e+00 -8.00000e-01       3.237e+11  8.409255e-01  0.000000e+00 -1.661081e-02  1.590745e-01
-7.00000e-01 -8.00000e-01       5.198e+11  8.103824e-01  0.000000e+00 -7.884958e-03  1.896176e-01
 0.00000e+00 -8.00000e-01       6.173e+11  7.887426e-01  0.000000e+00 -9.338096e-15  2.112574e-01
 7.00000e-01 -8.00000e-01       5.198e+11  8.103824e-01  0.000000e+00  7.884958e-03  1.896176e-01
 1.40000e+00 -8.00000e-01       3.237e+11  8.409255e-01  0.000000e+00  1.661081e-02  1.590745e-01
 2.10000e+00 -8.00000e-01       1.452e+11  8.335298e-01  0.000000e+00  1.401553e-02  1.664702e-01
 2.80000e+00 -8.00000e-01       4.461e+10  8.117180e-01  0.000000e+00  1.260630e-02  1.882820e-01
 3.50000e+00 -8.00000e-01       8.669e+09  7.964109e-01  0.000000e+00  1.277132e-02  2.035891e-01
 4.20000e+00 -8.00000e-01       9.582e+08  7.851106e-01  0.000000e+00  1.938412e-02  2.148894e-01
 4.90000e+00 -8.00000e-01       5.633e+07  7.770776e-01  0.000000e+00  3.240822e-02  2.229224e-01
 5.60000e+00 -8.00000e-01       1.679e+06  7.693028e-01  0.000000e+00  3.156785e-02  2.306972e-01
 6.30000e+00 -8.00000e-01       2.505e+04  7.669875e-01  0.000000e+00 -5.142646e-03  2.330125e-01
 7.00000e+00 -8.00000e-01       2.166e+02  7.834182e-01  0.000000e+00 -1.271133e-01  2.165818e-01
-7.00000e+00 -4.00000e-01       2.422e+03  9.429399e-01  0.000000e+00 -3.161712e-02  5.706014e-02
-6.30000e+00 -4.00000e-01       3.098e+05  9.432626e-01  0.000000e+00 -5.055296e-03  5.673741e-02
-5.60000e+00 -4.00000e-01       1.749e+07  9.379285e-01  0.000000e+00  2.292297e-03  6.207148e-02
-4.90000e+00 -4.00000e-01       4.855e+08  9.362674e-01  0.000000e+00 -3.172939e-03  6.373263e-02
-4.20000e+00 -4.00000e-01       6.946e+09  9.369517e-01  0.000000e+00 -4.596927e-03  6.304831e-02
-3.50000e+00 -4.00000e-01       5.381e+10  9.372918e-01  0.000000e+00 -4.369693e-03  6.270818e-02
-2.80000e+00 -4.00000e-01       2.453e+11  9.377517e-01  0.000000e+00 -1.093143e-02  6.224830e-02
-2.10000e+00 -4.00000e-01       7.119e+11  9.382866e-01  0.000000e+00 -4.286600e-02  6.171341e-02
-1.40000e+00 -4.00000e-01       1.339e+12  9.373755e-01  0.000000e+00 -1.024853e-01  6.262452e-02
-7.00000e-01 -4.00000e-01       1.554e+12  9.348863e-01  0.000000e+00 -1.257198e-01  6.511366e-02
 0.00000e+00 -4.00000e-01       1.399e+12  9.330385e-01  0.000000e+00 -3.162111e-15  6.696151e-02
 7.00000e-01 -4.00000e-01       1.554e+12  9.348863e-01  0.000000e+00  1.257198e-01  6.511366e-02
 1.40000e+00 -4.00000e-01       1.339e+12  9.373755e-01  0.000000e+00  1.024853e-01  6.262452e-02
 2.10000e+00 -4.00000e-01       7.119e+11  9.382866e-01  0.000000e+00  4.286600e-02  6.171341e-02
 2.80000e+00 -4.00000e-01       2.453e+11  9.377517e-01  0.000000e+00  1.093143e-02  6.224830e-02
 3.50000e+00 -4.00000e-01       5.381e+10  9.372918e-01  0.000000e+00  4.369693e-03  6.270818e-02
 4.20000e+00 -4.00000e-01       6.946e+09  9.369517e-01  0.000000e+00  4.596927e-03  6.304831e-02
 4.90000e+00 -4.00000e-01       4.855e+08  9.362674e-01  0.000000e+00  3.172939e-03  6.373263e-02
 5.60000e+00 -4.00000e-01       1.749e+07  9.379285e-01  0.000000e+00 -2.292297e-03  6.207148e-02
 6.30000e+00 -4.00000e-01       3.098e+05  9.432626e-01  0.000000e+00  5.055296e-03  5.673741e-02
 7.00000e+00 -4.00000e-01       2.422e+03  9.429399e-01  0.000000e+00  3.161712e-02  5.706013e-02
-7.00000e+00  0.00000e+00       4.851e+03  9.999623e-01  0.000000e+00  4.471884e-12  3.773302e-05
-6.30000e+00  0.00000e+00       6.404e+05  9.999748e-01  0.000000e+00  2.702854e-14  2.523136e-05
-5.60000e+00  0.00000e+00       3.541e+07  9.999764e-01  0.000000e+00 -1.085179e-13  2.355215e-05
-4.90000e+00  0.00000e+00       9.369e+08  9.999704e-01  0.000000e+00 -7.645939e-13  2.964776e-05
-4.20000e+00  0.00000e+00       1.276e+10  9.999623e-01  0.000000e+00 -3.137803e-12  3.772404e-05
-3.50000e+00  0.00000e+00       9.352e+10  9.999575e-01  0.000000e+00 -7.449809e-12  4.248368e-05
-2.80000e+00  0.00000e+00       4.178e+11  9.999590e-01  0.000000e+00 -9.241641e-12  4.095887e-05
-2.10000e+00  0.00000e+00       1.291e+12  9.999630e-01  0.000000e+00 -4.453022e-12  3.700263e-05
-1.40000e+00  0.00000e+00       2.821e+12  9.999565e-01  0.000000e+00  2.088492e-12  4.346721e-05
-7.00000e-01  0.00000e+00       4.238e+12  9.999243e-01  0.000000e+00  3.697844e-12  7.570680e-05
 0.00000e+00  0.00000e+00       4.735e+12  9.998973e-01  0.000000e+00 -1.343207e-18  1.027498e-04
 7.00000e-01  0.00000e+00       4.238e+12  9.999243e-01  0.000000e+00 -3.697847e-12  7.570680e-05
 1.40000e+00  0.00000e+00       2.821e+12  9.999565e-01  0.000000e+00 -2.088493e-12  4.346721e-05
 2.10000e+00  0.00000e+00       1.291e+12  9.999630e-01  0.000000e+00  4.453026e-12  3.700263e-05
 2.80000e+00  0.00000e+00       4.178e+11  9.999590e-01  0.000000e+00  9.241644e-12  4.095887e-05
 3.50000e+00  0.00000e+00       9.352e+10  9.999575e-01  0.000000e+00  7.449809e-12  4.248368e-05
 4.20000e+00  0.00000e+00       1.276e+10  9.999623e-01  0.000000e+00  3.137821e-12  3.772404e-05
 4.90000e+00  0.00000e+00       9.369e+08  9.999704e-01  0.000000e+00  7.646959e-13  2.964776e-05
 5.60000e+00  0.00000e+00       3.541e+07  9.999764e-01  0.000000e+00  1.091141e-13  2.355215e-05
 6.30000e+00  0.00000e+00       6.404e+05  9.999748e-01  0.000000e+00 -2.120946e-14  2.523136e-05
 7.00000e+00  0.00000e+00       4.851e+03  9.999623e-01  0.000000e+00 -8.326211e-12  3.773303e-05
-7.00000e+00  4.00000e-01       2.422e+03  9.429399e-01  0.000000e+00  3.161712e-02  5.706014e-02
-6.30000e+00  4.00000e-01       3.098e+05  9.432626e-01  0.000000e+00  5.055296e-03  5.673741e-02
-5.60000e+00  4.00000e-01       1.749e+07  9.379285e-01  0.000000e+00 -2.292297e-03  6.207148e-02
-4.90000e+00  4.00000e-01       4.855e+08  9.362674e-01  0.000000e+00  3.172939e-03  6.373263e-02
-4.20000e+00  4.00000e-01       6.946e+09  9.369517e-01  0.000000e+00  4.596927e-03  6.304831e-02
-3.50000e+00  4.00000e-01       5.381e+10  9.372918e-01  0.000000e+00  4.369693e-03  6.270818e-02
-2.80000e+00  4.00000e-01       2.453e+11  9.377517e-01  0.000000e+00  1.093143e-02  6.224830e-02
-2.10000e+00  4.00000e-01       7.119e+11  9.382866e-01  0.000000e+00  4.286600e-02  6.171341e-02
-1.40000e+00  4.00000e-01       1.339e+12  9.373755e-01  0.000000e+00  1.024853e-01  6.262452e-02
-7.00000e-01  4.00000e-01       1.554e+12  9.348863e-01  0.000000e+00  1.257198e-01  6.511366e-02
 0.00000e+00  4.00000e-01       1.399e+12  9.330385e-01  0.000000e+00  3.160988e-15  6.696151e-02
 7.00000e-01  4.00000e-01       1.554e+12  9.348863e-01  0.000000e+00 -1.257198e-01  6.511366e-02
 1.40000e+00  4.00000e-01       1.339e+12  9.373755e-01  0.000000e+00 -1.024853e-01  6.262452e-02
 2.10000e+00  4.00000e-01       7.119e+11  9.382866e-01  0.000000e+00 -4.286600e-02  6.171341e-02
 2.80000e+00  4.00000e-01       2.453e+11  9.377517e-01  0.000000e+00 -1.093143e-02  6.224830e-02
 3.50000e+00  4.00000e-01       5.381e+10  9.372918e-01  0.000000e+00 -4.369693e-03  6.270818e-02
 4.20000e+00  4.00000e-01       6.946e+09  9.369517e-01  0.000000e+00 -4.596927e-03  6.304831e-02
 4.90000e+00  4.00000e-01       4.855e+08  9.362674e-01  0.000000e+00 -3.172939e-03  6.373263e-02
 5.60000e+00  4.00000e-01       1.749e+07  9.379285e-01  0.000000e+00  2.292297e-03  6.207148e-02
 6.30000e+00  4.00000e-01       3.098e+05  9.432626e-01  0.000000e+00 -5.055296e-03  5.673741e-02
 7.00000e+00  4.00000e-01       2.422e+03  9.429399e-01  0.000000e+00 -3.161712e-02  5.706013e-02
-7.00000e+00  8.00000e-01       2.166e+02  7.834181e-01  0.000000e+00 -1.271133e-01  2.165819e-01
-6.30000e+00  8.00000e-01       2.505e+04  7.669875e-01  0.000000e+00 -5.142646e-03  2.330125e-01
-5.60000e+00  8.00000e-01       1.679e+06  7.693028e-01  0.000000e+00  3.156785e-02  2.306972e-01
-4.90000e+00  8.00000e-01       5.633e+07  7.770776e-01  0.000000e+00  3.240822e-02  2.229224e-01
-4.20000e+00  8.00000e-01       9.582e+08  7.851106e-01  0.000000e+00  1.938412e-02  2.148894e-01
-3.50000e+00  8.00000e-01       8.669e+09  7.964109e-01  0.000000e+00  1.277132e-02  2.035891e-01
-2.80000e+00  8.00000e-01       4.461e+10  8.117180e-01  0.000000e+00  1.260630e-02  1.882820e-01
-2.10000e+00  8.00000e-01       1.452e+11  8.335298e-01  0.000000e+00  1.401553e-02  1.664702e-01
-1.40000e+00  8.00000e-01       3.237e+11  8.409255e-01  0.000000e+00  1.661081e-02  1.590745e-01
-7.00000e-01  8.00000e-01       5.198e+11  8.103824e-01  0.000000e+00  7.884958e-03  1.896176e-01
 0.00000e+00  8.00000e-01       6.173e+11  7.887426e-01  0.000000e+00  2.329111e-15  2.112574e-01
 7.00000e-01  8.00000e-01       5.198e+11  8.103824e-01  0.000000e+00 -7.884958e-03  1.896176e-01
 1.40000e+00  8.00000e-01       3.237e+11  8.409255e-01  0.000000e+00 -1.661081e-02  1.590745e-01
 2.10000e+00  8.00000e-01       1.452e+11  8.335298e-01  0.000000e+00 -1.401553e-02  1.664702e-01
 2.80000e+00  8.00000e-01       4.461e+10  8.117180e-01  0.000000e+00 -1.260630e-02  1.882820e-01
 3.50000e+00  8.00000e-01       8.669e+09  7.964109e-01  0.000000e+00 -1.277132e-02  2.035891e-01
 4.20000e+00  8.00000e-01       9.582e+08  7.851106e-01  0.000000e+00 -1.938412e-02  2.148894e-01
 4.90000e+00  8.00000e-01       5.633e+07  7.770776e-01  0.000000e+00 -3.240822e-02  2.229224e-01
 5.60000e+00  8.00000e-01       1.679e+06  7.693028e-01  0.000000e+00 -3.156785e-02  2.306972e-01
 6.30000e+00  8.00000e-01       2.505e+04  7.669875e-01  0.000000e+00  5.142646e-03  2.330125e-01
 7.00000e+00  8.00000e-01       2.166e+02  7.834182e-01  0.000000e+00  1.271133e-01  2.165818e-01
-7.00000e+00  1.20000e+00       5.593e+01  5.452534e-01  0.000000e+00 -2.891709e-01  4.547466e-01
-6.30000e+00  1.20000e+00       5.377e+03  6.509633e-01  0.000000e+00  3.281907e-01  3.490367e-01
-5.60000e+00  1.20000e+00       3.494e+05  6.578614e-01  0.000000e+00  3.202546e-01  3.421386e-01
-4.90000e+00  1.20000e+00       8.284e+06  6.681591e-01  0.000000e+00  2.716451e-01  3.318409e-01
-4.20000e+00  1.20000e+00       9.235e+07  6.834220e-01  0.000000e+00  1.814752e-01  3.165780e-01
-3.50000e+00  1.20000e+00       6.458e+08  6.895854e-01  0.000000e+00  9.768663e-02  3.104146e-01
-2.80000e+00  1.20000e+00       2.942e+09  6.798244e-01  0.000000e+00  6.400364e-02  3.201756e-01
-2.10000e+00  1.20000e+00       8.696e+09  6.637138e-01  0.000000e+00  8.308290e-02  3.362862e-01
-1.40000e+00  1.20000e+00       1.811e+10  6.701914e-01  0.000000e+00  1.120255e-01  3.298086e-01
-7.00000e-01  1.20000e+00       2.733e+10  7.121645e-01  0.000000e+00  7.293591e-02  2.878355e-01
 0.00000e+00  1.20000e+00       3.056e+10  7.376017e-01  0.000000e+00 -1.552372e-14  2.623983e-01
 7.00000e-01  1.20000e+00       2.733e+10  7.121645e-01  0.000000e+00 -7.293591e-02  2.878355e-01
 1.40000e+00  1.20000e+00       1.811e+10  6.701914e-01  0.000000e+00 -1.120255e-01  3.298086e-01
 2.10000e+00  1.20000e+00       8.696e+09  6.637138e-01  0.000000e+00 -8.308290e-02  3.362862e-01
 2.80000e+00  1.20000e+00       2.942e+09  6.798244e-01  0.000000e+00 -6.400364e-02  3.201756e-01
 3.50000e+00  1.20000e+00       6.458e+08  6.895854e-01  0.000000e+00 -9.768663e-02  3.104146e-01
 4.20000e+00  1.20000e+00       9.235e+07  6.834220e-01  0.000000e+00 -1.814752e-01  3.165780e-01
 4.90000e+00  1.20000e+00       8.284e+06  6.681591e-01  0.000000e+00 -2.716451e-01  3.318409e-01
 5.60000e+00  1.20000e+00       3.494e+05  6.578614e-01  0.000000e+00 -3.202546e-01  3.421386e-01
 6.30000e+00  1.20000e+00       5.377e+03  6.509633e-01  0.000000e+00 -3.281907e-01  3.490367e-01
 7.00000e+00  1.20000e+00       5.593e+01  5.452534e-01  0.000000e+00  2.891709e-01  4.547466e-01
-7.00000e+00  1.60000e+00       2.679e+01  1.654824e-01  0.000000e+00 -9.000927e-01  8.345176e-01
-6.30000e+00  1.60000e+00       3.224e+02  5.252385e-01  0.000000e+00  1.064090e-01  4.747615e-01
-5.60000e+00  1.60000e+00       4.551e+04  6.297034e-01  0.000000e+00  2.688727e-01  3.702966e-01
-4.90000e+00  1.60000e+00       2.414e+06  6.344386e-01  0.000000e+00  2.561009e-01  3.655614e-01
-4.20000e+00  1.60000e+00       4.466e+07  6.396941e-01  0.000000e+00  2.316232e-01  3.603059e-01
-3.50000e+00  1.60000e+00       3.256e+08  6.451073e-01  0.000000e+00  1.925154e-01  3.548927e-01
-2.80000e+00  1.60000e+00       1.138e+09  6.469079e-01  0.000000e+00  1.397090e-01  3.530921e-01
-2.10000e+00  1.60000e+00       2.422e+09  6.425610e-01  0.000000e+00  8.608162e-02  3.574390e-01
-1.40000e+00  1.60000e+00       3.788e+09  6.371260e-01  0.000000e+00  4.769624e-02  3.628740e-01
-7.00000e-01  1.60000e+00       4.740e+09  6.389016e-01  0.000000e+00  2.265010e-02  3.610984e-01
 0.00000e+00  1.60000e+00       5.009e+09  6.434561e-01  0.000000e+00 -3.223814e-15  3.565439e-01
 7.00000e-01  1.60000e+00       4.740e+09  6.389016e-01  0.000000e+00 -2.265010e-02  3.610984e-01
 1.40000e+00  1.60000e+00       3.788e+09  6.371260e-01  0.000000e+00 -4.769624e-02  3.628740e-01
 2.10000e+00  1.60000e+00       2.422e+09  6.425610e-01  0.000000e+00 -8.608162e-02  3.574390e-01
 2.80000e+00  1.60000e+00       1.138e+09  6.469079e-01  0.000000e+00 -1.397090e-01  3.530921e-01
 3.50000e+00  1.60000e+00       3.256e+08  6.451073e-01  0.000000e+00 -1.925154e-01  3.548927e-01
 4.20000e+00  1.60000e+00       4.466e+07  6.396941e-01  0.000000e+00 -2.316232e-01  3.603059e-01
 4.90000e+00  1.60000e+00       2.414e+06  6.344386e-01  0.000000e+00 -2.561009e-01  3.655614e-01
 5.60000e+00  1.60000e+00       4.551e+04  6.297034e-01  0.000000e+00 -2.688727e-01  3.702966e-01
 6.30000e+00  1.60000e+00       3.224e+02  5.252385e-01  0.000000e+00 -1.064090e-01  4.747615e-01
 7.00000e+00  1.60000e+00       2.679e+01  1.654824e-01  0.000000e+00  9.000927e-01  8.345176e-01
-7.00000e+00  2.00000e+00       2.327e+01  1.701709e-02  0.000000e+00 -9.136831e-01  9.829829e-01
-6.30000e+00  2.00000e+00       9.080e+01  1.284443e-01  0.000000e+00 -1.735051e-01  8.715557e-01
-5.60000e+00  2.00000e+00       1.082e+04  5.506922e-01  0.000000e+00  2.835198e-01  4.493078e-01
-4.90000e+00  2.00000e+00       7.035e+05  5.614716e-01  0.000000e+00  2.780790e-01  4.385284e-01
-4.20000e+00  2.00000e+00       1.530e+07  5.664903e-01  0.000000e+00  2.599264e-01  4.335097e-01
-3.50000e+00  2.00000e+00       1.233e+08  5.728142e-01  0.000000e+00  2.267014e-01  4.271858e-01
-2.80000e+00  2.00000e+00       4.528e+08  5.776412e-01  0.000000e+00  1.729408e-01  4.223588e-01
-2.10000e+00  2.00000e+00       1.006e+09  5.749898e-01  0.000000e+00  1.103841e-01  4.250102e-01
-1.40000e+00  2.00000e+00       1.619e+09  5.699599e-01  0.000000e+00  6.148767e-02  4.300401e-01
-7.00000e-01  2.00000e+00       1.858e+09  5.828323e-01  0.000000e+00  2.972137e-02  4.171677e-01
 0.00000e+00  2.00000e+00       1.755e+09  6.031762e-01  0.000000e+00 -1.568979e-16  3.968238e-01
 7.00000e-01  2.00000e+00       1.858e+09  5.828323e-01  0.000000e+00 -2.972137e-02  4.171677e-01
 1.40000e+00  2.00000e+00       1.619e+09  5.699599e-01  0.000000e+00 -6.148767e-02  4.300401e-01
 2.10000e+00  2.00000e+00       1.006e+09  5.749898e-01  0.000000e+00 -1.103841e-01  4.250102e-01
 2.80000e+00  2.00000e+00       4.528e+08  5.776412e-01  0.000000e+00 -1.729408e-01  4.223588e-01
 3.50000e+00  2.00000e+00       1.233e+08  5.728142e-01  0.000000e+00 -2.267014e-01  4.271858e-01
 4.20000e+00  2.00000e+00       1.530e+07  5.664903e-01  0.000000e+00 -2.599264e-01  4.335097e-01
 4.90000e+00  2.00000e+00       7.035e+05  5.614716e-01  0.000000e+00 -2.780790e-01  4.385284e-01
 5.60000e+00  2.00000e+00       1.082e+04  5.506922e-01  0.000000e+00 -2.835198e-01  4.493078e-01
 6.30000e+00  2.00000e+00       9.080e+01  1.284443e-01  0.000000e+00  1.735051e-01  8.715557e-01
 7.00000e+00  2.00000e+00       2.327e+01  1.701710e-02  0.000000e+00  9.136830e-01  9.829829e-01
-7.00000e+00  2.40000e+00       2.006e+01 -8.478720e-02  0.000000e+00 -9.301327e-01  9.152128e-01
-6.30000e+00  2.40000e+00       2.879e+01 -5.230460e-01  0.000000e+00 -7.452220e-01  4.769540e-01
-5.60000e+00  2.40000e+00       6.945e+01 -5.813827e-01  0.000000e+00 -2.824463e-01  4.186173e-01
-4.90000e+00  2.40000e+00       9.289e+03  5.539489e-01  0.000000e+00  1.760077e-01  4.460511e-01
-4.20000e+00  2.40000e+00       4.776e+05  5.617506e-01  0.000000e+00  1.904654e-01  4.382494e-01
-3.50000e+00  2.40000e+00       8.212e+06  5.517649e-01  0.000000e+00  1.729248e-01  4.482351e-01
-2.80000e+00  2.40000e+00       6.618e+07  5.381627e-01  0.000000e+00  1.318170e-01  4.618373e-01
-2.10000e+00  2.40000e+00       3.043e+08  5.269152e-01  0.000000e+00  9.144584e-02  4.730848e-01
-1.40000e+00  2.40000e+00       8.097e+08  5.251054e-01  0.000000e+00  5.736221e-02  4.748946e-01
-7.00000e-01  2.40000e+00       1.460e+09  5.376212e-01  0.000000e+00  2.382311e-02  4.623788e-01
 0.00000e+00  2.40000e+00       1.848e+09  5.471111e-01  0.000000e+00  1.713416e-16  4.528889e-01
 7.00000e-01  2.40000e+00       1.460e+09  5.376212e-01  0.000000e+00 -2.382311e-02  4.623788e-01
 1.40000e+00  2.40000e+00       8.097e+08  5.251054e-01  0.000000e+00 -5.736221e-02  4.748946e-01
 2.10000e+00  2.40000e+00       3.043e+08  5.269152e-01  0.000000e+00 -9.144584e-02  4.730848e-01
 2.80000e+00  2.40000e+00       6.618e+07  5.381627e-01  0.000000e+00 -1.318170e-01  4.618373e-01
 3.50000e+00  2.40000e+00       8.212e+06  5.517649e-01  0.000000e+00 -1.729248e-01  4.482351e-01
 4.20000e+00  2.40000e+00       4.776e+05  5.617506e-01  0.000000e+00 -1.904654e-01  4.382494e-01
 4.90000e+00  2.40000e+00       9.289e+03  5.539489e-01  0.000000e+00 -1.760077e-01  4.460511e-01
 5.60000e+00  2.40000e+00       6.945e+01 -5.813827e-01  0.000000e+00  2.824463e-01  4.186173e-01
 6.30000e+00  2.40000e+00       2.879e+01 -5.230460e-01  0.000000e+00  7.452220e-01  4.769540e-01
 7.00000e+00  2.40000e+00       2.006e+01 -8.478720e-02  0.000000e+00  9.301327e-01  9.152128e-01
-7.00000e+00  2.80000e+00       2.055e+01 -2.427299e-01  0.000000e+00 -9.296599e-01  7.572701e-01
-6.30000e+00  2.80000e+00       2.894e+01 -5.320943e-01  0.000000e+00 -7.837931e-01  4.679057e-01
-5.60000e+00  2.80000e+00       4.902e+01 -2.030799e-01  0.000000e+00 -5.658010e-01  7.969201e-01
-4.90000e+00  2.80000e+00       1.967e+02 -2.627744e-01  0.000000e+00 -1.323350e+00  7.372256e-01
-4.20000e+00  2.80000e+00       2.068e+04  8.522574e-01  0.000000e+00 -1.292493e-01  1.477426e-01
-3.50000e+00  2.80000e+00       2.598e+05  9.586262e-01  0.000000e+00 -5.675983e-02  4.137380e-02
-2.80000e+00  2.80000e+00       8.235e+05  9.861872e-01  0.000000e+00 -6.868212e-02  1.381281e-02
-2.10000e+00  2.80000e+00       2.390e+06  3.912071e-01  0.000000e+00 -8.448923e-02  6.087929e-01
-1.40000e+00  2.80000e+00       5.307e+07  5.190791e-01  0.000000e+00 -1.286127e-02  4.809209e-01
-7.00000e-01  2.80000e+00       3.300e+08  5.627398e-01  0.000000e+00 -2.860588e-03  4.372602e-01
 0.00000e+00  2.80000e+00       5.986e+08  5.695273e-01  0.000000e+00 -5.391858e-17  4.304727e-01
 7.00000e-01  2.80000e+00       3.300e+08  5.627398e-01  0.000000e+00  2.860588e-03  4.372602e-01
 1.40000e+00  2.80000e+00       5.307e+07  5.190791e-01  0.000000e+00  1.286127e-02  4.809209e-01
 2.10000e+00  2.80000e+00       2.390e+06  3.912071e-01  0.000000e+00  8.448923e-02  6.087929e-01
 2.80000e+00  2.80000e+00       8.235e+05  9.861872e-01  0.000000e+00  6.868212e-02  1.381281e-02
 3.50000e+00  2.80000e+00       2.598e+05  9.586262e-01  0.000000e+00  5.675983e-02  4.137380e-02
 4.20000e+00  2.80000e+00       2.068e+04  8.522574e-01  0.000000e+00  1.292493e-01  1.477426e-01
 4.90000e+00  2.80000e+00       1.967e+02 -2.627744e-01  0.000000e+00  1.323350e+00  7.372256e-01
 5.60000e+00  2.80000e+00       4.902e+01 -2.030799e-01  0.000000e+00  5.658010e-01  7.969201e-01
 6.30000e+00  2.80000e+00       2.894e+01 -5.320943e-01  0.000000e+00  7.837931e-01  4.679057e-01
 7.00000e+00  2.80000e+00       2.055e+01 -2.427299e-01  0.000000e+00  9.296599e-01  7.572701e-01
-7.00000e+00  3.20000e+00       2.020e+01 -4.493275e-01  0.000000e+00 -8.618805e-01  5.506725e-01
-6.30000e+00  3.20000e+00       3.493e+01 -6.187096e-01  0.000000e+00 -7.665130e-01  3.812904e-01
-5.60000e+00  3.20000e+00       4.014e+01 -4.113276e-01  0.000000e+00 -6.992009e-01  5.886724e-01
-4.90000e+00  3.20000e+00       2.312e+02  2.118122e-01  0.000000e+00 -6.818349e-01  7.881878e-01
-4.20000e+00  3.20000e+00       1.743e+04  8.850723e-01  0.000000e+00 -8.890579e-02  1.149277e-01
-3.50000e+00  3.20000e+00       2.137e+05  9.702494e-01  0.000000e+00 -4.078528e-02  2.975059e-02
-2.80000e+00  3.20000e+00       7.329e+05  9.494319e-01  0.000000e+00 -4.656702e-02  5.056810e-02
-2.10000e+00  3.20000e+00       3.791e+06  4.446234e-01  0.000000e+00 -2.006969e-02  5.553766e-01
-1.40000e+00  3.20000e+00       6.257e+07  5.056131e-01  0.000000e+00  2.532460e-03  4.943869e-01
-7.00000e-01  3.20000e+00       3.351e+08  5.421241e-01  0.000000e+00  2.955649e-03  4.578759e-01
 0.00000e+00  3.20000e+00       5.806e+08  5.502333e-01  0.000000e+00 -2.072784e-16  4.497667e-01
 7.00000e-01  3.20000e+00       3.351e+08  5.421241e-01  0.000000e+00 -2.955649e-03  4.578759e-01
 1.40000e+00  3.20000e+00       6.257e+07  5.056131e-01  0.000000e+00 -2.532460e-03  4.943869e-01
 2.10000e+00  3.20000e+00       3.791e+06  4.446234e-01  0.000000e+00  2.006969e-02  5.553766e-01
 2.80000e+00  3.20000e+00       7.329e+05  9.494319e-01  0.000000e+00  4.656702e-02  5.056810e-02
 3.50000e+00  3.20000e+00       2.137e+05  9.702494e-01  0.000000e+00  4.078528e-02  2.975059e-02
 4.20000e+00  3.20000e+00       1.743e+04  8.850723e-01  0.000000e+00  8.890579e-02  1.149277e-01
 4.90000e+00  3.20000e+00       2.312e+02  2.118122e-01  0.000000e+00  6.818349e-01  7.881878e-01
 5.60000e+00  3.20000e+00       4.014e+01 -4.113276e-01  0.000000e+00  6.992009e-01  5.886724e-01
 6.30000e+00  3.20000e+00       3.493e+01 -6.187096e-01  0.000000e+00  7.665130e-01  3.812904e-01
 7.00000e+00  3.20000e+00       2.020e+01 -4.493275e-01  0.000000e+00  8.618805e-01  5.506725e-01
-7.00000e+00  3.60000e+00       8.723e+00 -6.083989e-01  0.000000e+00 -7.761716e-01  3.916011e-01
-6.30000e+00  3.60000e+00       1.626e+01 -6.889850e-01  0.000000e+00 -7.120235e-01  3.110150e-01
-5.60000e+00  3.60000e+00       2.109e+01  5.933817e-02  0.000000e+00 -5.309417e-01  9.406618e-01
-4.90000e+00  3.60000e+00       2.324e+02  2.942015e-01  0.000000e+00 -4.267208e-01  7.057985e-01
-4.20000e+00  3.60000e+00       1.489e+04  8.997967e-01  0.000000e+00 -6.621835e-02  1.002033e-01
-3.50000e+00  3.60000e+00       1.810e+05  9.771879e-01  0.000000e+00 -3.090555e-02  2.281209e-02
-2.80000e+00  3.60000e+00       6.900e+05  9.049619e-01  0.000000e+00 -2.683313e-02  9.503811e-02
-2.10000e+00  3.60000e+00       4.803e+06  4.677851e-01  0.000000e+00  1.562713e-02  5.322149e-01
-1.40000e+00  3.60000e+00       6.070e+07  5.080213e-01  0.000000e+00  1.961100e-02  4.919787e-01
-7.00000e-01  3.60000e+00       2.750e+08  5.471453e-01  0.000000e+00  1.120166e-02  4.528547e-01
 0.00000e+00  3.60000e+00       4.500e+08  5.589878e-01  0.000000e+00  1.819832e-16  4.410122e-01
 7.00000e-01  3.60000e+00       2.750e+08  5.471453e-01  0.000000e+00 -1.120166e-02  4.528547e-01
 1.40000e+00  3.60000e+00       6.070e+07  5.080213e-01  0.000000e+00 -1.961100e-02  4.919787e-01
 2.10000e+00  3.60000e+00       4.803e+06  4.677851e-01  0.000000e+00 -1.562713e-02  5.322149e-01
 2.80000e+00  3.60000e+00       6.900e+05  9.049619e-01  0.000000e+00  2.683313e-02  9.503811e-02
 3.50000e+00  3.60000e+00       1.810e+05  9.771879e-01  0.000000e+00  3.090555e-02  2.281209e-02
 4.20000e+00  3.60000e+00       1.489e+04  8.997967e-01  0.000000e+00  6.621835e-02  1.002033e-01
 4.90000e+00  3.60000e+00       2.324e+02  2.942015e-01  0.000000e+00  4.267208e-01  7.057985e-01
 5.60000e+00  3.60000e+00       2.109e+01  5.933817e-02  0.000000e+00  5.309417e-01  9.406618e-01
 6.30000e+00  3.60000e+00       1.626e+01 -6.889850e-01  0.000000e+00  7.120235e-01  3.110150e-01
 7.00000e+00  3.60000e+00       8.723e+00 -6.083989e-01  0.000000e+00  7.761716e-01  3.916011e-01
-7.00000e+00  4.00000e+00       2.135e+00 -8.694492e-01  0.000000e+00 -4.836845e-01  1.305508e-01
-6.30000e+00  4.00000e+00       1.098e+01 -9.107722e-01  0.000000e+00 -4.801953e-01  8.922779e-02
-5.60000e+00  4.00000e+00       2.614e+01 -2.851880e-01  0.000000e+00 -4.299351e-01  7.148120e-01
-4.90000e+00  4.00000e+00       2.033e+02  4.506946e-01  0.000000e+00 -3.519666e-01  5.493054e-01
-4.20000e+00  4.00000e+00       1.303e+04  9.085509e-01  0.000000e+00 -5.168597e-02  9.144911e-02
-3.50000e+00  4.00000e+00       1.586e+05  9.867830e-01  0.000000e+00 -2.267974e-02  1.321701e-02
-2.80000e+00  4.00000e+00       7.480e+05  8.282942e-01  0.000000e+00  3.411524e-03  1.717058e-01
-2.10000e+00  4.00000e+00       6.646e+06  4.897756e-01  0.000000e+00  5.509016e-02  5.102244e-01
-1.40000e+00  4.00000e+00       6.073e+07  5.171872e-01  0.000000e+00  4.557061e-02  4.828128e-01
-7.00000e-01  4.00000e+00       2.204e+08  5.617068e-01  0.000000e+00  2.483755e-02  4.382932e-01
 0.00000e+00  4.00000e+00       3.335e+08  5.799459e-01  0.000000e+00  4.269976e-17  4.200541e-01
 7.00000e-01  4.00000e+00       2.204e+08  5.617068e-01  0.000000e+00 -2.483755e-02  4.382932e-01
 1.40000e+00  4.00000e+00       6.073e+07  5.171872e-01  0.000000e+00 -4.557061e-02  4.828128e-01
 2.10000e+00  4.00000e+00       6.646e+06  4.897756e-01  0.000000e+00 -5.509016e-02  5.102244e-01
 2.80000e+00  4.00000e+00       7.480e+05  8.282942e-01  0.000000e+00 -3.411524e-03  1.717058e-01
 3.50000e+00  4.00000e+00       1.586e+05  9.867830e-01  0.000000e+00  2.267974e-02  1.321701e-02
 4.20000e+00  4.00000e+00       1.303e+04  9.085509e-01  0.000000e+00  5.168597e-02  9.144911e-02
 4.90000e+00  4.00000e+00       2.033e+02  4.506946e-01  0.000000e+00  3.519666e-01  5.493054e-01
 5.60000e+00  4.00000e+00       2.614e+01 -2.851880e-01  0.000000e+00  4.299351e-01  7.148120e-01
 6.30000e+00  4.00000e+00       1.098e+01 -9.107722e-01  0.000000e+00  4.801953e-01  8.922779e-02
 7.00000e+00  4.00000e+00       2.135e+00 -8.694491e-01  0.000000e+00  4.836846e-01  1.305509e-01
