 EB(GeV)    EMITTANCEx EMITTANCEy SIZEx(m)   SIZEy(m)   DIVx(rad)  DIVy(rad)
 2.411e+00  5.499e-09  1.017e-12  8.711e-05  1.009e-06  6.313e-05  1.009e-06
 betax      alphax     betay      alphay     eta        deta       E_spread  
 1.380e+00  0.000e+00  1.000e+00  0.000e+00  0.000e+00  0.000e+00  8.600e-04
 Ibeam(A)   period(cm) #periods   Kx         Ky         Energy(eV)
 4.005e-01  1.900e+00         96  0.000e+00  1.780e+00  3.545e+03


           x            y       F.Density            PL            PC          PL45        1-|PL|
          mm           mm  ph/s/mr^2/0.1%             -             -             -             -
-7.00000e+00 -4.00000e+00       3.261e+09 -4.968983e-01  0.000000e+00  3.551304e-01  5.031017e-01
-6.30000e+00 -4.00000e+00       1.610e+10 -6.092067e-01  0.000000e+00  1.308590e-01  3.907933e-01
-5.60000e+00 -4.00000e+00       7.944e+10 -4.656479e-01  0.000000e+00 -3.554998e-01  5.343521e-01
-4.90000e+00 -4.00000e+00       3.361e+11  4.490299e-02  0.000000e+00 -5.790090e-01  9.550970e-01
-4.20000e+00 -4.00000e+00       1.086e+12  4.740267e-01  0.000000e+00 -3.114013e-01  5.259733e-01
-3.50000e+00 -4.00000e+00       2.502e+12  4.058182e-01  0.000000e+00  1.317966e-01  5.941818e-01
-2.80000e+00 -4.00000e+00       4.516e+12  5.813232e-02  0.000000e+00  3.336470e-01  9.418677e-01
-2.10000e+00 -4.00000e+00       8.330e+12  3.864528e-01  0.000000e+00  3.291700e-01  6.135472e-01
-1.40000e+00 -4.00000e+00       1.148e+13  7.750167e-01  0.000000e+00  3.291661e-01  2.249833e-01
-7.00000e-01 -4.00000e+00       6.619e+12  8.569414e-01  0.000000e+00  3.101302e-01  1.430586e-01
 0.00000e+00 -4.00000e+00       2.847e+12  8.023390e-01  0.000000e+00  8.931127e-15  1.976610e-01
 7.00000e-01 -4.00000e+00       6.619e+12  8.569414e-01  0.000000e+00 -3.101302e-01  1.430586e-01
 1.40000e+00 -4.00000e+00       1.148e+13  7.750167e-01  0.000000e+00 -3.291661e-01  2.249833e-01
 2.10000e+00 -4.00000e+00       8.330e+12  3.864528e-01  0.000000e+00 -3.291700e-01  6.135472e-01
 2.80000e+00 -4.00000e+00       4.516e+12  5.813232e-02  0.000000e+00 -3.336470e-01  9.418677e-01
 3.50000e+00 -4.00000e+00       2.502e+12  4.058182e-01  0.000000e+00 -1.317966e-01  5.941818e-01
 4.20000e+00 -4.00000e+00       1.086e+12  4.740267e-01  0.000000e+00  3.114013e-01  5.259733e-01
 4.90000e+00 -4.00000e+00       3.361e+11  4.490299e-02  0.000000e+00  5.790090e-01  9.550970e-01
 5.60000e+00 -4.00000e+00       7.944e+10 -4.656479e-01  0.000000e+00  3.554998e-01  5.343521e-01
 6.30000e+00 -4.00000e+00       1.610e+10 -6.092067e-01  0.000000e+00 -1.308590e-01  3.907933e-01
 7.00000e+00 -4.00000e+00       3.261e+09 -4.968983e-01  0.000000e+00 -3.551304e-01  5.031017e-01
-7.00000e+00 -3.60000e+00       2.155e+10  5.523075e-01  0.000000e+00  5.282641e-01  4.476925e-01
-6.30000e+00 -3.60000e+00       1.242e+11  2.659191e-01  0.000000e+00  7.251616e-01  7.340809e-01
-5.60000e+00 -3.60000e+00       5.406e+11 -2.055469e-01  0.000000e+00  6.320922e-01  7.944531e-01
-4.90000e+00 -3.60000e+00       1.889e+12 -4.856628e-01  0.000000e+00  1.236226e-01  5.143372e-01
-4.20000e+00 -3.60000e+00       5.707e+12 -1.953894e-01  0.000000e+00 -4.031888e-01  8.046106e-01
-3.50000e+00 -3.60000e+00       1.424e+13  3.165648e-01  0.000000e+00 -3.553178e-01  6.834352e-01
-2.80000e+00 -3.60000e+00       2.696e+13  5.328168e-01  0.000000e+00  1.132088e-01  4.671832e-01
-2.10000e+00 -3.60000e+00       4.516e+13  6.436321e-01  0.000000e+00  8.970245e-02  3.563679e-01
-1.40000e+00 -3.60000e+00       7.412e+13  7.904065e-01  0.000000e+00 -3.339848e-01  2.095935e-01
-7.00000e-01 -3.60000e+00       6.273e+13  8.347306e-01  0.000000e+00 -4.438291e-01  1.652694e-01
 0.00000e+00 -3.60000e+00       3.428e+13  8.337361e-01  0.000000e+00  4.008208e-15  1.662639e-01
 7.00000e-01 -3.60000e+00       6.273e+13  8.347306e-01  0.000000e+00  4.438291e-01  1.652694e-01
 1.40000e+00 -3.60000e+00       7.412e+13  7.904065e-01  0.000000e+00  3.339848e-01  2.095935e-01
 2.10000e+00 -3.60000e+00       4.516e+13  6.436321e-01  0.000000e+00 -8.970245e-02  3.563679e-01
 2.80000e+00 -3.60000e+00       2.696e+13  5.328168e-01  0.000000e+00 -1.132088e-01  4.671832e-01
 3.50000e+00 -3.60000e+00       1.424e+13  3.165648e-01  0.000000e+00  3.553178e-01  6.834352e-01
 4.20000e+00 -3.60000e+00       5.707e+12 -1.953894e-01  0.000000e+00  4.031888e-01  8.046106e-01
 4.90000e+00 -3.60000e+00       1.889e+12 -4.856628e-01  0.000000e+00 -1.236226e-01  5.143372e-01
 5.60000e+00 -3.60000e+00       5.406e+11 -2.055469e-01  0.000000e+00 -6.320922e-01  7.944531e-01
 6.30000e+00 -3.60000e+00       1.242e+11  2.659191e-01  0.000000e+00 -7.251616e-01  7.340809e-01
 7.00000e+00 -3.60000e+00       2.155e+10  5.523075e-01  0.000000e+00 -5.282641e-01  4.476925e-01
-7.00000e+00 -3.20000e+00       1.527e+11  9.035738e-01  0.000000e+00 -1.321704e-01  9.642618e-02
-6.30000e+00 -3.20000e+00       9.209e+11  8.863609e-01  0.000000e+00  1.753997e-01  1.136391e-01
-5.60000e+00 -3.20000e+00       3.781e+12  6.943683e-01  0.000000e+00  4.883628e-01  3.056317e-01
-4.90000e+00 -3.20000e+00       1.094e+13  2.654950e-01  0.000000e+00  6.654496e-01  7.345050e-01
-4.20000e+00 -3.20000e+00       2.520e+13 -2.256879e-01  0.000000e+00  4.055722e-01  7.743121e-01
-3.50000e+00 -3.20000e+00       5.417e+13 -1.977045e-01  0.000000e+00 -1.898236e-01  8.022955e-01
-2.80000e+00 -3.20000e+00       1.092e+14  3.533916e-01  0.000000e+00 -2.649068e-01  6.466084e-01
-2.10000e+00 -3.20000e+00       1.743e+14  7.893173e-01  0.000000e+00  2.217611e-02  2.106827e-01
-1.40000e+00 -3.20000e+00       3.501e+14  9.392889e-01  0.000000e+00  1.315910e-01  6.071111e-02
-7.00000e-01 -3.20000e+00       8.207e+14  9.464040e-01  0.000000e+00  1.012869e-01  5.359601e-02
 0.00000e+00 -3.20000e+00       1.074e+15  9.419597e-01  0.000000e+00  7.528270e-16  5.804028e-02
 7.00000e-01 -3.20000e+00       8.207e+14  9.464040e-01  0.000000e+00 -1.012869e-01  5.359601e-02
 1.40000e+00 -3.20000e+00       3.501e+14  9.392889e-01  0.000000e+00 -1.315910e-01  6.071111e-02
 2.10000e+00 -3.20000e+00       1.743e+14  7.893173e-01  0.000000e+00 -2.217611e-02  2.106827e-01
 2.80000e+00 -3.20000e+00       1.092e+14  3.533916e-01  0.000000e+00  2.649068e-01  6.466084e-01
 3.50000e+00 -3.20000e+00       5.417e+13 -1.977045e-01  0.000000e+00  1.898236e-01  8.022955e-01
 4.20000e+00 -3.20000e+00       2.520e+13 -2.256879e-01  0.000000e+00 -4.055722e-01  7.743121e-01
 4.90000e+00 -3.20000e+00       1.094e+13  2.654950e-01  0.000000e+00 -6.654496e-01  7.345050e-01
 5.60000e+00 -3.20000e+00       3.781e+12  6.943683e-01  0.000000e+00 -4.883628e-01  3.056317e-01
 6.30000e+00 -3.20000e+00       9.209e+11  8.863609e-01  0.000000e+00 -1.753997e-01  1.136391e-01
 7.00000e+00 -3.20000e+00       1.527e+11  9.035738e-01  0.000000e+00  1.321704e-01  9.642618e-02
-7.00000e+00 -2.80000e+00       6.950e+11  6.679365e-01  0.000000e+00 -6.764228e-01  3.320635e-01
-6.30000e+00 -2.80000e+00       4.178e+12  8.245985e-01  0.000000e+00 -4.525698e-01  1.754015e-01
-5.60000e+00 -2.80000e+00       1.763e+13  9.043731e-01  0.000000e+00 -1.475017e-01  9.562690e-02
-4.90000e+00 -2.80000e+00       5.248e+13  8.377449e-01  0.000000e+00  2.162010e-01  1.622551e-01
-4.20000e+00 -2.80000e+00       1.117e+14  5.272356e-01  0.000000e+00  5.223239e-01  4.727644e-01
-3.50000e+00 -2.80000e+00       1.854e+14  1.364360e-02  0.000000e+00  4.532510e-01  9.863564e-01
-2.80000e+00 -2.80000e+00       3.065e+14 -2.374037e-02  0.000000e+00 -1.847964e-02  9.762596e-01
-2.10000e+00 -2.80000e+00       5.358e+14  5.755981e-01  0.000000e+00 -1.677792e-01  4.244019e-01
-1.40000e+00 -2.80000e+00       5.374e+14  8.807891e-01  0.000000e+00 -1.321396e-01  1.192109e-01
-7.00000e-01 -2.80000e+00       2.131e+14  9.248917e-01  0.000000e+00 -1.167028e-01  7.510825e-02
 0.00000e+00 -2.80000e+00       8.275e+13  8.250019e-01  0.000000e+00  1.495369e-15  1.749981e-01
 7.00000e-01 -2.80000e+00       2.131e+14  9.248917e-01  0.000000e+00  1.167028e-01  7.510825e-02
 1.40000e+00 -2.80000e+00       5.374e+14  8.807891e-01  0.000000e+00  1.321396e-01  1.192109e-01
 2.10000e+00 -2.80000e+00       5.358e+14  5.755981e-01  0.000000e+00  1.677792e-01  4.244019e-01
 2.80000e+00 -2.80000e+00       3.065e+14 -2.374037e-02  0.000000e+00  1.847964e-02  9.762596e-01
 3.50000e+00 -2.80000e+00       1.854e+14  1.364360e-02  0.000000e+00 -4.532510e-01  9.863564e-01
 4.20000e+00 -2.80000e+00       1.117e+14  5.272356e-01  0.000000e+00 -5.223239e-01  4.727644e-01
 4.90000e+00 -2.80000e+00       5.248e+13  8.377449e-01  0.000000e+00 -2.162010e-01  1.622551e-01
 5.60000e+00 -2.80000e+00       1.763e+13  9.043731e-01  0.000000e+00  1.475017e-01  9.562690e-02
 6.30000e+00 -2.80000e+00       4.178e+12  8.245985e-01  0.000000e+00  4.525698e-01  1.754015e-01
 7.00000e+00 -2.80000e+00       6.950e+11  6.679365e-01  0.000000e+00  6.764228e-01  3.320635e-01
-7.00000e+00 -2.40000e+00       2.186e+12  2.509022e-01  0.000000e+00 -9.259832e-01  7.490978e-01
-6.30000e+00 -2.40000e+00       1.308e+13  4.887846e-01  0.000000e+00 -8.164123e-01  5.112154e-01
-5.60000e+00 -2.40000e+00       5.621e+13  7.045758e-01  0.000000e+00 -6.199569e-01  2.954242e-01
-4.90000e+00 -2.40000e+00       1.746e+14  8.546864e-01  0.000000e+00 -3.291290e-01  1.453136e-01
-4.20000e+00 -2.40000e+00       3.889e+14  8.674292e-01  0.000000e+00  4.049590e-02  1.325708e-01
-3.50000e+00 -2.40000e+00       6.185e+14  6.306710e-01  0.000000e+00  3.833012e-01  3.693290e-01
-2.80000e+00 -2.40000e+00       7.585e+14  1.164804e-01  0.000000e+00  4.270707e-01  8.835196e-01
-2.10000e+00 -2.40000e+00       1.094e+15  1.856850e-01  0.000000e+00  2.807820e-01  8.143150e-01
-1.40000e+00 -2.40000e+00       2.110e+15  7.430648e-01  0.000000e+00  3.429310e-01  2.569352e-01
-7.00000e-01 -2.40000e+00       2.108e+15  8.841136e-01  0.000000e+00  3.531296e-01  1.158864e-01
 0.00000e+00 -2.40000e+00       1.307e+15  8.961154e-01  0.000000e+00 -4.046944e-15  1.038846e-01
 7.00000e-01 -2.40000e+00       2.108e+15  8.841136e-01  0.000000e+00 -3.531296e-01  1.158864e-01
 1.40000e+00 -2.40000e+00       2.110e+15  7.430648e-01  0.000000e+00 -3.429310e-01  2.569352e-01
 2.10000e+00 -2.40000e+00       1.094e+15  1.856850e-01  0.000000e+00 -2.807820e-01  8.143150e-01
 2.80000e+00 -2.40000e+00       7.585e+14  1.164804e-01  0.000000e+00 -4.270707e-01  8.835196e-01
 3.50000e+00 -2.40000e+00       6.185e+14  6.306710e-01  0.000000e+00 -3.833012e-01  3.693290e-01
 4.20000e+00 -2.40000e+00       3.889e+14  8.674292e-01  0.000000e+00 -4.049590e-02  1.325708e-01
 4.90000e+00 -2.40000e+00       1.746e+14  8.546864e-01  0.000000e+00  3.291290e-01  1.453136e-01
 5.60000e+00 -2.40000e+00       5.621e+13  7.045758e-01  0.000000e+00  6.199569e-01  2.954242e-01
 6.30000e+00 -2.40000e+00       1.308e+13  4.887846e-01  0.000000e+00  8.164123e-01  5.112154e-01
 7.00000e+00 -2.40000e+00       2.186e+12  2.509022e-01  0.000000e+00  9.259832e-01  7.490978e-01
-7.00000e+00 -2.00000e+00       4.742e+12 -1.771820e-01  0.000000e+00 -9.404378e-01  8.228180e-01
-6.30000e+00 -2.00000e+00       2.781e+13  9.738948e-02  0.000000e+00 -9.446249e-01  9.026105e-01
-5.60000e+00 -2.00000e+00       1.201e+14  3.843185e-01  0.000000e+00 -8.588044e-01  6.156815e-01
-4.90000e+00 -2.00000e+00       3.872e+14  6.454654e-01  0.000000e+00 -6.689528e-01  3.545346e-01
-4.20000e+00 -2.00000e+00       9.267e+14  8.289171e-01  0.000000e+00 -3.756361e-01  1.710829e-01
-3.50000e+00 -2.00000e+00       1.603e+15  8.655634e-01  0.000000e+00 -7.720298e-03  1.344366e-01
-2.80000e+00 -2.00000e+00       1.966e+15  6.404428e-01  0.000000e+00  2.696248e-01  3.595572e-01
-2.10000e+00 -2.00000e+00       1.790e+15  2.474204e-02  0.000000e+00  1.135169e-01  9.752580e-01
-1.40000e+00 -2.00000e+00       1.137e+15 -5.572308e-01  0.000000e+00 -2.489928e-01  4.427692e-01
-7.00000e-01 -2.00000e+00       3.456e+14 -7.342572e-01  0.000000e+00 -3.930164e-01  2.657428e-01
 0.00000e+00 -2.00000e+00       8.767e+13 -5.453885e-01  0.000000e+00  1.454278e-14  4.546115e-01
 7.00000e-01 -2.00000e+00       3.456e+14 -7.342572e-01  0.000000e+00  3.930164e-01  2.657428e-01
 1.40000e+00 -2.00000e+00       1.137e+15 -5.572308e-01  0.000000e+00  2.489928e-01  4.427692e-01
 2.10000e+00 -2.00000e+00       1.790e+15  2.474204e-02  0.000000e+00 -1.135169e-01  9.752580e-01
 2.80000e+00 -2.00000e+00       1.966e+15  6.404428e-01  0.000000e+00 -2.696248e-01  3.595572e-01
 3.50000e+00 -2.00000e+00       1.603e+15  8.655634e-01  0.000000e+00  7.720298e-03  1.344366e-01
 4.20000e+00 -2.00000e+00       9.267e+14  8.289171e-01  0.000000e+00  3.756361e-01  1.710829e-01
 4.90000e+00 -2.00000e+00       3.872e+14  6.454654e-01  0.000000e+00  6.689528e-01  3.545346e-01
 5.60000e+00 -2.00000e+00       1.201e+14  3.843185e-01  0.000000e+00  8.588044e-01  6.156815e-01
 6.30000e+00 -2.00000e+00       2.781e+13  9.738948e-02  0.000000e+00  9.446249e-01  9.026105e-01
 7.00000e+00 -2.00000e+00       4.742e+12 -1.771820e-01  0.000000e+00  9.404378e-01  8.228180e-01
-7.00000e+00 -1.60000e+00       7.279e+12 -5.418972e-01  0.000000e+00 -7.742663e-01  4.581028e-01
-6.30000e+00 -1.60000e+00       4.144e+13 -2.563206e-01  0.000000e+00 -9.003923e-01  7.436794e-01
-5.60000e+00 -1.60000e+00       1.786e+14  7.866761e-02  0.000000e+00 -9.262065e-01  9.213324e-01
-4.90000e+00 -1.60000e+00       5.948e+14  4.137421e-01  0.000000e+00 -8.281491e-01  5.862579e-01
-4.20000e+00 -1.60000e+00       1.530e+15  6.905265e-01  0.000000e+00 -6.105034e-01  3.094735e-01
-3.50000e+00 -1.60000e+00       2.939e+15  8.551563e-01  0.000000e+00 -3.002291e-01  1.448437e-01
-2.80000e+00 -1.60000e+00       4.011e+15  8.651677e-01  0.000000e+00  7.737664e-02  1.348323e-01
-2.10000e+00 -1.60000e+00       4.491e+15  8.006677e-01  0.000000e+00  2.548711e-01  1.993323e-01
-1.40000e+00 -1.60000e+00       7.568e+15  8.731752e-01  0.000000e+00 -1.727781e-01  1.268248e-01
-7.00000e-01 -1.60000e+00       1.128e+16  9.147159e-01  0.000000e+00 -2.977491e-01  8.528408e-02
 0.00000e+00 -1.60000e+00       1.044e+16  9.200354e-01  0.000000e+00 -5.849868e-15  7.996463e-02
 7.00000e-01 -1.60000e+00       1.128e+16  9.147159e-01  0.000000e+00  2.977491e-01  8.528408e-02
 1.40000e+00 -1.60000e+00       7.568e+15  8.731752e-01  0.000000e+00  1.727781e-01  1.268248e-01
 2.10000e+00 -1.60000e+00       4.491e+15  8.006677e-01  0.000000e+00 -2.548711e-01  1.993323e-01
 2.80000e+00 -1.60000e+00       4.011e+15  8.651677e-01  0.000000e+00 -7.737664e-02  1.348323e-01
 3.50000e+00 -1.60000e+00       2.939e+15  8.551563e-01  0.000000e+00  3.002291e-01  1.448437e-01
 4.20000e+00 -1.60000e+00       1.530e+15  6.905265e-01  0.000000e+00  6.105034e-01  3.094735e-01
 4.90000e+00 -1.60000e+00       5.948e+14  4.137421e-01  0.000000e+00  8.281491e-01  5.862579e-01
 5.60000e+00 -1.60000e+00       1.786e+14  7.866761e-02  0.000000e+00  9.262065e-01  9.213324e-01
 6.30000e+00 -1.60000e+00       4.144e+13 -2.563206e-01  0.000000e+00  9.003923e-01  7.436794e-01
 7.00000e+00 -1.60000e+00       7.279e+12 -5.418972e-01  0.000000e+00  7.742663e-01  4.581028e-01
-7.00000e+00 -1.20000e+00       7.926e+12 -7.938598e-01  0.000000e+00 -4.583832e-01  2.061402e-01
-6.30000e+00 -1.20000e+00       4.346e+13 -5.246241e-01  0.000000e+00 -7.332656e-01  4.753759e-01
-5.60000e+00 -1.20000e+00       1.878e+14 -1.436613e-01  0.000000e+00 -8.866301e-01  8.563387e-01
-4.90000e+00 -1.20000e+00       6.561e+14  2.627024e-01  0.000000e+00 -8.687475e-01  7.372976e-01
-4.20000e+00 -1.20000e+00       1.844e+15  6.002511e-01  0.000000e+00 -6.993301e-01  3.997489e-01
-3.50000e+00 -1.20000e+00       4.002e+15  8.204670e-01  0.000000e+00 -4.378997e-01  1.795330e-01
-2.80000e+00 -1.20000e+00       6.156e+15  9.072497e-01  0.000000e+00 -1.600557e-01  9.275026e-02
-2.10000e+00 -1.20000e+00       5.739e+15  7.542283e-01  0.000000e+00  7.794285e-02  2.457717e-01
-1.40000e+00 -1.20000e+00       3.295e+15  1.317440e-01  0.000000e+00  3.529900e-01  8.682560e-01
-7.00000e-01 -1.20000e+00       1.297e+15 -4.600338e-01  0.000000e+00  5.360573e-01  5.399662e-01
 0.00000e+00 -1.20000e+00       4.685e+14 -5.835150e-01  0.000000e+00  1.610470e-14  4.164850e-01
 7.00000e-01 -1.20000e+00       1.297e+15 -4.600338e-01  0.000000e+00 -5.360573e-01  5.399662e-01
 1.40000e+00 -1.20000e+00       3.295e+15  1.317440e-01  0.000000e+00 -3.529900e-01  8.682560e-01
 2.10000e+00 -1.20000e+00       5.739e+15  7.542283e-01  0.000000e+00 -7.794285e-02  2.457717e-01
 2.80000e+00 -1.20000e+00       6.156e+15  9.072497e-01  0.000000e+00  1.600557e-01  9.275026e-02
 3.50000e+00 -1.20000e+00       4.002e+15  8.204670e-01  0.000000e+00  4.378997e-01  1.795330e-01
 4.20000e+00 -1.20000e+00       1.844e+15  6.002511e-01  0.000000e+00  6.993301e-01  3.997489e-01
 4.90000e+00 -1.20000e+00       6.561e+14  2.627024e-01  0.000000e+00  8.687475e-01  7.372976e-01
 5.60000e+00 -1.20000e+00       1.878e+14 -1.436613e-01  0.000000e+00  8.866301e-01  8.563387e-01
 6.30000e+00 -1.20000e+00       4.346e+13 -5.246241e-01  0.000000e+00  7.332656e-01  4.753759e-01
 7.00000e+00 -1.20000e+00       7.926e+12 -7.938598e-01  0.000000e+00  4.583832e-01  2.061402e-01
-7.00000e+00 -8.00000e-01       5.888e+12 -8.467836e-01  0.000000e+00  5.704676e-03  1.532164e-01
-6.30000e+00 -8.00000e-01       3.057e+13 -6.493819e-01  0.000000e+00 -4.753389e-01  3.506181e-01
-5.60000e+00 -8.00000e-01       1.367e+14 -2.028468e-01  0.000000e+00 -7.964228e-01  7.971532e-01
-4.90000e+00 -8.00000e-01       5.330e+14  2.864480e-01  0.000000e+00 -8.301469e-01  7.135520e-01
-4.20000e+00 -8.00000e-01       1.724e+15  6.431774e-01  0.000000e+00 -6.652474e-01  3.568226e-01
-3.50000e+00 -8.00000e-01       4.303e+15  8.459784e-01  0.000000e+00 -4.344455e-01  1.540216e-01
-2.80000e+00 -8.00000e-01       7.475e+15  9.313901e-01  0.000000e+00 -1.956766e-01  6.860992e-02
-2.10000e+00 -8.00000e-01       8.582e+15  9.305843e-01  0.000000e+00  9.747512e-02  6.941571e-02
-1.40000e+00 -8.00000e-01       6.369e+15  8.981953e-01  0.000000e+00  3.487185e-01  1.018047e-01
-7.00000e-01 -8.00000e-01       2.212e+15  8.815611e-01  0.000000e+00  4.356190e-01  1.184389e-01
 0.00000e+00 -8.00000e-01       5.496e+14  8.763486e-01  0.000000e+00  1.403113e-15  1.236514e-01
 7.00000e-01 -8.00000e-01       2.212e+15  8.815611e-01  0.000000e+00 -4.356190e-01  1.184389e-01
 1.40000e+00 -8.00000e-01       6.369e+15  8.981953e-01  0.000000e+00 -3.487185e-01  1.018047e-01
 2.10000e+00 -8.00000e-01       8.582e+15  9.305843e-01  0.000000e+00 -9.747512e-02  6.941571e-02
 2.80000e+00 -8.00000e-01       7.475e+15  9.313901e-01  0.000000e+00  1.956766e-01  6.860992e-02
 3.50000e+00 -8.00000e-01       4.303e+15  8.459784e-01  0.000000e+00  4.344455e-01  1.540216e-01
 4.20000e+00 -8.00000e-01       1.724e+15  6.431774e-01  0.000000e+00  6.652474e-01  3.568226e-01
 4.90000e+00 -8.00000e-01       5.330e+14  2.864480e-01  0.000000e+00  8.301469e-01  7.135520e-01
 5.60000e+00 -8.00000e-01       1.367e+14 -2.028468e-01  0.000000e+00  7.964228e-01  7.971532e-01
 6.30000e+00 -8.00000e-01       3.057e+13 -6.493819e-01  0.000000e+00  4.753389e-01  3.506181e-01
 7.00000e+00 -8.00000e-01       5.888e+12 -8.467836e-01  0.000000e+00 -5.704676e-03  1.532164e-01
-7.00000e+00 -4.00000e-01       2.730e+12 -3.611509e-01  0.000000e+00  5.894788e-01  6.388491e-01
-6.30000e+00 -4.00000e-01       1.235e+13 -3.870420e-01  0.000000e+00 -1.429759e-01  6.129580e-01
-5.60000e+00 -4.00000e-01       6.540e+13  1.467699e-01  0.000000e+00 -6.702975e-01  8.532301e-01
-4.90000e+00 -4.00000e-01       3.425e+14  6.195358e-01  0.000000e+00 -6.436408e-01  3.804642e-01
-4.20000e+00 -4.00000e-01       1.401e+15  8.452341e-01  0.000000e+00 -4.557486e-01  1.547659e-01
-3.50000e+00 -4.00000e-01       4.096e+15  9.397839e-01  0.000000e+00 -2.812479e-01  6.021614e-02
-2.80000e+00 -4.00000e-01       8.150e+15  9.771233e-01  0.000000e+00 -1.295439e-01  2.287674e-02
-2.10000e+00 -4.00000e-01       1.096e+16  9.895940e-01  0.000000e+00  9.571642e-03  1.040604e-02
-1.40000e+00 -4.00000e-01       8.184e+15  9.923739e-01  0.000000e+00  8.476265e-02  7.626073e-03
-7.00000e-01 -4.00000e-01       2.415e+15  9.921048e-01  0.000000e+00  1.041761e-01  7.895234e-03
 0.00000e+00 -4.00000e-01       5.262e+14  9.886788e-01  0.000000e+00 -4.158955e-15  1.132118e-02
 7.00000e-01 -4.00000e-01       2.415e+15  9.921048e-01  0.000000e+00 -1.041761e-01  7.895234e-03
 1.40000e+00 -4.00000e-01       8.184e+15  9.923739e-01  0.000000e+00 -8.476265e-02  7.626073e-03
 2.10000e+00 -4.00000e-01       1.096e+16  9.895940e-01  0.000000e+00 -9.571642e-03  1.040604e-02
 2.80000e+00 -4.00000e-01       8.150e+15  9.771233e-01  0.000000e+00  1.295439e-01  2.287674e-02
 3.50000e+00 -4.00000e-01       4.096e+15  9.397839e-01  0.000000e+00  2.812479e-01  6.021614e-02
 4.20000e+00 -4.00000e-01       1.401e+15  8.452341e-01  0.000000e+00  4.557486e-01  1.547659e-01
 4.90000e+00 -4.00000e-01       3.425e+14  6.195358e-01  0.000000e+00  6.436408e-01  3.804642e-01
 5.60000e+00 -4.00000e-01       6.540e+13  1.467699e-01  0.000000e+00  6.702975e-01  8.532301e-01
 6.30000e+00 -4.00000e-01       1.235e+13 -3.870420e-01  0.000000e+00  1.429759e-01  6.129580e-01
 7.00000e+00 -4.00000e-01       2.730e+12 -3.611509e-01  0.000000e+00 -5.894788e-01  6.388491e-01
-7.00000e+00  0.00000e+00       1.220e+12  9.978371e-01  0.000000e+00  2.095378e-10  2.162929e-03
-6.30000e+00  0.00000e+00       3.883e+12  9.968709e-01  0.000000e+00  6.186427e-10  3.129148e-03
-5.60000e+00  0.00000e+00       3.271e+13  9.987872e-01  0.000000e+00  1.743737e-10  1.212787e-03
-4.90000e+00  0.00000e+00       2.541e+14  9.996342e-01  0.000000e+00 -5.899034e-11  3.657863e-04
-4.20000e+00  0.00000e+00       1.240e+15  9.998743e-01  0.000000e+00 -5.136796e-11  1.257458e-04
-3.50000e+00  0.00000e+00       3.944e+15  9.999540e-01  0.000000e+00  1.338445e-11  4.598084e-05
-2.80000e+00  0.00000e+00       8.316e+15  9.999832e-01  0.000000e+00 -2.400628e-11  1.678691e-05
-2.10000e+00  0.00000e+00       1.164e+16  9.999925e-01  0.000000e+00 -1.780941e-10  7.544762e-06
-1.40000e+00  0.00000e+00       8.495e+15  9.999855e-01  0.000000e+00 -6.436681e-10  1.450923e-05
-7.00000e-01  0.00000e+00       2.381e+15  9.999197e-01  0.000000e+00 -3.236859e-09  8.025747e-05
 0.00000e+00  0.00000e+00       5.338e+14  9.996111e-01  0.000000e+00 -1.623131e-17  3.889164e-04
 7.00000e-01  0.00000e+00       2.381e+15  9.999197e-01  0.000000e+00  3.236859e-09  8.025747e-05
 1.40000e+00  0.00000e+00       8.495e+15  9.999855e-01  0.000000e+00  6.436680e-10  1.450923e-05
 2.10000e+00  0.00000e+00       1.164e+16  9.999925e-01  0.000000e+00  1.780941e-10  7.544762e-06
 2.80000e+00  0.00000e+00       8.316e+15  9.999832e-01  0.000000e+00  2.400643e-11  1.678691e-05
 3.50000e+00  0.00000e+00       3.944e+15  9.999540e-01  0.000000e+00 -1.338416e-11  4.598084e-05
 4.20000e+00  0.00000e+00       1.240e+15  9.998743e-01  0.000000e+00  5.136850e-11  1.257458e-04
 4.90000e+00  0.00000e+00       2.541e+14  9.996342e-01  0.000000e+00  5.899136e-11  3.657863e-04
 5.60000e+00  0.00000e+00       3.271e+13  9.987872e-01  0.000000e+00 -1.743724e-10  1.212787e-03
 6.30000e+00  0.00000e+00       3.883e+12  9.968709e-01  0.000000e+00 -6.186436e-10  3.129148e-03
 7.00000e+00  0.00000e+00       1.220e+12  9.978371e-01  0.000000e+00 -2.095419e-10  2.162929e-03
-7.00000e+00  4.00000e-01       2.730e+12 -3.611509e-01  0.000000e+00 -5.894788e-01  6.388491e-01
-6.30000e+00  4.00000e-01       1.235e+13 -3.870420e-01  0.000000e+00  1.429759e-01  6.129580e-01
-5.60000e+00  4.00000e-01       6.540e+13  1.467699e-01  0.000000e+00  6.702975e-01  8.532301e-01
-4.90000e+00  4.00000e-01       3.425e+14  6.195358e-01  0.000000e+00  6.436408e-01  3.804642e-01
-4.20000e+00  4.00000e-01       1.401e+15  8.452341e-01  0.000000e+00  4.557486e-01  1.547659e-01
-3.50000e+00  4.00000e-01       4.096e+15  9.397839e-01  0.000000e+00  2.812479e-01  6.021614e-02
-2.80000e+00  4.00000e-01       8.150e+15  9.771233e-01  0.000000e+00  1.295439e-01  2.287674e-02
-2.10000e+00  4.00000e-01       1.096e+16  9.895940e-01  0.000000e+00 -9.571643e-03  1.040604e-02
-1.40000e+00  4.00000e-01       8.184e+15  9.923739e-01  0.000000e+00 -8.476265e-02  7.626073e-03
-7.00000e-01  4.00000e-01       2.415e+15  9.921048e-01  0.000000e+00 -1.041761e-01  7.895235e-03
 0.00000e+00  4.00000e-01       5.262e+14  9.886788e-01  0.000000e+00  4.154562e-15  1.132118e-02
 7.00000e-01  4.00000e-01       2.415e+15  9.921048e-01  0.000000e+00  1.041761e-01  7.895235e-03
 1.40000e+00  4.00000e-01       8.184e+15  9.923739e-01  0.000000e+00  8.476265e-02  7.626073e-03
 2.10000e+00  4.00000e-01       1.096e+16  9.895940e-01  0.000000e+00  9.571643e-03  1.040604e-02
 2.80000e+00  4.00000e-01       8.150e+15  9.771233e-01  0.000000e+00 -1.295439e-01  2.287674e-02
 3.50000e+00  4.00000e-01       4.096e+15  9.397839e-01  0.000000e+00 -2.812479e-01  6.021614e-02
 4.20000e+00  4.00000e-01       1.401e+15  8.452341e-01  0.000000e+00 -4.557486e-01  1.547659e-01
 4.90000e+00  4.00000e-01       3.425e+14  6.195358e-01  0.000000e+00 -6.436408e-01  3.804642e-01
 5.60000e+00  4.00000e-01       6.540e+13  1.467699e-01  0.000000e+00 -6.702975e-01  8.532301e-01
 6.30000e+00  4.00000e-01       1.235e+13 -3.870420e-01  0.000000e+00 -1.429759e-01  6.129580e-01
 7.00000e+00  4.00000e-01       2.730e+12 -3.611509e-01  0.000000e+00  5.894788e-01  6.388491e-01
-7.00000e+00  8.00000e-01       5.888e+12 -8.467836e-01  0.000000e+00 -5.704676e-03  1.532164e-01
-6.30000e+00  8.00000e-01       3.057e+13 -6.493819e-01  0.000000e+00  4.753389e-01  3.506181e-01
-5.60000e+00  8.00000e-01       1.367e+14 -2.028468e-01  0.000000e+00  7.964228e-01  7.971532e-01
-4.90000e+00  8.00000e-01       5.330e+14  2.864480e-01  0.000000e+00  8.301469e-01  7.135520e-01
-4.20000e+00  8.00000e-01       1.724e+15  6.431774e-01  0.000000e+00  6.652474e-01  3.568226e-01
-3.50000e+00  8.00000e-01       4.303e+15  8.459784e-01  0.000000e+00  4.344455e-01  1.540216e-01
-2.80000e+00  8.00000e-01       7.475e+15  9.313901e-01  0.000000e+00  1.956766e-01  6.860992e-02
-2.10000e+00  8.00000e-01       8.582e+15  9.305843e-01  0.000000e+00 -9.747512e-02  6.941571e-02
-1.40000e+00  8.00000e-01       6.369e+15  8.981953e-01  0.000000e+00 -3.487185e-01  1.018047e-01
-7.00000e-01  8.00000e-01       2.212e+15  8.815611e-01  0.000000e+00 -4.356190e-01  1.184389e-01
 0.00000e+00  8.00000e-01       5.496e+14  8.763486e-01  0.000000e+00  2.494458e-16  1.236514e-01
 7.00000e-01  8.00000e-01       2.212e+15  8.815611e-01  0.000000e+00  4.356190e-01  1.184389e-01
 1.40000e+00  8.00000e-01       6.369e+15  8.981953e-01  0.000000e+00  3.487185e-01  1.018047e-01
 2.10000e+00  8.00000e-01       8.582e+15  9.305843e-01  0.000000e+00  9.747512e-02  6.941571e-02
 2.80000e+00  8.00000e-01       7.475e+15  9.313901e-01  0.000000e+00 -1.956766e-01  6.860992e-02
 3.50000e+00  8.00000e-01       4.303e+15  8.459784e-01  0.000000e+00 -4.344455e-01  1.540216e-01
 4.20000e+00  8.00000e-01       1.724e+15  6.431774e-01  0.000000e+00 -6.652474e-01  3.568226e-01
 4.90000e+00  8.00000e-01       5.330e+14  2.864480e-01  0.000000e+00 -8.301469e-01  7.135520e-01
 5.60000e+00  8.00000e-01       1.367e+14 -2.028468e-01  0.000000e+00 -7.964228e-01  7.971532e-01
 6.30000e+00  8.00000e-01       3.057e+13 -6.493819e-01  0.000000e+00 -4.753389e-01  3.506181e-01
 7.00000e+00  8.00000e-01       5.888e+12 -8.467836e-01  0.000000e+00  5.704676e-03  1.532164e-01
-7.00000e+00  1.20000e+00       7.926e+12 -7.938598e-01  0.000000e+00  4.583832e-01  2.061402e-01
-6.30000e+00  1.20000e+00       4.346e+13 -5.246241e-01  0.000000e+00  7.332656e-01  4.753759e-01
-5.60000e+00  1.20000e+00       1.878e+14 -1.436613e-01  0.000000e+00  8.866301e-01  8.563387e-01
-4.90000e+00  1.20000e+00       6.561e+14  2.627024e-01  0.000000e+00  8.687475e-01  7.372976e-01
-4.20000e+00  1.20000e+00       1.844e+15  6.002511e-01  0.000000e+00  6.993301e-01  3.997489e-01
-3.50000e+00  1.20000e+00       4.002e+15  8.204670e-01  0.000000e+00  4.378997e-01  1.795330e-01
-2.80000e+00  1.20000e+00       6.156e+15  9.072497e-01  0.000000e+00  1.600557e-01  9.275026e-02
-2.10000e+00  1.20000e+00       5.739e+15  7.542283e-01  0.000000e+00 -7.794285e-02  2.457717e-01
-1.40000e+00  1.20000e+00       3.295e+15  1.317440e-01  0.000000e+00 -3.529900e-01  8.682560e-01
-7.00000e-01  1.20000e+00       1.297e+15 -4.600338e-01  0.000000e+00 -5.360573e-01  5.399662e-01
 0.00000e+00  1.20000e+00       4.685e+14 -5.835150e-01  0.000000e+00 -1.399329e-14  4.164850e-01
 7.00000e-01  1.20000e+00       1.297e+15 -4.600338e-01  0.000000e+00  5.360573e-01  5.399662e-01
 1.40000e+00  1.20000e+00       3.295e+15  1.317440e-01  0.000000e+00  3.529900e-01  8.682560e-01
 2.10000e+00  1.20000e+00       5.739e+15  7.542283e-01  0.000000e+00  7.794285e-02  2.457717e-01
 2.80000e+00  1.20000e+00       6.156e+15  9.072497e-01  0.000000e+00 -1.600557e-01  9.275026e-02
 3.50000e+00  1.20000e+00       4.002e+15  8.204670e-01  0.000000e+00 -4.378997e-01  1.795330e-01
 4.20000e+00  1.20000e+00       1.844e+15  6.002511e-01  0.000000e+00 -6.993301e-01  3.997489e-01
 4.90000e+00  1.20000e+00       6.561e+14  2.627024e-01  0.000000e+00 -8.687475e-01  7.372976e-01
 5.60000e+00  1.20000e+00       1.878e+14 -1.436613e-01  0.000000e+00 -8.866301e-01  8.563387e-01
 6.30000e+00  1.20000e+00       4.346e+13 -5.246241e-01  0.000000e+00 -7.332656e-01  4.753759e-01
 7.00000e+00  1.20000e+00       7.926e+12 -7.938598e-01  0.000000e+00 -4.583832e-01  2.061402e-01
-7.00000e+00  1.60000e+00       7.279e+12 -5.418972e-01  0.000000e+00  7.742663e-01  4.581028e-01
-6.30000e+00  1.60000e+00       4.144e+13 -2.563206e-01  0.000000e+00  9.003923e-01  7.436794e-01
-5.60000e+00  1.60000e+00       1.786e+14  7.866761e-02  0.000000e+00  9.262065e-01  9.213324e-01
-4.90000e+00  1.60000e+00       5.948e+14  4.137421e-01  0.000000e+00  8.281491e-01  5.862579e-01
-4.20000e+00  1.60000e+00       1.530e+15  6.905265e-01  0.000000e+00  6.105034e-01  3.094735e-01
-3.50000e+00  1.60000e+00       2.939e+15  8.551563e-01  0.000000e+00  3.002291e-01  1.448437e-01
-2.80000e+00  1.60000e+00       4.011e+15  8.651677e-01  0.000000e+00 -7.737664e-02  1.348323e-01
-2.10000e+00  1.60000e+00       4.491e+15  8.006677e-01  0.000000e+00 -2.548711e-01  1.993323e-01
-1.40000e+00  1.60000e+00       7.568e+15  8.731751e-01  0.000000e+00  1.727781e-01  1.268249e-01
-7.00000e-01  1.60000e+00       1.128e+16  9.147159e-01  0.000000e+00  2.977491e-01  8.528408e-02
 0.00000e+00  1.60000e+00       1.044e+16  9.200354e-01  0.000000e+00  5.848075e-15  7.996463e-02
 7.00000e-01  1.60000e+00       1.128e+16  9.147159e-01  0.000000e+00 -2.977491e-01  8.528408e-02
 1.40000e+00  1.60000e+00       7.568e+15  8.731751e-01  0.000000e+00 -1.727781e-01  1.268249e-01
 2.10000e+00  1.60000e+00       4.491e+15  8.006677e-01  0.000000e+00  2.548711e-01  1.993323e-01
 2.80000e+00  1.60000e+00       4.011e+15  8.651677e-01  0.000000e+00  7.737664e-02  1.348323e-01
 3.50000e+00  1.60000e+00       2.939e+15  8.551563e-01  0.000000e+00 -3.002291e-01  1.448437e-01
 4.20000e+00  1.60000e+00       1.530e+15  6.905265e-01  0.000000e+00 -6.105034e-01  3.094735e-01
 4.90000e+00  1.60000e+00       5.948e+14  4.137421e-01  0.000000e+00 -8.281491e-01  5.862579e-01
 5.60000e+00  1.60000e+00       1.786e+14  7.866761e-02  0.000000e+00 -9.262065e-01  9.213324e-01
 6.30000e+00  1.60000e+00       4.144e+13 -2.563206e-01  0.000000e+00 -9.003923e-01  7.436794e-01
 7.00000e+00  1.60000e+00       7.279e+12 -5.418972e-01  0.000000e+00 -7.742663e-01  4.581028e-01
-7.00000e+00  2.00000e+00       4.742e+12 -1.771820e-01  0.000000e+00  9.404378e-01  8.228180e-01
-6.30000e+00  2.00000e+00       2.781e+13  9.738948e-02  0.000000e+00  9.446249e-01  9.026105e-01
-5.60000e+00  2.00000e+00       1.201e+14  3.843185e-01  0.000000e+00  8.588044e-01  6.156815e-01
-4.90000e+00  2.00000e+00       3.872e+14  6.454654e-01  0.000000e+00  6.689528e-01  3.545346e-01
-4.20000e+00  2.00000e+00       9.267e+14  8.289171e-01  0.000000e+00  3.756361e-01  1.710829e-01
-3.50000e+00  2.00000e+00       1.603e+15  8.655634e-01  0.000000e+00  7.720298e-03  1.344366e-01
-2.80000e+00  2.00000e+00       1.966e+15  6.404428e-01  0.000000e+00 -2.696248e-01  3.595572e-01
-2.10000e+00  2.00000e+00       1.790e+15  2.474204e-02  0.000000e+00 -1.135169e-01  9.752580e-01
-1.40000e+00  2.00000e+00       1.137e+15 -5.572308e-01  0.000000e+00  2.489927e-01  4.427692e-01
-7.00000e-01  2.00000e+00       3.456e+14 -7.342572e-01  0.000000e+00  3.930163e-01  2.657428e-01
 0.00000e+00  2.00000e+00       8.767e+13 -5.453884e-01  0.000000e+00 -1.472474e-14  4.546116e-01
 7.00000e-01  2.00000e+00       3.456e+14 -7.342572e-01  0.000000e+00 -3.930163e-01  2.657428e-01
 1.40000e+00  2.00000e+00       1.137e+15 -5.572308e-01  0.000000e+00 -2.489927e-01  4.427692e-01
 2.10000e+00  2.00000e+00       1.790e+15  2.474204e-02  0.000000e+00  1.135169e-01  9.752580e-01
 2.80000e+00  2.00000e+00       1.966e+15  6.404428e-01  0.000000e+00  2.696248e-01  3.595572e-01
 3.50000e+00  2.00000e+00       1.603e+15  8.655634e-01  0.000000e+00 -7.720298e-03  1.344366e-01
 4.20000e+00  2.00000e+00       9.267e+14  8.289171e-01  0.000000e+00 -3.756361e-01  1.710829e-01
 4.90000e+00  2.00000e+00       3.872e+14  6.454654e-01  0.000000e+00 -6.689528e-01  3.545346e-01
 5.60000e+00  2.00000e+00       1.201e+14  3.843185e-01  0.000000e+00 -8.588044e-01  6.156815e-01
 6.30000e+00  2.00000e+00       2.781e+13  9.738948e-02  0.000000e+00 -9.446249e-01  9.026105e-01
 7.00000e+00  2.00000e+00       4.742e+12 -1.771820e-01  0.000000e+00 -9.404378e-01  8.228180e-01
-7.00000e+00  2.40000e+00       2.186e+12  2.509022e-01  0.000000e+00  9.259832e-01  7.490978e-01
-6.30000e+00  2.40000e+00       1.308e+13  4.887846e-01  0.000000e+00  8.164123e-01  5.112154e-01
-5.60000e+00  2.40000e+00       5.621e+13  7.045758e-01  0.000000e+00  6.199569e-01  2.954242e-01
-4.90000e+00  2.40000e+00       1.746e+14  8.546864e-01  0.000000e+00  3.291290e-01  1.453136e-01
-4.20000e+00  2.40000e+00       3.889e+14  8.674292e-01  0.000000e+00 -4.049590e-02  1.325708e-01
-3.50000e+00  2.40000e+00       6.185e+14  6.306710e-01  0.000000e+00 -3.833012e-01  3.693290e-01
-2.80000e+00  2.40000e+00       7.585e+14  1.164804e-01  0.000000e+00 -4.270707e-01  8.835196e-01
-2.10000e+00  2.40000e+00       1.094e+15  1.856850e-01  0.000000e+00 -2.807820e-01  8.143150e-01
-1.40000e+00  2.40000e+00       2.110e+15  7.430648e-01  0.000000e+00 -3.429310e-01  2.569352e-01
-7.00000e-01  2.40000e+00       2.108e+15  8.841135e-01  0.000000e+00 -3.531296e-01  1.158865e-01
 0.00000e+00  2.40000e+00       1.307e+15  8.961154e-01  0.000000e+00  4.033982e-15  1.038846e-01
 7.00000e-01  2.40000e+00       2.108e+15  8.841135e-01  0.000000e+00  3.531296e-01  1.158865e-01
 1.40000e+00  2.40000e+00       2.110e+15  7.430648e-01  0.000000e+00  3.429310e-01  2.569352e-01
 2.10000e+00  2.40000e+00       1.094e+15  1.856850e-01  0.000000e+00  2.807820e-01  8.143150e-01
 2.80000e+00  2.40000e+00       7.585e+14  1.164804e-01  0.000000e+00  4.270707e-01  8.835196e-01
 3.50000e+00  2.40000e+00       6.185e+14  6.306710e-01  0.000000e+00  3.833012e-01  3.693290e-01
 4.20000e+00  2.40000e+00       3.889e+14  8.674292e-01  0.000000e+00  4.049590e-02  1.325708e-01
 4.90000e+00  2.40000e+00       1.746e+14  8.546864e-01  0.000000e+00 -3.291290e-01  1.453136e-01
 5.60000e+00  2.40000e+00       5.621e+13  7.045758e-01  0.000000e+00 -6.199569e-01  2.954242e-01
 6.30000e+00  2.40000e+00       1.308e+13  4.887846e-01  0.000000e+00 -8.164123e-01  5.112154e-01
 7.00000e+00  2.40000e+00       2.186e+12  2.509022e-01  0.000000e+00 -9.259832e-01  7.490978e-01
-7.00000e+00  2.80000e+00       6.950e+11  6.679365e-01  0.000000e+00  6.764228e-01  3.320635e-01
-6.30000e+00  2.80000e+00       4.178e+12  8.245985e-01  0.000000e+00  4.525698e-01  1.754015e-01
-5.60000e+00  2.80000e+00       1.763e+13  9.043731e-01  0.000000e+00  1.475017e-01  9.562690e-02
-4.90000e+00  2.80000e+00       5.248e+13  8.377449e-01  0.000000e+00 -2.162010e-01  1.622551e-01
-4.20000e+00  2.80000e+00       1.117e+14  5.272356e-01  0.000000e+00 -5.223239e-01  4.727644e-01
-3.50000e+00  2.80000e+00       1.854e+14  1.364360e-02  0.000000e+00 -4.532510e-01  9.863564e-01
-2.80000e+00  2.80000e+00       3.065e+14 -2.374037e-02  0.000000e+00  1.847964e-02  9.762596e-01
-2.10000e+00  2.80000e+00       5.358e+14  5.755981e-01  0.000000e+00  1.677792e-01  4.244019e-01
-1.40000e+00  2.80000e+00       5.374e+14  8.807891e-01  0.000000e+00  1.321395e-01  1.192109e-01
-7.00000e-01  2.80000e+00       2.131e+14  9.248915e-01  0.000000e+00  1.167026e-01  7.510848e-02
 0.00000e+00  2.80000e+00       8.275e+13  8.250013e-01  0.000000e+00 -1.564792e-15  1.749987e-01
 7.00000e-01  2.80000e+00       2.131e+14  9.248915e-01  0.000000e+00 -1.167026e-01  7.510848e-02
 1.40000e+00  2.80000e+00       5.374e+14  8.807891e-01  0.000000e+00 -1.321395e-01  1.192109e-01
 2.10000e+00  2.80000e+00       5.358e+14  5.755981e-01  0.000000e+00 -1.677792e-01  4.244019e-01
 2.80000e+00  2.80000e+00       3.065e+14 -2.374037e-02  0.000000e+00 -1.847964e-02  9.762596e-01
 3.50000e+00  2.80000e+00       1.854e+14  1.364360e-02  0.000000e+00  4.532510e-01  9.863564e-01
 4.20000e+00  2.80000e+00       1.117e+14  5.272356e-01  0.000000e+00  5.223239e-01  4.727644e-01
 4.90000e+00  2.80000e+00       5.248e+13  8.377449e-01  0.000000e+00  2.162010e-01  1.622551e-01
 5.60000e+00  2.80000e+00       1.763e+13  9.043731e-01  0.000000e+00 -1.475017e-01  9.562690e-02
 6.30000e+00  2.80000e+00       4.178e+12  8.245985e-01  0.000000e+00 -4.525698e-01  1.754015e-01
 7.00000e+00  2.80000e+00       6.950e+11  6.679365e-01  0.000000e+00 -6.764228e-01  3.320635e-01
-7.00000e+00  3.20000e+00       1.527e+11  9.035736e-01  0.000000e+00  1.321704e-01  9.642636e-02
-6.30000e+00  3.20000e+00       9.209e+11  8.863608e-01  0.000000e+00 -1.753996e-01  1.136392e-01
-5.60000e+00  3.20000e+00       3.781e+12  6.943683e-01  0.000000e+00 -4.883627e-01  3.056317e-01
-4.90000e+00  3.20000e+00       1.094e+13  2.654950e-01  0.000000e+00 -6.654496e-01  7.345050e-01
-4.20000e+00  3.20000e+00       2.520e+13 -2.256879e-01  0.000000e+00 -4.055722e-01  7.743121e-01
-3.50000e+00  3.20000e+00       5.417e+13 -1.977045e-01  0.000000e+00  1.898236e-01  8.022955e-01
-2.80000e+00  3.20000e+00       1.092e+14  3.533916e-01  0.000000e+00  2.649068e-01  6.466084e-01
-2.10000e+00  3.20000e+00       1.743e+14  7.893173e-01  0.000000e+00 -2.217620e-02  2.106827e-01
-1.40000e+00  3.20000e+00       3.501e+14  9.392888e-01  0.000000e+00 -1.315911e-01  6.071121e-02
-7.00000e-01  3.20000e+00       8.207e+14  9.464039e-01  0.000000e+00 -1.012870e-01  5.359611e-02
 0.00000e+00  3.20000e+00       1.074e+15  9.419596e-01  0.000000e+00  4.305991e-15  5.804037e-02
 7.00000e-01  3.20000e+00       8.207e+14  9.464039e-01  0.000000e+00  1.012870e-01  5.359611e-02
 1.40000e+00  3.20000e+00       3.501e+14  9.392888e-01  0.000000e+00  1.315911e-01  6.071121e-02
 2.10000e+00  3.20000e+00       1.743e+14  7.893173e-01  0.000000e+00  2.217620e-02  2.106827e-01
 2.80000e+00  3.20000e+00       1.092e+14  3.533916e-01  0.000000e+00 -2.649068e-01  6.466084e-01
 3.50000e+00  3.20000e+00       5.417e+13 -1.977045e-01  0.000000e+00 -1.898236e-01  8.022955e-01
 4.20000e+00  3.20000e+00       2.520e+13 -2.256879e-01  0.000000e+00  4.055722e-01  7.743121e-01
 4.90000e+00  3.20000e+00       1.094e+13  2.654950e-01  0.000000e+00  6.654496e-01  7.345050e-01
 5.60000e+00  3.20000e+00       3.781e+12  6.943683e-01  0.000000e+00  4.883627e-01  3.056317e-01
 6.30000e+00  3.20000e+00       9.209e+11  8.863608e-01  0.000000e+00  1.753996e-01  1.136392e-01
 7.00000e+00  3.20000e+00       1.527e+11  9.035736e-01  0.000000e+00 -1.321704e-01  9.642636e-02
-7.00000e+00  3.60000e+00       2.155e+10  5.523053e-01  0.000000e+00 -5.282628e-01  4.476947e-01
-6.30000e+00  3.60000e+00       1.242e+11  2.659187e-01  0.000000e+00 -7.251606e-01  7.340813e-01
-5.60000e+00  3.60000e+00       5.406e+11 -2.055465e-01  0.000000e+00 -6.320916e-01  7.944535e-01
-4.90000e+00  3.60000e+00       1.889e+12 -4.856623e-01  0.000000e+00 -1.236227e-01  5.143377e-01
-4.20000e+00  3.60000e+00       5.707e+12 -1.953893e-01  0.000000e+00  4.031884e-01  8.046107e-01
-3.50000e+00  3.60000e+00       1.424e+13  3.165646e-01  0.000000e+00  3.553177e-01  6.834354e-01
-2.80000e+00  3.60000e+00       2.696e+13  5.328166e-01  0.000000e+00 -1.132088e-01  4.671834e-01
-2.10000e+00  3.60000e+00       4.516e+13  6.436318e-01  0.000000e+00 -8.970305e-02  3.563682e-01
-1.40000e+00  3.60000e+00       7.412e+13  7.904056e-01  0.000000e+00  3.339834e-01  2.095944e-01
-7.00000e-01  3.60000e+00       6.273e+13  8.347280e-01  0.000000e+00  4.438263e-01  1.652720e-01
 0.00000e+00  3.60000e+00       3.428e+13  8.337306e-01  0.000000e+00  1.295201e-15  1.662694e-01
 7.00000e-01  3.60000e+00       6.273e+13  8.347280e-01  0.000000e+00 -4.438263e-01  1.652720e-01
 1.40000e+00  3.60000e+00       7.412e+13  7.904056e-01  0.000000e+00 -3.339834e-01  2.095944e-01
 2.10000e+00  3.60000e+00       4.516e+13  6.436318e-01  0.000000e+00  8.970305e-02  3.563682e-01
 2.80000e+00  3.60000e+00       2.696e+13  5.328166e-01  0.000000e+00  1.132088e-01  4.671834e-01
 3.50000e+00  3.60000e+00       1.424e+13  3.165646e-01  0.000000e+00 -3.553177e-01  6.834354e-01
 4.20000e+00  3.60000e+00       5.707e+12 -1.953893e-01  0.000000e+00 -4.031884e-01  8.046107e-01
 4.90000e+00  3.60000e+00       1.889e+12 -4.856623e-01  0.000000e+00  1.236227e-01  5.143377e-01
 5.60000e+00  3.60000e+00       5.406e+11 -2.055465e-01  0.000000e+00  6.320916e-01  7.944535e-01
 6.30000e+00  3.60000e+00       1.242e+11  2.659187e-01  0.000000e+00  7.251606e-01  7.340813e-01
 7.00000e+00  3.60000e+00       2.155e+10  5.523053e-01  0.000000e+00  5.282628e-01  4.476947e-01
-7.00000e+00  4.00000e+00       3.261e+09 -4.969061e-01  0.000000e+00 -3.551060e-01  5.030939e-01
-6.30000e+00  4.00000e+00       1.610e+10 -6.091997e-01  0.000000e+00 -1.308463e-01  3.908003e-01
-5.60000e+00  4.00000e+00       7.944e+10 -4.656383e-01  0.000000e+00  3.554995e-01  5.343617e-01
-4.90000e+00  4.00000e+00       3.361e+11  4.490602e-02  0.000000e+00  5.790019e-01  9.550940e-01
-4.20000e+00  4.00000e+00       1.086e+12  4.740224e-01  0.000000e+00  3.113968e-01  5.259776e-01
-3.50000e+00  4.00000e+00       2.502e+12  4.058133e-01  0.000000e+00 -1.317941e-01  5.941867e-01
-2.80000e+00  4.00000e+00       4.516e+12  5.813314e-02  0.000000e+00 -3.336449e-01  9.418669e-01
-2.10000e+00  4.00000e+00       8.330e+12  3.864505e-01  0.000000e+00 -3.291757e-01  6.135495e-01
-1.40000e+00  4.00000e+00       1.148e+13  7.750005e-01  0.000000e+00 -3.291781e-01  2.249995e-01
-7.00000e-01  4.00000e+00       6.619e+12  8.568705e-01  0.000000e+00 -3.101560e-01  1.431295e-01
 0.00000e+00  4.00000e+00       2.847e+12  8.021541e-01  0.000000e+00 -1.025688e-14  1.978459e-01
 7.00000e-01  4.00000e+00       6.619e+12  8.568705e-01  0.000000e+00  3.101560e-01  1.431295e-01
 1.40000e+00  4.00000e+00       1.148e+13  7.750005e-01  0.000000e+00  3.291781e-01  2.249995e-01
 2.10000e+00  4.00000e+00       8.330e+12  3.864505e-01  0.000000e+00  3.291757e-01  6.135495e-01
 2.80000e+00  4.00000e+00       4.516e+12  5.813314e-02  0.000000e+00  3.336449e-01  9.418669e-01
 3.50000e+00  4.00000e+00       2.502e+12  4.058133e-01  0.000000e+00  1.317941e-01  5.941867e-01
 4.20000e+00  4.00000e+00       1.086e+12  4.740224e-01  0.000000e+00 -3.113968e-01  5.259776e-01
 4.90000e+00  4.00000e+00       3.361e+11  4.490602e-02  0.000000e+00 -5.790019e-01  9.550940e-01
 5.60000e+00  4.00000e+00       7.944e+10 -4.656383e-01  0.000000e+00 -3.554995e-01  5.343617e-01
 6.30000e+00  4.00000e+00       1.610e+10 -6.091997e-01  0.000000e+00  1.308463e-01  3.908003e-01
 7.00000e+00  4.00000e+00       3.261e+09 -4.969061e-01  0.000000e+00  3.551060e-01  5.030939e-01
