 EB(GeV)    EMITTANCEx EMITTANCEy SIZEx(m)   SIZEy(m)   DIVx(rad)  DIVy(rad)
 2.411e+00  5.499e-09  1.017e-12  8.711e-05  1.009e-06  6.313e-05  1.009e-06
 betax      alphax     betay      alphay     eta        deta       E_spread  
 1.380e+00  0.000e+00  1.000e+00  0.000e+00  0.000e+00  0.000e+00  8.600e-04
 Ibeam(A)   period(cm) #periods   Kx         Ky         Energy(eV)
 4.005e-01  1.900e+00         96  0.000e+00  1.780e+00  2.829e+04


           x            y       F.Density            PL            PC          PL45        1-|PL|
          mm           mm  ph/s/mr^2/0.1%             -             -             -             -
-7.00000e+00 -4.00000e+00       2.059e+01 -6.429496e-01  0.000000e+00  4.103713e-01  3.570504e-01
-6.30000e+00 -4.00000e+00       9.622e+01 -1.793350e-01  0.000000e+00  2.101627e-01  8.206650e-01
-5.60000e+00 -4.00000e+00       2.211e+03  8.287317e-01  0.000000e+00  7.984713e-02  1.712683e-01
-4.90000e+00 -4.00000e+00       2.958e+04  9.064118e-01  0.000000e+00  7.389684e-02  9.358823e-02
-4.20000e+00 -4.00000e+00       2.851e+05  4.899848e-01  0.000000e+00  2.460084e-01  5.100152e-01
-3.50000e+00 -4.00000e+00       2.915e+06  4.776120e-01  0.000000e+00  3.386545e-01  5.223880e-01
-2.80000e+00 -4.00000e+00       5.290e+06 -1.998118e-01  0.000000e+00  7.135841e-01  8.001882e-01
-2.10000e+00 -4.00000e+00       3.018e+07  3.248313e-01  0.000000e+00 -3.290794e-02  6.751687e-01
-1.40000e+00 -4.00000e+00       9.932e+07  3.449460e-01  0.000000e+00 -2.731498e-01  6.550540e-01
-7.00000e-01 -4.00000e+00       1.015e+09  7.942178e-01  0.000000e+00 -3.737667e-02  2.057822e-01
 0.00000e+00 -4.00000e+00       1.891e+09  8.193289e-01  0.000000e+00  5.821750e-16  1.806711e-01
 7.00000e-01 -4.00000e+00       1.015e+09  7.942178e-01  0.000000e+00  3.737667e-02  2.057822e-01
 1.40000e+00 -4.00000e+00       9.932e+07  3.449460e-01  0.000000e+00  2.731498e-01  6.550540e-01
 2.10000e+00 -4.00000e+00       3.018e+07  3.248313e-01  0.000000e+00  3.290794e-02  6.751687e-01
 2.80000e+00 -4.00000e+00       5.290e+06 -1.998118e-01  0.000000e+00 -7.135841e-01  8.001882e-01
 3.50000e+00 -4.00000e+00       2.915e+06  4.776120e-01  0.000000e+00 -3.386545e-01  5.223880e-01
 4.20000e+00 -4.00000e+00       2.851e+05  4.899848e-01  0.000000e+00 -2.460084e-01  5.100152e-01
 4.90000e+00 -4.00000e+00       2.958e+04  9.064118e-01  0.000000e+00 -7.389684e-02  9.358823e-02
 5.60000e+00 -4.00000e+00       2.211e+03  8.287317e-01  0.000000e+00 -7.984713e-02  1.712683e-01
 6.30000e+00 -4.00000e+00       9.622e+01 -1.793350e-01  0.000000e+00 -2.101627e-01  8.206650e-01
 7.00000e+00 -4.00000e+00       2.059e+01 -6.429487e-01  0.000000e+00 -4.103729e-01  3.570513e-01
-7.00000e+00 -3.60000e+00       2.518e+01 -5.458886e-01  0.000000e+00  4.710419e-01  4.541114e-01
-6.30000e+00 -3.60000e+00       1.092e+02 -1.742094e-01  0.000000e+00  2.255972e-01  8.257906e-01
-5.60000e+00 -3.60000e+00       2.590e+03  8.006899e-01  0.000000e+00  1.112459e-01  1.993101e-01
-4.90000e+00 -3.60000e+00       3.480e+04  8.950467e-01  0.000000e+00  9.434631e-02  1.049533e-01
-4.20000e+00 -3.60000e+00       3.345e+05  4.867525e-01  0.000000e+00  2.995786e-01  5.132475e-01
-3.50000e+00 -3.60000e+00       3.416e+06  4.719167e-01  0.000000e+00  4.134978e-01  5.280833e-01
-2.80000e+00 -3.60000e+00       5.914e+06 -3.183488e-01  0.000000e+00  9.043013e-01  6.816512e-01
-2.10000e+00 -3.60000e+00       3.182e+07  1.278976e-01  0.000000e+00 -6.756325e-02  8.721024e-01
-1.40000e+00 -3.60000e+00       1.491e+08  3.719198e-01  0.000000e+00 -2.740108e-01  6.280802e-01
-7.00000e-01 -3.60000e+00       1.284e+09  7.691755e-01  0.000000e+00 -4.296588e-02  2.308245e-01
 0.00000e+00 -3.60000e+00       2.367e+09  7.958166e-01  0.000000e+00  6.934736e-16  2.041834e-01
 7.00000e-01 -3.60000e+00       1.284e+09  7.691755e-01  0.000000e+00  4.296588e-02  2.308245e-01
 1.40000e+00 -3.60000e+00       1.491e+08  3.719198e-01  0.000000e+00  2.740108e-01  6.280802e-01
 2.10000e+00 -3.60000e+00       3.182e+07  1.278976e-01  0.000000e+00  6.756325e-02  8.721024e-01
 2.80000e+00 -3.60000e+00       5.914e+06 -3.183488e-01  0.000000e+00 -9.043013e-01  6.816512e-01
 3.50000e+00 -3.60000e+00       3.416e+06  4.719167e-01  0.000000e+00 -4.134978e-01  5.280833e-01
 4.20000e+00 -3.60000e+00       3.345e+05  4.867525e-01  0.000000e+00 -2.995786e-01  5.132475e-01
 4.90000e+00 -3.60000e+00       3.480e+04  8.950467e-01  0.000000e+00 -9.434631e-02  1.049533e-01
 5.60000e+00 -3.60000e+00       2.590e+03  8.006899e-01  0.000000e+00 -1.112459e-01  1.993101e-01
 6.30000e+00 -3.60000e+00       1.092e+02 -1.742094e-01  0.000000e+00 -2.255972e-01  8.257906e-01
 7.00000e+00 -3.60000e+00       2.518e+01 -5.458886e-01  0.000000e+00 -4.710419e-01  4.541114e-01
-7.00000e+00 -3.20000e+00       3.493e+01 -4.810294e-01  0.000000e+00  5.053442e-01  5.189706e-01
-6.30000e+00 -3.20000e+00       1.327e+02 -2.332086e-01  0.000000e+00  3.269774e-01  7.667914e-01
-5.60000e+00 -3.20000e+00       3.162e+03  7.208118e-01  0.000000e+00  1.778729e-01  2.791882e-01
-4.90000e+00 -3.20000e+00       4.342e+04  8.854830e-01  0.000000e+00  1.153941e-01  1.145170e-01
-4.20000e+00 -3.20000e+00       3.559e+05  2.507173e-01  0.000000e+00  3.492232e-01  7.492827e-01
-3.50000e+00 -3.20000e+00       2.604e+06 -4.917972e-01  0.000000e+00  5.638769e-01  5.082028e-01
-2.80000e+00 -3.20000e+00       3.979e+07  2.760772e-01  0.000000e+00  4.195996e-02  7.239228e-01
-2.10000e+00 -3.20000e+00       1.821e+08  2.864624e-01  0.000000e+00 -1.517982e-01  7.135376e-01
-1.40000e+00 -3.20000e+00       6.737e+08  4.541153e-01  0.000000e+00 -1.528900e-01  5.458847e-01
-7.00000e-01 -3.20000e+00       2.357e+09  6.719582e-01  0.000000e+00 -4.929242e-02  3.280418e-01
 0.00000e+00 -3.20000e+00       3.781e+09  7.203540e-01  0.000000e+00  7.524136e-16  2.796460e-01
 7.00000e-01 -3.20000e+00       2.357e+09  6.719582e-01  0.000000e+00  4.929242e-02  3.280418e-01
 1.40000e+00 -3.20000e+00       6.737e+08  4.541153e-01  0.000000e+00  1.528900e-01  5.458847e-01
 2.10000e+00 -3.20000e+00       1.821e+08  2.864624e-01  0.000000e+00  1.517982e-01  7.135376e-01
 2.80000e+00 -3.20000e+00       3.979e+07  2.760772e-01  0.000000e+00 -4.195996e-02  7.239228e-01
 3.50000e+00 -3.20000e+00       2.604e+06 -4.917972e-01  0.000000e+00 -5.638769e-01  5.082028e-01
 4.20000e+00 -3.20000e+00       3.559e+05  2.507173e-01  0.000000e+00 -3.492232e-01  7.492827e-01
 4.90000e+00 -3.20000e+00       4.342e+04  8.854830e-01  0.000000e+00 -1.153941e-01  1.145170e-01
 5.60000e+00 -3.20000e+00       3.162e+03  7.208118e-01  0.000000e+00 -1.778729e-01  2.791882e-01
 6.30000e+00 -3.20000e+00       1.327e+02 -2.332086e-01  0.000000e+00 -3.269774e-01  7.667914e-01
 7.00000e+00 -3.20000e+00       3.493e+01 -4.810294e-01  0.000000e+00 -5.053442e-01  5.189706e-01
-7.00000e+00 -2.80000e+00       4.705e+01 -4.906081e-01  0.000000e+00  4.351470e-01  5.093919e-01
-6.30000e+00 -2.80000e+00       1.842e+02 -3.326239e-01  0.000000e+00  5.520248e-01  6.673761e-01
-5.60000e+00 -2.80000e+00       1.235e+04  7.246632e-01  0.000000e+00 -1.591347e-01  2.753368e-01
-4.90000e+00 -2.80000e+00       8.496e+05  5.035347e-01  0.000000e+00 -3.018320e-01  4.964653e-01
-4.20000e+00 -2.80000e+00       1.964e+07  4.456667e-01  0.000000e+00 -3.091935e-01  5.543333e-01
-3.50000e+00 -2.80000e+00       1.700e+08  4.495987e-01  0.000000e+00 -2.763408e-01  5.504013e-01
-2.80000e+00 -2.80000e+00       6.134e+08  4.673280e-01  0.000000e+00 -2.240714e-01  5.326720e-01
-2.10000e+00 -2.80000e+00       1.150e+09  4.537585e-01  0.000000e+00 -1.804514e-01  5.462415e-01
-1.40000e+00 -2.80000e+00       1.808e+09  4.800361e-01  0.000000e+00 -1.414546e-01  5.199639e-01
-7.00000e-01 -2.80000e+00       3.587e+09  6.468784e-01  0.000000e+00 -5.887185e-02  3.531216e-01
 0.00000e+00 -2.80000e+00       5.046e+09  7.137856e-01  0.000000e+00  8.946420e-16  2.862144e-01
 7.00000e-01 -2.80000e+00       3.587e+09  6.468784e-01  0.000000e+00  5.887185e-02  3.531216e-01
 1.40000e+00 -2.80000e+00       1.808e+09  4.800361e-01  0.000000e+00  1.414546e-01  5.199639e-01
 2.10000e+00 -2.80000e+00       1.150e+09  4.537585e-01  0.000000e+00  1.804514e-01  5.462415e-01
 2.80000e+00 -2.80000e+00       6.134e+08  4.673280e-01  0.000000e+00  2.240714e-01  5.326720e-01
 3.50000e+00 -2.80000e+00       1.700e+08  4.495987e-01  0.000000e+00  2.763408e-01  5.504013e-01
 4.20000e+00 -2.80000e+00       1.964e+07  4.456667e-01  0.000000e+00  3.091935e-01  5.543333e-01
 4.90000e+00 -2.80000e+00       8.496e+05  5.035347e-01  0.000000e+00  3.018320e-01  4.964653e-01
 5.60000e+00 -2.80000e+00       1.235e+04  7.246632e-01  0.000000e+00  1.591347e-01  2.753368e-01
 6.30000e+00 -2.80000e+00       1.842e+02 -3.326239e-01  0.000000e+00 -5.520248e-01  6.673761e-01
 7.00000e+00 -2.80000e+00       4.705e+01 -4.906081e-01  0.000000e+00 -4.351470e-01  5.093919e-01
-7.00000e+00 -2.40000e+00       4.009e+03  2.523814e-02  0.000000e+00 -5.814161e-01  9.747619e-01
-6.30000e+00 -2.40000e+00       2.816e+05  6.734548e-02  0.000000e+00 -5.940568e-01  9.326545e-01
-5.60000e+00 -2.40000e+00       6.947e+06  1.200398e-01  0.000000e+00 -5.797743e-01  8.799602e-01
-4.90000e+00 -2.40000e+00       6.613e+07  2.028473e-01  0.000000e+00 -5.461745e-01  7.971527e-01
-4.20000e+00 -2.40000e+00       2.914e+08  3.119745e-01  0.000000e+00 -4.799312e-01  6.880255e-01
-3.50000e+00 -2.40000e+00       7.640e+08  4.191976e-01  0.000000e+00 -3.672442e-01  5.808024e-01
-2.80000e+00 -2.40000e+00       1.555e+09  4.898574e-01  0.000000e+00 -2.318881e-01  5.101426e-01
-2.10000e+00 -2.40000e+00       2.639e+09  4.979981e-01  0.000000e+00 -1.506006e-01  5.020019e-01
-1.40000e+00 -2.40000e+00       3.846e+09  5.090709e-01  0.000000e+00 -1.173032e-01  4.909291e-01
-7.00000e-01 -2.40000e+00       6.379e+09  6.254942e-01  0.000000e+00 -5.504709e-02  3.745058e-01
 0.00000e+00 -2.40000e+00       8.526e+09  6.820290e-01  0.000000e+00  9.743414e-16  3.179710e-01
 7.00000e-01 -2.40000e+00       6.379e+09  6.254942e-01  0.000000e+00  5.504709e-02  3.745058e-01
 1.40000e+00 -2.40000e+00       3.846e+09  5.090709e-01  0.000000e+00  1.173032e-01  4.909291e-01
 2.10000e+00 -2.40000e+00       2.639e+09  4.979981e-01  0.000000e+00  1.506006e-01  5.020019e-01
 2.80000e+00 -2.40000e+00       1.555e+09  4.898574e-01  0.000000e+00  2.318881e-01  5.101426e-01
 3.50000e+00 -2.40000e+00       7.640e+08  4.191976e-01  0.000000e+00  3.672442e-01  5.808024e-01
 4.20000e+00 -2.40000e+00       2.914e+08  3.119745e-01  0.000000e+00  4.799312e-01  6.880255e-01
 4.90000e+00 -2.40000e+00       6.613e+07  2.028473e-01  0.000000e+00  5.461745e-01  7.971527e-01
 5.60000e+00 -2.40000e+00       6.947e+06  1.200398e-01  0.000000e+00  5.797743e-01  8.799602e-01
 6.30000e+00 -2.40000e+00       2.816e+05  6.734548e-02  0.000000e+00  5.940568e-01  9.326545e-01
 7.00000e+00 -2.40000e+00       4.009e+03  2.523814e-02  0.000000e+00  5.814161e-01  9.747619e-01
-7.00000e+00 -2.00000e+00       2.657e+04 -9.504442e-02  0.000000e+00 -5.536940e-01  9.049556e-01
-6.30000e+00 -2.00000e+00       1.151e+06 -3.256449e-02  0.000000e+00 -5.674219e-01  9.674355e-01
-5.60000e+00 -2.00000e+00       1.858e+07  6.163347e-02  0.000000e+00 -5.611596e-01  9.383665e-01
-4.90000e+00 -2.00000e+00       1.293e+08  2.011883e-01  0.000000e+00 -5.298492e-01  7.988117e-01
-4.20000e+00 -2.00000e+00       4.722e+08  3.550588e-01  0.000000e+00 -4.573157e-01  6.449412e-01
-3.50000e+00 -2.00000e+00       1.122e+09  4.773792e-01  0.000000e+00 -3.305445e-01  5.226208e-01
-2.80000e+00 -2.00000e+00       2.271e+09  5.464745e-01  0.000000e+00 -1.865463e-01  4.535255e-01
-2.10000e+00 -2.00000e+00       4.269e+09  5.511410e-01  0.000000e+00 -1.280617e-01  4.488590e-01
-1.40000e+00 -2.00000e+00       7.497e+09  5.556742e-01  0.000000e+00 -1.152251e-01  4.443258e-01
-7.00000e-01 -2.00000e+00       1.225e+10  6.124522e-01  0.000000e+00 -6.058052e-02  3.875478e-01
 0.00000e+00 -2.00000e+00       1.504e+10  6.454254e-01  0.000000e+00  2.600459e-15  3.545746e-01
 7.00000e-01 -2.00000e+00       1.225e+10  6.124522e-01  0.000000e+00  6.058052e-02  3.875478e-01
 1.40000e+00 -2.00000e+00       7.497e+09  5.556742e-01  0.000000e+00  1.152251e-01  4.443258e-01
 2.10000e+00 -2.00000e+00       4.269e+09  5.511410e-01  0.000000e+00  1.280617e-01  4.488590e-01
 2.80000e+00 -2.00000e+00       2.271e+09  5.464745e-01  0.000000e+00  1.865463e-01  4.535255e-01
 3.50000e+00 -2.00000e+00       1.122e+09  4.773792e-01  0.000000e+00  3.305445e-01  5.226208e-01
 4.20000e+00 -2.00000e+00       4.722e+08  3.550588e-01  0.000000e+00  4.573157e-01  6.449412e-01
 4.90000e+00 -2.00000e+00       1.293e+08  2.011883e-01  0.000000e+00  5.298492e-01  7.988117e-01
 5.60000e+00 -2.00000e+00       1.858e+07  6.163347e-02  0.000000e+00  5.611596e-01  9.383665e-01
 6.30000e+00 -2.00000e+00       1.151e+06 -3.256449e-02  0.000000e+00  5.674219e-01  9.674355e-01
 7.00000e+00 -2.00000e+00       2.657e+04 -9.504442e-02  0.000000e+00  5.536940e-01  9.049556e-01
-7.00000e+00 -1.60000e+00       6.929e+03  1.761676e-01  0.000000e+00 -4.752718e-01  8.238324e-01
-6.30000e+00 -1.60000e+00       4.767e+05  2.746827e-01  0.000000e+00 -5.087681e-01  7.253173e-01
-5.60000e+00 -1.60000e+00       1.261e+07  3.352065e-01  0.000000e+00 -4.700226e-01  6.647935e-01
-4.90000e+00 -1.60000e+00       1.433e+08  4.242349e-01  0.000000e+00 -3.679781e-01  5.757651e-01
-4.20000e+00 -1.60000e+00       9.901e+08  5.118106e-01  0.000000e+00 -2.164970e-01  4.881894e-01
-3.50000e+00 -1.60000e+00       5.273e+09  5.321811e-01  0.000000e+00 -1.122314e-01  4.678189e-01
-2.80000e+00 -1.60000e+00       2.033e+10  4.917233e-01  0.000000e+00 -5.606888e-02  5.082767e-01
-2.10000e+00 -1.60000e+00       5.322e+10  3.691272e-01  0.000000e+00 -2.840007e-02  6.308728e-01
-1.40000e+00 -1.60000e+00       9.994e+10  1.992183e-01  0.000000e+00 -4.668282e-02  8.007817e-01
-7.00000e-01 -1.60000e+00       1.539e+11  2.045122e-01  0.000000e+00 -8.585651e-02  7.954878e-01
 0.00000e+00 -1.60000e+00       1.825e+11  2.761455e-01  0.000000e+00 -2.034929e-15  7.238545e-01
 7.00000e-01 -1.60000e+00       1.539e+11  2.045122e-01  0.000000e+00  8.585651e-02  7.954878e-01
 1.40000e+00 -1.60000e+00       9.994e+10  1.992183e-01  0.000000e+00  4.668282e-02  8.007817e-01
 2.10000e+00 -1.60000e+00       5.322e+10  3.691272e-01  0.000000e+00  2.840007e-02  6.308728e-01
 2.80000e+00 -1.60000e+00       2.033e+10  4.917233e-01  0.000000e+00  5.606888e-02  5.082767e-01
 3.50000e+00 -1.60000e+00       5.273e+09  5.321811e-01  0.000000e+00  1.122314e-01  4.678189e-01
 4.20000e+00 -1.60000e+00       9.901e+08  5.118106e-01  0.000000e+00  2.164970e-01  4.881894e-01
 4.90000e+00 -1.60000e+00       1.433e+08  4.242349e-01  0.000000e+00  3.679781e-01  5.757651e-01
 5.60000e+00 -1.60000e+00       1.261e+07  3.352065e-01  0.000000e+00  4.700226e-01  6.647935e-01
 6.30000e+00 -1.60000e+00       4.767e+05  2.746827e-01  0.000000e+00  5.087681e-01  7.253173e-01
 7.00000e+00 -1.60000e+00       6.929e+03  1.761676e-01  0.000000e+00  4.752718e-01  8.238324e-01
-7.00000e+00 -1.20000e+00       3.178e+04  3.842212e-01  0.000000e+00 -2.299601e-01  6.157788e-01
-6.30000e+00 -1.20000e+00       2.389e+06  4.856566e-01  0.000000e+00 -2.343977e-01  5.143434e-01
-5.60000e+00 -1.20000e+00       8.626e+07  5.992337e-01  0.000000e+00 -1.294063e-01  4.007663e-01
-4.90000e+00 -1.20000e+00       1.625e+09  6.329298e-01  0.000000e+00 -3.329213e-02  3.670702e-01
-4.20000e+00 -1.20000e+00       1.741e+10  6.276698e-01  0.000000e+00 -1.214919e-02  3.723302e-01
-3.50000e+00 -1.20000e+00       1.115e+11  6.300827e-01  0.000000e+00 -1.076343e-02  3.699173e-01
-2.80000e+00 -1.20000e+00       4.489e+11  6.440133e-01  0.000000e+00 -3.430907e-03  3.559867e-01
-2.10000e+00 -1.20000e+00       1.237e+12  6.864144e-01  0.000000e+00  3.556941e-03  3.135856e-01
-1.40000e+00 -1.20000e+00       2.251e+12  7.122254e-01  0.000000e+00  1.241084e-02  2.877746e-01
-7.00000e-01 -1.20000e+00       2.267e+12  6.369445e-01  0.000000e+00  3.816749e-02  3.630555e-01
 0.00000e+00 -1.20000e+00       1.724e+12  5.219579e-01  0.000000e+00 -9.245994e-16  4.780421e-01
 7.00000e-01 -1.20000e+00       2.267e+12  6.369445e-01  0.000000e+00 -3.816749e-02  3.630555e-01
 1.40000e+00 -1.20000e+00       2.251e+12  7.122254e-01  0.000000e+00 -1.241084e-02  2.877746e-01
 2.10000e+00 -1.20000e+00       1.237e+12  6.864144e-01  0.000000e+00 -3.556941e-03  3.135856e-01
 2.80000e+00 -1.20000e+00       4.489e+11  6.440133e-01  0.000000e+00  3.430907e-03  3.559867e-01
 3.50000e+00 -1.20000e+00       1.115e+11  6.300827e-01  0.000000e+00  1.076343e-02  3.699173e-01
 4.20000e+00 -1.20000e+00       1.741e+10  6.276698e-01  0.000000e+00  1.214919e-02  3.723302e-01
 4.90000e+00 -1.20000e+00       1.625e+09  6.329298e-01  0.000000e+00  3.329213e-02  3.670702e-01
 5.60000e+00 -1.20000e+00       8.626e+07  5.992337e-01  0.000000e+00  1.294063e-01  4.007663e-01
 6.30000e+00 -1.20000e+00       2.389e+06  4.856566e-01  0.000000e+00  2.343977e-01  5.143434e-01
 7.00000e+00 -1.20000e+00       3.178e+04  3.842212e-01  0.000000e+00  2.299601e-01  6.157788e-01
-7.00000e+00 -8.00000e-01       4.706e+05  8.806293e-01  0.000000e+00  6.721729e-02  1.193707e-01
-6.30000e+00 -8.00000e-01       2.899e+07  8.066594e-01  0.000000e+00  1.351298e-01  1.933406e-01
-5.60000e+00 -8.00000e-01       9.057e+08  7.496751e-01  0.000000e+00  8.234564e-02  2.503249e-01
-4.90000e+00 -8.00000e-01       1.738e+10  7.709529e-01  0.000000e+00  1.475818e-02  2.290471e-01
-4.20000e+00 -8.00000e-01       1.934e+11  8.025613e-01  0.000000e+00  5.251511e-03  1.974387e-01
-3.50000e+00 -8.00000e-01       1.158e+12  8.093539e-01  0.000000e+00 -3.022439e-03  1.906461e-01
-2.80000e+00 -8.00000e-01       3.885e+12  7.963845e-01  0.000000e+00 -1.638670e-02  2.036155e-01
-2.10000e+00 -8.00000e-01       8.179e+12  7.501057e-01  0.000000e+00 -1.027816e-02  2.498943e-01
-1.40000e+00 -8.00000e-01       1.223e+13  6.738618e-01  0.000000e+00  7.098014e-02  3.261382e-01
-7.00000e-01 -8.00000e-01       1.524e+13  6.826210e-01  0.000000e+00  1.586797e-01  3.173790e-01
 0.00000e+00 -8.00000e-01       1.621e+13  7.300311e-01  0.000000e+00 -5.532811e-15  2.699689e-01
 7.00000e-01 -8.00000e-01       1.524e+13  6.826210e-01  0.000000e+00 -1.586797e-01  3.173790e-01
 1.40000e+00 -8.00000e-01       1.223e+13  6.738618e-01  0.000000e+00 -7.098014e-02  3.261382e-01
 2.10000e+00 -8.00000e-01       8.179e+12  7.501057e-01  0.000000e+00  1.027816e-02  2.498943e-01
 2.80000e+00 -8.00000e-01       3.885e+12  7.963845e-01  0.000000e+00  1.638670e-02  2.036155e-01
 3.50000e+00 -8.00000e-01       1.158e+12  8.093539e-01  0.000000e+00  3.022439e-03  1.906461e-01
 4.20000e+00 -8.00000e-01       1.934e+11  8.025613e-01  0.000000e+00 -5.251511e-03  1.974387e-01
 4.90000e+00 -8.00000e-01       1.738e+10  7.709529e-01  0.000000e+00 -1.475818e-02  2.290471e-01
 5.60000e+00 -8.00000e-01       9.057e+08  7.496751e-01  0.000000e+00 -8.234564e-02  2.503249e-01
 6.30000e+00 -8.00000e-01       2.899e+07  8.066594e-01  0.000000e+00 -1.351298e-01  1.933406e-01
 7.00000e+00 -8.00000e-01       4.706e+05  8.806293e-01  0.000000e+00 -6.721729e-02  1.193707e-01
-7.00000e+00 -4.00000e-01       2.675e+06  9.618406e-01  0.000000e+00 -1.005016e-01  3.815941e-02
-6.30000e+00 -4.00000e-01       1.895e+08  9.650420e-01  0.000000e+00 -1.706405e-02  3.495799e-02
-5.60000e+00 -4.00000e-01       5.430e+09  9.501105e-01  0.000000e+00  3.305096e-02  4.988954e-02
-4.90000e+00 -4.00000e-01       8.010e+10  9.336085e-01  0.000000e+00  2.312371e-02  6.639155e-02
-4.20000e+00 -4.00000e-01       7.449e+11  9.345890e-01  0.000000e+00 -4.376034e-03  6.541097e-02
-3.50000e+00 -4.00000e-01       4.067e+12  9.388301e-01  0.000000e+00 -9.056526e-03  6.116993e-02
-2.80000e+00 -4.00000e-01       1.321e+13  9.398139e-01  0.000000e+00 -5.037784e-03  6.018614e-02
-2.10000e+00 -4.00000e-01       3.118e+13  9.464793e-01  0.000000e+00 -7.401298e-04  5.352067e-02
-1.40000e+00 -4.00000e-01       5.541e+13  9.560056e-01  0.000000e+00 -1.803255e-02  4.399438e-02
-7.00000e-01 -4.00000e-01       5.868e+13  9.480157e-01  0.000000e+00 -5.096940e-02  5.198426e-02
 0.00000e+00 -4.00000e-01       4.735e+13  9.302623e-01  0.000000e+00  3.328276e-15  6.973773e-02
 7.00000e-01 -4.00000e-01       5.868e+13  9.480157e-01  0.000000e+00  5.096940e-02  5.198426e-02
 1.40000e+00 -4.00000e-01       5.541e+13  9.560056e-01  0.000000e+00  1.803255e-02  4.399438e-02
 2.10000e+00 -4.00000e-01       3.118e+13  9.464793e-01  0.000000e+00  7.401298e-04  5.352067e-02
 2.80000e+00 -4.00000e-01       1.321e+13  9.398139e-01  0.000000e+00  5.037784e-03  6.018614e-02
 3.50000e+00 -4.00000e-01       4.067e+12  9.388301e-01  0.000000e+00  9.056526e-03  6.116993e-02
 4.20000e+00 -4.00000e-01       7.449e+11  9.345890e-01  0.000000e+00  4.376034e-03  6.541097e-02
 4.90000e+00 -4.00000e-01       8.010e+10  9.336085e-01  0.000000e+00 -2.312371e-02  6.639155e-02
 5.60000e+00 -4.00000e-01       5.430e+09  9.501105e-01  0.000000e+00 -3.305096e-02  4.988954e-02
 6.30000e+00 -4.00000e-01       1.895e+08  9.650420e-01  0.000000e+00  1.706405e-02  3.495799e-02
 7.00000e+00 -4.00000e-01       2.675e+06  9.618406e-01  0.000000e+00  1.005016e-01  3.815941e-02
-7.00000e+00  0.00000e+00       4.264e+06  9.999413e-01  0.000000e+00 -2.546997e-14  5.873110e-05
-6.30000e+00  0.00000e+00       3.280e+08  9.999717e-01  0.000000e+00 -1.538689e-16  2.833700e-05
-5.60000e+00  0.00000e+00       9.835e+09  9.999710e-01  0.000000e+00  2.025597e-15  2.900063e-05
-4.90000e+00  0.00000e+00       1.372e+11  9.999591e-01  0.000000e+00  5.489442e-16  4.090922e-05
-4.20000e+00  0.00000e+00       1.148e+12  9.999519e-01  0.000000e+00 -5.277778e-16  4.805075e-05
-3.50000e+00  0.00000e+00       5.933e+12  9.999507e-01  0.000000e+00 -1.115487e-14  4.926969e-05
-2.80000e+00  0.00000e+00       1.870e+13  9.999477e-01  0.000000e+00 -9.665668e-14  5.226386e-05
-2.10000e+00  0.00000e+00       3.778e+13  9.999365e-01  0.000000e+00 -3.808475e-13  6.352167e-05
-1.40000e+00  0.00000e+00       4.937e+13  9.999130e-01  0.000000e+00 -6.409343e-13  8.697412e-05
-7.00000e-01  0.00000e+00       4.484e+13  9.998800e-01  0.000000e+00 -3.496045e-13  1.200486e-04
 0.00000e+00  0.00000e+00       3.731e+13  9.998411e-01  0.000000e+00  1.983423e-17  1.588582e-04
 7.00000e-01  0.00000e+00       4.484e+13  9.998800e-01  0.000000e+00  3.496360e-13  1.200486e-04
 1.40000e+00  0.00000e+00       4.937e+13  9.999130e-01  0.000000e+00  6.409539e-13  8.697412e-05
 2.10000e+00  0.00000e+00       3.778e+13  9.999365e-01  0.000000e+00  3.808569e-13  6.352167e-05
 2.80000e+00  0.00000e+00       1.870e+13  9.999477e-01  0.000000e+00  9.666232e-14  5.226386e-05
 3.50000e+00  0.00000e+00       5.933e+12  9.999507e-01  0.000000e+00  1.116343e-14  4.926969e-05
 4.20000e+00  0.00000e+00       1.148e+12  9.999519e-01  0.000000e+00  5.258110e-16  4.805075e-05
 4.90000e+00  0.00000e+00       1.372e+11  9.999591e-01  0.000000e+00 -5.865084e-16  4.090922e-05
 5.60000e+00  0.00000e+00       9.835e+09  9.999710e-01  0.000000e+00 -2.161289e-15  2.900063e-05
 6.30000e+00  0.00000e+00       3.280e+08  9.999717e-01  0.000000e+00 -7.694068e-16  2.833700e-05
 7.00000e+00  0.00000e+00       4.264e+06  9.999413e-01  0.000000e+00  1.612472e-13  5.873110e-05
-7.00000e+00  4.00000e-01       2.675e+06  9.618406e-01  0.000000e+00  1.005016e-01  3.815941e-02
-6.30000e+00  4.00000e-01       1.895e+08  9.650420e-01  0.000000e+00  1.706405e-02  3.495799e-02
-5.60000e+00  4.00000e-01       5.430e+09  9.501105e-01  0.000000e+00 -3.305096e-02  4.988954e-02
-4.90000e+00  4.00000e-01       8.010e+10  9.336085e-01  0.000000e+00 -2.312371e-02  6.639155e-02
-4.20000e+00  4.00000e-01       7.449e+11  9.345890e-01  0.000000e+00  4.376034e-03  6.541097e-02
-3.50000e+00  4.00000e-01       4.067e+12  9.388301e-01  0.000000e+00  9.056526e-03  6.116993e-02
-2.80000e+00  4.00000e-01       1.321e+13  9.398139e-01  0.000000e+00  5.037784e-03  6.018614e-02
-2.10000e+00  4.00000e-01       3.118e+13  9.464793e-01  0.000000e+00  7.401298e-04  5.352067e-02
-1.40000e+00  4.00000e-01       5.541e+13  9.560056e-01  0.000000e+00  1.803255e-02  4.399438e-02
-7.00000e-01  4.00000e-01       5.868e+13  9.480157e-01  0.000000e+00  5.096940e-02  5.198426e-02
 0.00000e+00  4.00000e-01       4.735e+13  9.302623e-01  0.000000e+00 -3.328727e-15  6.973773e-02
 7.00000e-01  4.00000e-01       5.868e+13  9.480157e-01  0.000000e+00 -5.096940e-02  5.198426e-02
 1.40000e+00  4.00000e-01       5.541e+13  9.560056e-01  0.000000e+00 -1.803255e-02  4.399438e-02
 2.10000e+00  4.00000e-01       3.118e+13  9.464793e-01  0.000000e+00 -7.401298e-04  5.352067e-02
 2.80000e+00  4.00000e-01       1.321e+13  9.398139e-01  0.000000e+00 -5.037784e-03  6.018614e-02
 3.50000e+00  4.00000e-01       4.067e+12  9.388301e-01  0.000000e+00 -9.056526e-03  6.116993e-02
 4.20000e+00  4.00000e-01       7.449e+11  9.345890e-01  0.000000e+00 -4.376034e-03  6.541097e-02
 4.90000e+00  4.00000e-01       8.010e+10  9.336085e-01  0.000000e+00  2.312371e-02  6.639155e-02
 5.60000e+00  4.00000e-01       5.430e+09  9.501105e-01  0.000000e+00  3.305096e-02  4.988954e-02
 6.30000e+00  4.00000e-01       1.895e+08  9.650420e-01  0.000000e+00 -1.706405e-02  3.495799e-02
 7.00000e+00  4.00000e-01       2.675e+06  9.618406e-01  0.000000e+00 -1.005016e-01  3.815941e-02
-7.00000e+00  8.00000e-01       4.706e+05  8.806293e-01  0.000000e+00 -6.721729e-02  1.193707e-01
-6.30000e+00  8.00000e-01       2.899e+07  8.066594e-01  0.000000e+00 -1.351298e-01  1.933406e-01
-5.60000e+00  8.00000e-01       9.057e+08  7.496751e-01  0.000000e+00 -8.234564e-02  2.503249e-01
-4.90000e+00  8.00000e-01       1.738e+10  7.709529e-01  0.000000e+00 -1.475818e-02  2.290471e-01
-4.20000e+00  8.00000e-01       1.934e+11  8.025613e-01  0.000000e+00 -5.251511e-03  1.974387e-01
-3.50000e+00  8.00000e-01       1.158e+12  8.093539e-01  0.000000e+00  3.022439e-03  1.906461e-01
-2.80000e+00  8.00000e-01       3.885e+12  7.963845e-01  0.000000e+00  1.638670e-02  2.036155e-01
-2.10000e+00  8.00000e-01       8.179e+12  7.501057e-01  0.000000e+00  1.027816e-02  2.498943e-01
-1.40000e+00  8.00000e-01       1.223e+13  6.738618e-01  0.000000e+00 -7.098014e-02  3.261382e-01
-7.00000e-01  8.00000e-01       1.524e+13  6.826210e-01  0.000000e+00 -1.586797e-01  3.173790e-01
 0.00000e+00  8.00000e-01       1.621e+13  7.300311e-01  0.000000e+00  9.364550e-15  2.699689e-01
 7.00000e-01  8.00000e-01       1.524e+13  6.826210e-01  0.000000e+00  1.586797e-01  3.173790e-01
 1.40000e+00  8.00000e-01       1.223e+13  6.738618e-01  0.000000e+00  7.098014e-02  3.261382e-01
 2.10000e+00  8.00000e-01       8.179e+12  7.501057e-01  0.000000e+00 -1.027816e-02  2.498943e-01
 2.80000e+00  8.00000e-01       3.885e+12  7.963845e-01  0.000000e+00 -1.638670e-02  2.036155e-01
 3.50000e+00  8.00000e-01       1.158e+12  8.093539e-01  0.000000e+00 -3.022439e-03  1.906461e-01
 4.20000e+00  8.00000e-01       1.934e+11  8.025613e-01  0.000000e+00  5.251511e-03  1.974387e-01
 4.90000e+00  8.00000e-01       1.738e+10  7.709529e-01  0.000000e+00  1.475818e-02  2.290471e-01
 5.60000e+00  8.00000e-01       9.057e+08  7.496751e-01  0.000000e+00  8.234564e-02  2.503249e-01
 6.30000e+00  8.00000e-01       2.899e+07  8.066594e-01  0.000000e+00  1.351298e-01  1.933406e-01
 7.00000e+00  8.00000e-01       4.706e+05  8.806293e-01  0.000000e+00  6.721729e-02  1.193707e-01
-7.00000e+00  1.20000e+00       3.178e+04  3.842212e-01  0.000000e+00  2.299601e-01  6.157788e-01
-6.30000e+00  1.20000e+00       2.389e+06  4.856566e-01  0.000000e+00  2.343977e-01  5.143434e-01
-5.60000e+00  1.20000e+00       8.626e+07  5.992337e-01  0.000000e+00  1.294063e-01  4.007663e-01
-4.90000e+00  1.20000e+00       1.625e+09  6.329298e-01  0.000000e+00  3.329213e-02  3.670702e-01
-4.20000e+00  1.20000e+00       1.741e+10  6.276698e-01  0.000000e+00  1.214919e-02  3.723302e-01
-3.50000e+00  1.20000e+00       1.115e+11  6.300827e-01  0.000000e+00  1.076343e-02  3.699173e-01
-2.80000e+00  1.20000e+00       4.489e+11  6.440133e-01  0.000000e+00  3.430907e-03  3.559867e-01
-2.10000e+00  1.20000e+00       1.237e+12  6.864144e-01  0.000000e+00 -3.556941e-03  3.135856e-01
-1.40000e+00  1.20000e+00       2.251e+12  7.122254e-01  0.000000e+00 -1.241084e-02  2.877746e-01
-7.00000e-01  1.20000e+00       2.267e+12  6.369445e-01  0.000000e+00 -3.816749e-02  3.630555e-01
 0.00000e+00  1.20000e+00       1.724e+12  5.219579e-01  0.000000e+00 -2.239594e-16  4.780421e-01
 7.00000e-01  1.20000e+00       2.267e+12  6.369445e-01  0.000000e+00  3.816749e-02  3.630555e-01
 1.40000e+00  1.20000e+00       2.251e+12  7.122254e-01  0.000000e+00  1.241084e-02  2.877746e-01
 2.10000e+00  1.20000e+00       1.237e+12  6.864144e-01  0.000000e+00  3.556941e-03  3.135856e-01
 2.80000e+00  1.20000e+00       4.489e+11  6.440133e-01  0.000000e+00 -3.430907e-03  3.559867e-01
 3.50000e+00  1.20000e+00       1.115e+11  6.300827e-01  0.000000e+00 -1.076343e-02  3.699173e-01
 4.20000e+00  1.20000e+00       1.741e+10  6.276698e-01  0.000000e+00 -1.214919e-02  3.723302e-01
 4.90000e+00  1.20000e+00       1.625e+09  6.329298e-01  0.000000e+00 -3.329213e-02  3.670702e-01
 5.60000e+00  1.20000e+00       8.626e+07  5.992337e-01  0.000000e+00 -1.294063e-01  4.007663e-01
 6.30000e+00  1.20000e+00       2.389e+06  4.856566e-01  0.000000e+00 -2.343977e-01  5.143434e-01
 7.00000e+00  1.20000e+00       3.178e+04  3.842212e-01  0.000000e+00 -2.299601e-01  6.157788e-01
-7.00000e+00  1.60000e+00       6.929e+03  1.761676e-01  0.000000e+00  4.752718e-01  8.238324e-01
-6.30000e+00  1.60000e+00       4.767e+05  2.746827e-01  0.000000e+00  5.087681e-01  7.253173e-01
-5.60000e+00  1.60000e+00       1.261e+07  3.352065e-01  0.000000e+00  4.700226e-01  6.647935e-01
-4.90000e+00  1.60000e+00       1.433e+08  4.242349e-01  0.000000e+00  3.679781e-01  5.757651e-01
-4.20000e+00  1.60000e+00       9.901e+08  5.118106e-01  0.000000e+00  2.164970e-01  4.881894e-01
-3.50000e+00  1.60000e+00       5.273e+09  5.321811e-01  0.000000e+00  1.122314e-01  4.678189e-01
-2.80000e+00  1.60000e+00       2.033e+10  4.917233e-01  0.000000e+00  5.606888e-02  5.082767e-01
-2.10000e+00  1.60000e+00       5.322e+10  3.691272e-01  0.000000e+00  2.840007e-02  6.308728e-01
-1.40000e+00  1.60000e+00       9.994e+10  1.992183e-01  0.000000e+00  4.668281e-02  8.007817e-01
-7.00000e-01  1.60000e+00       1.539e+11  2.045122e-01  0.000000e+00  8.585651e-02  7.954878e-01
 0.00000e+00  1.60000e+00       1.825e+11  2.761455e-01  0.000000e+00  2.002601e-15  7.238545e-01
 7.00000e-01  1.60000e+00       1.539e+11  2.045122e-01  0.000000e+00 -8.585651e-02  7.954878e-01
 1.40000e+00  1.60000e+00       9.994e+10  1.992183e-01  0.000000e+00 -4.668281e-02  8.007817e-01
 2.10000e+00  1.60000e+00       5.322e+10  3.691272e-01  0.000000e+00 -2.840007e-02  6.308728e-01
 2.80000e+00  1.60000e+00       2.033e+10  4.917233e-01  0.000000e+00 -5.606888e-02  5.082767e-01
 3.50000e+00  1.60000e+00       5.273e+09  5.321811e-01  0.000000e+00 -1.122314e-01  4.678189e-01
 4.20000e+00  1.60000e+00       9.901e+08  5.118106e-01  0.000000e+00 -2.164970e-01  4.881894e-01
 4.90000e+00  1.60000e+00       1.433e+08  4.242349e-01  0.000000e+00 -3.679781e-01  5.757651e-01
 5.60000e+00  1.60000e+00       1.261e+07  3.352065e-01  0.000000e+00 -4.700226e-01  6.647935e-01
 6.30000e+00  1.60000e+00       4.767e+05  2.746827e-01  0.000000e+00 -5.087681e-01  7.253173e-01
 7.00000e+00  1.60000e+00       6.929e+03  1.761676e-01  0.000000e+00 -4.752718e-01  8.238324e-01
-7.00000e+00  2.00000e+00       2.657e+04 -9.504442e-02  0.000000e+00  5.536940e-01  9.049556e-01
-6.30000e+00  2.00000e+00       1.151e+06 -3.256449e-02  0.000000e+00  5.674219e-01  9.674355e-01
-5.60000e+00  2.00000e+00       1.858e+07  6.163347e-02  0.000000e+00  5.611596e-01  9.383665e-01
-4.90000e+00  2.00000e+00       1.293e+08  2.011883e-01  0.000000e+00  5.298492e-01  7.988117e-01
-4.20000e+00  2.00000e+00       4.722e+08  3.550588e-01  0.000000e+00  4.573157e-01  6.449412e-01
-3.50000e+00  2.00000e+00       1.122e+09  4.773792e-01  0.000000e+00  3.305445e-01  5.226208e-01
-2.80000e+00  2.00000e+00       2.271e+09  5.464745e-01  0.000000e+00  1.865463e-01  4.535255e-01
-2.10000e+00  2.00000e+00       4.269e+09  5.511410e-01  0.000000e+00  1.280617e-01  4.488590e-01
-1.40000e+00  2.00000e+00       7.497e+09  5.556742e-01  0.000000e+00  1.152251e-01  4.443258e-01
-7.00000e-01  2.00000e+00       1.225e+10  6.124522e-01  0.000000e+00  6.058052e-02  3.875478e-01
 0.00000e+00  2.00000e+00       1.504e+10  6.454254e-01  0.000000e+00 -2.882291e-15  3.545746e-01
 7.00000e-01  2.00000e+00       1.225e+10  6.124522e-01  0.000000e+00 -6.058052e-02  3.875478e-01
 1.40000e+00  2.00000e+00       7.497e+09  5.556742e-01  0.000000e+00 -1.152251e-01  4.443258e-01
 2.10000e+00  2.00000e+00       4.269e+09  5.511410e-01  0.000000e+00 -1.280617e-01  4.488590e-01
 2.80000e+00  2.00000e+00       2.271e+09  5.464745e-01  0.000000e+00 -1.865463e-01  4.535255e-01
 3.50000e+00  2.00000e+00       1.122e+09  4.773792e-01  0.000000e+00 -3.305445e-01  5.226208e-01
 4.20000e+00  2.00000e+00       4.722e+08  3.550588e-01  0.000000e+00 -4.573157e-01  6.449412e-01
 4.90000e+00  2.00000e+00       1.293e+08  2.011883e-01  0.000000e+00 -5.298492e-01  7.988117e-01
 5.60000e+00  2.00000e+00       1.858e+07  6.163347e-02  0.000000e+00 -5.611596e-01  9.383665e-01
 6.30000e+00  2.00000e+00       1.151e+06 -3.256449e-02  0.000000e+00 -5.674219e-01  9.674355e-01
 7.00000e+00  2.00000e+00       2.657e+04 -9.504442e-02  0.000000e+00 -5.536940e-01  9.049556e-01
-7.00000e+00  2.40000e+00       4.009e+03  2.523814e-02  0.000000e+00  5.814161e-01  9.747619e-01
-6.30000e+00  2.40000e+00       2.816e+05  6.734548e-02  0.000000e+00  5.940568e-01  9.326545e-01
-5.60000e+00  2.40000e+00       6.947e+06  1.200398e-01  0.000000e+00  5.797743e-01  8.799602e-01
-4.90000e+00  2.40000e+00       6.613e+07  2.028473e-01  0.000000e+00  5.461745e-01  7.971527e-01
-4.20000e+00  2.40000e+00       2.914e+08  3.119745e-01  0.000000e+00  4.799312e-01  6.880255e-01
-3.50000e+00  2.40000e+00       7.640e+08  4.191976e-01  0.000000e+00  3.672442e-01  5.808024e-01
-2.80000e+00  2.40000e+00       1.555e+09  4.898574e-01  0.000000e+00  2.318881e-01  5.101426e-01
-2.10000e+00  2.40000e+00       2.639e+09  4.979981e-01  0.000000e+00  1.506006e-01  5.020019e-01
-1.40000e+00  2.40000e+00       3.846e+09  5.090709e-01  0.000000e+00  1.173031e-01  4.909291e-01
-7.00000e-01  2.40000e+00       6.379e+09  6.254942e-01  0.000000e+00  5.504708e-02  3.745058e-01
 0.00000e+00  2.40000e+00       8.526e+09  6.820290e-01  0.000000e+00 -1.300663e-15  3.179710e-01
 7.00000e-01  2.40000e+00       6.379e+09  6.254942e-01  0.000000e+00 -5.504708e-02  3.745058e-01
 1.40000e+00  2.40000e+00       3.846e+09  5.090709e-01  0.000000e+00 -1.173031e-01  4.909291e-01
 2.10000e+00  2.40000e+00       2.639e+09  4.979981e-01  0.000000e+00 -1.506006e-01  5.020019e-01
 2.80000e+00  2.40000e+00       1.555e+09  4.898574e-01  0.000000e+00 -2.318881e-01  5.101426e-01
 3.50000e+00  2.40000e+00       7.640e+08  4.191976e-01  0.000000e+00 -3.672442e-01  5.808024e-01
 4.20000e+00  2.40000e+00       2.914e+08  3.119745e-01  0.000000e+00 -4.799312e-01  6.880255e-01
 4.90000e+00  2.40000e+00       6.613e+07  2.028473e-01  0.000000e+00 -5.461745e-01  7.971527e-01
 5.60000e+00  2.40000e+00       6.947e+06  1.200398e-01  0.000000e+00 -5.797743e-01  8.799602e-01
 6.30000e+00  2.40000e+00       2.816e+05  6.734548e-02  0.000000e+00 -5.940568e-01  9.326545e-01
 7.00000e+00  2.40000e+00       4.009e+03  2.523814e-02  0.000000e+00 -5.814161e-01  9.747619e-01
-7.00000e+00  2.80000e+00       4.705e+01 -4.906082e-01  0.000000e+00 -4.351470e-01  5.093918e-01
-6.30000e+00  2.80000e+00       1.842e+02 -3.326241e-01  0.000000e+00 -5.520246e-01  6.673759e-01
-5.60000e+00  2.80000e+00       1.235e+04  7.246632e-01  0.000000e+00  1.591347e-01  2.753368e-01
-4.90000e+00  2.80000e+00       8.496e+05  5.035347e-01  0.000000e+00  3.018320e-01  4.964653e-01
-4.20000e+00  2.80000e+00       1.964e+07  4.456667e-01  0.000000e+00  3.091935e-01  5.543333e-01
-3.50000e+00  2.80000e+00       1.700e+08  4.495987e-01  0.000000e+00  2.763408e-01  5.504013e-01
-2.80000e+00  2.80000e+00       6.134e+08  4.673280e-01  0.000000e+00  2.240714e-01  5.326720e-01
-2.10000e+00  2.80000e+00       1.150e+09  4.537585e-01  0.000000e+00  1.804514e-01  5.462415e-01
-1.40000e+00  2.80000e+00       1.808e+09  4.800361e-01  0.000000e+00  1.414545e-01  5.199639e-01
-7.00000e-01  2.80000e+00       3.587e+09  6.468783e-01  0.000000e+00  5.887181e-02  3.531217e-01
 0.00000e+00  2.80000e+00       5.046e+09  7.137855e-01  0.000000e+00 -1.279902e-15  2.862145e-01
 7.00000e-01  2.80000e+00       3.587e+09  6.468783e-01  0.000000e+00 -5.887181e-02  3.531217e-01
 1.40000e+00  2.80000e+00       1.808e+09  4.800361e-01  0.000000e+00 -1.414545e-01  5.199639e-01
 2.10000e+00  2.80000e+00       1.150e+09  4.537585e-01  0.000000e+00 -1.804514e-01  5.462415e-01
 2.80000e+00  2.80000e+00       6.134e+08  4.673280e-01  0.000000e+00 -2.240714e-01  5.326720e-01
 3.50000e+00  2.80000e+00       1.700e+08  4.495987e-01  0.000000e+00 -2.763408e-01  5.504013e-01
 4.20000e+00  2.80000e+00       1.964e+07  4.456667e-01  0.000000e+00 -3.091935e-01  5.543333e-01
 4.90000e+00  2.80000e+00       8.496e+05  5.035347e-01  0.000000e+00 -3.018320e-01  4.964653e-01
 5.60000e+00  2.80000e+00       1.235e+04  7.246632e-01  0.000000e+00 -1.591347e-01  2.753368e-01
 6.30000e+00  2.80000e+00       1.842e+02 -3.326241e-01  0.000000e+00  5.520246e-01  6.673759e-01
 7.00000e+00  2.80000e+00       4.705e+01 -4.906082e-01  0.000000e+00  4.351470e-01  5.093918e-01
-7.00000e+00  3.20000e+00       3.493e+01 -4.810295e-01  0.000000e+00 -5.053442e-01  5.189705e-01
-6.30000e+00  3.20000e+00       1.327e+02 -2.332089e-01  0.000000e+00 -3.269772e-01  7.667911e-01
-5.60000e+00  3.20000e+00       3.162e+03  7.208121e-01  0.000000e+00 -1.778729e-01  2.791879e-01
-4.90000e+00  3.20000e+00       4.342e+04  8.854831e-01  0.000000e+00 -1.153941e-01  1.145169e-01
-4.20000e+00  3.20000e+00       3.559e+05  2.507174e-01  0.000000e+00 -3.492232e-01  7.492826e-01
-3.50000e+00  3.20000e+00       2.604e+06 -4.917964e-01  0.000000e+00 -5.638769e-01  5.082036e-01
-2.80000e+00  3.20000e+00       3.979e+07  2.760770e-01  0.000000e+00 -4.196030e-02  7.239230e-01
-2.10000e+00  3.20000e+00       1.821e+08  2.864621e-01  0.000000e+00  1.517979e-01  7.135379e-01
-1.40000e+00  3.20000e+00       6.737e+08  4.541153e-01  0.000000e+00  1.528897e-01  5.458847e-01
-7.00000e-01  3.20000e+00       2.357e+09  6.719579e-01  0.000000e+00  4.929234e-02  3.280421e-01
 0.00000e+00  3.20000e+00       3.781e+09  7.203537e-01  0.000000e+00 -1.123527e-15  2.796463e-01
 7.00000e-01  3.20000e+00       2.357e+09  6.719579e-01  0.000000e+00 -4.929234e-02  3.280421e-01
 1.40000e+00  3.20000e+00       6.737e+08  4.541153e-01  0.000000e+00 -1.528897e-01  5.458847e-01
 2.10000e+00  3.20000e+00       1.821e+08  2.864621e-01  0.000000e+00 -1.517979e-01  7.135379e-01
 2.80000e+00  3.20000e+00       3.979e+07  2.760770e-01  0.000000e+00  4.196030e-02  7.239230e-01
 3.50000e+00  3.20000e+00       2.604e+06 -4.917964e-01  0.000000e+00  5.638769e-01  5.082036e-01
 4.20000e+00  3.20000e+00       3.559e+05  2.507174e-01  0.000000e+00  3.492232e-01  7.492826e-01
 4.90000e+00  3.20000e+00       4.342e+04  8.854831e-01  0.000000e+00  1.153941e-01  1.145169e-01
 5.60000e+00  3.20000e+00       3.162e+03  7.208121e-01  0.000000e+00  1.778729e-01  2.791879e-01
 6.30000e+00  3.20000e+00       1.327e+02 -2.332089e-01  0.000000e+00  3.269772e-01  7.667911e-01
 7.00000e+00  3.20000e+00       3.493e+01 -4.810295e-01  0.000000e+00  5.053442e-01  5.189705e-01
-7.00000e+00  3.60000e+00       2.518e+01 -5.458888e-01  0.000000e+00 -4.710418e-01  4.541112e-01
-6.30000e+00  3.60000e+00       1.092e+02 -1.742104e-01  0.000000e+00 -2.255968e-01  8.257896e-01
-5.60000e+00  3.60000e+00       2.590e+03  8.006907e-01  0.000000e+00 -1.112459e-01  1.993093e-01
-4.90000e+00  3.60000e+00       3.480e+04  8.950470e-01  0.000000e+00 -9.434628e-02  1.049530e-01
-4.20000e+00  3.60000e+00       3.345e+05  4.867525e-01  0.000000e+00 -2.995786e-01  5.132475e-01
-3.50000e+00  3.60000e+00       3.416e+06  4.719174e-01  0.000000e+00 -4.134978e-01  5.280826e-01
-2.80000e+00  3.60000e+00       5.914e+06 -3.183343e-01  0.000000e+00 -9.042988e-01  6.816657e-01
-2.10000e+00  3.60000e+00       3.182e+07  1.279090e-01  0.000000e+00  6.755820e-02  8.720910e-01
-1.40000e+00  3.60000e+00       1.491e+08  3.719207e-01  0.000000e+00  2.740072e-01  6.280793e-01
-7.00000e-01  3.60000e+00       1.284e+09  7.691740e-01  0.000000e+00  4.296564e-02  2.308260e-01
 0.00000e+00  3.60000e+00       2.367e+09  7.958151e-01  0.000000e+00 -1.186513e-15  2.041849e-01
 7.00000e-01  3.60000e+00       1.284e+09  7.691740e-01  0.000000e+00 -4.296564e-02  2.308260e-01
 1.40000e+00  3.60000e+00       1.491e+08  3.719207e-01  0.000000e+00 -2.740072e-01  6.280793e-01
 2.10000e+00  3.60000e+00       3.182e+07  1.279090e-01  0.000000e+00 -6.755820e-02  8.720910e-01
 2.80000e+00  3.60000e+00       5.914e+06 -3.183343e-01  0.000000e+00  9.042988e-01  6.816657e-01
 3.50000e+00  3.60000e+00       3.416e+06  4.719174e-01  0.000000e+00  4.134978e-01  5.280826e-01
 4.20000e+00  3.60000e+00       3.345e+05  4.867525e-01  0.000000e+00  2.995786e-01  5.132475e-01
 4.90000e+00  3.60000e+00       3.480e+04  8.950470e-01  0.000000e+00  9.434628e-02  1.049530e-01
 5.60000e+00  3.60000e+00       2.590e+03  8.006907e-01  0.000000e+00  1.112459e-01  1.993093e-01
 6.30000e+00  3.60000e+00       1.092e+02 -1.742104e-01  0.000000e+00  2.255968e-01  8.257896e-01
 7.00000e+00  3.60000e+00       2.518e+01 -5.458888e-01  0.000000e+00  4.710418e-01  4.541112e-01
-7.00000e+00  4.00000e+00       2.059e+01 -6.429502e-01  0.000000e+00 -4.103710e-01  3.570498e-01
-6.30000e+00  4.00000e+00       9.622e+01 -1.793384e-01  0.000000e+00 -2.101614e-01  8.206616e-01
-5.60000e+00  4.00000e+00       2.211e+03  8.287345e-01  0.000000e+00 -7.984686e-02  1.712655e-01
-4.90000e+00  4.00000e+00       2.958e+04  9.064125e-01  0.000000e+00 -7.389676e-02  9.358751e-02
-4.20000e+00  4.00000e+00       2.851e+05  4.899849e-01  0.000000e+00 -2.460084e-01  5.100151e-01
-3.50000e+00  4.00000e+00       2.915e+06  4.776137e-01  0.000000e+00 -3.386546e-01  5.223863e-01
-2.80000e+00  4.00000e+00       5.290e+06 -1.997787e-01  0.000000e+00 -7.135805e-01  8.002213e-01
-2.10000e+00  4.00000e+00       3.018e+07  3.248468e-01  0.000000e+00  3.289842e-02  6.751532e-01
-1.40000e+00  4.00000e+00       9.932e+07  3.449553e-01  0.000000e+00  2.731318e-01  6.550447e-01
-7.00000e-01  4.00000e+00       1.015e+09  7.942101e-01  0.000000e+00  3.737612e-02  2.057899e-01
 0.00000e+00  4.00000e+00       1.891e+09  8.193219e-01  0.000000e+00 -1.113620e-15  1.806781e-01
 7.00000e-01  4.00000e+00       1.015e+09  7.942101e-01  0.000000e+00 -3.737612e-02  2.057899e-01
 1.40000e+00  4.00000e+00       9.932e+07  3.449553e-01  0.000000e+00 -2.731318e-01  6.550447e-01
 2.10000e+00  4.00000e+00       3.018e+07  3.248468e-01  0.000000e+00 -3.289842e-02  6.751532e-01
 2.80000e+00  4.00000e+00       5.290e+06 -1.997787e-01  0.000000e+00  7.135805e-01  8.002213e-01
 3.50000e+00  4.00000e+00       2.915e+06  4.776137e-01  0.000000e+00  3.386546e-01  5.223863e-01
 4.20000e+00  4.00000e+00       2.851e+05  4.899849e-01  0.000000e+00  2.460084e-01  5.100151e-01
 4.90000e+00  4.00000e+00       2.958e+04  9.064125e-01  0.000000e+00  7.389676e-02  9.358751e-02
 5.60000e+00  4.00000e+00       2.211e+03  8.287345e-01  0.000000e+00  7.984686e-02  1.712655e-01
 6.30000e+00  4.00000e+00       9.622e+01 -1.793384e-01  0.000000e+00  2.101614e-01  8.206616e-01
 7.00000e+00  4.00000e+00       2.059e+01 -6.429492e-01  0.000000e+00  4.103725e-01  3.570508e-01
