 EB(GeV)    EMITTANCEx EMITTANCEy SIZEx(m)   SIZEy(m)   DIVx(rad)  DIVy(rad)
 2.411e+00  5.499e-09  1.017e-12  8.711e-05  1.009e-06  6.313e-05  1.009e-06
 betax      alphax     betay      alphay     eta        deta       E_spread  
 1.380e+00  0.000e+00  1.000e+00  0.000e+00  0.000e+00  0.000e+00  8.600e-04
 Ibeam(A)   period(cm) #periods   Kx         Ky         Energy(eV)
 4.005e-01  1.900e+00         96  0.000e+00  1.780e+00  1.061e+04


           x            y       F.Density            PL            PC          PL45        1-|PL|
          mm           mm  ph/s/mr^2/0.1%             -             -             -             -
-7.00000e+00 -4.00000e+00       5.451e+06 -2.907412e-01  0.000000e+00 -4.353819e-01  7.092588e-01
-6.30000e+00 -4.00000e+00       6.436e+07 -5.880795e-02  0.000000e+00 -4.085528e-01  9.411920e-01
-5.60000e+00 -4.00000e+00       3.387e+08  1.749361e-01  0.000000e+00 -3.963511e-01  8.250639e-01
-4.90000e+00 -4.00000e+00       5.874e+08  6.896797e-02  0.000000e+00 -6.998759e-01  9.310320e-01
-4.20000e+00 -4.00000e+00       6.283e+08  3.347445e-01  0.000000e+00 -1.474018e+00  6.652555e-01
-3.50000e+00 -4.00000e+00       1.766e+09  9.700249e-01  0.000000e+00 -8.423009e-01  2.997511e-02
-2.80000e+00 -4.00000e+00       9.043e+09  9.045566e-01  0.000000e+00 -1.718920e-01  9.544342e-02
-2.10000e+00 -4.00000e+00       7.942e+09  1.437544e-01  0.000000e+00 -1.525410e-01  8.562456e-01
-1.40000e+00 -4.00000e+00       2.826e+10  3.741873e-01  0.000000e+00 -9.620723e-02  6.258127e-01
-7.00000e-01 -4.00000e+00       1.191e+11  8.154353e-01  0.000000e+00 -2.289112e-02  1.845647e-01
 0.00000e+00 -4.00000e+00       2.024e+11  8.985074e-01  0.000000e+00  4.585769e-16  1.014926e-01
 7.00000e-01 -4.00000e+00       1.191e+11  8.154353e-01  0.000000e+00  2.289112e-02  1.845647e-01
 1.40000e+00 -4.00000e+00       2.826e+10  3.741873e-01  0.000000e+00  9.620723e-02  6.258127e-01
 2.10000e+00 -4.00000e+00       7.942e+09  1.437544e-01  0.000000e+00  1.525410e-01  8.562456e-01
 2.80000e+00 -4.00000e+00       9.043e+09  9.045566e-01  0.000000e+00  1.718920e-01  9.544342e-02
 3.50000e+00 -4.00000e+00       1.766e+09  9.700249e-01  0.000000e+00  8.423009e-01  2.997511e-02
 4.20000e+00 -4.00000e+00       6.283e+08  3.347445e-01  0.000000e+00  1.474018e+00  6.652555e-01
 4.90000e+00 -4.00000e+00       5.874e+08  6.896797e-02  0.000000e+00  6.998759e-01  9.310320e-01
 5.60000e+00 -4.00000e+00       3.387e+08  1.749361e-01  0.000000e+00  3.963511e-01  8.250639e-01
 6.30000e+00 -4.00000e+00       6.436e+07 -5.880795e-02  0.000000e+00  4.085528e-01  9.411920e-01
 7.00000e+00 -4.00000e+00       5.451e+06 -2.907412e-01  0.000000e+00  4.353819e-01  7.092588e-01
-7.00000e+00 -3.60000e+00       4.533e+07 -6.815397e-01  0.000000e+00 -2.022233e-01  3.184603e-01
-6.30000e+00 -3.60000e+00       1.890e+08 -4.539297e-01  0.000000e+00 -2.881476e-01  5.460703e-01
-5.60000e+00 -3.60000e+00       5.216e+08 -3.085102e-02  0.000000e+00 -3.585894e-01  9.691490e-01
-4.90000e+00 -3.60000e+00       7.233e+08  2.845698e-02  0.000000e+00 -6.794815e-01  9.715430e-01
-4.20000e+00 -3.60000e+00       7.010e+08  2.958287e-01  0.000000e+00 -1.650817e+00  7.041713e-01
-3.50000e+00 -3.60000e+00       2.535e+09  9.249180e-01  0.000000e+00 -8.046751e-01  7.508205e-02
-2.80000e+00 -3.60000e+00       1.142e+10  9.786305e-01  0.000000e+00 -2.034643e-01  2.136948e-02
-2.10000e+00 -3.60000e+00       1.070e+10  3.574114e-01  0.000000e+00 -1.781756e-01  6.425886e-01
-1.40000e+00 -3.60000e+00       3.015e+10  3.438636e-01  0.000000e+00 -1.379115e-01  6.561364e-01
-7.00000e-01 -3.60000e+00       1.386e+11  8.163177e-01  0.000000e+00 -2.987644e-02  1.836823e-01
 0.00000e+00 -3.60000e+00       2.386e+11  8.989731e-01  0.000000e+00  5.436989e-16  1.010269e-01
 7.00000e-01 -3.60000e+00       1.386e+11  8.163177e-01  0.000000e+00  2.987644e-02  1.836823e-01
 1.40000e+00 -3.60000e+00       3.015e+10  3.438636e-01  0.000000e+00  1.379115e-01  6.561364e-01
 2.10000e+00 -3.60000e+00       1.070e+10  3.574114e-01  0.000000e+00  1.781756e-01  6.425886e-01
 2.80000e+00 -3.60000e+00       1.142e+10  9.786305e-01  0.000000e+00  2.034643e-01  2.136948e-02
 3.50000e+00 -3.60000e+00       2.535e+09  9.249180e-01  0.000000e+00  8.046751e-01  7.508205e-02
 4.20000e+00 -3.60000e+00       7.010e+08  2.958287e-01  0.000000e+00  1.650817e+00  7.041713e-01
 4.90000e+00 -3.60000e+00       7.233e+08  2.845698e-02  0.000000e+00  6.794815e-01  9.715430e-01
 5.60000e+00 -3.60000e+00       5.216e+08 -3.085102e-02  0.000000e+00  3.585894e-01  9.691490e-01
 6.30000e+00 -3.60000e+00       1.890e+08 -4.539297e-01  0.000000e+00  2.881476e-01  5.460703e-01
 7.00000e+00 -3.60000e+00       4.533e+07 -6.815397e-01  0.000000e+00  2.022233e-01  3.184603e-01
-7.00000e+00 -3.20000e+00       5.189e+07 -6.485544e-01  0.000000e+00 -2.166926e-01  3.514456e-01
-6.30000e+00 -3.20000e+00       2.797e+08 -4.662799e-01  0.000000e+00 -2.764614e-01  5.337201e-01
-5.60000e+00 -3.20000e+00       8.499e+08 -1.033954e-01  0.000000e+00 -3.701623e-01  8.966046e-01
-4.90000e+00 -3.20000e+00       1.456e+09 -4.692152e-03  0.000000e+00 -6.343569e-01  9.953078e-01
-4.20000e+00 -3.20000e+00       1.011e+09 -6.057176e-01  0.000000e+00 -2.149924e+00  3.942824e-01
-3.50000e+00 -3.20000e+00       5.110e+09  6.967480e-01  0.000000e+00 -7.013355e-01  3.032520e-01
-2.80000e+00 -3.20000e+00       1.655e+10  9.293449e-01  0.000000e+00 -2.201911e-01  7.065509e-02
-2.10000e+00 -3.20000e+00       1.629e+10  6.353903e-01  0.000000e+00 -1.814401e-01  3.646097e-01
-1.40000e+00 -3.20000e+00       2.863e+10  2.536920e-01  0.000000e+00 -2.127769e-01  7.463080e-01
-7.00000e-01 -3.20000e+00       1.605e+11  8.284237e-01  0.000000e+00 -3.707205e-02  1.715763e-01
 0.00000e+00 -3.20000e+00       2.827e+11  9.135901e-01  0.000000e+00  8.010347e-16  8.640994e-02
 7.00000e-01 -3.20000e+00       1.605e+11  8.284237e-01  0.000000e+00  3.707205e-02  1.715763e-01
 1.40000e+00 -3.20000e+00       2.863e+10  2.536920e-01  0.000000e+00  2.127769e-01  7.463080e-01
 2.10000e+00 -3.20000e+00       1.629e+10  6.353903e-01  0.000000e+00  1.814401e-01  3.646097e-01
 2.80000e+00 -3.20000e+00       1.655e+10  9.293449e-01  0.000000e+00  2.201911e-01  7.065509e-02
 3.50000e+00 -3.20000e+00       5.110e+09  6.967480e-01  0.000000e+00  7.013355e-01  3.032520e-01
 4.20000e+00 -3.20000e+00       1.011e+09 -6.057176e-01  0.000000e+00  2.149924e+00  3.942824e-01
 4.90000e+00 -3.20000e+00       1.456e+09 -4.692152e-03  0.000000e+00  6.343569e-01  9.953078e-01
 5.60000e+00 -3.20000e+00       8.499e+08 -1.033954e-01  0.000000e+00  3.701623e-01  8.966046e-01
 6.30000e+00 -3.20000e+00       2.797e+08 -4.662799e-01  0.000000e+00  2.764614e-01  5.337201e-01
 7.00000e+00 -3.20000e+00       5.189e+07 -6.485544e-01  0.000000e+00  2.166926e-01  3.514456e-01
-7.00000e+00 -2.80000e+00       1.273e+08 -6.658365e-01  0.000000e+00  2.036734e-01  3.341635e-01
-6.30000e+00 -2.80000e+00       3.729e+08 -4.486194e-01  0.000000e+00 -1.150749e-01  5.513806e-01
-5.60000e+00 -2.80000e+00       1.196e+09 -5.538886e-02  0.000000e+00 -2.939676e-01  9.446111e-01
-4.90000e+00 -2.80000e+00       3.484e+09  9.692921e-02  0.000000e+00 -4.047693e-01  9.030708e-01
-4.20000e+00 -2.80000e+00       1.231e+10  1.919910e-01  0.000000e+00 -2.630208e-01  8.080090e-01
-3.50000e+00 -2.80000e+00       5.471e+10  3.071770e-01  0.000000e+00 -7.293484e-02  6.928230e-01
-2.80000e+00 -2.80000e+00       1.690e+11  3.724059e-01  0.000000e+00 -6.882540e-02  6.275941e-01
-2.10000e+00 -2.80000e+00       3.549e+11  4.009691e-01  0.000000e+00 -1.486730e-01  5.990309e-01
-1.40000e+00 -2.80000e+00       6.202e+11  3.575252e-01  0.000000e+00 -1.066050e-02  6.424748e-01
-7.00000e-01 -2.80000e+00       8.507e+11  2.091308e-01  0.000000e+00  3.255164e-01  7.908692e-01
 0.00000e+00 -2.80000e+00       8.652e+11  6.844020e-02  0.000000e+00 -1.111564e-14  9.315598e-01
 7.00000e-01 -2.80000e+00       8.507e+11  2.091308e-01  0.000000e+00 -3.255164e-01  7.908692e-01
 1.40000e+00 -2.80000e+00       6.202e+11  3.575252e-01  0.000000e+00  1.066050e-02  6.424748e-01
 2.10000e+00 -2.80000e+00       3.549e+11  4.009691e-01  0.000000e+00  1.486730e-01  5.990309e-01
 2.80000e+00 -2.80000e+00       1.690e+11  3.724059e-01  0.000000e+00  6.882540e-02  6.275941e-01
 3.50000e+00 -2.80000e+00       5.471e+10  3.071770e-01  0.000000e+00  7.293484e-02  6.928230e-01
 4.20000e+00 -2.80000e+00       1.231e+10  1.919910e-01  0.000000e+00  2.630208e-01  8.080090e-01
 4.90000e+00 -2.80000e+00       3.484e+09  9.692921e-02  0.000000e+00  4.047693e-01  9.030708e-01
 5.60000e+00 -2.80000e+00       1.196e+09 -5.538886e-02  0.000000e+00  2.939676e-01  9.446111e-01
 6.30000e+00 -2.80000e+00       3.729e+08 -4.486194e-01  0.000000e+00  1.150749e-01  5.513806e-01
 7.00000e+00 -2.80000e+00       1.273e+08 -6.658365e-01  0.000000e+00 -2.036734e-01  3.341635e-01
-7.00000e+00 -2.40000e+00       1.766e+08 -5.443033e-01  0.000000e+00  2.569827e-01  4.556967e-01
-6.30000e+00 -2.40000e+00       8.199e+08 -4.634712e-02  0.000000e+00 -1.741515e-01  9.536529e-01
-5.60000e+00 -2.40000e+00       6.418e+09  4.548125e-01  0.000000e+00 -8.240051e-02  5.451875e-01
-4.90000e+00 -2.40000e+00       4.436e+10  3.661044e-01  0.000000e+00  1.187840e-01  6.338956e-01
-4.20000e+00 -2.40000e+00       2.320e+11  2.207303e-01  0.000000e+00  1.388057e-02  7.792697e-01
-3.50000e+00 -2.40000e+00       9.307e+11  3.026351e-01  0.000000e+00 -6.459455e-02  6.973649e-01
-2.80000e+00 -2.40000e+00       2.556e+12  2.953398e-01  0.000000e+00 -5.964152e-03  7.046602e-01
-2.10000e+00 -2.40000e+00       4.848e+12  1.469285e-01  0.000000e+00  1.360754e-01  8.530715e-01
-1.40000e+00 -2.40000e+00       6.132e+12  2.750933e-03  0.000000e+00  4.498352e-01  9.972491e-01
-7.00000e-01 -2.40000e+00       4.016e+12 -7.004904e-02  0.000000e+00  7.127233e-01  9.299510e-01
 0.00000e+00 -2.40000e+00       1.825e+12 -2.058498e-01  0.000000e+00  1.889243e-14  7.941502e-01
 7.00000e-01 -2.40000e+00       4.016e+12 -7.004904e-02  0.000000e+00 -7.127233e-01  9.299510e-01
 1.40000e+00 -2.40000e+00       6.132e+12  2.750933e-03  0.000000e+00 -4.498352e-01  9.972491e-01
 2.10000e+00 -2.40000e+00       4.848e+12  1.469285e-01  0.000000e+00 -1.360754e-01  8.530715e-01
 2.80000e+00 -2.40000e+00       2.556e+12  2.953398e-01  0.000000e+00  5.964152e-03  7.046602e-01
 3.50000e+00 -2.40000e+00       9.307e+11  3.026351e-01  0.000000e+00  6.459455e-02  6.973649e-01
 4.20000e+00 -2.40000e+00       2.320e+11  2.207303e-01  0.000000e+00 -1.388057e-02  7.792697e-01
 4.90000e+00 -2.40000e+00       4.436e+10  3.661044e-01  0.000000e+00 -1.187840e-01  6.338956e-01
 5.60000e+00 -2.40000e+00       6.418e+09  4.548125e-01  0.000000e+00  8.240051e-02  5.451875e-01
 6.30000e+00 -2.40000e+00       8.199e+08 -4.634712e-02  0.000000e+00  1.741515e-01  9.536529e-01
 7.00000e+00 -2.40000e+00       1.766e+08 -5.443033e-01  0.000000e+00 -2.569827e-01  4.556967e-01
-7.00000e+00 -2.00000e+00       3.728e+08 -3.416166e-01  0.000000e+00  4.654580e-01  6.583834e-01
-6.30000e+00 -2.00000e+00       4.600e+09 -2.733154e-01  0.000000e+00 -6.109563e-02  7.266846e-01
-5.60000e+00 -2.00000e+00       6.442e+10  1.095852e-01  0.000000e+00 -4.071524e-01  8.904148e-01
-4.90000e+00 -2.00000e+00       5.967e+11  4.810515e-01  0.000000e+00 -3.019426e-01  5.189485e-01
-4.20000e+00 -2.00000e+00       3.098e+12  5.481749e-01  0.000000e+00 -2.771727e-02  4.518251e-01
-3.50000e+00 -2.00000e+00       9.888e+12  4.085897e-01  0.000000e+00  5.374567e-02  5.914103e-01
-2.80000e+00 -2.00000e+00       2.374e+13  3.529405e-01  0.000000e+00 -8.615940e-03  6.470595e-01
-2.10000e+00 -2.00000e+00       4.247e+13  2.414280e-01  0.000000e+00  9.081680e-02  7.585720e-01
-1.40000e+00 -2.00000e+00       5.732e+13 -9.629955e-02  0.000000e+00  2.949814e-01  9.037005e-01
-7.00000e-01 -2.00000e+00       5.911e+13 -4.979814e-01  0.000000e+00  3.113111e-01  5.020186e-01
 0.00000e+00 -2.00000e+00       5.200e+13 -6.942979e-01  0.000000e+00 -1.921105e-15  3.057021e-01
 7.00000e-01 -2.00000e+00       5.911e+13 -4.979814e-01  0.000000e+00 -3.113111e-01  5.020186e-01
 1.40000e+00 -2.00000e+00       5.732e+13 -9.629955e-02  0.000000e+00 -2.949814e-01  9.037005e-01
 2.10000e+00 -2.00000e+00       4.247e+13  2.414280e-01  0.000000e+00 -9.081680e-02  7.585720e-01
 2.80000e+00 -2.00000e+00       2.374e+13  3.529405e-01  0.000000e+00  8.615940e-03  6.470595e-01
 3.50000e+00 -2.00000e+00       9.888e+12  4.085897e-01  0.000000e+00 -5.374567e-02  5.914103e-01
 4.20000e+00 -2.00000e+00       3.098e+12  5.481749e-01  0.000000e+00  2.771727e-02  4.518251e-01
 4.90000e+00 -2.00000e+00       5.967e+11  4.810515e-01  0.000000e+00  3.019426e-01  5.189485e-01
 5.60000e+00 -2.00000e+00       6.442e+10  1.095852e-01  0.000000e+00  4.071524e-01  8.904148e-01
 6.30000e+00 -2.00000e+00       4.600e+09 -2.733154e-01  0.000000e+00  6.109563e-02  7.266846e-01
 7.00000e+00 -2.00000e+00       3.728e+08 -3.416166e-01  0.000000e+00 -4.654580e-01  6.583834e-01
-7.00000e+00 -1.60000e+00       3.231e+09  7.271171e-01  0.000000e+00  4.251602e-01  2.728829e-01
-6.30000e+00 -1.60000e+00       5.151e+10  5.364722e-01  0.000000e+00  5.632370e-01  4.635278e-01
-5.60000e+00 -1.60000e+00       4.859e+11  1.872228e-01  0.000000e+00  4.563103e-01  8.127772e-01
-4.90000e+00 -1.60000e+00       3.337e+12  9.679409e-02  0.000000e+00 -2.093106e-02  9.032059e-01
-4.20000e+00 -1.60000e+00       1.829e+13  4.056266e-01  0.000000e+00 -2.481340e-01  5.943734e-01
-3.50000e+00 -1.60000e+00       6.301e+13  5.830912e-01  0.000000e+00 -9.842919e-02  4.169088e-01
-2.80000e+00 -1.60000e+00       1.348e+14  5.400178e-01  0.000000e+00 -1.226718e-02  4.599822e-01
-2.10000e+00 -1.60000e+00       2.216e+14  4.712143e-01  0.000000e+00 -1.752475e-01  5.287857e-01
-1.40000e+00 -1.60000e+00       2.736e+14  2.982181e-01  0.000000e+00 -4.942449e-01  7.017819e-01
-7.00000e-01 -1.60000e+00       2.250e+14  7.108433e-02  0.000000e+00 -6.996987e-01  9.289157e-01
 0.00000e+00 -1.60000e+00       1.594e+14 -2.944335e-02  0.000000e+00 -8.994557e-15  9.705566e-01
 7.00000e-01 -1.60000e+00       2.250e+14  7.108433e-02  0.000000e+00  6.996987e-01  9.289157e-01
 1.40000e+00 -1.60000e+00       2.736e+14  2.982181e-01  0.000000e+00  4.942449e-01  7.017819e-01
 2.10000e+00 -1.60000e+00       2.216e+14  4.712143e-01  0.000000e+00  1.752475e-01  5.287857e-01
 2.80000e+00 -1.60000e+00       1.348e+14  5.400178e-01  0.000000e+00  1.226718e-02  4.599822e-01
 3.50000e+00 -1.60000e+00       6.301e+13  5.830912e-01  0.000000e+00  9.842919e-02  4.169088e-01
 4.20000e+00 -1.60000e+00       1.829e+13  4.056266e-01  0.000000e+00  2.481340e-01  5.943734e-01
 4.90000e+00 -1.60000e+00       3.337e+12  9.679409e-02  0.000000e+00  2.093106e-02  9.032059e-01
 5.60000e+00 -1.60000e+00       4.859e+11  1.872228e-01  0.000000e+00 -4.563103e-01  8.127772e-01
 6.30000e+00 -1.60000e+00       5.151e+10  5.364722e-01  0.000000e+00 -5.632370e-01  4.635278e-01
 7.00000e+00 -1.60000e+00       3.231e+09  7.271171e-01  0.000000e+00 -4.251602e-01  2.728829e-01
-7.00000e+00 -1.20000e+00       2.353e+10  9.519903e-01  0.000000e+00 -1.012965e-01  4.800970e-02
-6.30000e+00 -1.20000e+00       4.142e+11  9.420643e-01  0.000000e+00  8.380584e-02  5.793574e-02
-5.60000e+00 -1.20000e+00       3.745e+12  8.481568e-01  0.000000e+00  2.862184e-01  1.518432e-01
-4.90000e+00 -1.20000e+00       1.809e+13  6.256544e-01  0.000000e+00  3.888620e-01  3.743456e-01
-4.20000e+00 -1.20000e+00       6.142e+13  4.260727e-01  0.000000e+00  1.309098e-01  5.739273e-01
-3.50000e+00 -1.20000e+00       1.973e+14  5.632825e-01  0.000000e+00 -1.306833e-01  4.367175e-01
-2.80000e+00 -1.20000e+00       4.485e+14  6.675023e-01  0.000000e+00 -6.052850e-02  3.324977e-01
-2.10000e+00 -1.20000e+00       6.433e+14  5.711362e-01  0.000000e+00  6.287583e-02  4.288638e-01
-1.40000e+00 -1.20000e+00       6.897e+14  3.326925e-01  0.000000e+00  3.431591e-01  6.673075e-01
-7.00000e-01 -1.20000e+00       5.736e+14  8.528071e-02  0.000000e+00  6.167793e-01  9.147193e-01
 0.00000e+00 -1.20000e+00       4.421e+14 -1.400580e-02  0.000000e+00  5.292783e-15  9.859942e-01
 7.00000e-01 -1.20000e+00       5.736e+14  8.528071e-02  0.000000e+00 -6.167793e-01  9.147193e-01
 1.40000e+00 -1.20000e+00       6.897e+14  3.326925e-01  0.000000e+00 -3.431591e-01  6.673075e-01
 2.10000e+00 -1.20000e+00       6.433e+14  5.711362e-01  0.000000e+00 -6.287583e-02  4.288638e-01
 2.80000e+00 -1.20000e+00       4.485e+14  6.675023e-01  0.000000e+00  6.052850e-02  3.324977e-01
 3.50000e+00 -1.20000e+00       1.973e+14  5.632825e-01  0.000000e+00  1.306833e-01  4.367175e-01
 4.20000e+00 -1.20000e+00       6.142e+13  4.260727e-01  0.000000e+00 -1.309098e-01  5.739273e-01
 4.90000e+00 -1.20000e+00       1.809e+13  6.256544e-01  0.000000e+00 -3.888620e-01  3.743456e-01
 5.60000e+00 -1.20000e+00       3.745e+12  8.481568e-01  0.000000e+00 -2.862184e-01  1.518432e-01
 6.30000e+00 -1.20000e+00       4.142e+11  9.420643e-01  0.000000e+00 -8.380584e-02  5.793574e-02
 7.00000e+00 -1.20000e+00       2.353e+10  9.519903e-01  0.000000e+00  1.012965e-01  4.800970e-02
-7.00000e+00 -8.00000e-01       3.309e+10  9.025916e-01  0.000000e+00 -3.712879e-01  9.740843e-02
-6.30000e+00 -8.00000e-01       5.385e+11  9.378380e-01  0.000000e+00 -1.261037e-01  6.216203e-02
-5.60000e+00 -8.00000e-01       7.729e+12  9.265085e-01  0.000000e+00  1.914742e-01  7.349149e-02
-4.90000e+00 -8.00000e-01       7.008e+13  8.691822e-01  0.000000e+00  3.444602e-01  1.308178e-01
-4.20000e+00 -8.00000e-01       2.608e+14  7.536755e-01  0.000000e+00  4.049300e-01  2.463245e-01
-3.50000e+00 -8.00000e-01       4.163e+14  5.625394e-01  0.000000e+00  3.581390e-01  4.374606e-01
-2.80000e+00 -8.00000e-01       6.339e+14  5.168250e-01  0.000000e+00  1.181924e-01  4.831750e-01
-2.10000e+00 -8.00000e-01       1.675e+15  6.387761e-01  0.000000e+00  4.050057e-02  3.612239e-01
-1.40000e+00 -8.00000e-01       3.671e+15  7.525568e-01  0.000000e+00  8.470997e-02  2.474432e-01
-7.00000e-01 -8.00000e-01       8.427e+15  8.952766e-01  0.000000e+00  4.610713e-02  1.047234e-01
 0.00000e+00 -8.00000e-01       1.276e+16  9.330882e-01  0.000000e+00 -2.502343e-15  6.691179e-02
 7.00000e-01 -8.00000e-01       8.427e+15  8.952766e-01  0.000000e+00 -4.610713e-02  1.047234e-01
 1.40000e+00 -8.00000e-01       3.671e+15  7.525568e-01  0.000000e+00 -8.470997e-02  2.474432e-01
 2.10000e+00 -8.00000e-01       1.675e+15  6.387761e-01  0.000000e+00 -4.050057e-02  3.612239e-01
 2.80000e+00 -8.00000e-01       6.339e+14  5.168250e-01  0.000000e+00 -1.181924e-01  4.831750e-01
 3.50000e+00 -8.00000e-01       4.163e+14  5.625394e-01  0.000000e+00 -3.581390e-01  4.374606e-01
 4.20000e+00 -8.00000e-01       2.608e+14  7.536755e-01  0.000000e+00 -4.049300e-01  2.463245e-01
 4.90000e+00 -8.00000e-01       7.008e+13  8.691822e-01  0.000000e+00 -3.444602e-01  1.308178e-01
 5.60000e+00 -8.00000e-01       7.729e+12  9.265085e-01  0.000000e+00 -1.914742e-01  7.349149e-02
 6.30000e+00 -8.00000e-01       5.385e+11  9.378380e-01  0.000000e+00  1.261037e-01  6.216203e-02
 7.00000e+00 -8.00000e-01       3.309e+10  9.025916e-01  0.000000e+00  3.712879e-01  9.740843e-02
-7.00000e+00 -4.00000e-01       1.284e+11  9.603256e-01  0.000000e+00 -2.557154e-01  3.967440e-02
-6.30000e+00 -4.00000e-01       2.569e+12  9.780161e-01  0.000000e+00 -1.757907e-01  2.198395e-02
-5.60000e+00 -4.00000e-01       2.715e+13  9.881527e-01  0.000000e+00 -9.055364e-02  1.184731e-02
-4.90000e+00 -4.00000e-01       1.483e+14  9.879474e-01  0.000000e+00  7.568186e-04  1.205262e-02
-4.20000e+00 -4.00000e-01       4.127e+14  9.693547e-01  0.000000e+00  8.539013e-02  3.064531e-02
-3.50000e+00 -4.00000e-01       7.116e+14  9.311472e-01  0.000000e+00  7.757429e-02  6.885275e-02
-2.80000e+00 -4.00000e-01       1.335e+15  9.335759e-01  0.000000e+00 -2.148951e-02  6.642411e-02
-2.10000e+00 -4.00000e-01       2.428e+15  9.579992e-01  0.000000e+00 -3.429344e-02  4.200084e-02
-1.40000e+00 -4.00000e-01       3.613e+15  9.744390e-01  0.000000e+00 -8.139419e-02  2.556100e-02
-7.00000e-01 -4.00000e-01       3.722e+15  9.823620e-01  0.000000e+00 -1.182160e-01  1.763805e-02
 0.00000e+00 -4.00000e-01       2.946e+15  9.837532e-01  0.000000e+00 -6.467085e-16  1.624678e-02
 7.00000e-01 -4.00000e-01       3.722e+15  9.823620e-01  0.000000e+00  1.182160e-01  1.763805e-02
 1.40000e+00 -4.00000e-01       3.613e+15  9.744390e-01  0.000000e+00  8.139419e-02  2.556100e-02
 2.10000e+00 -4.00000e-01       2.428e+15  9.579992e-01  0.000000e+00  3.429344e-02  4.200084e-02
 2.80000e+00 -4.00000e-01       1.335e+15  9.335759e-01  0.000000e+00  2.148951e-02  6.642411e-02
 3.50000e+00 -4.00000e-01       7.116e+14  9.311472e-01  0.000000e+00 -7.757429e-02  6.885275e-02
 4.20000e+00 -4.00000e-01       4.127e+14  9.693547e-01  0.000000e+00 -8.539013e-02  3.064531e-02
 4.90000e+00 -4.00000e-01       1.483e+14  9.879474e-01  0.000000e+00 -7.568186e-04  1.205262e-02
 5.60000e+00 -4.00000e-01       2.715e+13  9.881527e-01  0.000000e+00  9.055364e-02  1.184731e-02
 6.30000e+00 -4.00000e-01       2.569e+12  9.780161e-01  0.000000e+00  1.757907e-01  2.198395e-02
 7.00000e+00 -4.00000e-01       1.284e+11  9.603256e-01  0.000000e+00  2.557154e-01  3.967440e-02
-7.00000e+00  0.00000e+00       1.467e+11  9.999618e-01  0.000000e+00  2.128996e-14  3.817398e-05
-6.30000e+00  0.00000e+00       3.011e+12  9.999790e-01  0.000000e+00  1.380454e-13  2.101001e-05
-5.60000e+00  0.00000e+00       3.271e+13  9.999914e-01  0.000000e+00  5.499557e-13  8.564476e-06
-4.90000e+00  0.00000e+00       1.846e+14  9.999995e-01  0.000000e+00  1.383283e-12  5.203577e-07
-4.20000e+00  0.00000e+00       5.268e+14  1.000000e+00  0.000000e+00  2.417552e-12  1.750301e-08
-3.50000e+00  0.00000e+00       8.714e+14  9.999823e-01  0.000000e+00  2.915202e-12  1.769550e-05
-2.80000e+00  0.00000e+00       1.480e+15  9.999778e-01  0.000000e+00  1.780106e-12  2.224259e-05
-2.10000e+00  0.00000e+00       2.388e+15  9.999896e-01  0.000000e+00  8.680597e-13  1.036786e-05
-1.40000e+00  0.00000e+00       2.328e+15  9.999650e-01  0.000000e+00  5.551746e-13  3.504616e-05
-7.00000e-01  0.00000e+00       1.262e+15  9.999383e-01  0.000000e+00  3.275522e-13  6.168015e-05
 0.00000e+00  0.00000e+00       6.161e+14  9.998291e-01  0.000000e+00  7.489789e-17  1.708856e-04
 7.00000e-01  0.00000e+00       1.262e+15  9.999383e-01  0.000000e+00 -3.274390e-13  6.168015e-05
 1.40000e+00  0.00000e+00       2.328e+15  9.999650e-01  0.000000e+00 -5.551308e-13  3.504616e-05
 2.10000e+00  0.00000e+00       2.388e+15  9.999896e-01  0.000000e+00 -8.680300e-13  1.036786e-05
 2.80000e+00  0.00000e+00       1.480e+15  9.999778e-01  0.000000e+00 -1.780106e-12  2.224259e-05
 3.50000e+00  0.00000e+00       8.714e+14  9.999823e-01  0.000000e+00 -2.915304e-12  1.769550e-05
 4.20000e+00  0.00000e+00       5.268e+14  1.000000e+00  0.000000e+00 -2.417611e-12  1.750301e-08
 4.90000e+00  0.00000e+00       1.846e+14  9.999995e-01  0.000000e+00 -1.383229e-12  5.203577e-07
 5.60000e+00  0.00000e+00       3.271e+13  9.999914e-01  0.000000e+00 -5.497807e-13  8.564476e-06
 6.30000e+00  0.00000e+00       3.011e+12  9.999790e-01  0.000000e+00 -1.377185e-13  2.101001e-05
 7.00000e+00  0.00000e+00       1.467e+11  9.999618e-01  0.000000e+00 -2.111204e-14  3.817398e-05
-7.00000e+00  4.00000e-01       1.284e+11  9.603256e-01  0.000000e+00  2.557154e-01  3.967440e-02
-6.30000e+00  4.00000e-01       2.569e+12  9.780161e-01  0.000000e+00  1.757907e-01  2.198395e-02
-5.60000e+00  4.00000e-01       2.715e+13  9.881527e-01  0.000000e+00  9.055364e-02  1.184731e-02
-4.90000e+00  4.00000e-01       1.483e+14  9.879474e-01  0.000000e+00 -7.568186e-04  1.205262e-02
-4.20000e+00  4.00000e-01       4.127e+14  9.693547e-01  0.000000e+00 -8.539013e-02  3.064531e-02
-3.50000e+00  4.00000e-01       7.116e+14  9.311472e-01  0.000000e+00 -7.757429e-02  6.885275e-02
-2.80000e+00  4.00000e-01       1.335e+15  9.335759e-01  0.000000e+00  2.148951e-02  6.642411e-02
-2.10000e+00  4.00000e-01       2.428e+15  9.579992e-01  0.000000e+00  3.429344e-02  4.200084e-02
-1.40000e+00  4.00000e-01       3.613e+15  9.744390e-01  0.000000e+00  8.139419e-02  2.556100e-02
-7.00000e-01  4.00000e-01       3.722e+15  9.823620e-01  0.000000e+00  1.182160e-01  1.763805e-02
 0.00000e+00  4.00000e-01       2.946e+15  9.837532e-01  0.000000e+00  6.459845e-16  1.624678e-02
 7.00000e-01  4.00000e-01       3.722e+15  9.823620e-01  0.000000e+00 -1.182160e-01  1.763805e-02
 1.40000e+00  4.00000e-01       3.613e+15  9.744390e-01  0.000000e+00 -8.139419e-02  2.556100e-02
 2.10000e+00  4.00000e-01       2.428e+15  9.579992e-01  0.000000e+00 -3.429344e-02  4.200084e-02
 2.80000e+00  4.00000e-01       1.335e+15  9.335759e-01  0.000000e+00 -2.148951e-02  6.642411e-02
 3.50000e+00  4.00000e-01       7.116e+14  9.311472e-01  0.000000e+00  7.757429e-02  6.885275e-02
 4.20000e+00  4.00000e-01       4.127e+14  9.693547e-01  0.000000e+00  8.539013e-02  3.064531e-02
 4.90000e+00  4.00000e-01       1.483e+14  9.879474e-01  0.000000e+00  7.568186e-04  1.205262e-02
 5.60000e+00  4.00000e-01       2.715e+13  9.881527e-01  0.000000e+00 -9.055364e-02  1.184731e-02
 6.30000e+00  4.00000e-01       2.569e+12  9.780161e-01  0.000000e+00 -1.757907e-01  2.198395e-02
 7.00000e+00  4.00000e-01       1.284e+11  9.603256e-01  0.000000e+00 -2.557154e-01  3.967440e-02
-7.00000e+00  8.00000e-01       3.309e+10  9.025916e-01  0.000000e+00  3.712879e-01  9.740843e-02
-6.30000e+00  8.00000e-01       5.385e+11  9.378380e-01  0.000000e+00  1.261037e-01  6.216203e-02
-5.60000e+00  8.00000e-01       7.729e+12  9.265085e-01  0.000000e+00 -1.914742e-01  7.349149e-02
-4.90000e+00  8.00000e-01       7.008e+13  8.691822e-01  0.000000e+00 -3.444602e-01  1.308178e-01
-4.20000e+00  8.00000e-01       2.608e+14  7.536755e-01  0.000000e+00 -4.049300e-01  2.463245e-01
-3.50000e+00  8.00000e-01       4.163e+14  5.625394e-01  0.000000e+00 -3.581390e-01  4.374606e-01
-2.80000e+00  8.00000e-01       6.339e+14  5.168250e-01  0.000000e+00 -1.181924e-01  4.831750e-01
-2.10000e+00  8.00000e-01       1.675e+15  6.387761e-01  0.000000e+00 -4.050057e-02  3.612239e-01
-1.40000e+00  8.00000e-01       3.671e+15  7.525568e-01  0.000000e+00 -8.470997e-02  2.474432e-01
-7.00000e-01  8.00000e-01       8.427e+15  8.952766e-01  0.000000e+00 -4.610713e-02  1.047234e-01
 0.00000e+00  8.00000e-01       1.276e+16  9.330882e-01  0.000000e+00  2.829415e-15  6.691179e-02
 7.00000e-01  8.00000e-01       8.427e+15  8.952766e-01  0.000000e+00  4.610713e-02  1.047234e-01
 1.40000e+00  8.00000e-01       3.671e+15  7.525568e-01  0.000000e+00  8.470997e-02  2.474432e-01
 2.10000e+00  8.00000e-01       1.675e+15  6.387761e-01  0.000000e+00  4.050057e-02  3.612239e-01
 2.80000e+00  8.00000e-01       6.339e+14  5.168250e-01  0.000000e+00  1.181924e-01  4.831750e-01
 3.50000e+00  8.00000e-01       4.163e+14  5.625394e-01  0.000000e+00  3.581390e-01  4.374606e-01
 4.20000e+00  8.00000e-01       2.608e+14  7.536755e-01  0.000000e+00  4.049300e-01  2.463245e-01
 4.90000e+00  8.00000e-01       7.008e+13  8.691822e-01  0.000000e+00  3.444602e-01  1.308178e-01
 5.60000e+00  8.00000e-01       7.729e+12  9.265085e-01  0.000000e+00  1.914742e-01  7.349149e-02
 6.30000e+00  8.00000e-01       5.385e+11  9.378380e-01  0.000000e+00 -1.261037e-01  6.216203e-02
 7.00000e+00  8.00000e-01       3.309e+10  9.025916e-01  0.000000e+00 -3.712879e-01  9.740843e-02
-7.00000e+00  1.20000e+00       2.353e+10  9.519903e-01  0.000000e+00  1.012965e-01  4.800970e-02
-6.30000e+00  1.20000e+00       4.142e+11  9.420643e-01  0.000000e+00 -8.380584e-02  5.793574e-02
-5.60000e+00  1.20000e+00       3.745e+12  8.481568e-01  0.000000e+00 -2.862184e-01  1.518432e-01
-4.90000e+00  1.20000e+00       1.809e+13  6.256544e-01  0.000000e+00 -3.888620e-01  3.743456e-01
-4.20000e+00  1.20000e+00       6.142e+13  4.260727e-01  0.000000e+00 -1.309098e-01  5.739273e-01
-3.50000e+00  1.20000e+00       1.973e+14  5.632825e-01  0.000000e+00  1.306833e-01  4.367175e-01
-2.80000e+00  1.20000e+00       4.485e+14  6.675023e-01  0.000000e+00  6.052850e-02  3.324977e-01
-2.10000e+00  1.20000e+00       6.433e+14  5.711362e-01  0.000000e+00 -6.287583e-02  4.288638e-01
-1.40000e+00  1.20000e+00       6.897e+14  3.326925e-01  0.000000e+00 -3.431591e-01  6.673075e-01
-7.00000e-01  1.20000e+00       5.736e+14  8.528071e-02  0.000000e+00 -6.167793e-01  9.147193e-01
 0.00000e+00  1.20000e+00       4.421e+14 -1.400580e-02  0.000000e+00 -1.024044e-14  9.859942e-01
 7.00000e-01  1.20000e+00       5.736e+14  8.528071e-02  0.000000e+00  6.167793e-01  9.147193e-01
 1.40000e+00  1.20000e+00       6.897e+14  3.326925e-01  0.000000e+00  3.431591e-01  6.673075e-01
 2.10000e+00  1.20000e+00       6.433e+14  5.711362e-01  0.000000e+00  6.287583e-02  4.288638e-01
 2.80000e+00  1.20000e+00       4.485e+14  6.675023e-01  0.000000e+00 -6.052850e-02  3.324977e-01
 3.50000e+00  1.20000e+00       1.973e+14  5.632825e-01  0.000000e+00 -1.306833e-01  4.367175e-01
 4.20000e+00  1.20000e+00       6.142e+13  4.260727e-01  0.000000e+00  1.309098e-01  5.739273e-01
 4.90000e+00  1.20000e+00       1.809e+13  6.256544e-01  0.000000e+00  3.888620e-01  3.743456e-01
 5.60000e+00  1.20000e+00       3.745e+12  8.481568e-01  0.000000e+00  2.862184e-01  1.518432e-01
 6.30000e+00  1.20000e+00       4.142e+11  9.420643e-01  0.000000e+00  8.380584e-02  5.793574e-02
 7.00000e+00  1.20000e+00       2.353e+10  9.519903e-01  0.000000e+00 -1.012965e-01  4.800970e-02
-7.00000e+00  1.60000e+00       3.231e+09  7.271171e-01  0.000000e+00 -4.251602e-01  2.728829e-01
-6.30000e+00  1.60000e+00       5.151e+10  5.364722e-01  0.000000e+00 -5.632370e-01  4.635278e-01
-5.60000e+00  1.60000e+00       4.859e+11  1.872228e-01  0.000000e+00 -4.563103e-01  8.127772e-01
-4.90000e+00  1.60000e+00       3.337e+12  9.679409e-02  0.000000e+00  2.093106e-02  9.032059e-01
-4.20000e+00  1.60000e+00       1.829e+13  4.056266e-01  0.000000e+00  2.481340e-01  5.943734e-01
-3.50000e+00  1.60000e+00       6.301e+13  5.830912e-01  0.000000e+00  9.842919e-02  4.169088e-01
-2.80000e+00  1.60000e+00       1.348e+14  5.400178e-01  0.000000e+00  1.226718e-02  4.599822e-01
-2.10000e+00  1.60000e+00       2.216e+14  4.712143e-01  0.000000e+00  1.752475e-01  5.287857e-01
-1.40000e+00  1.60000e+00       2.736e+14  2.982181e-01  0.000000e+00  4.942449e-01  7.017819e-01
-7.00000e-01  1.60000e+00       2.250e+14  7.108433e-02  0.000000e+00  6.996987e-01  9.289157e-01
 0.00000e+00  1.60000e+00       1.594e+14 -2.944335e-02  0.000000e+00  9.023091e-15  9.705566e-01
 7.00000e-01  1.60000e+00       2.250e+14  7.108433e-02  0.000000e+00 -6.996987e-01  9.289157e-01
 1.40000e+00  1.60000e+00       2.736e+14  2.982181e-01  0.000000e+00 -4.942449e-01  7.017819e-01
 2.10000e+00  1.60000e+00       2.216e+14  4.712143e-01  0.000000e+00 -1.752475e-01  5.287857e-01
 2.80000e+00  1.60000e+00       1.348e+14  5.400178e-01  0.000000e+00 -1.226718e-02  4.599822e-01
 3.50000e+00  1.60000e+00       6.301e+13  5.830912e-01  0.000000e+00 -9.842919e-02  4.169088e-01
 4.20000e+00  1.60000e+00       1.829e+13  4.056266e-01  0.000000e+00 -2.481340e-01  5.943734e-01
 4.90000e+00  1.60000e+00       3.337e+12  9.679409e-02  0.000000e+00 -2.093106e-02  9.032059e-01
 5.60000e+00  1.60000e+00       4.859e+11  1.872228e-01  0.000000e+00  4.563103e-01  8.127772e-01
 6.30000e+00  1.60000e+00       5.151e+10  5.364722e-01  0.000000e+00  5.632370e-01  4.635278e-01
 7.00000e+00  1.60000e+00       3.231e+09  7.271171e-01  0.000000e+00  4.251602e-01  2.728829e-01
-7.00000e+00  2.00000e+00       3.728e+08 -3.416166e-01  0.000000e+00 -4.654580e-01  6.583834e-01
-6.30000e+00  2.00000e+00       4.600e+09 -2.733154e-01  0.000000e+00  6.109563e-02  7.266846e-01
-5.60000e+00  2.00000e+00       6.442e+10  1.095852e-01  0.000000e+00  4.071524e-01  8.904148e-01
-4.90000e+00  2.00000e+00       5.967e+11  4.810515e-01  0.000000e+00  3.019426e-01  5.189485e-01
-4.20000e+00  2.00000e+00       3.098e+12  5.481749e-01  0.000000e+00  2.771728e-02  4.518251e-01
-3.50000e+00  2.00000e+00       9.888e+12  4.085897e-01  0.000000e+00 -5.374567e-02  5.914103e-01
-2.80000e+00  2.00000e+00       2.374e+13  3.529405e-01  0.000000e+00  8.615940e-03  6.470595e-01
-2.10000e+00  2.00000e+00       4.247e+13  2.414280e-01  0.000000e+00 -9.081680e-02  7.585720e-01
-1.40000e+00  2.00000e+00       5.732e+13 -9.629955e-02  0.000000e+00 -2.949814e-01  9.037005e-01
-7.00000e-01  2.00000e+00       5.911e+13 -4.979814e-01  0.000000e+00 -3.113111e-01  5.020186e-01
 0.00000e+00  2.00000e+00       5.200e+13 -6.942979e-01  0.000000e+00  1.918064e-15  3.057021e-01
 7.00000e-01  2.00000e+00       5.911e+13 -4.979814e-01  0.000000e+00  3.113111e-01  5.020186e-01
 1.40000e+00  2.00000e+00       5.732e+13 -9.629955e-02  0.000000e+00  2.949814e-01  9.037005e-01
 2.10000e+00  2.00000e+00       4.247e+13  2.414280e-01  0.000000e+00  9.081680e-02  7.585720e-01
 2.80000e+00  2.00000e+00       2.374e+13  3.529405e-01  0.000000e+00 -8.615940e-03  6.470595e-01
 3.50000e+00  2.00000e+00       9.888e+12  4.085897e-01  0.000000e+00  5.374567e-02  5.914103e-01
 4.20000e+00  2.00000e+00       3.098e+12  5.481749e-01  0.000000e+00 -2.771728e-02  4.518251e-01
 4.90000e+00  2.00000e+00       5.967e+11  4.810515e-01  0.000000e+00 -3.019426e-01  5.189485e-01
 5.60000e+00  2.00000e+00       6.442e+10  1.095852e-01  0.000000e+00 -4.071524e-01  8.904148e-01
 6.30000e+00  2.00000e+00       4.600e+09 -2.733154e-01  0.000000e+00 -6.109563e-02  7.266846e-01
 7.00000e+00  2.00000e+00       3.728e+08 -3.416166e-01  0.000000e+00  4.654580e-01  6.583834e-01
-7.00000e+00  2.40000e+00       1.766e+08 -5.443033e-01  0.000000e+00 -2.569827e-01  4.556967e-01
-6.30000e+00  2.40000e+00       8.199e+08 -4.634712e-02  0.000000e+00  1.741515e-01  9.536529e-01
-5.60000e+00  2.40000e+00       6.418e+09  4.548125e-01  0.000000e+00  8.240052e-02  5.451875e-01
-4.90000e+00  2.40000e+00       4.436e+10  3.661044e-01  0.000000e+00 -1.187839e-01  6.338956e-01
-4.20000e+00  2.40000e+00       2.320e+11  2.207303e-01  0.000000e+00 -1.388055e-02  7.792697e-01
-3.50000e+00  2.40000e+00       9.307e+11  3.026351e-01  0.000000e+00  6.459456e-02  6.973649e-01
-2.80000e+00  2.40000e+00       2.556e+12  2.953398e-01  0.000000e+00  5.964156e-03  7.046602e-01
-2.10000e+00  2.40000e+00       4.848e+12  1.469285e-01  0.000000e+00 -1.360754e-01  8.530715e-01
-1.40000e+00  2.40000e+00       6.132e+12  2.750935e-03  0.000000e+00 -4.498352e-01  9.972491e-01
-7.00000e-01  2.40000e+00       4.016e+12 -7.004904e-02  0.000000e+00 -7.127233e-01  9.299510e-01
 0.00000e+00  2.40000e+00       1.825e+12 -2.058498e-01  0.000000e+00 -1.895462e-14  7.941502e-01
 7.00000e-01  2.40000e+00       4.016e+12 -7.004904e-02  0.000000e+00  7.127233e-01  9.299510e-01
 1.40000e+00  2.40000e+00       6.132e+12  2.750935e-03  0.000000e+00  4.498352e-01  9.972491e-01
 2.10000e+00  2.40000e+00       4.848e+12  1.469285e-01  0.000000e+00  1.360754e-01  8.530715e-01
 2.80000e+00  2.40000e+00       2.556e+12  2.953398e-01  0.000000e+00 -5.964156e-03  7.046602e-01
 3.50000e+00  2.40000e+00       9.307e+11  3.026351e-01  0.000000e+00 -6.459456e-02  6.973649e-01
 4.20000e+00  2.40000e+00       2.320e+11  2.207303e-01  0.000000e+00  1.388055e-02  7.792697e-01
 4.90000e+00  2.40000e+00       4.436e+10  3.661044e-01  0.000000e+00  1.187839e-01  6.338956e-01
 5.60000e+00  2.40000e+00       6.418e+09  4.548125e-01  0.000000e+00 -8.240052e-02  5.451875e-01
 6.30000e+00  2.40000e+00       8.199e+08 -4.634712e-02  0.000000e+00 -1.741515e-01  9.536529e-01
 7.00000e+00  2.40000e+00       1.766e+08 -5.443033e-01  0.000000e+00  2.569827e-01  4.556967e-01
-7.00000e+00  2.80000e+00       1.273e+08 -6.658365e-01  0.000000e+00 -2.036734e-01  3.341635e-01
-6.30000e+00  2.80000e+00       3.729e+08 -4.486194e-01  0.000000e+00  1.150749e-01  5.513806e-01
-5.60000e+00  2.80000e+00       1.196e+09 -5.538884e-02  0.000000e+00  2.939677e-01  9.446112e-01
-4.90000e+00  2.80000e+00       3.484e+09  9.692924e-02  0.000000e+00  4.047695e-01  9.030708e-01
-4.20000e+00  2.80000e+00       1.231e+10  1.919910e-01  0.000000e+00  2.630212e-01  8.080090e-01
-3.50000e+00  2.80000e+00       5.471e+10  3.071770e-01  0.000000e+00  7.293508e-02  6.928230e-01
-2.80000e+00  2.80000e+00       1.690e+11  3.724059e-01  0.000000e+00  6.882548e-02  6.275941e-01
-2.10000e+00  2.80000e+00       3.549e+11  4.009691e-01  0.000000e+00  1.486730e-01  5.990309e-01
-1.40000e+00  2.80000e+00       6.202e+11  3.575252e-01  0.000000e+00  1.066051e-02  6.424748e-01
-7.00000e-01  2.80000e+00       8.507e+11  2.091308e-01  0.000000e+00 -3.255164e-01  7.908692e-01
 0.00000e+00  2.80000e+00       8.652e+11  6.844020e-02  0.000000e+00  1.113389e-14  9.315598e-01
 7.00000e-01  2.80000e+00       8.507e+11  2.091308e-01  0.000000e+00  3.255164e-01  7.908692e-01
 1.40000e+00  2.80000e+00       6.202e+11  3.575252e-01  0.000000e+00 -1.066051e-02  6.424748e-01
 2.10000e+00  2.80000e+00       3.549e+11  4.009691e-01  0.000000e+00 -1.486730e-01  5.990309e-01
 2.80000e+00  2.80000e+00       1.690e+11  3.724059e-01  0.000000e+00 -6.882548e-02  6.275941e-01
 3.50000e+00  2.80000e+00       5.471e+10  3.071770e-01  0.000000e+00 -7.293508e-02  6.928230e-01
 4.20000e+00  2.80000e+00       1.231e+10  1.919910e-01  0.000000e+00 -2.630212e-01  8.080090e-01
 4.90000e+00  2.80000e+00       3.484e+09  9.692924e-02  0.000000e+00 -4.047695e-01  9.030708e-01
 5.60000e+00  2.80000e+00       1.196e+09 -5.538884e-02  0.000000e+00 -2.939677e-01  9.446112e-01
 6.30000e+00  2.80000e+00       3.729e+08 -4.486194e-01  0.000000e+00 -1.150749e-01  5.513806e-01
 7.00000e+00  2.80000e+00       1.273e+08 -6.658365e-01  0.000000e+00  2.036734e-01  3.341635e-01
-7.00000e+00  3.20000e+00       5.189e+07 -6.485544e-01  0.000000e+00  2.166926e-01  3.514456e-01
-6.30000e+00  3.20000e+00       2.797e+08 -4.662799e-01  0.000000e+00  2.764614e-01  5.337201e-01
-5.60000e+00  3.20000e+00       8.499e+08 -1.033953e-01  0.000000e+00  3.701624e-01  8.966047e-01
-4.90000e+00  3.20000e+00       1.456e+09 -4.691837e-03  0.000000e+00  6.343572e-01  9.953082e-01
-4.20000e+00  3.20000e+00       1.011e+09 -6.057062e-01  0.000000e+00  2.149904e+00  3.942938e-01
-3.50000e+00  3.20000e+00       5.110e+09  6.967453e-01  0.000000e+00  7.013353e-01  3.032547e-01
-2.80000e+00  3.20000e+00       1.655e+10  9.293434e-01  0.000000e+00  2.201920e-01  7.065659e-02
-2.10000e+00  3.20000e+00       1.629e+10  6.353926e-01  0.000000e+00  1.814410e-01  3.646074e-01
-1.40000e+00  3.20000e+00       2.863e+10  2.536916e-01  0.000000e+00  2.127778e-01  7.463084e-01
-7.00000e-01  3.20000e+00       1.605e+11  8.284238e-01  0.000000e+00  3.707209e-02  1.715762e-01
 0.00000e+00  3.20000e+00       2.827e+11  9.135901e-01  0.000000e+00 -7.957062e-16  8.640990e-02
 7.00000e-01  3.20000e+00       1.605e+11  8.284238e-01  0.000000e+00 -3.707209e-02  1.715762e-01
 1.40000e+00  3.20000e+00       2.863e+10  2.536916e-01  0.000000e+00 -2.127778e-01  7.463084e-01
 2.10000e+00  3.20000e+00       1.629e+10  6.353926e-01  0.000000e+00 -1.814410e-01  3.646074e-01
 2.80000e+00  3.20000e+00       1.655e+10  9.293434e-01  0.000000e+00 -2.201920e-01  7.065659e-02
 3.50000e+00  3.20000e+00       5.110e+09  6.967453e-01  0.000000e+00 -7.013353e-01  3.032547e-01
 4.20000e+00  3.20000e+00       1.011e+09 -6.057062e-01  0.000000e+00 -2.149904e+00  3.942938e-01
 4.90000e+00  3.20000e+00       1.456e+09 -4.691837e-03  0.000000e+00 -6.343572e-01  9.953082e-01
 5.60000e+00  3.20000e+00       8.499e+08 -1.033953e-01  0.000000e+00 -3.701624e-01  8.966047e-01
 6.30000e+00  3.20000e+00       2.797e+08 -4.662799e-01  0.000000e+00 -2.764614e-01  5.337201e-01
 7.00000e+00  3.20000e+00       5.189e+07 -6.485544e-01  0.000000e+00 -2.166926e-01  3.514456e-01
-7.00000e+00  3.60000e+00       4.533e+07 -6.815397e-01  0.000000e+00  2.022233e-01  3.184603e-01
-6.30000e+00  3.60000e+00       1.890e+08 -4.539296e-01  0.000000e+00  2.881476e-01  5.460704e-01
-5.60000e+00  3.60000e+00       5.216e+08 -3.085089e-02  0.000000e+00  3.585896e-01  9.691491e-01
-4.90000e+00  3.60000e+00       7.233e+08  2.845804e-02  0.000000e+00  6.794817e-01  9.715420e-01
-4.20000e+00  3.60000e+00       7.010e+08  2.957887e-01  0.000000e+00  1.650860e+00  7.042113e-01
-3.50000e+00  3.60000e+00       2.535e+09  9.249004e-01  0.000000e+00  8.046699e-01  7.509956e-02
-2.80000e+00  3.60000e+00       1.142e+10  9.786358e-01  0.000000e+00  2.034676e-01  2.136420e-02
-2.10000e+00  3.60000e+00       1.070e+10  3.574204e-01  0.000000e+00  1.781783e-01  6.425796e-01
-1.40000e+00  3.60000e+00       3.015e+10  3.438631e-01  0.000000e+00  1.379129e-01  6.561369e-01
-7.00000e-01  3.60000e+00       1.386e+11  8.163179e-01  0.000000e+00  2.987653e-02  1.836821e-01
 0.00000e+00  3.60000e+00       2.386e+11  8.989732e-01  0.000000e+00 -5.237328e-16  1.010268e-01
 7.00000e-01  3.60000e+00       1.386e+11  8.163179e-01  0.000000e+00 -2.987653e-02  1.836821e-01
 1.40000e+00  3.60000e+00       3.015e+10  3.438631e-01  0.000000e+00 -1.379129e-01  6.561369e-01
 2.10000e+00  3.60000e+00       1.070e+10  3.574204e-01  0.000000e+00 -1.781783e-01  6.425796e-01
 2.80000e+00  3.60000e+00       1.142e+10  9.786358e-01  0.000000e+00 -2.034676e-01  2.136420e-02
 3.50000e+00  3.60000e+00       2.535e+09  9.249004e-01  0.000000e+00 -8.046699e-01  7.509956e-02
 4.20000e+00  3.60000e+00       7.010e+08  2.957887e-01  0.000000e+00 -1.650860e+00  7.042113e-01
 4.90000e+00  3.60000e+00       7.233e+08  2.845804e-02  0.000000e+00 -6.794817e-01  9.715420e-01
 5.60000e+00  3.60000e+00       5.216e+08 -3.085089e-02  0.000000e+00 -3.585896e-01  9.691491e-01
 6.30000e+00  3.60000e+00       1.890e+08 -4.539296e-01  0.000000e+00 -2.881476e-01  5.460704e-01
 7.00000e+00  3.60000e+00       4.533e+07 -6.815397e-01  0.000000e+00 -2.022233e-01  3.184603e-01
-7.00000e+00  4.00000e+00       5.451e+06 -2.907412e-01  0.000000e+00  4.353820e-01  7.092588e-01
-6.30000e+00  4.00000e+00       6.436e+07 -5.880788e-02  0.000000e+00  4.085529e-01  9.411921e-01
-5.60000e+00  4.00000e+00       3.387e+08  1.749360e-01  0.000000e+00  3.963520e-01  8.250640e-01
-4.90000e+00  4.00000e+00       5.874e+08  6.897068e-02  0.000000e+00  6.998743e-01  9.310293e-01
-4.20000e+00  4.00000e+00       6.283e+08  3.346138e-01  0.000000e+00  1.474147e+00  6.653862e-01
-3.50000e+00  4.00000e+00       1.766e+09  9.701095e-01  0.000000e+00  8.423391e-01  2.989046e-02
-2.80000e+00  4.00000e+00       9.043e+09  9.045779e-01  0.000000e+00  1.719042e-01  9.542211e-02
-2.10000e+00  4.00000e+00       7.942e+09  1.437971e-01  0.000000e+00  1.525524e-01  8.562029e-01
-1.40000e+00  4.00000e+00       2.826e+10  3.741859e-01  0.000000e+00  9.621133e-02  6.258141e-01
-7.00000e-01  4.00000e+00       1.191e+11  8.154360e-01  0.000000e+00  2.289146e-02  1.845640e-01
 0.00000e+00  4.00000e+00       2.024e+11  8.985079e-01  0.000000e+00 -4.631027e-16  1.014921e-01
 7.00000e-01  4.00000e+00       1.191e+11  8.154360e-01  0.000000e+00 -2.289146e-02  1.845640e-01
 1.40000e+00  4.00000e+00       2.826e+10  3.741859e-01  0.000000e+00 -9.621133e-02  6.258141e-01
 2.10000e+00  4.00000e+00       7.942e+09  1.437971e-01  0.000000e+00 -1.525524e-01  8.562029e-01
 2.80000e+00  4.00000e+00       9.043e+09  9.045779e-01  0.000000e+00 -1.719042e-01  9.542211e-02
 3.50000e+00  4.00000e+00       1.766e+09  9.701095e-01  0.000000e+00 -8.423391e-01  2.989046e-02
 4.20000e+00  4.00000e+00       6.283e+08  3.346138e-01  0.000000e+00 -1.474147e+00  6.653862e-01
 4.90000e+00  4.00000e+00       5.874e+08  6.897068e-02  0.000000e+00 -6.998743e-01  9.310293e-01
 5.60000e+00  4.00000e+00       3.387e+08  1.749360e-01  0.000000e+00 -3.963520e-01  8.250640e-01
 6.30000e+00  4.00000e+00       6.436e+07 -5.880788e-02  0.000000e+00 -4.085529e-01  9.411921e-01
 7.00000e+00  4.00000e+00       5.451e+06 -2.907412e-01  0.000000e+00 -4.353820e-01  7.092588e-01
