 EB(GeV)    EMITTANCEx EMITTANCEy SIZEx(m)   SIZEy(m)   DIVx(rad)  DIVy(rad)
 2.411e+00  5.499e-09  1.017e-12  8.711e-05  1.009e-06  6.313e-05  1.009e-06
 betax      alphax     betay      alphay     eta        deta       E_spread  
 1.380e+00  0.000e+00  1.000e+00  0.000e+00  0.000e+00  0.000e+00  8.600e-04
 Ibeam(A)   period(cm) #periods   Kx         Ky         Energy(eV)
 4.005e-01  1.900e+00         96  0.000e+00  1.780e+00  1.667e+04


           x            y       F.Density            PL            PC          PL45        1-|PL|
          mm           mm  ph/s/mr^2/0.1%             -             -             -             -
-7.00000e+00 -4.00000e+00       3.706e+03  9.934627e-01  0.000000e+00  4.064223e-03  6.537312e-03
-6.30000e+00 -4.00000e+00       1.548e+05  9.878116e-01  0.000000e+00 -4.322299e-03  1.218840e-02
-5.60000e+00 -4.00000e+00       1.939e+06  9.923300e-01  0.000000e+00 -7.916415e-03  7.669984e-03
-4.90000e+00 -4.00000e+00       5.976e+06  9.425246e-01  0.000000e+00 -6.039738e-02  5.747543e-02
-4.20000e+00 -4.00000e+00       2.678e+07  6.960137e-01  0.000000e+00 -2.160044e-01  3.039863e-01
-3.50000e+00 -4.00000e+00       2.035e+08  7.355435e-01  0.000000e+00 -1.699522e-01  2.644565e-01
-2.80000e+00 -4.00000e+00       5.479e+08  7.526990e-01  0.000000e+00 -1.585453e-01  2.473010e-01
-2.10000e+00 -4.00000e+00       2.492e+09  9.991692e-01  0.000000e+00 -7.963782e-02  8.307800e-04
-1.40000e+00 -4.00000e+00       1.231e+10  9.258308e-01  0.000000e+00 -5.098409e-02  7.416921e-02
-7.00000e-01 -4.00000e+00       2.515e+10  9.258250e-01  0.000000e+00 -3.283353e-02  7.417498e-02
 0.00000e+00 -4.00000e+00       2.905e+10  9.341757e-01  0.000000e+00  7.511098e-18  6.582428e-02
 7.00000e-01 -4.00000e+00       2.515e+10  9.258250e-01  0.000000e+00  3.283353e-02  7.417498e-02
 1.40000e+00 -4.00000e+00       1.231e+10  9.258308e-01  0.000000e+00  5.098409e-02  7.416921e-02
 2.10000e+00 -4.00000e+00       2.492e+09  9.991692e-01  0.000000e+00  7.963782e-02  8.307800e-04
 2.80000e+00 -4.00000e+00       5.479e+08  7.526990e-01  0.000000e+00  1.585453e-01  2.473010e-01
 3.50000e+00 -4.00000e+00       2.035e+08  7.355435e-01  0.000000e+00  1.699522e-01  2.644565e-01
 4.20000e+00 -4.00000e+00       2.678e+07  6.960137e-01  0.000000e+00  2.160044e-01  3.039863e-01
 4.90000e+00 -4.00000e+00       5.976e+06  9.425246e-01  0.000000e+00  6.039738e-02  5.747543e-02
 5.60000e+00 -4.00000e+00       1.939e+06  9.923300e-01  0.000000e+00  7.916415e-03  7.669984e-03
 6.30000e+00 -4.00000e+00       1.548e+05  9.878116e-01  0.000000e+00  4.322299e-03  1.218840e-02
 7.00000e+00 -4.00000e+00       3.706e+03  9.934627e-01  0.000000e+00 -4.064260e-03  6.537282e-03
-7.00000e+00 -3.60000e+00       4.354e+03  9.640970e-01  0.000000e+00  1.095337e-02  3.590303e-02
-6.30000e+00 -3.60000e+00       1.730e+05  9.647444e-01  0.000000e+00 -4.670238e-02  3.525557e-02
-5.60000e+00 -3.60000e+00       1.984e+06  6.332853e-01  0.000000e+00 -2.841645e-01  3.667147e-01
-4.90000e+00 -3.60000e+00       1.576e+07 -7.225207e-02  0.000000e+00 -7.796121e-01  9.277479e-01
-4.20000e+00 -3.60000e+00       2.081e+08  3.515089e-01  0.000000e+00 -4.597445e-01  6.484911e-01
-3.50000e+00 -3.60000e+00       8.179e+08  4.548682e-01  0.000000e+00 -3.664814e-01  5.451318e-01
-2.80000e+00 -3.60000e+00       1.667e+09  5.377185e-01  0.000000e+00 -2.794458e-01  4.622815e-01
-2.10000e+00 -3.60000e+00       4.142e+09  8.398591e-01  0.000000e+00 -1.341762e-01  1.601409e-01
-1.40000e+00 -3.60000e+00       1.493e+10  9.663785e-01  0.000000e+00 -6.815963e-02  3.362151e-02
-7.00000e-01 -3.60000e+00       2.975e+10  9.456892e-01  0.000000e+00 -4.084386e-02  5.431078e-02
 0.00000e+00 -3.60000e+00       3.417e+10  9.533966e-01  0.000000e+00 -5.041181e-17  4.660343e-02
 7.00000e-01 -3.60000e+00       2.975e+10  9.456892e-01  0.000000e+00  4.084386e-02  5.431078e-02
 1.40000e+00 -3.60000e+00       1.493e+10  9.663785e-01  0.000000e+00  6.815963e-02  3.362151e-02
 2.10000e+00 -3.60000e+00       4.142e+09  8.398591e-01  0.000000e+00  1.341762e-01  1.601409e-01
 2.80000e+00 -3.60000e+00       1.667e+09  5.377185e-01  0.000000e+00  2.794458e-01  4.622815e-01
 3.50000e+00 -3.60000e+00       8.179e+08  4.548682e-01  0.000000e+00  3.664814e-01  5.451318e-01
 4.20000e+00 -3.60000e+00       2.081e+08  3.515089e-01  0.000000e+00  4.597445e-01  6.484911e-01
 4.90000e+00 -3.60000e+00       1.576e+07 -7.225207e-02  0.000000e+00  7.796121e-01  9.277479e-01
 5.60000e+00 -3.60000e+00       1.984e+06  6.332853e-01  0.000000e+00  2.841645e-01  3.667147e-01
 6.30000e+00 -3.60000e+00       1.730e+05  9.647444e-01  0.000000e+00  4.670238e-02  3.525557e-02
 7.00000e+00 -3.60000e+00       4.354e+03  9.640970e-01  0.000000e+00 -1.095337e-02  3.590303e-02
-7.00000e+00 -3.20000e+00       4.017e+05 -3.804405e-01  0.000000e+00 -5.554733e-01  6.195595e-01
-6.30000e+00 -3.20000e+00       8.807e+06 -3.359215e-01  0.000000e+00 -5.817033e-01  6.640785e-01
-5.60000e+00 -3.20000e+00       7.502e+07 -2.534597e-01  0.000000e+00 -6.078564e-01  7.465403e-01
-4.90000e+00 -3.20000e+00       3.007e+08 -9.202308e-02  0.000000e+00 -6.073588e-01  9.079769e-01
-4.20000e+00 -3.20000e+00       7.653e+08  1.574381e-01  0.000000e+00 -5.331804e-01  8.425619e-01
-3.50000e+00 -3.20000e+00       1.586e+09  3.841921e-01  0.000000e+00 -3.982605e-01  6.158079e-01
-2.80000e+00 -3.20000e+00       2.763e+09  5.129360e-01  0.000000e+00 -2.729689e-01  4.870640e-01
-2.10000e+00 -3.20000e+00       6.137e+09  7.799008e-01  0.000000e+00 -1.372360e-01  2.200992e-01
-1.40000e+00 -3.20000e+00       1.877e+10  9.986831e-01  0.000000e+00 -8.075972e-02  1.316924e-03
-7.00000e-01 -3.20000e+00       3.593e+10  9.475071e-01  0.000000e+00 -5.042109e-02  5.249287e-02
 0.00000e+00 -3.20000e+00       4.042e+10  9.407075e-01  0.000000e+00 -8.651353e-17  5.929250e-02
 7.00000e-01 -3.20000e+00       3.593e+10  9.475071e-01  0.000000e+00  5.042109e-02  5.249287e-02
 1.40000e+00 -3.20000e+00       1.877e+10  9.986831e-01  0.000000e+00  8.075972e-02  1.316924e-03
 2.10000e+00 -3.20000e+00       6.137e+09  7.799008e-01  0.000000e+00  1.372360e-01  2.200992e-01
 2.80000e+00 -3.20000e+00       2.763e+09  5.129360e-01  0.000000e+00  2.729689e-01  4.870640e-01
 3.50000e+00 -3.20000e+00       1.586e+09  3.841921e-01  0.000000e+00  3.982605e-01  6.158079e-01
 4.20000e+00 -3.20000e+00       7.653e+08  1.574381e-01  0.000000e+00  5.331804e-01  8.425619e-01
 4.90000e+00 -3.20000e+00       3.007e+08 -9.202308e-02  0.000000e+00  6.073588e-01  9.079769e-01
 5.60000e+00 -3.20000e+00       7.502e+07 -2.534597e-01  0.000000e+00  6.078564e-01  7.465403e-01
 6.30000e+00 -3.20000e+00       8.807e+06 -3.359215e-01  0.000000e+00  5.817033e-01  6.640785e-01
 7.00000e+00 -3.20000e+00       4.017e+05 -3.804405e-01  0.000000e+00  5.554733e-01  6.195595e-01
-7.00000e+00 -2.80000e+00       4.752e+06 -6.150280e-01  0.000000e+00 -2.712722e-01  3.849720e-01
-6.30000e+00 -2.80000e+00       4.258e+07 -5.245281e-01  0.000000e+00 -3.682466e-01  4.754719e-01
-5.60000e+00 -2.80000e+00       1.874e+08 -3.674429e-01  0.000000e+00 -4.853677e-01  6.325571e-01
-4.90000e+00 -2.80000e+00       5.223e+08 -1.200248e-01  0.000000e+00 -5.566002e-01  8.799752e-01
-4.20000e+00 -2.80000e+00       1.189e+09  1.799205e-01  0.000000e+00 -5.064829e-01  8.200795e-01
-3.50000e+00 -2.80000e+00       2.466e+09  4.030898e-01  0.000000e+00 -3.675836e-01  5.969102e-01
-2.80000e+00 -2.80000e+00       4.681e+09  5.064778e-01  0.000000e+00 -2.343179e-01  4.935222e-01
-2.10000e+00 -2.80000e+00       1.017e+10  6.981905e-01  0.000000e+00 -1.255549e-01  3.018095e-01
-1.40000e+00 -2.80000e+00       2.718e+10  9.169776e-01  0.000000e+00 -8.296872e-02  8.302244e-02
-7.00000e-01 -2.80000e+00       4.734e+10  9.740617e-01  0.000000e+00 -5.820920e-02  2.593835e-02
 0.00000e+00 -2.80000e+00       5.284e+10  9.717369e-01  0.000000e+00  2.185185e-16  2.826307e-02
 7.00000e-01 -2.80000e+00       4.734e+10  9.740617e-01  0.000000e+00  5.820920e-02  2.593835e-02
 1.40000e+00 -2.80000e+00       2.718e+10  9.169776e-01  0.000000e+00  8.296872e-02  8.302244e-02
 2.10000e+00 -2.80000e+00       1.017e+10  6.981905e-01  0.000000e+00  1.255549e-01  3.018095e-01
 2.80000e+00 -2.80000e+00       4.681e+09  5.064778e-01  0.000000e+00  2.343179e-01  4.935222e-01
 3.50000e+00 -2.80000e+00       2.466e+09  4.030898e-01  0.000000e+00  3.675836e-01  5.969102e-01
 4.20000e+00 -2.80000e+00       1.189e+09  1.799205e-01  0.000000e+00  5.064829e-01  8.200795e-01
 4.90000e+00 -2.80000e+00       5.223e+08 -1.200248e-01  0.000000e+00  5.566002e-01  8.799752e-01
 5.60000e+00 -2.80000e+00       1.874e+08 -3.674429e-01  0.000000e+00  4.853677e-01  6.325571e-01
 6.30000e+00 -2.80000e+00       4.258e+07 -5.245281e-01  0.000000e+00  3.682466e-01  4.754719e-01
 7.00000e+00 -2.80000e+00       4.752e+06 -6.150280e-01  0.000000e+00  2.712722e-01  3.849720e-01
-7.00000e+00 -2.40000e+00       1.472e+07 -6.720911e-01  0.000000e+00  4.538810e-02  3.279089e-01
-6.30000e+00 -2.40000e+00       7.771e+07 -5.775466e-01  0.000000e+00 -1.527290e-01  4.224534e-01
-5.60000e+00 -2.40000e+00       2.627e+08 -3.587317e-01  0.000000e+00 -3.884374e-01  6.412683e-01
-4.90000e+00 -2.40000e+00       7.849e+08 -2.119603e-02  0.000000e+00 -4.839370e-01  9.788040e-01
-4.20000e+00 -2.40000e+00       2.457e+09  2.733241e-01  0.000000e+00 -3.711061e-01  7.266759e-01
-3.50000e+00 -2.40000e+00       7.613e+09  3.921556e-01  0.000000e+00 -2.010904e-01  6.078444e-01
-2.80000e+00 -2.40000e+00       2.096e+10  3.995762e-01  0.000000e+00 -1.246574e-01  6.004238e-01
-2.10000e+00 -2.40000e+00       5.045e+10  4.237046e-01  0.000000e+00 -2.088742e-01  5.762954e-01
-1.40000e+00 -2.40000e+00       9.937e+10  5.181885e-01  0.000000e+00 -3.406254e-01  4.818115e-01
-7.00000e-01 -2.40000e+00       1.276e+11  6.403813e-01  0.000000e+00 -3.055815e-01  3.596187e-01
 0.00000e+00 -2.40000e+00       1.228e+11  7.117873e-01  0.000000e+00  8.940561e-16  2.882127e-01
 7.00000e-01 -2.40000e+00       1.276e+11  6.403813e-01  0.000000e+00  3.055815e-01  3.596187e-01
 1.40000e+00 -2.40000e+00       9.937e+10  5.181885e-01  0.000000e+00  3.406254e-01  4.818115e-01
 2.10000e+00 -2.40000e+00       5.045e+10  4.237046e-01  0.000000e+00  2.088742e-01  5.762954e-01
 2.80000e+00 -2.40000e+00       2.096e+10  3.995762e-01  0.000000e+00  1.246574e-01  6.004238e-01
 3.50000e+00 -2.40000e+00       7.613e+09  3.921556e-01  0.000000e+00  2.010904e-01  6.078444e-01
 4.20000e+00 -2.40000e+00       2.457e+09  2.733241e-01  0.000000e+00  3.711061e-01  7.266759e-01
 4.90000e+00 -2.40000e+00       7.849e+08 -2.119603e-02  0.000000e+00  4.839370e-01  9.788040e-01
 5.60000e+00 -2.40000e+00       2.627e+08 -3.587317e-01  0.000000e+00  3.884374e-01  6.412683e-01
 6.30000e+00 -2.40000e+00       7.771e+07 -5.775466e-01  0.000000e+00  1.527290e-01  4.224534e-01
 7.00000e+00 -2.40000e+00       1.472e+07 -6.720911e-01  0.000000e+00 -4.538810e-02  3.279089e-01
-7.00000e+00 -2.00000e+00       2.252e+07 -5.919141e-01  0.000000e+00  2.520350e-01  4.080859e-01
-6.30000e+00 -2.00000e+00       1.104e+08 -4.704253e-01  0.000000e+00 -6.681855e-03  5.295747e-01
-5.60000e+00 -2.00000e+00       5.532e+08 -7.368464e-02  0.000000e+00 -2.580198e-01  9.263154e-01
-4.90000e+00 -2.00000e+00       4.238e+09  3.330840e-01  0.000000e+00 -2.298338e-01  6.669160e-01
-4.20000e+00 -2.00000e+00       2.865e+10  4.626513e-01  0.000000e+00 -9.620495e-02  5.373487e-01
-3.50000e+00 -2.00000e+00       1.337e+11  4.513938e-01  0.000000e+00 -4.655544e-02  5.486062e-01
-2.80000e+00 -2.00000e+00       4.402e+11  4.046549e-01  0.000000e+00 -4.587584e-02  5.953451e-01
-2.10000e+00 -2.00000e+00       1.016e+12  2.388430e-01  0.000000e+00 -2.493976e-02  7.611570e-01
-1.40000e+00 -2.00000e+00       2.107e+12  6.513345e-02  0.000000e+00  1.432380e-02  9.348665e-01
-7.00000e-01 -2.00000e+00       5.210e+12  1.791725e-01  0.000000e+00 -1.329036e-02  8.208275e-01
 0.00000e+00 -2.00000e+00       7.966e+12  2.485238e-01  0.000000e+00 -3.810520e-15  7.514762e-01
 7.00000e-01 -2.00000e+00       5.210e+12  1.791725e-01  0.000000e+00  1.329036e-02  8.208275e-01
 1.40000e+00 -2.00000e+00       2.107e+12  6.513345e-02  0.000000e+00 -1.432380e-02  9.348665e-01
 2.10000e+00 -2.00000e+00       1.016e+12  2.388430e-01  0.000000e+00  2.493976e-02  7.611570e-01
 2.80000e+00 -2.00000e+00       4.402e+11  4.046549e-01  0.000000e+00  4.587584e-02  5.953451e-01
 3.50000e+00 -2.00000e+00       1.337e+11  4.513938e-01  0.000000e+00  4.655544e-02  5.486062e-01
 4.20000e+00 -2.00000e+00       2.865e+10  4.626513e-01  0.000000e+00  9.620495e-02  5.373487e-01
 4.90000e+00 -2.00000e+00       4.238e+09  3.330840e-01  0.000000e+00  2.298338e-01  6.669160e-01
 5.60000e+00 -2.00000e+00       5.532e+08 -7.368464e-02  0.000000e+00  2.580198e-01  9.263154e-01
 6.30000e+00 -2.00000e+00       1.104e+08 -4.704253e-01  0.000000e+00  6.681855e-03  5.295747e-01
 7.00000e+00 -2.00000e+00       2.252e+07 -5.919141e-01  0.000000e+00 -2.520350e-01  4.080859e-01
-7.00000e+00 -1.60000e+00       2.962e+07 -2.364609e-01  0.000000e+00  2.689605e-01  7.635391e-01
-6.30000e+00 -1.60000e+00       3.796e+08  4.051155e-01  0.000000e+00 -1.325952e-01  5.948845e-01
-5.60000e+00 -1.60000e+00       6.435e+09  6.303984e-01  0.000000e+00  1.897970e-02  3.696016e-01
-4.90000e+00 -1.60000e+00       6.835e+10  5.105351e-01  0.000000e+00  9.809290e-02  4.894649e-01
-4.20000e+00 -1.60000e+00       4.679e+11  4.517256e-01  0.000000e+00 -2.101099e-03  5.482744e-01
-3.50000e+00 -1.60000e+00       2.147e+12  4.965982e-01  0.000000e+00 -3.284163e-02  5.034018e-01
-2.80000e+00 -1.60000e+00       6.519e+12  5.226217e-01  0.000000e+00 -2.523903e-02  4.773783e-01
-2.10000e+00 -1.60000e+00       1.443e+13  5.872986e-01  0.000000e+00 -1.108275e-01  4.127014e-01
-1.40000e+00 -1.60000e+00       2.226e+13  6.747546e-01  0.000000e+00 -2.985599e-01  3.252454e-01
-7.00000e-01 -1.60000e+00       1.918e+13  7.155818e-01  0.000000e+00 -4.201195e-01  2.844182e-01
 0.00000e+00 -1.60000e+00       1.275e+13  7.144612e-01  0.000000e+00  1.032416e-14  2.855388e-01
 7.00000e-01 -1.60000e+00       1.918e+13  7.155818e-01  0.000000e+00  4.201195e-01  2.844182e-01
 1.40000e+00 -1.60000e+00       2.226e+13  6.747546e-01  0.000000e+00  2.985599e-01  3.252454e-01
 2.10000e+00 -1.60000e+00       1.443e+13  5.872986e-01  0.000000e+00  1.108275e-01  4.127014e-01
 2.80000e+00 -1.60000e+00       6.519e+12  5.226217e-01  0.000000e+00  2.523903e-02  4.773783e-01
 3.50000e+00 -1.60000e+00       2.147e+12  4.965982e-01  0.000000e+00  3.284163e-02  5.034018e-01
 4.20000e+00 -1.60000e+00       4.679e+11  4.517256e-01  0.000000e+00  2.101099e-03  5.482744e-01
 4.90000e+00 -1.60000e+00       6.835e+10  5.105351e-01  0.000000e+00 -9.809290e-02  4.894649e-01
 5.60000e+00 -1.60000e+00       6.435e+09  6.303984e-01  0.000000e+00 -1.897970e-02  3.696016e-01
 6.30000e+00 -1.60000e+00       3.796e+08  4.051155e-01  0.000000e+00  1.325952e-01  5.948845e-01
 7.00000e+00 -1.60000e+00       2.962e+07 -2.364609e-01  0.000000e+00 -2.689605e-01  7.635391e-01
-7.00000e+00 -1.20000e+00       8.389e+07 -8.687881e-03  0.000000e+00  3.692610e-01  9.913121e-01
-6.30000e+00 -1.20000e+00       2.342e+09  1.993287e-01  0.000000e+00 -2.168629e-01  8.006713e-01
-5.60000e+00 -1.20000e+00       5.792e+10  5.451741e-01  0.000000e+00 -3.220403e-01  4.548259e-01
-4.90000e+00 -1.20000e+00       7.332e+11  7.147984e-01  0.000000e+00 -1.519065e-01  2.852016e-01
-4.20000e+00 -1.20000e+00       4.469e+12  6.993104e-01  0.000000e+00  6.750742e-03  3.006896e-01
-3.50000e+00 -1.20000e+00       1.632e+13  6.356788e-01  0.000000e+00  1.364202e-02  3.643212e-01
-2.80000e+00 -1.20000e+00       4.386e+13  6.444457e-01  0.000000e+00 -2.394334e-02  3.555543e-01
-2.10000e+00 -1.20000e+00       8.978e+13  6.861226e-01  0.000000e+00 -6.154457e-02  3.138774e-01
-1.40000e+00 -1.20000e+00       1.500e+14  7.514056e-01  0.000000e+00 -6.666765e-02  2.485944e-01
-7.00000e-01 -1.20000e+00       1.960e+14  8.180440e-01  0.000000e+00  3.757159e-02  1.819560e-01
 0.00000e+00 -1.20000e+00       2.007e+14  8.493340e-01  0.000000e+00 -5.408532e-16  1.506660e-01
 7.00000e-01 -1.20000e+00       1.960e+14  8.180440e-01  0.000000e+00 -3.757159e-02  1.819560e-01
 1.40000e+00 -1.20000e+00       1.500e+14  7.514056e-01  0.000000e+00  6.666765e-02  2.485944e-01
 2.10000e+00 -1.20000e+00       8.978e+13  6.861226e-01  0.000000e+00  6.154457e-02  3.138774e-01
 2.80000e+00 -1.20000e+00       4.386e+13  6.444457e-01  0.000000e+00  2.394334e-02  3.555543e-01
 3.50000e+00 -1.20000e+00       1.632e+13  6.356788e-01  0.000000e+00 -1.364202e-02  3.643212e-01
 4.20000e+00 -1.20000e+00       4.469e+12  6.993104e-01  0.000000e+00 -6.750742e-03  3.006896e-01
 4.90000e+00 -1.20000e+00       7.332e+11  7.147984e-01  0.000000e+00  1.519065e-01  2.852016e-01
 5.60000e+00 -1.20000e+00       5.792e+10  5.451741e-01  0.000000e+00  3.220403e-01  4.548259e-01
 6.30000e+00 -1.20000e+00       2.342e+09  1.993287e-01  0.000000e+00  2.168629e-01  8.006713e-01
 7.00000e+00 -1.20000e+00       8.389e+07 -8.687881e-03  0.000000e+00 -3.692610e-01  9.913121e-01
-7.00000e+00 -8.00000e-01       5.849e+08  7.961186e-01  0.000000e+00  4.062410e-01  2.038814e-01
-6.30000e+00 -8.00000e-01       1.368e+10  6.445473e-01  0.000000e+00  3.978135e-01  3.554527e-01
-5.60000e+00 -8.00000e-01       2.066e+11  5.400598e-01  0.000000e+00  9.374866e-02  4.599402e-01
-4.90000e+00 -8.00000e-01       2.530e+12  6.835423e-01  0.000000e+00 -1.648677e-01  3.164577e-01
-4.20000e+00 -8.00000e-01       1.834e+13  8.095403e-01  0.000000e+00 -1.152510e-01  1.904597e-01
-3.50000e+00 -8.00000e-01       6.658e+13  8.221306e-01  0.000000e+00 -1.690740e-02  1.778694e-01
-2.80000e+00 -8.00000e-01       1.519e+14  7.956502e-01  0.000000e+00  8.860829e-04  2.043498e-01
-2.10000e+00 -8.00000e-01       2.566e+14  7.639939e-01  0.000000e+00  1.905616e-02  2.360061e-01
-1.40000e+00 -8.00000e-01       3.128e+14  6.725243e-01  0.000000e+00  4.424294e-02  3.274757e-01
-7.00000e-01 -8.00000e-01       2.821e+14  5.235950e-01  0.000000e+00 -5.573346e-02  4.764050e-01
 0.00000e+00 -8.00000e-01       2.362e+14  4.258651e-01  0.000000e+00 -2.451699e-15  5.741349e-01
 7.00000e-01 -8.00000e-01       2.821e+14  5.235950e-01  0.000000e+00  5.573346e-02  4.764050e-01
 1.40000e+00 -8.00000e-01       3.128e+14  6.725243e-01  0.000000e+00 -4.424294e-02  3.274757e-01
 2.10000e+00 -8.00000e-01       2.566e+14  7.639939e-01  0.000000e+00 -1.905616e-02  2.360061e-01
 2.80000e+00 -8.00000e-01       1.519e+14  7.956502e-01  0.000000e+00 -8.860829e-04  2.043498e-01
 3.50000e+00 -8.00000e-01       6.658e+13  8.221306e-01  0.000000e+00  1.690740e-02  1.778694e-01
 4.20000e+00 -8.00000e-01       1.834e+13  8.095403e-01  0.000000e+00  1.152510e-01  1.904597e-01
 4.90000e+00 -8.00000e-01       2.530e+12  6.835423e-01  0.000000e+00  1.648677e-01  3.164577e-01
 5.60000e+00 -8.00000e-01       2.066e+11  5.400598e-01  0.000000e+00 -9.374866e-02  4.599402e-01
 6.30000e+00 -8.00000e-01       1.368e+10  6.445473e-01  0.000000e+00 -3.978135e-01  3.554527e-01
 7.00000e+00 -8.00000e-01       5.849e+08  7.961186e-01  0.000000e+00 -4.062410e-01  2.038814e-01
-7.00000e+00 -4.00000e-01       2.451e+09  9.822386e-01  0.000000e+00  1.064281e-01  1.776141e-02
-6.30000e+00 -4.00000e-01       5.866e+10  9.593360e-01  0.000000e+00  1.750924e-01  4.066400e-02
-5.60000e+00 -4.00000e-01       6.604e+11  9.102938e-01  0.000000e+00  1.932208e-01  8.970624e-02
-4.90000e+00 -4.00000e-01       5.075e+12  8.801210e-01  0.000000e+00  3.771677e-02  1.198790e-01
-4.20000e+00 -4.00000e-01       3.492e+13  9.208045e-01  0.000000e+00 -6.913863e-02  7.919545e-02
-3.50000e+00 -4.00000e-01       1.405e+14  9.454488e-01  0.000000e+00 -3.484292e-02  5.455119e-02
-2.80000e+00 -4.00000e-01       3.119e+14  9.424641e-01  0.000000e+00 -5.701319e-03  5.753588e-02
-2.10000e+00 -4.00000e-01       4.740e+14  9.280788e-01  0.000000e+00 -2.592515e-03  7.192121e-02
-1.40000e+00 -4.00000e-01       5.219e+14  8.979557e-01  0.000000e+00  3.349055e-02  1.020443e-01
-7.00000e-01 -4.00000e-01       7.371e+14  9.162108e-01  0.000000e+00  4.054465e-02  8.378920e-02
 0.00000e+00 -4.00000e-01       1.046e+15  9.411290e-01  0.000000e+00  2.334059e-15  5.887099e-02
 7.00000e-01 -4.00000e-01       7.371e+14  9.162108e-01  0.000000e+00 -4.054465e-02  8.378920e-02
 1.40000e+00 -4.00000e-01       5.219e+14  8.979557e-01  0.000000e+00 -3.349055e-02  1.020443e-01
 2.10000e+00 -4.00000e-01       4.740e+14  9.280788e-01  0.000000e+00  2.592515e-03  7.192121e-02
 2.80000e+00 -4.00000e-01       3.119e+14  9.424641e-01  0.000000e+00  5.701319e-03  5.753588e-02
 3.50000e+00 -4.00000e-01       1.405e+14  9.454488e-01  0.000000e+00  3.484292e-02  5.455119e-02
 4.20000e+00 -4.00000e-01       3.492e+13  9.208045e-01  0.000000e+00  6.913863e-02  7.919545e-02
 4.90000e+00 -4.00000e-01       5.075e+12  8.801210e-01  0.000000e+00 -3.771677e-02  1.198790e-01
 5.60000e+00 -4.00000e-01       6.604e+11  9.102938e-01  0.000000e+00 -1.932208e-01  8.970624e-02
 6.30000e+00 -4.00000e-01       5.866e+10  9.593360e-01  0.000000e+00 -1.750924e-01  4.066400e-02
 7.00000e+00 -4.00000e-01       2.451e+09  9.822386e-01  0.000000e+00 -1.064281e-01  1.776141e-02
-7.00000e+00  0.00000e+00       3.833e+09  9.999934e-01  0.000000e+00 -8.995976e-15  6.599043e-06
-6.30000e+00  0.00000e+00       9.453e+10  9.999843e-01  0.000000e+00 -5.035180e-16  1.569224e-05
-5.60000e+00  0.00000e+00       1.046e+12  9.999586e-01  0.000000e+00 -2.757245e-16  4.143914e-05
-4.90000e+00  0.00000e+00       6.840e+12  9.999270e-01  0.000000e+00 -2.426042e-16  7.304542e-05
-4.20000e+00  0.00000e+00       4.213e+13  9.999409e-01  0.000000e+00 -1.417791e-15  5.906121e-05
-3.50000e+00  0.00000e+00       1.747e+14  9.999565e-01  0.000000e+00 -9.848751e-15  4.351004e-05
-2.80000e+00  0.00000e+00       3.975e+14  9.999541e-01  0.000000e+00 -3.056138e-14  4.588522e-05
-2.10000e+00  0.00000e+00       6.720e+14  9.999667e-01  0.000000e+00 -1.701068e-14  3.332244e-05
-1.40000e+00  0.00000e+00       1.041e+15  9.999941e-01  0.000000e+00  1.511298e-14  5.901580e-06
-7.00000e-01  0.00000e+00       1.398e+15  9.999688e-01  0.000000e+00 -1.171263e-14  3.118754e-05
 0.00000e+00  0.00000e+00       1.529e+15  9.999651e-01  0.000000e+00  9.886288e-18  3.493050e-05
 7.00000e-01  0.00000e+00       1.398e+15  9.999688e-01  0.000000e+00  1.171531e-14  3.118754e-05
 1.40000e+00  0.00000e+00       1.041e+15  9.999941e-01  0.000000e+00 -1.512424e-14  5.901580e-06
 2.10000e+00  0.00000e+00       6.720e+14  9.999667e-01  0.000000e+00  1.700617e-14  3.332244e-05
 2.80000e+00  0.00000e+00       3.975e+14  9.999541e-01  0.000000e+00  3.057183e-14  4.588522e-05
 3.50000e+00  0.00000e+00       1.747e+14  9.999565e-01  0.000000e+00  9.898742e-15  4.351004e-05
 4.20000e+00  0.00000e+00       4.213e+13  9.999409e-01  0.000000e+00  1.464039e-15  5.906121e-05
 4.90000e+00  0.00000e+00       6.840e+12  9.999270e-01  0.000000e+00  9.090940e-17  7.304542e-05
 5.60000e+00  0.00000e+00       1.046e+12  9.999586e-01  0.000000e+00  2.689899e-17  4.143914e-05
 6.30000e+00  0.00000e+00       9.453e+10  9.999843e-01  0.000000e+00  2.885401e-16  1.569224e-05
 7.00000e+00  0.00000e+00       3.833e+09  9.999934e-01  0.000000e+00  3.698265e-15  6.599043e-06
-7.00000e+00  4.00000e-01       2.451e+09  9.822386e-01  0.000000e+00 -1.064281e-01  1.776141e-02
-6.30000e+00  4.00000e-01       5.866e+10  9.593360e-01  0.000000e+00 -1.750924e-01  4.066400e-02
-5.60000e+00  4.00000e-01       6.604e+11  9.102938e-01  0.000000e+00 -1.932208e-01  8.970624e-02
-4.90000e+00  4.00000e-01       5.075e+12  8.801210e-01  0.000000e+00 -3.771677e-02  1.198790e-01
-4.20000e+00  4.00000e-01       3.492e+13  9.208045e-01  0.000000e+00  6.913863e-02  7.919545e-02
-3.50000e+00  4.00000e-01       1.405e+14  9.454488e-01  0.000000e+00  3.484292e-02  5.455119e-02
-2.80000e+00  4.00000e-01       3.119e+14  9.424641e-01  0.000000e+00  5.701319e-03  5.753588e-02
-2.10000e+00  4.00000e-01       4.740e+14  9.280788e-01  0.000000e+00  2.592515e-03  7.192121e-02
-1.40000e+00  4.00000e-01       5.219e+14  8.979557e-01  0.000000e+00 -3.349055e-02  1.020443e-01
-7.00000e-01  4.00000e-01       7.371e+14  9.162108e-01  0.000000e+00 -4.054465e-02  8.378920e-02
 0.00000e+00  4.00000e-01       1.046e+15  9.411290e-01  0.000000e+00 -2.332875e-15  5.887099e-02
 7.00000e-01  4.00000e-01       7.371e+14  9.162108e-01  0.000000e+00  4.054465e-02  8.378920e-02
 1.40000e+00  4.00000e-01       5.219e+14  8.979557e-01  0.000000e+00  3.349055e-02  1.020443e-01
 2.10000e+00  4.00000e-01       4.740e+14  9.280788e-01  0.000000e+00 -2.592515e-03  7.192121e-02
 2.80000e+00  4.00000e-01       3.119e+14  9.424641e-01  0.000000e+00 -5.701319e-03  5.753588e-02
 3.50000e+00  4.00000e-01       1.405e+14  9.454488e-01  0.000000e+00 -3.484292e-02  5.455119e-02
 4.20000e+00  4.00000e-01       3.492e+13  9.208045e-01  0.000000e+00 -6.913863e-02  7.919545e-02
 4.90000e+00  4.00000e-01       5.075e+12  8.801210e-01  0.000000e+00  3.771677e-02  1.198790e-01
 5.60000e+00  4.00000e-01       6.604e+11  9.102938e-01  0.000000e+00  1.932208e-01  8.970624e-02
 6.30000e+00  4.00000e-01       5.866e+10  9.593360e-01  0.000000e+00  1.750924e-01  4.066400e-02
 7.00000e+00  4.00000e-01       2.451e+09  9.822386e-01  0.000000e+00  1.064281e-01  1.776141e-02
-7.00000e+00  8.00000e-01       5.849e+08  7.961186e-01  0.000000e+00 -4.062410e-01  2.038814e-01
-6.30000e+00  8.00000e-01       1.368e+10  6.445473e-01  0.000000e+00 -3.978135e-01  3.554527e-01
-5.60000e+00  8.00000e-01       2.066e+11  5.400598e-01  0.000000e+00 -9.374866e-02  4.599402e-01
-4.90000e+00  8.00000e-01       2.530e+12  6.835423e-01  0.000000e+00  1.648677e-01  3.164577e-01
-4.20000e+00  8.00000e-01       1.834e+13  8.095403e-01  0.000000e+00  1.152510e-01  1.904597e-01
-3.50000e+00  8.00000e-01       6.658e+13  8.221306e-01  0.000000e+00  1.690740e-02  1.778694e-01
-2.80000e+00  8.00000e-01       1.519e+14  7.956502e-01  0.000000e+00 -8.860829e-04  2.043498e-01
-2.10000e+00  8.00000e-01       2.566e+14  7.639939e-01  0.000000e+00 -1.905616e-02  2.360061e-01
-1.40000e+00  8.00000e-01       3.128e+14  6.725243e-01  0.000000e+00 -4.424294e-02  3.274757e-01
-7.00000e-01  8.00000e-01       2.821e+14  5.235950e-01  0.000000e+00  5.573346e-02  4.764050e-01
 0.00000e+00  8.00000e-01       2.362e+14  4.258651e-01  0.000000e+00  5.018548e-15  5.741349e-01
 7.00000e-01  8.00000e-01       2.821e+14  5.235950e-01  0.000000e+00 -5.573346e-02  4.764050e-01
 1.40000e+00  8.00000e-01       3.128e+14  6.725243e-01  0.000000e+00  4.424294e-02  3.274757e-01
 2.10000e+00  8.00000e-01       2.566e+14  7.639939e-01  0.000000e+00  1.905616e-02  2.360061e-01
 2.80000e+00  8.00000e-01       1.519e+14  7.956502e-01  0.000000e+00  8.860829e-04  2.043498e-01
 3.50000e+00  8.00000e-01       6.658e+13  8.221306e-01  0.000000e+00 -1.690740e-02  1.778694e-01
 4.20000e+00  8.00000e-01       1.834e+13  8.095403e-01  0.000000e+00 -1.152510e-01  1.904597e-01
 4.90000e+00  8.00000e-01       2.530e+12  6.835423e-01  0.000000e+00 -1.648677e-01  3.164577e-01
 5.60000e+00  8.00000e-01       2.066e+11  5.400598e-01  0.000000e+00  9.374866e-02  4.599402e-01
 6.30000e+00  8.00000e-01       1.368e+10  6.445473e-01  0.000000e+00  3.978135e-01  3.554527e-01
 7.00000e+00  8.00000e-01       5.849e+08  7.961186e-01  0.000000e+00  4.062410e-01  2.038814e-01
-7.00000e+00  1.20000e+00       8.389e+07 -8.687881e-03  0.000000e+00 -3.692610e-01  9.913121e-01
-6.30000e+00  1.20000e+00       2.342e+09  1.993287e-01  0.000000e+00  2.168629e-01  8.006713e-01
-5.60000e+00  1.20000e+00       5.792e+10  5.451741e-01  0.000000e+00  3.220403e-01  4.548259e-01
-4.90000e+00  1.20000e+00       7.332e+11  7.147984e-01  0.000000e+00  1.519065e-01  2.852016e-01
-4.20000e+00  1.20000e+00       4.469e+12  6.993104e-01  0.000000e+00 -6.750742e-03  3.006896e-01
-3.50000e+00  1.20000e+00       1.632e+13  6.356788e-01  0.000000e+00 -1.364202e-02  3.643212e-01
-2.80000e+00  1.20000e+00       4.386e+13  6.444457e-01  0.000000e+00  2.394334e-02  3.555543e-01
-2.10000e+00  1.20000e+00       8.978e+13  6.861226e-01  0.000000e+00  6.154457e-02  3.138774e-01
-1.40000e+00  1.20000e+00       1.500e+14  7.514056e-01  0.000000e+00  6.666765e-02  2.485944e-01
-7.00000e-01  1.20000e+00       1.960e+14  8.180440e-01  0.000000e+00 -3.757159e-02  1.819560e-01
 0.00000e+00  1.20000e+00       2.007e+14  8.493340e-01  0.000000e+00 -4.789419e-15  1.506660e-01
 7.00000e-01  1.20000e+00       1.960e+14  8.180440e-01  0.000000e+00  3.757159e-02  1.819560e-01
 1.40000e+00  1.20000e+00       1.500e+14  7.514056e-01  0.000000e+00 -6.666765e-02  2.485944e-01
 2.10000e+00  1.20000e+00       8.978e+13  6.861226e-01  0.000000e+00 -6.154457e-02  3.138774e-01
 2.80000e+00  1.20000e+00       4.386e+13  6.444457e-01  0.000000e+00 -2.394334e-02  3.555543e-01
 3.50000e+00  1.20000e+00       1.632e+13  6.356788e-01  0.000000e+00  1.364202e-02  3.643212e-01
 4.20000e+00  1.20000e+00       4.469e+12  6.993104e-01  0.000000e+00  6.750742e-03  3.006896e-01
 4.90000e+00  1.20000e+00       7.332e+11  7.147984e-01  0.000000e+00 -1.519065e-01  2.852016e-01
 5.60000e+00  1.20000e+00       5.792e+10  5.451741e-01  0.000000e+00 -3.220403e-01  4.548259e-01
 6.30000e+00  1.20000e+00       2.342e+09  1.993287e-01  0.000000e+00 -2.168629e-01  8.006713e-01
 7.00000e+00  1.20000e+00       8.389e+07 -8.687881e-03  0.000000e+00  3.692610e-01  9.913121e-01
-7.00000e+00  1.60000e+00       2.962e+07 -2.364609e-01  0.000000e+00 -2.689605e-01  7.635391e-01
-6.30000e+00  1.60000e+00       3.796e+08  4.051155e-01  0.000000e+00  1.325952e-01  5.948845e-01
-5.60000e+00  1.60000e+00       6.435e+09  6.303984e-01  0.000000e+00 -1.897970e-02  3.696016e-01
-4.90000e+00  1.60000e+00       6.835e+10  5.105351e-01  0.000000e+00 -9.809290e-02  4.894649e-01
-4.20000e+00  1.60000e+00       4.679e+11  4.517256e-01  0.000000e+00  2.101099e-03  5.482744e-01
-3.50000e+00  1.60000e+00       2.147e+12  4.965982e-01  0.000000e+00  3.284163e-02  5.034018e-01
-2.80000e+00  1.60000e+00       6.519e+12  5.226217e-01  0.000000e+00  2.523903e-02  4.773783e-01
-2.10000e+00  1.60000e+00       1.443e+13  5.872986e-01  0.000000e+00  1.108275e-01  4.127014e-01
-1.40000e+00  1.60000e+00       2.226e+13  6.747546e-01  0.000000e+00  2.985599e-01  3.252454e-01
-7.00000e-01  1.60000e+00       1.918e+13  7.155818e-01  0.000000e+00  4.201195e-01  2.844182e-01
 0.00000e+00  1.60000e+00       1.275e+13  7.144612e-01  0.000000e+00 -1.030040e-14  2.855388e-01
 7.00000e-01  1.60000e+00       1.918e+13  7.155818e-01  0.000000e+00 -4.201195e-01  2.844182e-01
 1.40000e+00  1.60000e+00       2.226e+13  6.747546e-01  0.000000e+00 -2.985599e-01  3.252454e-01
 2.10000e+00  1.60000e+00       1.443e+13  5.872986e-01  0.000000e+00 -1.108275e-01  4.127014e-01
 2.80000e+00  1.60000e+00       6.519e+12  5.226217e-01  0.000000e+00 -2.523903e-02  4.773783e-01
 3.50000e+00  1.60000e+00       2.147e+12  4.965982e-01  0.000000e+00 -3.284163e-02  5.034018e-01
 4.20000e+00  1.60000e+00       4.679e+11  4.517256e-01  0.000000e+00 -2.101099e-03  5.482744e-01
 4.90000e+00  1.60000e+00       6.835e+10  5.105351e-01  0.000000e+00  9.809290e-02  4.894649e-01
 5.60000e+00  1.60000e+00       6.435e+09  6.303984e-01  0.000000e+00  1.897970e-02  3.696016e-01
 6.30000e+00  1.60000e+00       3.796e+08  4.051155e-01  0.000000e+00 -1.325952e-01  5.948845e-01
 7.00000e+00  1.60000e+00       2.962e+07 -2.364609e-01  0.000000e+00  2.689605e-01  7.635391e-01
-7.00000e+00  2.00000e+00       2.252e+07 -5.919141e-01  0.000000e+00 -2.520350e-01  4.080859e-01
-6.30000e+00  2.00000e+00       1.104e+08 -4.704253e-01  0.000000e+00  6.681855e-03  5.295747e-01
-5.60000e+00  2.00000e+00       5.532e+08 -7.368464e-02  0.000000e+00  2.580198e-01  9.263154e-01
-4.90000e+00  2.00000e+00       4.238e+09  3.330840e-01  0.000000e+00  2.298338e-01  6.669160e-01
-4.20000e+00  2.00000e+00       2.865e+10  4.626513e-01  0.000000e+00  9.620495e-02  5.373487e-01
-3.50000e+00  2.00000e+00       1.337e+11  4.513938e-01  0.000000e+00  4.655544e-02  5.486062e-01
-2.80000e+00  2.00000e+00       4.402e+11  4.046549e-01  0.000000e+00  4.587584e-02  5.953451e-01
-2.10000e+00  2.00000e+00       1.016e+12  2.388430e-01  0.000000e+00  2.493976e-02  7.611570e-01
-1.40000e+00  2.00000e+00       2.107e+12  6.513345e-02  0.000000e+00 -1.432380e-02  9.348665e-01
-7.00000e-01  2.00000e+00       5.210e+12  1.791725e-01  0.000000e+00  1.329036e-02  8.208275e-01
 0.00000e+00  2.00000e+00       7.966e+12  2.485238e-01  0.000000e+00  3.791846e-15  7.514762e-01
 7.00000e-01  2.00000e+00       5.210e+12  1.791725e-01  0.000000e+00 -1.329036e-02  8.208275e-01
 1.40000e+00  2.00000e+00       2.107e+12  6.513345e-02  0.000000e+00  1.432380e-02  9.348665e-01
 2.10000e+00  2.00000e+00       1.016e+12  2.388430e-01  0.000000e+00 -2.493976e-02  7.611570e-01
 2.80000e+00  2.00000e+00       4.402e+11  4.046549e-01  0.000000e+00 -4.587584e-02  5.953451e-01
 3.50000e+00  2.00000e+00       1.337e+11  4.513938e-01  0.000000e+00 -4.655544e-02  5.486062e-01
 4.20000e+00  2.00000e+00       2.865e+10  4.626513e-01  0.000000e+00 -9.620495e-02  5.373487e-01
 4.90000e+00  2.00000e+00       4.238e+09  3.330840e-01  0.000000e+00 -2.298338e-01  6.669160e-01
 5.60000e+00  2.00000e+00       5.532e+08 -7.368464e-02  0.000000e+00 -2.580198e-01  9.263154e-01
 6.30000e+00  2.00000e+00       1.104e+08 -4.704253e-01  0.000000e+00 -6.681855e-03  5.295747e-01
 7.00000e+00  2.00000e+00       2.252e+07 -5.919141e-01  0.000000e+00  2.520350e-01  4.080859e-01
-7.00000e+00  2.40000e+00       1.472e+07 -6.720911e-01  0.000000e+00 -4.538810e-02  3.279089e-01
-6.30000e+00  2.40000e+00       7.771e+07 -5.775466e-01  0.000000e+00  1.527290e-01  4.224534e-01
-5.60000e+00  2.40000e+00       2.627e+08 -3.587317e-01  0.000000e+00  3.884374e-01  6.412683e-01
-4.90000e+00  2.40000e+00       7.849e+08 -2.119603e-02  0.000000e+00  4.839370e-01  9.788040e-01
-4.20000e+00  2.40000e+00       2.457e+09  2.733241e-01  0.000000e+00  3.711061e-01  7.266759e-01
-3.50000e+00  2.40000e+00       7.613e+09  3.921556e-01  0.000000e+00  2.010904e-01  6.078444e-01
-2.80000e+00  2.40000e+00       2.096e+10  3.995762e-01  0.000000e+00  1.246574e-01  6.004238e-01
-2.10000e+00  2.40000e+00       5.045e+10  4.237046e-01  0.000000e+00  2.088742e-01  5.762954e-01
-1.40000e+00  2.40000e+00       9.937e+10  5.181885e-01  0.000000e+00  3.406254e-01  4.818115e-01
-7.00000e-01  2.40000e+00       1.276e+11  6.403813e-01  0.000000e+00  3.055815e-01  3.596187e-01
 0.00000e+00  2.40000e+00       1.228e+11  7.117873e-01  0.000000e+00 -5.692307e-16  2.882127e-01
 7.00000e-01  2.40000e+00       1.276e+11  6.403813e-01  0.000000e+00 -3.055815e-01  3.596187e-01
 1.40000e+00  2.40000e+00       9.937e+10  5.181885e-01  0.000000e+00 -3.406254e-01  4.818115e-01
 2.10000e+00  2.40000e+00       5.045e+10  4.237046e-01  0.000000e+00 -2.088742e-01  5.762954e-01
 2.80000e+00  2.40000e+00       2.096e+10  3.995762e-01  0.000000e+00 -1.246574e-01  6.004238e-01
 3.50000e+00  2.40000e+00       7.613e+09  3.921556e-01  0.000000e+00 -2.010904e-01  6.078444e-01
 4.20000e+00  2.40000e+00       2.457e+09  2.733241e-01  0.000000e+00 -3.711061e-01  7.266759e-01
 4.90000e+00  2.40000e+00       7.849e+08 -2.119603e-02  0.000000e+00 -4.839370e-01  9.788040e-01
 5.60000e+00  2.40000e+00       2.627e+08 -3.587317e-01  0.000000e+00 -3.884374e-01  6.412683e-01
 6.30000e+00  2.40000e+00       7.771e+07 -5.775466e-01  0.000000e+00 -1.527290e-01  4.224534e-01
 7.00000e+00  2.40000e+00       1.472e+07 -6.720911e-01  0.000000e+00  4.538810e-02  3.279089e-01
-7.00000e+00  2.80000e+00       4.752e+06 -6.150280e-01  0.000000e+00  2.712722e-01  3.849720e-01
-6.30000e+00  2.80000e+00       4.258e+07 -5.245281e-01  0.000000e+00  3.682466e-01  4.754719e-01
-5.60000e+00  2.80000e+00       1.874e+08 -3.674429e-01  0.000000e+00  4.853677e-01  6.325571e-01
-4.90000e+00  2.80000e+00       5.223e+08 -1.200248e-01  0.000000e+00  5.566002e-01  8.799752e-01
-4.20000e+00  2.80000e+00       1.189e+09  1.799205e-01  0.000000e+00  5.064829e-01  8.200795e-01
-3.50000e+00  2.80000e+00       2.466e+09  4.030898e-01  0.000000e+00  3.675836e-01  5.969102e-01
-2.80000e+00  2.80000e+00       4.681e+09  5.064778e-01  0.000000e+00  2.343179e-01  4.935222e-01
-2.10000e+00  2.80000e+00       1.017e+10  6.981905e-01  0.000000e+00  1.255549e-01  3.018095e-01
-1.40000e+00  2.80000e+00       2.718e+10  9.169776e-01  0.000000e+00  8.296872e-02  8.302245e-02
-7.00000e-01  2.80000e+00       4.734e+10  9.740617e-01  0.000000e+00  5.820920e-02  2.593834e-02
 0.00000e+00  2.80000e+00       5.284e+10  9.717369e-01  0.000000e+00  4.069724e-16  2.826305e-02
 7.00000e-01  2.80000e+00       4.734e+10  9.740617e-01  0.000000e+00 -5.820920e-02  2.593834e-02
 1.40000e+00  2.80000e+00       2.718e+10  9.169776e-01  0.000000e+00 -8.296872e-02  8.302245e-02
 2.10000e+00  2.80000e+00       1.017e+10  6.981905e-01  0.000000e+00 -1.255549e-01  3.018095e-01
 2.80000e+00  2.80000e+00       4.681e+09  5.064778e-01  0.000000e+00 -2.343179e-01  4.935222e-01
 3.50000e+00  2.80000e+00       2.466e+09  4.030898e-01  0.000000e+00 -3.675836e-01  5.969102e-01
 4.20000e+00  2.80000e+00       1.189e+09  1.799205e-01  0.000000e+00 -5.064829e-01  8.200795e-01
 4.90000e+00  2.80000e+00       5.223e+08 -1.200248e-01  0.000000e+00 -5.566002e-01  8.799752e-01
 5.60000e+00  2.80000e+00       1.874e+08 -3.674429e-01  0.000000e+00 -4.853677e-01  6.325571e-01
 6.30000e+00  2.80000e+00       4.258e+07 -5.245281e-01  0.000000e+00 -3.682466e-01  4.754719e-01
 7.00000e+00  2.80000e+00       4.752e+06 -6.150280e-01  0.000000e+00 -2.712722e-01  3.849720e-01
-7.00000e+00  3.20000e+00       4.017e+05 -3.804405e-01  0.000000e+00  5.554733e-01  6.195595e-01
-6.30000e+00  3.20000e+00       8.807e+06 -3.359215e-01  0.000000e+00  5.817033e-01  6.640785e-01
-5.60000e+00  3.20000e+00       7.502e+07 -2.534597e-01  0.000000e+00  6.078564e-01  7.465403e-01
-4.90000e+00  3.20000e+00       3.007e+08 -9.202308e-02  0.000000e+00  6.073588e-01  9.079769e-01
-4.20000e+00  3.20000e+00       7.653e+08  1.574381e-01  0.000000e+00  5.331804e-01  8.425619e-01
-3.50000e+00  3.20000e+00       1.586e+09  3.841921e-01  0.000000e+00  3.982605e-01  6.158079e-01
-2.80000e+00  3.20000e+00       2.763e+09  5.129360e-01  0.000000e+00  2.729689e-01  4.870640e-01
-2.10000e+00  3.20000e+00       6.137e+09  7.799008e-01  0.000000e+00  1.372360e-01  2.200992e-01
-1.40000e+00  3.20000e+00       1.877e+10  9.986831e-01  0.000000e+00  8.075973e-02  1.316893e-03
-7.00000e-01  3.20000e+00       3.593e+10  9.475071e-01  0.000000e+00  5.042109e-02  5.249289e-02
 0.00000e+00  3.20000e+00       4.042e+10  9.407075e-01  0.000000e+00  7.217002e-16  5.929253e-02
 7.00000e-01  3.20000e+00       3.593e+10  9.475071e-01  0.000000e+00 -5.042109e-02  5.249289e-02
 1.40000e+00  3.20000e+00       1.877e+10  9.986831e-01  0.000000e+00 -8.075973e-02  1.316893e-03
 2.10000e+00  3.20000e+00       6.137e+09  7.799008e-01  0.000000e+00 -1.372360e-01  2.200992e-01
 2.80000e+00  3.20000e+00       2.763e+09  5.129360e-01  0.000000e+00 -2.729689e-01  4.870640e-01
 3.50000e+00  3.20000e+00       1.586e+09  3.841921e-01  0.000000e+00 -3.982605e-01  6.158079e-01
 4.20000e+00  3.20000e+00       7.653e+08  1.574381e-01  0.000000e+00 -5.331804e-01  8.425619e-01
 4.90000e+00  3.20000e+00       3.007e+08 -9.202308e-02  0.000000e+00 -6.073588e-01  9.079769e-01
 5.60000e+00  3.20000e+00       7.502e+07 -2.534597e-01  0.000000e+00 -6.078564e-01  7.465403e-01
 6.30000e+00  3.20000e+00       8.807e+06 -3.359215e-01  0.000000e+00 -5.817033e-01  6.640785e-01
 7.00000e+00  3.20000e+00       4.017e+05 -3.804405e-01  0.000000e+00 -5.554733e-01  6.195595e-01
-7.00000e+00  3.60000e+00       4.354e+03  9.640972e-01  0.000000e+00 -1.095346e-02  3.590277e-02
-6.30000e+00  3.60000e+00       1.730e+05  9.647444e-01  0.000000e+00  4.670237e-02  3.525558e-02
-5.60000e+00  3.60000e+00       1.984e+06  6.332853e-01  0.000000e+00  2.841645e-01  3.667147e-01
-4.90000e+00  3.60000e+00       1.576e+07 -7.225207e-02  0.000000e+00  7.796121e-01  9.277479e-01
-4.20000e+00  3.60000e+00       2.081e+08  3.515089e-01  0.000000e+00  4.597445e-01  6.484911e-01
-3.50000e+00  3.60000e+00       8.179e+08  4.548682e-01  0.000000e+00  3.664814e-01  5.451318e-01
-2.80000e+00  3.60000e+00       1.667e+09  5.377185e-01  0.000000e+00  2.794457e-01  4.622815e-01
-2.10000e+00  3.60000e+00       4.142e+09  8.398589e-01  0.000000e+00  1.341762e-01  1.601411e-01
-1.40000e+00  3.60000e+00       1.493e+10  9.663786e-01  0.000000e+00  6.815967e-02  3.362140e-02
-7.00000e-01  3.60000e+00       2.975e+10  9.456892e-01  0.000000e+00  4.084387e-02  5.431079e-02
 0.00000e+00  3.60000e+00       3.417e+10  9.533965e-01  0.000000e+00  6.471349e-16  4.660346e-02
 7.00000e-01  3.60000e+00       2.975e+10  9.456892e-01  0.000000e+00 -4.084387e-02  5.431079e-02
 1.40000e+00  3.60000e+00       1.493e+10  9.663786e-01  0.000000e+00 -6.815967e-02  3.362140e-02
 2.10000e+00  3.60000e+00       4.142e+09  8.398589e-01  0.000000e+00 -1.341762e-01  1.601411e-01
 2.80000e+00  3.60000e+00       1.667e+09  5.377185e-01  0.000000e+00 -2.794457e-01  4.622815e-01
 3.50000e+00  3.60000e+00       8.179e+08  4.548682e-01  0.000000e+00 -3.664814e-01  5.451318e-01
 4.20000e+00  3.60000e+00       2.081e+08  3.515089e-01  0.000000e+00 -4.597445e-01  6.484911e-01
 4.90000e+00  3.60000e+00       1.576e+07 -7.225207e-02  0.000000e+00 -7.796121e-01  9.277479e-01
 5.60000e+00  3.60000e+00       1.984e+06  6.332853e-01  0.000000e+00 -2.841645e-01  3.667147e-01
 6.30000e+00  3.60000e+00       1.730e+05  9.647444e-01  0.000000e+00 -4.670237e-02  3.525558e-02
 7.00000e+00  3.60000e+00       4.354e+03  9.640972e-01  0.000000e+00  1.095346e-02  3.590277e-02
-7.00000e+00  4.00000e+00       3.706e+03  9.934637e-01  0.000000e+00 -4.064519e-03  6.536319e-03
-6.30000e+00  4.00000e+00       1.548e+05  9.878116e-01  0.000000e+00  4.322292e-03  1.218837e-02
-5.60000e+00  4.00000e+00       1.939e+06  9.923300e-01  0.000000e+00  7.916415e-03  7.669983e-03
-4.90000e+00  4.00000e+00       5.976e+06  9.425246e-01  0.000000e+00  6.039738e-02  5.747543e-02
-4.20000e+00  4.00000e+00       2.678e+07  6.960137e-01  0.000000e+00  2.160044e-01  3.039863e-01
-3.50000e+00  4.00000e+00       2.035e+08  7.355435e-01  0.000000e+00  1.699521e-01  2.644565e-01
-2.80000e+00  4.00000e+00       5.479e+08  7.526986e-01  0.000000e+00  1.585451e-01  2.473014e-01
-2.10000e+00  4.00000e+00       2.492e+09  9.991709e-01  0.000000e+00  7.963828e-02  8.291296e-04
-1.40000e+00  4.00000e+00       1.231e+10  9.258314e-01  0.000000e+00  5.098431e-02  7.416859e-02
-7.00000e-01  4.00000e+00       2.515e+10  9.258252e-01  0.000000e+00  3.283356e-02  7.417477e-02
 0.00000e+00  4.00000e+00       2.905e+10  9.341759e-01  0.000000e+00  5.770777e-16  6.582405e-02
 7.00000e-01  4.00000e+00       2.515e+10  9.258252e-01  0.000000e+00 -3.283356e-02  7.417477e-02
 1.40000e+00  4.00000e+00       1.231e+10  9.258314e-01  0.000000e+00 -5.098431e-02  7.416859e-02
 2.10000e+00  4.00000e+00       2.492e+09  9.991709e-01  0.000000e+00 -7.963828e-02  8.291296e-04
 2.80000e+00  4.00000e+00       5.479e+08  7.526986e-01  0.000000e+00 -1.585451e-01  2.473014e-01
 3.50000e+00  4.00000e+00       2.035e+08  7.355435e-01  0.000000e+00 -1.699521e-01  2.644565e-01
 4.20000e+00  4.00000e+00       2.678e+07  6.960137e-01  0.000000e+00 -2.160044e-01  3.039863e-01
 4.90000e+00  4.00000e+00       5.976e+06  9.425246e-01  0.000000e+00 -6.039738e-02  5.747543e-02
 5.60000e+00  4.00000e+00       1.939e+06  9.923300e-01  0.000000e+00 -7.916415e-03  7.669983e-03
 6.30000e+00  4.00000e+00       1.548e+05  9.878116e-01  0.000000e+00 -4.322292e-03  1.218837e-02
 7.00000e+00  4.00000e+00       3.706e+03  9.934637e-01  0.000000e+00  4.064556e-03  6.536289e-03
