 EB(GeV)    EMITTANCEx EMITTANCEy SIZEx(m)   SIZEy(m)   DIVx(rad)  DIVy(rad)
 2.411e+00  5.499e-09  1.017e-12  8.711e-05  1.009e-06  6.313e-05  1.009e-06
 betax      alphax     betay      alphay     eta        deta       E_spread  
 1.380e+00  0.000e+00  1.000e+00  0.000e+00  0.000e+00  0.000e+00  8.600e-04
 Ibeam(A)   period(cm) #periods   Kx         Ky         Energy(eV)
 4.005e-01  1.900e+00         96  0.000e+00  1.780e+00  1.465e+04


           x            y       F.Density            PL            PC          PL45        1-|PL|
          mm           mm  ph/s/mr^2/0.1%             -             -             -             -
-7.00000e+00 -4.00000e+00       2.790e+02  5.802009e-01  0.000000e+00  3.187810e-01  4.197991e-01
-6.30000e+00 -4.00000e+00       8.754e+03  3.505833e-01  0.000000e+00 -5.749876e-01  6.494167e-01
-5.60000e+00 -4.00000e+00       4.380e+05  1.858587e-01  0.000000e+00 -5.958827e-01  8.141413e-01
-4.90000e+00 -4.00000e+00       8.710e+06  2.224723e-01  0.000000e+00 -5.635396e-01  7.775277e-01
-4.20000e+00 -4.00000e+00       7.450e+07  2.880340e-01  0.000000e+00 -5.064466e-01  7.119660e-01
-3.50000e+00 -4.00000e+00       3.241e+08  3.448540e-01  0.000000e+00 -4.392853e-01  6.551460e-01
-2.80000e+00 -4.00000e+00       6.380e+08  1.611824e-01  0.000000e+00 -4.358095e-01  8.388176e-01
-2.10000e+00 -4.00000e+00       2.248e+09  5.091099e-01  0.000000e+00 -1.439730e-02  4.908901e-01
-1.40000e+00 -4.00000e+00       1.272e+10  8.787548e-01  0.000000e+00  7.997556e-02  1.212452e-01
-7.00000e-01 -4.00000e+00       3.208e+10  9.980602e-01  0.000000e+00  3.677889e-02  1.939771e-03
 0.00000e+00 -4.00000e+00       4.507e+10  9.588558e-01  0.000000e+00  3.847002e-16  4.114417e-02
 7.00000e-01 -4.00000e+00       3.208e+10  9.980602e-01  0.000000e+00 -3.677889e-02  1.939771e-03
 1.40000e+00 -4.00000e+00       1.272e+10  8.787548e-01  0.000000e+00 -7.997556e-02  1.212452e-01
 2.10000e+00 -4.00000e+00       2.248e+09  5.091099e-01  0.000000e+00  1.439730e-02  4.908901e-01
 2.80000e+00 -4.00000e+00       6.380e+08  1.611824e-01  0.000000e+00  4.358095e-01  8.388176e-01
 3.50000e+00 -4.00000e+00       3.241e+08  3.448540e-01  0.000000e+00  4.392853e-01  6.551460e-01
 4.20000e+00 -4.00000e+00       7.450e+07  2.880340e-01  0.000000e+00  5.064466e-01  7.119660e-01
 4.90000e+00 -4.00000e+00       8.710e+06  2.224723e-01  0.000000e+00  5.635396e-01  7.775277e-01
 5.60000e+00 -4.00000e+00       4.380e+05  1.858587e-01  0.000000e+00  5.958827e-01  8.141413e-01
 6.30000e+00 -4.00000e+00       8.754e+03  3.505833e-01  0.000000e+00  5.749876e-01  6.494167e-01
 7.00000e+00 -4.00000e+00       2.790e+02  5.802012e-01  0.000000e+00 -3.187813e-01  4.197988e-01
-7.00000e+00 -3.60000e+00       9.486e+04 -1.965499e-01  0.000000e+00 -6.266763e-01  8.034501e-01
-6.30000e+00 -3.60000e+00       3.427e+06 -1.769806e-01  0.000000e+00 -6.285219e-01  8.230194e-01
-5.60000e+00 -3.60000e+00       4.231e+07 -1.294342e-01  0.000000e+00 -6.266977e-01  8.705658e-01
-4.90000e+00 -3.60000e+00       2.092e+08 -2.974756e-02  0.000000e+00 -6.123694e-01  9.702524e-01
-4.20000e+00 -3.60000e+00       5.616e+08  1.329136e-01  0.000000e+00 -5.643399e-01  8.670864e-01
-3.50000e+00 -3.60000e+00       1.086e+09  2.853573e-01  0.000000e+00 -4.762088e-01  7.146427e-01
-2.80000e+00 -3.60000e+00       1.502e+09  2.669768e-01  0.000000e+00 -3.931555e-01  7.330232e-01
-2.10000e+00 -3.60000e+00       2.286e+09  2.314643e-01  0.000000e+00 -4.778526e-02  7.685357e-01
-1.40000e+00 -3.60000e+00       1.450e+10  8.371951e-01  0.000000e+00  9.916633e-02  1.628049e-01
-7.00000e-01 -3.60000e+00       3.689e+10  9.821796e-01  0.000000e+00  4.548381e-02  1.782044e-02
 0.00000e+00 -3.60000e+00       5.100e+10  9.754061e-01  0.000000e+00  3.331625e-16  2.459387e-02
 7.00000e-01 -3.60000e+00       3.689e+10  9.821796e-01  0.000000e+00 -4.548381e-02  1.782044e-02
 1.40000e+00 -3.60000e+00       1.450e+10  8.371951e-01  0.000000e+00 -9.916633e-02  1.628049e-01
 2.10000e+00 -3.60000e+00       2.286e+09  2.314643e-01  0.000000e+00  4.778526e-02  7.685357e-01
 2.80000e+00 -3.60000e+00       1.502e+09  2.669768e-01  0.000000e+00  3.931555e-01  7.330232e-01
 3.50000e+00 -3.60000e+00       1.086e+09  2.853573e-01  0.000000e+00  4.762088e-01  7.146427e-01
 4.20000e+00 -3.60000e+00       5.616e+08  1.329136e-01  0.000000e+00  5.643399e-01  8.670864e-01
 4.90000e+00 -3.60000e+00       2.092e+08 -2.974756e-02  0.000000e+00  6.123694e-01  9.702524e-01
 5.60000e+00 -3.60000e+00       4.231e+07 -1.294342e-01  0.000000e+00  6.266977e-01  8.705658e-01
 6.30000e+00 -3.60000e+00       3.427e+06 -1.769806e-01  0.000000e+00  6.285219e-01  8.230194e-01
 7.00000e+00 -3.60000e+00       9.486e+04 -1.965499e-01  0.000000e+00  6.266763e-01  8.034501e-01
-7.00000e+00 -3.20000e+00       4.565e+06 -5.783628e-01  0.000000e+00 -3.766814e-01  4.216372e-01
-6.30000e+00 -3.20000e+00       4.390e+07 -5.018194e-01  0.000000e+00 -4.363417e-01  4.981806e-01
-5.60000e+00 -3.20000e+00       1.902e+08 -3.593450e-01  0.000000e+00 -5.097229e-01  6.406550e-01
-4.90000e+00 -3.20000e+00       4.980e+08 -1.243829e-01  0.000000e+00 -5.644025e-01  8.756171e-01
-4.20000e+00 -3.20000e+00       1.060e+09  1.324617e-01  0.000000e+00 -5.395216e-01  8.675383e-01
-3.50000e+00 -3.20000e+00       1.980e+09  3.125134e-01  0.000000e+00 -4.423426e-01  6.874866e-01
-2.80000e+00 -3.20000e+00       2.895e+09  3.351410e-01  0.000000e+00 -3.371869e-01  6.648590e-01
-2.10000e+00 -3.20000e+00       2.124e+09 -3.808126e-01  0.000000e+00 -9.920503e-02  6.191874e-01
-1.40000e+00 -3.20000e+00       1.688e+10  7.677296e-01  0.000000e+00  1.243395e-01  2.322704e-01
-7.00000e-01 -3.20000e+00       4.407e+10  9.578525e-01  0.000000e+00  5.512026e-02  4.214751e-02
 0.00000e+00 -3.20000e+00       6.026e+10  9.899643e-01  0.000000e+00  2.912282e-16  1.003571e-02
 7.00000e-01 -3.20000e+00       4.407e+10  9.578525e-01  0.000000e+00 -5.512026e-02  4.214751e-02
 1.40000e+00 -3.20000e+00       1.688e+10  7.677296e-01  0.000000e+00 -1.243395e-01  2.322704e-01
 2.10000e+00 -3.20000e+00       2.124e+09 -3.808126e-01  0.000000e+00  9.920503e-02  6.191874e-01
 2.80000e+00 -3.20000e+00       2.895e+09  3.351410e-01  0.000000e+00  3.371869e-01  6.648590e-01
 3.50000e+00 -3.20000e+00       1.980e+09  3.125134e-01  0.000000e+00  4.423426e-01  6.874866e-01
 4.20000e+00 -3.20000e+00       1.060e+09  1.324617e-01  0.000000e+00  5.395216e-01  8.675383e-01
 4.90000e+00 -3.20000e+00       4.980e+08 -1.243829e-01  0.000000e+00  5.644025e-01  8.756171e-01
 5.60000e+00 -3.20000e+00       1.902e+08 -3.593450e-01  0.000000e+00  5.097229e-01  6.406550e-01
 6.30000e+00 -3.20000e+00       4.390e+07 -5.018194e-01  0.000000e+00  4.363417e-01  4.981806e-01
 7.00000e+00 -3.20000e+00       4.565e+06 -5.783628e-01  0.000000e+00  3.766814e-01  4.216372e-01
-7.00000e+00 -2.80000e+00       1.671e+07 -7.040639e-01  0.000000e+00 -7.440559e-02  2.959361e-01
-6.30000e+00 -2.80000e+00       8.104e+07 -6.181365e-01  0.000000e+00 -2.023120e-01  3.818635e-01
-5.60000e+00 -2.80000e+00       2.354e+08 -3.771075e-01  0.000000e+00 -4.051826e-01  6.228925e-01
-4.90000e+00 -2.80000e+00       6.637e+08 -3.769213e-02  0.000000e+00 -5.302567e-01  9.623079e-01
-4.20000e+00 -2.80000e+00       1.766e+09  2.094605e-01  0.000000e+00 -4.858196e-01  7.905395e-01
-3.50000e+00 -2.80000e+00       3.843e+09  3.566316e-01  0.000000e+00 -3.654875e-01  6.433684e-01
-2.80000e+00 -2.80000e+00       7.006e+09  3.881863e-01  0.000000e+00 -2.168635e-01  6.118137e-01
-2.10000e+00 -2.80000e+00       8.290e+09  5.045372e-02  0.000000e+00  8.692270e-02  9.495463e-01
-1.40000e+00 -2.80000e+00       1.557e+10  2.558270e-01  0.000000e+00  4.546662e-01  7.441730e-01
-7.00000e-01 -2.80000e+00       4.574e+10  7.857791e-01  0.000000e+00  1.829324e-01  2.142209e-01
 0.00000e+00 -2.80000e+00       6.338e+10  8.977974e-01  0.000000e+00  1.088413e-16  1.022026e-01
 7.00000e-01 -2.80000e+00       4.574e+10  7.857791e-01  0.000000e+00 -1.829324e-01  2.142209e-01
 1.40000e+00 -2.80000e+00       1.557e+10  2.558270e-01  0.000000e+00 -4.546662e-01  7.441730e-01
 2.10000e+00 -2.80000e+00       8.290e+09  5.045372e-02  0.000000e+00 -8.692270e-02  9.495463e-01
 2.80000e+00 -2.80000e+00       7.006e+09  3.881863e-01  0.000000e+00  2.168635e-01  6.118137e-01
 3.50000e+00 -2.80000e+00       3.843e+09  3.566316e-01  0.000000e+00  3.654875e-01  6.433684e-01
 4.20000e+00 -2.80000e+00       1.766e+09  2.094605e-01  0.000000e+00  4.858196e-01  7.905395e-01
 4.90000e+00 -2.80000e+00       6.637e+08 -3.769213e-02  0.000000e+00  5.302567e-01  9.623079e-01
 5.60000e+00 -2.80000e+00       2.354e+08 -3.771075e-01  0.000000e+00  4.051826e-01  6.228925e-01
 6.30000e+00 -2.80000e+00       8.104e+07 -6.181365e-01  0.000000e+00  2.023120e-01  3.818635e-01
 7.00000e+00 -2.80000e+00       1.671e+07 -7.040639e-01  0.000000e+00  7.440559e-02  2.959361e-01
-7.00000e+00 -2.40000e+00       3.404e+07 -6.657368e-01  0.000000e+00  1.500401e-01  3.342632e-01
-6.30000e+00 -2.40000e+00       1.440e+08 -5.708559e-01  0.000000e+00 -1.063552e-01  4.291441e-01
-5.60000e+00 -2.40000e+00       4.705e+08 -3.016921e-01  0.000000e+00 -3.606104e-01  6.983079e-01
-4.90000e+00 -2.40000e+00       1.644e+09  8.551980e-02  0.000000e+00 -3.675244e-01  9.144802e-01
-4.20000e+00 -2.40000e+00       6.748e+09  2.853888e-01  0.000000e+00 -1.886368e-01  7.146112e-01
-3.50000e+00 -2.40000e+00       2.691e+10  3.307008e-01  0.000000e+00 -8.423770e-02  6.692992e-01
-2.80000e+00 -2.40000e+00       8.619e+10  3.686163e-01  0.000000e+00 -3.248862e-02  6.313837e-01
-2.10000e+00 -2.40000e+00       2.104e+11  4.793857e-01  0.000000e+00 -1.786404e-02  5.206143e-01
-1.40000e+00 -2.40000e+00       3.680e+11  6.207556e-01  0.000000e+00  4.686703e-02  3.792444e-01
-7.00000e-01 -2.40000e+00       3.713e+11  6.821359e-01  0.000000e+00  1.865315e-01  3.178641e-01
 0.00000e+00 -2.40000e+00       2.708e+11  6.760131e-01  0.000000e+00  2.394517e-15  3.239869e-01
 7.00000e-01 -2.40000e+00       3.713e+11  6.821359e-01  0.000000e+00 -1.865315e-01  3.178641e-01
 1.40000e+00 -2.40000e+00       3.680e+11  6.207556e-01  0.000000e+00 -4.686703e-02  3.792444e-01
 2.10000e+00 -2.40000e+00       2.104e+11  4.793857e-01  0.000000e+00  1.786404e-02  5.206143e-01
 2.80000e+00 -2.40000e+00       8.619e+10  3.686163e-01  0.000000e+00  3.248862e-02  6.313837e-01
 3.50000e+00 -2.40000e+00       2.691e+10  3.307008e-01  0.000000e+00  8.423770e-02  6.692992e-01
 4.20000e+00 -2.40000e+00       6.748e+09  2.853888e-01  0.000000e+00  1.886368e-01  7.146112e-01
 4.90000e+00 -2.40000e+00       1.644e+09  8.551980e-02  0.000000e+00  3.675244e-01  9.144802e-01
 5.60000e+00 -2.40000e+00       4.705e+08 -3.016921e-01  0.000000e+00  3.606104e-01  6.983079e-01
 6.30000e+00 -2.40000e+00       1.440e+08 -5.708559e-01  0.000000e+00  1.063552e-01  4.291441e-01
 7.00000e+00 -2.40000e+00       3.404e+07 -6.657368e-01  0.000000e+00 -1.500401e-01  3.342632e-01
-7.00000e+00 -2.00000e+00       4.839e+07 -5.072967e-01  0.000000e+00  3.526543e-01  4.927033e-01
-6.30000e+00 -2.00000e+00       2.358e+08 -1.502243e-01  0.000000e+00  4.597787e-02  8.497757e-01
-5.60000e+00 -2.00000e+00       1.901e+09  2.515555e-01  0.000000e+00  4.861627e-02  7.484445e-01
-4.90000e+00 -2.00000e+00       1.739e+10  2.715312e-01  0.000000e+00 -5.014407e-03  7.284688e-01
-4.20000e+00 -2.00000e+00       1.221e+11  3.610404e-01  0.000000e+00 -7.337864e-02  6.389596e-01
-3.50000e+00 -2.00000e+00       5.589e+11  4.062952e-01  0.000000e+00 -2.410176e-02  5.937048e-01
-2.80000e+00 -2.00000e+00       1.716e+12  4.060652e-01  0.000000e+00  2.388815e-02  5.939348e-01
-2.10000e+00 -2.00000e+00       3.931e+12  4.713084e-01  0.000000e+00  1.447040e-01  5.286916e-01
-1.40000e+00 -2.00000e+00       6.673e+12  5.436806e-01  0.000000e+00  3.527487e-01  4.563194e-01
-7.00000e-01 -2.00000e+00       7.026e+12  4.995206e-01  0.000000e+00  4.797618e-01  5.004794e-01
 0.00000e+00 -2.00000e+00       5.667e+12  4.199497e-01  0.000000e+00 -2.879648e-15  5.800503e-01
 7.00000e-01 -2.00000e+00       7.026e+12  4.995206e-01  0.000000e+00 -4.797618e-01  5.004794e-01
 1.40000e+00 -2.00000e+00       6.673e+12  5.436806e-01  0.000000e+00 -3.527487e-01  4.563194e-01
 2.10000e+00 -2.00000e+00       3.931e+12  4.713084e-01  0.000000e+00 -1.447040e-01  5.286916e-01
 2.80000e+00 -2.00000e+00       1.716e+12  4.060652e-01  0.000000e+00 -2.388815e-02  5.939348e-01
 3.50000e+00 -2.00000e+00       5.589e+11  4.062952e-01  0.000000e+00  2.410176e-02  5.937048e-01
 4.20000e+00 -2.00000e+00       1.221e+11  3.610404e-01  0.000000e+00  7.337864e-02  6.389596e-01
 4.90000e+00 -2.00000e+00       1.739e+10  2.715312e-01  0.000000e+00  5.014407e-03  7.284688e-01
 5.60000e+00 -2.00000e+00       1.901e+09  2.515555e-01  0.000000e+00 -4.861627e-02  7.484445e-01
 6.30000e+00 -2.00000e+00       2.358e+08 -1.502243e-01  0.000000e+00 -4.597787e-02  8.497757e-01
 7.00000e+00 -2.00000e+00       4.839e+07 -5.072967e-01  0.000000e+00 -3.526543e-01  4.927033e-01
-7.00000e+00 -1.60000e+00       8.788e+07 -2.837226e-01  0.000000e+00  2.699095e-01  7.162774e-01
-6.30000e+00 -1.60000e+00       1.421e+09  1.804685e-01  0.000000e+00 -3.664354e-01  8.195315e-01
-5.60000e+00 -1.60000e+00       2.771e+10  5.700541e-01  0.000000e+00 -2.968323e-01  4.299459e-01
-4.90000e+00 -1.60000e+00       2.939e+11  6.473569e-01  0.000000e+00 -4.603981e-02  3.526431e-01
-4.20000e+00 -1.60000e+00       1.675e+12  5.339077e-01  0.000000e+00  6.378309e-02  4.660923e-01
-3.50000e+00 -1.60000e+00       6.422e+12  4.776746e-01  0.000000e+00 -3.393093e-03  5.223254e-01
-2.80000e+00 -1.60000e+00       1.793e+13  5.132445e-01  0.000000e+00 -3.887916e-02  4.867555e-01
-2.10000e+00 -1.60000e+00       3.650e+13  5.223640e-01  0.000000e+00 -1.316897e-01  4.776360e-01
-1.40000e+00 -1.60000e+00       5.948e+13  3.815634e-01  0.000000e+00 -3.056425e-01  6.184366e-01
-7.00000e-01 -1.60000e+00       9.571e+13  1.081734e-01  0.000000e+00 -2.400705e-01  8.918266e-01
 0.00000e+00 -1.60000e+00       1.244e+14  1.906656e-02  0.000000e+00  1.386188e-15  9.809334e-01
 7.00000e-01 -1.60000e+00       9.571e+13  1.081734e-01  0.000000e+00  2.400705e-01  8.918266e-01
 1.40000e+00 -1.60000e+00       5.948e+13  3.815634e-01  0.000000e+00  3.056425e-01  6.184366e-01
 2.10000e+00 -1.60000e+00       3.650e+13  5.223640e-01  0.000000e+00  1.316897e-01  4.776360e-01
 2.80000e+00 -1.60000e+00       1.793e+13  5.132445e-01  0.000000e+00  3.887916e-02  4.867555e-01
 3.50000e+00 -1.60000e+00       6.422e+12  4.776746e-01  0.000000e+00  3.393093e-03  5.223254e-01
 4.20000e+00 -1.60000e+00       1.675e+12  5.339077e-01  0.000000e+00 -6.378309e-02  4.660923e-01
 4.90000e+00 -1.60000e+00       2.939e+11  6.473569e-01  0.000000e+00  4.603981e-02  3.526431e-01
 5.60000e+00 -1.60000e+00       2.771e+10  5.700541e-01  0.000000e+00  2.968323e-01  4.299459e-01
 6.30000e+00 -1.60000e+00       1.421e+09  1.804685e-01  0.000000e+00  3.664354e-01  8.195315e-01
 7.00000e+00 -1.60000e+00       8.788e+07 -2.837226e-01  0.000000e+00 -2.699095e-01  7.162774e-01
-7.00000e+00 -1.20000e+00       4.480e+08  4.716062e-01  0.000000e+00  5.815600e-01  5.283938e-01
-6.30000e+00 -1.20000e+00       9.517e+09  2.563211e-01  0.000000e+00  4.081803e-01  7.436789e-01
-5.60000e+00 -1.20000e+00       1.527e+11  2.406575e-01  0.000000e+00 -5.525591e-02  7.593425e-01
-4.90000e+00 -1.20000e+00       1.801e+12  5.241286e-01  0.000000e+00 -2.555310e-01  4.758714e-01
-4.20000e+00 -1.20000e+00       1.179e+13  6.931425e-01  0.000000e+00 -1.272093e-01  3.068575e-01
-3.50000e+00 -1.20000e+00       4.071e+13  6.799320e-01  0.000000e+00  1.307375e-03  3.200680e-01
-2.80000e+00 -1.20000e+00       9.603e+13  6.489577e-01  0.000000e+00  6.774901e-03  3.510423e-01
-2.10000e+00 -1.20000e+00       1.886e+14  7.084919e-01  0.000000e+00  3.193374e-02  2.915081e-01
-1.40000e+00 -1.20000e+00       3.112e+14  7.976814e-01  0.000000e+00  1.264301e-01  2.023186e-01
-7.00000e-01 -1.20000e+00       3.665e+14  8.238970e-01  0.000000e+00  2.175686e-01  1.761030e-01
 0.00000e+00 -1.20000e+00       3.378e+14  8.120306e-01  0.000000e+00  4.870755e-15  1.879694e-01
 7.00000e-01 -1.20000e+00       3.665e+14  8.238970e-01  0.000000e+00 -2.175686e-01  1.761030e-01
 1.40000e+00 -1.20000e+00       3.112e+14  7.976814e-01  0.000000e+00 -1.264301e-01  2.023186e-01
 2.10000e+00 -1.20000e+00       1.886e+14  7.084919e-01  0.000000e+00 -3.193374e-02  2.915081e-01
 2.80000e+00 -1.20000e+00       9.603e+13  6.489577e-01  0.000000e+00 -6.774901e-03  3.510423e-01
 3.50000e+00 -1.20000e+00       4.071e+13  6.799320e-01  0.000000e+00 -1.307375e-03  3.200680e-01
 4.20000e+00 -1.20000e+00       1.179e+13  6.931425e-01  0.000000e+00  1.272093e-01  3.068575e-01
 4.90000e+00 -1.20000e+00       1.801e+12  5.241286e-01  0.000000e+00  2.555310e-01  4.758714e-01
 5.60000e+00 -1.20000e+00       1.527e+11  2.406575e-01  0.000000e+00  5.525591e-02  7.593425e-01
 6.30000e+00 -1.20000e+00       9.517e+09  2.563211e-01  0.000000e+00 -4.081803e-01  7.436789e-01
 7.00000e+00 -1.20000e+00       4.480e+08  4.716062e-01  0.000000e+00 -5.815600e-01  5.283938e-01
-7.00000e+00 -8.00000e-01       3.457e+09  9.428563e-01  0.000000e+00  1.756807e-01  5.714373e-02
-6.30000e+00 -8.00000e-01       7.531e+10  8.787890e-01  0.000000e+00  2.997513e-01  1.212110e-01
-5.60000e+00 -8.00000e-01       8.010e+11  7.324645e-01  0.000000e+00  3.481034e-01  2.675355e-01
-4.90000e+00 -8.00000e-01       5.539e+12  6.150117e-01  0.000000e+00  1.065346e-01  3.849883e-01
-4.20000e+00 -8.00000e-01       3.384e+13  7.228162e-01  0.000000e+00 -1.219816e-01  2.771838e-01
-3.50000e+00 -8.00000e-01       1.320e+14  8.150265e-01  0.000000e+00 -7.317285e-02  1.849735e-01
-2.80000e+00 -8.00000e-01       2.952e+14  8.153882e-01  0.000000e+00 -1.561573e-02  1.846118e-01
-2.10000e+00 -8.00000e-01       5.027e+14  8.132995e-01  0.000000e+00 -6.112330e-02  1.867005e-01
-1.40000e+00 -8.00000e-01       8.010e+14  8.539378e-01  0.000000e+00 -1.101848e-01  1.460622e-01
-7.00000e-01 -8.00000e-01       1.235e+15  9.270155e-01  0.000000e+00 -5.589736e-02  7.298455e-02
 0.00000e+00 -8.00000e-01       1.442e+15  9.597147e-01  0.000000e+00 -2.612105e-16  4.028527e-02
 7.00000e-01 -8.00000e-01       1.235e+15  9.270155e-01  0.000000e+00  5.589736e-02  7.298455e-02
 1.40000e+00 -8.00000e-01       8.010e+14  8.539378e-01  0.000000e+00  1.101848e-01  1.460622e-01
 2.10000e+00 -8.00000e-01       5.027e+14  8.132995e-01  0.000000e+00  6.112330e-02  1.867005e-01
 2.80000e+00 -8.00000e-01       2.952e+14  8.153882e-01  0.000000e+00  1.561573e-02  1.846118e-01
 3.50000e+00 -8.00000e-01       1.320e+14  8.150265e-01  0.000000e+00  7.317285e-02  1.849735e-01
 4.20000e+00 -8.00000e-01       3.384e+13  7.228162e-01  0.000000e+00  1.219816e-01  2.771838e-01
 4.90000e+00 -8.00000e-01       5.539e+12  6.150117e-01  0.000000e+00 -1.065346e-01  3.849883e-01
 5.60000e+00 -8.00000e-01       8.010e+11  7.324645e-01  0.000000e+00 -3.481034e-01  2.675355e-01
 6.30000e+00 -8.00000e-01       7.531e+10  8.787890e-01  0.000000e+00 -2.997513e-01  1.212110e-01
 7.00000e+00 -8.00000e-01       3.457e+09  9.428563e-01  0.000000e+00 -1.756807e-01  5.714373e-02
-7.00000e+00 -4.00000e-01       1.067e+10  9.932720e-01  0.000000e+00 -9.097028e-03  6.727964e-03
-6.30000e+00 -4.00000e-01       2.510e+11  9.877291e-01  0.000000e+00  6.213340e-02  1.227089e-02
-5.60000e+00 -4.00000e-01       2.710e+12  9.668235e-01  0.000000e+00  1.377172e-01  3.317649e-02
-4.90000e+00 -4.00000e-01       1.456e+13  9.220984e-01  0.000000e+00  1.551967e-01  7.790156e-02
-4.20000e+00 -4.00000e-01       6.046e+13  9.011058e-01  0.000000e+00  1.373050e-02  9.889417e-02
-3.50000e+00 -4.00000e-01       2.324e+14  9.338812e-01  0.000000e+00 -4.963604e-02  6.611881e-02
-2.80000e+00 -4.00000e-01       5.520e+14  9.474317e-01  0.000000e+00 -1.572015e-02  5.256828e-02
-2.10000e+00 -4.00000e-01       9.493e+14  9.544545e-01  0.000000e+00 -1.171599e-02  4.554547e-02
-1.40000e+00 -4.00000e-01       1.387e+15  9.717807e-01  0.000000e+00 -4.794379e-02  2.821934e-02
-7.00000e-01 -4.00000e-01       1.212e+15  9.828121e-01  0.000000e+00 -8.145246e-02  1.718788e-02
 0.00000e+00 -4.00000e-01       7.924e+14  9.860309e-01  0.000000e+00  3.782782e-15  1.396915e-02
 7.00000e-01 -4.00000e-01       1.212e+15  9.828121e-01  0.000000e+00  8.145246e-02  1.718788e-02
 1.40000e+00 -4.00000e-01       1.387e+15  9.717807e-01  0.000000e+00  4.794379e-02  2.821934e-02
 2.10000e+00 -4.00000e-01       9.493e+14  9.544545e-01  0.000000e+00  1.171599e-02  4.554547e-02
 2.80000e+00 -4.00000e-01       5.520e+14  9.474317e-01  0.000000e+00  1.572015e-02  5.256828e-02
 3.50000e+00 -4.00000e-01       2.324e+14  9.338812e-01  0.000000e+00  4.963604e-02  6.611881e-02
 4.20000e+00 -4.00000e-01       6.046e+13  9.011058e-01  0.000000e+00 -1.373050e-02  9.889417e-02
 4.90000e+00 -4.00000e-01       1.456e+13  9.220984e-01  0.000000e+00 -1.551967e-01  7.790156e-02
 5.60000e+00 -4.00000e-01       2.710e+12  9.668235e-01  0.000000e+00 -1.377172e-01  3.317649e-02
 6.30000e+00 -4.00000e-01       2.510e+11  9.877291e-01  0.000000e+00 -6.213340e-02  1.227089e-02
 7.00000e+00 -4.00000e-01       1.067e+10  9.932720e-01  0.000000e+00  9.097028e-03  6.727964e-03
-7.00000e+00  0.00000e+00       1.496e+10  9.999954e-01  0.000000e+00 -1.778130e-15  4.599240e-06
-6.30000e+00  0.00000e+00       3.619e+11  9.999939e-01  0.000000e+00 -2.516048e-18  6.149236e-06
-5.60000e+00  0.00000e+00       4.010e+12  9.999838e-01  0.000000e+00 -9.997917e-18  1.617160e-05
-4.90000e+00  0.00000e+00       2.108e+13  9.999579e-01  0.000000e+00  2.452389e-15  4.212171e-05
-4.20000e+00  0.00000e+00       7.571e+13  9.999332e-01  0.000000e+00  2.557033e-14  6.679189e-05
-3.50000e+00  0.00000e+00       2.732e+14  9.999509e-01  0.000000e+00  7.362743e-14  4.908334e-05
-2.80000e+00  0.00000e+00       6.564e+14  9.999614e-01  0.000000e+00  9.825580e-14  3.863390e-05
-2.10000e+00  0.00000e+00       9.976e+14  9.999502e-01  0.000000e+00  8.495584e-14  4.977362e-05
-1.40000e+00  0.00000e+00       1.113e+15  9.999222e-01  0.000000e+00  9.336747e-14  7.778462e-05
-7.00000e-01  0.00000e+00       1.384e+15  9.999399e-01  0.000000e+00  7.396668e-14  6.011968e-05
 0.00000e+00  0.00000e+00       1.851e+15  9.999710e-01  0.000000e+00  8.101182e-18  2.896002e-05
 7.00000e-01  0.00000e+00       1.384e+15  9.999399e-01  0.000000e+00 -7.393894e-14  6.011968e-05
 1.40000e+00  0.00000e+00       1.113e+15  9.999222e-01  0.000000e+00 -9.332800e-14  7.778462e-05
 2.10000e+00  0.00000e+00       9.976e+14  9.999502e-01  0.000000e+00 -8.494111e-14  4.977362e-05
 2.80000e+00  0.00000e+00       6.564e+14  9.999614e-01  0.000000e+00 -9.823366e-14  3.863390e-05
 3.50000e+00  0.00000e+00       2.732e+14  9.999509e-01  0.000000e+00 -7.359006e-14  4.908334e-05
 4.20000e+00  0.00000e+00       7.571e+13  9.999332e-01  0.000000e+00 -2.565646e-14  6.679189e-05
 4.90000e+00  0.00000e+00       2.108e+13  9.999579e-01  0.000000e+00 -2.642797e-15  4.212171e-05
 5.60000e+00  0.00000e+00       4.010e+12  9.999838e-01  0.000000e+00 -1.123547e-16  1.617160e-05
 6.30000e+00  0.00000e+00       3.619e+11  9.999939e-01  0.000000e+00  1.014347e-17  6.149236e-06
 7.00000e+00  0.00000e+00       1.496e+10  9.999954e-01  0.000000e+00 -5.409779e-16  4.599240e-06
-7.00000e+00  4.00000e-01       1.067e+10  9.932720e-01  0.000000e+00  9.097028e-03  6.727964e-03
-6.30000e+00  4.00000e-01       2.510e+11  9.877291e-01  0.000000e+00 -6.213340e-02  1.227089e-02
-5.60000e+00  4.00000e-01       2.710e+12  9.668235e-01  0.000000e+00 -1.377172e-01  3.317649e-02
-4.90000e+00  4.00000e-01       1.456e+13  9.220984e-01  0.000000e+00 -1.551967e-01  7.790156e-02
-4.20000e+00  4.00000e-01       6.046e+13  9.011058e-01  0.000000e+00 -1.373050e-02  9.889417e-02
-3.50000e+00  4.00000e-01       2.324e+14  9.338812e-01  0.000000e+00  4.963604e-02  6.611881e-02
-2.80000e+00  4.00000e-01       5.520e+14  9.474317e-01  0.000000e+00  1.572015e-02  5.256828e-02
-2.10000e+00  4.00000e-01       9.493e+14  9.544545e-01  0.000000e+00  1.171599e-02  4.554547e-02
-1.40000e+00  4.00000e-01       1.387e+15  9.717807e-01  0.000000e+00  4.794379e-02  2.821934e-02
-7.00000e-01  4.00000e-01       1.212e+15  9.828121e-01  0.000000e+00  8.145246e-02  1.718788e-02
 0.00000e+00  4.00000e-01       7.924e+14  9.860309e-01  0.000000e+00 -3.780330e-15  1.396915e-02
 7.00000e-01  4.00000e-01       1.212e+15  9.828121e-01  0.000000e+00 -8.145246e-02  1.718788e-02
 1.40000e+00  4.00000e-01       1.387e+15  9.717807e-01  0.000000e+00 -4.794379e-02  2.821934e-02
 2.10000e+00  4.00000e-01       9.493e+14  9.544545e-01  0.000000e+00 -1.171599e-02  4.554547e-02
 2.80000e+00  4.00000e-01       5.520e+14  9.474317e-01  0.000000e+00 -1.572015e-02  5.256828e-02
 3.50000e+00  4.00000e-01       2.324e+14  9.338812e-01  0.000000e+00 -4.963604e-02  6.611881e-02
 4.20000e+00  4.00000e-01       6.046e+13  9.011058e-01  0.000000e+00  1.373050e-02  9.889417e-02
 4.90000e+00  4.00000e-01       1.456e+13  9.220984e-01  0.000000e+00  1.551967e-01  7.790156e-02
 5.60000e+00  4.00000e-01       2.710e+12  9.668235e-01  0.000000e+00  1.377172e-01  3.317649e-02
 6.30000e+00  4.00000e-01       2.510e+11  9.877291e-01  0.000000e+00  6.213340e-02  1.227089e-02
 7.00000e+00  4.00000e-01       1.067e+10  9.932720e-01  0.000000e+00 -9.097028e-03  6.727964e-03
-7.00000e+00  8.00000e-01       3.457e+09  9.428563e-01  0.000000e+00 -1.756807e-01  5.714373e-02
-6.30000e+00  8.00000e-01       7.531e+10  8.787890e-01  0.000000e+00 -2.997513e-01  1.212110e-01
-5.60000e+00  8.00000e-01       8.010e+11  7.324645e-01  0.000000e+00 -3.481034e-01  2.675355e-01
-4.90000e+00  8.00000e-01       5.539e+12  6.150117e-01  0.000000e+00 -1.065346e-01  3.849883e-01
-4.20000e+00  8.00000e-01       3.384e+13  7.228162e-01  0.000000e+00  1.219816e-01  2.771838e-01
-3.50000e+00  8.00000e-01       1.320e+14  8.150265e-01  0.000000e+00  7.317285e-02  1.849735e-01
-2.80000e+00  8.00000e-01       2.952e+14  8.153882e-01  0.000000e+00  1.561573e-02  1.846118e-01
-2.10000e+00  8.00000e-01       5.027e+14  8.132995e-01  0.000000e+00  6.112330e-02  1.867005e-01
-1.40000e+00  8.00000e-01       8.010e+14  8.539378e-01  0.000000e+00  1.101848e-01  1.460622e-01
-7.00000e-01  8.00000e-01       1.235e+15  9.270155e-01  0.000000e+00  5.589736e-02  7.298455e-02
 0.00000e+00  8.00000e-01       1.442e+15  9.597147e-01  0.000000e+00 -1.397171e-15  4.028527e-02
 7.00000e-01  8.00000e-01       1.235e+15  9.270155e-01  0.000000e+00 -5.589736e-02  7.298455e-02
 1.40000e+00  8.00000e-01       8.010e+14  8.539378e-01  0.000000e+00 -1.101848e-01  1.460622e-01
 2.10000e+00  8.00000e-01       5.027e+14  8.132995e-01  0.000000e+00 -6.112330e-02  1.867005e-01
 2.80000e+00  8.00000e-01       2.952e+14  8.153882e-01  0.000000e+00 -1.561573e-02  1.846118e-01
 3.50000e+00  8.00000e-01       1.320e+14  8.150265e-01  0.000000e+00 -7.317285e-02  1.849735e-01
 4.20000e+00  8.00000e-01       3.384e+13  7.228162e-01  0.000000e+00 -1.219816e-01  2.771838e-01
 4.90000e+00  8.00000e-01       5.539e+12  6.150117e-01  0.000000e+00  1.065346e-01  3.849883e-01
 5.60000e+00  8.00000e-01       8.010e+11  7.324645e-01  0.000000e+00  3.481034e-01  2.675355e-01
 6.30000e+00  8.00000e-01       7.531e+10  8.787890e-01  0.000000e+00  2.997513e-01  1.212110e-01
 7.00000e+00  8.00000e-01       3.457e+09  9.428563e-01  0.000000e+00  1.756807e-01  5.714373e-02
-7.00000e+00  1.20000e+00       4.480e+08  4.716062e-01  0.000000e+00 -5.815600e-01  5.283938e-01
-6.30000e+00  1.20000e+00       9.517e+09  2.563211e-01  0.000000e+00 -4.081803e-01  7.436789e-01
-5.60000e+00  1.20000e+00       1.527e+11  2.406575e-01  0.000000e+00  5.525591e-02  7.593425e-01
-4.90000e+00  1.20000e+00       1.801e+12  5.241286e-01  0.000000e+00  2.555310e-01  4.758714e-01
-4.20000e+00  1.20000e+00       1.179e+13  6.931425e-01  0.000000e+00  1.272093e-01  3.068575e-01
-3.50000e+00  1.20000e+00       4.071e+13  6.799320e-01  0.000000e+00 -1.307375e-03  3.200680e-01
-2.80000e+00  1.20000e+00       9.603e+13  6.489577e-01  0.000000e+00 -6.774901e-03  3.510423e-01
-2.10000e+00  1.20000e+00       1.886e+14  7.084919e-01  0.000000e+00 -3.193374e-02  2.915081e-01
-1.40000e+00  1.20000e+00       3.112e+14  7.976814e-01  0.000000e+00 -1.264301e-01  2.023186e-01
-7.00000e-01  1.20000e+00       3.665e+14  8.238970e-01  0.000000e+00 -2.175686e-01  1.761030e-01
 0.00000e+00  1.20000e+00       3.378e+14  8.120306e-01  0.000000e+00 -5.653032e-15  1.879694e-01
 7.00000e-01  1.20000e+00       3.665e+14  8.238970e-01  0.000000e+00  2.175686e-01  1.761030e-01
 1.40000e+00  1.20000e+00       3.112e+14  7.976814e-01  0.000000e+00  1.264301e-01  2.023186e-01
 2.10000e+00  1.20000e+00       1.886e+14  7.084919e-01  0.000000e+00  3.193374e-02  2.915081e-01
 2.80000e+00  1.20000e+00       9.603e+13  6.489577e-01  0.000000e+00  6.774901e-03  3.510423e-01
 3.50000e+00  1.20000e+00       4.071e+13  6.799320e-01  0.000000e+00  1.307375e-03  3.200680e-01
 4.20000e+00  1.20000e+00       1.179e+13  6.931425e-01  0.000000e+00 -1.272093e-01  3.068575e-01
 4.90000e+00  1.20000e+00       1.801e+12  5.241286e-01  0.000000e+00 -2.555310e-01  4.758714e-01
 5.60000e+00  1.20000e+00       1.527e+11  2.406575e-01  0.000000e+00 -5.525591e-02  7.593425e-01
 6.30000e+00  1.20000e+00       9.517e+09  2.563211e-01  0.000000e+00  4.081803e-01  7.436789e-01
 7.00000e+00  1.20000e+00       4.480e+08  4.716062e-01  0.000000e+00  5.815600e-01  5.283938e-01
-7.00000e+00  1.60000e+00       8.788e+07 -2.837226e-01  0.000000e+00 -2.699095e-01  7.162774e-01
-6.30000e+00  1.60000e+00       1.421e+09  1.804685e-01  0.000000e+00  3.664354e-01  8.195315e-01
-5.60000e+00  1.60000e+00       2.771e+10  5.700541e-01  0.000000e+00  2.968323e-01  4.299459e-01
-4.90000e+00  1.60000e+00       2.939e+11  6.473569e-01  0.000000e+00  4.603981e-02  3.526431e-01
-4.20000e+00  1.60000e+00       1.675e+12  5.339077e-01  0.000000e+00 -6.378309e-02  4.660923e-01
-3.50000e+00  1.60000e+00       6.422e+12  4.776746e-01  0.000000e+00  3.393093e-03  5.223254e-01
-2.80000e+00  1.60000e+00       1.793e+13  5.132445e-01  0.000000e+00  3.887916e-02  4.867555e-01
-2.10000e+00  1.60000e+00       3.650e+13  5.223640e-01  0.000000e+00  1.316897e-01  4.776360e-01
-1.40000e+00  1.60000e+00       5.948e+13  3.815634e-01  0.000000e+00  3.056425e-01  6.184366e-01
-7.00000e-01  1.60000e+00       9.571e+13  1.081734e-01  0.000000e+00  2.400705e-01  8.918266e-01
 0.00000e+00  1.60000e+00       1.244e+14  1.906656e-02  0.000000e+00 -1.375551e-15  9.809334e-01
 7.00000e-01  1.60000e+00       9.571e+13  1.081734e-01  0.000000e+00 -2.400705e-01  8.918266e-01
 1.40000e+00  1.60000e+00       5.948e+13  3.815634e-01  0.000000e+00 -3.056425e-01  6.184366e-01
 2.10000e+00  1.60000e+00       3.650e+13  5.223640e-01  0.000000e+00 -1.316897e-01  4.776360e-01
 2.80000e+00  1.60000e+00       1.793e+13  5.132445e-01  0.000000e+00 -3.887916e-02  4.867555e-01
 3.50000e+00  1.60000e+00       6.422e+12  4.776746e-01  0.000000e+00 -3.393093e-03  5.223254e-01
 4.20000e+00  1.60000e+00       1.675e+12  5.339077e-01  0.000000e+00  6.378309e-02  4.660923e-01
 4.90000e+00  1.60000e+00       2.939e+11  6.473569e-01  0.000000e+00 -4.603981e-02  3.526431e-01
 5.60000e+00  1.60000e+00       2.771e+10  5.700541e-01  0.000000e+00 -2.968323e-01  4.299459e-01
 6.30000e+00  1.60000e+00       1.421e+09  1.804685e-01  0.000000e+00 -3.664354e-01  8.195315e-01
 7.00000e+00  1.60000e+00       8.788e+07 -2.837226e-01  0.000000e+00  2.699095e-01  7.162774e-01
-7.00000e+00  2.00000e+00       4.839e+07 -5.072967e-01  0.000000e+00 -3.526543e-01  4.927033e-01
-6.30000e+00  2.00000e+00       2.358e+08 -1.502243e-01  0.000000e+00 -4.597787e-02  8.497757e-01
-5.60000e+00  2.00000e+00       1.901e+09  2.515555e-01  0.000000e+00 -4.861627e-02  7.484445e-01
-4.90000e+00  2.00000e+00       1.739e+10  2.715312e-01  0.000000e+00  5.014407e-03  7.284688e-01
-4.20000e+00  2.00000e+00       1.221e+11  3.610404e-01  0.000000e+00  7.337864e-02  6.389596e-01
-3.50000e+00  2.00000e+00       5.589e+11  4.062952e-01  0.000000e+00  2.410176e-02  5.937048e-01
-2.80000e+00  2.00000e+00       1.716e+12  4.060652e-01  0.000000e+00 -2.388815e-02  5.939348e-01
-2.10000e+00  2.00000e+00       3.931e+12  4.713084e-01  0.000000e+00 -1.447040e-01  5.286916e-01
-1.40000e+00  2.00000e+00       6.673e+12  5.436806e-01  0.000000e+00 -3.527487e-01  4.563194e-01
-7.00000e-01  2.00000e+00       7.026e+12  4.995206e-01  0.000000e+00 -4.797618e-01  5.004794e-01
 0.00000e+00  2.00000e+00       5.667e+12  4.199497e-01  0.000000e+00  2.980990e-15  5.800503e-01
 7.00000e-01  2.00000e+00       7.026e+12  4.995206e-01  0.000000e+00  4.797618e-01  5.004794e-01
 1.40000e+00  2.00000e+00       6.673e+12  5.436806e-01  0.000000e+00  3.527487e-01  4.563194e-01
 2.10000e+00  2.00000e+00       3.931e+12  4.713084e-01  0.000000e+00  1.447040e-01  5.286916e-01
 2.80000e+00  2.00000e+00       1.716e+12  4.060652e-01  0.000000e+00  2.388815e-02  5.939348e-01
 3.50000e+00  2.00000e+00       5.589e+11  4.062952e-01  0.000000e+00 -2.410176e-02  5.937048e-01
 4.20000e+00  2.00000e+00       1.221e+11  3.610404e-01  0.000000e+00 -7.337864e-02  6.389596e-01
 4.90000e+00  2.00000e+00       1.739e+10  2.715312e-01  0.000000e+00 -5.014407e-03  7.284688e-01
 5.60000e+00  2.00000e+00       1.901e+09  2.515555e-01  0.000000e+00  4.861627e-02  7.484445e-01
 6.30000e+00  2.00000e+00       2.358e+08 -1.502243e-01  0.000000e+00  4.597787e-02  8.497757e-01
 7.00000e+00  2.00000e+00       4.839e+07 -5.072967e-01  0.000000e+00  3.526543e-01  4.927033e-01
-7.00000e+00  2.40000e+00       3.404e+07 -6.657368e-01  0.000000e+00 -1.500401e-01  3.342632e-01
-6.30000e+00  2.40000e+00       1.440e+08 -5.708559e-01  0.000000e+00  1.063552e-01  4.291441e-01
-5.60000e+00  2.40000e+00       4.705e+08 -3.016921e-01  0.000000e+00  3.606104e-01  6.983079e-01
-4.90000e+00  2.40000e+00       1.644e+09  8.551980e-02  0.000000e+00  3.675244e-01  9.144802e-01
-4.20000e+00  2.40000e+00       6.748e+09  2.853888e-01  0.000000e+00  1.886368e-01  7.146112e-01
-3.50000e+00  2.40000e+00       2.691e+10  3.307008e-01  0.000000e+00  8.423770e-02  6.692992e-01
-2.80000e+00  2.40000e+00       8.619e+10  3.686163e-01  0.000000e+00  3.248862e-02  6.313837e-01
-2.10000e+00  2.40000e+00       2.104e+11  4.793857e-01  0.000000e+00  1.786404e-02  5.206143e-01
-1.40000e+00  2.40000e+00       3.680e+11  6.207556e-01  0.000000e+00 -4.686703e-02  3.792444e-01
-7.00000e-01  2.40000e+00       3.713e+11  6.821359e-01  0.000000e+00 -1.865314e-01  3.178641e-01
 0.00000e+00  2.40000e+00       2.708e+11  6.760131e-01  0.000000e+00 -1.597250e-15  3.239869e-01
 7.00000e-01  2.40000e+00       3.713e+11  6.821359e-01  0.000000e+00  1.865314e-01  3.178641e-01
 1.40000e+00  2.40000e+00       3.680e+11  6.207556e-01  0.000000e+00  4.686703e-02  3.792444e-01
 2.10000e+00  2.40000e+00       2.104e+11  4.793857e-01  0.000000e+00 -1.786404e-02  5.206143e-01
 2.80000e+00  2.40000e+00       8.619e+10  3.686163e-01  0.000000e+00 -3.248862e-02  6.313837e-01
 3.50000e+00  2.40000e+00       2.691e+10  3.307008e-01  0.000000e+00 -8.423770e-02  6.692992e-01
 4.20000e+00  2.40000e+00       6.748e+09  2.853888e-01  0.000000e+00 -1.886368e-01  7.146112e-01
 4.90000e+00  2.40000e+00       1.644e+09  8.551980e-02  0.000000e+00 -3.675244e-01  9.144802e-01
 5.60000e+00  2.40000e+00       4.705e+08 -3.016921e-01  0.000000e+00 -3.606104e-01  6.983079e-01
 6.30000e+00  2.40000e+00       1.440e+08 -5.708559e-01  0.000000e+00 -1.063552e-01  4.291441e-01
 7.00000e+00  2.40000e+00       3.404e+07 -6.657368e-01  0.000000e+00  1.500401e-01  3.342632e-01
-7.00000e+00  2.80000e+00       1.671e+07 -7.040639e-01  0.000000e+00  7.440559e-02  2.959361e-01
-6.30000e+00  2.80000e+00       8.104e+07 -6.181365e-01  0.000000e+00  2.023120e-01  3.818635e-01
-5.60000e+00  2.80000e+00       2.354e+08 -3.771075e-01  0.000000e+00  4.051826e-01  6.228925e-01
-4.90000e+00  2.80000e+00       6.637e+08 -3.769213e-02  0.000000e+00  5.302567e-01  9.623079e-01
-4.20000e+00  2.80000e+00       1.766e+09  2.094605e-01  0.000000e+00  4.858196e-01  7.905395e-01
-3.50000e+00  2.80000e+00       3.843e+09  3.566316e-01  0.000000e+00  3.654875e-01  6.433684e-01
-2.80000e+00  2.80000e+00       7.006e+09  3.881863e-01  0.000000e+00  2.168635e-01  6.118137e-01
-2.10000e+00  2.80000e+00       8.290e+09  5.045385e-02  0.000000e+00 -8.692260e-02  9.495462e-01
-1.40000e+00  2.80000e+00       1.557e+10  2.558267e-01  0.000000e+00 -4.546662e-01  7.441733e-01
-7.00000e-01  2.80000e+00       4.574e+10  7.857790e-01  0.000000e+00 -1.829324e-01  2.142210e-01
 0.00000e+00  2.80000e+00       6.338e+10  8.977974e-01  0.000000e+00  1.926302e-15  1.022026e-01
 7.00000e-01  2.80000e+00       4.574e+10  7.857790e-01  0.000000e+00  1.829324e-01  2.142210e-01
 1.40000e+00  2.80000e+00       1.557e+10  2.558267e-01  0.000000e+00  4.546662e-01  7.441733e-01
 2.10000e+00  2.80000e+00       8.290e+09  5.045385e-02  0.000000e+00  8.692260e-02  9.495462e-01
 2.80000e+00  2.80000e+00       7.006e+09  3.881863e-01  0.000000e+00 -2.168635e-01  6.118137e-01
 3.50000e+00  2.80000e+00       3.843e+09  3.566316e-01  0.000000e+00 -3.654875e-01  6.433684e-01
 4.20000e+00  2.80000e+00       1.766e+09  2.094605e-01  0.000000e+00 -4.858196e-01  7.905395e-01
 4.90000e+00  2.80000e+00       6.637e+08 -3.769213e-02  0.000000e+00 -5.302567e-01  9.623079e-01
 5.60000e+00  2.80000e+00       2.354e+08 -3.771075e-01  0.000000e+00 -4.051826e-01  6.228925e-01
 6.30000e+00  2.80000e+00       8.104e+07 -6.181365e-01  0.000000e+00 -2.023120e-01  3.818635e-01
 7.00000e+00  2.80000e+00       1.671e+07 -7.040639e-01  0.000000e+00 -7.440559e-02  2.959361e-01
-7.00000e+00  3.20000e+00       4.565e+06 -5.783628e-01  0.000000e+00  3.766814e-01  4.216372e-01
-6.30000e+00  3.20000e+00       4.390e+07 -5.018194e-01  0.000000e+00  4.363417e-01  4.981806e-01
-5.60000e+00  3.20000e+00       1.902e+08 -3.593450e-01  0.000000e+00  5.097229e-01  6.406550e-01
-4.90000e+00  3.20000e+00       4.980e+08 -1.243829e-01  0.000000e+00  5.644025e-01  8.756171e-01
-4.20000e+00  3.20000e+00       1.060e+09  1.324617e-01  0.000000e+00  5.395216e-01  8.675383e-01
-3.50000e+00  3.20000e+00       1.980e+09  3.125135e-01  0.000000e+00  4.423426e-01  6.874865e-01
-2.80000e+00  3.20000e+00       2.895e+09  3.351410e-01  0.000000e+00  3.371869e-01  6.648590e-01
-2.10000e+00  3.20000e+00       2.124e+09 -3.808153e-01  0.000000e+00  9.920567e-02  6.191847e-01
-1.40000e+00  3.20000e+00       1.688e+10  7.677292e-01  0.000000e+00 -1.243395e-01  2.322708e-01
-7.00000e-01  3.20000e+00       4.407e+10  9.578523e-01  0.000000e+00 -5.512024e-02  4.214768e-02
 0.00000e+00  3.20000e+00       6.026e+10  9.899644e-01  0.000000e+00  1.302457e-15  1.003559e-02
 7.00000e-01  3.20000e+00       4.407e+10  9.578523e-01  0.000000e+00  5.512024e-02  4.214768e-02
 1.40000e+00  3.20000e+00       1.688e+10  7.677292e-01  0.000000e+00  1.243395e-01  2.322708e-01
 2.10000e+00  3.20000e+00       2.124e+09 -3.808153e-01  0.000000e+00 -9.920567e-02  6.191847e-01
 2.80000e+00  3.20000e+00       2.895e+09  3.351410e-01  0.000000e+00 -3.371869e-01  6.648590e-01
 3.50000e+00  3.20000e+00       1.980e+09  3.125135e-01  0.000000e+00 -4.423426e-01  6.874865e-01
 4.20000e+00  3.20000e+00       1.060e+09  1.324617e-01  0.000000e+00 -5.395216e-01  8.675383e-01
 4.90000e+00  3.20000e+00       4.980e+08 -1.243829e-01  0.000000e+00 -5.644025e-01  8.756171e-01
 5.60000e+00  3.20000e+00       1.902e+08 -3.593450e-01  0.000000e+00 -5.097229e-01  6.406550e-01
 6.30000e+00  3.20000e+00       4.390e+07 -5.018194e-01  0.000000e+00 -4.363417e-01  4.981806e-01
 7.00000e+00  3.20000e+00       4.565e+06 -5.783628e-01  0.000000e+00 -3.766814e-01  4.216372e-01
-7.00000e+00  3.60000e+00       9.486e+04 -1.965499e-01  0.000000e+00  6.266763e-01  8.034501e-01
-6.30000e+00  3.60000e+00       3.427e+06 -1.769806e-01  0.000000e+00  6.285219e-01  8.230194e-01
-5.60000e+00  3.60000e+00       4.231e+07 -1.294342e-01  0.000000e+00  6.266976e-01  8.705658e-01
-4.90000e+00  3.60000e+00       2.092e+08 -2.974755e-02  0.000000e+00  6.123694e-01  9.702524e-01
-4.20000e+00  3.60000e+00       5.616e+08  1.329136e-01  0.000000e+00  5.643399e-01  8.670864e-01
-3.50000e+00  3.60000e+00       1.086e+09  2.853574e-01  0.000000e+00  4.762087e-01  7.146426e-01
-2.80000e+00  3.60000e+00       1.502e+09  2.669773e-01  0.000000e+00  3.931554e-01  7.330227e-01
-2.10000e+00  3.60000e+00       2.286e+09  2.314600e-01  0.000000e+00  4.778648e-02  7.685400e-01
-1.40000e+00  3.60000e+00       1.450e+10  8.371941e-01  0.000000e+00 -9.916616e-02  1.628059e-01
-7.00000e-01  3.60000e+00       3.689e+10  9.821791e-01  0.000000e+00 -4.548375e-02  1.782089e-02
 0.00000e+00  3.60000e+00       5.100e+10  9.754064e-01  0.000000e+00  1.099299e-15  2.459356e-02
 7.00000e-01  3.60000e+00       3.689e+10  9.821791e-01  0.000000e+00  4.548375e-02  1.782089e-02
 1.40000e+00  3.60000e+00       1.450e+10  8.371941e-01  0.000000e+00  9.916616e-02  1.628059e-01
 2.10000e+00  3.60000e+00       2.286e+09  2.314600e-01  0.000000e+00 -4.778648e-02  7.685400e-01
 2.80000e+00  3.60000e+00       1.502e+09  2.669773e-01  0.000000e+00 -3.931554e-01  7.330227e-01
 3.50000e+00  3.60000e+00       1.086e+09  2.853574e-01  0.000000e+00 -4.762087e-01  7.146426e-01
 4.20000e+00  3.60000e+00       5.616e+08  1.329136e-01  0.000000e+00 -5.643399e-01  8.670864e-01
 4.90000e+00  3.60000e+00       2.092e+08 -2.974755e-02  0.000000e+00 -6.123694e-01  9.702524e-01
 5.60000e+00  3.60000e+00       4.231e+07 -1.294342e-01  0.000000e+00 -6.266976e-01  8.705658e-01
 6.30000e+00  3.60000e+00       3.427e+06 -1.769806e-01  0.000000e+00 -6.285219e-01  8.230194e-01
 7.00000e+00  3.60000e+00       9.486e+04 -1.965499e-01  0.000000e+00 -6.266763e-01  8.034501e-01
-7.00000e+00  4.00000e+00       2.790e+02  5.802105e-01  0.000000e+00 -3.187864e-01  4.197895e-01
-6.30000e+00  4.00000e+00       8.754e+03  3.505830e-01  0.000000e+00  5.749874e-01  6.494170e-01
-5.60000e+00  4.00000e+00       4.380e+05  1.858587e-01  0.000000e+00  5.958827e-01  8.141413e-01
-4.90000e+00  4.00000e+00       8.710e+06  2.224725e-01  0.000000e+00  5.635395e-01  7.775275e-01
-4.20000e+00  4.00000e+00       7.450e+07  2.880343e-01  0.000000e+00  5.064464e-01  7.119657e-01
-3.50000e+00  4.00000e+00       3.241e+08  3.448546e-01  0.000000e+00  4.392850e-01  6.551454e-01
-2.80000e+00  4.00000e+00       6.380e+08  1.611878e-01  0.000000e+00  4.358074e-01  8.388122e-01
-2.10000e+00  4.00000e+00       2.248e+09  5.090967e-01  0.000000e+00  1.440133e-02  4.909033e-01
-1.40000e+00  4.00000e+00       1.272e+10  8.787510e-01  0.000000e+00 -7.997479e-02  1.212490e-01
-7.00000e-01  4.00000e+00       3.208e+10  9.980619e-01  0.000000e+00 -3.677871e-02  1.938062e-03
 0.00000e+00  4.00000e+00       4.507e+10  9.588570e-01  0.000000e+00  9.576406e-16  4.114305e-02
 7.00000e-01  4.00000e+00       3.208e+10  9.980619e-01  0.000000e+00  3.677871e-02  1.938062e-03
 1.40000e+00  4.00000e+00       1.272e+10  8.787510e-01  0.000000e+00  7.997479e-02  1.212490e-01
 2.10000e+00  4.00000e+00       2.248e+09  5.090967e-01  0.000000e+00 -1.440133e-02  4.909033e-01
 2.80000e+00  4.00000e+00       6.380e+08  1.611878e-01  0.000000e+00 -4.358074e-01  8.388122e-01
 3.50000e+00  4.00000e+00       3.241e+08  3.448546e-01  0.000000e+00 -4.392850e-01  6.551454e-01
 4.20000e+00  4.00000e+00       7.450e+07  2.880343e-01  0.000000e+00 -5.064464e-01  7.119657e-01
 4.90000e+00  4.00000e+00       8.710e+06  2.224725e-01  0.000000e+00 -5.635395e-01  7.775275e-01
 5.60000e+00  4.00000e+00       4.380e+05  1.858587e-01  0.000000e+00 -5.958827e-01  8.141413e-01
 6.30000e+00  4.00000e+00       8.754e+03  3.505830e-01  0.000000e+00 -5.749874e-01  6.494170e-01
 7.00000e+00  4.00000e+00       2.790e+02  5.802108e-01  0.000000e+00  3.187868e-01  4.197892e-01
