 EB(GeV)    EMITTANCEx EMITTANCEy SIZEx(m)   SIZEy(m)   DIVx(rad)  DIVy(rad)
 2.411e+00  5.499e-09  1.017e-12  8.711e-05  1.009e-06  6.313e-05  1.009e-06
 betax      alphax     betay      alphay     eta        deta       E_spread  
 1.380e+00  0.000e+00  1.000e+00  0.000e+00  0.000e+00  0.000e+00  8.600e-04
 Ibeam(A)   period(cm) #periods   Kx         Ky         Energy(eV)
 4.005e-01  1.900e+00         96  0.000e+00  1.780e+00  3.687e+04


           x            y       F.Density            PL            PC          PL45        1-|PL|
          mm           mm  ph/s/mr^2/0.1%             -             -             -             -
-7.00000e+00 -4.00000e+00       6.032e+00 -7.127819e-01  0.000000e+00  5.303170e-01  2.872181e-01
-6.30000e+00 -4.00000e+00       5.803e+01  3.805502e-01  0.000000e+00  1.713492e-01  6.194498e-01
-5.60000e+00 -4.00000e+00       2.360e+03  9.670747e-01  0.000000e+00 -5.497286e-04  3.292532e-02
-4.90000e+00 -4.00000e+00       7.749e+04  9.787980e-01  0.000000e+00 -2.983547e-03  2.120196e-02
-4.20000e+00 -4.00000e+00       1.105e+06  9.826389e-01  0.000000e+00  3.886318e-04  1.736110e-02
-3.50000e+00 -4.00000e+00       4.919e+06  9.901093e-01  0.000000e+00  3.697025e-03  9.890717e-03
-2.80000e+00 -4.00000e+00       6.452e+06  9.989153e-01  0.000000e+00  1.062524e-02  1.084652e-03
-2.10000e+00 -4.00000e+00       3.992e+07  9.496827e-01  0.000000e+00  1.288341e-02  5.031726e-02
-1.40000e+00 -4.00000e+00       2.016e+08  8.770264e-01  0.000000e+00  7.041416e-03  1.229736e-01
-7.00000e-01 -4.00000e+00       4.276e+08  7.597153e-01  0.000000e+00 -1.020271e-03  2.402847e-01
 0.00000e+00 -4.00000e+00       5.439e+08  6.985377e-01  0.000000e+00  2.498701e-16  3.014623e-01
 7.00000e-01 -4.00000e+00       4.276e+08  7.597153e-01  0.000000e+00  1.020271e-03  2.402847e-01
 1.40000e+00 -4.00000e+00       2.016e+08  8.770264e-01  0.000000e+00 -7.041416e-03  1.229736e-01
 2.10000e+00 -4.00000e+00       3.992e+07  9.496827e-01  0.000000e+00 -1.288341e-02  5.031726e-02
 2.80000e+00 -4.00000e+00       6.452e+06  9.989153e-01  0.000000e+00 -1.062524e-02  1.084652e-03
 3.50000e+00 -4.00000e+00       4.919e+06  9.901093e-01  0.000000e+00 -3.697025e-03  9.890717e-03
 4.20000e+00 -4.00000e+00       1.105e+06  9.826389e-01  0.000000e+00 -3.886318e-04  1.736110e-02
 4.90000e+00 -4.00000e+00       7.749e+04  9.787980e-01  0.000000e+00  2.983547e-03  2.120196e-02
 5.60000e+00 -4.00000e+00       2.360e+03  9.670747e-01  0.000000e+00  5.497286e-04  3.292532e-02
 6.30000e+00 -4.00000e+00       5.803e+01  3.805502e-01  0.000000e+00 -1.713492e-01  6.194498e-01
 7.00000e+00 -4.00000e+00       6.032e+00 -7.127798e-01  0.000000e+00 -5.303197e-01  2.872202e-01
-7.00000e+00 -3.60000e+00       1.877e+01 -5.547966e-01  0.000000e+00  7.760860e-01  4.452034e-01
-6.30000e+00 -3.60000e+00       7.519e+01  3.191596e-01  0.000000e+00  2.841338e-01  6.808404e-01
-5.60000e+00 -3.60000e+00       2.733e+03  9.682038e-01  0.000000e+00 -8.933097e-04  3.179622e-02
-4.90000e+00 -3.60000e+00       8.986e+04  9.784522e-01  0.000000e+00 -3.808054e-03  2.154783e-02
-4.20000e+00 -3.60000e+00       1.282e+06  9.823409e-01  0.000000e+00  3.804169e-04  1.765908e-02
-3.50000e+00 -3.60000e+00       5.706e+06  9.898457e-01  0.000000e+00  4.515839e-03  1.015431e-02
-2.80000e+00 -3.60000e+00       7.477e+06  9.986979e-01  0.000000e+00  1.370731e-02  1.302118e-03
-2.10000e+00 -3.60000e+00       4.633e+07  9.475445e-01  0.000000e+00  1.821098e-02  5.245552e-02
-1.40000e+00 -3.60000e+00       2.413e+08  8.617214e-01  0.000000e+00  1.189189e-02  1.382786e-01
-7.00000e-01 -3.60000e+00       5.521e+08  7.271066e-01  0.000000e+00  2.058300e-03  2.728934e-01
 0.00000e+00 -3.60000e+00       7.361e+08  6.627208e-01  0.000000e+00  3.292042e-17  3.372792e-01
 7.00000e-01 -3.60000e+00       5.521e+08  7.271066e-01  0.000000e+00 -2.058300e-03  2.728934e-01
 1.40000e+00 -3.60000e+00       2.413e+08  8.617214e-01  0.000000e+00 -1.189189e-02  1.382786e-01
 2.10000e+00 -3.60000e+00       4.633e+07  9.475445e-01  0.000000e+00 -1.821098e-02  5.245552e-02
 2.80000e+00 -3.60000e+00       7.477e+06  9.986979e-01  0.000000e+00 -1.370731e-02  1.302118e-03
 3.50000e+00 -3.60000e+00       5.706e+06  9.898457e-01  0.000000e+00 -4.515839e-03  1.015431e-02
 4.20000e+00 -3.60000e+00       1.282e+06  9.823409e-01  0.000000e+00 -3.804169e-04  1.765908e-02
 4.90000e+00 -3.60000e+00       8.986e+04  9.784522e-01  0.000000e+00  3.808054e-03  2.154783e-02
 5.60000e+00 -3.60000e+00       2.733e+03  9.682038e-01  0.000000e+00  8.933097e-04  3.179622e-02
 6.30000e+00 -3.60000e+00       7.519e+01  3.191596e-01  0.000000e+00 -2.841338e-01  6.808404e-01
 7.00000e+00 -3.60000e+00       1.877e+01 -5.547966e-01  0.000000e+00 -7.760860e-01  4.452034e-01
-7.00000e+00 -3.20000e+00       1.706e+01 -3.599424e-01  0.000000e+00  8.540271e-01  6.400576e-01
-6.30000e+00 -3.20000e+00       7.385e+01  5.510281e-01  0.000000e+00  1.900055e-01  4.489719e-01
-5.60000e+00 -3.20000e+00       3.262e+03  9.747875e-01  0.000000e+00 -5.469403e-03  2.521248e-02
-4.90000e+00 -3.20000e+00       1.078e+05  9.777010e-01  0.000000e+00 -5.172860e-03  2.229898e-02
-4.20000e+00 -3.20000e+00       1.538e+06  9.817215e-01  0.000000e+00  1.899767e-04  1.827850e-02
-3.50000e+00 -3.20000e+00       6.845e+06  9.893916e-01  0.000000e+00  5.407026e-03  1.060836e-02
-2.80000e+00 -3.20000e+00       8.927e+06  9.944644e-01  0.000000e+00  1.754327e-02  5.535576e-03
-2.10000e+00 -3.20000e+00       5.254e+07  9.726448e-01  0.000000e+00  2.690648e-02  2.735522e-02
-1.40000e+00 -3.20000e+00       2.607e+08  9.011306e-01  0.000000e+00  2.241448e-02  9.886943e-02
-7.00000e-01 -3.20000e+00       5.762e+08  7.601227e-01  0.000000e+00  9.799110e-03  2.398773e-01
 0.00000e+00 -3.20000e+00       7.723e+08  6.847178e-01  0.000000e+00  3.744883e-16  3.152822e-01
 7.00000e-01 -3.20000e+00       5.762e+08  7.601227e-01  0.000000e+00 -9.799110e-03  2.398773e-01
 1.40000e+00 -3.20000e+00       2.607e+08  9.011306e-01  0.000000e+00 -2.241448e-02  9.886943e-02
 2.10000e+00 -3.20000e+00       5.254e+07  9.726448e-01  0.000000e+00 -2.690648e-02  2.735522e-02
 2.80000e+00 -3.20000e+00       8.927e+06  9.944644e-01  0.000000e+00 -1.754327e-02  5.535576e-03
 3.50000e+00 -3.20000e+00       6.845e+06  9.893916e-01  0.000000e+00 -5.407026e-03  1.060836e-02
 4.20000e+00 -3.20000e+00       1.538e+06  9.817215e-01  0.000000e+00 -1.899767e-04  1.827850e-02
 4.90000e+00 -3.20000e+00       1.078e+05  9.777010e-01  0.000000e+00  5.172860e-03  2.229898e-02
 5.60000e+00 -3.20000e+00       3.262e+03  9.747875e-01  0.000000e+00  5.469403e-03  2.521248e-02
 6.30000e+00 -3.20000e+00       7.385e+01  5.510281e-01  0.000000e+00 -1.900055e-01  4.489719e-01
 7.00000e+00 -3.20000e+00       1.706e+01 -3.599424e-01  0.000000e+00 -8.540271e-01  6.400576e-01
-7.00000e+00 -2.80000e+00       1.923e+01 -2.573155e-01  0.000000e+00  8.777481e-01  7.426845e-01
-6.30000e+00 -2.80000e+00       8.939e+01  5.983199e-01  0.000000e+00  1.851977e-01  4.016801e-01
-5.60000e+00 -2.80000e+00       4.086e+03  9.717151e-01  0.000000e+00 -1.013971e-02  2.828487e-02
-4.90000e+00 -2.80000e+00       1.351e+05  9.742722e-01  0.000000e+00 -8.466929e-03  2.572780e-02
-4.20000e+00 -2.80000e+00       1.929e+06  9.787084e-01  0.000000e+00 -1.134693e-03  2.129160e-02
-3.50000e+00 -2.80000e+00       8.872e+06  9.711996e-01  0.000000e+00  2.167537e-03  2.880037e-02
-2.80000e+00 -2.80000e+00       1.853e+07  8.028591e-01  0.000000e+00 -2.472500e-02  1.971409e-01
-2.10000e+00 -2.80000e+00       1.334e+08  7.313865e-01  0.000000e+00 -2.388559e-02  2.686135e-01
-1.40000e+00 -2.80000e+00       5.664e+08  7.291116e-01  0.000000e+00 -1.252631e-02  2.708884e-01
-7.00000e-01 -2.80000e+00       1.006e+09  6.866402e-01  0.000000e+00 -9.378402e-03  3.133598e-01
 0.00000e+00 -2.80000e+00       1.123e+09  6.615332e-01  0.000000e+00  3.683114e-16  3.384668e-01
 7.00000e-01 -2.80000e+00       1.006e+09  6.866402e-01  0.000000e+00  9.378402e-03  3.133598e-01
 1.40000e+00 -2.80000e+00       5.664e+08  7.291116e-01  0.000000e+00  1.252631e-02  2.708884e-01
 2.10000e+00 -2.80000e+00       1.334e+08  7.313865e-01  0.000000e+00  2.388559e-02  2.686135e-01
 2.80000e+00 -2.80000e+00       1.853e+07  8.028591e-01  0.000000e+00  2.472500e-02  1.971409e-01
 3.50000e+00 -2.80000e+00       8.872e+06  9.711996e-01  0.000000e+00 -2.167537e-03  2.880037e-02
 4.20000e+00 -2.80000e+00       1.929e+06  9.787084e-01  0.000000e+00  1.134693e-03  2.129160e-02
 4.90000e+00 -2.80000e+00       1.351e+05  9.742722e-01  0.000000e+00  8.466929e-03  2.572780e-02
 5.60000e+00 -2.80000e+00       4.086e+03  9.717151e-01  0.000000e+00  1.013971e-02  2.828487e-02
 6.30000e+00 -2.80000e+00       8.939e+01  5.983199e-01  0.000000e+00 -1.851977e-01  4.016801e-01
 7.00000e+00 -2.80000e+00       1.923e+01 -2.573155e-01  0.000000e+00 -8.777481e-01  7.426845e-01
-7.00000e+00 -2.40000e+00       2.433e+01 -1.221049e-01  0.000000e+00  8.899055e-01  8.778951e-01
-6.30000e+00 -2.40000e+00       1.545e+02  5.228441e-01  0.000000e+00  8.680501e-02  4.771559e-01
-5.60000e+00 -2.40000e+00       1.114e+04  7.161269e-01  0.000000e+00 -1.779499e-01  2.838731e-01
-4.90000e+00 -2.40000e+00       5.595e+05  6.494315e-01  0.000000e+00 -2.143978e-01  3.505685e-01
-4.20000e+00 -2.40000e+00       1.189e+07  6.095187e-01  0.000000e+00 -2.198369e-01  3.904813e-01
-3.50000e+00 -2.40000e+00       1.023e+08  5.712409e-01  0.000000e+00 -2.131476e-01  4.287591e-01
-2.80000e+00 -2.40000e+00       4.119e+08  5.440018e-01  0.000000e+00 -1.835511e-01  4.559982e-01
-2.10000e+00 -2.40000e+00       1.031e+09  5.656523e-01  0.000000e+00 -1.189744e-01  4.343477e-01
-1.40000e+00 -2.40000e+00       1.888e+09  6.100983e-01  0.000000e+00 -5.592663e-02  3.899017e-01
-7.00000e-01 -2.40000e+00       2.374e+09  6.193463e-01  0.000000e+00 -2.295435e-02  3.806537e-01
 0.00000e+00 -2.40000e+00       2.370e+09  6.148022e-01  0.000000e+00  1.060464e-16  3.851978e-01
 7.00000e-01 -2.40000e+00       2.374e+09  6.193463e-01  0.000000e+00  2.295435e-02  3.806537e-01
 1.40000e+00 -2.40000e+00       1.888e+09  6.100983e-01  0.000000e+00  5.592663e-02  3.899017e-01
 2.10000e+00 -2.40000e+00       1.031e+09  5.656523e-01  0.000000e+00  1.189744e-01  4.343477e-01
 2.80000e+00 -2.40000e+00       4.119e+08  5.440018e-01  0.000000e+00  1.835511e-01  4.559982e-01
 3.50000e+00 -2.40000e+00       1.023e+08  5.712409e-01  0.000000e+00  2.131476e-01  4.287591e-01
 4.20000e+00 -2.40000e+00       1.189e+07  6.095187e-01  0.000000e+00  2.198369e-01  3.904813e-01
 4.90000e+00 -2.40000e+00       5.595e+05  6.494315e-01  0.000000e+00  2.143978e-01  3.505685e-01
 5.60000e+00 -2.40000e+00       1.114e+04  7.161269e-01  0.000000e+00  1.779499e-01  2.838731e-01
 6.30000e+00 -2.40000e+00       1.545e+02  5.228441e-01  0.000000e+00 -8.680501e-02  4.771559e-01
 7.00000e+00 -2.40000e+00       2.433e+01 -1.221049e-01  0.000000e+00 -8.899055e-01  8.778951e-01
-7.00000e+00 -2.00000e+00       3.258e+01  7.778477e-02  0.000000e+00  7.864433e-01  9.222152e-01
-6.30000e+00 -2.00000e+00       1.232e+03  5.238309e-01  0.000000e+00 -3.067128e-01  4.761691e-01
-5.60000e+00 -2.00000e+00       1.282e+05  5.351107e-01  0.000000e+00 -3.543107e-01  4.648893e-01
-4.90000e+00 -2.00000e+00       4.693e+06  5.413945e-01  0.000000e+00 -3.386004e-01  4.586055e-01
-4.20000e+00 -2.00000e+00       6.237e+07  5.583913e-01  0.000000e+00 -3.024678e-01  4.416087e-01
-3.50000e+00 -2.00000e+00       3.504e+08  5.739464e-01  0.000000e+00 -2.470961e-01  4.260536e-01
-2.80000e+00 -2.00000e+00       1.058e+09  5.795183e-01  0.000000e+00 -1.782161e-01  4.204817e-01
-2.10000e+00 -2.00000e+00       2.216e+09  5.957653e-01  0.000000e+00 -1.056181e-01  4.042347e-01
-1.40000e+00 -2.00000e+00       3.527e+09  6.257005e-01  0.000000e+00 -4.760975e-02  3.742995e-01
-7.00000e-01 -2.00000e+00       4.158e+09  6.328312e-01  0.000000e+00 -1.671836e-02  3.671688e-01
 0.00000e+00 -2.00000e+00       4.155e+09  6.280124e-01  0.000000e+00  1.103478e-15  3.719876e-01
 7.00000e-01 -2.00000e+00       4.158e+09  6.328312e-01  0.000000e+00  1.671836e-02  3.671688e-01
 1.40000e+00 -2.00000e+00       3.527e+09  6.257005e-01  0.000000e+00  4.760975e-02  3.742995e-01
 2.10000e+00 -2.00000e+00       2.216e+09  5.957653e-01  0.000000e+00  1.056181e-01  4.042347e-01
 2.80000e+00 -2.00000e+00       1.058e+09  5.795183e-01  0.000000e+00  1.782161e-01  4.204817e-01
 3.50000e+00 -2.00000e+00       3.504e+08  5.739464e-01  0.000000e+00  2.470961e-01  4.260536e-01
 4.20000e+00 -2.00000e+00       6.237e+07  5.583913e-01  0.000000e+00  3.024678e-01  4.416087e-01
 4.90000e+00 -2.00000e+00       4.693e+06  5.413945e-01  0.000000e+00  3.386004e-01  4.586055e-01
 5.60000e+00 -2.00000e+00       1.282e+05  5.351107e-01  0.000000e+00  3.543107e-01  4.648893e-01
 6.30000e+00 -2.00000e+00       1.232e+03  5.238309e-01  0.000000e+00  3.067128e-01  4.761691e-01
 7.00000e+00 -2.00000e+00       3.258e+01  7.778477e-02  0.000000e+00 -7.864433e-01  9.222152e-01
-7.00000e+00 -1.60000e+00       1.870e+02  4.171083e-01  0.000000e+00 -2.333939e-01  5.828917e-01
-6.30000e+00 -1.60000e+00       2.260e+04  4.562570e-01  0.000000e+00 -4.785888e-01  5.437430e-01
-5.60000e+00 -1.60000e+00       1.039e+06  4.681971e-01  0.000000e+00 -4.672793e-01  5.318029e-01
-4.90000e+00 -1.60000e+00       1.668e+07  5.035612e-01  0.000000e+00 -4.215983e-01  4.964388e-01
-4.20000e+00 -1.60000e+00       1.239e+08  5.758985e-01  0.000000e+00 -3.156260e-01  4.241015e-01
-3.50000e+00 -1.60000e+00       5.864e+08  6.302592e-01  0.000000e+00 -1.998856e-01  3.697408e-01
-2.80000e+00 -1.60000e+00       1.818e+09  6.291428e-01  0.000000e+00 -1.246478e-01  3.708572e-01
-2.10000e+00 -1.60000e+00       3.994e+09  6.091201e-01  0.000000e+00 -5.859062e-02  3.908799e-01
-1.40000e+00 -1.60000e+00       7.240e+09  5.966029e-01  0.000000e+00 -2.289126e-04  4.033971e-01
-7.00000e-01 -1.60000e+00       1.064e+10  5.917615e-01  0.000000e+00  1.912422e-02  4.082385e-01
 0.00000e+00 -1.60000e+00       1.217e+10  5.888724e-01  0.000000e+00  7.998880e-16  4.111276e-01
 7.00000e-01 -1.60000e+00       1.064e+10  5.917615e-01  0.000000e+00 -1.912422e-02  4.082385e-01
 1.40000e+00 -1.60000e+00       7.240e+09  5.966029e-01  0.000000e+00  2.289126e-04  4.033971e-01
 2.10000e+00 -1.60000e+00       3.994e+09  6.091201e-01  0.000000e+00  5.859062e-02  3.908799e-01
 2.80000e+00 -1.60000e+00       1.818e+09  6.291428e-01  0.000000e+00  1.246478e-01  3.708572e-01
 3.50000e+00 -1.60000e+00       5.864e+08  6.302592e-01  0.000000e+00  1.998856e-01  3.697408e-01
 4.20000e+00 -1.60000e+00       1.239e+08  5.758985e-01  0.000000e+00  3.156260e-01  4.241015e-01
 4.90000e+00 -1.60000e+00       1.668e+07  5.035612e-01  0.000000e+00  4.215983e-01  4.964388e-01
 5.60000e+00 -1.60000e+00       1.039e+06  4.681971e-01  0.000000e+00  4.672793e-01  5.318029e-01
 6.30000e+00 -1.60000e+00       2.260e+04  4.562570e-01  0.000000e+00  4.785888e-01  5.437430e-01
 7.00000e+00 -1.60000e+00       1.870e+02  4.171083e-01  0.000000e+00  2.333939e-01  5.828917e-01
-7.00000e+00 -1.20000e+00       1.223e+02  6.177739e-01  0.000000e+00  2.721883e-01  3.822261e-01
-6.30000e+00 -1.20000e+00       1.213e+04  6.506532e-01  0.000000e+00 -3.979202e-02  3.493468e-01
-5.60000e+00 -1.20000e+00       8.513e+05  6.557237e-01  0.000000e+00 -6.916468e-02  3.442763e-01
-4.90000e+00 -1.20000e+00       2.755e+07  6.488183e-01  0.000000e+00 -7.397757e-02  3.511817e-01
-4.20000e+00 -1.20000e+00       4.232e+08  6.386849e-01  0.000000e+00 -7.439582e-02  3.613151e-01
-3.50000e+00 -1.20000e+00       3.407e+09  6.330684e-01  0.000000e+00 -6.634517e-02  3.669316e-01
-2.80000e+00 -1.20000e+00       1.629e+10  6.430220e-01  0.000000e+00 -4.409657e-02  3.569780e-01
-2.10000e+00 -1.20000e+00       5.301e+10  6.877854e-01  0.000000e+00 -2.178646e-02  3.122146e-01
-1.40000e+00 -1.20000e+00       1.265e+11  7.144441e-01  0.000000e+00 -3.530314e-03  2.855559e-01
-7.00000e-01 -1.20000e+00       2.295e+11  6.753647e-01  0.000000e+00  1.459757e-02  3.246353e-01
 0.00000e+00 -1.20000e+00       2.921e+11  6.489980e-01  0.000000e+00  6.853086e-15  3.510020e-01
 7.00000e-01 -1.20000e+00       2.295e+11  6.753647e-01  0.000000e+00 -1.459757e-02  3.246353e-01
 1.40000e+00 -1.20000e+00       1.265e+11  7.144441e-01  0.000000e+00  3.530314e-03  2.855559e-01
 2.10000e+00 -1.20000e+00       5.301e+10  6.877854e-01  0.000000e+00  2.178646e-02  3.122146e-01
 2.80000e+00 -1.20000e+00       1.629e+10  6.430220e-01  0.000000e+00  4.409657e-02  3.569780e-01
 3.50000e+00 -1.20000e+00       3.407e+09  6.330684e-01  0.000000e+00  6.634517e-02  3.669316e-01
 4.20000e+00 -1.20000e+00       4.232e+08  6.386849e-01  0.000000e+00  7.439582e-02  3.613151e-01
 4.90000e+00 -1.20000e+00       2.755e+07  6.488183e-01  0.000000e+00  7.397757e-02  3.511817e-01
 5.60000e+00 -1.20000e+00       8.513e+05  6.557237e-01  0.000000e+00  6.916468e-02  3.442763e-01
 6.30000e+00 -1.20000e+00       1.213e+04  6.506532e-01  0.000000e+00  3.979202e-02  3.493468e-01
 7.00000e+00 -1.20000e+00       1.223e+02  6.177739e-01  0.000000e+00 -2.721883e-01  3.822261e-01
-7.00000e+00 -8.00000e-01       3.945e+03  8.032647e-01  0.000000e+00 -9.483371e-02  1.967353e-01
-6.30000e+00 -8.00000e-01       4.706e+05  8.261141e-01  0.000000e+00 -4.251068e-02  1.738859e-01
-5.60000e+00 -8.00000e-01       2.378e+07  8.131234e-01  0.000000e+00 -1.111197e-02  1.868766e-01
-4.90000e+00 -8.00000e-01       5.829e+08  8.034666e-01  0.000000e+00 -1.569873e-02  1.965334e-01
-4.20000e+00 -8.00000e-01       7.631e+09  8.086634e-01  0.000000e+00 -2.775977e-02  1.913366e-01
-3.50000e+00 -8.00000e-01       5.564e+10  8.106569e-01  0.000000e+00 -3.964976e-02  1.893431e-01
-2.80000e+00 -8.00000e-01       2.433e+11  8.044981e-01  0.000000e+00 -5.279496e-02  1.955019e-01
-2.10000e+00 -8.00000e-01       7.011e+11  8.009899e-01  0.000000e+00 -9.159854e-02  1.990101e-01
-1.40000e+00 -8.00000e-01       1.442e+12  8.188183e-01  0.000000e+00 -1.431847e-01  1.811817e-01
-7.00000e-01 -8.00000e-01       2.147e+12  8.569531e-01  0.000000e+00 -1.094300e-01  1.430469e-01
 0.00000e+00 -8.00000e-01       2.368e+12  8.774234e-01  0.000000e+00 -1.227250e-15  1.225766e-01
 7.00000e-01 -8.00000e-01       2.147e+12  8.569531e-01  0.000000e+00  1.094300e-01  1.430469e-01
 1.40000e+00 -8.00000e-01       1.442e+12  8.188183e-01  0.000000e+00  1.431847e-01  1.811817e-01
 2.10000e+00 -8.00000e-01       7.011e+11  8.009899e-01  0.000000e+00  9.159854e-02  1.990101e-01
 2.80000e+00 -8.00000e-01       2.433e+11  8.044981e-01  0.000000e+00  5.279496e-02  1.955019e-01
 3.50000e+00 -8.00000e-01       5.564e+10  8.106569e-01  0.000000e+00  3.964976e-02  1.893431e-01
 4.20000e+00 -8.00000e-01       7.631e+09  8.086634e-01  0.000000e+00  2.775977e-02  1.913366e-01
 4.90000e+00 -8.00000e-01       5.829e+08  8.034666e-01  0.000000e+00  1.569873e-02  1.965334e-01
 5.60000e+00 -8.00000e-01       2.378e+07  8.131234e-01  0.000000e+00  1.111197e-02  1.868766e-01
 6.30000e+00 -8.00000e-01       4.706e+05  8.261141e-01  0.000000e+00  4.251068e-02  1.738859e-01
 7.00000e+00 -8.00000e-01       3.945e+03  8.032647e-01  0.000000e+00  9.483371e-02  1.967353e-01
-7.00000e+00 -4.00000e-01       2.645e+04  9.102733e-01  0.000000e+00  6.700831e-03  8.972672e-02
-6.30000e+00 -4.00000e-01       3.004e+06  9.242324e-01  0.000000e+00 -3.976066e-02  7.576760e-02
-5.60000e+00 -4.00000e-01       1.568e+08  9.377436e-01  0.000000e+00 -2.821265e-02  6.225643e-02
-4.90000e+00 -4.00000e-01       3.671e+09  9.396864e-01  0.000000e+00 -7.984737e-03  6.031362e-02
-4.20000e+00 -4.00000e-01       4.341e+10  9.378770e-01  0.000000e+00 -3.357385e-03  6.212295e-02
-3.50000e+00 -4.00000e-01       2.892e+11  9.377184e-01  0.000000e+00 -4.423709e-03  6.228160e-02
-2.80000e+00 -4.00000e-01       1.170e+12  9.385480e-01  0.000000e+00 -9.609561e-03  6.145205e-02
-2.10000e+00 -4.00000e-01       3.095e+12  9.394876e-01  0.000000e+00 -3.567606e-02  6.051238e-02
-1.40000e+00 -4.00000e-01       5.237e+12  9.340120e-01  0.000000e+00 -8.086315e-02  6.598804e-02
-7.00000e-01 -4.00000e-01       5.048e+12  9.137544e-01  0.000000e+00 -9.459822e-02  8.624561e-02
 0.00000e+00 -4.00000e-01       3.841e+12  8.910698e-01  0.000000e+00 -1.788341e-15  1.089302e-01
 7.00000e-01 -4.00000e-01       5.048e+12  9.137544e-01  0.000000e+00  9.459822e-02  8.624561e-02
 1.40000e+00 -4.00000e-01       5.237e+12  9.340120e-01  0.000000e+00  8.086315e-02  6.598804e-02
 2.10000e+00 -4.00000e-01       3.095e+12  9.394876e-01  0.000000e+00  3.567606e-02  6.051238e-02
 2.80000e+00 -4.00000e-01       1.170e+12  9.385480e-01  0.000000e+00  9.609561e-03  6.145205e-02
 3.50000e+00 -4.00000e-01       2.892e+11  9.377184e-01  0.000000e+00  4.423709e-03  6.228160e-02
 4.20000e+00 -4.00000e-01       4.341e+10  9.378770e-01  0.000000e+00  3.357385e-03  6.212295e-02
 4.90000e+00 -4.00000e-01       3.671e+09  9.396864e-01  0.000000e+00  7.984737e-03  6.031362e-02
 5.60000e+00 -4.00000e-01       1.568e+08  9.377436e-01  0.000000e+00  2.821265e-02  6.225643e-02
 6.30000e+00 -4.00000e-01       3.004e+06  9.242324e-01  0.000000e+00  3.976066e-02  7.576760e-02
 7.00000e+00 -4.00000e-01       2.645e+04  9.102733e-01  0.000000e+00 -6.700834e-03  8.972671e-02
-7.00000e+00  0.00000e+00       5.260e+04  9.999650e-01  0.000000e+00 -1.007149e-11  3.502700e-05
-6.30000e+00  0.00000e+00       5.323e+06  9.999497e-01  0.000000e+00  5.016827e-15  5.033829e-05
-5.60000e+00  0.00000e+00       2.823e+08  9.999256e-01  0.000000e+00 -2.078871e-13  7.442250e-05
-4.90000e+00  0.00000e+00       6.903e+09  9.999040e-01  0.000000e+00 -1.344063e-12  9.600836e-05
-4.20000e+00  0.00000e+00       8.252e+10  9.999137e-01  0.000000e+00 -5.281548e-12  8.625269e-05
-3.50000e+00  0.00000e+00       5.399e+11  9.999581e-01  0.000000e+00 -1.092204e-11  4.189709e-05
-2.80000e+00  0.00000e+00       2.105e+12  9.999910e-01  0.000000e+00 -9.644330e-12  8.997979e-06
-2.10000e+00  0.00000e+00       5.501e+12  9.999801e-01  0.000000e+00 -8.590731e-13  1.986505e-05
-1.40000e+00  0.00000e+00       1.069e+13  9.999394e-01  0.000000e+00  3.146311e-12  6.059078e-05
-7.00000e-01  0.00000e+00       1.620e+13  9.998778e-01  0.000000e+00  1.991660e-12  1.221550e-04
 0.00000e+00  0.00000e+00       1.897e+13  9.998378e-01  0.000000e+00 -4.308148e-18  1.622139e-04
 7.00000e-01  0.00000e+00       1.620e+13  9.998778e-01  0.000000e+00 -1.991674e-12  1.221550e-04
 1.40000e+00  0.00000e+00       1.069e+13  9.999394e-01  0.000000e+00 -3.146337e-12  6.059078e-05
 2.10000e+00  0.00000e+00       5.501e+12  9.999801e-01  0.000000e+00  8.590586e-13  1.986505e-05
 2.80000e+00  0.00000e+00       2.105e+12  9.999910e-01  0.000000e+00  9.644331e-12  8.997979e-06
 3.50000e+00  0.00000e+00       5.399e+11  9.999581e-01  0.000000e+00  1.092204e-11  4.189709e-05
 4.20000e+00  0.00000e+00       8.252e+10  9.999137e-01  0.000000e+00  5.281553e-12  8.625269e-05
 4.90000e+00  0.00000e+00       6.903e+09  9.999040e-01  0.000000e+00  1.344153e-12  9.600836e-05
 5.60000e+00  0.00000e+00       2.823e+08  9.999256e-01  0.000000e+00  2.095175e-13  7.442250e-05
 6.30000e+00  0.00000e+00       5.323e+06  9.999497e-01  0.000000e+00 -1.616954e-14  5.033829e-05
 7.00000e+00  0.00000e+00       5.260e+04  9.999650e-01  0.000000e+00 -7.055009e-12  3.502700e-05
-7.00000e+00  4.00000e-01       2.645e+04  9.102733e-01  0.000000e+00 -6.700831e-03  8.972672e-02
-6.30000e+00  4.00000e-01       3.004e+06  9.242324e-01  0.000000e+00  3.976066e-02  7.576760e-02
-5.60000e+00  4.00000e-01       1.568e+08  9.377436e-01  0.000000e+00  2.821265e-02  6.225643e-02
-4.90000e+00  4.00000e-01       3.671e+09  9.396864e-01  0.000000e+00  7.984737e-03  6.031362e-02
-4.20000e+00  4.00000e-01       4.341e+10  9.378770e-01  0.000000e+00  3.357385e-03  6.212295e-02
-3.50000e+00  4.00000e-01       2.892e+11  9.377184e-01  0.000000e+00  4.423709e-03  6.228160e-02
-2.80000e+00  4.00000e-01       1.170e+12  9.385480e-01  0.000000e+00  9.609561e-03  6.145205e-02
-2.10000e+00  4.00000e-01       3.095e+12  9.394876e-01  0.000000e+00  3.567606e-02  6.051238e-02
-1.40000e+00  4.00000e-01       5.237e+12  9.340120e-01  0.000000e+00  8.086315e-02  6.598804e-02
-7.00000e-01  4.00000e-01       5.048e+12  9.137544e-01  0.000000e+00  9.459822e-02  8.624561e-02
 0.00000e+00  4.00000e-01       3.841e+12  8.910698e-01  0.000000e+00  1.786325e-15  1.089302e-01
 7.00000e-01  4.00000e-01       5.048e+12  9.137544e-01  0.000000e+00 -9.459822e-02  8.624561e-02
 1.40000e+00  4.00000e-01       5.237e+12  9.340120e-01  0.000000e+00 -8.086315e-02  6.598804e-02
 2.10000e+00  4.00000e-01       3.095e+12  9.394876e-01  0.000000e+00 -3.567606e-02  6.051238e-02
 2.80000e+00  4.00000e-01       1.170e+12  9.385480e-01  0.000000e+00 -9.609561e-03  6.145205e-02
 3.50000e+00  4.00000e-01       2.892e+11  9.377184e-01  0.000000e+00 -4.423709e-03  6.228160e-02
 4.20000e+00  4.00000e-01       4.341e+10  9.378770e-01  0.000000e+00 -3.357385e-03  6.212295e-02
 4.90000e+00  4.00000e-01       3.671e+09  9.396864e-01  0.000000e+00 -7.984737e-03  6.031362e-02
 5.60000e+00  4.00000e-01       1.568e+08  9.377436e-01  0.000000e+00 -2.821265e-02  6.225643e-02
 6.30000e+00  4.00000e-01       3.004e+06  9.242324e-01  0.000000e+00 -3.976066e-02  7.576760e-02
 7.00000e+00  4.00000e-01       2.645e+04  9.102733e-01  0.000000e+00  6.700834e-03  8.972671e-02
-7.00000e+00  8.00000e-01       3.945e+03  8.032647e-01  0.000000e+00  9.483370e-02  1.967353e-01
-6.30000e+00  8.00000e-01       4.706e+05  8.261141e-01  0.000000e+00  4.251068e-02  1.738859e-01
-5.60000e+00  8.00000e-01       2.378e+07  8.131234e-01  0.000000e+00  1.111197e-02  1.868766e-01
-4.90000e+00  8.00000e-01       5.829e+08  8.034666e-01  0.000000e+00  1.569873e-02  1.965334e-01
-4.20000e+00  8.00000e-01       7.631e+09  8.086634e-01  0.000000e+00  2.775977e-02  1.913366e-01
-3.50000e+00  8.00000e-01       5.564e+10  8.106569e-01  0.000000e+00  3.964976e-02  1.893431e-01
-2.80000e+00  8.00000e-01       2.433e+11  8.044981e-01  0.000000e+00  5.279496e-02  1.955019e-01
-2.10000e+00  8.00000e-01       7.011e+11  8.009899e-01  0.000000e+00  9.159854e-02  1.990101e-01
-1.40000e+00  8.00000e-01       1.442e+12  8.188183e-01  0.000000e+00  1.431847e-01  1.811817e-01
-7.00000e-01  8.00000e-01       2.147e+12  8.569531e-01  0.000000e+00  1.094300e-01  1.430469e-01
 0.00000e+00  8.00000e-01       2.368e+12  8.774234e-01  0.000000e+00 -7.578091e-15  1.225766e-01
 7.00000e-01  8.00000e-01       2.147e+12  8.569531e-01  0.000000e+00 -1.094300e-01  1.430469e-01
 1.40000e+00  8.00000e-01       1.442e+12  8.188183e-01  0.000000e+00 -1.431847e-01  1.811817e-01
 2.10000e+00  8.00000e-01       7.011e+11  8.009899e-01  0.000000e+00 -9.159854e-02  1.990101e-01
 2.80000e+00  8.00000e-01       2.433e+11  8.044981e-01  0.000000e+00 -5.279496e-02  1.955019e-01
 3.50000e+00  8.00000e-01       5.564e+10  8.106569e-01  0.000000e+00 -3.964976e-02  1.893431e-01
 4.20000e+00  8.00000e-01       7.631e+09  8.086634e-01  0.000000e+00 -2.775977e-02  1.913366e-01
 4.90000e+00  8.00000e-01       5.829e+08  8.034666e-01  0.000000e+00 -1.569873e-02  1.965334e-01
 5.60000e+00  8.00000e-01       2.378e+07  8.131234e-01  0.000000e+00 -1.111197e-02  1.868766e-01
 6.30000e+00  8.00000e-01       4.706e+05  8.261141e-01  0.000000e+00 -4.251068e-02  1.738859e-01
 7.00000e+00  8.00000e-01       3.945e+03  8.032647e-01  0.000000e+00 -9.483372e-02  1.967353e-01
-7.00000e+00  1.20000e+00       1.223e+02  6.177739e-01  0.000000e+00 -2.721884e-01  3.822261e-01
-6.30000e+00  1.20000e+00       1.213e+04  6.506532e-01  0.000000e+00  3.979202e-02  3.493468e-01
-5.60000e+00  1.20000e+00       8.513e+05  6.557237e-01  0.000000e+00  6.916468e-02  3.442763e-01
-4.90000e+00  1.20000e+00       2.755e+07  6.488183e-01  0.000000e+00  7.397757e-02  3.511817e-01
-4.20000e+00  1.20000e+00       4.232e+08  6.386849e-01  0.000000e+00  7.439582e-02  3.613151e-01
-3.50000e+00  1.20000e+00       3.407e+09  6.330684e-01  0.000000e+00  6.634517e-02  3.669316e-01
-2.80000e+00  1.20000e+00       1.629e+10  6.430220e-01  0.000000e+00  4.409656e-02  3.569780e-01
-2.10000e+00  1.20000e+00       5.301e+10  6.877854e-01  0.000000e+00  2.178646e-02  3.122146e-01
-1.40000e+00  1.20000e+00       1.265e+11  7.144441e-01  0.000000e+00  3.530315e-03  2.855559e-01
-7.00000e-01  1.20000e+00       2.295e+11  6.753647e-01  0.000000e+00 -1.459757e-02  3.246353e-01
 0.00000e+00  1.20000e+00       2.921e+11  6.489980e-01  0.000000e+00 -1.227002e-14  3.510020e-01
 7.00000e-01  1.20000e+00       2.295e+11  6.753647e-01  0.000000e+00  1.459757e-02  3.246353e-01
 1.40000e+00  1.20000e+00       1.265e+11  7.144441e-01  0.000000e+00 -3.530315e-03  2.855559e-01
 2.10000e+00  1.20000e+00       5.301e+10  6.877854e-01  0.000000e+00 -2.178646e-02  3.122146e-01
 2.80000e+00  1.20000e+00       1.629e+10  6.430220e-01  0.000000e+00 -4.409656e-02  3.569780e-01
 3.50000e+00  1.20000e+00       3.407e+09  6.330684e-01  0.000000e+00 -6.634517e-02  3.669316e-01
 4.20000e+00  1.20000e+00       4.232e+08  6.386849e-01  0.000000e+00 -7.439582e-02  3.613151e-01
 4.90000e+00  1.20000e+00       2.755e+07  6.488183e-01  0.000000e+00 -7.397757e-02  3.511817e-01
 5.60000e+00  1.20000e+00       8.513e+05  6.557237e-01  0.000000e+00 -6.916468e-02  3.442763e-01
 6.30000e+00  1.20000e+00       1.213e+04  6.506532e-01  0.000000e+00 -3.979202e-02  3.493468e-01
 7.00000e+00  1.20000e+00       1.223e+02  6.177739e-01  0.000000e+00  2.721883e-01  3.822261e-01
-7.00000e+00  1.60000e+00       1.870e+02  4.171083e-01  0.000000e+00  2.333939e-01  5.828917e-01
-6.30000e+00  1.60000e+00       2.260e+04  4.562570e-01  0.000000e+00  4.785888e-01  5.437430e-01
-5.60000e+00  1.60000e+00       1.039e+06  4.681971e-01  0.000000e+00  4.672793e-01  5.318029e-01
-4.90000e+00  1.60000e+00       1.668e+07  5.035612e-01  0.000000e+00  4.215983e-01  4.964388e-01
-4.20000e+00  1.60000e+00       1.239e+08  5.758985e-01  0.000000e+00  3.156260e-01  4.241015e-01
-3.50000e+00  1.60000e+00       5.864e+08  6.302592e-01  0.000000e+00  1.998856e-01  3.697408e-01
-2.80000e+00  1.60000e+00       1.818e+09  6.291428e-01  0.000000e+00  1.246477e-01  3.708572e-01
-2.10000e+00  1.60000e+00       3.994e+09  6.091201e-01  0.000000e+00  5.859062e-02  3.908799e-01
-1.40000e+00  1.60000e+00       7.240e+09  5.966029e-01  0.000000e+00  2.289260e-04  4.033971e-01
-7.00000e-01  1.60000e+00       1.064e+10  5.917615e-01  0.000000e+00 -1.912421e-02  4.082385e-01
 0.00000e+00  1.60000e+00       1.217e+10  5.888724e-01  0.000000e+00 -2.951316e-16  4.111276e-01
 7.00000e-01  1.60000e+00       1.064e+10  5.917615e-01  0.000000e+00  1.912421e-02  4.082385e-01
 1.40000e+00  1.60000e+00       7.240e+09  5.966029e-01  0.000000e+00 -2.289260e-04  4.033971e-01
 2.10000e+00  1.60000e+00       3.994e+09  6.091201e-01  0.000000e+00 -5.859062e-02  3.908799e-01
 2.80000e+00  1.60000e+00       1.818e+09  6.291428e-01  0.000000e+00 -1.246477e-01  3.708572e-01
 3.50000e+00  1.60000e+00       5.864e+08  6.302592e-01  0.000000e+00 -1.998856e-01  3.697408e-01
 4.20000e+00  1.60000e+00       1.239e+08  5.758985e-01  0.000000e+00 -3.156260e-01  4.241015e-01
 4.90000e+00  1.60000e+00       1.668e+07  5.035612e-01  0.000000e+00 -4.215983e-01  4.964388e-01
 5.60000e+00  1.60000e+00       1.039e+06  4.681971e-01  0.000000e+00 -4.672793e-01  5.318029e-01
 6.30000e+00  1.60000e+00       2.260e+04  4.562570e-01  0.000000e+00 -4.785888e-01  5.437430e-01
 7.00000e+00  1.60000e+00       1.870e+02  4.171083e-01  0.000000e+00 -2.333939e-01  5.828917e-01
-7.00000e+00  2.00000e+00       3.258e+01  7.778477e-02  0.000000e+00 -7.864433e-01  9.222152e-01
-6.30000e+00  2.00000e+00       1.232e+03  5.238309e-01  0.000000e+00  3.067128e-01  4.761691e-01
-5.60000e+00  2.00000e+00       1.282e+05  5.351107e-01  0.000000e+00  3.543107e-01  4.648893e-01
-4.90000e+00  2.00000e+00       4.693e+06  5.413945e-01  0.000000e+00  3.386004e-01  4.586055e-01
-4.20000e+00  2.00000e+00       6.237e+07  5.583913e-01  0.000000e+00  3.024678e-01  4.416087e-01
-3.50000e+00  2.00000e+00       3.504e+08  5.739464e-01  0.000000e+00  2.470961e-01  4.260536e-01
-2.80000e+00  2.00000e+00       1.058e+09  5.795183e-01  0.000000e+00  1.782160e-01  4.204817e-01
-2.10000e+00  2.00000e+00       2.216e+09  5.957653e-01  0.000000e+00  1.056181e-01  4.042347e-01
-1.40000e+00  2.00000e+00       3.527e+09  6.257005e-01  0.000000e+00  4.760978e-02  3.742995e-01
-7.00000e-01  2.00000e+00       4.158e+09  6.328312e-01  0.000000e+00  1.671838e-02  3.671688e-01
 0.00000e+00  2.00000e+00       4.155e+09  6.280124e-01  0.000000e+00 -6.462278e-16  3.719876e-01
 7.00000e-01  2.00000e+00       4.158e+09  6.328312e-01  0.000000e+00 -1.671838e-02  3.671688e-01
 1.40000e+00  2.00000e+00       3.527e+09  6.257005e-01  0.000000e+00 -4.760978e-02  3.742995e-01
 2.10000e+00  2.00000e+00       2.216e+09  5.957653e-01  0.000000e+00 -1.056181e-01  4.042347e-01
 2.80000e+00  2.00000e+00       1.058e+09  5.795183e-01  0.000000e+00 -1.782160e-01  4.204817e-01
 3.50000e+00  2.00000e+00       3.504e+08  5.739464e-01  0.000000e+00 -2.470961e-01  4.260536e-01
 4.20000e+00  2.00000e+00       6.237e+07  5.583913e-01  0.000000e+00 -3.024678e-01  4.416087e-01
 4.90000e+00  2.00000e+00       4.693e+06  5.413945e-01  0.000000e+00 -3.386004e-01  4.586055e-01
 5.60000e+00  2.00000e+00       1.282e+05  5.351107e-01  0.000000e+00 -3.543107e-01  4.648893e-01
 6.30000e+00  2.00000e+00       1.232e+03  5.238309e-01  0.000000e+00 -3.067128e-01  4.761691e-01
 7.00000e+00  2.00000e+00       3.258e+01  7.778477e-02  0.000000e+00  7.864433e-01  9.222152e-01
-7.00000e+00  2.40000e+00       2.433e+01 -1.221049e-01  0.000000e+00 -8.899055e-01  8.778951e-01
-6.30000e+00  2.40000e+00       1.545e+02  5.228441e-01  0.000000e+00 -8.680502e-02  4.771559e-01
-5.60000e+00  2.40000e+00       1.114e+04  7.161269e-01  0.000000e+00  1.779499e-01  2.838731e-01
-4.90000e+00  2.40000e+00       5.595e+05  6.494315e-01  0.000000e+00  2.143978e-01  3.505685e-01
-4.20000e+00  2.40000e+00       1.189e+07  6.095188e-01  0.000000e+00  2.198368e-01  3.904812e-01
-3.50000e+00  2.40000e+00       1.023e+08  5.712410e-01  0.000000e+00  2.131475e-01  4.287590e-01
-2.80000e+00  2.40000e+00       4.119e+08  5.440019e-01  0.000000e+00  1.835510e-01  4.559981e-01
-2.10000e+00  2.40000e+00       1.031e+09  5.656523e-01  0.000000e+00  1.189744e-01  4.343477e-01
-1.40000e+00  2.40000e+00       1.888e+09  6.100982e-01  0.000000e+00  5.592669e-02  3.899018e-01
-7.00000e-01  2.40000e+00       2.374e+09  6.193462e-01  0.000000e+00  2.295440e-02  3.806538e-01
 0.00000e+00  2.40000e+00       2.370e+09  6.148022e-01  0.000000e+00  3.262706e-16  3.851978e-01
 7.00000e-01  2.40000e+00       2.374e+09  6.193462e-01  0.000000e+00 -2.295440e-02  3.806538e-01
 1.40000e+00  2.40000e+00       1.888e+09  6.100982e-01  0.000000e+00 -5.592669e-02  3.899018e-01
 2.10000e+00  2.40000e+00       1.031e+09  5.656523e-01  0.000000e+00 -1.189744e-01  4.343477e-01
 2.80000e+00  2.40000e+00       4.119e+08  5.440019e-01  0.000000e+00 -1.835510e-01  4.559981e-01
 3.50000e+00  2.40000e+00       1.023e+08  5.712410e-01  0.000000e+00 -2.131475e-01  4.287590e-01
 4.20000e+00  2.40000e+00       1.189e+07  6.095188e-01  0.000000e+00 -2.198368e-01  3.904812e-01
 4.90000e+00  2.40000e+00       5.595e+05  6.494315e-01  0.000000e+00 -2.143978e-01  3.505685e-01
 5.60000e+00  2.40000e+00       1.114e+04  7.161269e-01  0.000000e+00 -1.779499e-01  2.838731e-01
 6.30000e+00  2.40000e+00       1.545e+02  5.228441e-01  0.000000e+00  8.680501e-02  4.771559e-01
 7.00000e+00  2.40000e+00       2.433e+01 -1.221049e-01  0.000000e+00  8.899055e-01  8.778951e-01
-7.00000e+00  2.80000e+00       1.923e+01 -2.573155e-01  0.000000e+00 -8.777481e-01  7.426845e-01
-6.30000e+00  2.80000e+00       8.939e+01  5.983199e-01  0.000000e+00 -1.851977e-01  4.016801e-01
-5.60000e+00  2.80000e+00       4.086e+03  9.717152e-01  0.000000e+00  1.013964e-02  2.828483e-02
-4.90000e+00  2.80000e+00       1.351e+05  9.742725e-01  0.000000e+00  8.466610e-03  2.572754e-02
-4.20000e+00  2.80000e+00       1.929e+06  9.787092e-01  0.000000e+00  1.133646e-03  2.129080e-02
-3.50000e+00  2.80000e+00       8.872e+06  9.712016e-01  0.000000e+00 -2.170508e-03  2.879840e-02
-2.80000e+00  2.80000e+00       1.853e+07  8.028599e-01  0.000000e+00  2.472083e-02  1.971401e-01
-2.10000e+00  2.80000e+00       1.334e+08  7.313857e-01  0.000000e+00  2.388584e-02  2.686143e-01
-1.40000e+00  2.80000e+00       5.664e+08  7.291110e-01  0.000000e+00  1.252672e-02  2.708890e-01
-7.00000e-01  2.80000e+00       1.006e+09  6.866399e-01  0.000000e+00  9.378595e-03  3.133601e-01
 0.00000e+00  2.80000e+00       1.123e+09  6.615329e-01  0.000000e+00  2.297337e-16  3.384671e-01
 7.00000e-01  2.80000e+00       1.006e+09  6.866399e-01  0.000000e+00 -9.378595e-03  3.133601e-01
 1.40000e+00  2.80000e+00       5.664e+08  7.291110e-01  0.000000e+00 -1.252672e-02  2.708890e-01
 2.10000e+00  2.80000e+00       1.334e+08  7.313857e-01  0.000000e+00 -2.388584e-02  2.686143e-01
 2.80000e+00  2.80000e+00       1.853e+07  8.028599e-01  0.000000e+00 -2.472083e-02  1.971401e-01
 3.50000e+00  2.80000e+00       8.872e+06  9.712016e-01  0.000000e+00  2.170508e-03  2.879840e-02
 4.20000e+00  2.80000e+00       1.929e+06  9.787092e-01  0.000000e+00 -1.133646e-03  2.129080e-02
 4.90000e+00  2.80000e+00       1.351e+05  9.742725e-01  0.000000e+00 -8.466610e-03  2.572754e-02
 5.60000e+00  2.80000e+00       4.086e+03  9.717152e-01  0.000000e+00 -1.013964e-02  2.828483e-02
 6.30000e+00  2.80000e+00       8.939e+01  5.983199e-01  0.000000e+00  1.851977e-01  4.016801e-01
 7.00000e+00  2.80000e+00       1.923e+01 -2.573155e-01  0.000000e+00  8.777481e-01  7.426845e-01
-7.00000e+00  3.20000e+00       1.706e+01 -3.599424e-01  0.000000e+00 -8.540271e-01  6.400576e-01
-6.30000e+00  3.20000e+00       7.385e+01  5.510280e-01  0.000000e+00 -1.900055e-01  4.489720e-01
-5.60000e+00  3.20000e+00       3.262e+03  9.747876e-01  0.000000e+00  5.469281e-03  2.521238e-02
-4.90000e+00  3.20000e+00       1.078e+05  9.777016e-01  0.000000e+00  5.172290e-03  2.229845e-02
-4.20000e+00  3.20000e+00       1.538e+06  9.817232e-01  0.000000e+00 -1.918262e-04  1.827685e-02
-3.50000e+00  3.20000e+00       6.845e+06  9.893958e-01  0.000000e+00 -5.412324e-03  1.060422e-02
-2.80000e+00  3.20000e+00       8.927e+06  9.944628e-01  0.000000e+00 -1.755384e-02  5.537201e-03
-2.10000e+00  3.20000e+00       5.254e+07  9.726362e-01  0.000000e+00 -2.690364e-02  2.736378e-02
-1.40000e+00  3.20000e+00       2.607e+08  9.011266e-01  0.000000e+00 -2.241256e-02  9.887337e-02
-7.00000e-01  3.20000e+00       5.762e+08  7.601211e-01  0.000000e+00 -9.798428e-03  2.398789e-01
 0.00000e+00  3.20000e+00       7.723e+08  6.847169e-01  0.000000e+00  2.971915e-16  3.152831e-01
 7.00000e-01  3.20000e+00       5.762e+08  7.601211e-01  0.000000e+00  9.798428e-03  2.398789e-01
 1.40000e+00  3.20000e+00       2.607e+08  9.011266e-01  0.000000e+00  2.241256e-02  9.887337e-02
 2.10000e+00  3.20000e+00       5.254e+07  9.726362e-01  0.000000e+00  2.690364e-02  2.736378e-02
 2.80000e+00  3.20000e+00       8.927e+06  9.944628e-01  0.000000e+00  1.755384e-02  5.537201e-03
 3.50000e+00  3.20000e+00       6.845e+06  9.893958e-01  0.000000e+00  5.412324e-03  1.060422e-02
 4.20000e+00  3.20000e+00       1.538e+06  9.817232e-01  0.000000e+00  1.918262e-04  1.827685e-02
 4.90000e+00  3.20000e+00       1.078e+05  9.777016e-01  0.000000e+00 -5.172290e-03  2.229845e-02
 5.60000e+00  3.20000e+00       3.262e+03  9.747876e-01  0.000000e+00 -5.469281e-03  2.521238e-02
 6.30000e+00  3.20000e+00       7.385e+01  5.510280e-01  0.000000e+00  1.900055e-01  4.489720e-01
 7.00000e+00  3.20000e+00       1.706e+01 -3.599424e-01  0.000000e+00  8.540271e-01  6.400576e-01
-7.00000e+00  3.60000e+00       1.877e+01 -5.547966e-01  0.000000e+00 -7.760860e-01  4.452034e-01
-6.30000e+00  3.60000e+00       7.519e+01  3.191594e-01  0.000000e+00 -2.841339e-01  6.808406e-01
-5.60000e+00  3.60000e+00       2.733e+03  9.682040e-01  0.000000e+00  8.930709e-04  3.179599e-02
-4.90000e+00  3.60000e+00       8.986e+04  9.784533e-01  0.000000e+00  3.806944e-03  2.154666e-02
-4.20000e+00  3.60000e+00       1.282e+06  9.823445e-01  0.000000e+00 -3.839464e-04  1.765553e-02
-3.50000e+00  3.60000e+00       5.706e+06  9.898539e-01  0.000000e+00 -4.525415e-03  1.014612e-02
-2.80000e+00  3.60000e+00       7.477e+06  9.987035e-01  0.000000e+00 -1.372120e-02  1.296525e-03
-2.10000e+00  3.60000e+00       4.633e+07  9.475221e-01  0.000000e+00 -1.820187e-02  5.247786e-02
-1.40000e+00  3.60000e+00       2.413e+08  8.617127e-01  0.000000e+00 -1.188757e-02  1.382873e-01
-7.00000e-01  3.60000e+00       5.521e+08  7.271034e-01  0.000000e+00 -2.056923e-03  2.728966e-01
 0.00000e+00  3.60000e+00       7.361e+08  6.627190e-01  0.000000e+00  4.369920e-16  3.372810e-01
 7.00000e-01  3.60000e+00       5.521e+08  7.271034e-01  0.000000e+00  2.056923e-03  2.728966e-01
 1.40000e+00  3.60000e+00       2.413e+08  8.617127e-01  0.000000e+00  1.188757e-02  1.382873e-01
 2.10000e+00  3.60000e+00       4.633e+07  9.475221e-01  0.000000e+00  1.820187e-02  5.247786e-02
 2.80000e+00  3.60000e+00       7.477e+06  9.987035e-01  0.000000e+00  1.372120e-02  1.296525e-03
 3.50000e+00  3.60000e+00       5.706e+06  9.898539e-01  0.000000e+00  4.525415e-03  1.014612e-02
 4.20000e+00  3.60000e+00       1.282e+06  9.823445e-01  0.000000e+00  3.839464e-04  1.765553e-02
 4.90000e+00  3.60000e+00       8.986e+04  9.784533e-01  0.000000e+00 -3.806944e-03  2.154666e-02
 5.60000e+00  3.60000e+00       2.733e+03  9.682040e-01  0.000000e+00 -8.930709e-04  3.179599e-02
 6.30000e+00  3.60000e+00       7.519e+01  3.191594e-01  0.000000e+00  2.841339e-01  6.808406e-01
 7.00000e+00  3.60000e+00       1.877e+01 -5.547966e-01  0.000000e+00  7.760860e-01  4.452034e-01
-7.00000e+00  4.00000e+00       6.032e+00 -7.127820e-01  0.000000e+00 -5.303169e-01  2.872180e-01
-6.30000e+00  4.00000e+00       5.803e+01  3.805498e-01  0.000000e+00 -1.713492e-01  6.194502e-01
-5.60000e+00  4.00000e+00       2.360e+03  9.670753e-01  0.000000e+00  5.491547e-04  3.292474e-02
-4.90000e+00  4.00000e+00       7.749e+04  9.788011e-01  0.000000e+00  2.980930e-03  2.119892e-02
-4.20000e+00  4.00000e+00       1.105e+06  9.826475e-01  0.000000e+00 -3.965333e-04  1.735247e-02
-3.50000e+00  4.00000e+00       4.919e+06  9.901237e-01  0.000000e+00 -3.715138e-03  9.876284e-03
-2.80000e+00  4.00000e+00       6.453e+06  9.989962e-01  0.000000e+00 -1.061752e-02  1.003848e-03
-2.10000e+00  4.00000e+00       3.993e+07  9.495845e-01  0.000000e+00 -1.283720e-02  5.041545e-02
-1.40000e+00  4.00000e+00       2.016e+08  8.769899e-01  0.000000e+00 -7.024169e-03  1.230101e-01
-7.00000e-01  4.00000e+00       4.276e+08  7.596995e-01  0.000000e+00  1.025791e-03  2.403005e-01
 0.00000e+00  4.00000e+00       5.439e+08  6.985275e-01  0.000000e+00  3.339593e-16  3.014725e-01
 7.00000e-01  4.00000e+00       4.276e+08  7.596995e-01  0.000000e+00 -1.025791e-03  2.403005e-01
 1.40000e+00  4.00000e+00       2.016e+08  8.769899e-01  0.000000e+00  7.024169e-03  1.230101e-01
 2.10000e+00  4.00000e+00       3.993e+07  9.495845e-01  0.000000e+00  1.283720e-02  5.041545e-02
 2.80000e+00  4.00000e+00       6.453e+06  9.989962e-01  0.000000e+00  1.061752e-02  1.003848e-03
 3.50000e+00  4.00000e+00       4.919e+06  9.901237e-01  0.000000e+00  3.715138e-03  9.876284e-03
 4.20000e+00  4.00000e+00       1.105e+06  9.826475e-01  0.000000e+00  3.965333e-04  1.735247e-02
 4.90000e+00  4.00000e+00       7.749e+04  9.788011e-01  0.000000e+00 -2.980930e-03  2.119892e-02
 5.60000e+00  4.00000e+00       2.360e+03  9.670753e-01  0.000000e+00 -5.491547e-04  3.292474e-02
 6.30000e+00  4.00000e+00       5.803e+01  3.805498e-01  0.000000e+00  1.713492e-01  6.194502e-01
 7.00000e+00  4.00000e+00       6.032e+00 -7.127799e-01  0.000000e+00  5.303197e-01  2.872201e-01
