 EB(GeV)    EMITTANCEx EMITTANCEy SIZEx(m)   SIZEy(m)   DIVx(rad)  DIVy(rad)
 2.411e+00  5.499e-09  1.017e-12  8.711e-05  1.009e-06  6.313e-05  1.009e-06
 betax      alphax     betay      alphay     eta        deta       E_spread  
 1.380e+00  0.000e+00  1.000e+00  0.000e+00  0.000e+00  0.000e+00  8.600e-04
 Ibeam(A)   period(cm) #periods   Kx         Ky         Energy(eV)
 4.005e-01  1.900e+00         96  0.000e+00  1.780e+00  2.021e+04


           x            y       F.Density            PL            PC          PL45        1-|PL|
          mm           mm  ph/s/mr^2/0.1%             -             -             -             -
-7.00000e+00 -4.00000e+00       2.472e+02  7.615955e-01  0.000000e+00  1.145845e-01  2.384045e-01
-6.30000e+00 -4.00000e+00       7.478e+03  8.442528e-01  0.000000e+00  1.166675e-01  1.557472e-01
-5.60000e+00 -4.00000e+00       6.088e+05  9.651131e-01  0.000000e+00  1.977573e-02  3.488686e-02
-4.90000e+00 -4.00000e+00       1.093e+07  9.905092e-01  0.000000e+00 -3.751612e-03  9.490832e-03
-4.20000e+00 -4.00000e+00       7.444e+07  9.877734e-01  0.000000e+00 -1.697507e-02  1.222657e-02
-3.50000e+00 -4.00000e+00       3.155e+08  9.950868e-01  0.000000e+00 -1.583333e-02  4.913191e-03
-2.80000e+00 -4.00000e+00       1.176e+09  9.608997e-01  0.000000e+00 -9.650865e-03  3.910029e-02
-2.10000e+00 -4.00000e+00       3.219e+09  9.844449e-01  0.000000e+00 -6.947095e-03  1.555512e-02
-1.40000e+00 -4.00000e+00       7.488e+09  9.756355e-01  0.000000e+00 -1.018408e-03  2.436454e-02
-7.00000e-01 -4.00000e+00       1.485e+10  9.889319e-01  0.000000e+00  2.748594e-04  1.106809e-02
 0.00000e+00 -4.00000e+00       2.062e+10  9.565553e-01  0.000000e+00 -4.377926e-17  4.344468e-02
 7.00000e-01 -4.00000e+00       1.485e+10  9.889319e-01  0.000000e+00 -2.748594e-04  1.106809e-02
 1.40000e+00 -4.00000e+00       7.488e+09  9.756355e-01  0.000000e+00  1.018408e-03  2.436454e-02
 2.10000e+00 -4.00000e+00       3.219e+09  9.844449e-01  0.000000e+00  6.947095e-03  1.555512e-02
 2.80000e+00 -4.00000e+00       1.176e+09  9.608997e-01  0.000000e+00  9.650865e-03  3.910029e-02
 3.50000e+00 -4.00000e+00       3.155e+08  9.950868e-01  0.000000e+00  1.583333e-02  4.913191e-03
 4.20000e+00 -4.00000e+00       7.444e+07  9.877734e-01  0.000000e+00  1.697507e-02  1.222657e-02
 4.90000e+00 -4.00000e+00       1.093e+07  9.905092e-01  0.000000e+00  3.751612e-03  9.490832e-03
 5.60000e+00 -4.00000e+00       6.088e+05  9.651131e-01  0.000000e+00 -1.977573e-02  3.488686e-02
 6.30000e+00 -4.00000e+00       7.478e+03  8.442528e-01  0.000000e+00 -1.166675e-01  1.557472e-01
 7.00000e+00 -4.00000e+00       2.472e+02  7.615957e-01  0.000000e+00 -1.145846e-01  2.384043e-01
-7.00000e+00 -3.60000e+00       2.944e+02  6.774074e-01  0.000000e+00  1.780716e-01  3.225926e-01
-6.30000e+00 -3.60000e+00       9.048e+03  8.092446e-01  0.000000e+00  1.419957e-01  1.907554e-01
-5.60000e+00 -3.60000e+00       7.016e+05  9.735805e-01  0.000000e+00  1.717904e-02  2.641953e-02
-4.90000e+00 -3.60000e+00       1.239e+07  9.742095e-01  0.000000e+00 -2.931745e-02  2.579045e-02
-4.20000e+00 -3.60000e+00       8.164e+07  8.835177e-01  0.000000e+00 -9.175789e-02  1.164823e-01
-3.50000e+00 -3.60000e+00       3.270e+08  8.296996e-01  0.000000e+00 -1.330706e-01  1.703004e-01
-2.80000e+00 -3.60000e+00       1.173e+09  8.892339e-01  0.000000e+00 -9.764744e-02  1.107661e-01
-2.10000e+00 -3.60000e+00       3.363e+09  9.052638e-01  0.000000e+00 -5.471009e-02  9.473621e-02
-1.40000e+00 -3.60000e+00       8.279e+09  9.138188e-01  0.000000e+00 -1.835200e-02  8.618117e-02
-7.00000e-01 -3.60000e+00       1.677e+10  9.883662e-01  0.000000e+00 -3.745131e-03  1.163379e-02
 0.00000e+00 -3.60000e+00       2.358e+10  9.658050e-01  0.000000e+00 -1.481521e-16  3.419498e-02
 7.00000e-01 -3.60000e+00       1.677e+10  9.883662e-01  0.000000e+00  3.745131e-03  1.163379e-02
 1.40000e+00 -3.60000e+00       8.279e+09  9.138188e-01  0.000000e+00  1.835200e-02  8.618117e-02
 2.10000e+00 -3.60000e+00       3.363e+09  9.052638e-01  0.000000e+00  5.471009e-02  9.473621e-02
 2.80000e+00 -3.60000e+00       1.173e+09  8.892339e-01  0.000000e+00  9.764744e-02  1.107661e-01
 3.50000e+00 -3.60000e+00       3.270e+08  8.296996e-01  0.000000e+00  1.330706e-01  1.703004e-01
 4.20000e+00 -3.60000e+00       8.164e+07  8.835177e-01  0.000000e+00  9.175789e-02  1.164823e-01
 4.90000e+00 -3.60000e+00       1.239e+07  9.742095e-01  0.000000e+00  2.931745e-02  2.579045e-02
 5.60000e+00 -3.60000e+00       7.016e+05  9.735805e-01  0.000000e+00 -1.717904e-02  2.641953e-02
 6.30000e+00 -3.60000e+00       9.048e+03  8.092446e-01  0.000000e+00 -1.419957e-01  1.907554e-01
 7.00000e+00 -3.60000e+00       2.944e+02  6.774074e-01  0.000000e+00 -1.780716e-01  3.225926e-01
-7.00000e+00 -3.20000e+00       4.032e+02  5.013454e-01  0.000000e+00  1.703065e-01  4.986546e-01
-6.30000e+00 -3.20000e+00       6.469e+03  4.821301e-01  0.000000e+00 -4.099425e-01  5.178699e-01
-5.60000e+00 -3.20000e+00       6.573e+05  3.588217e-01  0.000000e+00 -4.589664e-01  6.411783e-01
-4.90000e+00 -3.20000e+00       1.048e+07 -4.376176e-02  0.000000e+00 -7.661057e-01  9.562382e-01
-4.20000e+00 -3.20000e+00       5.686e+07 -7.258141e-01  0.000000e+00 -1.241887e+00  2.741859e-01
-3.50000e+00 -3.20000e+00       2.362e+08 -4.397352e-01  0.000000e+00 -1.000192e+00  5.602648e-01
-2.80000e+00 -3.20000e+00       1.105e+09  4.779565e-01  0.000000e+00 -3.468653e-01  5.220435e-01
-2.10000e+00 -3.20000e+00       3.690e+09  7.796595e-01  0.000000e+00 -1.097150e-01  2.203405e-01
-1.40000e+00 -3.20000e+00       9.663e+09  8.716640e-01  0.000000e+00 -2.721608e-02  1.283360e-01
-7.00000e-01 -3.20000e+00       2.002e+10  9.754304e-01  0.000000e+00 -4.779477e-03  2.456963e-02
 0.00000e+00 -3.20000e+00       2.823e+10  9.700710e-01  0.000000e+00 -2.634242e-16  2.992900e-02
 7.00000e-01 -3.20000e+00       2.002e+10  9.754304e-01  0.000000e+00  4.779477e-03  2.456963e-02
 1.40000e+00 -3.20000e+00       9.663e+09  8.716640e-01  0.000000e+00  2.721608e-02  1.283360e-01
 2.10000e+00 -3.20000e+00       3.690e+09  7.796595e-01  0.000000e+00  1.097150e-01  2.203405e-01
 2.80000e+00 -3.20000e+00       1.105e+09  4.779565e-01  0.000000e+00  3.468653e-01  5.220435e-01
 3.50000e+00 -3.20000e+00       2.362e+08 -4.397352e-01  0.000000e+00  1.000192e+00  5.602648e-01
 4.20000e+00 -3.20000e+00       5.686e+07 -7.258141e-01  0.000000e+00  1.241887e+00  2.741859e-01
 4.90000e+00 -3.20000e+00       1.048e+07 -4.376176e-02  0.000000e+00  7.661057e-01  9.562382e-01
 5.60000e+00 -3.20000e+00       6.573e+05  3.588217e-01  0.000000e+00  4.589664e-01  6.411783e-01
 6.30000e+00 -3.20000e+00       6.469e+03  4.821301e-01  0.000000e+00  4.099425e-01  5.178699e-01
 7.00000e+00 -3.20000e+00       4.032e+02  5.013454e-01  0.000000e+00 -1.703065e-01  4.986546e-01
-7.00000e+00 -2.80000e+00       1.103e+05 -2.573279e-01  0.000000e+00 -5.682408e-01  7.426721e-01
-6.30000e+00 -2.80000e+00       3.432e+06 -2.151173e-01  0.000000e+00 -5.812466e-01  7.848827e-01
-5.60000e+00 -2.80000e+00       3.900e+07 -1.552572e-01  0.000000e+00 -6.017633e-01  8.447428e-01
-4.90000e+00 -2.80000e+00       1.855e+08 -8.724028e-02  0.000000e+00 -6.371081e-01  9.127597e-01
-4.20000e+00 -2.80000e+00       4.629e+08 -3.595631e-02  0.000000e+00 -6.799451e-01  9.640437e-01
-3.50000e+00 -2.80000e+00       6.799e+08 -1.746500e-01  0.000000e+00 -7.838616e-01  8.253500e-01
-2.80000e+00 -2.80000e+00       1.028e+09 -7.676613e-02  0.000000e+00 -6.437857e-01  9.232339e-01
-2.10000e+00 -2.80000e+00       4.061e+09  6.118125e-01  0.000000e+00 -1.621512e-01  3.881875e-01
-1.40000e+00 -2.80000e+00       1.126e+10  7.789821e-01  0.000000e+00 -3.951685e-02  2.210179e-01
-7.00000e-01 -2.80000e+00       2.387e+10  9.141289e-01  0.000000e+00 -7.639718e-03  8.587106e-02
 0.00000e+00 -2.80000e+00       3.294e+10  9.814387e-01  0.000000e+00 -4.578662e-16  1.856134e-02
 7.00000e-01 -2.80000e+00       2.387e+10  9.141289e-01  0.000000e+00  7.639718e-03  8.587106e-02
 1.40000e+00 -2.80000e+00       1.126e+10  7.789821e-01  0.000000e+00  3.951685e-02  2.210179e-01
 2.10000e+00 -2.80000e+00       4.061e+09  6.118125e-01  0.000000e+00  1.621512e-01  3.881875e-01
 2.80000e+00 -2.80000e+00       1.028e+09 -7.676613e-02  0.000000e+00  6.437857e-01  9.232339e-01
 3.50000e+00 -2.80000e+00       6.799e+08 -1.746500e-01  0.000000e+00  7.838616e-01  8.253500e-01
 4.20000e+00 -2.80000e+00       4.629e+08 -3.595631e-02  0.000000e+00  6.799451e-01  9.640437e-01
 4.90000e+00 -2.80000e+00       1.855e+08 -8.724028e-02  0.000000e+00  6.371081e-01  9.127597e-01
 5.60000e+00 -2.80000e+00       3.900e+07 -1.552572e-01  0.000000e+00  6.017633e-01  8.447428e-01
 6.30000e+00 -2.80000e+00       3.432e+06 -2.151173e-01  0.000000e+00  5.812466e-01  7.848827e-01
 7.00000e+00 -2.80000e+00       1.103e+05 -2.573279e-01  0.000000e+00  5.682408e-01  7.426721e-01
-7.00000e+00 -2.40000e+00       2.306e+06 -5.782627e-01  0.000000e+00 -2.552558e-01  4.217373e-01
-6.30000e+00 -2.40000e+00       2.485e+07 -4.912686e-01  0.000000e+00 -3.376261e-01  5.087314e-01
-5.60000e+00 -2.40000e+00       1.234e+08 -3.194164e-01  0.000000e+00 -4.510500e-01  6.805836e-01
-4.90000e+00 -2.40000e+00       3.877e+08 -7.721096e-02  0.000000e+00 -5.551597e-01  9.227890e-01
-4.20000e+00 -2.40000e+00       9.419e+08  1.020847e-01  0.000000e+00 -5.792683e-01  8.979153e-01
-3.50000e+00 -2.40000e+00       1.635e+09  1.135145e-01  0.000000e+00 -5.473167e-01  8.864855e-01
-2.80000e+00 -2.40000e+00       1.534e+09 -4.767305e-01  0.000000e+00 -6.717738e-01  5.232695e-01
-2.10000e+00 -2.40000e+00       4.229e+09  8.015375e-02  0.000000e+00 -1.988625e-01  9.198462e-01
-1.40000e+00 -2.40000e+00       1.319e+10  4.464731e-01  0.000000e+00  1.758126e-03  5.535269e-01
-7.00000e-01 -2.40000e+00       2.943e+10  6.480571e-01  0.000000e+00  1.000709e-02  3.519429e-01
 0.00000e+00 -2.40000e+00       4.107e+10  7.400644e-01  0.000000e+00  9.611376e-16  2.599356e-01
 7.00000e-01 -2.40000e+00       2.943e+10  6.480571e-01  0.000000e+00 -1.000709e-02  3.519429e-01
 1.40000e+00 -2.40000e+00       1.319e+10  4.464731e-01  0.000000e+00 -1.758126e-03  5.535269e-01
 2.10000e+00 -2.40000e+00       4.229e+09  8.015375e-02  0.000000e+00  1.988625e-01  9.198462e-01
 2.80000e+00 -2.40000e+00       1.534e+09 -4.767305e-01  0.000000e+00  6.717738e-01  5.232695e-01
 3.50000e+00 -2.40000e+00       1.635e+09  1.135145e-01  0.000000e+00  5.473167e-01  8.864855e-01
 4.20000e+00 -2.40000e+00       9.419e+08  1.020847e-01  0.000000e+00  5.792683e-01  8.979153e-01
 4.90000e+00 -2.40000e+00       3.877e+08 -7.721096e-02  0.000000e+00  5.551597e-01  9.227890e-01
 5.60000e+00 -2.40000e+00       1.234e+08 -3.194164e-01  0.000000e+00  4.510500e-01  6.805836e-01
 6.30000e+00 -2.40000e+00       2.485e+07 -4.912686e-01  0.000000e+00  3.376261e-01  5.087314e-01
 7.00000e+00 -2.40000e+00       2.306e+06 -5.782627e-01  0.000000e+00  2.552558e-01  4.217373e-01
-7.00000e+00 -2.00000e+00       4.083e+06 -5.972236e-01  0.000000e+00 -7.474628e-03  4.027764e-01
-6.30000e+00 -2.00000e+00       3.328e+07 -4.787999e-01  0.000000e+00 -1.797081e-01  5.212001e-01
-5.60000e+00 -2.00000e+00       1.606e+08 -2.178283e-01  0.000000e+00 -3.747060e-01  7.821717e-01
-4.90000e+00 -2.00000e+00       6.728e+08  1.049629e-01  0.000000e+00 -4.069737e-01  8.950371e-01
-4.20000e+00 -2.00000e+00       3.025e+09  3.048381e-01  0.000000e+00 -2.572364e-01  6.951619e-01
-3.50000e+00 -2.00000e+00       1.302e+10  3.600991e-01  0.000000e+00 -1.106194e-01  6.399009e-01
-2.80000e+00 -2.00000e+00       4.383e+10  3.211277e-01  0.000000e+00 -3.545841e-02  6.788723e-01
-2.10000e+00 -2.00000e+00       1.033e+11  1.599210e-01  0.000000e+00  4.265424e-02  8.400790e-01
-1.40000e+00 -2.00000e+00       1.532e+11 -1.642523e-01  0.000000e+00  1.429835e-01  8.357477e-01
-7.00000e-01 -2.00000e+00       1.178e+11 -6.802288e-01  0.000000e+00  1.601807e-01  3.197712e-01
 0.00000e+00 -2.00000e+00       9.460e+10 -6.496144e-01  0.000000e+00  1.705762e-14  3.503856e-01
 7.00000e-01 -2.00000e+00       1.178e+11 -6.802288e-01  0.000000e+00 -1.601807e-01  3.197712e-01
 1.40000e+00 -2.00000e+00       1.532e+11 -1.642523e-01  0.000000e+00 -1.429835e-01  8.357477e-01
 2.10000e+00 -2.00000e+00       1.033e+11  1.599210e-01  0.000000e+00 -4.265424e-02  8.400790e-01
 2.80000e+00 -2.00000e+00       4.383e+10  3.211277e-01  0.000000e+00  3.545841e-02  6.788723e-01
 3.50000e+00 -2.00000e+00       1.302e+10  3.600991e-01  0.000000e+00  1.106194e-01  6.399009e-01
 4.20000e+00 -2.00000e+00       3.025e+09  3.048381e-01  0.000000e+00  2.572364e-01  6.951619e-01
 4.90000e+00 -2.00000e+00       6.728e+08  1.049629e-01  0.000000e+00  4.069737e-01  8.950371e-01
 5.60000e+00 -2.00000e+00       1.606e+08 -2.178283e-01  0.000000e+00  3.747060e-01  7.821717e-01
 6.30000e+00 -2.00000e+00       3.328e+07 -4.787999e-01  0.000000e+00  1.797081e-01  5.212001e-01
 7.00000e+00 -2.00000e+00       4.083e+06 -5.972236e-01  0.000000e+00  7.474628e-03  4.027764e-01
-7.00000e+00 -1.60000e+00       4.944e+06 -3.741637e-01  0.000000e+00  2.923352e-01  6.258363e-01
-6.30000e+00 -1.60000e+00       4.621e+07 -1.087715e-01  0.000000e+00 -3.164889e-02  8.912285e-01
-5.60000e+00 -1.60000e+00       5.375e+08  2.142385e-01  0.000000e+00 -9.078299e-02  7.857615e-01
-4.90000e+00 -1.60000e+00       6.457e+09  4.443909e-01  0.000000e+00 -6.814207e-02  5.556091e-01
-4.20000e+00 -1.60000e+00       5.449e+10  5.125711e-01  0.000000e+00 -1.875023e-02  4.874289e-01
-3.50000e+00 -1.60000e+00       2.805e+11  4.932388e-01  0.000000e+00 -1.555325e-02  5.067612e-01
-2.80000e+00 -1.60000e+00       9.703e+11  4.854623e-01  0.000000e+00  3.018482e-03  5.145377e-01
-2.10000e+00 -1.60000e+00       2.501e+12  5.046910e-01  0.000000e+00  1.296398e-01  4.953090e-01
-1.40000e+00 -1.60000e+00       5.538e+12  5.098848e-01  0.000000e+00  2.395207e-01  4.901152e-01
-7.00000e-01 -1.60000e+00       1.200e+13  4.378308e-01  0.000000e+00  1.219038e-01  5.621692e-01
 0.00000e+00 -1.60000e+00       1.720e+13  4.020107e-01  0.000000e+00 -3.134470e-15  5.979893e-01
 7.00000e-01 -1.60000e+00       1.200e+13  4.378308e-01  0.000000e+00 -1.219038e-01  5.621692e-01
 1.40000e+00 -1.60000e+00       5.538e+12  5.098848e-01  0.000000e+00 -2.395207e-01  4.901152e-01
 2.10000e+00 -1.60000e+00       2.501e+12  5.046910e-01  0.000000e+00 -1.296398e-01  4.953090e-01
 2.80000e+00 -1.60000e+00       9.703e+11  4.854623e-01  0.000000e+00 -3.018482e-03  5.145377e-01
 3.50000e+00 -1.60000e+00       2.805e+11  4.932388e-01  0.000000e+00  1.555325e-02  5.067612e-01
 4.20000e+00 -1.60000e+00       5.449e+10  5.125711e-01  0.000000e+00  1.875023e-02  4.874289e-01
 4.90000e+00 -1.60000e+00       6.457e+09  4.443909e-01  0.000000e+00  6.814207e-02  5.556091e-01
 5.60000e+00 -1.60000e+00       5.375e+08  2.142385e-01  0.000000e+00  9.078299e-02  7.857615e-01
 6.30000e+00 -1.60000e+00       4.621e+07 -1.087715e-01  0.000000e+00  3.164889e-02  8.912285e-01
 7.00000e+00 -1.60000e+00       4.944e+06 -3.741637e-01  0.000000e+00 -2.923352e-01  6.258363e-01
-7.00000e+00 -1.20000e+00       1.082e+07  1.842053e-01  0.000000e+00 -7.077957e-02  8.157947e-01
-6.30000e+00 -1.20000e+00       3.734e+08  6.646914e-01  0.000000e+00 -1.664113e-01  3.353086e-01
-5.60000e+00 -1.20000e+00       8.571e+09  7.451382e-01  0.000000e+00  7.591366e-03  2.548618e-01
-4.90000e+00 -1.20000e+00       1.019e+11  6.523401e-01  0.000000e+00  7.563089e-02  3.476599e-01
-4.20000e+00 -1.20000e+00       7.441e+11  6.051564e-01  0.000000e+00  2.749001e-03  3.948436e-01
-3.50000e+00 -1.20000e+00       3.555e+12  6.305697e-01  0.000000e+00 -2.555580e-02  3.694303e-01
-2.80000e+00 -1.20000e+00       1.094e+13  6.416246e-01  0.000000e+00 -2.959663e-02  3.583754e-01
-2.10000e+00 -1.20000e+00       2.361e+13  6.499096e-01  0.000000e+00 -1.207707e-01  3.500904e-01
-1.40000e+00 -1.20000e+00       3.570e+13  6.592543e-01  0.000000e+00 -3.180014e-01  3.407457e-01
-7.00000e-01 -1.20000e+00       3.314e+13  6.799768e-01  0.000000e+00 -4.334164e-01  3.200232e-01
 0.00000e+00 -1.20000e+00       2.457e+13  7.055782e-01  0.000000e+00 -3.232983e-15  2.944218e-01
 7.00000e-01 -1.20000e+00       3.314e+13  6.799768e-01  0.000000e+00  4.334164e-01  3.200232e-01
 1.40000e+00 -1.20000e+00       3.570e+13  6.592543e-01  0.000000e+00  3.180014e-01  3.407457e-01
 2.10000e+00 -1.20000e+00       2.361e+13  6.499096e-01  0.000000e+00  1.207707e-01  3.500904e-01
 2.80000e+00 -1.20000e+00       1.094e+13  6.416246e-01  0.000000e+00  2.959663e-02  3.583754e-01
 3.50000e+00 -1.20000e+00       3.555e+12  6.305697e-01  0.000000e+00  2.555580e-02  3.694303e-01
 4.20000e+00 -1.20000e+00       7.441e+11  6.051564e-01  0.000000e+00 -2.749001e-03  3.948436e-01
 4.90000e+00 -1.20000e+00       1.019e+11  6.523401e-01  0.000000e+00 -7.563089e-02  3.476599e-01
 5.60000e+00 -1.20000e+00       8.571e+09  7.451382e-01  0.000000e+00 -7.591366e-03  2.548618e-01
 6.30000e+00 -1.20000e+00       3.734e+08  6.646914e-01  0.000000e+00  1.664113e-01  3.353086e-01
 7.00000e+00 -1.20000e+00       1.082e+07  1.842053e-01  0.000000e+00  7.077957e-02  8.157947e-01
-7.00000e+00 -8.00000e-01       3.090e+07  4.040328e-01  0.000000e+00 -5.306900e-02  5.959672e-01
-6.30000e+00 -8.00000e-01       1.986e+09  6.437484e-01  0.000000e+00 -2.857427e-01  3.562516e-01
-5.60000e+00 -8.00000e-01       6.698e+10  8.129813e-01  0.000000e+00 -2.111988e-01  1.870187e-01
-4.90000e+00 -8.00000e-01       9.502e+11  8.755897e-01  0.000000e+00 -5.443293e-02  1.244103e-01
-4.20000e+00 -8.00000e-01       6.133e+12  8.716158e-01  0.000000e+00  4.992189e-02  1.283842e-01
-3.50000e+00 -8.00000e-01       2.411e+13  8.391323e-01  0.000000e+00  4.358253e-02  1.608677e-01
-2.80000e+00 -8.00000e-01       6.963e+13  8.129181e-01  0.000000e+00  2.134124e-02  1.870819e-01
-2.10000e+00 -8.00000e-01       1.520e+14  8.242694e-01  0.000000e+00  1.912658e-02  1.757306e-01
-1.40000e+00 -8.00000e-01       2.710e+14  8.542937e-01  0.000000e+00  6.975563e-03  1.457063e-01
-7.00000e-01 -8.00000e-01       4.768e+14  8.222692e-01  0.000000e+00  3.463924e-03  1.777308e-01
 0.00000e+00 -8.00000e-01       6.482e+14  7.942474e-01  0.000000e+00  2.142884e-15  2.057526e-01
 7.00000e-01 -8.00000e-01       4.768e+14  8.222692e-01  0.000000e+00 -3.463924e-03  1.777308e-01
 1.40000e+00 -8.00000e-01       2.710e+14  8.542937e-01  0.000000e+00 -6.975563e-03  1.457063e-01
 2.10000e+00 -8.00000e-01       1.520e+14  8.242694e-01  0.000000e+00 -1.912658e-02  1.757306e-01
 2.80000e+00 -8.00000e-01       6.963e+13  8.129181e-01  0.000000e+00 -2.134124e-02  1.870819e-01
 3.50000e+00 -8.00000e-01       2.411e+13  8.391323e-01  0.000000e+00 -4.358253e-02  1.608677e-01
 4.20000e+00 -8.00000e-01       6.133e+12  8.716158e-01  0.000000e+00 -4.992189e-02  1.283842e-01
 4.90000e+00 -8.00000e-01       9.502e+11  8.755897e-01  0.000000e+00  5.443293e-02  1.244103e-01
 5.60000e+00 -8.00000e-01       6.698e+10  8.129813e-01  0.000000e+00  2.111988e-01  1.870187e-01
 6.30000e+00 -8.00000e-01       1.986e+09  6.437484e-01  0.000000e+00  2.857427e-01  3.562516e-01
 7.00000e+00 -8.00000e-01       3.090e+07  4.040328e-01  0.000000e+00  5.306900e-02  5.959672e-01
-7.00000e+00 -4.00000e-01       1.283e+08  8.784933e-01  0.000000e+00  2.703192e-01  1.215067e-01
-6.30000e+00 -4.00000e-01       4.168e+09  8.286754e-01  0.000000e+00  1.135430e-01  1.713246e-01
-5.60000e+00 -4.00000e-01       1.103e+11  8.739577e-01  0.000000e+00 -9.474603e-02  1.260423e-01
-4.90000e+00 -4.00000e-01       1.797e+12  9.325566e-01  0.000000e+00 -9.765528e-02  6.744337e-02
-4.20000e+00 -4.00000e-01       1.307e+13  9.500677e-01  0.000000e+00 -3.228098e-02  4.993225e-02
-3.50000e+00 -4.00000e-01       4.774e+13  9.439560e-01  0.000000e+00  7.133204e-04  5.604399e-02
-2.80000e+00 -4.00000e-01       1.205e+14  9.415587e-01  0.000000e+00 -5.008825e-03  5.844135e-02
-2.10000e+00 -4.00000e-01       2.455e+14  9.521175e-01  0.000000e+00 -1.805888e-02  4.788246e-02
-1.40000e+00 -4.00000e-01       4.012e+14  9.704923e-01  0.000000e+00 -4.770534e-02  2.950774e-02
-7.00000e-01 -4.00000e-01       4.089e+14  9.840216e-01  0.000000e+00 -6.339200e-02  1.597837e-02
 0.00000e+00 -4.00000e-01       3.138e+14  9.894824e-01  0.000000e+00  2.476572e-16  1.051755e-02
 7.00000e-01 -4.00000e-01       4.089e+14  9.840216e-01  0.000000e+00  6.339200e-02  1.597837e-02
 1.40000e+00 -4.00000e-01       4.012e+14  9.704923e-01  0.000000e+00  4.770534e-02  2.950774e-02
 2.10000e+00 -4.00000e-01       2.455e+14  9.521175e-01  0.000000e+00  1.805888e-02  4.788246e-02
 2.80000e+00 -4.00000e-01       1.205e+14  9.415587e-01  0.000000e+00  5.008825e-03  5.844135e-02
 3.50000e+00 -4.00000e-01       4.774e+13  9.439560e-01  0.000000e+00 -7.133204e-04  5.604399e-02
 4.20000e+00 -4.00000e-01       1.307e+13  9.500677e-01  0.000000e+00  3.228098e-02  4.993225e-02
 4.90000e+00 -4.00000e-01       1.797e+12  9.325566e-01  0.000000e+00  9.765528e-02  6.744337e-02
 5.60000e+00 -4.00000e-01       1.103e+11  8.739577e-01  0.000000e+00  9.474603e-02  1.260423e-01
 6.30000e+00 -4.00000e-01       4.168e+09  8.286754e-01  0.000000e+00 -1.135430e-01  1.713246e-01
 7.00000e+00 -4.00000e-01       1.283e+08  8.784933e-01  0.000000e+00 -2.703192e-01  1.215067e-01
-7.00000e+00  0.00000e+00       2.075e+08  9.999347e-01  0.000000e+00 -3.751869e-14  6.531909e-05
-6.30000e+00  0.00000e+00       6.718e+09  9.999002e-01  0.000000e+00 -2.300371e-15  9.977902e-05
-5.60000e+00  0.00000e+00       1.769e+11  9.999219e-01  0.000000e+00 -1.907439e-17  7.806530e-05
-4.90000e+00  0.00000e+00       3.010e+12  9.999585e-01  0.000000e+00 -1.606748e-16  4.145400e-05
-4.20000e+00  0.00000e+00       2.264e+13  9.999714e-01  0.000000e+00 -3.985949e-15  2.861071e-05
-3.50000e+00  0.00000e+00       8.752e+13  9.999726e-01  0.000000e+00 -2.931013e-14  2.736286e-05
-2.80000e+00  0.00000e+00       2.410e+14  9.999760e-01  0.000000e+00 -8.847099e-14  2.401143e-05
-2.10000e+00  0.00000e+00       4.456e+14  9.999693e-01  0.000000e+00 -1.233646e-13  3.070081e-05
-1.40000e+00  0.00000e+00       6.010e+14  9.999434e-01  0.000000e+00 -9.594624e-14  5.664389e-05
-7.00000e-01  0.00000e+00       1.208e+15  9.999616e-01  0.000000e+00 -3.873704e-14  3.844956e-05
 0.00000e+00  0.00000e+00       1.893e+15  9.999782e-01  0.000000e+00  2.589512e-18  2.176700e-05
 7.00000e-01  0.00000e+00       1.208e+15  9.999616e-01  0.000000e+00  3.874510e-14  3.844956e-05
 1.40000e+00  0.00000e+00       6.010e+14  9.999434e-01  0.000000e+00  9.596898e-14  5.664389e-05
 2.10000e+00  0.00000e+00       4.456e+14  9.999693e-01  0.000000e+00  1.233874e-13  3.070081e-05
 2.80000e+00  0.00000e+00       2.410e+14  9.999760e-01  0.000000e+00  8.850443e-14  2.401143e-05
 3.50000e+00  0.00000e+00       8.752e+13  9.999726e-01  0.000000e+00  2.937625e-14  2.736286e-05
 4.20000e+00  0.00000e+00       2.264e+13  9.999714e-01  0.000000e+00  4.107357e-15  2.861071e-05
 4.90000e+00  0.00000e+00       3.010e+12  9.999585e-01  0.000000e+00  3.346837e-16  4.145400e-05
 5.60000e+00  0.00000e+00       1.769e+11  9.999219e-01  0.000000e+00  1.218032e-16  7.806530e-05
 6.30000e+00  0.00000e+00       6.718e+09  9.999002e-01  0.000000e+00  2.075092e-15  9.977902e-05
 7.00000e+00  0.00000e+00       2.075e+08  9.999347e-01  0.000000e+00  5.595378e-14  6.531909e-05
-7.00000e+00  4.00000e-01       1.283e+08  8.784933e-01  0.000000e+00 -2.703192e-01  1.215067e-01
-6.30000e+00  4.00000e-01       4.168e+09  8.286754e-01  0.000000e+00 -1.135430e-01  1.713246e-01
-5.60000e+00  4.00000e-01       1.103e+11  8.739577e-01  0.000000e+00  9.474603e-02  1.260423e-01
-4.90000e+00  4.00000e-01       1.797e+12  9.325566e-01  0.000000e+00  9.765528e-02  6.744337e-02
-4.20000e+00  4.00000e-01       1.307e+13  9.500677e-01  0.000000e+00  3.228098e-02  4.993225e-02
-3.50000e+00  4.00000e-01       4.774e+13  9.439560e-01  0.000000e+00 -7.133204e-04  5.604399e-02
-2.80000e+00  4.00000e-01       1.205e+14  9.415587e-01  0.000000e+00  5.008825e-03  5.844135e-02
-2.10000e+00  4.00000e-01       2.455e+14  9.521175e-01  0.000000e+00  1.805888e-02  4.788246e-02
-1.40000e+00  4.00000e-01       4.012e+14  9.704923e-01  0.000000e+00  4.770534e-02  2.950774e-02
-7.00000e-01  4.00000e-01       4.089e+14  9.840216e-01  0.000000e+00  6.339200e-02  1.597837e-02
 0.00000e+00  4.00000e-01       3.138e+14  9.894824e-01  0.000000e+00 -2.420699e-16  1.051755e-02
 7.00000e-01  4.00000e-01       4.089e+14  9.840216e-01  0.000000e+00 -6.339200e-02  1.597837e-02
 1.40000e+00  4.00000e-01       4.012e+14  9.704923e-01  0.000000e+00 -4.770534e-02  2.950774e-02
 2.10000e+00  4.00000e-01       2.455e+14  9.521175e-01  0.000000e+00 -1.805888e-02  4.788246e-02
 2.80000e+00  4.00000e-01       1.205e+14  9.415587e-01  0.000000e+00 -5.008825e-03  5.844135e-02
 3.50000e+00  4.00000e-01       4.774e+13  9.439560e-01  0.000000e+00  7.133204e-04  5.604399e-02
 4.20000e+00  4.00000e-01       1.307e+13  9.500677e-01  0.000000e+00 -3.228098e-02  4.993225e-02
 4.90000e+00  4.00000e-01       1.797e+12  9.325566e-01  0.000000e+00 -9.765528e-02  6.744337e-02
 5.60000e+00  4.00000e-01       1.103e+11  8.739577e-01  0.000000e+00 -9.474603e-02  1.260423e-01
 6.30000e+00  4.00000e-01       4.168e+09  8.286754e-01  0.000000e+00  1.135430e-01  1.713246e-01
 7.00000e+00  4.00000e-01       1.283e+08  8.784933e-01  0.000000e+00  2.703192e-01  1.215067e-01
-7.00000e+00  8.00000e-01       3.090e+07  4.040328e-01  0.000000e+00  5.306900e-02  5.959672e-01
-6.30000e+00  8.00000e-01       1.986e+09  6.437484e-01  0.000000e+00  2.857427e-01  3.562516e-01
-5.60000e+00  8.00000e-01       6.698e+10  8.129813e-01  0.000000e+00  2.111988e-01  1.870187e-01
-4.90000e+00  8.00000e-01       9.502e+11  8.755897e-01  0.000000e+00  5.443293e-02  1.244103e-01
-4.20000e+00  8.00000e-01       6.133e+12  8.716158e-01  0.000000e+00 -4.992189e-02  1.283842e-01
-3.50000e+00  8.00000e-01       2.411e+13  8.391323e-01  0.000000e+00 -4.358253e-02  1.608677e-01
-2.80000e+00  8.00000e-01       6.963e+13  8.129181e-01  0.000000e+00 -2.134124e-02  1.870819e-01
-2.10000e+00  8.00000e-01       1.520e+14  8.242694e-01  0.000000e+00 -1.912658e-02  1.757306e-01
-1.40000e+00  8.00000e-01       2.710e+14  8.542937e-01  0.000000e+00 -6.975563e-03  1.457063e-01
-7.00000e-01  8.00000e-01       4.768e+14  8.222692e-01  0.000000e+00 -3.463924e-03  1.777308e-01
 0.00000e+00  8.00000e-01       6.482e+14  7.942474e-01  0.000000e+00 -2.762641e-15  2.057526e-01
 7.00000e-01  8.00000e-01       4.768e+14  8.222692e-01  0.000000e+00  3.463924e-03  1.777308e-01
 1.40000e+00  8.00000e-01       2.710e+14  8.542937e-01  0.000000e+00  6.975563e-03  1.457063e-01
 2.10000e+00  8.00000e-01       1.520e+14  8.242694e-01  0.000000e+00  1.912658e-02  1.757306e-01
 2.80000e+00  8.00000e-01       6.963e+13  8.129181e-01  0.000000e+00  2.134124e-02  1.870819e-01
 3.50000e+00  8.00000e-01       2.411e+13  8.391323e-01  0.000000e+00  4.358253e-02  1.608677e-01
 4.20000e+00  8.00000e-01       6.133e+12  8.716158e-01  0.000000e+00  4.992189e-02  1.283842e-01
 4.90000e+00  8.00000e-01       9.502e+11  8.755897e-01  0.000000e+00 -5.443293e-02  1.244103e-01
 5.60000e+00  8.00000e-01       6.698e+10  8.129813e-01  0.000000e+00 -2.111988e-01  1.870187e-01
 6.30000e+00  8.00000e-01       1.986e+09  6.437484e-01  0.000000e+00 -2.857427e-01  3.562516e-01
 7.00000e+00  8.00000e-01       3.090e+07  4.040328e-01  0.000000e+00 -5.306900e-02  5.959672e-01
-7.00000e+00  1.20000e+00       1.082e+07  1.842053e-01  0.000000e+00  7.077957e-02  8.157947e-01
-6.30000e+00  1.20000e+00       3.734e+08  6.646914e-01  0.000000e+00  1.664113e-01  3.353086e-01
-5.60000e+00  1.20000e+00       8.571e+09  7.451382e-01  0.000000e+00 -7.591366e-03  2.548618e-01
-4.90000e+00  1.20000e+00       1.019e+11  6.523401e-01  0.000000e+00 -7.563089e-02  3.476599e-01
-4.20000e+00  1.20000e+00       7.441e+11  6.051564e-01  0.000000e+00 -2.749001e-03  3.948436e-01
-3.50000e+00  1.20000e+00       3.555e+12  6.305697e-01  0.000000e+00  2.555580e-02  3.694303e-01
-2.80000e+00  1.20000e+00       1.094e+13  6.416246e-01  0.000000e+00  2.959663e-02  3.583754e-01
-2.10000e+00  1.20000e+00       2.361e+13  6.499096e-01  0.000000e+00  1.207707e-01  3.500904e-01
-1.40000e+00  1.20000e+00       3.570e+13  6.592543e-01  0.000000e+00  3.180014e-01  3.407457e-01
-7.00000e-01  1.20000e+00       3.314e+13  6.799768e-01  0.000000e+00  4.334164e-01  3.200232e-01
 0.00000e+00  1.20000e+00       2.457e+13  7.055782e-01  0.000000e+00  3.459431e-15  2.944218e-01
 7.00000e-01  1.20000e+00       3.314e+13  6.799768e-01  0.000000e+00 -4.334164e-01  3.200232e-01
 1.40000e+00  1.20000e+00       3.570e+13  6.592543e-01  0.000000e+00 -3.180014e-01  3.407457e-01
 2.10000e+00  1.20000e+00       2.361e+13  6.499096e-01  0.000000e+00 -1.207707e-01  3.500904e-01
 2.80000e+00  1.20000e+00       1.094e+13  6.416246e-01  0.000000e+00 -2.959663e-02  3.583754e-01
 3.50000e+00  1.20000e+00       3.555e+12  6.305697e-01  0.000000e+00 -2.555580e-02  3.694303e-01
 4.20000e+00  1.20000e+00       7.441e+11  6.051564e-01  0.000000e+00  2.749001e-03  3.948436e-01
 4.90000e+00  1.20000e+00       1.019e+11  6.523401e-01  0.000000e+00  7.563089e-02  3.476599e-01
 5.60000e+00  1.20000e+00       8.571e+09  7.451382e-01  0.000000e+00  7.591366e-03  2.548618e-01
 6.30000e+00  1.20000e+00       3.734e+08  6.646914e-01  0.000000e+00 -1.664113e-01  3.353086e-01
 7.00000e+00  1.20000e+00       1.082e+07  1.842053e-01  0.000000e+00 -7.077957e-02  8.157947e-01
-7.00000e+00  1.60000e+00       4.944e+06 -3.741637e-01  0.000000e+00 -2.923352e-01  6.258363e-01
-6.30000e+00  1.60000e+00       4.621e+07 -1.087715e-01  0.000000e+00  3.164889e-02  8.912285e-01
-5.60000e+00  1.60000e+00       5.375e+08  2.142385e-01  0.000000e+00  9.078299e-02  7.857615e-01
-4.90000e+00  1.60000e+00       6.457e+09  4.443909e-01  0.000000e+00  6.814207e-02  5.556091e-01
-4.20000e+00  1.60000e+00       5.449e+10  5.125711e-01  0.000000e+00  1.875023e-02  4.874289e-01
-3.50000e+00  1.60000e+00       2.805e+11  4.932388e-01  0.000000e+00  1.555325e-02  5.067612e-01
-2.80000e+00  1.60000e+00       9.703e+11  4.854623e-01  0.000000e+00 -3.018482e-03  5.145377e-01
-2.10000e+00  1.60000e+00       2.501e+12  5.046910e-01  0.000000e+00 -1.296398e-01  4.953090e-01
-1.40000e+00  1.60000e+00       5.538e+12  5.098848e-01  0.000000e+00 -2.395207e-01  4.901152e-01
-7.00000e-01  1.60000e+00       1.200e+13  4.378308e-01  0.000000e+00 -1.219038e-01  5.621692e-01
 0.00000e+00  1.60000e+00       1.720e+13  4.020107e-01  0.000000e+00  3.132073e-15  5.979893e-01
 7.00000e-01  1.60000e+00       1.200e+13  4.378308e-01  0.000000e+00  1.219038e-01  5.621692e-01
 1.40000e+00  1.60000e+00       5.538e+12  5.098848e-01  0.000000e+00  2.395207e-01  4.901152e-01
 2.10000e+00  1.60000e+00       2.501e+12  5.046910e-01  0.000000e+00  1.296398e-01  4.953090e-01
 2.80000e+00  1.60000e+00       9.703e+11  4.854623e-01  0.000000e+00  3.018482e-03  5.145377e-01
 3.50000e+00  1.60000e+00       2.805e+11  4.932388e-01  0.000000e+00 -1.555325e-02  5.067612e-01
 4.20000e+00  1.60000e+00       5.449e+10  5.125711e-01  0.000000e+00 -1.875023e-02  4.874289e-01
 4.90000e+00  1.60000e+00       6.457e+09  4.443909e-01  0.000000e+00 -6.814207e-02  5.556091e-01
 5.60000e+00  1.60000e+00       5.375e+08  2.142385e-01  0.000000e+00 -9.078299e-02  7.857615e-01
 6.30000e+00  1.60000e+00       4.621e+07 -1.087715e-01  0.000000e+00 -3.164889e-02  8.912285e-01
 7.00000e+00  1.60000e+00       4.944e+06 -3.741637e-01  0.000000e+00  2.923352e-01  6.258363e-01
-7.00000e+00  2.00000e+00       4.083e+06 -5.972236e-01  0.000000e+00  7.474628e-03  4.027764e-01
-6.30000e+00  2.00000e+00       3.328e+07 -4.787999e-01  0.000000e+00  1.797081e-01  5.212001e-01
-5.60000e+00  2.00000e+00       1.606e+08 -2.178283e-01  0.000000e+00  3.747060e-01  7.821717e-01
-4.90000e+00  2.00000e+00       6.728e+08  1.049629e-01  0.000000e+00  4.069737e-01  8.950371e-01
-4.20000e+00  2.00000e+00       3.025e+09  3.048381e-01  0.000000e+00  2.572364e-01  6.951619e-01
-3.50000e+00  2.00000e+00       1.302e+10  3.600991e-01  0.000000e+00  1.106194e-01  6.399009e-01
-2.80000e+00  2.00000e+00       4.383e+10  3.211277e-01  0.000000e+00  3.545841e-02  6.788723e-01
-2.10000e+00  2.00000e+00       1.033e+11  1.599210e-01  0.000000e+00 -4.265425e-02  8.400790e-01
-1.40000e+00  2.00000e+00       1.532e+11 -1.642523e-01  0.000000e+00 -1.429835e-01  8.357477e-01
-7.00000e-01  2.00000e+00       1.178e+11 -6.802288e-01  0.000000e+00 -1.601807e-01  3.197712e-01
 0.00000e+00  2.00000e+00       9.460e+10 -6.496144e-01  0.000000e+00 -1.659921e-14  3.503856e-01
 7.00000e-01  2.00000e+00       1.178e+11 -6.802288e-01  0.000000e+00  1.601807e-01  3.197712e-01
 1.40000e+00  2.00000e+00       1.532e+11 -1.642523e-01  0.000000e+00  1.429835e-01  8.357477e-01
 2.10000e+00  2.00000e+00       1.033e+11  1.599210e-01  0.000000e+00  4.265425e-02  8.400790e-01
 2.80000e+00  2.00000e+00       4.383e+10  3.211277e-01  0.000000e+00 -3.545841e-02  6.788723e-01
 3.50000e+00  2.00000e+00       1.302e+10  3.600991e-01  0.000000e+00 -1.106194e-01  6.399009e-01
 4.20000e+00  2.00000e+00       3.025e+09  3.048381e-01  0.000000e+00 -2.572364e-01  6.951619e-01
 4.90000e+00  2.00000e+00       6.728e+08  1.049629e-01  0.000000e+00 -4.069737e-01  8.950371e-01
 5.60000e+00  2.00000e+00       1.606e+08 -2.178283e-01  0.000000e+00 -3.747060e-01  7.821717e-01
 6.30000e+00  2.00000e+00       3.328e+07 -4.787999e-01  0.000000e+00 -1.797081e-01  5.212001e-01
 7.00000e+00  2.00000e+00       4.083e+06 -5.972236e-01  0.000000e+00 -7.474628e-03  4.027764e-01
-7.00000e+00  2.40000e+00       2.306e+06 -5.782627e-01  0.000000e+00  2.552558e-01  4.217373e-01
-6.30000e+00  2.40000e+00       2.485e+07 -4.912686e-01  0.000000e+00  3.376261e-01  5.087314e-01
-5.60000e+00  2.40000e+00       1.234e+08 -3.194164e-01  0.000000e+00  4.510500e-01  6.805836e-01
-4.90000e+00  2.40000e+00       3.877e+08 -7.721096e-02  0.000000e+00  5.551597e-01  9.227890e-01
-4.20000e+00  2.40000e+00       9.419e+08  1.020847e-01  0.000000e+00  5.792683e-01  8.979153e-01
-3.50000e+00  2.40000e+00       1.635e+09  1.135145e-01  0.000000e+00  5.473167e-01  8.864855e-01
-2.80000e+00  2.40000e+00       1.534e+09 -4.767306e-01  0.000000e+00  6.717738e-01  5.232694e-01
-2.10000e+00  2.40000e+00       4.229e+09  8.015383e-02  0.000000e+00  1.988624e-01  9.198462e-01
-1.40000e+00  2.40000e+00       1.319e+10  4.464732e-01  0.000000e+00 -1.758142e-03  5.535268e-01
-7.00000e-01  2.40000e+00       2.943e+10  6.480571e-01  0.000000e+00 -1.000710e-02  3.519429e-01
 0.00000e+00  2.40000e+00       4.107e+10  7.400644e-01  0.000000e+00 -1.135476e-16  2.599356e-01
 7.00000e-01  2.40000e+00       2.943e+10  6.480571e-01  0.000000e+00  1.000710e-02  3.519429e-01
 1.40000e+00  2.40000e+00       1.319e+10  4.464732e-01  0.000000e+00  1.758142e-03  5.535268e-01
 2.10000e+00  2.40000e+00       4.229e+09  8.015383e-02  0.000000e+00 -1.988624e-01  9.198462e-01
 2.80000e+00  2.40000e+00       1.534e+09 -4.767306e-01  0.000000e+00 -6.717738e-01  5.232694e-01
 3.50000e+00  2.40000e+00       1.635e+09  1.135145e-01  0.000000e+00 -5.473167e-01  8.864855e-01
 4.20000e+00  2.40000e+00       9.419e+08  1.020847e-01  0.000000e+00 -5.792683e-01  8.979153e-01
 4.90000e+00  2.40000e+00       3.877e+08 -7.721096e-02  0.000000e+00 -5.551597e-01  9.227890e-01
 5.60000e+00  2.40000e+00       1.234e+08 -3.194164e-01  0.000000e+00 -4.510500e-01  6.805836e-01
 6.30000e+00  2.40000e+00       2.485e+07 -4.912686e-01  0.000000e+00 -3.376261e-01  5.087314e-01
 7.00000e+00  2.40000e+00       2.306e+06 -5.782627e-01  0.000000e+00 -2.552558e-01  4.217373e-01
-7.00000e+00  2.80000e+00       1.103e+05 -2.573279e-01  0.000000e+00  5.682408e-01  7.426721e-01
-6.30000e+00  2.80000e+00       3.432e+06 -2.151173e-01  0.000000e+00  5.812466e-01  7.848827e-01
-5.60000e+00  2.80000e+00       3.900e+07 -1.552572e-01  0.000000e+00  6.017633e-01  8.447428e-01
-4.90000e+00  2.80000e+00       1.855e+08 -8.724028e-02  0.000000e+00  6.371081e-01  9.127597e-01
-4.20000e+00  2.80000e+00       4.629e+08 -3.595631e-02  0.000000e+00  6.799451e-01  9.640437e-01
-3.50000e+00  2.80000e+00       6.799e+08 -1.746501e-01  0.000000e+00  7.838616e-01  8.253499e-01
-2.80000e+00  2.80000e+00       1.028e+09 -7.676593e-02  0.000000e+00  6.437856e-01  9.232341e-01
-2.10000e+00  2.80000e+00       4.061e+09  6.118126e-01  0.000000e+00  1.621511e-01  3.881874e-01
-1.40000e+00  2.80000e+00       1.126e+10  7.789821e-01  0.000000e+00  3.951682e-02  2.210179e-01
-7.00000e-01  2.80000e+00       2.387e+10  9.141289e-01  0.000000e+00  7.639709e-03  8.587106e-02
 0.00000e+00  2.80000e+00       3.294e+10  9.814386e-01  0.000000e+00  1.278330e-15  1.856135e-02
 7.00000e-01  2.80000e+00       2.387e+10  9.141289e-01  0.000000e+00 -7.639709e-03  8.587106e-02
 1.40000e+00  2.80000e+00       1.126e+10  7.789821e-01  0.000000e+00 -3.951682e-02  2.210179e-01
 2.10000e+00  2.80000e+00       4.061e+09  6.118126e-01  0.000000e+00 -1.621511e-01  3.881874e-01
 2.80000e+00  2.80000e+00       1.028e+09 -7.676593e-02  0.000000e+00 -6.437856e-01  9.232341e-01
 3.50000e+00  2.80000e+00       6.799e+08 -1.746501e-01  0.000000e+00 -7.838616e-01  8.253499e-01
 4.20000e+00  2.80000e+00       4.629e+08 -3.595631e-02  0.000000e+00 -6.799451e-01  9.640437e-01
 4.90000e+00  2.80000e+00       1.855e+08 -8.724028e-02  0.000000e+00 -6.371081e-01  9.127597e-01
 5.60000e+00  2.80000e+00       3.900e+07 -1.552572e-01  0.000000e+00 -6.017633e-01  8.447428e-01
 6.30000e+00  2.80000e+00       3.432e+06 -2.151173e-01  0.000000e+00 -5.812466e-01  7.848827e-01
 7.00000e+00  2.80000e+00       1.103e+05 -2.573279e-01  0.000000e+00 -5.682408e-01  7.426721e-01
-7.00000e+00  3.20000e+00       4.032e+02  5.013460e-01  0.000000e+00 -1.703067e-01  4.986540e-01
-6.30000e+00  3.20000e+00       6.469e+03  4.821301e-01  0.000000e+00  4.099425e-01  5.178699e-01
-5.60000e+00  3.20000e+00       6.573e+05  3.588217e-01  0.000000e+00  4.589664e-01  6.411783e-01
-4.90000e+00  3.20000e+00       1.048e+07 -4.376176e-02  0.000000e+00  7.661057e-01  9.562382e-01
-4.20000e+00  3.20000e+00       5.686e+07 -7.258141e-01  0.000000e+00  1.241887e+00  2.741859e-01
-3.50000e+00  3.20000e+00       2.362e+08 -4.397350e-01  0.000000e+00  1.000191e+00  5.602650e-01
-2.80000e+00  3.20000e+00       1.105e+09  4.779567e-01  0.000000e+00  3.468652e-01  5.220433e-01
-2.10000e+00  3.20000e+00       3.690e+09  7.796596e-01  0.000000e+00  1.097149e-01  2.203404e-01
-1.40000e+00  3.20000e+00       9.663e+09  8.716641e-01  0.000000e+00  2.721604e-02  1.283359e-01
-7.00000e-01  3.20000e+00       2.002e+10  9.754304e-01  0.000000e+00  4.779462e-03  2.456964e-02
 0.00000e+00  3.20000e+00       2.823e+10  9.700710e-01  0.000000e+00  1.033887e-15  2.992896e-02
 7.00000e-01  3.20000e+00       2.002e+10  9.754304e-01  0.000000e+00 -4.779462e-03  2.456964e-02
 1.40000e+00  3.20000e+00       9.663e+09  8.716641e-01  0.000000e+00 -2.721604e-02  1.283359e-01
 2.10000e+00  3.20000e+00       3.690e+09  7.796596e-01  0.000000e+00 -1.097149e-01  2.203404e-01
 2.80000e+00  3.20000e+00       1.105e+09  4.779567e-01  0.000000e+00 -3.468652e-01  5.220433e-01
 3.50000e+00  3.20000e+00       2.362e+08 -4.397350e-01  0.000000e+00 -1.000191e+00  5.602650e-01
 4.20000e+00  3.20000e+00       5.686e+07 -7.258141e-01  0.000000e+00 -1.241887e+00  2.741859e-01
 4.90000e+00  3.20000e+00       1.048e+07 -4.376176e-02  0.000000e+00 -7.661057e-01  9.562382e-01
 5.60000e+00  3.20000e+00       6.573e+05  3.588217e-01  0.000000e+00 -4.589664e-01  6.411783e-01
 6.30000e+00  3.20000e+00       6.469e+03  4.821301e-01  0.000000e+00 -4.099425e-01  5.178699e-01
 7.00000e+00  3.20000e+00       4.032e+02  5.013460e-01  0.000000e+00  1.703067e-01  4.986540e-01
-7.00000e+00  3.60000e+00       2.944e+02  6.774090e-01  0.000000e+00 -1.780722e-01  3.225910e-01
-6.30000e+00  3.60000e+00       9.048e+03  8.092447e-01  0.000000e+00 -1.419957e-01  1.907553e-01
-5.60000e+00  3.60000e+00       7.016e+05  9.735805e-01  0.000000e+00 -1.717904e-02  2.641953e-02
-4.90000e+00  3.60000e+00       1.239e+07  9.742095e-01  0.000000e+00  2.931745e-02  2.579045e-02
-4.20000e+00  3.60000e+00       8.164e+07  8.835177e-01  0.000000e+00  9.175787e-02  1.164823e-01
-3.50000e+00  3.60000e+00       3.270e+08  8.296997e-01  0.000000e+00  1.330705e-01  1.703003e-01
-2.80000e+00  3.60000e+00       1.173e+09  8.892342e-01  0.000000e+00  9.764721e-02  1.107658e-01
-2.10000e+00  3.60000e+00       3.363e+09  9.052641e-01  0.000000e+00  5.470989e-02  9.473594e-02
-1.40000e+00  3.60000e+00       8.279e+09  9.138189e-01  0.000000e+00  1.835192e-02  8.618107e-02
-7.00000e-01  3.60000e+00       1.677e+10  9.883661e-01  0.000000e+00  3.745104e-03  1.163387e-02
 0.00000e+00  3.60000e+00       2.358e+10  9.658052e-01  0.000000e+00  9.098452e-16  3.419483e-02
 7.00000e-01  3.60000e+00       1.677e+10  9.883661e-01  0.000000e+00 -3.745104e-03  1.163387e-02
 1.40000e+00  3.60000e+00       8.279e+09  9.138189e-01  0.000000e+00 -1.835192e-02  8.618107e-02
 2.10000e+00  3.60000e+00       3.363e+09  9.052641e-01  0.000000e+00 -5.470989e-02  9.473594e-02
 2.80000e+00  3.60000e+00       1.173e+09  8.892342e-01  0.000000e+00 -9.764721e-02  1.107658e-01
 3.50000e+00  3.60000e+00       3.270e+08  8.296997e-01  0.000000e+00 -1.330705e-01  1.703003e-01
 4.20000e+00  3.60000e+00       8.164e+07  8.835177e-01  0.000000e+00 -9.175787e-02  1.164823e-01
 4.90000e+00  3.60000e+00       1.239e+07  9.742095e-01  0.000000e+00 -2.931745e-02  2.579045e-02
 5.60000e+00  3.60000e+00       7.016e+05  9.735805e-01  0.000000e+00  1.717904e-02  2.641953e-02
 6.30000e+00  3.60000e+00       9.048e+03  8.092447e-01  0.000000e+00  1.419957e-01  1.907553e-01
 7.00000e+00  3.60000e+00       2.944e+02  6.774090e-01  0.000000e+00  1.780722e-01  3.225910e-01
-7.00000e+00  4.00000e+00       2.472e+02  7.616019e-01  0.000000e+00 -1.145863e-01  2.383981e-01
-6.30000e+00  4.00000e+00       7.478e+03  8.442534e-01  0.000000e+00 -1.166677e-01  1.557466e-01
-5.60000e+00  4.00000e+00       6.088e+05  9.651131e-01  0.000000e+00 -1.977574e-02  3.488686e-02
-4.90000e+00  4.00000e+00       1.093e+07  9.905092e-01  0.000000e+00  3.751610e-03  9.490835e-03
-4.20000e+00  4.00000e+00       7.444e+07  9.877735e-01  0.000000e+00  1.697504e-02  1.222653e-02
-3.50000e+00  4.00000e+00       3.155e+08  9.950865e-01  0.000000e+00  1.583313e-02  4.913472e-03
-2.80000e+00  4.00000e+00       1.176e+09  9.608991e-01  0.000000e+00  9.650424e-03  3.910087e-02
-2.10000e+00  4.00000e+00       3.219e+09  9.844443e-01  0.000000e+00  6.946685e-03  1.555570e-02
-1.40000e+00  4.00000e+00       7.488e+09  9.756356e-01  0.000000e+00  1.018239e-03  2.436441e-02
-7.00000e-01  4.00000e+00       1.485e+10  9.889324e-01  0.000000e+00 -2.749166e-04  1.106758e-02
 0.00000e+00  4.00000e+00       2.062e+10  9.565561e-01  0.000000e+00  7.912587e-16  4.344394e-02
 7.00000e-01  4.00000e+00       1.485e+10  9.889324e-01  0.000000e+00  2.749166e-04  1.106758e-02
 1.40000e+00  4.00000e+00       7.488e+09  9.756356e-01  0.000000e+00 -1.018239e-03  2.436441e-02
 2.10000e+00  4.00000e+00       3.219e+09  9.844443e-01  0.000000e+00 -6.946685e-03  1.555570e-02
 2.80000e+00  4.00000e+00       1.176e+09  9.608991e-01  0.000000e+00 -9.650424e-03  3.910087e-02
 3.50000e+00  4.00000e+00       3.155e+08  9.950865e-01  0.000000e+00 -1.583313e-02  4.913472e-03
 4.20000e+00  4.00000e+00       7.444e+07  9.877735e-01  0.000000e+00 -1.697504e-02  1.222653e-02
 4.90000e+00  4.00000e+00       1.093e+07  9.905092e-01  0.000000e+00 -3.751610e-03  9.490835e-03
 5.60000e+00  4.00000e+00       6.088e+05  9.651131e-01  0.000000e+00  1.977574e-02  3.488686e-02
 6.30000e+00  4.00000e+00       7.478e+03  8.442534e-01  0.000000e+00  1.166677e-01  1.557466e-01
 7.00000e+00  4.00000e+00       2.472e+02  7.616021e-01  0.000000e+00  1.145865e-01  2.383979e-01
