 EB(GeV)    EMITTANCEx EMITTANCEy SIZEx(m)   SIZEy(m)   DIVx(rad)  DIVy(rad)
 2.411e+00  5.499e-09  1.017e-12  8.711e-05  1.009e-06  6.313e-05  1.009e-06
 betax      alphax     betay      alphay     eta        deta       E_spread  
 1.380e+00  0.000e+00  1.000e+00  0.000e+00  0.000e+00  0.000e+00  8.600e-04
 Ibeam(A)   period(cm) #periods   Kx         Ky         Energy(eV)
 4.005e-01  1.900e+00         96  0.000e+00  1.780e+00  3.040e+03


           x            y       F.Density            PL            PC          PL45        1-|PL|
          mm           mm  ph/s/mr^2/0.1%             -             -             -             -
-7.00000e+00 -4.00000e+00       1.786e+10  3.365351e-01  0.000000e+00  6.116356e-01  6.634649e-01
-6.30000e+00 -4.00000e+00       8.827e+10  1.213477e-02  0.000000e+00  7.278439e-01  9.878652e-01
-5.60000e+00 -4.00000e+00       3.520e+11 -4.133872e-01  0.000000e+00  4.824456e-01  5.866128e-01
-4.90000e+00 -4.00000e+00       1.200e+12 -5.218392e-01  0.000000e+00 -1.064771e-01  4.781608e-01
-4.20000e+00 -4.00000e+00       3.552e+12 -1.040225e-01  0.000000e+00 -5.109451e-01  8.959775e-01
-3.50000e+00 -4.00000e+00       8.465e+12  4.249482e-01  0.000000e+00 -3.583715e-01  5.750518e-01
-2.80000e+00 -4.00000e+00       1.519e+13  4.529886e-01  0.000000e+00 -1.057680e-01  5.470114e-01
-2.10000e+00 -4.00000e+00       2.214e+13 -2.111455e-01  0.000000e+00 -2.674116e-01  7.888545e-01
-1.40000e+00 -4.00000e+00       2.177e+13 -6.501039e-01  0.000000e+00 -4.531443e-01  3.498961e-01
-7.00000e-01 -4.00000e+00       9.040e+12 -6.655559e-01  0.000000e+00 -4.685776e-01  3.344441e-01
 0.00000e+00 -4.00000e+00       2.859e+12 -4.071374e-01  0.000000e+00  8.132606e-15  5.928626e-01
 7.00000e-01 -4.00000e+00       9.040e+12 -6.655559e-01  0.000000e+00  4.685776e-01  3.344441e-01
 1.40000e+00 -4.00000e+00       2.177e+13 -6.501039e-01  0.000000e+00  4.531443e-01  3.498961e-01
 2.10000e+00 -4.00000e+00       2.214e+13 -2.111455e-01  0.000000e+00  2.674116e-01  7.888545e-01
 2.80000e+00 -4.00000e+00       1.519e+13  4.529886e-01  0.000000e+00  1.057680e-01  5.470114e-01
 3.50000e+00 -4.00000e+00       8.465e+12  4.249482e-01  0.000000e+00  3.583715e-01  5.750518e-01
 4.20000e+00 -4.00000e+00       3.552e+12 -1.040225e-01  0.000000e+00  5.109451e-01  8.959775e-01
 4.90000e+00 -4.00000e+00       1.200e+12 -5.218392e-01  0.000000e+00  1.064771e-01  4.781608e-01
 5.60000e+00 -4.00000e+00       3.520e+11 -4.133872e-01  0.000000e+00 -4.824456e-01  5.866128e-01
 6.30000e+00 -4.00000e+00       8.827e+10  1.213477e-02  0.000000e+00 -7.278439e-01  9.878652e-01
 7.00000e+00 -4.00000e+00       1.786e+10  3.365351e-01  0.000000e+00 -6.116356e-01  6.634649e-01
-7.00000e+00 -3.60000e+00       1.183e+11  8.865549e-01  0.000000e+00  4.902388e-02  1.134451e-01
-6.30000e+00 -3.60000e+00       6.084e+11  7.952819e-01  0.000000e+00  3.693821e-01  2.047181e-01
-5.60000e+00 -3.60000e+00       2.276e+12  4.951725e-01  0.000000e+00  6.471606e-01  5.048275e-01
-4.90000e+00 -3.60000e+00       6.425e+12 -3.881051e-03  0.000000e+00  6.782813e-01  9.961189e-01
-4.20000e+00 -3.60000e+00       1.506e+13 -4.003730e-01  0.000000e+00  2.407280e-01  5.996270e-01
-3.50000e+00 -3.60000e+00       3.291e+13 -1.583695e-01  0.000000e+00 -3.319952e-01  8.416305e-01
-2.80000e+00 -3.60000e+00       6.268e+13  3.608272e-01  0.000000e+00 -4.953635e-01  6.391728e-01
-2.10000e+00 -3.60000e+00       9.195e+13  1.057484e-01  0.000000e+00 -4.521596e-01  8.942516e-01
-1.40000e+00 -3.60000e+00       1.320e+14 -6.206327e-01  0.000000e+00 -4.228383e-01  3.793673e-01
-7.00000e-01 -3.60000e+00       1.108e+14 -8.171057e-01  0.000000e+00 -4.059230e-01  1.828943e-01
 0.00000e+00 -3.60000e+00       6.077e+13 -8.154637e-01  0.000000e+00  4.025974e-15  1.845363e-01
 7.00000e-01 -3.60000e+00       1.108e+14 -8.171057e-01  0.000000e+00  4.059230e-01  1.828943e-01
 1.40000e+00 -3.60000e+00       1.320e+14 -6.206327e-01  0.000000e+00  4.228383e-01  3.793673e-01
 2.10000e+00 -3.60000e+00       9.195e+13  1.057484e-01  0.000000e+00  4.521596e-01  8.942516e-01
 2.80000e+00 -3.60000e+00       6.268e+13  3.608272e-01  0.000000e+00  4.953635e-01  6.391728e-01
 3.50000e+00 -3.60000e+00       3.291e+13 -1.583695e-01  0.000000e+00  3.319952e-01  8.416305e-01
 4.20000e+00 -3.60000e+00       1.506e+13 -4.003730e-01  0.000000e+00 -2.407280e-01  5.996270e-01
 4.90000e+00 -3.60000e+00       6.425e+12 -3.881051e-03  0.000000e+00 -6.782813e-01  9.961189e-01
 5.60000e+00 -3.60000e+00       2.276e+12  4.951725e-01  0.000000e+00 -6.471606e-01  5.048275e-01
 6.30000e+00 -3.60000e+00       6.084e+11  7.952819e-01  0.000000e+00 -3.693821e-01  2.047181e-01
 7.00000e+00 -3.60000e+00       1.183e+11  8.865549e-01  0.000000e+00 -4.902388e-02  1.134451e-01
-7.00000e+00 -3.20000e+00       5.897e+11  7.651203e-01  0.000000e+00 -5.532497e-01  2.348797e-01
-6.30000e+00 -3.20000e+00       3.071e+12  8.855640e-01  0.000000e+00 -2.928226e-01  1.144360e-01
-5.60000e+00 -3.20000e+00       1.156e+13  9.026786e-01  0.000000e+00  4.169116e-02  9.732138e-02
-4.90000e+00 -3.20000e+00       3.168e+13  7.380235e-01  0.000000e+00  4.033236e-01  2.619765e-01
-4.20000e+00 -3.20000e+00       6.486e+13  3.143460e-01  0.000000e+00  6.235406e-01  6.856540e-01
-3.50000e+00 -3.20000e+00       1.108e+14 -1.682083e-01  0.000000e+00  3.772029e-01  8.317917e-01
-2.80000e+00 -3.20000e+00       1.936e+14  4.247439e-03  0.000000e+00 -2.760738e-01  9.957526e-01
-2.10000e+00 -3.20000e+00       2.709e+14  4.215403e-01  0.000000e+00 -6.436468e-01  5.784597e-01
-1.40000e+00 -3.20000e+00       1.687e+14  5.705301e-01  0.000000e+00 -7.074971e-01  4.294699e-01
-7.00000e-01 -3.20000e+00       4.711e+13  5.568470e-01  0.000000e+00 -5.104646e-01  4.431530e-01
 0.00000e+00 -3.20000e+00       2.436e+13  5.130271e-01  0.000000e+00  9.651101e-16  4.869729e-01
 7.00000e-01 -3.20000e+00       4.711e+13  5.568470e-01  0.000000e+00  5.104646e-01  4.431530e-01
 1.40000e+00 -3.20000e+00       1.687e+14  5.705301e-01  0.000000e+00  7.074971e-01  4.294699e-01
 2.10000e+00 -3.20000e+00       2.709e+14  4.215403e-01  0.000000e+00  6.436468e-01  5.784597e-01
 2.80000e+00 -3.20000e+00       1.936e+14  4.247439e-03  0.000000e+00  2.760738e-01  9.957526e-01
 3.50000e+00 -3.20000e+00       1.108e+14 -1.682083e-01  0.000000e+00 -3.772029e-01  8.317917e-01
 4.20000e+00 -3.20000e+00       6.486e+13  3.143460e-01  0.000000e+00 -6.235406e-01  6.856540e-01
 4.90000e+00 -3.20000e+00       3.168e+13  7.380235e-01  0.000000e+00 -4.033236e-01  2.619765e-01
 5.60000e+00 -3.20000e+00       1.156e+13  9.026786e-01  0.000000e+00 -4.169116e-02  9.732138e-02
 6.30000e+00 -3.20000e+00       3.071e+12  8.855640e-01  0.000000e+00  2.928226e-01  1.144360e-01
 7.00000e+00 -3.20000e+00       5.897e+11  7.651203e-01  0.000000e+00  5.532497e-01  2.348797e-01
-7.00000e+00 -2.80000e+00       2.053e+12  3.730746e-01  0.000000e+00 -8.833956e-01  6.269254e-01
-6.30000e+00 -2.80000e+00       1.067e+13  5.959193e-01  0.000000e+00 -7.401048e-01  4.040807e-01
-5.60000e+00 -2.80000e+00       4.080e+13  7.846601e-01  0.000000e+00 -5.078287e-01  2.153399e-01
-4.90000e+00 -2.80000e+00       1.154e+14  8.879606e-01  0.000000e+00 -1.823002e-01  1.120394e-01
-4.20000e+00 -2.80000e+00       2.404e+14  8.206960e-01  0.000000e+00  2.056207e-01  1.793040e-01
-3.50000e+00 -2.80000e+00       3.731e+14  4.699419e-01  0.000000e+00  5.175703e-01  5.300581e-01
-2.80000e+00 -2.80000e+00       5.020e+14  7.615005e-02  0.000000e+00  4.027871e-01  9.238499e-01
-2.10000e+00 -2.80000e+00       8.509e+14  4.228414e-01  0.000000e+00 -2.435109e-01  5.771586e-01
-1.40000e+00 -2.80000e+00       1.138e+15  7.177803e-01  0.000000e+00 -5.331480e-01  2.822197e-01
-7.00000e-01 -2.80000e+00       5.865e+14  7.781464e-01  0.000000e+00 -5.662362e-01  2.218536e-01
 0.00000e+00 -2.80000e+00       1.896e+14  7.763764e-01  0.000000e+00 -1.603259e-14  2.236236e-01
 7.00000e-01 -2.80000e+00       5.865e+14  7.781464e-01  0.000000e+00  5.662362e-01  2.218536e-01
 1.40000e+00 -2.80000e+00       1.138e+15  7.177803e-01  0.000000e+00  5.331480e-01  2.822197e-01
 2.10000e+00 -2.80000e+00       8.509e+14  4.228414e-01  0.000000e+00  2.435109e-01  5.771586e-01
 2.80000e+00 -2.80000e+00       5.020e+14  7.615005e-02  0.000000e+00 -4.027871e-01  9.238499e-01
 3.50000e+00 -2.80000e+00       3.731e+14  4.699419e-01  0.000000e+00 -5.175703e-01  5.300581e-01
 4.20000e+00 -2.80000e+00       2.404e+14  8.206960e-01  0.000000e+00 -2.056207e-01  1.793040e-01
 4.90000e+00 -2.80000e+00       1.154e+14  8.879606e-01  0.000000e+00  1.823002e-01  1.120394e-01
 5.60000e+00 -2.80000e+00       4.080e+13  7.846601e-01  0.000000e+00  5.078287e-01  2.153399e-01
 6.30000e+00 -2.80000e+00       1.067e+13  5.959193e-01  0.000000e+00  7.401048e-01  4.040807e-01
 7.00000e+00 -2.80000e+00       2.053e+12  3.730746e-01  0.000000e+00  8.833956e-01  6.269254e-01
-7.00000e+00 -2.40000e+00       5.097e+12 -7.248253e-02  0.000000e+00 -9.584253e-01  9.275175e-01
-6.30000e+00 -2.40000e+00       2.600e+13  1.917338e-01  0.000000e+00 -9.338244e-01  8.082662e-01
-5.60000e+00 -2.40000e+00       9.973e+13  4.632280e-01  0.000000e+00 -8.211398e-01  5.367720e-01
-4.90000e+00 -2.40000e+00       2.910e+14  7.039898e-01  0.000000e+00 -6.041189e-01  2.960102e-01
-4.20000e+00 -2.40000e+00       6.431e+14  8.564871e-01  0.000000e+00 -2.803957e-01  1.435129e-01
-3.50000e+00 -2.40000e+00       1.054e+15  8.297421e-01  0.000000e+00  1.076991e-01  1.702579e-01
-2.80000e+00 -2.40000e+00       1.255e+15  4.524962e-01  0.000000e+00  4.404715e-01  5.475038e-01
-2.10000e+00 -2.40000e+00       1.076e+15 -1.763744e-01  0.000000e+00  6.253338e-01  8.236256e-01
-1.40000e+00 -2.40000e+00       5.408e+14 -4.666511e-01  0.000000e+00  6.409702e-01  5.333489e-01
-7.00000e-01 -2.40000e+00       2.239e+14 -1.873331e-01  0.000000e+00  3.552810e-01  8.126669e-01
 0.00000e+00 -2.40000e+00       2.108e+14 -6.996392e-02  0.000000e+00 -5.786882e-16  9.300361e-01
 7.00000e-01 -2.40000e+00       2.239e+14 -1.873331e-01  0.000000e+00 -3.552810e-01  8.126669e-01
 1.40000e+00 -2.40000e+00       5.408e+14 -4.666511e-01  0.000000e+00 -6.409702e-01  5.333489e-01
 2.10000e+00 -2.40000e+00       1.076e+15 -1.763744e-01  0.000000e+00 -6.253338e-01  8.236256e-01
 2.80000e+00 -2.40000e+00       1.255e+15  4.524962e-01  0.000000e+00 -4.404715e-01  5.475038e-01
 3.50000e+00 -2.40000e+00       1.054e+15  8.297421e-01  0.000000e+00 -1.076991e-01  1.702579e-01
 4.20000e+00 -2.40000e+00       6.431e+14  8.564871e-01  0.000000e+00  2.803957e-01  1.435129e-01
 4.90000e+00 -2.40000e+00       2.910e+14  7.039898e-01  0.000000e+00  6.041189e-01  2.960102e-01
 5.60000e+00 -2.40000e+00       9.973e+13  4.632280e-01  0.000000e+00  8.211398e-01  5.367720e-01
 6.30000e+00 -2.40000e+00       2.600e+13  1.917338e-01  0.000000e+00  9.338244e-01  8.082662e-01
 7.00000e+00 -2.40000e+00       5.097e+12 -7.248253e-02  0.000000e+00  9.584253e-01  9.275175e-01
-7.00000e+00 -2.00000e+00       9.303e+12 -4.744765e-01  0.000000e+00 -8.303622e-01  5.255235e-01
-6.30000e+00 -2.00000e+00       4.597e+13 -2.057408e-01  0.000000e+00 -9.249188e-01  7.942592e-01
-5.60000e+00 -2.00000e+00       1.746e+14  1.073694e-01  0.000000e+00 -9.322584e-01  8.926306e-01
-4.90000e+00 -2.00000e+00       5.200e+14  4.267869e-01  0.000000e+00 -8.254983e-01  5.732131e-01
-4.20000e+00 -2.00000e+00       1.217e+15  6.973934e-01  0.000000e+00 -5.961298e-01  3.026066e-01
-3.50000e+00 -2.00000e+00       2.189e+15  8.571223e-01  0.000000e+00 -2.556994e-01  1.428777e-01
-2.80000e+00 -2.00000e+00       2.918e+15  8.431651e-01  0.000000e+00  8.678430e-02  1.568349e-01
-2.10000e+00 -2.00000e+00       2.874e+15  4.175722e-01  0.000000e+00  2.873319e-02  5.824278e-01
-1.40000e+00 -2.00000e+00       2.630e+15 -3.398811e-01  0.000000e+00 -4.572137e-01  6.601189e-01
-7.00000e-01 -2.00000e+00       1.560e+15 -5.964411e-01  0.000000e+00 -6.393466e-01  4.035589e-01
 0.00000e+00 -2.00000e+00       6.594e+14 -5.870499e-01  0.000000e+00 -1.547119e-14  4.129501e-01
 7.00000e-01 -2.00000e+00       1.560e+15 -5.964411e-01  0.000000e+00  6.393466e-01  4.035589e-01
 1.40000e+00 -2.00000e+00       2.630e+15 -3.398811e-01  0.000000e+00  4.572137e-01  6.601189e-01
 2.10000e+00 -2.00000e+00       2.874e+15  4.175722e-01  0.000000e+00 -2.873319e-02  5.824278e-01
 2.80000e+00 -2.00000e+00       2.918e+15  8.431651e-01  0.000000e+00 -8.678430e-02  1.568349e-01
 3.50000e+00 -2.00000e+00       2.189e+15  8.571223e-01  0.000000e+00  2.556994e-01  1.428777e-01
 4.20000e+00 -2.00000e+00       1.217e+15  6.973934e-01  0.000000e+00  5.961298e-01  3.026066e-01
 4.90000e+00 -2.00000e+00       5.200e+14  4.267869e-01  0.000000e+00  8.254983e-01  5.732131e-01
 5.60000e+00 -2.00000e+00       1.746e+14  1.073694e-01  0.000000e+00  9.322584e-01  8.926306e-01
 6.30000e+00 -2.00000e+00       4.597e+13 -2.057408e-01  0.000000e+00  9.249188e-01  7.942592e-01
 7.00000e+00 -2.00000e+00       9.303e+12 -4.744765e-01  0.000000e+00  8.303622e-01  5.255235e-01
-7.00000e+00 -1.60000e+00       1.272e+13 -7.764133e-01  0.000000e+00 -5.371161e-01  2.235867e-01
-6.30000e+00 -1.60000e+00       6.009e+13 -5.385557e-01  0.000000e+00 -7.592802e-01  4.614443e-01
-5.60000e+00 -1.60000e+00       2.241e+14 -2.063668e-01  0.000000e+00 -8.972388e-01  7.936332e-01
-4.90000e+00 -1.60000e+00       6.789e+14  1.724825e-01  0.000000e+00 -9.000482e-01  8.275175e-01
-4.20000e+00 -1.60000e+00       1.684e+15  5.229030e-01  0.000000e+00 -7.528650e-01  4.770970e-01
-3.50000e+00 -1.60000e+00       3.326e+15  7.742183e-01  0.000000e+00 -4.881779e-01  2.257817e-01
-2.80000e+00 -1.60000e+00       4.840e+15  8.607505e-01  0.000000e+00 -1.276442e-01  1.392495e-01
-2.10000e+00 -1.60000e+00       5.223e+15  7.749512e-01  0.000000e+00  3.523339e-01  2.250488e-01
-1.40000e+00 -1.60000e+00       3.616e+15  6.855670e-01  0.000000e+00  6.473892e-01  3.144330e-01
-7.00000e-01 -1.60000e+00       1.046e+15  6.555735e-01  0.000000e+00  7.036403e-01  3.444265e-01
 0.00000e+00 -1.60000e+00       2.236e+14  6.521229e-01  0.000000e+00 -1.182514e-14  3.478771e-01
 7.00000e-01 -1.60000e+00       1.046e+15  6.555735e-01  0.000000e+00 -7.036403e-01  3.444265e-01
 1.40000e+00 -1.60000e+00       3.616e+15  6.855670e-01  0.000000e+00 -6.473892e-01  3.144330e-01
 2.10000e+00 -1.60000e+00       5.223e+15  7.749512e-01  0.000000e+00 -3.523339e-01  2.250488e-01
 2.80000e+00 -1.60000e+00       4.840e+15  8.607505e-01  0.000000e+00  1.276442e-01  1.392495e-01
 3.50000e+00 -1.60000e+00       3.326e+15  7.742183e-01  0.000000e+00  4.881779e-01  2.257817e-01
 4.20000e+00 -1.60000e+00       1.684e+15  5.229030e-01  0.000000e+00  7.528650e-01  4.770970e-01
 4.90000e+00 -1.60000e+00       6.789e+14  1.724825e-01  0.000000e+00  9.000482e-01  8.275175e-01
 5.60000e+00 -1.60000e+00       2.241e+14 -2.063668e-01  0.000000e+00  8.972388e-01  7.936332e-01
 6.30000e+00 -1.60000e+00       6.009e+13 -5.385557e-01  0.000000e+00  7.592802e-01  4.614443e-01
 7.00000e+00 -1.60000e+00       1.272e+13 -7.764133e-01  0.000000e+00  5.371161e-01  2.235867e-01
-7.00000e+00 -1.20000e+00       2.789e+12 -7.924254e-01  0.000000e+00  1.764827e-01  2.075746e-01
-6.30000e+00 -1.20000e+00       1.187e+13 -6.572893e-01  0.000000e+00 -6.592322e-01  3.427107e-01
-5.60000e+00 -1.20000e+00       4.927e+13 -6.151532e-01  0.000000e+00 -7.695635e-01  3.848468e-01
-4.90000e+00 -1.20000e+00       7.462e+13 -5.050002e-01  0.000000e+00 -7.915661e-01  4.949998e-01
-4.20000e+00 -1.20000e+00       6.701e+13  7.254146e-02  0.000000e+00 -7.671784e-01  9.274585e-01
-3.50000e+00 -1.20000e+00       1.123e+14  7.224054e-01  0.000000e+00 -5.250472e-01  2.775946e-01
-2.80000e+00 -1.20000e+00       2.232e+14  9.096182e-01  0.000000e+00 -2.132781e-01  9.038178e-02
-2.10000e+00 -1.20000e+00       3.011e+14  9.518187e-01  0.000000e+00 -2.139696e-02  4.818127e-02
-1.40000e+00 -1.20000e+00       3.180e+14  8.874160e-01  0.000000e+00 -7.447573e-02  1.125840e-01
-7.00000e-01 -1.20000e+00       7.796e+14  8.839202e-01  0.000000e+00 -1.173140e-01  1.160798e-01
 0.00000e+00 -1.20000e+00       1.271e+15  9.042973e-01  0.000000e+00  9.138976e-17  9.570275e-02
 7.00000e-01 -1.20000e+00       7.796e+14  8.839202e-01  0.000000e+00  1.173140e-01  1.160798e-01
 1.40000e+00 -1.20000e+00       3.180e+14  8.874160e-01  0.000000e+00  7.447573e-02  1.125840e-01
 2.10000e+00 -1.20000e+00       3.011e+14  9.518187e-01  0.000000e+00  2.139696e-02  4.818127e-02
 2.80000e+00 -1.20000e+00       2.232e+14  9.096182e-01  0.000000e+00  2.132781e-01  9.038178e-02
 3.50000e+00 -1.20000e+00       1.123e+14  7.224054e-01  0.000000e+00  5.250472e-01  2.775946e-01
 4.20000e+00 -1.20000e+00       6.701e+13  7.254146e-02  0.000000e+00  7.671784e-01  9.274585e-01
 4.90000e+00 -1.20000e+00       7.462e+13 -5.050002e-01  0.000000e+00  7.915661e-01  4.949998e-01
 5.60000e+00 -1.20000e+00       4.927e+13 -6.151532e-01  0.000000e+00  7.695635e-01  3.848468e-01
 6.30000e+00 -1.20000e+00       1.187e+13 -6.572893e-01  0.000000e+00  6.592322e-01  3.427107e-01
 7.00000e+00 -1.20000e+00       2.789e+12 -7.924254e-01  0.000000e+00 -1.764827e-01  2.075746e-01
-7.00000e+00 -8.00000e-01       1.004e+13 -7.537697e-01  0.000000e+00  4.519124e-01  2.462303e-01
-6.30000e+00 -8.00000e-01       3.965e+13 -7.982583e-01  0.000000e+00 -3.909327e-02  2.017417e-01
-5.60000e+00 -8.00000e-01       1.398e+14 -5.100990e-01  0.000000e+00 -5.653859e-01  4.899010e-01
-4.90000e+00 -8.00000e-01       4.724e+14  2.123374e-02  0.000000e+00 -8.194273e-01  9.787663e-01
-4.20000e+00 -8.00000e-01       1.464e+15  4.906629e-01  0.000000e+00 -7.492276e-01  5.093371e-01
-3.50000e+00 -8.00000e-01       3.793e+15  7.760850e-01  0.000000e+00 -5.288355e-01  2.239150e-01
-2.80000e+00 -8.00000e-01       7.421e+15  9.148581e-01  0.000000e+00 -3.085414e-01  8.514193e-02
-2.10000e+00 -8.00000e-01       8.244e+15  9.186161e-01  0.000000e+00 -1.717724e-01  8.138387e-02
-1.40000e+00 -8.00000e-01       4.679e+15  5.145784e-01  0.000000e+00  7.890845e-02  4.854216e-01
-7.00000e-01 -8.00000e-01       2.810e+15 -3.062559e-01  0.000000e+00  4.302649e-01  6.937441e-01
 0.00000e+00 -8.00000e-01       2.200e+15 -4.648754e-01  0.000000e+00 -3.192675e-15  5.351246e-01
 7.00000e-01 -8.00000e-01       2.810e+15 -3.062559e-01  0.000000e+00 -4.302649e-01  6.937441e-01
 1.40000e+00 -8.00000e-01       4.679e+15  5.145784e-01  0.000000e+00 -7.890845e-02  4.854216e-01
 2.10000e+00 -8.00000e-01       8.244e+15  9.186161e-01  0.000000e+00  1.717724e-01  8.138387e-02
 2.80000e+00 -8.00000e-01       7.421e+15  9.148581e-01  0.000000e+00  3.085414e-01  8.514193e-02
 3.50000e+00 -8.00000e-01       3.793e+15  7.760850e-01  0.000000e+00  5.288355e-01  2.239150e-01
 4.20000e+00 -8.00000e-01       1.464e+15  4.906629e-01  0.000000e+00  7.492276e-01  5.093371e-01
 4.90000e+00 -8.00000e-01       4.724e+14  2.123374e-02  0.000000e+00  8.194273e-01  9.787663e-01
 5.60000e+00 -8.00000e-01       1.398e+14 -5.100990e-01  0.000000e+00  5.653859e-01  4.899010e-01
 6.30000e+00 -8.00000e-01       3.965e+13 -7.982583e-01  0.000000e+00  3.909327e-02  2.017417e-01
 7.00000e+00 -8.00000e-01       1.004e+13 -7.537697e-01  0.000000e+00 -4.519124e-01  2.462303e-01
-7.00000e+00 -4.00000e-01       5.891e+12  2.705897e-02  0.000000e+00  8.680431e-01  9.729410e-01
-6.30000e+00 -4.00000e-01       1.755e+13 -3.139500e-01  0.000000e+00  4.863039e-01  6.860500e-01
-5.60000e+00 -4.00000e-01       5.799e+13 -1.748029e-01  0.000000e+00 -3.339161e-01  8.251971e-01
-4.90000e+00 -4.00000e-01       2.557e+14  4.130371e-01  0.000000e+00 -6.664379e-01  5.869629e-01
-4.20000e+00 -4.00000e-01       1.060e+15  7.672341e-01  0.000000e+00 -5.322640e-01  2.327659e-01
-3.50000e+00 -4.00000e-01       3.346e+15  9.125415e-01  0.000000e+00 -3.422736e-01  8.745854e-02
-2.80000e+00 -4.00000e-01       7.164e+15  9.662496e-01  0.000000e+00 -2.020387e-01  3.375039e-02
-2.10000e+00 -4.00000e-01       8.887e+15  9.732523e-01  0.000000e+00 -5.201050e-02  2.674775e-02
-1.40000e+00 -4.00000e-01       8.886e+15  9.501534e-01  0.000000e+00  2.117966e-01  4.984660e-02
-7.00000e-01 -4.00000e-01       6.835e+15  9.372359e-01  0.000000e+00  3.112347e-01  6.276407e-02
 0.00000e+00 -4.00000e-01       3.851e+15  9.346702e-01  0.000000e+00  3.067933e-16  6.532980e-02
 7.00000e-01 -4.00000e-01       6.835e+15  9.372359e-01  0.000000e+00 -3.112347e-01  6.276407e-02
 1.40000e+00 -4.00000e-01       8.886e+15  9.501534e-01  0.000000e+00 -2.117966e-01  4.984660e-02
 2.10000e+00 -4.00000e-01       8.887e+15  9.732523e-01  0.000000e+00  5.201050e-02  2.674775e-02
 2.80000e+00 -4.00000e-01       7.164e+15  9.662496e-01  0.000000e+00  2.020387e-01  3.375039e-02
 3.50000e+00 -4.00000e-01       3.346e+15  9.125415e-01  0.000000e+00  3.422736e-01  8.745854e-02
 4.20000e+00 -4.00000e-01       1.060e+15  7.672341e-01  0.000000e+00  5.322640e-01  2.327659e-01
 4.90000e+00 -4.00000e-01       2.557e+14  4.130371e-01  0.000000e+00  6.664379e-01  5.869629e-01
 5.60000e+00 -4.00000e-01       5.799e+13 -1.748029e-01  0.000000e+00  3.339161e-01  8.251971e-01
 6.30000e+00 -4.00000e-01       1.755e+13 -3.139500e-01  0.000000e+00 -4.863039e-01  6.860500e-01
 7.00000e+00 -4.00000e-01       5.891e+12  2.705897e-02  0.000000e+00 -8.680431e-01  9.729410e-01
-7.00000e+00  0.00000e+00       3.995e+12  9.982641e-01  0.000000e+00  1.309829e-11  1.735858e-03
-6.30000e+00  0.00000e+00       7.798e+12  9.964039e-01  0.000000e+00  1.801631e-09  3.596098e-03
-5.60000e+00  0.00000e+00       2.250e+13  9.964663e-01  0.000000e+00  4.329773e-09  3.533660e-03
-4.90000e+00  0.00000e+00       1.616e+14  9.988724e-01  0.000000e+00  1.362406e-09  1.127561e-03
-4.20000e+00  0.00000e+00       8.795e+14  9.996485e-01  0.000000e+00 -2.222569e-10  3.514929e-04
-3.50000e+00  0.00000e+00       3.116e+15  9.998854e-01  0.000000e+00 -2.952782e-10  1.145944e-04
-2.80000e+00  0.00000e+00       7.000e+15  9.999608e-01  0.000000e+00 -2.275767e-11  3.919159e-05
-2.10000e+00  0.00000e+00       9.517e+15  9.999801e-01  0.000000e+00 -6.008128e-10  1.990432e-05
-1.40000e+00  0.00000e+00       1.110e+16  9.999693e-01  0.000000e+00 -1.569339e-09  3.072045e-05
-7.00000e-01  0.00000e+00       8.207e+15  9.998962e-01  0.000000e+00 -1.515268e-09  1.038201e-04
 0.00000e+00  0.00000e+00       4.139e+15  9.997153e-01  0.000000e+00 -4.575426e-17  2.847137e-04
 7.00000e-01  0.00000e+00       8.207e+15  9.998962e-01  0.000000e+00  1.515267e-09  1.038201e-04
 1.40000e+00  0.00000e+00       1.110e+16  9.999693e-01  0.000000e+00  1.569339e-09  3.072045e-05
 2.10000e+00  0.00000e+00       9.517e+15  9.999801e-01  0.000000e+00  6.008129e-10  1.990432e-05
 2.80000e+00  0.00000e+00       7.000e+15  9.999608e-01  0.000000e+00  2.275787e-11  3.919159e-05
 3.50000e+00  0.00000e+00       3.116e+15  9.998854e-01  0.000000e+00  2.952785e-10  1.145944e-04
 4.20000e+00  0.00000e+00       8.795e+14  9.996485e-01  0.000000e+00  2.222577e-10  3.514929e-04
 4.90000e+00  0.00000e+00       1.616e+14  9.988724e-01  0.000000e+00 -1.362405e-09  1.127561e-03
 5.60000e+00  0.00000e+00       2.250e+13  9.964663e-01  0.000000e+00 -4.329772e-09  3.533660e-03
 6.30000e+00  0.00000e+00       7.798e+12  9.964039e-01  0.000000e+00 -1.801634e-09  3.596098e-03
 7.00000e+00  0.00000e+00       3.995e+12  9.982641e-01  0.000000e+00 -1.310141e-11  1.735858e-03
-7.00000e+00  4.00000e-01       5.891e+12  2.705897e-02  0.000000e+00 -8.680431e-01  9.729410e-01
-6.30000e+00  4.00000e-01       1.755e+13 -3.139500e-01  0.000000e+00 -4.863039e-01  6.860500e-01
-5.60000e+00  4.00000e-01       5.799e+13 -1.748029e-01  0.000000e+00  3.339161e-01  8.251971e-01
-4.90000e+00  4.00000e-01       2.557e+14  4.130371e-01  0.000000e+00  6.664379e-01  5.869629e-01
-4.20000e+00  4.00000e-01       1.060e+15  7.672341e-01  0.000000e+00  5.322640e-01  2.327659e-01
-3.50000e+00  4.00000e-01       3.346e+15  9.125415e-01  0.000000e+00  3.422736e-01  8.745854e-02
-2.80000e+00  4.00000e-01       7.164e+15  9.662496e-01  0.000000e+00  2.020387e-01  3.375039e-02
-2.10000e+00  4.00000e-01       8.887e+15  9.732523e-01  0.000000e+00  5.201049e-02  2.674775e-02
-1.40000e+00  4.00000e-01       8.886e+15  9.501534e-01  0.000000e+00 -2.117966e-01  4.984660e-02
-7.00000e-01  4.00000e-01       6.835e+15  9.372359e-01  0.000000e+00 -3.112347e-01  6.276407e-02
 0.00000e+00  4.00000e-01       3.851e+15  9.346702e-01  0.000000e+00 -3.070657e-16  6.532981e-02
 7.00000e-01  4.00000e-01       6.835e+15  9.372359e-01  0.000000e+00  3.112347e-01  6.276407e-02
 1.40000e+00  4.00000e-01       8.886e+15  9.501534e-01  0.000000e+00  2.117966e-01  4.984660e-02
 2.10000e+00  4.00000e-01       8.887e+15  9.732523e-01  0.000000e+00 -5.201049e-02  2.674775e-02
 2.80000e+00  4.00000e-01       7.164e+15  9.662496e-01  0.000000e+00 -2.020387e-01  3.375039e-02
 3.50000e+00  4.00000e-01       3.346e+15  9.125415e-01  0.000000e+00 -3.422736e-01  8.745854e-02
 4.20000e+00  4.00000e-01       1.060e+15  7.672341e-01  0.000000e+00 -5.322640e-01  2.327659e-01
 4.90000e+00  4.00000e-01       2.557e+14  4.130371e-01  0.000000e+00 -6.664379e-01  5.869629e-01
 5.60000e+00  4.00000e-01       5.799e+13 -1.748029e-01  0.000000e+00 -3.339161e-01  8.251971e-01
 6.30000e+00  4.00000e-01       1.755e+13 -3.139500e-01  0.000000e+00  4.863039e-01  6.860500e-01
 7.00000e+00  4.00000e-01       5.891e+12  2.705897e-02  0.000000e+00  8.680431e-01  9.729410e-01
-7.00000e+00  8.00000e-01       1.004e+13 -7.537697e-01  0.000000e+00 -4.519124e-01  2.462303e-01
-6.30000e+00  8.00000e-01       3.965e+13 -7.982583e-01  0.000000e+00  3.909327e-02  2.017417e-01
-5.60000e+00  8.00000e-01       1.398e+14 -5.100990e-01  0.000000e+00  5.653859e-01  4.899010e-01
-4.90000e+00  8.00000e-01       4.724e+14  2.123374e-02  0.000000e+00  8.194273e-01  9.787663e-01
-4.20000e+00  8.00000e-01       1.464e+15  4.906629e-01  0.000000e+00  7.492276e-01  5.093371e-01
-3.50000e+00  8.00000e-01       3.793e+15  7.760850e-01  0.000000e+00  5.288355e-01  2.239150e-01
-2.80000e+00  8.00000e-01       7.421e+15  9.148581e-01  0.000000e+00  3.085414e-01  8.514193e-02
-2.10000e+00  8.00000e-01       8.244e+15  9.186161e-01  0.000000e+00  1.717724e-01  8.138387e-02
-1.40000e+00  8.00000e-01       4.679e+15  5.145784e-01  0.000000e+00 -7.890846e-02  4.854216e-01
-7.00000e-01  8.00000e-01       2.810e+15 -3.062559e-01  0.000000e+00 -4.302649e-01  6.937441e-01
 0.00000e+00  8.00000e-01       2.200e+15 -4.648753e-01  0.000000e+00  1.993879e-15  5.351247e-01
 7.00000e-01  8.00000e-01       2.810e+15 -3.062559e-01  0.000000e+00  4.302649e-01  6.937441e-01
 1.40000e+00  8.00000e-01       4.679e+15  5.145784e-01  0.000000e+00  7.890846e-02  4.854216e-01
 2.10000e+00  8.00000e-01       8.244e+15  9.186161e-01  0.000000e+00 -1.717724e-01  8.138387e-02
 2.80000e+00  8.00000e-01       7.421e+15  9.148581e-01  0.000000e+00 -3.085414e-01  8.514193e-02
 3.50000e+00  8.00000e-01       3.793e+15  7.760850e-01  0.000000e+00 -5.288355e-01  2.239150e-01
 4.20000e+00  8.00000e-01       1.464e+15  4.906629e-01  0.000000e+00 -7.492276e-01  5.093371e-01
 4.90000e+00  8.00000e-01       4.724e+14  2.123374e-02  0.000000e+00 -8.194273e-01  9.787663e-01
 5.60000e+00  8.00000e-01       1.398e+14 -5.100990e-01  0.000000e+00 -5.653859e-01  4.899010e-01
 6.30000e+00  8.00000e-01       3.965e+13 -7.982583e-01  0.000000e+00 -3.909327e-02  2.017417e-01
 7.00000e+00  8.00000e-01       1.004e+13 -7.537697e-01  0.000000e+00  4.519124e-01  2.462303e-01
-7.00000e+00  1.20000e+00       2.789e+12 -7.924254e-01  0.000000e+00 -1.764827e-01  2.075746e-01
-6.30000e+00  1.20000e+00       1.187e+13 -6.572893e-01  0.000000e+00  6.592323e-01  3.427107e-01
-5.60000e+00  1.20000e+00       4.927e+13 -6.151532e-01  0.000000e+00  7.695635e-01  3.848468e-01
-4.90000e+00  1.20000e+00       7.462e+13 -5.050002e-01  0.000000e+00  7.915661e-01  4.949998e-01
-4.20000e+00  1.20000e+00       6.701e+13  7.254147e-02  0.000000e+00  7.671784e-01  9.274585e-01
-3.50000e+00  1.20000e+00       1.123e+14  7.224054e-01  0.000000e+00  5.250472e-01  2.775946e-01
-2.80000e+00  1.20000e+00       2.232e+14  9.096182e-01  0.000000e+00  2.132781e-01  9.038181e-02
-2.10000e+00  1.20000e+00       3.011e+14  9.518187e-01  0.000000e+00  2.139692e-02  4.818130e-02
-1.40000e+00  1.20000e+00       3.180e+14  8.874160e-01  0.000000e+00  7.447560e-02  1.125840e-01
-7.00000e-01  1.20000e+00       7.796e+14  8.839202e-01  0.000000e+00  1.173140e-01  1.160798e-01
 0.00000e+00  1.20000e+00       1.271e+15  9.042973e-01  0.000000e+00 -5.335706e-16  9.570275e-02
 7.00000e-01  1.20000e+00       7.796e+14  8.839202e-01  0.000000e+00 -1.173140e-01  1.160798e-01
 1.40000e+00  1.20000e+00       3.180e+14  8.874160e-01  0.000000e+00 -7.447560e-02  1.125840e-01
 2.10000e+00  1.20000e+00       3.011e+14  9.518187e-01  0.000000e+00 -2.139692e-02  4.818130e-02
 2.80000e+00  1.20000e+00       2.232e+14  9.096182e-01  0.000000e+00 -2.132781e-01  9.038181e-02
 3.50000e+00  1.20000e+00       1.123e+14  7.224054e-01  0.000000e+00 -5.250472e-01  2.775946e-01
 4.20000e+00  1.20000e+00       6.701e+13  7.254147e-02  0.000000e+00 -7.671784e-01  9.274585e-01
 4.90000e+00  1.20000e+00       7.462e+13 -5.050002e-01  0.000000e+00 -7.915661e-01  4.949998e-01
 5.60000e+00  1.20000e+00       4.927e+13 -6.151532e-01  0.000000e+00 -7.695635e-01  3.848468e-01
 6.30000e+00  1.20000e+00       1.187e+13 -6.572893e-01  0.000000e+00 -6.592323e-01  3.427107e-01
 7.00000e+00  1.20000e+00       2.789e+12 -7.924254e-01  0.000000e+00  1.764827e-01  2.075746e-01
-7.00000e+00  1.60000e+00       1.272e+13 -7.764133e-01  0.000000e+00  5.371161e-01  2.235867e-01
-6.30000e+00  1.60000e+00       6.009e+13 -5.385557e-01  0.000000e+00  7.592802e-01  4.614443e-01
-5.60000e+00  1.60000e+00       2.241e+14 -2.063668e-01  0.000000e+00  8.972388e-01  7.936332e-01
-4.90000e+00  1.60000e+00       6.789e+14  1.724825e-01  0.000000e+00  9.000482e-01  8.275175e-01
-4.20000e+00  1.60000e+00       1.684e+15  5.229030e-01  0.000000e+00  7.528650e-01  4.770970e-01
-3.50000e+00  1.60000e+00       3.326e+15  7.742183e-01  0.000000e+00  4.881779e-01  2.257817e-01
-2.80000e+00  1.60000e+00       4.840e+15  8.607505e-01  0.000000e+00  1.276442e-01  1.392495e-01
-2.10000e+00  1.60000e+00       5.223e+15  7.749512e-01  0.000000e+00 -3.523339e-01  2.250488e-01
-1.40000e+00  1.60000e+00       3.616e+15  6.855670e-01  0.000000e+00 -6.473892e-01  3.144330e-01
-7.00000e-01  1.60000e+00       1.046e+15  6.555734e-01  0.000000e+00 -7.036404e-01  3.444266e-01
 0.00000e+00  1.60000e+00       2.236e+14  6.521229e-01  0.000000e+00  1.179072e-14  3.478771e-01
 7.00000e-01  1.60000e+00       1.046e+15  6.555734e-01  0.000000e+00  7.036404e-01  3.444266e-01
 1.40000e+00  1.60000e+00       3.616e+15  6.855670e-01  0.000000e+00  6.473892e-01  3.144330e-01
 2.10000e+00  1.60000e+00       5.223e+15  7.749512e-01  0.000000e+00  3.523339e-01  2.250488e-01
 2.80000e+00  1.60000e+00       4.840e+15  8.607505e-01  0.000000e+00 -1.276442e-01  1.392495e-01
 3.50000e+00  1.60000e+00       3.326e+15  7.742183e-01  0.000000e+00 -4.881779e-01  2.257817e-01
 4.20000e+00  1.60000e+00       1.684e+15  5.229030e-01  0.000000e+00 -7.528650e-01  4.770970e-01
 4.90000e+00  1.60000e+00       6.789e+14  1.724825e-01  0.000000e+00 -9.000482e-01  8.275175e-01
 5.60000e+00  1.60000e+00       2.241e+14 -2.063668e-01  0.000000e+00 -8.972388e-01  7.936332e-01
 6.30000e+00  1.60000e+00       6.009e+13 -5.385557e-01  0.000000e+00 -7.592802e-01  4.614443e-01
 7.00000e+00  1.60000e+00       1.272e+13 -7.764133e-01  0.000000e+00 -5.371161e-01  2.235867e-01
-7.00000e+00  2.00000e+00       9.303e+12 -4.744765e-01  0.000000e+00  8.303622e-01  5.255235e-01
-6.30000e+00  2.00000e+00       4.597e+13 -2.057408e-01  0.000000e+00  9.249188e-01  7.942592e-01
-5.60000e+00  2.00000e+00       1.746e+14  1.073694e-01  0.000000e+00  9.322584e-01  8.926306e-01
-4.90000e+00  2.00000e+00       5.200e+14  4.267869e-01  0.000000e+00  8.254983e-01  5.732131e-01
-4.20000e+00  2.00000e+00       1.217e+15  6.973934e-01  0.000000e+00  5.961298e-01  3.026066e-01
-3.50000e+00  2.00000e+00       2.189e+15  8.571223e-01  0.000000e+00  2.556994e-01  1.428777e-01
-2.80000e+00  2.00000e+00       2.918e+15  8.431651e-01  0.000000e+00 -8.678430e-02  1.568349e-01
-2.10000e+00  2.00000e+00       2.874e+15  4.175722e-01  0.000000e+00 -2.873319e-02  5.824278e-01
-1.40000e+00  2.00000e+00       2.630e+15 -3.398811e-01  0.000000e+00  4.572137e-01  6.601189e-01
-7.00000e-01  2.00000e+00       1.560e+15 -5.964411e-01  0.000000e+00  6.393466e-01  4.035589e-01
 0.00000e+00  2.00000e+00       6.594e+14 -5.870499e-01  0.000000e+00  1.540560e-14  4.129501e-01
 7.00000e-01  2.00000e+00       1.560e+15 -5.964411e-01  0.000000e+00 -6.393466e-01  4.035589e-01
 1.40000e+00  2.00000e+00       2.630e+15 -3.398811e-01  0.000000e+00 -4.572137e-01  6.601189e-01
 2.10000e+00  2.00000e+00       2.874e+15  4.175722e-01  0.000000e+00  2.873319e-02  5.824278e-01
 2.80000e+00  2.00000e+00       2.918e+15  8.431651e-01  0.000000e+00  8.678430e-02  1.568349e-01
 3.50000e+00  2.00000e+00       2.189e+15  8.571223e-01  0.000000e+00 -2.556994e-01  1.428777e-01
 4.20000e+00  2.00000e+00       1.217e+15  6.973934e-01  0.000000e+00 -5.961298e-01  3.026066e-01
 4.90000e+00  2.00000e+00       5.200e+14  4.267869e-01  0.000000e+00 -8.254983e-01  5.732131e-01
 5.60000e+00  2.00000e+00       1.746e+14  1.073694e-01  0.000000e+00 -9.322584e-01  8.926306e-01
 6.30000e+00  2.00000e+00       4.597e+13 -2.057408e-01  0.000000e+00 -9.249188e-01  7.942592e-01
 7.00000e+00  2.00000e+00       9.303e+12 -4.744765e-01  0.000000e+00 -8.303622e-01  5.255235e-01
-7.00000e+00  2.40000e+00       5.097e+12 -7.248253e-02  0.000000e+00  9.584253e-01  9.275175e-01
-6.30000e+00  2.40000e+00       2.600e+13  1.917338e-01  0.000000e+00  9.338243e-01  8.082662e-01
-5.60000e+00  2.40000e+00       9.973e+13  4.632280e-01  0.000000e+00  8.211398e-01  5.367720e-01
-4.90000e+00  2.40000e+00       2.910e+14  7.039898e-01  0.000000e+00  6.041189e-01  2.960102e-01
-4.20000e+00  2.40000e+00       6.431e+14  8.564871e-01  0.000000e+00  2.803957e-01  1.435129e-01
-3.50000e+00  2.40000e+00       1.054e+15  8.297421e-01  0.000000e+00 -1.076991e-01  1.702579e-01
-2.80000e+00  2.40000e+00       1.255e+15  4.524962e-01  0.000000e+00 -4.404715e-01  5.475038e-01
-2.10000e+00  2.40000e+00       1.076e+15 -1.763744e-01  0.000000e+00 -6.253338e-01  8.236256e-01
-1.40000e+00  2.40000e+00       5.408e+14 -4.666511e-01  0.000000e+00 -6.409703e-01  5.333489e-01
-7.00000e-01  2.40000e+00       2.239e+14 -1.873331e-01  0.000000e+00 -3.552812e-01  8.126669e-01
 0.00000e+00  2.40000e+00       2.108e+14 -6.996392e-02  0.000000e+00  3.866064e-16  9.300361e-01
 7.00000e-01  2.40000e+00       2.239e+14 -1.873331e-01  0.000000e+00  3.552812e-01  8.126669e-01
 1.40000e+00  2.40000e+00       5.408e+14 -4.666511e-01  0.000000e+00  6.409703e-01  5.333489e-01
 2.10000e+00  2.40000e+00       1.076e+15 -1.763744e-01  0.000000e+00  6.253338e-01  8.236256e-01
 2.80000e+00  2.40000e+00       1.255e+15  4.524962e-01  0.000000e+00  4.404715e-01  5.475038e-01
 3.50000e+00  2.40000e+00       1.054e+15  8.297421e-01  0.000000e+00  1.076991e-01  1.702579e-01
 4.20000e+00  2.40000e+00       6.431e+14  8.564871e-01  0.000000e+00 -2.803957e-01  1.435129e-01
 4.90000e+00  2.40000e+00       2.910e+14  7.039898e-01  0.000000e+00 -6.041189e-01  2.960102e-01
 5.60000e+00  2.40000e+00       9.973e+13  4.632280e-01  0.000000e+00 -8.211398e-01  5.367720e-01
 6.30000e+00  2.40000e+00       2.600e+13  1.917338e-01  0.000000e+00 -9.338243e-01  8.082662e-01
 7.00000e+00  2.40000e+00       5.097e+12 -7.248253e-02  0.000000e+00 -9.584253e-01  9.275175e-01
-7.00000e+00  2.80000e+00       2.053e+12  3.730746e-01  0.000000e+00  8.833956e-01  6.269254e-01
-6.30000e+00  2.80000e+00       1.067e+13  5.959193e-01  0.000000e+00  7.401048e-01  4.040807e-01
-5.60000e+00  2.80000e+00       4.080e+13  7.846601e-01  0.000000e+00  5.078287e-01  2.153399e-01
-4.90000e+00  2.80000e+00       1.154e+14  8.879605e-01  0.000000e+00  1.823002e-01  1.120395e-01
-4.20000e+00  2.80000e+00       2.404e+14  8.206960e-01  0.000000e+00 -2.056207e-01  1.793040e-01
-3.50000e+00  2.80000e+00       3.731e+14  4.699419e-01  0.000000e+00 -5.175703e-01  5.300581e-01
-2.80000e+00  2.80000e+00       5.020e+14  7.615003e-02  0.000000e+00 -4.027871e-01  9.238500e-01
-2.10000e+00  2.80000e+00       8.509e+14  4.228413e-01  0.000000e+00  2.435108e-01  5.771587e-01
-1.40000e+00  2.80000e+00       1.138e+15  7.177803e-01  0.000000e+00  5.331479e-01  2.822197e-01
-7.00000e-01  2.80000e+00       5.865e+14  7.781463e-01  0.000000e+00  5.662360e-01  2.218537e-01
 0.00000e+00  2.80000e+00       1.896e+14  7.763763e-01  0.000000e+00  1.600753e-14  2.236237e-01
 7.00000e-01  2.80000e+00       5.865e+14  7.781463e-01  0.000000e+00 -5.662360e-01  2.218537e-01
 1.40000e+00  2.80000e+00       1.138e+15  7.177803e-01  0.000000e+00 -5.331479e-01  2.822197e-01
 2.10000e+00  2.80000e+00       8.509e+14  4.228413e-01  0.000000e+00 -2.435108e-01  5.771587e-01
 2.80000e+00  2.80000e+00       5.020e+14  7.615003e-02  0.000000e+00  4.027871e-01  9.238500e-01
 3.50000e+00  2.80000e+00       3.731e+14  4.699419e-01  0.000000e+00  5.175703e-01  5.300581e-01
 4.20000e+00  2.80000e+00       2.404e+14  8.206960e-01  0.000000e+00  2.056207e-01  1.793040e-01
 4.90000e+00  2.80000e+00       1.154e+14  8.879605e-01  0.000000e+00 -1.823002e-01  1.120395e-01
 5.60000e+00  2.80000e+00       4.080e+13  7.846601e-01  0.000000e+00 -5.078287e-01  2.153399e-01
 6.30000e+00  2.80000e+00       1.067e+13  5.959193e-01  0.000000e+00 -7.401048e-01  4.040807e-01
 7.00000e+00  2.80000e+00       2.053e+12  3.730746e-01  0.000000e+00 -8.833956e-01  6.269254e-01
-7.00000e+00  3.20000e+00       5.897e+11  7.651202e-01  0.000000e+00  5.532496e-01  2.348798e-01
-6.30000e+00  3.20000e+00       3.071e+12  8.855640e-01  0.000000e+00  2.928226e-01  1.144360e-01
-5.60000e+00  3.20000e+00       1.156e+13  9.026785e-01  0.000000e+00 -4.169109e-02  9.732146e-02
-4.90000e+00  3.20000e+00       3.168e+13  7.380235e-01  0.000000e+00 -4.033235e-01  2.619765e-01
-4.20000e+00  3.20000e+00       6.486e+13  3.143460e-01  0.000000e+00 -6.235405e-01  6.856540e-01
-3.50000e+00  3.20000e+00       1.108e+14 -1.682082e-01  0.000000e+00 -3.772029e-01  8.317918e-01
-2.80000e+00  3.20000e+00       1.936e+14  4.247355e-03  0.000000e+00  2.760737e-01  9.957526e-01
-2.10000e+00  3.20000e+00       2.709e+14  4.215400e-01  0.000000e+00  6.436464e-01  5.784600e-01
-1.40000e+00  3.20000e+00       1.687e+14  5.705296e-01  0.000000e+00  7.074957e-01  4.294704e-01
-7.00000e-01  3.20000e+00       4.711e+13  5.568459e-01  0.000000e+00  5.104616e-01  4.431541e-01
 0.00000e+00  3.20000e+00       2.436e+13  5.130263e-01  0.000000e+00 -2.340181e-16  4.869737e-01
 7.00000e-01  3.20000e+00       4.711e+13  5.568459e-01  0.000000e+00 -5.104616e-01  4.431541e-01
 1.40000e+00  3.20000e+00       1.687e+14  5.705296e-01  0.000000e+00 -7.074957e-01  4.294704e-01
 2.10000e+00  3.20000e+00       2.709e+14  4.215400e-01  0.000000e+00 -6.436464e-01  5.784600e-01
 2.80000e+00  3.20000e+00       1.936e+14  4.247355e-03  0.000000e+00 -2.760737e-01  9.957526e-01
 3.50000e+00  3.20000e+00       1.108e+14 -1.682082e-01  0.000000e+00  3.772029e-01  8.317918e-01
 4.20000e+00  3.20000e+00       6.486e+13  3.143460e-01  0.000000e+00  6.235405e-01  6.856540e-01
 4.90000e+00  3.20000e+00       3.168e+13  7.380235e-01  0.000000e+00  4.033235e-01  2.619765e-01
 5.60000e+00  3.20000e+00       1.156e+13  9.026785e-01  0.000000e+00  4.169109e-02  9.732146e-02
 6.30000e+00  3.20000e+00       3.071e+12  8.855640e-01  0.000000e+00 -2.928226e-01  1.144360e-01
 7.00000e+00  3.20000e+00       5.897e+11  7.651202e-01  0.000000e+00 -5.532496e-01  2.348798e-01
-7.00000e+00  3.60000e+00       1.183e+11  8.865535e-01  0.000000e+00 -4.902377e-02  1.134465e-01
-6.30000e+00  3.60000e+00       6.084e+11  7.952810e-01  0.000000e+00 -3.693815e-01  2.047190e-01
-5.60000e+00  3.60000e+00       2.276e+12  4.951721e-01  0.000000e+00 -6.471594e-01  5.048279e-01
-4.90000e+00  3.60000e+00       6.425e+12 -3.880451e-03  0.000000e+00 -6.782800e-01  9.961195e-01
-4.20000e+00  3.60000e+00       1.506e+13 -4.003716e-01  0.000000e+00 -2.407278e-01  5.996284e-01
-3.50000e+00  3.60000e+00       3.291e+13 -1.583691e-01  0.000000e+00  3.319943e-01  8.416309e-01
-2.80000e+00  3.60000e+00       6.268e+13  3.608261e-01  0.000000e+00  4.953628e-01  6.391739e-01
-2.10000e+00  3.60000e+00       9.195e+13  1.057478e-01  0.000000e+00  4.521579e-01  8.942522e-01
-1.40000e+00  3.60000e+00       1.320e+14 -6.206317e-01  0.000000e+00  4.228355e-01  3.793683e-01
-7.00000e-01  3.60000e+00       1.108e+14 -8.171045e-01  0.000000e+00  4.059207e-01  1.828955e-01
 0.00000e+00  3.60000e+00       6.077e+13 -8.154628e-01  0.000000e+00  2.949527e-15  1.845372e-01
 7.00000e-01  3.60000e+00       1.108e+14 -8.171045e-01  0.000000e+00 -4.059207e-01  1.828955e-01
 1.40000e+00  3.60000e+00       1.320e+14 -6.206317e-01  0.000000e+00 -4.228355e-01  3.793683e-01
 2.10000e+00  3.60000e+00       9.195e+13  1.057478e-01  0.000000e+00 -4.521579e-01  8.942522e-01
 2.80000e+00  3.60000e+00       6.268e+13  3.608261e-01  0.000000e+00 -4.953628e-01  6.391739e-01
 3.50000e+00  3.60000e+00       3.291e+13 -1.583691e-01  0.000000e+00 -3.319943e-01  8.416309e-01
 4.20000e+00  3.60000e+00       1.506e+13 -4.003716e-01  0.000000e+00  2.407278e-01  5.996284e-01
 4.90000e+00  3.60000e+00       6.425e+12 -3.880451e-03  0.000000e+00  6.782800e-01  9.961195e-01
 5.60000e+00  3.60000e+00       2.276e+12  4.951721e-01  0.000000e+00  6.471594e-01  5.048279e-01
 6.30000e+00  3.60000e+00       6.084e+11  7.952810e-01  0.000000e+00  3.693815e-01  2.047190e-01
 7.00000e+00  3.60000e+00       1.183e+11  8.865535e-01  0.000000e+00  4.902377e-02  1.134465e-01
-7.00000e+00  4.00000e+00       1.786e+10  3.365152e-01  0.000000e+00 -6.116223e-01  6.634848e-01
-6.30000e+00  4.00000e+00       8.827e+10  1.212706e-02  0.000000e+00 -7.278253e-01  9.878729e-01
-5.60000e+00  4.00000e+00       3.520e+11 -4.133798e-01  0.000000e+00 -4.824259e-01  5.866202e-01
-4.90000e+00  4.00000e+00       1.200e+12 -5.218203e-01  0.000000e+00  1.064826e-01  4.781797e-01
-4.20000e+00  4.00000e+00       3.552e+12 -1.040112e-01  0.000000e+00  5.109338e-01  8.959888e-01
-3.50000e+00  4.00000e+00       8.465e+12  4.249425e-01  0.000000e+00  3.583614e-01  5.750575e-01
-2.80000e+00  4.00000e+00       1.519e+13  4.529748e-01  0.000000e+00  1.057659e-01  5.470252e-01
-2.10000e+00  4.00000e+00       2.214e+13 -2.111470e-01  0.000000e+00  2.673959e-01  7.888530e-01
-1.40000e+00  4.00000e+00       2.177e+13 -6.500857e-01  0.000000e+00  4.530976e-01  3.499143e-01
-7.00000e-01  4.00000e+00       9.040e+12 -6.655237e-01  0.000000e+00  4.684980e-01  3.344763e-01
 0.00000e+00  4.00000e+00       2.859e+12 -4.071127e-01  0.000000e+00 -1.596925e-14  5.928873e-01
 7.00000e-01  4.00000e+00       9.040e+12 -6.655237e-01  0.000000e+00 -4.684980e-01  3.344763e-01
 1.40000e+00  4.00000e+00       2.177e+13 -6.500857e-01  0.000000e+00 -4.530976e-01  3.499143e-01
 2.10000e+00  4.00000e+00       2.214e+13 -2.111470e-01  0.000000e+00 -2.673959e-01  7.888530e-01
 2.80000e+00  4.00000e+00       1.519e+13  4.529748e-01  0.000000e+00 -1.057659e-01  5.470252e-01
 3.50000e+00  4.00000e+00       8.465e+12  4.249425e-01  0.000000e+00 -3.583614e-01  5.750575e-01
 4.20000e+00  4.00000e+00       3.552e+12 -1.040112e-01  0.000000e+00 -5.109338e-01  8.959888e-01
 4.90000e+00  4.00000e+00       1.200e+12 -5.218203e-01  0.000000e+00 -1.064826e-01  4.781797e-01
 5.60000e+00  4.00000e+00       3.520e+11 -4.133798e-01  0.000000e+00  4.824259e-01  5.866202e-01
 6.30000e+00  4.00000e+00       8.827e+10  1.212706e-02  0.000000e+00  7.278253e-01  9.878729e-01
 7.00000e+00  4.00000e+00       1.786e+10  3.365152e-01  0.000000e+00  6.116223e-01  6.634848e-01
