 EB(GeV)    EMITTANCEx EMITTANCEy SIZEx(m)   SIZEy(m)   DIVx(rad)  DIVy(rad)
 2.411e+00  5.499e-09  1.017e-12  8.711e-05  1.009e-06  6.313e-05  1.009e-06
 betax      alphax     betay      alphay     eta        deta       E_spread  
 1.380e+00  0.000e+00  1.000e+00  0.000e+00  0.000e+00  0.000e+00  8.600e-04
 Ibeam(A)   period(cm) #periods   Kx         Ky         Energy(eV)
 4.005e-01  1.900e+00         96  0.000e+00  1.780e+00  5.149e+02


           x            y       F.Density            PL            PC          PL45        1-|PL|
          mm           mm  ph/s/mr^2/0.1%             -             -             -             -
-7.00000e+00 -4.00000e+00       1.985e+14 -9.942035e-01  0.000000e+00 -5.561631e-02  5.796491e-03
-6.30000e+00 -4.00000e+00       1.809e+14 -8.974181e-01  0.000000e+00 -2.847463e-01  1.025819e-01
-5.60000e+00 -4.00000e+00       4.930e+14 -7.323318e-01  0.000000e+00 -6.657592e-01  2.676682e-01
-4.90000e+00 -4.00000e+00       1.019e+15 -7.194667e-01  0.000000e+00 -6.933075e-01  2.805333e-01
-4.20000e+00 -4.00000e+00       6.615e+14 -7.157452e-01  0.000000e+00 -6.961007e-01  2.842548e-01
-3.50000e+00 -4.00000e+00       1.335e+14 -6.908657e-01  0.000000e+00 -7.041948e-01  3.091343e-01
-2.80000e+00 -4.00000e+00       1.547e+13 -2.378165e-01  0.000000e+00 -7.725358e-01  7.621835e-01
-2.10000e+00 -4.00000e+00       1.791e+13  5.187820e-01  0.000000e+00 -7.316836e-01  4.812180e-01
-1.40000e+00 -4.00000e+00       3.939e+13  7.374795e-01  0.000000e+00 -5.456485e-01  2.625205e-01
-7.00000e-01 -4.00000e+00       6.729e+13  8.852644e-01  0.000000e+00 -2.680206e-01  1.147356e-01
 0.00000e+00 -4.00000e+00       8.348e+13  9.394108e-01  0.000000e+00  9.185705e-14  6.058921e-02
 7.00000e-01 -4.00000e+00       6.729e+13  8.852644e-01  0.000000e+00  2.680206e-01  1.147356e-01
 1.40000e+00 -4.00000e+00       3.939e+13  7.374795e-01  0.000000e+00  5.456485e-01  2.625205e-01
 2.10000e+00 -4.00000e+00       1.791e+13  5.187820e-01  0.000000e+00  7.316836e-01  4.812180e-01
 2.80000e+00 -4.00000e+00       1.547e+13 -2.378165e-01  0.000000e+00  7.725358e-01  7.621835e-01
 3.50000e+00 -4.00000e+00       1.335e+14 -6.908657e-01  0.000000e+00  7.041948e-01  3.091343e-01
 4.20000e+00 -4.00000e+00       6.615e+14 -7.157452e-01  0.000000e+00  6.961007e-01  2.842548e-01
 4.90000e+00 -4.00000e+00       1.019e+15 -7.194667e-01  0.000000e+00  6.933075e-01  2.805333e-01
 5.60000e+00 -4.00000e+00       4.930e+14 -7.323318e-01  0.000000e+00  6.657592e-01  2.676682e-01
 6.30000e+00 -4.00000e+00       1.809e+14 -8.974181e-01  0.000000e+00  2.847463e-01  1.025819e-01
 7.00000e+00 -4.00000e+00       1.985e+14 -9.942035e-01  0.000000e+00  5.561631e-02  5.796491e-03
-7.00000e+00 -3.60000e+00       2.925e+14 -9.601317e-01  0.000000e+00  2.430471e-01  3.986833e-02
-6.30000e+00 -3.60000e+00       3.056e+14 -9.416787e-01  0.000000e+00 -1.307135e-01  5.832126e-02
-5.60000e+00 -3.60000e+00       8.190e+14 -9.296740e-01  0.000000e+00 -3.579203e-01  7.032602e-02
-4.90000e+00 -3.60000e+00       1.014e+15 -9.281486e-01  0.000000e+00 -3.701957e-01  7.185138e-02
-4.20000e+00 -3.60000e+00       3.859e+14 -9.229801e-01  0.000000e+00 -3.756204e-01  7.701992e-02
-3.50000e+00 -3.60000e+00       5.762e+13 -6.287258e-01  0.000000e+00 -4.631091e-01  3.712742e-01
-2.80000e+00 -3.60000e+00       3.295e+14  7.558586e-01  0.000000e+00 -6.061858e-01  2.441414e-01
-2.10000e+00 -3.60000e+00       4.417e+15  8.101889e-01  0.000000e+00 -5.772422e-01  1.898111e-01
-1.40000e+00 -3.60000e+00       1.937e+16  8.220444e-01  0.000000e+00 -5.614736e-01  1.779556e-01
-7.00000e-01 -3.60000e+00       2.763e+16  8.300074e-01  0.000000e+00 -4.981272e-01  1.699926e-01
 0.00000e+00 -3.60000e+00       2.198e+16  8.364892e-01  0.000000e+00  1.613143e-15  1.635108e-01
 7.00000e-01 -3.60000e+00       2.763e+16  8.300074e-01  0.000000e+00  4.981272e-01  1.699926e-01
 1.40000e+00 -3.60000e+00       1.937e+16  8.220444e-01  0.000000e+00  5.614736e-01  1.779556e-01
 2.10000e+00 -3.60000e+00       4.417e+15  8.101889e-01  0.000000e+00  5.772422e-01  1.898111e-01
 2.80000e+00 -3.60000e+00       3.295e+14  7.558586e-01  0.000000e+00  6.061858e-01  2.441414e-01
 3.50000e+00 -3.60000e+00       5.762e+13 -6.287258e-01  0.000000e+00  4.631091e-01  3.712742e-01
 4.20000e+00 -3.60000e+00       3.859e+14 -9.229801e-01  0.000000e+00  3.756204e-01  7.701992e-02
 4.90000e+00 -3.60000e+00       1.014e+15 -9.281486e-01  0.000000e+00  3.701957e-01  7.185138e-02
 5.60000e+00 -3.60000e+00       8.190e+14 -9.296740e-01  0.000000e+00  3.579203e-01  7.032602e-02
 6.30000e+00 -3.60000e+00       3.056e+14 -9.416787e-01  0.000000e+00  1.307135e-01  5.832126e-02
 7.00000e+00 -3.60000e+00       2.925e+14 -9.601317e-01  0.000000e+00 -2.430471e-01  3.986833e-02
-7.00000e+00 -3.20000e+00       1.923e+14 -8.561868e-01  0.000000e+00  4.668232e-01  1.438132e-01
-6.30000e+00 -3.20000e+00       3.337e+14 -9.752297e-01  0.000000e+00  7.305374e-02  2.477027e-02
-5.60000e+00 -3.20000e+00       7.797e+14 -9.985655e-01  0.000000e+00 -6.382229e-03  1.434498e-03
-4.90000e+00 -3.20000e+00       6.335e+14 -9.984942e-01  0.000000e+00 -1.256357e-02  1.505768e-03
-4.20000e+00 -3.20000e+00       1.721e+14 -8.997444e-01  0.000000e+00 -1.010768e-01  1.002556e-01
-3.50000e+00 -3.20000e+00       3.964e+14  1.661445e-01  0.000000e+00 -9.425705e-01  8.338555e-01
-2.80000e+00 -3.20000e+00       3.377e+15  2.204023e-01  0.000000e+00 -9.730560e-01  7.795977e-01
-2.10000e+00 -3.20000e+00       9.137e+15  2.278891e-01  0.000000e+00 -9.719152e-01  7.721109e-01
-1.40000e+00 -3.20000e+00       7.544e+15  2.373786e-01  0.000000e+00 -9.674672e-01  7.626214e-01
-7.00000e-01 -3.20000e+00       1.976e+15  2.740067e-01  0.000000e+00 -9.317338e-01  7.259933e-01
 0.00000e+00 -3.20000e+00       4.032e+14  4.438934e-01  0.000000e+00  1.235715e-15  5.561066e-01
 7.00000e-01 -3.20000e+00       1.976e+15  2.740067e-01  0.000000e+00  9.317338e-01  7.259933e-01
 1.40000e+00 -3.20000e+00       7.544e+15  2.373786e-01  0.000000e+00  9.674672e-01  7.626214e-01
 2.10000e+00 -3.20000e+00       9.137e+15  2.278891e-01  0.000000e+00  9.719152e-01  7.721109e-01
 2.80000e+00 -3.20000e+00       3.377e+15  2.204023e-01  0.000000e+00  9.730560e-01  7.795977e-01
 3.50000e+00 -3.20000e+00       3.964e+14  1.661445e-01  0.000000e+00  9.425705e-01  8.338555e-01
 4.20000e+00 -3.20000e+00       1.721e+14 -8.997444e-01  0.000000e+00  1.010768e-01  1.002556e-01
 4.90000e+00 -3.20000e+00       6.335e+14 -9.984942e-01  0.000000e+00  1.256357e-02  1.505768e-03
 5.60000e+00 -3.20000e+00       7.797e+14 -9.985655e-01  0.000000e+00  6.382229e-03  1.434498e-03
 6.30000e+00 -3.20000e+00       3.337e+14 -9.752297e-01  0.000000e+00 -7.305374e-02  2.477027e-02
 7.00000e+00 -3.20000e+00       1.923e+14 -8.561868e-01  0.000000e+00 -4.668232e-01  1.438132e-01
-7.00000e+00 -2.80000e+00       1.996e+14 -7.152994e-01  0.000000e+00  6.511917e-01  2.847006e-01
-6.30000e+00 -2.80000e+00       4.273e+14 -9.114852e-01  0.000000e+00  3.861826e-01  8.851482e-02
-5.60000e+00 -2.80000e+00       7.403e+14 -9.339741e-01  0.000000e+00  3.546742e-01  6.602591e-02
-4.90000e+00 -2.80000e+00       4.177e+14 -9.300740e-01  0.000000e+00  3.390689e-01  6.992603e-02
-4.20000e+00 -2.80000e+00       1.939e+14 -5.269437e-01  0.000000e+00 -4.769673e-01  4.730563e-01
-3.50000e+00 -2.80000e+00       1.379e+15 -2.784236e-01  0.000000e+00 -9.547780e-01  7.215764e-01
-2.80000e+00 -2.80000e+00       4.731e+15 -2.703020e-01  0.000000e+00 -9.610211e-01  7.296980e-01
-2.10000e+00 -2.80000e+00       4.945e+15 -2.624173e-01  0.000000e+00 -9.616462e-01  7.375827e-01
-1.40000e+00 -2.80000e+00       1.601e+15 -2.318153e-01  0.000000e+00 -9.546165e-01  7.681847e-01
-7.00000e-01 -2.80000e+00       2.114e+14  6.289454e-02  0.000000e+00 -7.892629e-01  9.371055e-01
 0.00000e+00 -2.80000e+00       7.677e+13  7.729043e-01  0.000000e+00  5.767797e-16  2.270957e-01
 7.00000e-01 -2.80000e+00       2.114e+14  6.289454e-02  0.000000e+00  7.892629e-01  9.371055e-01
 1.40000e+00 -2.80000e+00       1.601e+15 -2.318153e-01  0.000000e+00  9.546165e-01  7.681847e-01
 2.10000e+00 -2.80000e+00       4.945e+15 -2.624173e-01  0.000000e+00  9.616462e-01  7.375827e-01
 2.80000e+00 -2.80000e+00       4.731e+15 -2.703020e-01  0.000000e+00  9.610211e-01  7.296980e-01
 3.50000e+00 -2.80000e+00       1.379e+15 -2.784236e-01  0.000000e+00  9.547780e-01  7.215764e-01
 4.20000e+00 -2.80000e+00       1.939e+14 -5.269437e-01  0.000000e+00  4.769673e-01  4.730563e-01
 4.90000e+00 -2.80000e+00       4.177e+14 -9.300740e-01  0.000000e+00 -3.390689e-01  6.992603e-02
 5.60000e+00 -2.80000e+00       7.403e+14 -9.339741e-01  0.000000e+00 -3.546742e-01  6.602591e-02
 6.30000e+00 -2.80000e+00       4.273e+14 -9.114852e-01  0.000000e+00 -3.861826e-01  8.851482e-02
 7.00000e+00 -2.80000e+00       1.996e+14 -7.152994e-01  0.000000e+00 -6.511917e-01  2.847006e-01
-7.00000e+00 -2.40000e+00       2.136e+14 -5.337414e-01  0.000000e+00  8.098185e-01  4.662586e-01
-6.30000e+00 -2.40000e+00       4.907e+14 -7.251300e-01  0.000000e+00  6.815829e-01  2.748700e-01
-5.60000e+00 -2.40000e+00       6.416e+14 -7.414910e-01  0.000000e+00  6.691680e-01  2.585090e-01
-4.90000e+00 -2.40000e+00       2.814e+14 -7.392396e-01  0.000000e+00  5.728967e-01  2.607604e-01
-4.20000e+00 -2.40000e+00       3.826e+14 -6.693830e-01  0.000000e+00 -6.232910e-01  3.306170e-01
-3.50000e+00 -2.40000e+00       2.019e+15 -6.568981e-01  0.000000e+00 -7.503928e-01  3.431019e-01
-2.80000e+00 -2.40000e+00       3.538e+15 -6.517591e-01  0.000000e+00 -7.550706e-01  3.482409e-01
-2.10000e+00 -2.40000e+00       1.890e+15 -6.373779e-01  0.000000e+00 -7.593455e-01  3.626221e-01
-1.40000e+00 -2.40000e+00       3.303e+14 -5.346983e-01  0.000000e+00 -7.593253e-01  4.653017e-01
-7.00000e-01 -2.40000e+00       4.508e+13  3.140655e-01  0.000000e+00 -5.058403e-01  6.859345e-01
 0.00000e+00 -2.40000e+00       3.194e+13  8.714693e-01  0.000000e+00  1.538892e-15  1.285307e-01
 7.00000e-01 -2.40000e+00       4.508e+13  3.140655e-01  0.000000e+00  5.058403e-01  6.859345e-01
 1.40000e+00 -2.40000e+00       3.303e+14 -5.346983e-01  0.000000e+00  7.593253e-01  4.653017e-01
 2.10000e+00 -2.40000e+00       1.890e+15 -6.373779e-01  0.000000e+00  7.593455e-01  3.626221e-01
 2.80000e+00 -2.40000e+00       3.538e+15 -6.517591e-01  0.000000e+00  7.550706e-01  3.482409e-01
 3.50000e+00 -2.40000e+00       2.019e+15 -6.568981e-01  0.000000e+00  7.503928e-01  3.431019e-01
 4.20000e+00 -2.40000e+00       3.826e+14 -6.693830e-01  0.000000e+00  6.232910e-01  3.306170e-01
 4.90000e+00 -2.40000e+00       2.814e+14 -7.392396e-01  0.000000e+00 -5.728967e-01  2.607604e-01
 5.60000e+00 -2.40000e+00       6.416e+14 -7.414910e-01  0.000000e+00 -6.691680e-01  2.585090e-01
 6.30000e+00 -2.40000e+00       4.907e+14 -7.251300e-01  0.000000e+00 -6.815829e-01  2.748700e-01
 7.00000e+00 -2.40000e+00       2.136e+14 -5.337414e-01  0.000000e+00 -8.098185e-01  4.662586e-01
-7.00000e+00 -2.00000e+00       2.299e+14 -2.848839e-01  0.000000e+00  9.360789e-01  7.151161e-01
-6.30000e+00 -2.00000e+00       5.141e+14 -4.304139e-01  0.000000e+00  8.998971e-01  5.695861e-01
-5.60000e+00 -2.00000e+00       5.283e+14 -4.427471e-01  0.000000e+00  8.934222e-01  5.572529e-01
-4.90000e+00 -2.00000e+00       2.145e+14 -5.486344e-01  0.000000e+00  6.098743e-01  4.513656e-01
-4.20000e+00 -2.00000e+00       5.578e+14 -8.980562e-01  0.000000e+00 -3.657403e-01  1.019438e-01
-3.50000e+00 -2.00000e+00       1.891e+15 -9.092807e-01  0.000000e+00 -4.095899e-01  9.071928e-02
-2.80000e+00 -2.00000e+00       2.000e+15 -9.039716e-01  0.000000e+00 -4.160998e-01  9.602839e-02
-2.10000e+00 -2.00000e+00       6.519e+14 -8.740892e-01  0.000000e+00 -4.310388e-01  1.259108e-01
-1.40000e+00 -2.00000e+00       8.313e+13 -5.206308e-01  0.000000e+00 -4.776035e-01  4.793692e-01
-7.00000e-01 -2.00000e+00       3.108e+13  7.453718e-01  0.000000e+00 -2.570178e-01  2.546282e-01
 0.00000e+00 -2.00000e+00       3.643e+13  9.222339e-01  0.000000e+00  1.503429e-15  7.776610e-02
 7.00000e-01 -2.00000e+00       3.108e+13  7.453718e-01  0.000000e+00  2.570178e-01  2.546282e-01
 1.40000e+00 -2.00000e+00       8.313e+13 -5.206308e-01  0.000000e+00  4.776035e-01  4.793692e-01
 2.10000e+00 -2.00000e+00       6.519e+14 -8.740892e-01  0.000000e+00  4.310388e-01  1.259108e-01
 2.80000e+00 -2.00000e+00       2.000e+15 -9.039716e-01  0.000000e+00  4.160998e-01  9.602839e-02
 3.50000e+00 -2.00000e+00       1.891e+15 -9.092807e-01  0.000000e+00  4.095899e-01  9.071928e-02
 4.20000e+00 -2.00000e+00       5.578e+14 -8.980562e-01  0.000000e+00  3.657403e-01  1.019438e-01
 4.90000e+00 -2.00000e+00       2.145e+14 -5.486344e-01  0.000000e+00 -6.098743e-01  4.513656e-01
 5.60000e+00 -2.00000e+00       5.283e+14 -4.427471e-01  0.000000e+00 -8.934222e-01  5.572529e-01
 6.30000e+00 -2.00000e+00       5.141e+14 -4.304139e-01  0.000000e+00 -8.998971e-01  5.695861e-01
 7.00000e+00 -2.00000e+00       2.299e+14 -2.848839e-01  0.000000e+00 -9.360789e-01  7.151161e-01
-7.00000e+00 -1.60000e+00       2.469e+14  3.298898e-02  0.000000e+00  9.863847e-01  9.670110e-01
-6.30000e+00 -1.60000e+00       5.104e+14 -6.243240e-02  0.000000e+00  9.966875e-01  9.375676e-01
-5.60000e+00 -1.60000e+00       4.316e+14 -7.601686e-02  0.000000e+00  9.907577e-01  9.239831e-01
-4.90000e+00 -1.60000e+00       1.848e+14 -4.426844e-01  0.000000e+00  6.152669e-01  5.573156e-01
-4.20000e+00 -1.60000e+00       5.911e+14 -9.823407e-01  0.000000e+00  5.141418e-02  1.765931e-02
-3.50000e+00 -1.60000e+00       1.390e+15 -9.957746e-01  0.000000e+00  3.061043e-02  4.225379e-03
-2.80000e+00 -1.60000e+00       1.006e+15 -9.895788e-01  0.000000e+00  1.976127e-02  1.042123e-02
-2.10000e+00 -1.60000e+00       2.305e+14 -9.210476e-01  0.000000e+00 -2.700877e-02  7.895242e-02
-1.40000e+00 -1.60000e+00       3.300e+13 -6.597704e-02  0.000000e+00 -2.996709e-01  9.340230e-01
-7.00000e-01 -1.60000e+00       2.581e+13  8.442709e-01  0.000000e+00 -2.449820e-01  1.557291e-01
 0.00000e+00 -1.60000e+00       2.998e+13  9.234246e-01  0.000000e+00  2.364783e-15  7.657544e-02
 7.00000e-01 -1.60000e+00       2.581e+13  8.442709e-01  0.000000e+00  2.449820e-01  1.557291e-01
 1.40000e+00 -1.60000e+00       3.300e+13 -6.597704e-02  0.000000e+00  2.996709e-01  9.340230e-01
 2.10000e+00 -1.60000e+00       2.305e+14 -9.210476e-01  0.000000e+00  2.700877e-02  7.895242e-02
 2.80000e+00 -1.60000e+00       1.006e+15 -9.895788e-01  0.000000e+00 -1.976127e-02  1.042123e-02
 3.50000e+00 -1.60000e+00       1.390e+15 -9.957746e-01  0.000000e+00 -3.061043e-02  4.225379e-03
 4.20000e+00 -1.60000e+00       5.911e+14 -9.823407e-01  0.000000e+00 -5.141418e-02  1.765931e-02
 4.90000e+00 -1.60000e+00       1.848e+14 -4.426844e-01  0.000000e+00 -6.152669e-01  5.573156e-01
 5.60000e+00 -1.60000e+00       4.316e+14 -7.601686e-02  0.000000e+00 -9.907577e-01  9.239831e-01
 6.30000e+00 -1.60000e+00       5.104e+14 -6.243240e-02  0.000000e+00 -9.966875e-01  9.375676e-01
 7.00000e+00 -1.60000e+00       2.469e+14  3.298899e-02  0.000000e+00 -9.863847e-01  9.670110e-01
-7.00000e+00 -1.20000e+00       2.595e+14  3.803444e-01  0.000000e+00  9.174302e-01  6.196556e-01
-6.30000e+00 -1.20000e+00       4.927e+14  3.264647e-01  0.000000e+00  9.443986e-01  6.735353e-01
-5.60000e+00 -1.20000e+00       3.590e+14  3.083655e-01  0.000000e+00  9.415748e-01  6.916345e-01
-4.90000e+00 -1.20000e+00       1.615e+14 -2.774257e-01  0.000000e+00  7.347830e-01  7.225743e-01
-4.20000e+00 -1.20000e+00       4.998e+14 -8.322492e-01  0.000000e+00  5.326011e-01  1.677508e-01
-3.50000e+00 -1.20000e+00       8.916e+14 -8.467148e-01  0.000000e+00  5.213798e-01  1.532852e-01
-2.80000e+00 -1.20000e+00       4.888e+14 -8.398835e-01  0.000000e+00  5.033471e-01  1.601165e-01
-2.10000e+00 -1.20000e+00       8.991e+13 -7.002095e-01  0.000000e+00  3.721072e-01  2.997905e-01
-1.40000e+00 -1.20000e+00       2.018e+13  4.325450e-01  0.000000e+00 -2.658512e-01  5.674550e-01
-7.00000e-01 -1.20000e+00       2.235e+13  8.877106e-01  0.000000e+00 -2.097080e-01  1.122894e-01
 0.00000e+00 -1.20000e+00       2.577e+13  9.312986e-01  0.000000e+00  1.787508e-15  6.870140e-02
 7.00000e-01 -1.20000e+00       2.235e+13  8.877106e-01  0.000000e+00  2.097080e-01  1.122894e-01
 1.40000e+00 -1.20000e+00       2.018e+13  4.325450e-01  0.000000e+00  2.658512e-01  5.674550e-01
 2.10000e+00 -1.20000e+00       8.991e+13 -7.002095e-01  0.000000e+00 -3.721072e-01  2.997905e-01
 2.80000e+00 -1.20000e+00       4.888e+14 -8.398835e-01  0.000000e+00 -5.033471e-01  1.601165e-01
 3.50000e+00 -1.20000e+00       8.916e+14 -8.467148e-01  0.000000e+00 -5.213798e-01  1.532852e-01
 4.20000e+00 -1.20000e+00       4.998e+14 -8.322492e-01  0.000000e+00 -5.326011e-01  1.677508e-01
 4.90000e+00 -1.20000e+00       1.615e+14 -2.774257e-01  0.000000e+00 -7.347830e-01  7.225743e-01
 5.60000e+00 -1.20000e+00       3.590e+14  3.083655e-01  0.000000e+00 -9.415748e-01  6.916345e-01
 6.30000e+00 -1.20000e+00       4.927e+14  3.264647e-01  0.000000e+00 -9.443986e-01  6.735353e-01
 7.00000e+00 -1.20000e+00       2.595e+14  3.803444e-01  0.000000e+00 -9.174302e-01  6.196556e-01
-7.00000e+00 -8.00000e-01       2.672e+14  6.970725e-01  0.000000e+00  7.129895e-01  3.029275e-01
-6.30000e+00 -8.00000e-01       4.727e+14  6.730456e-01  0.000000e+00  7.390849e-01  3.269544e-01
-5.60000e+00 -8.00000e-01       3.097e+14  6.561626e-01  0.000000e+00  7.441301e-01  3.438374e-01
-4.90000e+00 -8.00000e-01       1.342e+14  1.110945e-01  0.000000e+00  8.480939e-01  8.889055e-01
-4.20000e+00 -8.00000e-01       3.660e+14 -3.418145e-01  0.000000e+00  9.297046e-01  6.581855e-01
-3.50000e+00 -8.00000e-01       5.382e+14 -3.564074e-01  0.000000e+00  9.265518e-01  6.435926e-01
-2.80000e+00 -8.00000e-01       2.441e+14 -3.507236e-01  0.000000e+00  9.009622e-01  6.492764e-01
-2.10000e+00 -8.00000e-01       4.099e+13 -1.501288e-01  0.000000e+00  6.218760e-01  8.498712e-01
-1.40000e+00 -8.00000e-01       1.584e+13  7.591723e-01  0.000000e+00 -2.298733e-01  2.408277e-01
-7.00000e-01 -8.00000e-01       2.017e+13  9.387241e-01  0.000000e+00 -1.575256e-01  6.127590e-02
 0.00000e+00 -8.00000e-01       2.285e+13  9.593104e-01  0.000000e+00  9.453276e-16  4.068955e-02
 7.00000e-01 -8.00000e-01       2.017e+13  9.387241e-01  0.000000e+00  1.575256e-01  6.127590e-02
 1.40000e+00 -8.00000e-01       1.584e+13  7.591723e-01  0.000000e+00  2.298733e-01  2.408277e-01
 2.10000e+00 -8.00000e-01       4.099e+13 -1.501288e-01  0.000000e+00 -6.218760e-01  8.498712e-01
 2.80000e+00 -8.00000e-01       2.441e+14 -3.507236e-01  0.000000e+00 -9.009622e-01  6.492764e-01
 3.50000e+00 -8.00000e-01       5.382e+14 -3.564074e-01  0.000000e+00 -9.265518e-01  6.435926e-01
 4.20000e+00 -8.00000e-01       3.660e+14 -3.418145e-01  0.000000e+00 -9.297046e-01  6.581855e-01
 4.90000e+00 -8.00000e-01       1.342e+14  1.110945e-01  0.000000e+00 -8.480939e-01  8.889055e-01
 5.60000e+00 -8.00000e-01       3.097e+14  6.561626e-01  0.000000e+00 -7.441301e-01  3.438374e-01
 6.30000e+00 -8.00000e-01       4.727e+14  6.730456e-01  0.000000e+00 -7.390849e-01  3.269544e-01
 7.00000e+00 -8.00000e-01       2.672e+14  6.970725e-01  0.000000e+00 -7.129895e-01  3.029275e-01
-7.00000e+00 -4.00000e-01       2.710e+14  9.197446e-01  0.000000e+00  3.907723e-01  8.025540e-02
-6.30000e+00 -4.00000e-01       4.581e+14  9.136963e-01  0.000000e+00  4.061295e-01  8.630369e-02
-5.60000e+00 -4.00000e-01       2.811e+14  9.070714e-01  0.000000e+00  4.142143e-01  9.292864e-02
-4.90000e+00 -4.00000e-01       1.102e+14  6.823159e-01  0.000000e+00  6.574458e-01  3.176841e-01
-4.20000e+00 -4.00000e-01       2.606e+14  4.816675e-01  0.000000e+00  8.709576e-01  5.183325e-01
-3.50000e+00 -4.00000e-01       3.410e+14  4.734836e-01  0.000000e+00  8.753330e-01  5.265164e-01
-2.80000e+00 -4.00000e-01       1.384e+14  4.759798e-01  0.000000e+00  8.523906e-01  5.240202e-01
-2.10000e+00 -4.00000e-01       2.356e+13  6.037713e-01  0.000000e+00  5.183138e-01  3.962287e-01
-1.40000e+00 -4.00000e-01       1.395e+13  9.430743e-01  0.000000e+00 -1.359719e-01  5.692568e-02
-7.00000e-01 -4.00000e-01       1.869e+13  9.847898e-01  0.000000e+00 -8.558141e-02  1.521016e-02
 0.00000e+00 -4.00000e-01       2.091e+13  9.904307e-01  0.000000e+00 -1.037208e-16  9.569289e-03
 7.00000e-01 -4.00000e-01       1.869e+13  9.847898e-01  0.000000e+00  8.558141e-02  1.521016e-02
 1.40000e+00 -4.00000e-01       1.395e+13  9.430743e-01  0.000000e+00  1.359719e-01  5.692568e-02
 2.10000e+00 -4.00000e-01       2.356e+13  6.037713e-01  0.000000e+00 -5.183138e-01  3.962287e-01
 2.80000e+00 -4.00000e-01       1.384e+14  4.759798e-01  0.000000e+00 -8.523906e-01  5.240202e-01
 3.50000e+00 -4.00000e-01       3.410e+14  4.734836e-01  0.000000e+00 -8.753330e-01  5.265164e-01
 4.20000e+00 -4.00000e-01       2.606e+14  4.816675e-01  0.000000e+00 -8.709576e-01  5.183325e-01
 4.90000e+00 -4.00000e-01       1.102e+14  6.823159e-01  0.000000e+00 -6.574458e-01  3.176841e-01
 5.60000e+00 -4.00000e-01       2.811e+14  9.070714e-01  0.000000e+00 -4.142143e-01  9.292864e-02
 6.30000e+00 -4.00000e-01       4.581e+14  9.136963e-01  0.000000e+00 -4.061295e-01  8.630369e-02
 7.00000e+00 -4.00000e-01       2.710e+14  9.197446e-01  0.000000e+00 -3.907723e-01  8.025540e-02
-7.00000e+00  0.00000e+00       2.722e+14  9.999869e-01  0.000000e+00 -4.440396e-08  1.314970e-05
-6.30000e+00  0.00000e+00       4.529e+14  9.999990e-01  0.000000e+00 -3.725023e-07  1.003141e-06
-5.60000e+00  0.00000e+00       2.717e+14  9.998716e-01  0.000000e+00  1.243104e-06  1.284192e-04
-4.90000e+00  0.00000e+00       1.007e+14  9.997328e-01  0.000000e+00  1.703403e-05  2.671507e-04
-4.20000e+00  0.00000e+00       2.217e+14  9.997004e-01  0.000000e+00  1.149931e-06  2.996207e-04
-3.50000e+00  0.00000e+00       2.789e+14  9.996799e-01  0.000000e+00 -7.085505e-06  3.201143e-04
-2.80000e+00  0.00000e+00       1.091e+14  9.994534e-01  0.000000e+00 -7.265836e-06  5.465650e-04
-2.10000e+00  0.00000e+00       1.931e+13  9.920403e-01  0.000000e+00 -3.341093e-06  7.959740e-03
-1.40000e+00  0.00000e+00       1.358e+13  9.942533e-01  0.000000e+00  8.317050e-07  5.746672e-03
-7.00000e-01  0.00000e+00       1.829e+13  9.968459e-01  0.000000e+00  7.922785e-07  3.154076e-03
 0.00000e+00  0.00000e+00       2.005e+13  9.971728e-01  0.000000e+00 -2.313485e-18  2.827218e-03
 7.00000e-01  0.00000e+00       1.829e+13  9.968459e-01  0.000000e+00 -7.922785e-07  3.154076e-03
 1.40000e+00  0.00000e+00       1.358e+13  9.942533e-01  0.000000e+00 -8.317051e-07  5.746672e-03
 2.10000e+00  0.00000e+00       1.931e+13  9.920403e-01  0.000000e+00  3.341093e-06  7.959740e-03
 2.80000e+00  0.00000e+00       1.091e+14  9.994534e-01  0.000000e+00  7.265836e-06  5.465650e-04
 3.50000e+00  0.00000e+00       2.789e+14  9.996799e-01  0.000000e+00  7.085505e-06  3.201143e-04
 4.20000e+00  0.00000e+00       2.217e+14  9.997004e-01  0.000000e+00 -1.149931e-06  2.996207e-04
 4.90000e+00  0.00000e+00       1.007e+14  9.997328e-01  0.000000e+00 -1.703403e-05  2.671507e-04
 5.60000e+00  0.00000e+00       2.717e+14  9.998716e-01  0.000000e+00 -1.243104e-06  1.284192e-04
 6.30000e+00  0.00000e+00       4.529e+14  9.999990e-01  0.000000e+00  3.725023e-07  1.003141e-06
 7.00000e+00  0.00000e+00       2.722e+14  9.999869e-01  0.000000e+00  4.440395e-08  1.314970e-05
-7.00000e+00  4.00000e-01       2.710e+14  9.197441e-01  0.000000e+00 -3.907723e-01  8.025589e-02
-6.30000e+00  4.00000e-01       4.581e+14  9.136961e-01  0.000000e+00 -4.061302e-01  8.630386e-02
-5.60000e+00  4.00000e-01       2.811e+14  9.070709e-01  0.000000e+00 -4.142117e-01  9.292906e-02
-4.90000e+00  4.00000e-01       1.102e+14  6.823115e-01  0.000000e+00 -6.574116e-01  3.176885e-01
-4.20000e+00  4.00000e-01       2.606e+14  4.816656e-01  0.000000e+00 -8.709546e-01  5.183344e-01
-3.50000e+00  4.00000e-01       3.410e+14  4.734833e-01  0.000000e+00 -8.753452e-01  5.265167e-01
-2.80000e+00  4.00000e-01       1.384e+14  4.759799e-01  0.000000e+00 -8.524029e-01  5.240201e-01
-2.10000e+00  4.00000e-01       2.356e+13  6.037714e-01  0.000000e+00 -5.183195e-01  3.962286e-01
-1.40000e+00  4.00000e-01       1.395e+13  9.430743e-01  0.000000e+00  1.359735e-01  5.692573e-02
-7.00000e-01  4.00000e-01       1.869e+13  9.847898e-01  0.000000e+00  8.558294e-02  1.521022e-02
 0.00000e+00  4.00000e-01       2.091e+13  9.904306e-01  0.000000e+00  8.391878e-17  9.569357e-03
 7.00000e-01  4.00000e-01       1.869e+13  9.847898e-01  0.000000e+00 -8.558294e-02  1.521022e-02
 1.40000e+00  4.00000e-01       1.395e+13  9.430743e-01  0.000000e+00 -1.359735e-01  5.692573e-02
 2.10000e+00  4.00000e-01       2.356e+13  6.037714e-01  0.000000e+00  5.183195e-01  3.962286e-01
 2.80000e+00  4.00000e-01       1.384e+14  4.759799e-01  0.000000e+00  8.524029e-01  5.240201e-01
 3.50000e+00  4.00000e-01       3.410e+14  4.734833e-01  0.000000e+00  8.753452e-01  5.265167e-01
 4.20000e+00  4.00000e-01       2.606e+14  4.816656e-01  0.000000e+00  8.709546e-01  5.183344e-01
 4.90000e+00  4.00000e-01       1.102e+14  6.823115e-01  0.000000e+00  6.574116e-01  3.176885e-01
 5.60000e+00  4.00000e-01       2.811e+14  9.070709e-01  0.000000e+00  4.142117e-01  9.292906e-02
 6.30000e+00  4.00000e-01       4.581e+14  9.136961e-01  0.000000e+00  4.061302e-01  8.630386e-02
 7.00000e+00  4.00000e-01       2.710e+14  9.197441e-01  0.000000e+00  3.907723e-01  8.025589e-02
-7.00000e+00  8.00000e-01       2.672e+14  6.970716e-01  0.000000e+00 -7.129891e-01  3.029284e-01
-6.30000e+00  8.00000e-01       4.727e+14  6.730453e-01  0.000000e+00 -7.390856e-01  3.269547e-01
-5.60000e+00  8.00000e-01       3.097e+14  6.561619e-01  0.000000e+00 -7.441273e-01  3.438381e-01
-4.90000e+00  8.00000e-01       1.342e+14  1.110906e-01  0.000000e+00 -8.480606e-01  8.889094e-01
-4.20000e+00  8.00000e-01       3.660e+14 -3.418161e-01  0.000000e+00 -9.297013e-01  6.581839e-01
-3.50000e+00  8.00000e-01       5.382e+14 -3.564085e-01  0.000000e+00 -9.265603e-01  6.435915e-01
-2.80000e+00  8.00000e-01       2.441e+14 -3.507242e-01  0.000000e+00 -9.009699e-01  6.492758e-01
-2.10000e+00  8.00000e-01       4.099e+13 -1.501290e-01  0.000000e+00 -6.218796e-01  8.498710e-01
-1.40000e+00  8.00000e-01       1.584e+13  7.591724e-01  0.000000e+00  2.298747e-01  2.408276e-01
-7.00000e-01  8.00000e-01       2.017e+13  9.387240e-01  0.000000e+00  1.575270e-01  6.127598e-02
 0.00000e+00  8.00000e-01       2.285e+13  9.593104e-01  0.000000e+00 -3.324207e-15  4.068965e-02
 7.00000e-01  8.00000e-01       2.017e+13  9.387240e-01  0.000000e+00 -1.575270e-01  6.127598e-02
 1.40000e+00  8.00000e-01       1.584e+13  7.591724e-01  0.000000e+00 -2.298747e-01  2.408276e-01
 2.10000e+00  8.00000e-01       4.099e+13 -1.501290e-01  0.000000e+00  6.218796e-01  8.498710e-01
 2.80000e+00  8.00000e-01       2.441e+14 -3.507242e-01  0.000000e+00  9.009699e-01  6.492758e-01
 3.50000e+00  8.00000e-01       5.382e+14 -3.564085e-01  0.000000e+00  9.265603e-01  6.435915e-01
 4.20000e+00  8.00000e-01       3.660e+14 -3.418161e-01  0.000000e+00  9.297013e-01  6.581839e-01
 4.90000e+00  8.00000e-01       1.342e+14  1.110906e-01  0.000000e+00  8.480606e-01  8.889094e-01
 5.60000e+00  8.00000e-01       3.097e+14  6.561619e-01  0.000000e+00  7.441273e-01  3.438381e-01
 6.30000e+00  8.00000e-01       4.727e+14  6.730453e-01  0.000000e+00  7.390856e-01  3.269547e-01
 7.00000e+00  8.00000e-01       2.672e+14  6.970716e-01  0.000000e+00  7.129891e-01  3.029284e-01
-7.00000e+00  1.20000e+00       2.595e+14  3.803431e-01  0.000000e+00 -9.174294e-01  6.196569e-01
-6.30000e+00  1.20000e+00       4.927e+14  3.264643e-01  0.000000e+00 -9.443991e-01  6.735357e-01
-5.60000e+00  1.20000e+00       3.590e+14  3.083649e-01  0.000000e+00 -9.415717e-01  6.916351e-01
-4.90000e+00  1.20000e+00       1.615e+14 -2.774274e-01  0.000000e+00 -7.347509e-01  7.225726e-01
-4.20000e+00  1.20000e+00       4.998e+14 -8.322500e-01  0.000000e+00 -5.325983e-01  1.677500e-01
-3.50000e+00  1.20000e+00       8.916e+14 -8.467163e-01  0.000000e+00 -5.213851e-01  1.532837e-01
-2.80000e+00  1.20000e+00       4.888e+14 -8.398844e-01  0.000000e+00 -5.033512e-01  1.601156e-01
-2.10000e+00  1.20000e+00       8.991e+13 -7.002097e-01  0.000000e+00 -3.721089e-01  2.997903e-01
-1.40000e+00  1.20000e+00       2.018e+13  4.325453e-01  0.000000e+00  2.658523e-01  5.674547e-01
-7.00000e-01  1.20000e+00       2.235e+13  8.877106e-01  0.000000e+00  2.097091e-01  1.122894e-01
 0.00000e+00  1.20000e+00       2.577e+13  9.312985e-01  0.000000e+00 -1.962880e-15  6.870148e-02
 7.00000e-01  1.20000e+00       2.235e+13  8.877106e-01  0.000000e+00 -2.097091e-01  1.122894e-01
 1.40000e+00  1.20000e+00       2.018e+13  4.325453e-01  0.000000e+00 -2.658523e-01  5.674547e-01
 2.10000e+00  1.20000e+00       8.991e+13 -7.002097e-01  0.000000e+00  3.721089e-01  2.997903e-01
 2.80000e+00  1.20000e+00       4.888e+14 -8.398844e-01  0.000000e+00  5.033512e-01  1.601156e-01
 3.50000e+00  1.20000e+00       8.916e+14 -8.467163e-01  0.000000e+00  5.213851e-01  1.532837e-01
 4.20000e+00  1.20000e+00       4.998e+14 -8.322500e-01  0.000000e+00  5.325983e-01  1.677500e-01
 4.90000e+00  1.20000e+00       1.615e+14 -2.774274e-01  0.000000e+00  7.347509e-01  7.225726e-01
 5.60000e+00  1.20000e+00       3.590e+14  3.083649e-01  0.000000e+00  9.415717e-01  6.916351e-01
 6.30000e+00  1.20000e+00       4.927e+14  3.264643e-01  0.000000e+00  9.443991e-01  6.735357e-01
 7.00000e+00  1.20000e+00       2.595e+14  3.803431e-01  0.000000e+00  9.174294e-01  6.196569e-01
-7.00000e+00  1.60000e+00       2.469e+14  3.298737e-02  0.000000e+00 -9.863832e-01  9.670126e-01
-6.30000e+00  1.60000e+00       5.104e+14 -6.243290e-02  0.000000e+00 -9.966879e-01  9.375671e-01
-5.60000e+00  1.60000e+00       4.316e+14 -7.601720e-02  0.000000e+00 -9.907543e-01  9.239828e-01
-4.90000e+00  1.60000e+00       1.848e+14 -4.426847e-01  0.000000e+00 -6.152337e-01  5.573153e-01
-4.20000e+00  1.60000e+00       5.911e+14 -9.823413e-01  0.000000e+00 -5.141189e-02  1.765868e-02
-3.50000e+00  1.60000e+00       1.390e+15 -9.957761e-01  0.000000e+00 -3.061386e-02  4.223898e-03
-2.80000e+00  1.60000e+00       1.006e+15 -9.895795e-01  0.000000e+00 -1.976325e-02  1.042048e-02
-2.10000e+00  1.60000e+00       2.305e+14 -9.210478e-01  0.000000e+00  2.700808e-02  7.895221e-02
-1.40000e+00  1.60000e+00       3.300e+13 -6.597629e-02  0.000000e+00  2.996716e-01  9.340237e-01
-7.00000e-01  1.60000e+00       2.581e+13  8.442710e-01  0.000000e+00  2.449830e-01  1.557290e-01
 0.00000e+00  1.60000e+00       2.998e+13  9.234245e-01  0.000000e+00 -2.392990e-15  7.657552e-02
 7.00000e-01  1.60000e+00       2.581e+13  8.442710e-01  0.000000e+00 -2.449830e-01  1.557290e-01
 1.40000e+00  1.60000e+00       3.300e+13 -6.597629e-02  0.000000e+00 -2.996716e-01  9.340237e-01
 2.10000e+00  1.60000e+00       2.305e+14 -9.210478e-01  0.000000e+00 -2.700808e-02  7.895221e-02
 2.80000e+00  1.60000e+00       1.006e+15 -9.895795e-01  0.000000e+00  1.976325e-02  1.042048e-02
 3.50000e+00  1.60000e+00       1.390e+15 -9.957761e-01  0.000000e+00  3.061386e-02  4.223898e-03
 4.20000e+00  1.60000e+00       5.911e+14 -9.823413e-01  0.000000e+00  5.141189e-02  1.765868e-02
 4.90000e+00  1.60000e+00       1.848e+14 -4.426847e-01  0.000000e+00  6.152337e-01  5.573153e-01
 5.60000e+00  1.60000e+00       4.316e+14 -7.601720e-02  0.000000e+00  9.907543e-01  9.239828e-01
 6.30000e+00  1.60000e+00       5.104e+14 -6.243290e-02  0.000000e+00  9.966879e-01  9.375671e-01
 7.00000e+00  1.60000e+00       2.469e+14  3.298737e-02  0.000000e+00  9.863832e-01  9.670126e-01
-7.00000e+00  2.00000e+00       2.299e+14 -2.848857e-01  0.000000e+00 -9.360765e-01  7.151143e-01
-6.30000e+00  2.00000e+00       5.141e+14 -4.304144e-01  0.000000e+00 -8.998973e-01  5.695856e-01
-5.60000e+00  2.00000e+00       5.283e+14 -4.427470e-01  0.000000e+00 -8.934187e-01  5.572530e-01
-4.90000e+00  2.00000e+00       2.145e+14 -5.486330e-01  0.000000e+00 -6.098373e-01  4.513670e-01
-4.20000e+00  2.00000e+00       5.578e+14 -8.980573e-01  0.000000e+00  3.657422e-01  1.019427e-01
-3.50000e+00  2.00000e+00       1.891e+15 -9.092822e-01  0.000000e+00  4.095874e-01  9.071777e-02
-2.80000e+00  2.00000e+00       2.000e+15 -9.039721e-01  0.000000e+00  4.160988e-01  9.602788e-02
-2.10000e+00  2.00000e+00       6.519e+14 -8.740893e-01  0.000000e+00  4.310385e-01  1.259107e-01
-1.40000e+00  2.00000e+00       8.313e+13 -5.206301e-01  0.000000e+00  4.776037e-01  4.793699e-01
-7.00000e-01  2.00000e+00       3.108e+13  7.453722e-01  0.000000e+00  2.570185e-01  2.546278e-01
 0.00000e+00  2.00000e+00       3.643e+13  9.222338e-01  0.000000e+00 -1.532953e-15  7.776620e-02
 7.00000e-01  2.00000e+00       3.108e+13  7.453722e-01  0.000000e+00 -2.570185e-01  2.546278e-01
 1.40000e+00  2.00000e+00       8.313e+13 -5.206301e-01  0.000000e+00 -4.776037e-01  4.793699e-01
 2.10000e+00  2.00000e+00       6.519e+14 -8.740893e-01  0.000000e+00 -4.310385e-01  1.259107e-01
 2.80000e+00  2.00000e+00       2.000e+15 -9.039721e-01  0.000000e+00 -4.160988e-01  9.602788e-02
 3.50000e+00  2.00000e+00       1.891e+15 -9.092822e-01  0.000000e+00 -4.095874e-01  9.071777e-02
 4.20000e+00  2.00000e+00       5.578e+14 -8.980573e-01  0.000000e+00 -3.657422e-01  1.019427e-01
 4.90000e+00  2.00000e+00       2.145e+14 -5.486330e-01  0.000000e+00  6.098373e-01  4.513670e-01
 5.60000e+00  2.00000e+00       5.283e+14 -4.427470e-01  0.000000e+00  8.934187e-01  5.572530e-01
 6.30000e+00  2.00000e+00       5.141e+14 -4.304144e-01  0.000000e+00  8.998973e-01  5.695856e-01
 7.00000e+00  2.00000e+00       2.299e+14 -2.848857e-01  0.000000e+00  9.360765e-01  7.151143e-01
-7.00000e+00  2.40000e+00       2.136e+14 -5.337435e-01  0.000000e+00 -8.098146e-01  4.662565e-01
-6.30000e+00  2.40000e+00       4.907e+14 -7.251305e-01  0.000000e+00 -6.815830e-01  2.748695e-01
-5.60000e+00  2.40000e+00       6.416e+14 -7.414903e-01  0.000000e+00 -6.691643e-01  2.585097e-01
-4.90000e+00  2.40000e+00       2.814e+14 -7.392340e-01  0.000000e+00 -5.728585e-01  2.607660e-01
-4.20000e+00  2.40000e+00       3.826e+14 -6.693872e-01  0.000000e+00  6.232930e-01  3.306128e-01
-3.50000e+00  2.40000e+00       2.019e+15 -6.568999e-01  0.000000e+00  7.503905e-01  3.431001e-01
-2.80000e+00  2.40000e+00       3.538e+15 -6.517594e-01  0.000000e+00  7.550701e-01  3.482406e-01
-2.10000e+00  2.40000e+00       1.890e+15 -6.373779e-01  0.000000e+00  7.593454e-01  3.626221e-01
-1.40000e+00  2.40000e+00       3.303e+14 -5.346981e-01  0.000000e+00  7.593253e-01  4.653019e-01
-7.00000e-01  2.40000e+00       4.508e+13  3.140672e-01  0.000000e+00  5.058400e-01  6.859328e-01
 0.00000e+00  2.40000e+00       3.194e+13  8.714694e-01  0.000000e+00 -1.582301e-15  1.285306e-01
 7.00000e-01  2.40000e+00       4.508e+13  3.140672e-01  0.000000e+00 -5.058400e-01  6.859328e-01
 1.40000e+00  2.40000e+00       3.303e+14 -5.346981e-01  0.000000e+00 -7.593253e-01  4.653019e-01
 2.10000e+00  2.40000e+00       1.890e+15 -6.373779e-01  0.000000e+00 -7.593454e-01  3.626221e-01
 2.80000e+00  2.40000e+00       3.538e+15 -6.517594e-01  0.000000e+00 -7.550701e-01  3.482406e-01
 3.50000e+00  2.40000e+00       2.019e+15 -6.568999e-01  0.000000e+00 -7.503905e-01  3.431001e-01
 4.20000e+00  2.40000e+00       3.826e+14 -6.693872e-01  0.000000e+00 -6.232930e-01  3.306128e-01
 4.90000e+00  2.40000e+00       2.814e+14 -7.392340e-01  0.000000e+00  5.728585e-01  2.607660e-01
 5.60000e+00  2.40000e+00       6.416e+14 -7.414903e-01  0.000000e+00  6.691643e-01  2.585097e-01
 6.30000e+00  2.40000e+00       4.907e+14 -7.251305e-01  0.000000e+00  6.815830e-01  2.748695e-01
 7.00000e+00  2.40000e+00       2.136e+14 -5.337435e-01  0.000000e+00  8.098146e-01  4.662565e-01
-7.00000e+00  2.80000e+00       1.996e+14 -7.153018e-01  0.000000e+00 -6.511854e-01  2.846982e-01
-6.30000e+00  2.80000e+00       4.273e+14 -9.114858e-01  0.000000e+00 -3.861826e-01  8.851419e-02
-5.60000e+00  2.80000e+00       7.403e+14 -9.339726e-01  0.000000e+00 -3.546702e-01  6.602744e-02
-4.90000e+00  2.80000e+00       4.177e+14 -9.300634e-01  0.000000e+00 -3.390352e-01  6.993662e-02
-4.20000e+00  2.80000e+00       1.939e+14 -5.269595e-01  0.000000e+00  4.769811e-01  4.730405e-01
-3.50000e+00  2.80000e+00       1.379e+15 -2.784269e-01  0.000000e+00  9.547747e-01  7.215731e-01
-2.80000e+00  2.80000e+00       4.731e+15 -2.703023e-01  0.000000e+00  9.610208e-01  7.296977e-01
-2.10000e+00  2.80000e+00       4.945e+15 -2.624173e-01  0.000000e+00  9.616461e-01  7.375827e-01
-1.40000e+00  2.80000e+00       1.601e+15 -2.318152e-01  0.000000e+00  9.546165e-01  7.681848e-01
-7.00000e-01  2.80000e+00       2.114e+14  6.289542e-02  0.000000e+00  7.892625e-01  9.371046e-01
 0.00000e+00  2.80000e+00       7.677e+13  7.729047e-01  0.000000e+00 -6.031335e-16  2.270953e-01
 7.00000e-01  2.80000e+00       2.114e+14  6.289542e-02  0.000000e+00 -7.892625e-01  9.371046e-01
 1.40000e+00  2.80000e+00       1.601e+15 -2.318152e-01  0.000000e+00 -9.546165e-01  7.681848e-01
 2.10000e+00  2.80000e+00       4.945e+15 -2.624173e-01  0.000000e+00 -9.616461e-01  7.375827e-01
 2.80000e+00  2.80000e+00       4.731e+15 -2.703023e-01  0.000000e+00 -9.610208e-01  7.296977e-01
 3.50000e+00  2.80000e+00       1.379e+15 -2.784269e-01  0.000000e+00 -9.547747e-01  7.215731e-01
 4.20000e+00  2.80000e+00       1.939e+14 -5.269595e-01  0.000000e+00 -4.769811e-01  4.730405e-01
 4.90000e+00  2.80000e+00       4.177e+14 -9.300634e-01  0.000000e+00  3.390352e-01  6.993662e-02
 5.60000e+00  2.80000e+00       7.403e+14 -9.339726e-01  0.000000e+00  3.546702e-01  6.602744e-02
 6.30000e+00  2.80000e+00       4.273e+14 -9.114858e-01  0.000000e+00  3.861826e-01  8.851419e-02
 7.00000e+00  2.80000e+00       1.996e+14 -7.153018e-01  0.000000e+00  6.511854e-01  2.846982e-01
-7.00000e+00  3.20000e+00       1.923e+14 -8.561892e-01  0.000000e+00 -4.668127e-01  1.438108e-01
-6.30000e+00  3.20000e+00       3.337e+14 -9.752306e-01  0.000000e+00 -7.305389e-02  2.476941e-02
-5.60000e+00  3.20000e+00       7.797e+14 -9.985625e-01  0.000000e+00  6.387028e-03  1.437484e-03
-4.90000e+00  3.20000e+00       6.336e+14 -9.984791e-01  0.000000e+00  1.259217e-02  1.520942e-03
-4.20000e+00  3.20000e+00       1.721e+14 -8.997363e-01  0.000000e+00  1.011442e-01  1.002637e-01
-3.50000e+00  3.20000e+00       3.964e+14  1.661287e-01  0.000000e+00  9.425572e-01  8.338713e-01
-2.80000e+00  3.20000e+00       3.377e+15  2.204022e-01  0.000000e+00  9.730554e-01  7.795978e-01
-2.10000e+00  3.20000e+00       9.137e+15  2.278891e-01  0.000000e+00  9.719152e-01  7.721109e-01
-1.40000e+00  3.20000e+00       7.544e+15  2.373786e-01  0.000000e+00  9.674672e-01  7.626214e-01
-7.00000e-01  3.20000e+00       1.976e+15  2.740068e-01  0.000000e+00  9.317337e-01  7.259932e-01
 0.00000e+00  3.20000e+00       4.032e+14  4.438940e-01  0.000000e+00 -2.038307e-15  5.561060e-01
 7.00000e-01  3.20000e+00       1.976e+15  2.740068e-01  0.000000e+00 -9.317337e-01  7.259932e-01
 1.40000e+00  3.20000e+00       7.544e+15  2.373786e-01  0.000000e+00 -9.674672e-01  7.626214e-01
 2.10000e+00  3.20000e+00       9.137e+15  2.278891e-01  0.000000e+00 -9.719152e-01  7.721109e-01
 2.80000e+00  3.20000e+00       3.377e+15  2.204022e-01  0.000000e+00 -9.730554e-01  7.795978e-01
 3.50000e+00  3.20000e+00       3.964e+14  1.661287e-01  0.000000e+00 -9.425572e-01  8.338713e-01
 4.20000e+00  3.20000e+00       1.721e+14 -8.997363e-01  0.000000e+00 -1.011442e-01  1.002637e-01
 4.90000e+00  3.20000e+00       6.336e+14 -9.984791e-01  0.000000e+00 -1.259217e-02  1.520942e-03
 5.60000e+00  3.20000e+00       7.797e+14 -9.985625e-01  0.000000e+00 -6.387028e-03  1.437484e-03
 6.30000e+00  3.20000e+00       3.337e+14 -9.752306e-01  0.000000e+00  7.305389e-02  2.476941e-02
 7.00000e+00  3.20000e+00       1.923e+14 -8.561892e-01  0.000000e+00  4.668127e-01  1.438108e-01
-7.00000e+00  3.60000e+00       2.925e+14 -9.601322e-01  0.000000e+00 -2.430346e-01  3.986778e-02
-6.30000e+00  3.60000e+00       3.056e+14 -9.416803e-01  0.000000e+00  1.307138e-01  5.831966e-02
-5.60000e+00  3.60000e+00       8.190e+14 -9.296683e-01  0.000000e+00  3.579262e-01  7.033169e-02
-4.90000e+00  3.60000e+00       1.014e+15 -9.281288e-01  0.000000e+00  3.702197e-01  7.187119e-02
-4.20000e+00  3.60000e+00       3.860e+14 -9.229528e-01  0.000000e+00  3.756735e-01  7.704720e-02
-3.50000e+00  3.60000e+00       5.762e+13 -6.289522e-01  0.000000e+00  4.630071e-01  3.710478e-01
-2.80000e+00  3.60000e+00       3.295e+14  7.558614e-01  0.000000e+00  6.061747e-01  2.441386e-01
-2.10000e+00  3.60000e+00       4.417e+15  8.101889e-01  0.000000e+00  5.772421e-01  1.898111e-01
-1.40000e+00  3.60000e+00       1.937e+16  8.220444e-01  0.000000e+00  5.614736e-01  1.779556e-01
-7.00000e-01  3.60000e+00       2.763e+16  8.300074e-01  0.000000e+00  4.981272e-01  1.699926e-01
 0.00000e+00  3.60000e+00       2.198e+16  8.364892e-01  0.000000e+00  1.310149e-17  1.635108e-01
 7.00000e-01  3.60000e+00       2.763e+16  8.300074e-01  0.000000e+00 -4.981272e-01  1.699926e-01
 1.40000e+00  3.60000e+00       1.937e+16  8.220444e-01  0.000000e+00 -5.614736e-01  1.779556e-01
 2.10000e+00  3.60000e+00       4.417e+15  8.101889e-01  0.000000e+00 -5.772421e-01  1.898111e-01
 2.80000e+00  3.60000e+00       3.295e+14  7.558614e-01  0.000000e+00 -6.061747e-01  2.441386e-01
 3.50000e+00  3.60000e+00       5.762e+13 -6.289522e-01  0.000000e+00 -4.630071e-01  3.710478e-01
 4.20000e+00  3.60000e+00       3.860e+14 -9.229528e-01  0.000000e+00 -3.756735e-01  7.704720e-02
 4.90000e+00  3.60000e+00       1.014e+15 -9.281288e-01  0.000000e+00 -3.702197e-01  7.187119e-02
 5.60000e+00  3.60000e+00       8.190e+14 -9.296683e-01  0.000000e+00 -3.579262e-01  7.033169e-02
 6.30000e+00  3.60000e+00       3.056e+14 -9.416803e-01  0.000000e+00 -1.307138e-01  5.831966e-02
 7.00000e+00  3.60000e+00       2.925e+14 -9.601322e-01  0.000000e+00  2.430346e-01  3.986778e-02
-7.00000e+00  4.00000e+00       1.985e+14 -9.941971e-01  0.000000e+00  5.565589e-02  5.802928e-03
-6.30000e+00  4.00000e+00       1.809e+14 -8.974239e-01  0.000000e+00  2.847534e-01  1.025761e-01
-5.60000e+00  4.00000e+00       4.930e+14 -7.323117e-01  0.000000e+00  6.657713e-01  2.676883e-01
-4.90000e+00  4.00000e+00       1.019e+15 -7.194196e-01  0.000000e+00  6.933431e-01  2.805804e-01
-4.20000e+00  4.00000e+00       6.617e+14 -7.156871e-01  0.000000e+00  6.961583e-01  2.843129e-01
-3.50000e+00  4.00000e+00       1.335e+14 -6.909737e-01  0.000000e+00  7.042014e-01  3.090263e-01
-2.80000e+00  4.00000e+00       1.546e+13 -2.382813e-01  0.000000e+00  7.722964e-01  7.617187e-01
-2.10000e+00  4.00000e+00       1.791e+13  5.187913e-01  0.000000e+00  7.316566e-01  4.812087e-01
-1.40000e+00  4.00000e+00       3.939e+13  7.374805e-01  0.000000e+00  5.456454e-01  2.625195e-01
-7.00000e-01  4.00000e+00       6.729e+13  8.852630e-01  0.000000e+00  2.680200e-01  1.147370e-01
 0.00000e+00  4.00000e+00       8.348e+13  9.394083e-01  0.000000e+00 -9.157566e-14  6.059171e-02
 7.00000e-01  4.00000e+00       6.729e+13  8.852630e-01  0.000000e+00 -2.680200e-01  1.147370e-01
 1.40000e+00  4.00000e+00       3.939e+13  7.374805e-01  0.000000e+00 -5.456454e-01  2.625195e-01
 2.10000e+00  4.00000e+00       1.791e+13  5.187913e-01  0.000000e+00 -7.316566e-01  4.812087e-01
 2.80000e+00  4.00000e+00       1.546e+13 -2.382813e-01  0.000000e+00 -7.722964e-01  7.617187e-01
 3.50000e+00  4.00000e+00       1.335e+14 -6.909737e-01  0.000000e+00 -7.042014e-01  3.090263e-01
 4.20000e+00  4.00000e+00       6.617e+14 -7.156871e-01  0.000000e+00 -6.961583e-01  2.843129e-01
 4.90000e+00  4.00000e+00       1.019e+15 -7.194196e-01  0.000000e+00 -6.933431e-01  2.805804e-01
 5.60000e+00  4.00000e+00       4.930e+14 -7.323117e-01  0.000000e+00 -6.657713e-01  2.676883e-01
 6.30000e+00  4.00000e+00       1.809e+14 -8.974239e-01  0.000000e+00 -2.847534e-01  1.025761e-01
 7.00000e+00  4.00000e+00       1.985e+14 -9.941971e-01  0.000000e+00 -5.565589e-02  5.802928e-03
