 EB(GeV)    EMITTANCEx EMITTANCEy SIZEx(m)   SIZEy(m)   DIVx(rad)  DIVy(rad)
 2.411e+00  5.499e-09  1.017e-12  8.711e-05  1.009e-06  6.313e-05  1.009e-06
 betax      alphax     betay      alphay     eta        deta       E_spread  
 1.380e+00  0.000e+00  1.000e+00  0.000e+00  0.000e+00  0.000e+00  8.600e-04
 Ibeam(A)   period(cm) #periods   Kx         Ky         Energy(eV)
 4.005e-01  1.900e+00         96  0.000e+00  1.780e+00  7.079e+03


           x            y       F.Density            PL            PC          PL45        1-|PL|
          mm           mm  ph/s/mr^2/0.1%             -             -             -             -
-7.00000e+00 -4.00000e+00       2.094e+08 -7.691811e-01  0.000000e+00 -5.541560e-02  2.308189e-01
-6.30000e+00 -4.00000e+00       3.811e+08 -6.426722e-01  0.000000e+00 -2.896018e-01  3.573278e-01
-5.60000e+00 -4.00000e+00       7.085e+08 -3.840355e-01  0.000000e+00 -5.033209e-01  6.159645e-01
-4.90000e+00 -4.00000e+00       1.515e+09 -9.782032e-02  0.000000e+00 -5.705590e-01  9.021797e-01
-4.20000e+00 -4.00000e+00       2.966e+09  1.063397e-01  0.000000e+00 -5.197271e-01  8.936603e-01
-3.50000e+00 -4.00000e+00       5.094e+09  2.231084e-01  0.000000e+00 -4.019557e-01  7.768916e-01
-2.80000e+00 -4.00000e+00       9.485e+09  4.192150e-01  0.000000e+00 -2.156569e-01  5.807850e-01
-2.10000e+00 -4.00000e+00       2.078e+10  9.530258e-01  0.000000e+00 -1.933731e-01  4.697417e-02
-1.40000e+00 -4.00000e+00       5.199e+10  9.438044e-01  0.000000e+00 -1.823435e-01  5.619557e-02
-7.00000e-01 -4.00000e+00       1.274e+11  6.951732e-01  0.000000e+00 -1.300434e-02  3.048268e-01
 0.00000e+00 -4.00000e+00       1.909e+11  5.714065e-01  0.000000e+00 -1.554373e-15  4.285935e-01
 7.00000e-01 -4.00000e+00       1.274e+11  6.951732e-01  0.000000e+00  1.300434e-02  3.048268e-01
 1.40000e+00 -4.00000e+00       5.199e+10  9.438044e-01  0.000000e+00  1.823435e-01  5.619557e-02
 2.10000e+00 -4.00000e+00       2.078e+10  9.530258e-01  0.000000e+00  1.933731e-01  4.697417e-02
 2.80000e+00 -4.00000e+00       9.485e+09  4.192150e-01  0.000000e+00  2.156569e-01  5.807850e-01
 3.50000e+00 -4.00000e+00       5.094e+09  2.231084e-01  0.000000e+00  4.019557e-01  7.768916e-01
 4.20000e+00 -4.00000e+00       2.966e+09  1.063397e-01  0.000000e+00  5.197271e-01  8.936603e-01
 4.90000e+00 -4.00000e+00       1.515e+09 -9.782032e-02  0.000000e+00  5.705590e-01  9.021797e-01
 5.60000e+00 -4.00000e+00       7.085e+08 -3.840355e-01  0.000000e+00  5.033209e-01  6.159645e-01
 6.30000e+00 -4.00000e+00       3.811e+08 -6.426722e-01  0.000000e+00  2.896018e-01  3.573278e-01
 7.00000e+00 -4.00000e+00       2.094e+08 -7.691811e-01  0.000000e+00  5.541560e-02  2.308189e-01
-7.00000e+00 -3.60000e+00       2.901e+08 -7.453081e-01  0.000000e+00  3.245516e-02  2.546919e-01
-6.30000e+00 -3.60000e+00       6.081e+08 -6.174965e-01  0.000000e+00 -2.522976e-01  3.825035e-01
-5.60000e+00 -3.60000e+00       1.305e+09 -3.817584e-01  0.000000e+00 -4.409757e-01  6.182416e-01
-4.90000e+00 -3.60000e+00       3.098e+09 -6.739108e-02  0.000000e+00 -4.766994e-01  9.326089e-01
-4.20000e+00 -3.60000e+00       8.414e+09  1.969903e-01  0.000000e+00 -3.188050e-01  8.030097e-01
-3.50000e+00 -3.60000e+00       2.219e+10  2.097582e-01  0.000000e+00 -1.452304e-01  7.902418e-01
-2.80000e+00 -3.60000e+00       5.248e+10  1.519363e-01  0.000000e+00 -4.786659e-02  8.480637e-01
-2.10000e+00 -3.60000e+00       1.085e+11  1.625373e-01  0.000000e+00  1.963950e-01  8.374627e-01
-1.40000e+00 -3.60000e+00       1.776e+11  2.979273e-01  0.000000e+00  3.843950e-01  7.020727e-01
-7.00000e-01 -3.60000e+00       2.300e+11  5.081076e-01  0.000000e+00  2.950118e-01  4.918924e-01
 0.00000e+00 -3.60000e+00       2.563e+11  6.018644e-01  0.000000e+00 -8.103877e-16  3.981356e-01
 7.00000e-01 -3.60000e+00       2.300e+11  5.081076e-01  0.000000e+00 -2.950118e-01  4.918924e-01
 1.40000e+00 -3.60000e+00       1.776e+11  2.979273e-01  0.000000e+00 -3.843950e-01  7.020727e-01
 2.10000e+00 -3.60000e+00       1.085e+11  1.625373e-01  0.000000e+00 -1.963950e-01  8.374627e-01
 2.80000e+00 -3.60000e+00       5.248e+10  1.519363e-01  0.000000e+00  4.786659e-02  8.480637e-01
 3.50000e+00 -3.60000e+00       2.219e+10  2.097582e-01  0.000000e+00  1.452304e-01  7.902418e-01
 4.20000e+00 -3.60000e+00       8.414e+09  1.969903e-01  0.000000e+00  3.188050e-01  8.030097e-01
 4.90000e+00 -3.60000e+00       3.098e+09 -6.739108e-02  0.000000e+00  4.766994e-01  9.326089e-01
 5.60000e+00 -3.60000e+00       1.305e+09 -3.817584e-01  0.000000e+00  4.409757e-01  6.182416e-01
 6.30000e+00 -3.60000e+00       6.081e+08 -6.174965e-01  0.000000e+00  2.522976e-01  3.825035e-01
 7.00000e+00 -3.60000e+00       2.901e+08 -7.453081e-01  0.000000e+00 -3.245516e-02  2.546919e-01
-7.00000e+00 -3.20000e+00       3.950e+08 -6.872730e-01  0.000000e+00  9.865078e-02  3.127270e-01
-6.30000e+00 -3.20000e+00       1.083e+09 -3.607038e-01  0.000000e+00 -2.304361e-01  6.392962e-01
-5.60000e+00 -3.20000e+00       4.394e+09  1.633126e-01  0.000000e+00 -1.387470e-01  8.366874e-01
-4.90000e+00 -3.20000e+00       2.096e+10  1.681400e-01  0.000000e+00  1.120234e-01  8.318600e-01
-4.20000e+00 -3.20000e+00       8.791e+10  3.614873e-02  0.000000e+00 -1.516544e-02  9.638513e-01
-3.50000e+00 -3.20000e+00       2.950e+11  1.706372e-01  0.000000e+00 -1.063729e-01  8.293628e-01
-2.80000e+00 -3.20000e+00       7.353e+11  1.829165e-01  0.000000e+00  4.313044e-02  8.170835e-01
-2.10000e+00 -3.20000e+00       1.427e+12  7.229112e-02  0.000000e+00  2.290879e-01  9.277089e-01
-1.40000e+00 -3.20000e+00       2.501e+12 -2.168403e-01  0.000000e+00  2.214994e-01  7.831597e-01
-7.00000e-01 -3.20000e+00       4.020e+12 -5.665288e-01  0.000000e+00  2.595416e-02  4.334712e-01
 0.00000e+00 -3.20000e+00       4.688e+12 -6.530212e-01  0.000000e+00 -5.034931e-15  3.469788e-01
 7.00000e-01 -3.20000e+00       4.020e+12 -5.665288e-01  0.000000e+00 -2.595416e-02  4.334712e-01
 1.40000e+00 -3.20000e+00       2.501e+12 -2.168403e-01  0.000000e+00 -2.214994e-01  7.831597e-01
 2.10000e+00 -3.20000e+00       1.427e+12  7.229112e-02  0.000000e+00 -2.290879e-01  9.277089e-01
 2.80000e+00 -3.20000e+00       7.353e+11  1.829165e-01  0.000000e+00 -4.313044e-02  8.170835e-01
 3.50000e+00 -3.20000e+00       2.950e+11  1.706372e-01  0.000000e+00  1.063729e-01  8.293628e-01
 4.20000e+00 -3.20000e+00       8.791e+10  3.614873e-02  0.000000e+00  1.516544e-02  9.638513e-01
 4.90000e+00 -3.20000e+00       2.096e+10  1.681400e-01  0.000000e+00 -1.120234e-01  8.318600e-01
 5.60000e+00 -3.20000e+00       4.394e+09  1.633126e-01  0.000000e+00  1.387470e-01  8.366874e-01
 6.30000e+00 -3.20000e+00       1.083e+09 -3.607038e-01  0.000000e+00  2.304361e-01  6.392962e-01
 7.00000e+00 -3.20000e+00       3.950e+08 -6.872730e-01  0.000000e+00 -9.865078e-02  3.127270e-01
-7.00000e+00 -2.80000e+00       6.766e+08 -6.185987e-01  0.000000e+00  2.368376e-01  3.814013e-01
-6.30000e+00 -2.80000e+00       4.489e+09 -4.448868e-01  0.000000e+00 -2.481646e-01  5.551132e-01
-5.60000e+00 -2.80000e+00       3.998e+10  4.591675e-02  0.000000e+00 -5.149021e-01  9.540832e-01
-4.90000e+00 -2.80000e+00       2.699e+11  4.576903e-01  0.000000e+00 -3.142781e-01  5.423097e-01
-4.20000e+00 -2.80000e+00       1.144e+12  4.737914e-01  0.000000e+00  3.976790e-02  5.262086e-01
-3.50000e+00 -2.80000e+00       3.281e+12  2.358462e-01  0.000000e+00  9.546398e-02  7.641538e-01
-2.80000e+00 -2.80000e+00       7.492e+12  1.576353e-01  0.000000e+00 -4.395955e-02  8.423647e-01
-2.10000e+00 -2.80000e+00       1.322e+13 -1.893799e-02  0.000000e+00  1.331059e-01  9.810620e-01
-1.40000e+00 -2.80000e+00       1.834e+13 -2.892227e-01  0.000000e+00  5.303401e-01  7.107773e-01
-7.00000e-01 -2.80000e+00       1.698e+13 -3.087054e-01  0.000000e+00  6.836412e-01  6.912946e-01
 0.00000e+00 -2.80000e+00       1.210e+13 -2.321509e-01  0.000000e+00  2.912468e-15  7.678491e-01
 7.00000e-01 -2.80000e+00       1.698e+13 -3.087054e-01  0.000000e+00 -6.836412e-01  6.912946e-01
 1.40000e+00 -2.80000e+00       1.834e+13 -2.892227e-01  0.000000e+00 -5.303401e-01  7.107773e-01
 2.10000e+00 -2.80000e+00       1.322e+13 -1.893799e-02  0.000000e+00 -1.331059e-01  9.810620e-01
 2.80000e+00 -2.80000e+00       7.492e+12  1.576353e-01  0.000000e+00  4.395955e-02  8.423647e-01
 3.50000e+00 -2.80000e+00       3.281e+12  2.358462e-01  0.000000e+00 -9.546398e-02  7.641538e-01
 4.20000e+00 -2.80000e+00       1.144e+12  4.737914e-01  0.000000e+00 -3.976790e-02  5.262086e-01
 4.90000e+00 -2.80000e+00       2.699e+11  4.576903e-01  0.000000e+00  3.142781e-01  5.423097e-01
 5.60000e+00 -2.80000e+00       3.998e+10  4.591675e-02  0.000000e+00  5.149021e-01  9.540832e-01
 6.30000e+00 -2.80000e+00       4.489e+09 -4.448868e-01  0.000000e+00  2.481646e-01  5.551132e-01
 7.00000e+00 -2.80000e+00       6.766e+08 -6.185987e-01  0.000000e+00 -2.368376e-01  3.814013e-01
-7.00000e+00 -2.40000e+00       4.175e+09  4.254323e-01  0.000000e+00  5.785194e-01  5.745677e-01
-6.30000e+00 -2.40000e+00       4.398e+10  1.715832e-01  0.000000e+00  6.681776e-01  8.284168e-01
-5.60000e+00 -2.40000e+00       3.299e+11 -2.128470e-01  0.000000e+00  3.903707e-01  7.871530e-01
-4.90000e+00 -2.40000e+00       1.912e+12 -1.784201e-01  0.000000e+00 -1.695726e-01  8.215799e-01
-4.20000e+00 -2.40000e+00       8.661e+12  2.579618e-01  0.000000e+00 -3.502764e-01  7.420382e-01
-3.50000e+00 -2.40000e+00       2.618e+13  4.826025e-01  0.000000e+00 -1.024906e-01  5.173975e-01
-2.80000e+00 -2.40000e+00       5.348e+13  3.998597e-01  0.000000e+00  2.672713e-02  6.001403e-01
-2.10000e+00 -2.40000e+00       9.114e+13  3.939439e-01  0.000000e+00 -2.372136e-01  6.060561e-01
-1.40000e+00 -2.40000e+00       1.176e+14  3.370173e-01  0.000000e+00 -5.783609e-01  6.629827e-01
-7.00000e-01 -2.40000e+00       8.368e+13  1.784385e-01  0.000000e+00 -7.444112e-01  8.215615e-01
 0.00000e+00 -2.40000e+00       4.610e+13  9.419831e-02  0.000000e+00 -6.565742e-15  9.058017e-01
 7.00000e-01 -2.40000e+00       8.368e+13  1.784385e-01  0.000000e+00  7.444112e-01  8.215615e-01
 1.40000e+00 -2.40000e+00       1.176e+14  3.370173e-01  0.000000e+00  5.783609e-01  6.629827e-01
 2.10000e+00 -2.40000e+00       9.114e+13  3.939439e-01  0.000000e+00  2.372136e-01  6.060561e-01
 2.80000e+00 -2.40000e+00       5.348e+13  3.998597e-01  0.000000e+00 -2.672713e-02  6.001403e-01
 3.50000e+00 -2.40000e+00       2.618e+13  4.826025e-01  0.000000e+00  1.024906e-01  5.173975e-01
 4.20000e+00 -2.40000e+00       8.661e+12  2.579618e-01  0.000000e+00  3.502764e-01  7.420382e-01
 4.90000e+00 -2.40000e+00       1.912e+12 -1.784201e-01  0.000000e+00  1.695726e-01  8.215799e-01
 5.60000e+00 -2.40000e+00       3.299e+11 -2.128470e-01  0.000000e+00 -3.903707e-01  7.871530e-01
 6.30000e+00 -2.40000e+00       4.398e+10  1.715832e-01  0.000000e+00 -6.681776e-01  8.284168e-01
 7.00000e+00 -2.40000e+00       4.175e+09  4.254323e-01  0.000000e+00 -5.785194e-01  5.745677e-01
-7.00000e+00 -2.00000e+00       3.802e+10  9.156135e-01  0.000000e+00 -7.428501e-02  8.438655e-02
-6.30000e+00 -2.00000e+00       4.408e+11  8.861572e-01  0.000000e+00  1.843560e-01  1.138428e-01
-5.60000e+00 -2.00000e+00       2.987e+12  6.974976e-01  0.000000e+00  4.481796e-01  3.025024e-01
-4.90000e+00 -2.00000e+00       1.240e+13  3.141171e-01  0.000000e+00  5.304464e-01  6.858829e-01
-4.20000e+00 -2.00000e+00       3.862e+13  1.796281e-02  0.000000e+00  1.495956e-01  9.820372e-01
-3.50000e+00 -2.00000e+00       1.105e+14  2.535484e-01  0.000000e+00 -2.222036e-01  7.464516e-01
-2.80000e+00 -2.00000e+00       2.381e+14  4.617890e-01  0.000000e+00 -1.179222e-01  5.382110e-01
-2.10000e+00 -2.00000e+00       3.392e+14  2.559137e-01  0.000000e+00  8.347884e-02  7.440863e-01
-1.40000e+00 -2.00000e+00       3.813e+14 -2.801317e-02  0.000000e+00  3.984907e-01  9.719868e-01
-7.00000e-01 -2.00000e+00       2.862e+14 -8.567363e-02  0.000000e+00  6.778431e-01  9.143264e-01
 0.00000e+00 -2.00000e+00       1.664e+14 -7.560083e-02  0.000000e+00 -7.785707e-15  9.243992e-01
 7.00000e-01 -2.00000e+00       2.862e+14 -8.567363e-02  0.000000e+00 -6.778431e-01  9.143264e-01
 1.40000e+00 -2.00000e+00       3.813e+14 -2.801317e-02  0.000000e+00 -3.984907e-01  9.719868e-01
 2.10000e+00 -2.00000e+00       3.392e+14  2.559137e-01  0.000000e+00 -8.347884e-02  7.440863e-01
 2.80000e+00 -2.00000e+00       2.381e+14  4.617890e-01  0.000000e+00  1.179222e-01  5.382110e-01
 3.50000e+00 -2.00000e+00       1.105e+14  2.535484e-01  0.000000e+00  2.222036e-01  7.464516e-01
 4.20000e+00 -2.00000e+00       3.862e+13  1.796281e-02  0.000000e+00 -1.495956e-01  9.820372e-01
 4.90000e+00 -2.00000e+00       1.240e+13  3.141171e-01  0.000000e+00 -5.304464e-01  6.858829e-01
 5.60000e+00 -2.00000e+00       2.987e+12  6.974976e-01  0.000000e+00 -4.481796e-01  3.025024e-01
 6.30000e+00 -2.00000e+00       4.408e+11  8.861572e-01  0.000000e+00 -1.843560e-01  1.138428e-01
 7.00000e+00 -2.00000e+00       3.802e+10  9.156135e-01  0.000000e+00  7.428501e-02  8.438655e-02
-7.00000e+00 -1.60000e+00       1.852e+11  7.854243e-01  0.000000e+00 -5.479469e-01  2.145757e-01
-6.30000e+00 -1.60000e+00       2.263e+12  8.858860e-01  0.000000e+00 -3.478549e-01  1.141140e-01
-5.60000e+00 -1.60000e+00       1.632e+13  9.260172e-01  0.000000e+00 -9.640513e-02  7.398277e-02
-4.90000e+00 -1.60000e+00       6.886e+13  8.578416e-01  0.000000e+00  1.864159e-01  1.421584e-01
-4.20000e+00 -1.60000e+00       1.745e+14  6.071854e-01  0.000000e+00  3.843535e-01  3.928146e-01
-3.50000e+00 -1.60000e+00       3.323e+14  3.088113e-01  0.000000e+00  1.789528e-01  6.911887e-01
-2.80000e+00 -1.60000e+00       6.468e+14  4.067335e-01  0.000000e+00 -1.223758e-01  5.932665e-01
-2.10000e+00 -1.60000e+00       1.002e+15  4.666997e-01  0.000000e+00  9.015859e-02  5.333003e-01
-1.40000e+00 -1.60000e+00       1.253e+15  3.626039e-01  0.000000e+00  5.639968e-01  6.373961e-01
-7.00000e-01 -1.60000e+00       1.341e+15  4.028637e-01  0.000000e+00  7.013332e-01  5.971363e-01
 0.00000e+00 -1.60000e+00       1.120e+15  4.427315e-01  0.000000e+00  6.100087e-15  5.572685e-01
 7.00000e-01 -1.60000e+00       1.341e+15  4.028637e-01  0.000000e+00 -7.013332e-01  5.971363e-01
 1.40000e+00 -1.60000e+00       1.253e+15  3.626039e-01  0.000000e+00 -5.639968e-01  6.373961e-01
 2.10000e+00 -1.60000e+00       1.002e+15  4.666997e-01  0.000000e+00 -9.015859e-02  5.333003e-01
 2.80000e+00 -1.60000e+00       6.468e+14  4.067335e-01  0.000000e+00  1.223758e-01  5.932665e-01
 3.50000e+00 -1.60000e+00       3.323e+14  3.088113e-01  0.000000e+00 -1.789528e-01  6.911887e-01
 4.20000e+00 -1.60000e+00       1.745e+14  6.071854e-01  0.000000e+00 -3.843535e-01  3.928146e-01
 4.90000e+00 -1.60000e+00       6.886e+13  8.578416e-01  0.000000e+00 -1.864159e-01  1.421584e-01
 5.60000e+00 -1.60000e+00       1.632e+13  9.260172e-01  0.000000e+00  9.640513e-02  7.398277e-02
 6.30000e+00 -1.60000e+00       2.263e+12  8.858860e-01  0.000000e+00  3.478549e-01  1.141140e-01
 7.00000e+00 -1.60000e+00       1.852e+11  7.854243e-01  0.000000e+00  5.479469e-01  2.145757e-01
-7.00000e+00 -1.20000e+00       4.704e+11  5.942099e-01  0.000000e+00 -7.591517e-01  4.057901e-01
-6.30000e+00 -1.20000e+00       5.981e+12  7.472514e-01  0.000000e+00 -6.068708e-01  2.527486e-01
-5.60000e+00 -1.20000e+00       4.610e+13  8.638565e-01  0.000000e+00 -4.114850e-01  1.361435e-01
-4.90000e+00 -1.20000e+00       2.140e+14  9.258380e-01  0.000000e+00 -1.769349e-01  7.416197e-02
-4.20000e+00 -1.20000e+00       5.835e+14  8.978015e-01  0.000000e+00  8.031311e-02  1.021985e-01
-3.50000e+00 -1.20000e+00       9.594e+14  7.240080e-01  0.000000e+00  2.498614e-01  2.759920e-01
-2.80000e+00 -1.20000e+00       1.316e+15  5.407788e-01  0.000000e+00  5.782299e-02  4.592212e-01
-2.10000e+00 -1.20000e+00       1.849e+15  5.631292e-01  0.000000e+00 -8.831334e-02  4.368708e-01
-1.40000e+00 -1.20000e+00       1.553e+15  4.352748e-01  0.000000e+00  1.086061e-01  5.647252e-01
-7.00000e-01 -1.20000e+00       6.404e+14  2.071704e-01  0.000000e+00  3.499119e-01  7.928296e-01
 0.00000e+00 -1.20000e+00       2.893e+14  2.690295e-01  0.000000e+00  1.619193e-14  7.309705e-01
 7.00000e-01 -1.20000e+00       6.404e+14  2.071704e-01  0.000000e+00 -3.499119e-01  7.928296e-01
 1.40000e+00 -1.20000e+00       1.553e+15  4.352748e-01  0.000000e+00 -1.086061e-01  5.647252e-01
 2.10000e+00 -1.20000e+00       1.849e+15  5.631292e-01  0.000000e+00  8.831334e-02  4.368708e-01
 2.80000e+00 -1.20000e+00       1.316e+15  5.407788e-01  0.000000e+00 -5.782299e-02  4.592212e-01
 3.50000e+00 -1.20000e+00       9.594e+14  7.240080e-01  0.000000e+00 -2.498614e-01  2.759920e-01
 4.20000e+00 -1.20000e+00       5.835e+14  8.978015e-01  0.000000e+00 -8.031311e-02  1.021985e-01
 4.90000e+00 -1.20000e+00       2.140e+14  9.258380e-01  0.000000e+00  1.769349e-01  7.416197e-02
 5.60000e+00 -1.20000e+00       4.610e+13  8.638565e-01  0.000000e+00  4.114850e-01  1.361435e-01
 6.30000e+00 -1.20000e+00       5.981e+12  7.472514e-01  0.000000e+00  6.068708e-01  2.527486e-01
 7.00000e+00 -1.20000e+00       4.704e+11  5.942099e-01  0.000000e+00  7.591517e-01  4.057901e-01
-7.00000e+00 -8.00000e-01       6.793e+11  5.407365e-01  0.000000e+00 -7.962721e-01  4.592635e-01
-6.30000e+00 -8.00000e-01       9.159e+12  7.078092e-01  0.000000e+00 -6.586900e-01  2.921908e-01
-5.60000e+00 -8.00000e-01       7.611e+13  8.344176e-01  0.000000e+00 -4.929329e-01  1.655824e-01
-4.90000e+00 -8.00000e-01       3.891e+14  9.179729e-01  0.000000e+00 -3.075985e-01  8.202710e-02
-4.20000e+00 -8.00000e-01       1.190e+15  9.530489e-01  0.000000e+00 -1.085696e-01  4.695106e-02
-3.50000e+00 -8.00000e-01       2.094e+15  9.207184e-01  0.000000e+00  8.278142e-02  7.928157e-02
-2.80000e+00 -8.00000e-01       2.448e+15  8.148681e-01  0.000000e+00  1.255054e-01  1.851319e-01
-2.10000e+00 -8.00000e-01       3.462e+15  8.273511e-01  0.000000e+00 -9.447564e-02  1.726489e-01
-1.40000e+00 -8.00000e-01       4.959e+15  8.778681e-01  0.000000e+00 -2.705382e-01  1.221319e-01
-7.00000e-01 -8.00000e-01       4.358e+15  8.528585e-01  0.000000e+00 -3.845303e-01  1.471415e-01
 0.00000e+00 -8.00000e-01       3.079e+15  8.304878e-01  0.000000e+00  2.546821e-15  1.695122e-01
 7.00000e-01 -8.00000e-01       4.358e+15  8.528585e-01  0.000000e+00  3.845303e-01  1.471415e-01
 1.40000e+00 -8.00000e-01       4.959e+15  8.778681e-01  0.000000e+00  2.705382e-01  1.221319e-01
 2.10000e+00 -8.00000e-01       3.462e+15  8.273511e-01  0.000000e+00  9.447564e-02  1.726489e-01
 2.80000e+00 -8.00000e-01       2.448e+15  8.148681e-01  0.000000e+00 -1.255054e-01  1.851319e-01
 3.50000e+00 -8.00000e-01       2.094e+15  9.207184e-01  0.000000e+00 -8.278142e-02  7.928157e-02
 4.20000e+00 -8.00000e-01       1.190e+15  9.530489e-01  0.000000e+00  1.085696e-01  4.695106e-02
 4.90000e+00 -8.00000e-01       3.891e+14  9.179729e-01  0.000000e+00  3.075985e-01  8.202710e-02
 5.60000e+00 -8.00000e-01       7.611e+13  8.344176e-01  0.000000e+00  4.929329e-01  1.655824e-01
 6.30000e+00 -8.00000e-01       9.159e+12  7.078092e-01  0.000000e+00  6.586900e-01  2.921908e-01
 7.00000e+00 -8.00000e-01       6.793e+11  5.407365e-01  0.000000e+00  7.962721e-01  4.592635e-01
-7.00000e+00 -4.00000e-01       6.318e+11  7.483394e-01  0.000000e+00 -6.211768e-01  2.516606e-01
-6.30000e+00 -4.00000e-01       9.509e+12  8.527393e-01  0.000000e+00 -4.856568e-01  1.472607e-01
-5.60000e+00 -4.00000e-01       8.714e+13  9.202111e-01  0.000000e+00 -3.549797e-01  7.978894e-02
-4.90000e+00 -4.00000e-01       4.892e+14  9.611959e-01  0.000000e+00 -2.314889e-01  3.880407e-02
-4.20000e+00 -4.00000e-01       1.649e+15  9.818574e-01  0.000000e+00 -1.137225e-01  1.814261e-02
-3.50000e+00 -4.00000e-01       3.169e+15  9.827475e-01  0.000000e+00 -2.319947e-03  1.725254e-02
-2.80000e+00 -4.00000e-01       3.533e+15  9.569667e-01  0.000000e+00  6.479907e-02  4.303330e-02
-2.10000e+00 -4.00000e-01       3.336e+15  9.187527e-01  0.000000e+00  9.681052e-03  8.124731e-02
-1.40000e+00 -4.00000e-01       3.029e+15  8.929324e-01  0.000000e+00  7.100567e-02  1.070676e-01
-7.00000e-01 -4.00000e-01       1.587e+15  8.540191e-01  0.000000e+00  2.692805e-01  1.459809e-01
 0.00000e+00 -4.00000e-01       6.931e+14  8.238980e-01  0.000000e+00 -2.052413e-15  1.761020e-01
 7.00000e-01 -4.00000e-01       1.587e+15  8.540191e-01  0.000000e+00 -2.692805e-01  1.459809e-01
 1.40000e+00 -4.00000e-01       3.029e+15  8.929324e-01  0.000000e+00 -7.100567e-02  1.070676e-01
 2.10000e+00 -4.00000e-01       3.336e+15  9.187527e-01  0.000000e+00 -9.681052e-03  8.124731e-02
 2.80000e+00 -4.00000e-01       3.533e+15  9.569667e-01  0.000000e+00 -6.479907e-02  4.303330e-02
 3.50000e+00 -4.00000e-01       3.169e+15  9.827475e-01  0.000000e+00  2.319947e-03  1.725254e-02
 4.20000e+00 -4.00000e-01       1.649e+15  9.818574e-01  0.000000e+00  1.137225e-01  1.814261e-02
 4.90000e+00 -4.00000e-01       4.892e+14  9.611959e-01  0.000000e+00  2.314889e-01  3.880407e-02
 5.60000e+00 -4.00000e-01       8.714e+13  9.202111e-01  0.000000e+00  3.549797e-01  7.978894e-02
 6.30000e+00 -4.00000e-01       9.509e+12  8.527393e-01  0.000000e+00  4.856568e-01  1.472607e-01
 7.00000e+00 -4.00000e-01       6.318e+11  7.483394e-01  0.000000e+00  6.211768e-01  2.516606e-01
-7.00000e+00  0.00000e+00       5.435e+11  9.997643e-01  0.000000e+00  8.259978e-11  2.356863e-04
-6.30000e+00  0.00000e+00       8.922e+12  9.998728e-01  0.000000e+00  2.024246e-11  1.271558e-04
-5.60000e+00  0.00000e+00       8.696e+13  9.999343e-01  0.000000e+00  5.211286e-12  6.567890e-05
-4.90000e+00  0.00000e+00       5.123e+14  9.999688e-01  0.000000e+00  1.574476e-12  3.123556e-05
-4.20000e+00  0.00000e+00       1.800e+15  9.999859e-01  0.000000e+00  5.960646e-13  1.410648e-05
-3.50000e+00  0.00000e+00       3.588e+15  9.999888e-01  0.000000e+00  4.006365e-13  1.116656e-05
-2.80000e+00  0.00000e+00       4.027e+15  9.999742e-01  0.000000e+00  4.714851e-13  2.581395e-05
-2.10000e+00  0.00000e+00       3.748e+15  9.999546e-01  0.000000e+00  5.057081e-13  4.541587e-05
-1.40000e+00  0.00000e+00       4.093e+15  9.999607e-01  0.000000e+00  3.479882e-13  3.925237e-05
-7.00000e-01  0.00000e+00       2.648e+15  9.999482e-01  0.000000e+00  2.519011e-13  5.176319e-05
 0.00000e+00  0.00000e+00       1.227e+15  9.998951e-01  0.000000e+00 -4.910157e-17  1.048860e-04
 7.00000e-01  0.00000e+00       2.648e+15  9.999482e-01  0.000000e+00 -2.519744e-13  5.176319e-05
 1.40000e+00  0.00000e+00       4.093e+15  9.999607e-01  0.000000e+00 -3.480273e-13  3.925237e-05
 2.10000e+00  0.00000e+00       3.748e+15  9.999546e-01  0.000000e+00 -5.057396e-13  4.541587e-05
 2.80000e+00  0.00000e+00       4.027e+15  9.999742e-01  0.000000e+00 -4.715298e-13  2.581395e-05
 3.50000e+00  0.00000e+00       3.588e+15  9.999888e-01  0.000000e+00 -4.005977e-13  1.116656e-05
 4.20000e+00  0.00000e+00       1.800e+15  9.999859e-01  0.000000e+00 -5.958956e-13  1.410648e-05
 4.90000e+00  0.00000e+00       5.123e+14  9.999688e-01  0.000000e+00 -1.574147e-12  3.123556e-05
 5.60000e+00  0.00000e+00       8.696e+13  9.999343e-01  0.000000e+00 -5.210709e-12  6.567890e-05
 6.30000e+00  0.00000e+00       8.922e+12  9.998728e-01  0.000000e+00 -2.024163e-11  1.271558e-04
 7.00000e+00  0.00000e+00       5.435e+11  9.997643e-01  0.000000e+00 -8.259834e-11  2.356863e-04
-7.00000e+00  4.00000e-01       6.318e+11  7.483394e-01  0.000000e+00  6.211768e-01  2.516606e-01
-6.30000e+00  4.00000e-01       9.509e+12  8.527393e-01  0.000000e+00  4.856568e-01  1.472607e-01
-5.60000e+00  4.00000e-01       8.714e+13  9.202111e-01  0.000000e+00  3.549797e-01  7.978894e-02
-4.90000e+00  4.00000e-01       4.892e+14  9.611959e-01  0.000000e+00  2.314889e-01  3.880407e-02
-4.20000e+00  4.00000e-01       1.649e+15  9.818574e-01  0.000000e+00  1.137225e-01  1.814261e-02
-3.50000e+00  4.00000e-01       3.169e+15  9.827475e-01  0.000000e+00  2.319947e-03  1.725254e-02
-2.80000e+00  4.00000e-01       3.533e+15  9.569667e-01  0.000000e+00 -6.479907e-02  4.303330e-02
-2.10000e+00  4.00000e-01       3.336e+15  9.187527e-01  0.000000e+00 -9.681052e-03  8.124731e-02
-1.40000e+00  4.00000e-01       3.029e+15  8.929324e-01  0.000000e+00 -7.100567e-02  1.070676e-01
-7.00000e-01  4.00000e-01       1.587e+15  8.540191e-01  0.000000e+00 -2.692805e-01  1.459809e-01
 0.00000e+00  4.00000e-01       6.931e+14  8.238980e-01  0.000000e+00  2.036936e-15  1.761020e-01
 7.00000e-01  4.00000e-01       1.587e+15  8.540191e-01  0.000000e+00  2.692805e-01  1.459809e-01
 1.40000e+00  4.00000e-01       3.029e+15  8.929324e-01  0.000000e+00  7.100567e-02  1.070676e-01
 2.10000e+00  4.00000e-01       3.336e+15  9.187527e-01  0.000000e+00  9.681052e-03  8.124731e-02
 2.80000e+00  4.00000e-01       3.533e+15  9.569667e-01  0.000000e+00  6.479907e-02  4.303330e-02
 3.50000e+00  4.00000e-01       3.169e+15  9.827475e-01  0.000000e+00 -2.319947e-03  1.725254e-02
 4.20000e+00  4.00000e-01       1.649e+15  9.818574e-01  0.000000e+00 -1.137225e-01  1.814261e-02
 4.90000e+00  4.00000e-01       4.892e+14  9.611959e-01  0.000000e+00 -2.314889e-01  3.880407e-02
 5.60000e+00  4.00000e-01       8.714e+13  9.202111e-01  0.000000e+00 -3.549797e-01  7.978894e-02
 6.30000e+00  4.00000e-01       9.509e+12  8.527393e-01  0.000000e+00 -4.856568e-01  1.472607e-01
 7.00000e+00  4.00000e-01       6.318e+11  7.483394e-01  0.000000e+00 -6.211768e-01  2.516606e-01
-7.00000e+00  8.00000e-01       6.793e+11  5.407365e-01  0.000000e+00  7.962721e-01  4.592635e-01
-6.30000e+00  8.00000e-01       9.159e+12  7.078092e-01  0.000000e+00  6.586900e-01  2.921908e-01
-5.60000e+00  8.00000e-01       7.611e+13  8.344176e-01  0.000000e+00  4.929329e-01  1.655824e-01
-4.90000e+00  8.00000e-01       3.891e+14  9.179729e-01  0.000000e+00  3.075985e-01  8.202710e-02
-4.20000e+00  8.00000e-01       1.190e+15  9.530489e-01  0.000000e+00  1.085696e-01  4.695106e-02
-3.50000e+00  8.00000e-01       2.094e+15  9.207184e-01  0.000000e+00 -8.278142e-02  7.928157e-02
-2.80000e+00  8.00000e-01       2.448e+15  8.148681e-01  0.000000e+00 -1.255054e-01  1.851319e-01
-2.10000e+00  8.00000e-01       3.462e+15  8.273511e-01  0.000000e+00  9.447564e-02  1.726489e-01
-1.40000e+00  8.00000e-01       4.959e+15  8.778681e-01  0.000000e+00  2.705382e-01  1.221319e-01
-7.00000e-01  8.00000e-01       4.358e+15  8.528585e-01  0.000000e+00  3.845303e-01  1.471415e-01
 0.00000e+00  8.00000e-01       3.079e+15  8.304878e-01  0.000000e+00  2.321456e-15  1.695122e-01
 7.00000e-01  8.00000e-01       4.358e+15  8.528585e-01  0.000000e+00 -3.845303e-01  1.471415e-01
 1.40000e+00  8.00000e-01       4.959e+15  8.778681e-01  0.000000e+00 -2.705382e-01  1.221319e-01
 2.10000e+00  8.00000e-01       3.462e+15  8.273511e-01  0.000000e+00 -9.447564e-02  1.726489e-01
 2.80000e+00  8.00000e-01       2.448e+15  8.148681e-01  0.000000e+00  1.255054e-01  1.851319e-01
 3.50000e+00  8.00000e-01       2.094e+15  9.207184e-01  0.000000e+00  8.278142e-02  7.928157e-02
 4.20000e+00  8.00000e-01       1.190e+15  9.530489e-01  0.000000e+00 -1.085696e-01  4.695106e-02
 4.90000e+00  8.00000e-01       3.891e+14  9.179729e-01  0.000000e+00 -3.075985e-01  8.202710e-02
 5.60000e+00  8.00000e-01       7.611e+13  8.344176e-01  0.000000e+00 -4.929329e-01  1.655824e-01
 6.30000e+00  8.00000e-01       9.159e+12  7.078092e-01  0.000000e+00 -6.586900e-01  2.921908e-01
 7.00000e+00  8.00000e-01       6.793e+11  5.407365e-01  0.000000e+00 -7.962721e-01  4.592635e-01
-7.00000e+00  1.20000e+00       4.704e+11  5.942099e-01  0.000000e+00  7.591517e-01  4.057901e-01
-6.30000e+00  1.20000e+00       5.981e+12  7.472514e-01  0.000000e+00  6.068708e-01  2.527486e-01
-5.60000e+00  1.20000e+00       4.610e+13  8.638565e-01  0.000000e+00  4.114850e-01  1.361435e-01
-4.90000e+00  1.20000e+00       2.140e+14  9.258380e-01  0.000000e+00  1.769349e-01  7.416197e-02
-4.20000e+00  1.20000e+00       5.835e+14  8.978015e-01  0.000000e+00 -8.031311e-02  1.021985e-01
-3.50000e+00  1.20000e+00       9.594e+14  7.240080e-01  0.000000e+00 -2.498614e-01  2.759920e-01
-2.80000e+00  1.20000e+00       1.316e+15  5.407788e-01  0.000000e+00 -5.782299e-02  4.592212e-01
-2.10000e+00  1.20000e+00       1.849e+15  5.631292e-01  0.000000e+00  8.831334e-02  4.368708e-01
-1.40000e+00  1.20000e+00       1.553e+15  4.352748e-01  0.000000e+00 -1.086061e-01  5.647252e-01
-7.00000e-01  1.20000e+00       6.404e+14  2.071704e-01  0.000000e+00 -3.499119e-01  7.928296e-01
 0.00000e+00  1.20000e+00       2.893e+14  2.690295e-01  0.000000e+00 -1.351152e-14  7.309705e-01
 7.00000e-01  1.20000e+00       6.404e+14  2.071704e-01  0.000000e+00  3.499119e-01  7.928296e-01
 1.40000e+00  1.20000e+00       1.553e+15  4.352748e-01  0.000000e+00  1.086061e-01  5.647252e-01
 2.10000e+00  1.20000e+00       1.849e+15  5.631292e-01  0.000000e+00 -8.831334e-02  4.368708e-01
 2.80000e+00  1.20000e+00       1.316e+15  5.407788e-01  0.000000e+00  5.782299e-02  4.592212e-01
 3.50000e+00  1.20000e+00       9.594e+14  7.240080e-01  0.000000e+00  2.498614e-01  2.759920e-01
 4.20000e+00  1.20000e+00       5.835e+14  8.978015e-01  0.000000e+00  8.031311e-02  1.021985e-01
 4.90000e+00  1.20000e+00       2.140e+14  9.258380e-01  0.000000e+00 -1.769349e-01  7.416197e-02
 5.60000e+00  1.20000e+00       4.610e+13  8.638565e-01  0.000000e+00 -4.114850e-01  1.361435e-01
 6.30000e+00  1.20000e+00       5.981e+12  7.472514e-01  0.000000e+00 -6.068708e-01  2.527486e-01
 7.00000e+00  1.20000e+00       4.704e+11  5.942099e-01  0.000000e+00 -7.591517e-01  4.057901e-01
-7.00000e+00  1.60000e+00       1.852e+11  7.854243e-01  0.000000e+00  5.479469e-01  2.145757e-01
-6.30000e+00  1.60000e+00       2.263e+12  8.858860e-01  0.000000e+00  3.478549e-01  1.141140e-01
-5.60000e+00  1.60000e+00       1.632e+13  9.260172e-01  0.000000e+00  9.640513e-02  7.398277e-02
-4.90000e+00  1.60000e+00       6.886e+13  8.578416e-01  0.000000e+00 -1.864159e-01  1.421584e-01
-4.20000e+00  1.60000e+00       1.745e+14  6.071854e-01  0.000000e+00 -3.843535e-01  3.928146e-01
-3.50000e+00  1.60000e+00       3.323e+14  3.088113e-01  0.000000e+00 -1.789528e-01  6.911887e-01
-2.80000e+00  1.60000e+00       6.468e+14  4.067335e-01  0.000000e+00  1.223758e-01  5.932665e-01
-2.10000e+00  1.60000e+00       1.002e+15  4.666997e-01  0.000000e+00 -9.015859e-02  5.333003e-01
-1.40000e+00  1.60000e+00       1.253e+15  3.626039e-01  0.000000e+00 -5.639968e-01  6.373961e-01
-7.00000e-01  1.60000e+00       1.341e+15  4.028637e-01  0.000000e+00 -7.013332e-01  5.971363e-01
 0.00000e+00  1.60000e+00       1.120e+15  4.427315e-01  0.000000e+00 -6.102887e-15  5.572685e-01
 7.00000e-01  1.60000e+00       1.341e+15  4.028637e-01  0.000000e+00  7.013332e-01  5.971363e-01
 1.40000e+00  1.60000e+00       1.253e+15  3.626039e-01  0.000000e+00  5.639968e-01  6.373961e-01
 2.10000e+00  1.60000e+00       1.002e+15  4.666997e-01  0.000000e+00  9.015859e-02  5.333003e-01
 2.80000e+00  1.60000e+00       6.468e+14  4.067335e-01  0.000000e+00 -1.223758e-01  5.932665e-01
 3.50000e+00  1.60000e+00       3.323e+14  3.088113e-01  0.000000e+00  1.789528e-01  6.911887e-01
 4.20000e+00  1.60000e+00       1.745e+14  6.071854e-01  0.000000e+00  3.843535e-01  3.928146e-01
 4.90000e+00  1.60000e+00       6.886e+13  8.578416e-01  0.000000e+00  1.864159e-01  1.421584e-01
 5.60000e+00  1.60000e+00       1.632e+13  9.260172e-01  0.000000e+00 -9.640513e-02  7.398277e-02
 6.30000e+00  1.60000e+00       2.263e+12  8.858860e-01  0.000000e+00 -3.478549e-01  1.141140e-01
 7.00000e+00  1.60000e+00       1.852e+11  7.854243e-01  0.000000e+00 -5.479469e-01  2.145757e-01
-7.00000e+00  2.00000e+00       3.802e+10  9.156134e-01  0.000000e+00  7.428501e-02  8.438656e-02
-6.30000e+00  2.00000e+00       4.408e+11  8.861572e-01  0.000000e+00 -1.843560e-01  1.138428e-01
-5.60000e+00  2.00000e+00       2.987e+12  6.974976e-01  0.000000e+00 -4.481796e-01  3.025024e-01
-4.90000e+00  2.00000e+00       1.240e+13  3.141171e-01  0.000000e+00 -5.304464e-01  6.858829e-01
-4.20000e+00  2.00000e+00       3.862e+13  1.796281e-02  0.000000e+00 -1.495956e-01  9.820372e-01
-3.50000e+00  2.00000e+00       1.105e+14  2.535484e-01  0.000000e+00  2.222036e-01  7.464516e-01
-2.80000e+00  2.00000e+00       2.381e+14  4.617890e-01  0.000000e+00  1.179222e-01  5.382110e-01
-2.10000e+00  2.00000e+00       3.392e+14  2.559137e-01  0.000000e+00 -8.347884e-02  7.440863e-01
-1.40000e+00  2.00000e+00       3.813e+14 -2.801317e-02  0.000000e+00 -3.984907e-01  9.719868e-01
-7.00000e-01  2.00000e+00       2.862e+14 -8.567363e-02  0.000000e+00 -6.778431e-01  9.143264e-01
 0.00000e+00  2.00000e+00       1.664e+14 -7.560083e-02  0.000000e+00  7.780061e-15  9.243992e-01
 7.00000e-01  2.00000e+00       2.862e+14 -8.567363e-02  0.000000e+00  6.778431e-01  9.143264e-01
 1.40000e+00  2.00000e+00       3.813e+14 -2.801317e-02  0.000000e+00  3.984907e-01  9.719868e-01
 2.10000e+00  2.00000e+00       3.392e+14  2.559137e-01  0.000000e+00  8.347884e-02  7.440863e-01
 2.80000e+00  2.00000e+00       2.381e+14  4.617890e-01  0.000000e+00 -1.179222e-01  5.382110e-01
 3.50000e+00  2.00000e+00       1.105e+14  2.535484e-01  0.000000e+00 -2.222036e-01  7.464516e-01
 4.20000e+00  2.00000e+00       3.862e+13  1.796281e-02  0.000000e+00  1.495956e-01  9.820372e-01
 4.90000e+00  2.00000e+00       1.240e+13  3.141171e-01  0.000000e+00  5.304464e-01  6.858829e-01
 5.60000e+00  2.00000e+00       2.987e+12  6.974976e-01  0.000000e+00  4.481796e-01  3.025024e-01
 6.30000e+00  2.00000e+00       4.408e+11  8.861572e-01  0.000000e+00  1.843560e-01  1.138428e-01
 7.00000e+00  2.00000e+00       3.802e+10  9.156134e-01  0.000000e+00 -7.428501e-02  8.438656e-02
-7.00000e+00  2.40000e+00       4.175e+09  4.254322e-01  0.000000e+00 -5.785193e-01  5.745678e-01
-6.30000e+00  2.40000e+00       4.398e+10  1.715832e-01  0.000000e+00 -6.681776e-01  8.284168e-01
-5.60000e+00  2.40000e+00       3.299e+11 -2.128470e-01  0.000000e+00 -3.903707e-01  7.871530e-01
-4.90000e+00  2.40000e+00       1.912e+12 -1.784201e-01  0.000000e+00  1.695726e-01  8.215799e-01
-4.20000e+00  2.40000e+00       8.661e+12  2.579618e-01  0.000000e+00  3.502764e-01  7.420382e-01
-3.50000e+00  2.40000e+00       2.618e+13  4.826025e-01  0.000000e+00  1.024906e-01  5.173975e-01
-2.80000e+00  2.40000e+00       5.348e+13  3.998597e-01  0.000000e+00 -2.672713e-02  6.001403e-01
-2.10000e+00  2.40000e+00       9.114e+13  3.939439e-01  0.000000e+00  2.372136e-01  6.060561e-01
-1.40000e+00  2.40000e+00       1.176e+14  3.370173e-01  0.000000e+00  5.783609e-01  6.629827e-01
-7.00000e-01  2.40000e+00       8.368e+13  1.784385e-01  0.000000e+00  7.444112e-01  8.215615e-01
 0.00000e+00  2.40000e+00       4.610e+13  9.419831e-02  0.000000e+00  6.516216e-15  9.058017e-01
 7.00000e-01  2.40000e+00       8.368e+13  1.784385e-01  0.000000e+00 -7.444112e-01  8.215615e-01
 1.40000e+00  2.40000e+00       1.176e+14  3.370173e-01  0.000000e+00 -5.783609e-01  6.629827e-01
 2.10000e+00  2.40000e+00       9.114e+13  3.939439e-01  0.000000e+00 -2.372136e-01  6.060561e-01
 2.80000e+00  2.40000e+00       5.348e+13  3.998597e-01  0.000000e+00  2.672713e-02  6.001403e-01
 3.50000e+00  2.40000e+00       2.618e+13  4.826025e-01  0.000000e+00 -1.024906e-01  5.173975e-01
 4.20000e+00  2.40000e+00       8.661e+12  2.579618e-01  0.000000e+00 -3.502764e-01  7.420382e-01
 4.90000e+00  2.40000e+00       1.912e+12 -1.784201e-01  0.000000e+00 -1.695726e-01  8.215799e-01
 5.60000e+00  2.40000e+00       3.299e+11 -2.128470e-01  0.000000e+00  3.903707e-01  7.871530e-01
 6.30000e+00  2.40000e+00       4.398e+10  1.715832e-01  0.000000e+00  6.681776e-01  8.284168e-01
 7.00000e+00  2.40000e+00       4.175e+09  4.254322e-01  0.000000e+00  5.785193e-01  5.745678e-01
-7.00000e+00  2.80000e+00       6.766e+08 -6.185987e-01  0.000000e+00 -2.368369e-01  3.814013e-01
-6.30000e+00  2.80000e+00       4.489e+09 -4.448869e-01  0.000000e+00  2.481647e-01  5.551131e-01
-5.60000e+00  2.80000e+00       3.998e+10  4.591669e-02  0.000000e+00  5.149021e-01  9.540833e-01
-4.90000e+00  2.80000e+00       2.699e+11  4.576902e-01  0.000000e+00  3.142781e-01  5.423098e-01
-4.20000e+00  2.80000e+00       1.144e+12  4.737914e-01  0.000000e+00 -3.976789e-02  5.262086e-01
-3.50000e+00  2.80000e+00       3.281e+12  2.358462e-01  0.000000e+00 -9.546398e-02  7.641538e-01
-2.80000e+00  2.80000e+00       7.492e+12  1.576353e-01  0.000000e+00  4.395955e-02  8.423647e-01
-2.10000e+00  2.80000e+00       1.322e+13 -1.893799e-02  0.000000e+00 -1.331059e-01  9.810620e-01
-1.40000e+00  2.80000e+00       1.834e+13 -2.892227e-01  0.000000e+00 -5.303401e-01  7.107773e-01
-7.00000e-01  2.80000e+00       1.698e+13 -3.087054e-01  0.000000e+00 -6.836412e-01  6.912946e-01
 0.00000e+00  2.80000e+00       1.210e+13 -2.321509e-01  0.000000e+00 -2.969395e-15  7.678491e-01
 7.00000e-01  2.80000e+00       1.698e+13 -3.087054e-01  0.000000e+00  6.836412e-01  6.912946e-01
 1.40000e+00  2.80000e+00       1.834e+13 -2.892227e-01  0.000000e+00  5.303401e-01  7.107773e-01
 2.10000e+00  2.80000e+00       1.322e+13 -1.893799e-02  0.000000e+00  1.331059e-01  9.810620e-01
 2.80000e+00  2.80000e+00       7.492e+12  1.576353e-01  0.000000e+00 -4.395955e-02  8.423647e-01
 3.50000e+00  2.80000e+00       3.281e+12  2.358462e-01  0.000000e+00  9.546398e-02  7.641538e-01
 4.20000e+00  2.80000e+00       1.144e+12  4.737914e-01  0.000000e+00  3.976789e-02  5.262086e-01
 4.90000e+00  2.80000e+00       2.699e+11  4.576902e-01  0.000000e+00 -3.142781e-01  5.423098e-01
 5.60000e+00  2.80000e+00       3.998e+10  4.591669e-02  0.000000e+00 -5.149021e-01  9.540833e-01
 6.30000e+00  2.80000e+00       4.489e+09 -4.448869e-01  0.000000e+00 -2.481647e-01  5.551131e-01
 7.00000e+00  2.80000e+00       6.766e+08 -6.185987e-01  0.000000e+00  2.368369e-01  3.814013e-01
-7.00000e+00  3.20000e+00       3.950e+08 -6.872730e-01  0.000000e+00 -9.864904e-02  3.127270e-01
-6.30000e+00  3.20000e+00       1.083e+09 -3.607048e-01  0.000000e+00  2.304372e-01  6.392952e-01
-5.60000e+00  3.20000e+00       4.394e+09  1.633112e-01  0.000000e+00  1.387481e-01  8.366888e-01
-4.90000e+00  3.20000e+00       2.096e+10  1.681397e-01  0.000000e+00 -1.120228e-01  8.318603e-01
-4.20000e+00  3.20000e+00       8.791e+10  3.614874e-02  0.000000e+00  1.516561e-02  9.638513e-01
-3.50000e+00  3.20000e+00       2.950e+11  1.706372e-01  0.000000e+00  1.063730e-01  8.293628e-01
-2.80000e+00  3.20000e+00       7.353e+11  1.829165e-01  0.000000e+00 -4.313041e-02  8.170835e-01
-2.10000e+00  3.20000e+00       1.427e+12  7.229114e-02  0.000000e+00 -2.290878e-01  9.277089e-01
-1.40000e+00  3.20000e+00       2.501e+12 -2.168403e-01  0.000000e+00 -2.214994e-01  7.831597e-01
-7.00000e-01  3.20000e+00       4.020e+12 -5.665287e-01  0.000000e+00 -2.595416e-02  4.334713e-01
 0.00000e+00  3.20000e+00       4.688e+12 -6.530212e-01  0.000000e+00 -1.049697e-14  3.469788e-01
 7.00000e-01  3.20000e+00       4.020e+12 -5.665287e-01  0.000000e+00  2.595416e-02  4.334713e-01
 1.40000e+00  3.20000e+00       2.501e+12 -2.168403e-01  0.000000e+00  2.214994e-01  7.831597e-01
 2.10000e+00  3.20000e+00       1.427e+12  7.229114e-02  0.000000e+00  2.290878e-01  9.277089e-01
 2.80000e+00  3.20000e+00       7.353e+11  1.829165e-01  0.000000e+00  4.313041e-02  8.170835e-01
 3.50000e+00  3.20000e+00       2.950e+11  1.706372e-01  0.000000e+00 -1.063730e-01  8.293628e-01
 4.20000e+00  3.20000e+00       8.791e+10  3.614874e-02  0.000000e+00 -1.516561e-02  9.638513e-01
 4.90000e+00  3.20000e+00       2.096e+10  1.681397e-01  0.000000e+00  1.120228e-01  8.318603e-01
 5.60000e+00  3.20000e+00       4.394e+09  1.633112e-01  0.000000e+00 -1.387481e-01  8.366888e-01
 6.30000e+00  3.20000e+00       1.083e+09 -3.607048e-01  0.000000e+00 -2.304372e-01  6.392952e-01
 7.00000e+00  3.20000e+00       3.950e+08 -6.872730e-01  0.000000e+00  9.864904e-02  3.127270e-01
-7.00000e+00  3.60000e+00       2.901e+08 -7.453073e-01  0.000000e+00 -3.245077e-02  2.546927e-01
-6.30000e+00  3.60000e+00       6.081e+08 -6.174958e-01  0.000000e+00  2.523015e-01  3.825042e-01
-5.60000e+00  3.60000e+00       1.305e+09 -3.817589e-01  0.000000e+00  4.409781e-01  6.182411e-01
-4.90000e+00  3.60000e+00       3.098e+09 -6.739259e-02  0.000000e+00  4.767014e-01  9.326074e-01
-4.20000e+00  3.60000e+00       8.414e+09  1.969894e-01  0.000000e+00  3.188070e-01  8.030106e-01
-3.50000e+00  3.60000e+00       2.219e+10  2.097584e-01  0.000000e+00  1.452319e-01  7.902416e-01
-2.80000e+00  3.60000e+00       5.248e+10  1.519369e-01  0.000000e+00  4.786751e-02  8.480631e-01
-2.10000e+00  3.60000e+00       1.085e+11  1.625378e-01  0.000000e+00 -1.963941e-01  8.374622e-01
-1.40000e+00  3.60000e+00       1.776e+11  2.979275e-01  0.000000e+00 -3.843943e-01  7.020725e-01
-7.00000e-01  3.60000e+00       2.300e+11  5.081076e-01  0.000000e+00 -2.950114e-01  4.918924e-01
 0.00000e+00  3.60000e+00       2.563e+11  6.018643e-01  0.000000e+00 -1.901112e-15  3.981357e-01
 7.00000e-01  3.60000e+00       2.300e+11  5.081076e-01  0.000000e+00  2.950114e-01  4.918924e-01
 1.40000e+00  3.60000e+00       1.776e+11  2.979275e-01  0.000000e+00  3.843943e-01  7.020725e-01
 2.10000e+00  3.60000e+00       1.085e+11  1.625378e-01  0.000000e+00  1.963941e-01  8.374622e-01
 2.80000e+00  3.60000e+00       5.248e+10  1.519369e-01  0.000000e+00 -4.786751e-02  8.480631e-01
 3.50000e+00  3.60000e+00       2.219e+10  2.097584e-01  0.000000e+00 -1.452319e-01  7.902416e-01
 4.20000e+00  3.60000e+00       8.414e+09  1.969894e-01  0.000000e+00 -3.188070e-01  8.030106e-01
 4.90000e+00  3.60000e+00       3.098e+09 -6.739259e-02  0.000000e+00 -4.767014e-01  9.326074e-01
 5.60000e+00  3.60000e+00       1.305e+09 -3.817589e-01  0.000000e+00 -4.409781e-01  6.182411e-01
 6.30000e+00  3.60000e+00       6.081e+08 -6.174958e-01  0.000000e+00 -2.523015e-01  3.825042e-01
 7.00000e+00  3.60000e+00       2.901e+08 -7.453073e-01  0.000000e+00  3.245077e-02  2.546927e-01
-7.00000e+00  4.00000e+00       2.094e+08 -7.691761e-01  0.000000e+00  5.543146e-02  2.308239e-01
-6.30000e+00  4.00000e+00       3.812e+08 -6.426646e-01  0.000000e+00  2.896191e-01  3.573354e-01
-5.60000e+00  4.00000e+00       7.085e+08 -3.840377e-01  0.000000e+00  5.033281e-01  6.159623e-01
-4.90000e+00  4.00000e+00       1.515e+09 -9.782811e-02  0.000000e+00  5.705637e-01  9.021719e-01
-4.20000e+00  4.00000e+00       2.966e+09  1.063366e-01  0.000000e+00  5.197328e-01  8.936634e-01
-3.50000e+00  4.00000e+00       5.094e+09  2.231107e-01  0.000000e+00  4.019626e-01  7.768893e-01
-2.80000e+00  4.00000e+00       9.486e+09  4.192128e-01  0.000000e+00  2.156660e-01  5.807872e-01
-2.10000e+00  4.00000e+00       2.078e+10  9.530102e-01  0.000000e+00  1.933757e-01  4.698984e-02
-1.40000e+00  4.00000e+00       5.199e+10  9.438126e-01  0.000000e+00  1.823448e-01  5.618742e-02
-7.00000e-01  4.00000e+00       1.274e+11  6.951718e-01  0.000000e+00  1.300478e-02  3.048282e-01
 0.00000e+00  4.00000e+00       1.909e+11  5.714061e-01  0.000000e+00 -2.178927e-16  4.285939e-01
 7.00000e-01  4.00000e+00       1.274e+11  6.951718e-01  0.000000e+00 -1.300478e-02  3.048282e-01
 1.40000e+00  4.00000e+00       5.199e+10  9.438126e-01  0.000000e+00 -1.823448e-01  5.618742e-02
 2.10000e+00  4.00000e+00       2.078e+10  9.530102e-01  0.000000e+00 -1.933757e-01  4.698984e-02
 2.80000e+00  4.00000e+00       9.486e+09  4.192128e-01  0.000000e+00 -2.156660e-01  5.807872e-01
 3.50000e+00  4.00000e+00       5.094e+09  2.231107e-01  0.000000e+00 -4.019626e-01  7.768893e-01
 4.20000e+00  4.00000e+00       2.966e+09  1.063366e-01  0.000000e+00 -5.197328e-01  8.936634e-01
 4.90000e+00  4.00000e+00       1.515e+09 -9.782811e-02  0.000000e+00 -5.705637e-01  9.021719e-01
 5.60000e+00  4.00000e+00       7.085e+08 -3.840377e-01  0.000000e+00 -5.033281e-01  6.159623e-01
 6.30000e+00  4.00000e+00       3.812e+08 -6.426646e-01  0.000000e+00 -2.896191e-01  3.573354e-01
 7.00000e+00  4.00000e+00       2.094e+08 -7.691761e-01  0.000000e+00 -5.543146e-02  2.308239e-01
