 EB(GeV)    EMITTANCEx EMITTANCEy SIZEx(m)   SIZEy(m)   DIVx(rad)  DIVy(rad)
 2.411e+00  5.499e-09  1.017e-12  8.711e-05  1.009e-06  6.313e-05  1.009e-06
 betax      alphax     betay      alphay     eta        deta       E_spread  
 1.380e+00  0.000e+00  1.000e+00  0.000e+00  0.000e+00  0.000e+00  8.600e-04
 Ibeam(A)   period(cm) #periods   Kx         Ky         Energy(eV)
 4.005e-01  1.900e+00         96  0.000e+00  1.780e+00  4.555e+03


           x            y       F.Density            PL            PC          PL45        1-|PL|
          mm           mm  ph/s/mr^2/0.1%             -             -             -             -
-7.00000e+00 -4.00000e+00       7.736e+08 -7.050453e-01  0.000000e+00 -1.105562e-01  2.949547e-01
-6.30000e+00 -4.00000e+00       1.926e+09 -3.265842e-01  0.000000e+00 -4.054183e-01  6.734158e-01
-5.60000e+00 -4.00000e+00       6.607e+09  2.195369e-01  0.000000e+00 -3.176529e-01  7.804631e-01
-4.90000e+00 -4.00000e+00       2.401e+10  3.179090e-01  0.000000e+00  7.949104e-02  6.820910e-01
-4.20000e+00 -4.00000e+00       7.896e+10  5.101715e-02  0.000000e+00  1.391294e-01  9.489829e-01
-3.50000e+00 -4.00000e+00       2.292e+11  7.019997e-02  0.000000e+00 -1.049535e-01  9.298000e-01
-2.80000e+00 -4.00000e+00       5.215e+11  2.426786e-01  0.000000e+00  6.172223e-02  7.573214e-01
-2.10000e+00 -4.00000e+00       9.618e+11  3.703726e-01  0.000000e+00  4.776492e-01  6.296274e-01
-1.40000e+00 -4.00000e+00       1.577e+12  6.007284e-01  0.000000e+00  6.160634e-01  3.992716e-01
-7.00000e-01 -4.00000e+00       1.383e+12  7.745092e-01  0.000000e+00  6.168064e-01  2.254908e-01
 0.00000e+00 -4.00000e+00       7.551e+11  9.604660e-01  0.000000e+00 -3.124826e-15  3.953397e-02
 7.00000e-01 -4.00000e+00       1.383e+12  7.745092e-01  0.000000e+00 -6.168064e-01  2.254908e-01
 1.40000e+00 -4.00000e+00       1.577e+12  6.007284e-01  0.000000e+00 -6.160634e-01  3.992716e-01
 2.10000e+00 -4.00000e+00       9.618e+11  3.703726e-01  0.000000e+00 -4.776492e-01  6.296274e-01
 2.80000e+00 -4.00000e+00       5.215e+11  2.426786e-01  0.000000e+00 -6.172223e-02  7.573214e-01
 3.50000e+00 -4.00000e+00       2.292e+11  7.019997e-02  0.000000e+00  1.049535e-01  9.298000e-01
 4.20000e+00 -4.00000e+00       7.896e+10  5.101715e-02  0.000000e+00 -1.391294e-01  9.489829e-01
 4.90000e+00 -4.00000e+00       2.401e+10  3.179090e-01  0.000000e+00 -7.949104e-02  6.820910e-01
 5.60000e+00 -4.00000e+00       6.607e+09  2.195369e-01  0.000000e+00  3.176529e-01  7.804631e-01
 6.30000e+00 -4.00000e+00       1.926e+09 -3.265842e-01  0.000000e+00  4.054183e-01  6.734158e-01
 7.00000e+00 -4.00000e+00       7.736e+08 -7.050453e-01  0.000000e+00  1.105562e-01  2.949547e-01
-7.00000e+00 -3.60000e+00       1.543e+09 -6.495031e-01  0.000000e+00  1.638793e-01  3.504969e-01
-6.30000e+00 -3.60000e+00       7.865e+09 -5.747231e-01  0.000000e+00 -1.791722e-01  4.252769e-01
-5.60000e+00 -3.60000e+00       4.704e+10 -1.885466e-01  0.000000e+00 -5.450337e-01  8.114534e-01
-4.90000e+00 -3.60000e+00       2.339e+11  3.240858e-01  0.000000e+00 -4.779846e-01  6.759142e-01
-4.20000e+00 -3.60000e+00       8.221e+11  5.182052e-01  0.000000e+00 -6.440482e-02  4.817948e-01
-3.50000e+00 -3.60000e+00       2.040e+12  2.840001e-01  0.000000e+00  1.823207e-01  7.159999e-01
-2.80000e+00 -3.60000e+00       4.130e+12  1.201256e-01  0.000000e+00 -1.271714e-01  8.798744e-01
-2.10000e+00 -3.60000e+00       7.193e+12 -5.033321e-03  0.000000e+00 -5.025194e-01  9.949667e-01
-1.40000e+00 -3.60000e+00       9.761e+12 -4.372810e-01  0.000000e+00 -5.882139e-01  5.627190e-01
-7.00000e-01 -3.60000e+00       7.158e+12 -6.800122e-01  0.000000e+00 -5.582336e-01  3.199878e-01
 0.00000e+00 -3.60000e+00       3.596e+12 -7.198423e-01  0.000000e+00  9.379346e-15  2.801577e-01
 7.00000e-01 -3.60000e+00       7.158e+12 -6.800122e-01  0.000000e+00  5.582336e-01  3.199878e-01
 1.40000e+00 -3.60000e+00       9.761e+12 -4.372810e-01  0.000000e+00  5.882139e-01  5.627190e-01
 2.10000e+00 -3.60000e+00       7.193e+12 -5.033321e-03  0.000000e+00  5.025194e-01  9.949667e-01
 2.80000e+00 -3.60000e+00       4.130e+12  1.201256e-01  0.000000e+00  1.271714e-01  8.798744e-01
 3.50000e+00 -3.60000e+00       2.040e+12  2.840001e-01  0.000000e+00 -1.823207e-01  7.159999e-01
 4.20000e+00 -3.60000e+00       8.221e+11  5.182052e-01  0.000000e+00  6.440482e-02  4.817948e-01
 4.90000e+00 -3.60000e+00       2.339e+11  3.240858e-01  0.000000e+00  4.779846e-01  6.759142e-01
 5.60000e+00 -3.60000e+00       4.704e+10 -1.885466e-01  0.000000e+00  5.450337e-01  8.114534e-01
 6.30000e+00 -3.60000e+00       7.865e+09 -5.747231e-01  0.000000e+00  1.791722e-01  4.252769e-01
 7.00000e+00 -3.60000e+00       1.543e+09 -6.495031e-01  0.000000e+00 -1.638793e-01  3.504969e-01
-7.00000e+00 -3.20000e+00       9.185e+09  3.662852e-01  0.000000e+00  5.937191e-01  6.337148e-01
-6.30000e+00 -3.20000e+00       6.471e+10  7.658512e-02  0.000000e+00  7.095722e-01  9.234149e-01
-5.60000e+00 -3.20000e+00       3.473e+11 -3.447561e-01  0.000000e+00  4.534961e-01  6.552439e-01
-4.90000e+00 -3.20000e+00       1.495e+12 -3.942440e-01  0.000000e+00 -1.318115e-01  6.057560e-01
-4.20000e+00 -3.20000e+00       5.344e+12  6.678489e-02  0.000000e+00 -4.453780e-01  9.332151e-01
-3.50000e+00 -3.20000e+00       1.430e+13  4.355085e-01  0.000000e+00 -2.133189e-01  5.644915e-01
-2.80000e+00 -3.20000e+00       2.644e+13  2.623023e-01  0.000000e+00  1.348679e-01  7.376977e-01
-2.10000e+00 -3.20000e+00       4.094e+13 -3.496589e-02  0.000000e+00  4.153257e-01  9.650341e-01
-1.40000e+00 -3.20000e+00       6.365e+13  1.647153e-01  0.000000e+00  7.323292e-01  8.352847e-01
-7.00000e-01 -3.20000e+00       5.593e+13  3.161482e-01  0.000000e+00  8.196959e-01  6.838518e-01
 0.00000e+00 -3.20000e+00       3.234e+13  3.517092e-01  0.000000e+00 -1.568133e-14  6.482908e-01
 7.00000e-01 -3.20000e+00       5.593e+13  3.161482e-01  0.000000e+00 -8.196959e-01  6.838518e-01
 1.40000e+00 -3.20000e+00       6.365e+13  1.647153e-01  0.000000e+00 -7.323292e-01  8.352847e-01
 2.10000e+00 -3.20000e+00       4.094e+13 -3.496589e-02  0.000000e+00 -4.153257e-01  9.650341e-01
 2.80000e+00 -3.20000e+00       2.644e+13  2.623023e-01  0.000000e+00 -1.348679e-01  7.376977e-01
 3.50000e+00 -3.20000e+00       1.430e+13  4.355085e-01  0.000000e+00  2.133189e-01  5.644915e-01
 4.20000e+00 -3.20000e+00       5.344e+12  6.678489e-02  0.000000e+00  4.453780e-01  9.332151e-01
 4.90000e+00 -3.20000e+00       1.495e+12 -3.942440e-01  0.000000e+00  1.318115e-01  6.057560e-01
 5.60000e+00 -3.20000e+00       3.473e+11 -3.447561e-01  0.000000e+00 -4.534961e-01  6.552439e-01
 6.30000e+00 -3.20000e+00       6.471e+10  7.658512e-02  0.000000e+00 -7.095722e-01  9.234149e-01
 7.00000e+00 -3.20000e+00       9.185e+09  3.662852e-01  0.000000e+00 -5.937191e-01  6.337148e-01
-7.00000e+00 -2.80000e+00       7.384e+10  8.991561e-01  0.000000e+00 -4.296704e-02  1.008439e-01
-6.30000e+00 -2.80000e+00       5.516e+11  8.500537e-01  0.000000e+00  2.586774e-01  1.499463e-01
-5.60000e+00 -2.80000e+00       2.721e+12  6.051498e-01  0.000000e+00  5.487452e-01  3.948502e-01
-4.90000e+00 -2.80000e+00       9.227e+12  1.454318e-01  0.000000e+00  6.248126e-01  8.545682e-01
-4.20000e+00 -2.80000e+00       2.465e+13 -2.327716e-01  0.000000e+00  2.138378e-01  7.672284e-01
-3.50000e+00 -2.80000e+00       6.053e+13 -7.790302e-03  0.000000e+00 -2.837493e-01  9.922097e-01
-2.80000e+00 -2.80000e+00       1.241e+14  3.823105e-01  0.000000e+00 -1.349949e-01  6.176895e-01
-2.10000e+00 -2.80000e+00       2.001e+14  5.416219e-01  0.000000e+00  3.496406e-01  4.583781e-01
-1.40000e+00 -2.80000e+00       3.470e+14  7.616174e-01  0.000000e+00  4.511906e-01  2.383826e-01
-7.00000e-01 -2.80000e+00       4.552e+14  8.774790e-01  0.000000e+00  3.485150e-01  1.225210e-01
 0.00000e+00 -2.80000e+00       3.925e+14  8.956469e-01  0.000000e+00  2.843476e-15  1.043531e-01
 7.00000e-01 -2.80000e+00       4.552e+14  8.774790e-01  0.000000e+00 -3.485150e-01  1.225210e-01
 1.40000e+00 -2.80000e+00       3.470e+14  7.616174e-01  0.000000e+00 -4.511906e-01  2.383826e-01
 2.10000e+00 -2.80000e+00       2.001e+14  5.416219e-01  0.000000e+00 -3.496406e-01  4.583781e-01
 2.80000e+00 -2.80000e+00       1.241e+14  3.823105e-01  0.000000e+00  1.349949e-01  6.176895e-01
 3.50000e+00 -2.80000e+00       6.053e+13 -7.790302e-03  0.000000e+00  2.837493e-01  9.922097e-01
 4.20000e+00 -2.80000e+00       2.465e+13 -2.327716e-01  0.000000e+00 -2.138378e-01  7.672284e-01
 4.90000e+00 -2.80000e+00       9.227e+12  1.454318e-01  0.000000e+00 -6.248126e-01  8.545682e-01
 5.60000e+00 -2.80000e+00       2.721e+12  6.051498e-01  0.000000e+00 -5.487452e-01  3.948502e-01
 6.30000e+00 -2.80000e+00       5.516e+11  8.500537e-01  0.000000e+00 -2.586774e-01  1.499463e-01
 7.00000e+00 -2.80000e+00       7.384e+10  8.991561e-01  0.000000e+00  4.296704e-02  1.008439e-01
-7.00000e+00 -2.40000e+00       3.883e+11  7.248302e-01  0.000000e+00 -6.120351e-01  2.751698e-01
-6.30000e+00 -2.40000e+00       2.978e+12  8.577478e-01  0.000000e+00 -3.830216e-01  1.422522e-01
-5.60000e+00 -2.40000e+00       1.511e+13  9.093222e-01  0.000000e+00 -8.128011e-02  9.067783e-02
-4.90000e+00 -2.40000e+00       5.074e+13  8.104384e-01  0.000000e+00  2.634615e-01  1.895616e-01
-4.20000e+00 -2.40000e+00       1.155e+14  4.702262e-01  0.000000e+00  5.097716e-01  5.297738e-01
-3.50000e+00 -2.40000e+00       2.055e+14  2.382238e-02  0.000000e+00  3.058544e-01  9.761776e-01
-2.80000e+00 -2.40000e+00       3.687e+14  1.160678e-01  0.000000e+00 -1.207759e-01  8.839322e-01
-2.10000e+00 -2.40000e+00       5.959e+14  5.495959e-01  0.000000e+00  2.545227e-02  4.504041e-01
-1.40000e+00 -2.40000e+00       5.311e+14  7.643006e-01  0.000000e+00  2.853873e-01  2.356994e-01
-7.00000e-01 -2.40000e+00       2.036e+14  7.298881e-01  0.000000e+00  3.568754e-01  2.701119e-01
 0.00000e+00 -2.40000e+00       8.459e+13  4.151912e-01  0.000000e+00  2.622156e-15  5.848088e-01
 7.00000e-01 -2.40000e+00       2.036e+14  7.298881e-01  0.000000e+00 -3.568754e-01  2.701119e-01
 1.40000e+00 -2.40000e+00       5.311e+14  7.643006e-01  0.000000e+00 -2.853873e-01  2.356994e-01
 2.10000e+00 -2.40000e+00       5.959e+14  5.495959e-01  0.000000e+00 -2.545227e-02  4.504041e-01
 2.80000e+00 -2.40000e+00       3.687e+14  1.160678e-01  0.000000e+00  1.207759e-01  8.839322e-01
 3.50000e+00 -2.40000e+00       2.055e+14  2.382238e-02  0.000000e+00 -3.058544e-01  9.761776e-01
 4.20000e+00 -2.40000e+00       1.155e+14  4.702262e-01  0.000000e+00 -5.097716e-01  5.297738e-01
 4.90000e+00 -2.40000e+00       5.074e+13  8.104384e-01  0.000000e+00 -2.634615e-01  1.895616e-01
 5.60000e+00 -2.40000e+00       1.511e+13  9.093222e-01  0.000000e+00  8.128011e-02  9.067783e-02
 6.30000e+00 -2.40000e+00       2.978e+12  8.577478e-01  0.000000e+00  3.830216e-01  1.422522e-01
 7.00000e+00 -2.40000e+00       3.883e+11  7.248302e-01  0.000000e+00  6.120351e-01  2.751698e-01
-7.00000e+00 -2.00000e+00       1.246e+12  3.513045e-01  0.000000e+00 -8.910430e-01  6.486955e-01
-6.30000e+00 -2.00000e+00       9.618e+12  5.712594e-01  0.000000e+00 -7.606100e-01  4.287406e-01
-5.60000e+00 -2.00000e+00       5.038e+13  7.602168e-01  0.000000e+00 -5.513795e-01  2.397832e-01
-4.90000e+00 -2.00000e+00       1.795e+14  8.782425e-01  0.000000e+00 -2.616326e-01  1.217575e-01
-4.20000e+00 -2.00000e+00       4.300e+14  8.587525e-01  0.000000e+00  8.751632e-02  1.412475e-01
-3.50000e+00 -2.00000e+00       6.953e+14  6.021245e-01  0.000000e+00  3.709519e-01  3.978755e-01
-2.80000e+00 -2.00000e+00       8.975e+14  1.961858e-01  0.000000e+00  2.585587e-01  8.038142e-01
-2.10000e+00 -2.00000e+00       1.379e+15  3.509590e-01  0.000000e+00  9.323256e-02  6.490410e-01
-1.40000e+00 -2.00000e+00       1.948e+15  7.202819e-01  0.000000e+00  2.874979e-01  2.797181e-01
-7.00000e-01 -2.00000e+00       1.231e+15  8.485497e-01  0.000000e+00  3.875794e-01  1.514503e-01
 0.00000e+00 -2.00000e+00       4.999e+14  8.784009e-01  0.000000e+00  1.178411e-14  1.215991e-01
 7.00000e-01 -2.00000e+00       1.231e+15  8.485497e-01  0.000000e+00 -3.875794e-01  1.514503e-01
 1.40000e+00 -2.00000e+00       1.948e+15  7.202819e-01  0.000000e+00 -2.874979e-01  2.797181e-01
 2.10000e+00 -2.00000e+00       1.379e+15  3.509590e-01  0.000000e+00 -9.323256e-02  6.490410e-01
 2.80000e+00 -2.00000e+00       8.975e+14  1.961858e-01  0.000000e+00 -2.585587e-01  8.038142e-01
 3.50000e+00 -2.00000e+00       6.953e+14  6.021245e-01  0.000000e+00 -3.709519e-01  3.978755e-01
 4.20000e+00 -2.00000e+00       4.300e+14  8.587525e-01  0.000000e+00 -8.751632e-02  1.412475e-01
 4.90000e+00 -2.00000e+00       1.795e+14  8.782425e-01  0.000000e+00  2.616326e-01  1.217575e-01
 5.60000e+00 -2.00000e+00       5.038e+13  7.602168e-01  0.000000e+00  5.513795e-01  2.397832e-01
 6.30000e+00 -2.00000e+00       9.618e+12  5.712594e-01  0.000000e+00  7.606100e-01  4.287406e-01
 7.00000e+00 -2.00000e+00       1.246e+12  3.513045e-01  0.000000e+00  8.910430e-01  6.486955e-01
-7.00000e+00 -1.60000e+00       2.535e+12 -2.511627e-02  0.000000e+00 -9.518635e-01  9.748837e-01
-6.30000e+00 -1.60000e+00       1.948e+13  2.483774e-01  0.000000e+00 -9.142882e-01  7.516226e-01
-5.60000e+00 -1.60000e+00       1.045e+14  5.131028e-01  0.000000e+00 -7.897659e-01  4.868972e-01
-4.90000e+00 -1.60000e+00       3.949e+14  7.339911e-01  0.000000e+00 -5.771175e-01  2.660089e-01
-4.20000e+00 -1.60000e+00       1.038e+15  8.700626e-01  0.000000e+00 -2.866904e-01  1.299374e-01
-3.50000e+00 -1.60000e+00       1.831e+15  8.645575e-01  0.000000e+00  4.722396e-02  1.354425e-01
-2.80000e+00 -1.60000e+00       2.165e+15  6.304723e-01  0.000000e+00  2.521170e-01  3.695277e-01
-2.10000e+00 -1.60000e+00       2.014e+15  1.672792e-01  0.000000e+00 -8.267893e-02  8.327208e-01
-1.40000e+00 -1.60000e+00       2.470e+15 -2.841340e-01  0.000000e+00 -5.944200e-01  7.158660e-01
-7.00000e-01 -1.60000e+00       5.353e+15 -4.061368e-01  0.000000e+00 -4.457029e-01  5.938632e-01
 0.00000e+00 -1.60000e+00       7.595e+15 -3.997149e-01  0.000000e+00  7.390202e-16  6.002851e-01
 7.00000e-01 -1.60000e+00       5.353e+15 -4.061368e-01  0.000000e+00  4.457029e-01  5.938632e-01
 1.40000e+00 -1.60000e+00       2.470e+15 -2.841340e-01  0.000000e+00  5.944200e-01  7.158660e-01
 2.10000e+00 -1.60000e+00       2.014e+15  1.672792e-01  0.000000e+00  8.267893e-02  8.327208e-01
 2.80000e+00 -1.60000e+00       2.165e+15  6.304723e-01  0.000000e+00 -2.521170e-01  3.695277e-01
 3.50000e+00 -1.60000e+00       1.831e+15  8.645575e-01  0.000000e+00 -4.722396e-02  1.354425e-01
 4.20000e+00 -1.60000e+00       1.038e+15  8.700626e-01  0.000000e+00  2.866904e-01  1.299374e-01
 4.90000e+00 -1.60000e+00       3.949e+14  7.339911e-01  0.000000e+00  5.771175e-01  2.660089e-01
 5.60000e+00 -1.60000e+00       1.045e+14  5.131028e-01  0.000000e+00  7.897659e-01  4.868972e-01
 6.30000e+00 -1.60000e+00       1.948e+13  2.483774e-01  0.000000e+00  9.142882e-01  7.516226e-01
 7.00000e+00 -1.60000e+00       2.535e+12 -2.511627e-02  0.000000e+00  9.518635e-01  9.748837e-01
-7.00000e+00 -1.20000e+00       3.331e+12 -3.271400e-01  0.000000e+00 -8.709540e-01  6.728600e-01
-6.30000e+00 -1.20000e+00       2.562e+13 -2.548538e-03  0.000000e+00 -9.286054e-01  9.974515e-01
-5.60000e+00 -1.20000e+00       1.420e+14  3.259808e-01  0.000000e+00 -8.719693e-01  6.740192e-01
-4.90000e+00 -1.20000e+00       5.736e+14  6.084004e-01  0.000000e+00 -7.100954e-01  3.915996e-01
-4.20000e+00 -1.20000e+00       1.668e+15  8.088748e-01  0.000000e+00 -4.708659e-01  1.911252e-01
-3.50000e+00 -1.20000e+00       3.332e+15  9.046935e-01  0.000000e+00 -1.851909e-01  9.530648e-02
-2.80000e+00 -1.20000e+00       4.354e+15  8.696918e-01  0.000000e+00  1.057167e-01  1.303082e-01
-2.10000e+00 -1.20000e+00       4.712e+15  7.675090e-01  0.000000e+00  1.186353e-01  2.324910e-01
-1.40000e+00 -1.20000e+00       6.092e+15  8.171946e-01  0.000000e+00 -2.558108e-01  1.828054e-01
-7.00000e-01 -1.20000e+00       4.643e+15  8.676538e-01  0.000000e+00 -3.952971e-01  1.323462e-01
 0.00000e+00 -1.20000e+00       2.330e+15  8.821465e-01  0.000000e+00 -1.718647e-14  1.178535e-01
 7.00000e-01 -1.20000e+00       4.643e+15  8.676538e-01  0.000000e+00  3.952971e-01  1.323462e-01
 1.40000e+00 -1.20000e+00       6.092e+15  8.171946e-01  0.000000e+00  2.558108e-01  1.828054e-01
 2.10000e+00 -1.20000e+00       4.712e+15  7.675090e-01  0.000000e+00 -1.186353e-01  2.324910e-01
 2.80000e+00 -1.20000e+00       4.354e+15  8.696918e-01  0.000000e+00 -1.057167e-01  1.303082e-01
 3.50000e+00 -1.20000e+00       3.332e+15  9.046935e-01  0.000000e+00  1.851909e-01  9.530648e-02
 4.20000e+00 -1.20000e+00       1.668e+15  8.088748e-01  0.000000e+00  4.708659e-01  1.911252e-01
 4.90000e+00 -1.20000e+00       5.736e+14  6.084004e-01  0.000000e+00  7.100954e-01  3.915996e-01
 5.60000e+00 -1.20000e+00       1.420e+14  3.259808e-01  0.000000e+00  8.719693e-01  6.740192e-01
 6.30000e+00 -1.20000e+00       2.562e+13 -2.548538e-03  0.000000e+00  9.286054e-01  9.974515e-01
 7.00000e+00 -1.20000e+00       3.331e+12 -3.271400e-01  0.000000e+00  8.709540e-01  6.728600e-01
-7.00000e+00 -8.00000e-01       2.719e+12 -4.938085e-01  0.000000e+00 -7.120188e-01  5.061915e-01
-6.30000e+00 -8.00000e-01       2.175e+13 -9.086877e-02  0.000000e+00 -8.768041e-01  9.091312e-01
-5.60000e+00 -8.00000e-01       1.312e+14  3.090315e-01  0.000000e+00 -8.553007e-01  6.909685e-01
-4.90000e+00 -8.00000e-01       5.923e+14  6.191600e-01  0.000000e+00 -7.011859e-01  3.808400e-01
-4.20000e+00 -8.00000e-01       1.952e+15  8.185572e-01  0.000000e+00 -4.864988e-01  1.814428e-01
-3.50000e+00 -8.00000e-01       4.460e+15  9.227091e-01  0.000000e+00 -2.567311e-01  7.729089e-02
-2.80000e+00 -8.00000e-01       6.503e+15  9.434603e-01  0.000000e+00 -4.224172e-02  5.653973e-02
-2.10000e+00 -8.00000e-01       5.412e+15  8.351701e-01  0.000000e+00  7.801798e-02  1.648299e-01
-1.40000e+00 -8.00000e-01       2.387e+15  4.578775e-01  0.000000e+00 -1.649978e-02  5.421225e-01
-7.00000e-01 -8.00000e-01       5.961e+14 -7.657173e-02  0.000000e+00 -2.692733e-01  9.234283e-01
 0.00000e+00 -8.00000e-01       1.681e+14 -1.690685e-01  0.000000e+00 -3.374656e-16  8.309315e-01
 7.00000e-01 -8.00000e-01       5.961e+14 -7.657173e-02  0.000000e+00  2.692733e-01  9.234283e-01
 1.40000e+00 -8.00000e-01       2.387e+15  4.578775e-01  0.000000e+00  1.649978e-02  5.421225e-01
 2.10000e+00 -8.00000e-01       5.412e+15  8.351701e-01  0.000000e+00 -7.801798e-02  1.648299e-01
 2.80000e+00 -8.00000e-01       6.503e+15  9.434603e-01  0.000000e+00  4.224172e-02  5.653973e-02
 3.50000e+00 -8.00000e-01       4.460e+15  9.227091e-01  0.000000e+00  2.567311e-01  7.729089e-02
 4.20000e+00 -8.00000e-01       1.952e+15  8.185572e-01  0.000000e+00  4.864988e-01  1.814428e-01
 4.90000e+00 -8.00000e-01       5.923e+14  6.191600e-01  0.000000e+00  7.011859e-01  3.808400e-01
 5.60000e+00 -8.00000e-01       1.312e+14  3.090315e-01  0.000000e+00  8.553007e-01  6.909685e-01
 6.30000e+00 -8.00000e-01       2.175e+13 -9.086877e-02  0.000000e+00  8.768041e-01  9.091312e-01
 7.00000e+00 -8.00000e-01       2.719e+12 -4.938085e-01  0.000000e+00  7.120188e-01  5.061915e-01
-7.00000e+00 -4.00000e-01       1.086e+12 -3.381583e-01  0.000000e+00 -5.243444e-01  6.618417e-01
-6.30000e+00 -4.00000e-01       1.078e+13  2.387845e-01  0.000000e+00 -7.536099e-01  7.612155e-01
-5.60000e+00 -4.00000e-01       9.133e+13  6.449090e-01  0.000000e+00 -6.589594e-01  3.550910e-01
-4.90000e+00 -4.00000e-01       5.302e+14  8.281708e-01  0.000000e+00 -5.022903e-01  1.718292e-01
-4.20000e+00 -4.00000e-01       1.870e+15  9.151858e-01  0.000000e+00 -3.539166e-01  8.481422e-02
-3.50000e+00 -4.00000e-01       4.158e+15  9.629304e-01  0.000000e+00 -2.045689e-01  3.706956e-02
-2.80000e+00 -4.00000e-01       6.062e+15  9.787391e-01  0.000000e+00 -5.708901e-02  2.126091e-02
-2.10000e+00 -4.00000e-01       5.263e+15  9.517941e-01  0.000000e+00  1.077384e-01  4.820591e-02
-1.40000e+00 -4.00000e-01       2.509e+15  8.774387e-01  0.000000e+00  3.236390e-01  1.225613e-01
-7.00000e-01 -4.00000e-01       6.874e+14  8.199309e-01  0.000000e+00  4.489589e-01  1.800691e-01
 0.00000e+00 -4.00000e-01       2.518e+14  8.581407e-01  0.000000e+00  9.057407e-15  1.418593e-01
 7.00000e-01 -4.00000e-01       6.874e+14  8.199309e-01  0.000000e+00 -4.489589e-01  1.800691e-01
 1.40000e+00 -4.00000e-01       2.509e+15  8.774387e-01  0.000000e+00 -3.236390e-01  1.225613e-01
 2.10000e+00 -4.00000e-01       5.263e+15  9.517941e-01  0.000000e+00 -1.077384e-01  4.820591e-02
 2.80000e+00 -4.00000e-01       6.062e+15  9.787391e-01  0.000000e+00  5.708901e-02  2.126091e-02
 3.50000e+00 -4.00000e-01       4.158e+15  9.629304e-01  0.000000e+00  2.045689e-01  3.706956e-02
 4.20000e+00 -4.00000e-01       1.870e+15  9.151858e-01  0.000000e+00  3.539166e-01  8.481422e-02
 4.90000e+00 -4.00000e-01       5.302e+14  8.281708e-01  0.000000e+00  5.022903e-01  1.718292e-01
 5.60000e+00 -4.00000e-01       9.133e+13  6.449090e-01  0.000000e+00  6.589594e-01  3.550910e-01
 6.30000e+00 -4.00000e-01       1.078e+13  2.387845e-01  0.000000e+00  7.536099e-01  7.612155e-01
 7.00000e+00 -4.00000e-01       1.086e+12 -3.381583e-01  0.000000e+00  5.243444e-01  6.618417e-01
-7.00000e+00  0.00000e+00       3.411e+11  9.963915e-01  0.000000e+00  5.276638e-10  3.608541e-03
-6.30000e+00  0.00000e+00       6.009e+12  9.987514e-01  0.000000e+00  1.492679e-10  1.248630e-03
-5.60000e+00  0.00000e+00       6.551e+13  9.995748e-01  0.000000e+00  2.094710e-11  4.251666e-04
-4.90000e+00  0.00000e+00       4.311e+14  9.998589e-01  0.000000e+00  3.328428e-12  1.410685e-04
-4.20000e+00  0.00000e+00       1.817e+15  9.999494e-01  0.000000e+00  8.742270e-13  5.061390e-05
-3.50000e+00  0.00000e+00       4.959e+15  9.999782e-01  0.000000e+00 -1.189755e-14  2.178938e-05
-2.80000e+00  0.00000e+00       8.238e+15  9.999879e-01  0.000000e+00  2.146064e-12  1.210093e-05
-2.10000e+00  0.00000e+00       7.478e+15  9.999819e-01  0.000000e+00  1.145750e-11  1.805869e-05
-1.40000e+00  0.00000e+00       3.577e+15  9.999848e-01  0.000000e+00  4.183983e-11  1.515592e-05
-7.00000e-01  0.00000e+00       1.035e+15  9.995811e-01  0.000000e+00  9.046253e-11  4.189006e-04
 0.00000e+00  0.00000e+00       4.922e+14  9.984271e-01  0.000000e+00 -3.989953e-17  1.572854e-03
 7.00000e-01  0.00000e+00       1.035e+15  9.995811e-01  0.000000e+00 -9.046269e-11  4.189006e-04
 1.40000e+00  0.00000e+00       3.577e+15  9.999848e-01  0.000000e+00 -4.183991e-11  1.515592e-05
 2.10000e+00  0.00000e+00       7.478e+15  9.999819e-01  0.000000e+00 -1.145752e-11  1.805869e-05
 2.80000e+00  0.00000e+00       8.238e+15  9.999879e-01  0.000000e+00 -2.145986e-12  1.210093e-05
 3.50000e+00  0.00000e+00       4.959e+15  9.999782e-01  0.000000e+00  1.211314e-14  2.178938e-05
 4.20000e+00  0.00000e+00       1.817e+15  9.999494e-01  0.000000e+00 -8.738291e-13  5.061390e-05
 4.90000e+00  0.00000e+00       4.311e+14  9.998589e-01  0.000000e+00 -3.327651e-12  1.410685e-04
 5.60000e+00  0.00000e+00       6.551e+13  9.995748e-01  0.000000e+00 -2.094569e-11  4.251666e-04
 6.30000e+00  0.00000e+00       6.009e+12  9.987514e-01  0.000000e+00 -1.492656e-10  1.248630e-03
 7.00000e+00  0.00000e+00       3.411e+11  9.963915e-01  0.000000e+00 -5.276606e-10  3.608541e-03
-7.00000e+00  4.00000e-01       1.086e+12 -3.381583e-01  0.000000e+00  5.243444e-01  6.618417e-01
-6.30000e+00  4.00000e-01       1.078e+13  2.387845e-01  0.000000e+00  7.536099e-01  7.612155e-01
-5.60000e+00  4.00000e-01       9.133e+13  6.449090e-01  0.000000e+00  6.589594e-01  3.550910e-01
-4.90000e+00  4.00000e-01       5.302e+14  8.281708e-01  0.000000e+00  5.022903e-01  1.718292e-01
-4.20000e+00  4.00000e-01       1.870e+15  9.151858e-01  0.000000e+00  3.539166e-01  8.481422e-02
-3.50000e+00  4.00000e-01       4.158e+15  9.629304e-01  0.000000e+00  2.045689e-01  3.706956e-02
-2.80000e+00  4.00000e-01       6.062e+15  9.787391e-01  0.000000e+00  5.708901e-02  2.126091e-02
-2.10000e+00  4.00000e-01       5.263e+15  9.517941e-01  0.000000e+00 -1.077384e-01  4.820591e-02
-1.40000e+00  4.00000e-01       2.509e+15  8.774387e-01  0.000000e+00 -3.236390e-01  1.225613e-01
-7.00000e-01  4.00000e-01       6.874e+14  8.199309e-01  0.000000e+00 -4.489589e-01  1.800691e-01
 0.00000e+00  4.00000e-01       2.518e+14  8.581407e-01  0.000000e+00 -9.050702e-15  1.418593e-01
 7.00000e-01  4.00000e-01       6.874e+14  8.199309e-01  0.000000e+00  4.489589e-01  1.800691e-01
 1.40000e+00  4.00000e-01       2.509e+15  8.774387e-01  0.000000e+00  3.236390e-01  1.225613e-01
 2.10000e+00  4.00000e-01       5.263e+15  9.517941e-01  0.000000e+00  1.077384e-01  4.820591e-02
 2.80000e+00  4.00000e-01       6.062e+15  9.787391e-01  0.000000e+00 -5.708901e-02  2.126091e-02
 3.50000e+00  4.00000e-01       4.158e+15  9.629304e-01  0.000000e+00 -2.045689e-01  3.706956e-02
 4.20000e+00  4.00000e-01       1.870e+15  9.151858e-01  0.000000e+00 -3.539166e-01  8.481422e-02
 4.90000e+00  4.00000e-01       5.302e+14  8.281708e-01  0.000000e+00 -5.022903e-01  1.718292e-01
 5.60000e+00  4.00000e-01       9.133e+13  6.449090e-01  0.000000e+00 -6.589594e-01  3.550910e-01
 6.30000e+00  4.00000e-01       1.078e+13  2.387845e-01  0.000000e+00 -7.536099e-01  7.612155e-01
 7.00000e+00  4.00000e-01       1.086e+12 -3.381583e-01  0.000000e+00 -5.243444e-01  6.618417e-01
-7.00000e+00  8.00000e-01       2.719e+12 -4.938085e-01  0.000000e+00  7.120188e-01  5.061915e-01
-6.30000e+00  8.00000e-01       2.175e+13 -9.086877e-02  0.000000e+00  8.768041e-01  9.091312e-01
-5.60000e+00  8.00000e-01       1.312e+14  3.090315e-01  0.000000e+00  8.553007e-01  6.909685e-01
-4.90000e+00  8.00000e-01       5.923e+14  6.191600e-01  0.000000e+00  7.011859e-01  3.808400e-01
-4.20000e+00  8.00000e-01       1.952e+15  8.185572e-01  0.000000e+00  4.864988e-01  1.814428e-01
-3.50000e+00  8.00000e-01       4.460e+15  9.227091e-01  0.000000e+00  2.567311e-01  7.729089e-02
-2.80000e+00  8.00000e-01       6.503e+15  9.434603e-01  0.000000e+00  4.224172e-02  5.653973e-02
-2.10000e+00  8.00000e-01       5.412e+15  8.351701e-01  0.000000e+00 -7.801798e-02  1.648299e-01
-1.40000e+00  8.00000e-01       2.387e+15  4.578775e-01  0.000000e+00  1.649979e-02  5.421225e-01
-7.00000e-01  8.00000e-01       5.961e+14 -7.657173e-02  0.000000e+00  2.692733e-01  9.234283e-01
 0.00000e+00  8.00000e-01       1.681e+14 -1.690685e-01  0.000000e+00  1.048191e-15  8.309315e-01
 7.00000e-01  8.00000e-01       5.961e+14 -7.657173e-02  0.000000e+00 -2.692733e-01  9.234283e-01
 1.40000e+00  8.00000e-01       2.387e+15  4.578775e-01  0.000000e+00 -1.649979e-02  5.421225e-01
 2.10000e+00  8.00000e-01       5.412e+15  8.351701e-01  0.000000e+00  7.801798e-02  1.648299e-01
 2.80000e+00  8.00000e-01       6.503e+15  9.434603e-01  0.000000e+00 -4.224172e-02  5.653973e-02
 3.50000e+00  8.00000e-01       4.460e+15  9.227091e-01  0.000000e+00 -2.567311e-01  7.729089e-02
 4.20000e+00  8.00000e-01       1.952e+15  8.185572e-01  0.000000e+00 -4.864988e-01  1.814428e-01
 4.90000e+00  8.00000e-01       5.923e+14  6.191600e-01  0.000000e+00 -7.011859e-01  3.808400e-01
 5.60000e+00  8.00000e-01       1.312e+14  3.090315e-01  0.000000e+00 -8.553007e-01  6.909685e-01
 6.30000e+00  8.00000e-01       2.175e+13 -9.086877e-02  0.000000e+00 -8.768041e-01  9.091312e-01
 7.00000e+00  8.00000e-01       2.719e+12 -4.938085e-01  0.000000e+00 -7.120188e-01  5.061915e-01
-7.00000e+00  1.20000e+00       3.331e+12 -3.271400e-01  0.000000e+00  8.709540e-01  6.728600e-01
-6.30000e+00  1.20000e+00       2.562e+13 -2.548538e-03  0.000000e+00  9.286054e-01  9.974515e-01
-5.60000e+00  1.20000e+00       1.420e+14  3.259808e-01  0.000000e+00  8.719693e-01  6.740192e-01
-4.90000e+00  1.20000e+00       5.736e+14  6.084004e-01  0.000000e+00  7.100954e-01  3.915996e-01
-4.20000e+00  1.20000e+00       1.668e+15  8.088748e-01  0.000000e+00  4.708659e-01  1.911252e-01
-3.50000e+00  1.20000e+00       3.332e+15  9.046935e-01  0.000000e+00  1.851909e-01  9.530648e-02
-2.80000e+00  1.20000e+00       4.354e+15  8.696918e-01  0.000000e+00 -1.057167e-01  1.303082e-01
-2.10000e+00  1.20000e+00       4.712e+15  7.675090e-01  0.000000e+00 -1.186353e-01  2.324910e-01
-1.40000e+00  1.20000e+00       6.092e+15  8.171946e-01  0.000000e+00  2.558108e-01  1.828054e-01
-7.00000e-01  1.20000e+00       4.643e+15  8.676538e-01  0.000000e+00  3.952971e-01  1.323462e-01
 0.00000e+00  1.20000e+00       2.330e+15  8.821465e-01  0.000000e+00  1.366201e-14  1.178535e-01
 7.00000e-01  1.20000e+00       4.643e+15  8.676538e-01  0.000000e+00 -3.952971e-01  1.323462e-01
 1.40000e+00  1.20000e+00       6.092e+15  8.171946e-01  0.000000e+00 -2.558108e-01  1.828054e-01
 2.10000e+00  1.20000e+00       4.712e+15  7.675090e-01  0.000000e+00  1.186353e-01  2.324910e-01
 2.80000e+00  1.20000e+00       4.354e+15  8.696918e-01  0.000000e+00  1.057167e-01  1.303082e-01
 3.50000e+00  1.20000e+00       3.332e+15  9.046935e-01  0.000000e+00 -1.851909e-01  9.530648e-02
 4.20000e+00  1.20000e+00       1.668e+15  8.088748e-01  0.000000e+00 -4.708659e-01  1.911252e-01
 4.90000e+00  1.20000e+00       5.736e+14  6.084004e-01  0.000000e+00 -7.100954e-01  3.915996e-01
 5.60000e+00  1.20000e+00       1.420e+14  3.259808e-01  0.000000e+00 -8.719693e-01  6.740192e-01
 6.30000e+00  1.20000e+00       2.562e+13 -2.548538e-03  0.000000e+00 -9.286054e-01  9.974515e-01
 7.00000e+00  1.20000e+00       3.331e+12 -3.271400e-01  0.000000e+00 -8.709540e-01  6.728600e-01
-7.00000e+00  1.60000e+00       2.535e+12 -2.511627e-02  0.000000e+00  9.518635e-01  9.748837e-01
-6.30000e+00  1.60000e+00       1.948e+13  2.483774e-01  0.000000e+00  9.142882e-01  7.516226e-01
-5.60000e+00  1.60000e+00       1.045e+14  5.131028e-01  0.000000e+00  7.897659e-01  4.868972e-01
-4.90000e+00  1.60000e+00       3.949e+14  7.339911e-01  0.000000e+00  5.771175e-01  2.660089e-01
-4.20000e+00  1.60000e+00       1.038e+15  8.700626e-01  0.000000e+00  2.866904e-01  1.299374e-01
-3.50000e+00  1.60000e+00       1.831e+15  8.645575e-01  0.000000e+00 -4.722396e-02  1.354425e-01
-2.80000e+00  1.60000e+00       2.165e+15  6.304723e-01  0.000000e+00 -2.521170e-01  3.695277e-01
-2.10000e+00  1.60000e+00       2.014e+15  1.672792e-01  0.000000e+00  8.267893e-02  8.327208e-01
-1.40000e+00  1.60000e+00       2.470e+15 -2.841340e-01  0.000000e+00  5.944200e-01  7.158660e-01
-7.00000e-01  1.60000e+00       5.353e+15 -4.061368e-01  0.000000e+00  4.457029e-01  5.938632e-01
 0.00000e+00  1.60000e+00       7.595e+15 -3.997149e-01  0.000000e+00 -7.379586e-16  6.002851e-01
 7.00000e-01  1.60000e+00       5.353e+15 -4.061368e-01  0.000000e+00 -4.457029e-01  5.938632e-01
 1.40000e+00  1.60000e+00       2.470e+15 -2.841340e-01  0.000000e+00 -5.944200e-01  7.158660e-01
 2.10000e+00  1.60000e+00       2.014e+15  1.672792e-01  0.000000e+00 -8.267893e-02  8.327208e-01
 2.80000e+00  1.60000e+00       2.165e+15  6.304723e-01  0.000000e+00  2.521170e-01  3.695277e-01
 3.50000e+00  1.60000e+00       1.831e+15  8.645575e-01  0.000000e+00  4.722396e-02  1.354425e-01
 4.20000e+00  1.60000e+00       1.038e+15  8.700626e-01  0.000000e+00 -2.866904e-01  1.299374e-01
 4.90000e+00  1.60000e+00       3.949e+14  7.339911e-01  0.000000e+00 -5.771175e-01  2.660089e-01
 5.60000e+00  1.60000e+00       1.045e+14  5.131028e-01  0.000000e+00 -7.897659e-01  4.868972e-01
 6.30000e+00  1.60000e+00       1.948e+13  2.483774e-01  0.000000e+00 -9.142882e-01  7.516226e-01
 7.00000e+00  1.60000e+00       2.535e+12 -2.511627e-02  0.000000e+00 -9.518635e-01  9.748837e-01
-7.00000e+00  2.00000e+00       1.246e+12  3.513045e-01  0.000000e+00  8.910430e-01  6.486955e-01
-6.30000e+00  2.00000e+00       9.618e+12  5.712594e-01  0.000000e+00  7.606100e-01  4.287406e-01
-5.60000e+00  2.00000e+00       5.038e+13  7.602168e-01  0.000000e+00  5.513795e-01  2.397832e-01
-4.90000e+00  2.00000e+00       1.795e+14  8.782425e-01  0.000000e+00  2.616326e-01  1.217575e-01
-4.20000e+00  2.00000e+00       4.300e+14  8.587525e-01  0.000000e+00 -8.751632e-02  1.412475e-01
-3.50000e+00  2.00000e+00       6.953e+14  6.021245e-01  0.000000e+00 -3.709519e-01  3.978755e-01
-2.80000e+00  2.00000e+00       8.975e+14  1.961858e-01  0.000000e+00 -2.585587e-01  8.038142e-01
-2.10000e+00  2.00000e+00       1.379e+15  3.509590e-01  0.000000e+00 -9.323256e-02  6.490410e-01
-1.40000e+00  2.00000e+00       1.948e+15  7.202819e-01  0.000000e+00 -2.874979e-01  2.797181e-01
-7.00000e-01  2.00000e+00       1.231e+15  8.485497e-01  0.000000e+00 -3.875794e-01  1.514503e-01
 0.00000e+00  2.00000e+00       4.999e+14  8.784009e-01  0.000000e+00 -1.179149e-14  1.215991e-01
 7.00000e-01  2.00000e+00       1.231e+15  8.485497e-01  0.000000e+00  3.875794e-01  1.514503e-01
 1.40000e+00  2.00000e+00       1.948e+15  7.202819e-01  0.000000e+00  2.874979e-01  2.797181e-01
 2.10000e+00  2.00000e+00       1.379e+15  3.509590e-01  0.000000e+00  9.323256e-02  6.490410e-01
 2.80000e+00  2.00000e+00       8.975e+14  1.961858e-01  0.000000e+00  2.585587e-01  8.038142e-01
 3.50000e+00  2.00000e+00       6.953e+14  6.021245e-01  0.000000e+00  3.709519e-01  3.978755e-01
 4.20000e+00  2.00000e+00       4.300e+14  8.587525e-01  0.000000e+00  8.751632e-02  1.412475e-01
 4.90000e+00  2.00000e+00       1.795e+14  8.782425e-01  0.000000e+00 -2.616326e-01  1.217575e-01
 5.60000e+00  2.00000e+00       5.038e+13  7.602168e-01  0.000000e+00 -5.513795e-01  2.397832e-01
 6.30000e+00  2.00000e+00       9.618e+12  5.712594e-01  0.000000e+00 -7.606100e-01  4.287406e-01
 7.00000e+00  2.00000e+00       1.246e+12  3.513045e-01  0.000000e+00 -8.910430e-01  6.486955e-01
-7.00000e+00  2.40000e+00       3.883e+11  7.248302e-01  0.000000e+00  6.120351e-01  2.751698e-01
-6.30000e+00  2.40000e+00       2.978e+12  8.577478e-01  0.000000e+00  3.830216e-01  1.422522e-01
-5.60000e+00  2.40000e+00       1.511e+13  9.093222e-01  0.000000e+00  8.128011e-02  9.067784e-02
-4.90000e+00  2.40000e+00       5.074e+13  8.104384e-01  0.000000e+00 -2.634615e-01  1.895616e-01
-4.20000e+00  2.40000e+00       1.155e+14  4.702262e-01  0.000000e+00 -5.097716e-01  5.297738e-01
-3.50000e+00  2.40000e+00       2.055e+14  2.382238e-02  0.000000e+00 -3.058544e-01  9.761776e-01
-2.80000e+00  2.40000e+00       3.687e+14  1.160678e-01  0.000000e+00  1.207759e-01  8.839322e-01
-2.10000e+00  2.40000e+00       5.959e+14  5.495959e-01  0.000000e+00 -2.545227e-02  4.504041e-01
-1.40000e+00  2.40000e+00       5.311e+14  7.643006e-01  0.000000e+00 -2.853873e-01  2.356994e-01
-7.00000e-01  2.40000e+00       2.036e+14  7.298881e-01  0.000000e+00 -3.568754e-01  2.701119e-01
 0.00000e+00  2.40000e+00       8.459e+13  4.151912e-01  0.000000e+00 -2.674270e-15  5.848088e-01
 7.00000e-01  2.40000e+00       2.036e+14  7.298881e-01  0.000000e+00  3.568754e-01  2.701119e-01
 1.40000e+00  2.40000e+00       5.311e+14  7.643006e-01  0.000000e+00  2.853873e-01  2.356994e-01
 2.10000e+00  2.40000e+00       5.959e+14  5.495959e-01  0.000000e+00  2.545227e-02  4.504041e-01
 2.80000e+00  2.40000e+00       3.687e+14  1.160678e-01  0.000000e+00 -1.207759e-01  8.839322e-01
 3.50000e+00  2.40000e+00       2.055e+14  2.382238e-02  0.000000e+00  3.058544e-01  9.761776e-01
 4.20000e+00  2.40000e+00       1.155e+14  4.702262e-01  0.000000e+00  5.097716e-01  5.297738e-01
 4.90000e+00  2.40000e+00       5.074e+13  8.104384e-01  0.000000e+00  2.634615e-01  1.895616e-01
 5.60000e+00  2.40000e+00       1.511e+13  9.093222e-01  0.000000e+00 -8.128011e-02  9.067784e-02
 6.30000e+00  2.40000e+00       2.978e+12  8.577478e-01  0.000000e+00 -3.830216e-01  1.422522e-01
 7.00000e+00  2.40000e+00       3.883e+11  7.248302e-01  0.000000e+00 -6.120351e-01  2.751698e-01
-7.00000e+00  2.80000e+00       7.384e+10  8.991559e-01  0.000000e+00  4.296705e-02  1.008441e-01
-6.30000e+00  2.80000e+00       5.516e+11  8.500537e-01  0.000000e+00 -2.586774e-01  1.499463e-01
-5.60000e+00  2.80000e+00       2.721e+12  6.051498e-01  0.000000e+00 -5.487452e-01  3.948502e-01
-4.90000e+00  2.80000e+00       9.227e+12  1.454318e-01  0.000000e+00 -6.248126e-01  8.545682e-01
-4.20000e+00  2.80000e+00       2.465e+13 -2.327716e-01  0.000000e+00 -2.138378e-01  7.672284e-01
-3.50000e+00  2.80000e+00       6.053e+13 -7.790301e-03  0.000000e+00  2.837493e-01  9.922097e-01
-2.80000e+00  2.80000e+00       1.241e+14  3.823105e-01  0.000000e+00  1.349949e-01  6.176895e-01
-2.10000e+00  2.80000e+00       2.001e+14  5.416219e-01  0.000000e+00 -3.496406e-01  4.583781e-01
-1.40000e+00  2.80000e+00       3.470e+14  7.616174e-01  0.000000e+00 -4.511906e-01  2.383826e-01
-7.00000e-01  2.80000e+00       4.552e+14  8.774790e-01  0.000000e+00 -3.485150e-01  1.225210e-01
 0.00000e+00  2.80000e+00       3.925e+14  8.956469e-01  0.000000e+00 -2.842622e-15  1.043531e-01
 7.00000e-01  2.80000e+00       4.552e+14  8.774790e-01  0.000000e+00  3.485150e-01  1.225210e-01
 1.40000e+00  2.80000e+00       3.470e+14  7.616174e-01  0.000000e+00  4.511906e-01  2.383826e-01
 2.10000e+00  2.80000e+00       2.001e+14  5.416219e-01  0.000000e+00  3.496406e-01  4.583781e-01
 2.80000e+00  2.80000e+00       1.241e+14  3.823105e-01  0.000000e+00 -1.349949e-01  6.176895e-01
 3.50000e+00  2.80000e+00       6.053e+13 -7.790301e-03  0.000000e+00 -2.837493e-01  9.922097e-01
 4.20000e+00  2.80000e+00       2.465e+13 -2.327716e-01  0.000000e+00  2.138378e-01  7.672284e-01
 4.90000e+00  2.80000e+00       9.227e+12  1.454318e-01  0.000000e+00  6.248126e-01  8.545682e-01
 5.60000e+00  2.80000e+00       2.721e+12  6.051498e-01  0.000000e+00  5.487452e-01  3.948502e-01
 6.30000e+00  2.80000e+00       5.516e+11  8.500537e-01  0.000000e+00  2.586774e-01  1.499463e-01
 7.00000e+00  2.80000e+00       7.384e+10  8.991559e-01  0.000000e+00 -4.296705e-02  1.008441e-01
-7.00000e+00  3.20000e+00       9.185e+09  3.662840e-01  0.000000e+00 -5.937182e-01  6.337160e-01
-6.30000e+00  3.20000e+00       6.471e+10  7.658490e-02  0.000000e+00 -7.095718e-01  9.234151e-01
-5.60000e+00  3.20000e+00       3.473e+11 -3.447561e-01  0.000000e+00 -4.534960e-01  6.552439e-01
-4.90000e+00  3.20000e+00       1.495e+12 -3.942440e-01  0.000000e+00  1.318115e-01  6.057560e-01
-4.20000e+00  3.20000e+00       5.344e+12  6.678489e-02  0.000000e+00  4.453780e-01  9.332151e-01
-3.50000e+00  3.20000e+00       1.430e+13  4.355085e-01  0.000000e+00  2.133189e-01  5.644915e-01
-2.80000e+00  3.20000e+00       2.644e+13  2.623023e-01  0.000000e+00 -1.348679e-01  7.376977e-01
-2.10000e+00  3.20000e+00       4.094e+13 -3.496589e-02  0.000000e+00 -4.153256e-01  9.650341e-01
-1.40000e+00  3.20000e+00       6.365e+13  1.647153e-01  0.000000e+00 -7.323292e-01  8.352847e-01
-7.00000e-01  3.20000e+00       5.593e+13  3.161482e-01  0.000000e+00 -8.196959e-01  6.838518e-01
 0.00000e+00  3.20000e+00       3.234e+13  3.517092e-01  0.000000e+00 -6.372565e-15  6.482908e-01
 7.00000e-01  3.20000e+00       5.593e+13  3.161482e-01  0.000000e+00  8.196959e-01  6.838518e-01
 1.40000e+00  3.20000e+00       6.365e+13  1.647153e-01  0.000000e+00  7.323292e-01  8.352847e-01
 2.10000e+00  3.20000e+00       4.094e+13 -3.496589e-02  0.000000e+00  4.153256e-01  9.650341e-01
 2.80000e+00  3.20000e+00       2.644e+13  2.623023e-01  0.000000e+00  1.348679e-01  7.376977e-01
 3.50000e+00  3.20000e+00       1.430e+13  4.355085e-01  0.000000e+00 -2.133189e-01  5.644915e-01
 4.20000e+00  3.20000e+00       5.344e+12  6.678489e-02  0.000000e+00 -4.453780e-01  9.332151e-01
 4.90000e+00  3.20000e+00       1.495e+12 -3.942440e-01  0.000000e+00 -1.318115e-01  6.057560e-01
 5.60000e+00  3.20000e+00       3.473e+11 -3.447561e-01  0.000000e+00  4.534960e-01  6.552439e-01
 6.30000e+00  3.20000e+00       6.471e+10  7.658490e-02  0.000000e+00  7.095718e-01  9.234151e-01
 7.00000e+00  3.20000e+00       9.185e+09  3.662840e-01  0.000000e+00  5.937182e-01  6.337160e-01
-7.00000e+00  3.60000e+00       1.543e+09 -6.495042e-01  0.000000e+00 -1.638740e-01  3.504958e-01
-6.30000e+00  3.60000e+00       7.865e+09 -5.747232e-01  0.000000e+00  1.791736e-01  4.252768e-01
-5.60000e+00  3.60000e+00       4.704e+10 -1.885470e-01  0.000000e+00  5.450337e-01  8.114530e-01
-4.90000e+00  3.60000e+00       2.339e+11  3.240856e-01  0.000000e+00  4.779846e-01  6.759144e-01
-4.20000e+00  3.60000e+00       8.221e+11  5.182051e-01  0.000000e+00  6.440490e-02  4.817949e-01
-3.50000e+00  3.60000e+00       2.040e+12  2.840001e-01  0.000000e+00 -1.823207e-01  7.159999e-01
-2.80000e+00  3.60000e+00       4.130e+12  1.201257e-01  0.000000e+00  1.271715e-01  8.798743e-01
-2.10000e+00  3.60000e+00       7.193e+12 -5.033271e-03  0.000000e+00  5.025195e-01  9.949667e-01
-1.40000e+00  3.60000e+00       9.761e+12 -4.372809e-01  0.000000e+00  5.882140e-01  5.627191e-01
-7.00000e-01  3.60000e+00       7.158e+12 -6.800120e-01  0.000000e+00  5.582337e-01  3.199880e-01
 0.00000e+00  3.60000e+00       3.596e+12 -7.198420e-01  0.000000e+00  9.708041e-15  2.801580e-01
 7.00000e-01  3.60000e+00       7.158e+12 -6.800120e-01  0.000000e+00 -5.582337e-01  3.199880e-01
 1.40000e+00  3.60000e+00       9.761e+12 -4.372809e-01  0.000000e+00 -5.882140e-01  5.627191e-01
 2.10000e+00  3.60000e+00       7.193e+12 -5.033271e-03  0.000000e+00 -5.025195e-01  9.949667e-01
 2.80000e+00  3.60000e+00       4.130e+12  1.201257e-01  0.000000e+00 -1.271715e-01  8.798743e-01
 3.50000e+00  3.60000e+00       2.040e+12  2.840001e-01  0.000000e+00  1.823207e-01  7.159999e-01
 4.20000e+00  3.60000e+00       8.221e+11  5.182051e-01  0.000000e+00 -6.440490e-02  4.817949e-01
 4.90000e+00  3.60000e+00       2.339e+11  3.240856e-01  0.000000e+00 -4.779846e-01  6.759144e-01
 5.60000e+00  3.60000e+00       4.704e+10 -1.885470e-01  0.000000e+00 -5.450337e-01  8.114530e-01
 6.30000e+00  3.60000e+00       7.865e+09 -5.747232e-01  0.000000e+00 -1.791736e-01  4.252768e-01
 7.00000e+00  3.60000e+00       1.543e+09 -6.495042e-01  0.000000e+00  1.638740e-01  3.504958e-01
-7.00000e+00  4.00000e+00       7.737e+08 -7.050480e-01  0.000000e+00  1.105638e-01  2.949520e-01
-6.30000e+00  4.00000e+00       1.926e+09 -3.266052e-01  0.000000e+00  4.054182e-01  6.733948e-01
-5.60000e+00  4.00000e+00       6.607e+09  2.195132e-01  0.000000e+00  3.176605e-01  7.804868e-01
-4.90000e+00  4.00000e+00       2.401e+10  3.179016e-01  0.000000e+00 -7.948037e-02  6.820984e-01
-4.20000e+00  4.00000e+00       7.896e+10  5.101844e-02  0.000000e+00 -1.391238e-01  9.489816e-01
-3.50000e+00  4.00000e+00       2.292e+11  7.020125e-02  0.000000e+00  1.049541e-01  9.297987e-01
-2.80000e+00  4.00000e+00       5.215e+11  2.426787e-01  0.000000e+00 -6.171979e-02  7.573213e-01
-2.10000e+00  4.00000e+00       9.618e+11  3.703713e-01  0.000000e+00 -4.776422e-01  6.296287e-01
-1.40000e+00  4.00000e+00       1.577e+12  6.007249e-01  0.000000e+00 -6.160561e-01  3.992751e-01
-7.00000e-01  4.00000e+00       1.383e+12  7.745055e-01  0.000000e+00 -6.168007e-01  2.254945e-01
 0.00000e+00  4.00000e+00       7.551e+11  9.604614e-01  0.000000e+00  1.694029e-14  3.953862e-02
 7.00000e-01  4.00000e+00       1.383e+12  7.745055e-01  0.000000e+00  6.168007e-01  2.254945e-01
 1.40000e+00  4.00000e+00       1.577e+12  6.007249e-01  0.000000e+00  6.160561e-01  3.992751e-01
 2.10000e+00  4.00000e+00       9.618e+11  3.703713e-01  0.000000e+00  4.776422e-01  6.296287e-01
 2.80000e+00  4.00000e+00       5.215e+11  2.426787e-01  0.000000e+00  6.171979e-02  7.573213e-01
 3.50000e+00  4.00000e+00       2.292e+11  7.020125e-02  0.000000e+00 -1.049541e-01  9.297987e-01
 4.20000e+00  4.00000e+00       7.896e+10  5.101844e-02  0.000000e+00  1.391238e-01  9.489816e-01
 4.90000e+00  4.00000e+00       2.401e+10  3.179016e-01  0.000000e+00  7.948037e-02  6.820984e-01
 5.60000e+00  4.00000e+00       6.607e+09  2.195132e-01  0.000000e+00 -3.176605e-01  7.804868e-01
 6.30000e+00  4.00000e+00       1.926e+09 -3.266052e-01  0.000000e+00 -4.054182e-01  6.733948e-01
 7.00000e+00  4.00000e+00       7.737e+08 -7.050480e-01  0.000000e+00 -1.105638e-01  2.949520e-01
