 EB(GeV)    EMITTANCEx EMITTANCEy SIZEx(m)   SIZEy(m)   DIVx(rad)  DIVy(rad)
 2.411e+00  5.499e-09  1.017e-12  8.711e-05  1.009e-06  6.313e-05  1.009e-06
 betax      alphax     betay      alphay     eta        deta       E_spread  
 1.380e+00  0.000e+00  1.000e+00  0.000e+00  0.000e+00  0.000e+00  8.600e-04
 Ibeam(A)   period(cm) #periods   Kx         Ky         Energy(eV)
 4.005e-01  1.900e+00         96  0.000e+00  1.780e+00  3.990e+04


           x            y       F.Density            PL            PC          PL45        1-|PL|
          mm           mm  ph/s/mr^2/0.1%             -             -             -             -
-7.00000e+00 -4.00000e+00       2.366e+00 -7.886424e-01  0.000000e+00  4.444200e-01  2.113576e-01
-6.30000e+00 -4.00000e+00       2.267e+01 -1.175760e-01  0.000000e+00  1.434631e-01  8.824240e-01
-5.60000e+00 -4.00000e+00       3.952e+02  7.094865e-01  0.000000e+00 -3.760055e-02  2.905135e-01
-4.90000e+00 -4.00000e+00       4.490e+03  9.115890e-01  0.000000e+00 -2.291691e-02  8.841097e-02
-4.20000e+00 -4.00000e+00       2.633e+04  9.930693e-01  0.000000e+00 -2.011272e-02  6.930741e-03
-3.50000e+00 -4.00000e+00       1.844e+05  9.422030e-01  0.000000e+00 -1.970412e-02  5.779699e-02
-2.80000e+00 -4.00000e+00       1.059e+06  9.915508e-01  0.000000e+00 -3.174269e-03  8.449201e-03
-2.10000e+00 -4.00000e+00       6.145e+06  7.585164e-01  0.000000e+00  5.250208e-03  2.414836e-01
-1.40000e+00 -4.00000e+00       3.357e+07  4.534109e-01  0.000000e+00 -1.637615e-02  5.465891e-01
-7.00000e-01 -4.00000e+00       9.792e+07  2.265202e-01  0.000000e+00 -2.286320e-02  7.734798e-01
 0.00000e+00 -4.00000e+00       1.379e+08  1.328003e-01  0.000000e+00 -8.438866e-16  8.671997e-01
 7.00000e-01 -4.00000e+00       9.792e+07  2.265202e-01  0.000000e+00  2.286320e-02  7.734798e-01
 1.40000e+00 -4.00000e+00       3.357e+07  4.534109e-01  0.000000e+00  1.637615e-02  5.465891e-01
 2.10000e+00 -4.00000e+00       6.145e+06  7.585164e-01  0.000000e+00 -5.250208e-03  2.414836e-01
 2.80000e+00 -4.00000e+00       1.059e+06  9.915508e-01  0.000000e+00  3.174269e-03  8.449201e-03
 3.50000e+00 -4.00000e+00       1.844e+05  9.422030e-01  0.000000e+00  1.970412e-02  5.779699e-02
 4.20000e+00 -4.00000e+00       2.633e+04  9.930693e-01  0.000000e+00  2.011272e-02  6.930741e-03
 4.90000e+00 -4.00000e+00       4.490e+03  9.115890e-01  0.000000e+00  2.291691e-02  8.841097e-02
 5.60000e+00 -4.00000e+00       3.952e+02  7.094865e-01  0.000000e+00  3.760055e-02  2.905135e-01
 6.30000e+00 -4.00000e+00       2.267e+01 -1.175760e-01  0.000000e+00 -1.434631e-01  8.824240e-01
 7.00000e+00 -4.00000e+00       2.366e+00 -7.886373e-01  0.000000e+00 -4.444267e-01  2.113627e-01
-7.00000e+00 -3.60000e+00       1.131e+01 -6.055422e-01  0.000000e+00  7.555964e-01  3.944578e-01
-6.30000e+00 -3.60000e+00       3.402e+01 -1.510781e-01  0.000000e+00  3.300814e-01  8.489219e-01
-5.60000e+00 -3.60000e+00       4.663e+02  7.152931e-01  0.000000e+00 -5.710163e-02  2.847069e-01
-4.90000e+00 -3.60000e+00       5.263e+03  9.050717e-01  0.000000e+00 -3.097597e-02  9.492833e-02
-4.20000e+00 -3.60000e+00       3.062e+04  9.942420e-01  0.000000e+00 -2.445916e-02  5.758036e-03
-3.50000e+00 -3.60000e+00       2.145e+05  9.416798e-01  0.000000e+00 -2.367980e-02  5.832016e-02
-2.80000e+00 -3.60000e+00       1.224e+06  9.879381e-01  0.000000e+00 -1.377201e-03  1.206190e-02
-2.10000e+00 -3.60000e+00       7.189e+06  7.493742e-01  0.000000e+00  1.853289e-02  2.506258e-01
-1.40000e+00 -3.60000e+00       4.539e+07  4.459060e-01  0.000000e+00 -1.735306e-03  5.540940e-01
-7.00000e-01 -3.60000e+00       1.608e+08  2.888464e-01  0.000000e+00 -1.061048e-02  7.111536e-01
 0.00000e+00 -3.60000e+00       2.483e+08  2.443283e-01  0.000000e+00 -9.908338e-16  7.556717e-01
 7.00000e-01 -3.60000e+00       1.608e+08  2.888464e-01  0.000000e+00  1.061048e-02  7.111536e-01
 1.40000e+00 -3.60000e+00       4.539e+07  4.459060e-01  0.000000e+00  1.735306e-03  5.540940e-01
 2.10000e+00 -3.60000e+00       7.189e+06  7.493742e-01  0.000000e+00 -1.853289e-02  2.506258e-01
 2.80000e+00 -3.60000e+00       1.224e+06  9.879381e-01  0.000000e+00  1.377201e-03  1.206190e-02
 3.50000e+00 -3.60000e+00       2.145e+05  9.416798e-01  0.000000e+00  2.367980e-02  5.832016e-02
 4.20000e+00 -3.60000e+00       3.062e+04  9.942420e-01  0.000000e+00  2.445916e-02  5.758036e-03
 4.90000e+00 -3.60000e+00       5.263e+03  9.050717e-01  0.000000e+00  3.097597e-02  9.492833e-02
 5.60000e+00 -3.60000e+00       4.663e+02  7.152931e-01  0.000000e+00  5.710163e-02  2.847069e-01
 6.30000e+00 -3.60000e+00       3.402e+01 -1.510781e-01  0.000000e+00 -3.300814e-01  8.489219e-01
 7.00000e+00 -3.60000e+00       1.131e+01 -6.055422e-01  0.000000e+00 -7.555964e-01  3.944578e-01
-7.00000e+00 -3.20000e+00       1.496e+01 -4.295078e-01  0.000000e+00  8.478258e-01  5.704922e-01
-6.30000e+00 -3.20000e+00       4.173e+01 -9.825458e-02  0.000000e+00  2.916111e-01  9.017454e-01
-5.60000e+00 -3.20000e+00       5.958e+02  6.662829e-01  0.000000e+00 -8.493883e-02  3.337171e-01
-4.90000e+00 -3.20000e+00       6.471e+03  8.808607e-01  0.000000e+00 -4.444728e-02  1.191393e-01
-4.20000e+00 -3.20000e+00       3.674e+04  9.989106e-01  0.000000e+00 -3.014998e-02  1.089448e-03
-3.50000e+00 -3.20000e+00       2.577e+05  9.384706e-01  0.000000e+00 -2.749501e-02  6.152938e-02
-2.80000e+00 -3.20000e+00       1.429e+06  9.566636e-01  0.000000e+00  2.093627e-03  4.333640e-02
-2.10000e+00 -3.20000e+00       5.759e+06  8.757420e-01  0.000000e+00  5.940768e-02  1.242580e-01
-1.40000e+00 -3.20000e+00       2.467e+07  3.840851e-01  0.000000e+00  5.324038e-02  6.159149e-01
-7.00000e-01 -3.20000e+00       9.147e+07  5.389558e-02  0.000000e+00  1.140862e-02  9.461044e-01
 0.00000e+00 -3.20000e+00       1.550e+08  5.604911e-03  0.000000e+00 -7.959397e-16  9.943951e-01
 7.00000e-01 -3.20000e+00       9.147e+07  5.389558e-02  0.000000e+00 -1.140862e-02  9.461044e-01
 1.40000e+00 -3.20000e+00       2.467e+07  3.840851e-01  0.000000e+00 -5.324038e-02  6.159149e-01
 2.10000e+00 -3.20000e+00       5.759e+06  8.757420e-01  0.000000e+00 -5.940768e-02  1.242580e-01
 2.80000e+00 -3.20000e+00       1.429e+06  9.566636e-01  0.000000e+00 -2.093627e-03  4.333640e-02
 3.50000e+00 -3.20000e+00       2.577e+05  9.384706e-01  0.000000e+00  2.749501e-02  6.152938e-02
 4.20000e+00 -3.20000e+00       3.674e+04  9.989106e-01  0.000000e+00  3.014998e-02  1.089448e-03
 4.90000e+00 -3.20000e+00       6.471e+03  8.808607e-01  0.000000e+00  4.444728e-02  1.191393e-01
 5.60000e+00 -3.20000e+00       5.958e+02  6.662829e-01  0.000000e+00  8.493883e-02  3.337171e-01
 6.30000e+00 -3.20000e+00       4.173e+01 -9.825458e-02  0.000000e+00 -2.916111e-01  9.017454e-01
 7.00000e+00 -3.20000e+00       1.496e+01 -4.295078e-01  0.000000e+00 -8.478258e-01  5.704922e-01
-7.00000e+00 -2.80000e+00       1.975e+01 -2.391399e-01  0.000000e+00  9.027875e-01  7.608601e-01
-6.30000e+00 -2.80000e+00       5.291e+01  2.978577e-04  0.000000e+00  1.971617e-01  9.997021e-01
-5.60000e+00 -2.80000e+00       8.155e+02  6.244980e-01  0.000000e+00 -1.370005e-01  3.755020e-01
-4.90000e+00 -2.80000e+00       8.370e+03  8.532327e-01  0.000000e+00 -6.587084e-02  1.467673e-01
-4.20000e+00 -2.80000e+00       4.563e+04  9.937249e-01  0.000000e+00 -3.188888e-02  6.275106e-03
-3.50000e+00 -2.80000e+00       3.226e+05  9.337602e-01  0.000000e+00 -2.650375e-02  6.623983e-02
-2.80000e+00 -2.80000e+00       2.166e+06  9.301622e-01  0.000000e+00 -3.266188e-03  6.983783e-02
-2.10000e+00 -2.80000e+00       1.829e+07  6.439138e-01  0.000000e+00  5.886596e-03  3.560862e-01
-1.40000e+00 -2.80000e+00       1.168e+08  4.653911e-01  0.000000e+00 -6.314182e-03  5.346089e-01
-7.00000e-01 -2.80000e+00       3.674e+08  3.585035e-01  0.000000e+00 -9.182430e-03  6.414965e-01
 0.00000e+00 -2.80000e+00       5.413e+08  3.211182e-01  0.000000e+00 -4.177969e-16  6.788818e-01
 7.00000e-01 -2.80000e+00       3.674e+08  3.585035e-01  0.000000e+00  9.182430e-03  6.414965e-01
 1.40000e+00 -2.80000e+00       1.168e+08  4.653911e-01  0.000000e+00  6.314182e-03  5.346089e-01
 2.10000e+00 -2.80000e+00       1.829e+07  6.439138e-01  0.000000e+00 -5.886596e-03  3.560862e-01
 2.80000e+00 -2.80000e+00       2.166e+06  9.301622e-01  0.000000e+00  3.266188e-03  6.983783e-02
 3.50000e+00 -2.80000e+00       3.226e+05  9.337602e-01  0.000000e+00  2.650375e-02  6.623983e-02
 4.20000e+00 -2.80000e+00       4.563e+04  9.937249e-01  0.000000e+00  3.188888e-02  6.275106e-03
 4.90000e+00 -2.80000e+00       8.370e+03  8.532327e-01  0.000000e+00  6.587084e-02  1.467673e-01
 5.60000e+00 -2.80000e+00       8.155e+02  6.244980e-01  0.000000e+00  1.370005e-01  3.755020e-01
 6.30000e+00 -2.80000e+00       5.291e+01  2.978589e-04  0.000000e+00 -1.971617e-01  9.997021e-01
 7.00000e+00 -2.80000e+00       1.975e+01 -2.391399e-01  0.000000e+00 -9.027875e-01  7.608601e-01
-7.00000e+00 -2.40000e+00       2.360e+01 -1.094290e-01  0.000000e+00  8.837731e-01  8.905710e-01
-6.30000e+00 -2.40000e+00       9.107e+01  3.327575e-02  0.000000e+00  5.109744e-03  9.667242e-01
-5.60000e+00 -2.40000e+00       1.797e+03  4.820882e-01  0.000000e+00 -2.472744e-01  5.179118e-01
-4.90000e+00 -2.40000e+00       5.772e+04  5.727976e-01  0.000000e+00 -2.145557e-01  4.272024e-01
-4.20000e+00 -2.40000e+00       1.980e+06  5.423840e-01  0.000000e+00 -2.119330e-01  4.576160e-01
-3.50000e+00 -2.40000e+00       3.097e+07  5.384315e-01  0.000000e+00 -1.891319e-01  4.615685e-01
-2.80000e+00 -2.40000e+00       2.003e+08  5.384241e-01  0.000000e+00 -1.578623e-01  4.615759e-01
-2.10000e+00 -2.40000e+00       6.128e+08  5.358781e-01  0.000000e+00 -1.168932e-01  4.641219e-01
-1.40000e+00 -2.40000e+00       1.090e+09  5.208565e-01  0.000000e+00 -7.244238e-02  4.791435e-01
-7.00000e-01 -2.40000e+00       1.255e+09  4.694432e-01  0.000000e+00 -3.813626e-02  5.305568e-01
 0.00000e+00 -2.40000e+00       1.166e+09  4.160685e-01  0.000000e+00 -2.204039e-16  5.839315e-01
 7.00000e-01 -2.40000e+00       1.255e+09  4.694432e-01  0.000000e+00  3.813626e-02  5.305568e-01
 1.40000e+00 -2.40000e+00       1.090e+09  5.208565e-01  0.000000e+00  7.244238e-02  4.791435e-01
 2.10000e+00 -2.40000e+00       6.128e+08  5.358781e-01  0.000000e+00  1.168932e-01  4.641219e-01
 2.80000e+00 -2.40000e+00       2.003e+08  5.384241e-01  0.000000e+00  1.578623e-01  4.615759e-01
 3.50000e+00 -2.40000e+00       3.097e+07  5.384315e-01  0.000000e+00  1.891319e-01  4.615685e-01
 4.20000e+00 -2.40000e+00       1.980e+06  5.423840e-01  0.000000e+00  2.119330e-01  4.576160e-01
 4.90000e+00 -2.40000e+00       5.772e+04  5.727976e-01  0.000000e+00  2.145557e-01  4.272024e-01
 5.60000e+00 -2.40000e+00       1.797e+03  4.820882e-01  0.000000e+00  2.472744e-01  5.179118e-01
 6.30000e+00 -2.40000e+00       9.107e+01  3.327575e-02  0.000000e+00 -5.109744e-03  9.667242e-01
 7.00000e+00 -2.40000e+00       2.360e+01 -1.094290e-01  0.000000e+00 -8.837731e-01  8.905710e-01
-7.00000e+00 -2.00000e+00       3.758e+01  6.371228e-02  0.000000e+00  4.822050e-01  9.362877e-01
-6.30000e+00 -2.00000e+00       1.829e+03  3.715309e-01  0.000000e+00 -4.275317e-01  6.284691e-01
-5.60000e+00 -2.00000e+00       1.276e+05  4.551755e-01  0.000000e+00 -4.249012e-01  5.448245e-01
-4.90000e+00 -2.00000e+00       3.528e+06  4.856274e-01  0.000000e+00 -3.945774e-01  5.143726e-01
-4.20000e+00 -2.00000e+00       3.930e+07  5.172804e-01  0.000000e+00 -3.399851e-01  4.827196e-01
-3.50000e+00 -2.00000e+00       2.158e+08  5.532265e-01  0.000000e+00 -2.596611e-01  4.467735e-01
-2.80000e+00 -2.00000e+00       6.846e+08  5.750126e-01  0.000000e+00 -1.816978e-01  4.249874e-01
-2.10000e+00 -2.00000e+00       1.388e+09  5.783819e-01  0.000000e+00 -1.143930e-01  4.216181e-01
-1.40000e+00 -2.00000e+00       2.052e+09  5.654910e-01  0.000000e+00 -6.144172e-02  4.345090e-01
-7.00000e-01 -2.00000e+00       2.184e+09  5.241461e-01  0.000000e+00 -2.993032e-02  4.758539e-01
 0.00000e+00 -2.00000e+00       1.965e+09  4.808365e-01  0.000000e+00 -6.156964e-16  5.191635e-01
 7.00000e-01 -2.00000e+00       2.184e+09  5.241461e-01  0.000000e+00  2.993032e-02  4.758539e-01
 1.40000e+00 -2.00000e+00       2.052e+09  5.654910e-01  0.000000e+00  6.144172e-02  4.345090e-01
 2.10000e+00 -2.00000e+00       1.388e+09  5.783819e-01  0.000000e+00  1.143930e-01  4.216181e-01
 2.80000e+00 -2.00000e+00       6.846e+08  5.750126e-01  0.000000e+00  1.816978e-01  4.249874e-01
 3.50000e+00 -2.00000e+00       2.158e+08  5.532265e-01  0.000000e+00  2.596611e-01  4.467735e-01
 4.20000e+00 -2.00000e+00       3.930e+07  5.172804e-01  0.000000e+00  3.399851e-01  4.827196e-01
 4.90000e+00 -2.00000e+00       3.528e+06  4.856274e-01  0.000000e+00  3.945774e-01  5.143726e-01
 5.60000e+00 -2.00000e+00       1.276e+05  4.551755e-01  0.000000e+00  4.249012e-01  5.448245e-01
 6.30000e+00 -2.00000e+00       1.829e+03  3.715309e-01  0.000000e+00  4.275317e-01  6.284691e-01
 7.00000e+00 -2.00000e+00       3.758e+01  6.371228e-02  0.000000e+00 -4.822050e-01  9.362877e-01
-7.00000e+00 -1.60000e+00       3.171e+01  1.708131e-01  0.000000e+00  6.202166e-01  8.291869e-01
-6.30000e+00 -1.60000e+00       4.414e+02  1.398664e-01  0.000000e+00 -4.027446e-01  8.601336e-01
-5.60000e+00 -1.60000e+00       8.389e+03  2.548308e-01  0.000000e+00 -4.424185e-01  7.451692e-01
-4.90000e+00 -1.60000e+00       9.647e+04  4.612349e-01  0.000000e+00 -2.632448e-01  5.387651e-01
-4.20000e+00 -1.60000e+00       2.755e+06  6.075855e-01  0.000000e+00 -9.291604e-02  3.924145e-01
-3.50000e+00 -1.60000e+00       7.161e+07  6.256998e-01  0.000000e+00 -6.777861e-02  3.743002e-01
-2.80000e+00 -1.60000e+00       6.820e+08  6.256536e-01  0.000000e+00 -5.706953e-02  3.743464e-01
-2.10000e+00 -1.60000e+00       2.420e+09  6.183821e-01  0.000000e+00 -3.590966e-02  3.816179e-01
-1.40000e+00 -1.60000e+00       4.473e+09  6.090746e-01  0.000000e+00 -1.285335e-02  3.909254e-01
-7.00000e-01 -1.60000e+00       6.561e+09  5.993161e-01  0.000000e+00 -9.000473e-03  4.006839e-01
 0.00000e+00 -1.60000e+00       7.782e+09  5.933427e-01  0.000000e+00 -1.465063e-15  4.066573e-01
 7.00000e-01 -1.60000e+00       6.561e+09  5.993161e-01  0.000000e+00  9.000473e-03  4.006839e-01
 1.40000e+00 -1.60000e+00       4.473e+09  6.090746e-01  0.000000e+00  1.285335e-02  3.909254e-01
 2.10000e+00 -1.60000e+00       2.420e+09  6.183821e-01  0.000000e+00  3.590966e-02  3.816179e-01
 2.80000e+00 -1.60000e+00       6.820e+08  6.256536e-01  0.000000e+00  5.706953e-02  3.743464e-01
 3.50000e+00 -1.60000e+00       7.161e+07  6.256998e-01  0.000000e+00  6.777861e-02  3.743002e-01
 4.20000e+00 -1.60000e+00       2.755e+06  6.075855e-01  0.000000e+00  9.291604e-02  3.924145e-01
 4.90000e+00 -1.60000e+00       9.647e+04  4.612349e-01  0.000000e+00  2.632448e-01  5.387651e-01
 5.60000e+00 -1.60000e+00       8.389e+03  2.548308e-01  0.000000e+00  4.424185e-01  7.451692e-01
 6.30000e+00 -1.60000e+00       4.414e+02  1.398664e-01  0.000000e+00  4.027446e-01  8.601336e-01
 7.00000e+00 -1.60000e+00       3.171e+01  1.708131e-01  0.000000e+00 -6.202166e-01  8.291869e-01
-7.00000e+00 -1.20000e+00       5.505e+01  5.025410e-01  0.000000e+00  4.868043e-01  4.974590e-01
-6.30000e+00 -1.20000e+00       4.079e+03  6.369839e-01  0.000000e+00 -1.898017e-01  3.630161e-01
-5.60000e+00 -1.20000e+00       3.239e+05  6.574607e-01  0.000000e+00 -1.946064e-01  3.425393e-01
-4.90000e+00 -1.20000e+00       1.038e+07  6.658254e-01  0.000000e+00 -1.552740e-01  3.341746e-01
-4.20000e+00 -1.20000e+00       1.530e+08  6.734195e-01  0.000000e+00 -9.099938e-02  3.265805e-01
-3.50000e+00 -1.20000e+00       1.234e+09  6.749983e-01  0.000000e+00 -3.260232e-02  3.250017e-01
-2.80000e+00 -1.20000e+00       5.971e+09  6.678110e-01  0.000000e+00  1.167342e-02  3.321890e-01
-2.10000e+00 -1.20000e+00       1.895e+10  6.700076e-01  0.000000e+00  6.328324e-02  3.299924e-01
-1.40000e+00 -1.20000e+00       4.481e+10  6.763656e-01  0.000000e+00  7.513235e-02  3.236344e-01
-7.00000e-01 -1.20000e+00       8.516e+10  6.511384e-01  0.000000e+00  2.309799e-02  3.488616e-01
 0.00000e+00 -1.20000e+00       1.115e+11  6.334627e-01  0.000000e+00  1.661663e-15  3.665373e-01
 7.00000e-01 -1.20000e+00       8.516e+10  6.511384e-01  0.000000e+00 -2.309799e-02  3.488616e-01
 1.40000e+00 -1.20000e+00       4.481e+10  6.763656e-01  0.000000e+00 -7.513235e-02  3.236344e-01
 2.10000e+00 -1.20000e+00       1.895e+10  6.700076e-01  0.000000e+00 -6.328324e-02  3.299924e-01
 2.80000e+00 -1.20000e+00       5.971e+09  6.678110e-01  0.000000e+00 -1.167342e-02  3.321890e-01
 3.50000e+00 -1.20000e+00       1.234e+09  6.749983e-01  0.000000e+00  3.260232e-02  3.250017e-01
 4.20000e+00 -1.20000e+00       1.530e+08  6.734195e-01  0.000000e+00  9.099938e-02  3.265805e-01
 4.90000e+00 -1.20000e+00       1.038e+07  6.658254e-01  0.000000e+00  1.552740e-01  3.341746e-01
 5.60000e+00 -1.20000e+00       3.239e+05  6.574607e-01  0.000000e+00  1.946064e-01  3.425393e-01
 6.30000e+00 -1.20000e+00       4.079e+03  6.369839e-01  0.000000e+00  1.898017e-01  3.630161e-01
 7.00000e+00 -1.20000e+00       5.505e+01  5.025410e-01  0.000000e+00 -4.868043e-01  4.974590e-01
-7.00000e+00 -8.00000e-01       7.731e+02  8.510342e-01  0.000000e+00 -1.531603e-02  1.489658e-01
-6.30000e+00 -8.00000e-01       9.180e+04  8.406166e-01  0.000000e+00 -2.037376e-02  1.593834e-01
-5.60000e+00 -8.00000e-01       5.437e+06  8.204624e-01  0.000000e+00 -2.884958e-02  1.795376e-01
-4.90000e+00 -8.00000e-01       1.585e+08  8.065994e-01  0.000000e+00 -2.430565e-02  1.934006e-01
-4.20000e+00 -8.00000e-01       2.273e+09  7.942922e-01  0.000000e+00 -1.345261e-02  2.057078e-01
-3.50000e+00 -8.00000e-01       1.778e+10  7.854568e-01  0.000000e+00 -1.547650e-02  2.145432e-01
-2.80000e+00 -8.00000e-01       8.663e+10  7.857293e-01  0.000000e+00 -3.216152e-02  2.142707e-01
-2.10000e+00 -8.00000e-01       2.682e+11  7.851948e-01  0.000000e+00 -8.694549e-02  2.148052e-01
-1.40000e+00 -8.00000e-01       5.368e+11  7.861221e-01  0.000000e+00 -1.777987e-01  2.138779e-01
-7.00000e-01 -8.00000e-01       7.333e+11  8.142279e-01  0.000000e+00 -1.806657e-01  1.857721e-01
 0.00000e+00 -8.00000e-01       7.625e+11  8.386946e-01  0.000000e+00  4.515644e-15  1.613054e-01
 7.00000e-01 -8.00000e-01       7.333e+11  8.142279e-01  0.000000e+00  1.806657e-01  1.857721e-01
 1.40000e+00 -8.00000e-01       5.368e+11  7.861221e-01  0.000000e+00  1.777987e-01  2.138779e-01
 2.10000e+00 -8.00000e-01       2.682e+11  7.851948e-01  0.000000e+00  8.694549e-02  2.148052e-01
 2.80000e+00 -8.00000e-01       8.663e+10  7.857293e-01  0.000000e+00  3.216152e-02  2.142707e-01
 3.50000e+00 -8.00000e-01       1.778e+10  7.854568e-01  0.000000e+00  1.547650e-02  2.145432e-01
 4.20000e+00 -8.00000e-01       2.273e+09  7.942922e-01  0.000000e+00  1.345261e-02  2.057078e-01
 4.90000e+00 -8.00000e-01       1.585e+08  8.065994e-01  0.000000e+00  2.430565e-02  1.934006e-01
 5.60000e+00 -8.00000e-01       5.437e+06  8.204624e-01  0.000000e+00  2.884958e-02  1.795376e-01
 6.30000e+00 -8.00000e-01       9.180e+04  8.406166e-01  0.000000e+00  2.037376e-02  1.593834e-01
 7.00000e+00 -8.00000e-01       7.731e+02  8.510342e-01  0.000000e+00  1.531603e-02  1.489658e-01
-7.00000e+00 -4.00000e-01       5.693e+03  9.118917e-01  0.000000e+00 -7.846408e-02  8.810835e-02
-6.30000e+00 -4.00000e-01       7.156e+05  9.255110e-01  0.000000e+00 -5.780947e-02  7.448896e-02
-5.60000e+00 -4.00000e-01       3.998e+07  9.274999e-01  0.000000e+00 -2.050873e-02  7.250010e-02
-4.90000e+00 -4.00000e-01       1.102e+09  9.285137e-01  0.000000e+00 -2.774836e-03  7.148626e-02
-4.20000e+00 -4.00000e-01       1.556e+10  9.301608e-01  0.000000e+00  4.444153e-03  6.983924e-02
-3.50000e+00 -4.00000e-01       1.137e+11  9.283250e-01  0.000000e+00  9.199916e-03  7.167504e-02
-2.80000e+00 -4.00000e-01       4.680e+11  9.249954e-01  0.000000e+00  8.142516e-03  7.500463e-02
-2.10000e+00 -4.00000e-01       1.232e+12  9.196625e-01  0.000000e+00 -4.490992e-03  8.033747e-02
-1.40000e+00 -4.00000e-01       2.648e+12  9.186727e-01  0.000000e+00 -1.342953e-02  8.132727e-02
-7.00000e-01 -4.00000e-01       5.920e+12  9.320474e-01  0.000000e+00 -1.886006e-03  6.795263e-02
 0.00000e+00 -4.00000e-01       8.626e+12  9.377040e-01  0.000000e+00 -2.477841e-16  6.229602e-02
 7.00000e-01 -4.00000e-01       5.920e+12  9.320474e-01  0.000000e+00  1.886006e-03  6.795263e-02
 1.40000e+00 -4.00000e-01       2.648e+12  9.186727e-01  0.000000e+00  1.342953e-02  8.132727e-02
 2.10000e+00 -4.00000e-01       1.232e+12  9.196625e-01  0.000000e+00  4.490992e-03  8.033747e-02
 2.80000e+00 -4.00000e-01       4.680e+11  9.249954e-01  0.000000e+00 -8.142516e-03  7.500463e-02
 3.50000e+00 -4.00000e-01       1.137e+11  9.283250e-01  0.000000e+00 -9.199916e-03  7.167504e-02
 4.20000e+00 -4.00000e-01       1.556e+10  9.301608e-01  0.000000e+00 -4.444153e-03  6.983924e-02
 4.90000e+00 -4.00000e-01       1.102e+09  9.285137e-01  0.000000e+00  2.774836e-03  7.148626e-02
 5.60000e+00 -4.00000e-01       3.998e+07  9.274999e-01  0.000000e+00  2.050873e-02  7.250010e-02
 6.30000e+00 -4.00000e-01       7.156e+05  9.255110e-01  0.000000e+00  5.780947e-02  7.448896e-02
 7.00000e+00 -4.00000e-01       5.693e+03  9.118917e-01  0.000000e+00  7.846408e-02  8.810835e-02
-7.00000e+00  0.00000e+00       1.099e+04  9.998957e-01  0.000000e+00  3.766574e-12  1.042751e-04
-6.30000e+00  0.00000e+00       1.396e+06  9.999278e-01  0.000000e+00 -6.952273e-15  7.216685e-05
-5.60000e+00  0.00000e+00       8.001e+07  9.999471e-01  0.000000e+00 -1.848952e-13  5.287467e-05
-4.90000e+00  0.00000e+00       2.111e+09  9.999539e-01  0.000000e+00 -1.515843e-12  4.614341e-05
-4.20000e+00  0.00000e+00       2.757e+10  9.999572e-01  0.000000e+00 -7.561016e-12  4.277901e-05
-3.50000e+00  0.00000e+00       1.940e+11  9.999599e-01  0.000000e+00 -2.124176e-11  4.007976e-05
-2.80000e+00  0.00000e+00       8.339e+11  9.999623e-01  0.000000e+00 -2.966302e-11  3.771432e-05
-2.10000e+00  0.00000e+00       2.483e+12  9.999690e-01  0.000000e+00 -1.761519e-11  3.095147e-05
-1.40000e+00  0.00000e+00       5.372e+12  9.999800e-01  0.000000e+00 -2.551526e-12  2.001263e-05
-7.00000e-01  0.00000e+00       7.556e+12  9.999935e-01  0.000000e+00  1.904370e-12  6.540628e-06
 0.00000e+00  0.00000e+00       7.675e+12  9.999936e-01  0.000000e+00  5.767492e-19  6.431078e-06
 7.00000e-01  0.00000e+00       7.556e+12  9.999935e-01  0.000000e+00 -1.904365e-12  6.540628e-06
 1.40000e+00  0.00000e+00       5.372e+12  9.999800e-01  0.000000e+00  2.551534e-12  2.001263e-05
 2.10000e+00  0.00000e+00       2.483e+12  9.999690e-01  0.000000e+00  1.761519e-11  3.095147e-05
 2.80000e+00  0.00000e+00       8.339e+11  9.999623e-01  0.000000e+00  2.966303e-11  3.771432e-05
 3.50000e+00  0.00000e+00       1.940e+11  9.999599e-01  0.000000e+00  2.124178e-11  4.007976e-05
 4.20000e+00  0.00000e+00       2.757e+10  9.999572e-01  0.000000e+00  7.561032e-12  4.277901e-05
 4.90000e+00  0.00000e+00       2.111e+09  9.999539e-01  0.000000e+00  1.515892e-12  4.614341e-05
 5.60000e+00  0.00000e+00       8.001e+07  9.999471e-01  0.000000e+00  1.853966e-13  5.287467e-05
 6.30000e+00  0.00000e+00       1.396e+06  9.999278e-01  0.000000e+00  3.956357e-14  7.216685e-05
 7.00000e+00  0.00000e+00       1.099e+04  9.998957e-01  0.000000e+00 -3.501794e-12  1.042751e-04
-7.00000e+00  4.00000e-01       5.693e+03  9.118917e-01  0.000000e+00  7.846408e-02  8.810835e-02
-6.30000e+00  4.00000e-01       7.156e+05  9.255110e-01  0.000000e+00  5.780947e-02  7.448896e-02
-5.60000e+00  4.00000e-01       3.998e+07  9.274999e-01  0.000000e+00  2.050873e-02  7.250010e-02
-4.90000e+00  4.00000e-01       1.102e+09  9.285137e-01  0.000000e+00  2.774836e-03  7.148626e-02
-4.20000e+00  4.00000e-01       1.556e+10  9.301608e-01  0.000000e+00 -4.444153e-03  6.983924e-02
-3.50000e+00  4.00000e-01       1.137e+11  9.283250e-01  0.000000e+00 -9.199916e-03  7.167504e-02
-2.80000e+00  4.00000e-01       4.680e+11  9.249954e-01  0.000000e+00 -8.142516e-03  7.500463e-02
-2.10000e+00  4.00000e-01       1.232e+12  9.196625e-01  0.000000e+00  4.490992e-03  8.033747e-02
-1.40000e+00  4.00000e-01       2.648e+12  9.186727e-01  0.000000e+00  1.342953e-02  8.132727e-02
-7.00000e-01  4.00000e-01       5.920e+12  9.320474e-01  0.000000e+00  1.886006e-03  6.795263e-02
 0.00000e+00  4.00000e-01       8.626e+12  9.377040e-01  0.000000e+00  2.458610e-16  6.229602e-02
 7.00000e-01  4.00000e-01       5.920e+12  9.320474e-01  0.000000e+00 -1.886006e-03  6.795263e-02
 1.40000e+00  4.00000e-01       2.648e+12  9.186727e-01  0.000000e+00 -1.342953e-02  8.132727e-02
 2.10000e+00  4.00000e-01       1.232e+12  9.196625e-01  0.000000e+00 -4.490992e-03  8.033747e-02
 2.80000e+00  4.00000e-01       4.680e+11  9.249954e-01  0.000000e+00  8.142516e-03  7.500463e-02
 3.50000e+00  4.00000e-01       1.137e+11  9.283250e-01  0.000000e+00  9.199916e-03  7.167504e-02
 4.20000e+00  4.00000e-01       1.556e+10  9.301608e-01  0.000000e+00  4.444153e-03  6.983924e-02
 4.90000e+00  4.00000e-01       1.102e+09  9.285137e-01  0.000000e+00 -2.774836e-03  7.148626e-02
 5.60000e+00  4.00000e-01       3.998e+07  9.274999e-01  0.000000e+00 -2.050873e-02  7.250010e-02
 6.30000e+00  4.00000e-01       7.156e+05  9.255110e-01  0.000000e+00 -5.780947e-02  7.448896e-02
 7.00000e+00  4.00000e-01       5.693e+03  9.118917e-01  0.000000e+00 -7.846408e-02  8.810835e-02
-7.00000e+00  8.00000e-01       7.731e+02  8.510342e-01  0.000000e+00  1.531604e-02  1.489658e-01
-6.30000e+00  8.00000e-01       9.180e+04  8.406166e-01  0.000000e+00  2.037376e-02  1.593834e-01
-5.60000e+00  8.00000e-01       5.437e+06  8.204624e-01  0.000000e+00  2.884958e-02  1.795376e-01
-4.90000e+00  8.00000e-01       1.585e+08  8.065994e-01  0.000000e+00  2.430565e-02  1.934006e-01
-4.20000e+00  8.00000e-01       2.273e+09  7.942922e-01  0.000000e+00  1.345261e-02  2.057078e-01
-3.50000e+00  8.00000e-01       1.778e+10  7.854568e-01  0.000000e+00  1.547650e-02  2.145432e-01
-2.80000e+00  8.00000e-01       8.663e+10  7.857293e-01  0.000000e+00  3.216152e-02  2.142707e-01
-2.10000e+00  8.00000e-01       2.682e+11  7.851948e-01  0.000000e+00  8.694549e-02  2.148052e-01
-1.40000e+00  8.00000e-01       5.368e+11  7.861221e-01  0.000000e+00  1.777987e-01  2.138779e-01
-7.00000e-01  8.00000e-01       7.333e+11  8.142279e-01  0.000000e+00  1.806657e-01  1.857721e-01
 0.00000e+00  8.00000e-01       7.625e+11  8.386946e-01  0.000000e+00  1.090541e-14  1.613054e-01
 7.00000e-01  8.00000e-01       7.333e+11  8.142279e-01  0.000000e+00 -1.806657e-01  1.857721e-01
 1.40000e+00  8.00000e-01       5.368e+11  7.861221e-01  0.000000e+00 -1.777987e-01  2.138779e-01
 2.10000e+00  8.00000e-01       2.682e+11  7.851948e-01  0.000000e+00 -8.694549e-02  2.148052e-01
 2.80000e+00  8.00000e-01       8.663e+10  7.857293e-01  0.000000e+00 -3.216152e-02  2.142707e-01
 3.50000e+00  8.00000e-01       1.778e+10  7.854568e-01  0.000000e+00 -1.547650e-02  2.145432e-01
 4.20000e+00  8.00000e-01       2.273e+09  7.942922e-01  0.000000e+00 -1.345261e-02  2.057078e-01
 4.90000e+00  8.00000e-01       1.585e+08  8.065994e-01  0.000000e+00 -2.430565e-02  1.934006e-01
 5.60000e+00  8.00000e-01       5.437e+06  8.204624e-01  0.000000e+00 -2.884958e-02  1.795376e-01
 6.30000e+00  8.00000e-01       9.180e+04  8.406166e-01  0.000000e+00 -2.037376e-02  1.593834e-01
 7.00000e+00  8.00000e-01       7.731e+02  8.510343e-01  0.000000e+00 -1.531604e-02  1.489657e-01
-7.00000e+00  1.20000e+00       5.505e+01  5.025411e-01  0.000000e+00 -4.868042e-01  4.974589e-01
-6.30000e+00  1.20000e+00       4.079e+03  6.369839e-01  0.000000e+00  1.898017e-01  3.630161e-01
-5.60000e+00  1.20000e+00       3.239e+05  6.574607e-01  0.000000e+00  1.946064e-01  3.425393e-01
-4.90000e+00  1.20000e+00       1.038e+07  6.658254e-01  0.000000e+00  1.552740e-01  3.341746e-01
-4.20000e+00  1.20000e+00       1.530e+08  6.734195e-01  0.000000e+00  9.099938e-02  3.265805e-01
-3.50000e+00  1.20000e+00       1.234e+09  6.749983e-01  0.000000e+00  3.260231e-02  3.250017e-01
-2.80000e+00  1.20000e+00       5.971e+09  6.678110e-01  0.000000e+00 -1.167343e-02  3.321890e-01
-2.10000e+00  1.20000e+00       1.895e+10  6.700076e-01  0.000000e+00 -6.328325e-02  3.299924e-01
-1.40000e+00  1.20000e+00       4.481e+10  6.763656e-01  0.000000e+00 -7.513235e-02  3.236344e-01
-7.00000e-01  1.20000e+00       8.516e+10  6.511384e-01  0.000000e+00 -2.309799e-02  3.488616e-01
 0.00000e+00  1.20000e+00       1.115e+11  6.334627e-01  0.000000e+00 -1.106769e-15  3.665373e-01
 7.00000e-01  1.20000e+00       8.516e+10  6.511384e-01  0.000000e+00  2.309799e-02  3.488616e-01
 1.40000e+00  1.20000e+00       4.481e+10  6.763656e-01  0.000000e+00  7.513235e-02  3.236344e-01
 2.10000e+00  1.20000e+00       1.895e+10  6.700076e-01  0.000000e+00  6.328325e-02  3.299924e-01
 2.80000e+00  1.20000e+00       5.971e+09  6.678110e-01  0.000000e+00  1.167343e-02  3.321890e-01
 3.50000e+00  1.20000e+00       1.234e+09  6.749983e-01  0.000000e+00 -3.260231e-02  3.250017e-01
 4.20000e+00  1.20000e+00       1.530e+08  6.734195e-01  0.000000e+00 -9.099938e-02  3.265805e-01
 4.90000e+00  1.20000e+00       1.038e+07  6.658254e-01  0.000000e+00 -1.552740e-01  3.341746e-01
 5.60000e+00  1.20000e+00       3.239e+05  6.574607e-01  0.000000e+00 -1.946064e-01  3.425393e-01
 6.30000e+00  1.20000e+00       4.079e+03  6.369839e-01  0.000000e+00 -1.898017e-01  3.630161e-01
 7.00000e+00  1.20000e+00       5.505e+01  5.025411e-01  0.000000e+00  4.868042e-01  4.974589e-01
-7.00000e+00  1.60000e+00       3.171e+01  1.708131e-01  0.000000e+00 -6.202166e-01  8.291869e-01
-6.30000e+00  1.60000e+00       4.414e+02  1.398664e-01  0.000000e+00  4.027446e-01  8.601336e-01
-5.60000e+00  1.60000e+00       8.389e+03  2.548308e-01  0.000000e+00  4.424185e-01  7.451692e-01
-4.90000e+00  1.60000e+00       9.647e+04  4.612349e-01  0.000000e+00  2.632448e-01  5.387651e-01
-4.20000e+00  1.60000e+00       2.755e+06  6.075855e-01  0.000000e+00  9.291586e-02  3.924145e-01
-3.50000e+00  1.60000e+00       7.161e+07  6.256998e-01  0.000000e+00  6.777848e-02  3.743002e-01
-2.80000e+00  1.60000e+00       6.820e+08  6.256536e-01  0.000000e+00  5.706944e-02  3.743464e-01
-2.10000e+00  1.60000e+00       2.420e+09  6.183821e-01  0.000000e+00  3.590962e-02  3.816179e-01
-1.40000e+00  1.60000e+00       4.473e+09  6.090746e-01  0.000000e+00  1.285335e-02  3.909254e-01
-7.00000e-01  1.60000e+00       6.561e+09  5.993161e-01  0.000000e+00  9.000479e-03  4.006839e-01
 0.00000e+00  1.60000e+00       7.782e+09  5.933427e-01  0.000000e+00  1.298024e-15  4.066573e-01
 7.00000e-01  1.60000e+00       6.561e+09  5.993161e-01  0.000000e+00 -9.000479e-03  4.006839e-01
 1.40000e+00  1.60000e+00       4.473e+09  6.090746e-01  0.000000e+00 -1.285335e-02  3.909254e-01
 2.10000e+00  1.60000e+00       2.420e+09  6.183821e-01  0.000000e+00 -3.590962e-02  3.816179e-01
 2.80000e+00  1.60000e+00       6.820e+08  6.256536e-01  0.000000e+00 -5.706944e-02  3.743464e-01
 3.50000e+00  1.60000e+00       7.161e+07  6.256998e-01  0.000000e+00 -6.777848e-02  3.743002e-01
 4.20000e+00  1.60000e+00       2.755e+06  6.075855e-01  0.000000e+00 -9.291586e-02  3.924145e-01
 4.90000e+00  1.60000e+00       9.647e+04  4.612349e-01  0.000000e+00 -2.632448e-01  5.387651e-01
 5.60000e+00  1.60000e+00       8.389e+03  2.548308e-01  0.000000e+00 -4.424185e-01  7.451692e-01
 6.30000e+00  1.60000e+00       4.414e+02  1.398664e-01  0.000000e+00 -4.027446e-01  8.601336e-01
 7.00000e+00  1.60000e+00       3.171e+01  1.708131e-01  0.000000e+00  6.202166e-01  8.291869e-01
-7.00000e+00  2.00000e+00       3.758e+01  6.371228e-02  0.000000e+00 -4.822050e-01  9.362877e-01
-6.30000e+00  2.00000e+00       1.829e+03  3.715309e-01  0.000000e+00  4.275317e-01  6.284691e-01
-5.60000e+00  2.00000e+00       1.276e+05  4.551755e-01  0.000000e+00  4.249012e-01  5.448245e-01
-4.90000e+00  2.00000e+00       3.528e+06  4.856274e-01  0.000000e+00  3.945774e-01  5.143726e-01
-4.20000e+00  2.00000e+00       3.930e+07  5.172804e-01  0.000000e+00  3.399851e-01  4.827196e-01
-3.50000e+00  2.00000e+00       2.158e+08  5.532265e-01  0.000000e+00  2.596610e-01  4.467735e-01
-2.80000e+00  2.00000e+00       6.846e+08  5.750126e-01  0.000000e+00  1.816977e-01  4.249874e-01
-2.10000e+00  2.00000e+00       1.388e+09  5.783819e-01  0.000000e+00  1.143929e-01  4.216181e-01
-1.40000e+00  2.00000e+00       2.052e+09  5.654910e-01  0.000000e+00  6.144170e-02  4.345090e-01
-7.00000e-01  2.00000e+00       2.184e+09  5.241461e-01  0.000000e+00  2.993034e-02  4.758539e-01
 0.00000e+00  2.00000e+00       1.965e+09  4.808365e-01  0.000000e+00  7.249443e-17  5.191635e-01
 7.00000e-01  2.00000e+00       2.184e+09  5.241461e-01  0.000000e+00 -2.993034e-02  4.758539e-01
 1.40000e+00  2.00000e+00       2.052e+09  5.654910e-01  0.000000e+00 -6.144170e-02  4.345090e-01
 2.10000e+00  2.00000e+00       1.388e+09  5.783819e-01  0.000000e+00 -1.143929e-01  4.216181e-01
 2.80000e+00  2.00000e+00       6.846e+08  5.750126e-01  0.000000e+00 -1.816977e-01  4.249874e-01
 3.50000e+00  2.00000e+00       2.158e+08  5.532265e-01  0.000000e+00 -2.596610e-01  4.467735e-01
 4.20000e+00  2.00000e+00       3.930e+07  5.172804e-01  0.000000e+00 -3.399851e-01  4.827196e-01
 4.90000e+00  2.00000e+00       3.528e+06  4.856274e-01  0.000000e+00 -3.945774e-01  5.143726e-01
 5.60000e+00  2.00000e+00       1.276e+05  4.551755e-01  0.000000e+00 -4.249012e-01  5.448245e-01
 6.30000e+00  2.00000e+00       1.829e+03  3.715309e-01  0.000000e+00 -4.275317e-01  6.284691e-01
 7.00000e+00  2.00000e+00       3.758e+01  6.371227e-02  0.000000e+00  4.822050e-01  9.362877e-01
-7.00000e+00  2.40000e+00       2.360e+01 -1.094290e-01  0.000000e+00 -8.837731e-01  8.905710e-01
-6.30000e+00  2.40000e+00       9.107e+01  3.327575e-02  0.000000e+00 -5.109745e-03  9.667243e-01
-5.60000e+00  2.40000e+00       1.797e+03  4.820882e-01  0.000000e+00  2.472744e-01  5.179118e-01
-4.90000e+00  2.40000e+00       5.772e+04  5.727977e-01  0.000000e+00  2.145556e-01  4.272023e-01
-4.20000e+00  2.40000e+00       1.980e+06  5.423841e-01  0.000000e+00  2.119327e-01  4.576159e-01
-3.50000e+00  2.40000e+00       3.097e+07  5.384316e-01  0.000000e+00  1.891315e-01  4.615684e-01
-2.80000e+00  2.40000e+00       2.003e+08  5.384241e-01  0.000000e+00  1.578619e-01  4.615759e-01
-2.10000e+00  2.40000e+00       6.128e+08  5.358781e-01  0.000000e+00  1.168930e-01  4.641219e-01
-1.40000e+00  2.40000e+00       1.090e+09  5.208565e-01  0.000000e+00  7.244234e-02  4.791435e-01
-7.00000e-01  2.40000e+00       1.255e+09  4.694432e-01  0.000000e+00  3.813629e-02  5.305568e-01
 0.00000e+00  2.40000e+00       1.166e+09  4.160686e-01  0.000000e+00 -3.890693e-16  5.839314e-01
 7.00000e-01  2.40000e+00       1.255e+09  4.694432e-01  0.000000e+00 -3.813629e-02  5.305568e-01
 1.40000e+00  2.40000e+00       1.090e+09  5.208565e-01  0.000000e+00 -7.244234e-02  4.791435e-01
 2.10000e+00  2.40000e+00       6.128e+08  5.358781e-01  0.000000e+00 -1.168930e-01  4.641219e-01
 2.80000e+00  2.40000e+00       2.003e+08  5.384241e-01  0.000000e+00 -1.578619e-01  4.615759e-01
 3.50000e+00  2.40000e+00       3.097e+07  5.384316e-01  0.000000e+00 -1.891315e-01  4.615684e-01
 4.20000e+00  2.40000e+00       1.980e+06  5.423841e-01  0.000000e+00 -2.119327e-01  4.576159e-01
 4.90000e+00  2.40000e+00       5.772e+04  5.727977e-01  0.000000e+00 -2.145556e-01  4.272023e-01
 5.60000e+00  2.40000e+00       1.797e+03  4.820882e-01  0.000000e+00 -2.472744e-01  5.179118e-01
 6.30000e+00  2.40000e+00       9.107e+01  3.327575e-02  0.000000e+00  5.109745e-03  9.667242e-01
 7.00000e+00  2.40000e+00       2.360e+01 -1.094290e-01  0.000000e+00  8.837731e-01  8.905710e-01
-7.00000e+00  2.80000e+00       1.975e+01 -2.391399e-01  0.000000e+00 -9.027875e-01  7.608601e-01
-6.30000e+00  2.80000e+00       5.291e+01  2.978492e-04  0.000000e+00 -1.971617e-01  9.997022e-01
-5.60000e+00  2.80000e+00       8.155e+02  6.244980e-01  0.000000e+00  1.370004e-01  3.755020e-01
-4.90000e+00  2.80000e+00       8.369e+03  8.532339e-01  0.000000e+00  6.586923e-02  1.467661e-01
-4.20000e+00  2.80000e+00       4.562e+04  9.937061e-01  0.000000e+00  3.186792e-02  6.293928e-03
-3.50000e+00  2.80000e+00       3.226e+05  9.337080e-01  0.000000e+00  2.644588e-02  6.629205e-02
-2.80000e+00  2.80000e+00       2.166e+06  9.301947e-01  0.000000e+00  3.215859e-03  6.980530e-02
-2.10000e+00  2.80000e+00       1.829e+07  6.439149e-01  0.000000e+00 -5.895934e-03  3.560851e-01
-1.40000e+00  2.80000e+00       1.168e+08  4.653914e-01  0.000000e+00  6.314143e-03  5.346086e-01
-7.00000e-01  2.80000e+00       3.674e+08  3.585042e-01  0.000000e+00  9.182708e-03  6.414958e-01
 0.00000e+00  2.80000e+00       5.413e+08  3.211189e-01  0.000000e+00 -5.264937e-16  6.788811e-01
 7.00000e-01  2.80000e+00       3.674e+08  3.585042e-01  0.000000e+00 -9.182708e-03  6.414958e-01
 1.40000e+00  2.80000e+00       1.168e+08  4.653914e-01  0.000000e+00 -6.314143e-03  5.346086e-01
 2.10000e+00  2.80000e+00       1.829e+07  6.439149e-01  0.000000e+00  5.895934e-03  3.560851e-01
 2.80000e+00  2.80000e+00       2.166e+06  9.301947e-01  0.000000e+00 -3.215859e-03  6.980530e-02
 3.50000e+00  2.80000e+00       3.226e+05  9.337080e-01  0.000000e+00 -2.644588e-02  6.629205e-02
 4.20000e+00  2.80000e+00       4.562e+04  9.937061e-01  0.000000e+00 -3.186792e-02  6.293928e-03
 4.90000e+00  2.80000e+00       8.369e+03  8.532339e-01  0.000000e+00 -6.586923e-02  1.467661e-01
 5.60000e+00  2.80000e+00       8.155e+02  6.244980e-01  0.000000e+00 -1.370004e-01  3.755020e-01
 6.30000e+00  2.80000e+00       5.291e+01  2.978504e-04  0.000000e+00  1.971617e-01  9.997021e-01
 7.00000e+00  2.80000e+00       1.975e+01 -2.391399e-01  0.000000e+00  9.027875e-01  7.608601e-01
-7.00000e+00  3.20000e+00       1.496e+01 -4.295078e-01  0.000000e+00 -8.478258e-01  5.704922e-01
-6.30000e+00  3.20000e+00       4.173e+01 -9.825460e-02  0.000000e+00 -2.916111e-01  9.017454e-01
-5.60000e+00  3.20000e+00       5.958e+02  6.662829e-01  0.000000e+00  8.493869e-02  3.337171e-01
-4.90000e+00  3.20000e+00       6.471e+03  8.808634e-01  0.000000e+00  4.444422e-02  1.191366e-01
-4.20000e+00  3.20000e+00       3.674e+04  9.988724e-01  0.000000e+00  3.011318e-02  1.127648e-03
-3.50000e+00  3.20000e+00       2.576e+05  9.383652e-01  0.000000e+00  2.739384e-02  6.163477e-02
-2.80000e+00  3.20000e+00       1.429e+06  9.565730e-01  0.000000e+00 -2.198236e-03  4.342701e-02
-2.10000e+00  3.20000e+00       5.759e+06  8.757467e-01  0.000000e+00 -5.944451e-02  1.242533e-01
-1.40000e+00  3.20000e+00       2.467e+07  3.840926e-01  0.000000e+00 -5.323516e-02  6.159074e-01
-7.00000e-01  3.20000e+00       9.147e+07  5.391022e-02  0.000000e+00 -1.140599e-02  9.460898e-01
 0.00000e+00  3.20000e+00       1.550e+08  5.616186e-03  0.000000e+00 -1.746568e-15  9.943838e-01
 7.00000e-01  3.20000e+00       9.147e+07  5.391022e-02  0.000000e+00  1.140599e-02  9.460898e-01
 1.40000e+00  3.20000e+00       2.467e+07  3.840926e-01  0.000000e+00  5.323516e-02  6.159074e-01
 2.10000e+00  3.20000e+00       5.759e+06  8.757467e-01  0.000000e+00  5.944451e-02  1.242533e-01
 2.80000e+00  3.20000e+00       1.429e+06  9.565730e-01  0.000000e+00  2.198236e-03  4.342701e-02
 3.50000e+00  3.20000e+00       2.576e+05  9.383652e-01  0.000000e+00 -2.739384e-02  6.163477e-02
 4.20000e+00  3.20000e+00       3.674e+04  9.988724e-01  0.000000e+00 -3.011318e-02  1.127648e-03
 4.90000e+00  3.20000e+00       6.471e+03  8.808634e-01  0.000000e+00 -4.444422e-02  1.191366e-01
 5.60000e+00  3.20000e+00       5.958e+02  6.662829e-01  0.000000e+00 -8.493869e-02  3.337171e-01
 6.30000e+00  3.20000e+00       4.173e+01 -9.825460e-02  0.000000e+00  2.916111e-01  9.017454e-01
 7.00000e+00  3.20000e+00       1.496e+01 -4.295078e-01  0.000000e+00  8.478258e-01  5.704922e-01
-7.00000e+00  3.60000e+00       1.131e+01 -6.055422e-01  0.000000e+00 -7.555964e-01  3.944578e-01
-6.30000e+00  3.60000e+00       3.402e+01 -1.510781e-01  0.000000e+00 -3.300814e-01  8.489219e-01
-5.60000e+00  3.60000e+00       4.663e+02  7.152933e-01  0.000000e+00  5.710132e-02  2.847067e-01
-4.90000e+00  3.60000e+00       5.263e+03  9.050781e-01  0.000000e+00  3.096973e-02  9.492191e-02
-4.20000e+00  3.60000e+00       3.061e+04  9.941577e-01  0.000000e+00  2.438767e-02  5.842280e-03
-3.50000e+00  3.60000e+00       2.145e+05  9.414555e-01  0.000000e+00  2.348757e-02  5.854448e-02
-2.80000e+00  3.60000e+00       1.224e+06  9.877728e-01  0.000000e+00  1.195290e-03  1.222722e-02
-2.10000e+00  3.60000e+00       7.189e+06  7.493691e-01  0.000000e+00 -1.856631e-02  2.506309e-01
-1.40000e+00  3.60000e+00       4.540e+07  4.459112e-01  0.000000e+00  1.740976e-03  5.540888e-01
-7.00000e-01  3.60000e+00       1.608e+08  2.888557e-01  0.000000e+00  1.061295e-02  7.111443e-01
 0.00000e+00  3.60000e+00       2.483e+08  2.443368e-01  0.000000e+00 -4.230903e-16  7.556632e-01
 7.00000e-01  3.60000e+00       1.608e+08  2.888557e-01  0.000000e+00 -1.061295e-02  7.111443e-01
 1.40000e+00  3.60000e+00       4.540e+07  4.459112e-01  0.000000e+00 -1.740976e-03  5.540888e-01
 2.10000e+00  3.60000e+00       7.189e+06  7.493691e-01  0.000000e+00  1.856631e-02  2.506309e-01
 2.80000e+00  3.60000e+00       1.224e+06  9.877728e-01  0.000000e+00 -1.195290e-03  1.222722e-02
 3.50000e+00  3.60000e+00       2.145e+05  9.414555e-01  0.000000e+00 -2.348757e-02  5.854448e-02
 4.20000e+00  3.60000e+00       3.061e+04  9.941577e-01  0.000000e+00 -2.438767e-02  5.842280e-03
 4.90000e+00  3.60000e+00       5.263e+03  9.050781e-01  0.000000e+00 -3.096973e-02  9.492191e-02
 5.60000e+00  3.60000e+00       4.663e+02  7.152933e-01  0.000000e+00 -5.710132e-02  2.847067e-01
 6.30000e+00  3.60000e+00       3.402e+01 -1.510781e-01  0.000000e+00  3.300814e-01  8.489219e-01
 7.00000e+00  3.60000e+00       1.131e+01 -6.055422e-01  0.000000e+00  7.555964e-01  3.944578e-01
-7.00000e+00  4.00000e+00       2.366e+00 -7.886424e-01  0.000000e+00 -4.444200e-01  2.113576e-01
-6.30000e+00  4.00000e+00       2.267e+01 -1.175762e-01  0.000000e+00 -1.434631e-01  8.824238e-01
-5.60000e+00  4.00000e+00       3.952e+02  7.094869e-01  0.000000e+00  3.759976e-02  2.905131e-01
-4.90000e+00  4.00000e+00       4.490e+03  9.116065e-01  0.000000e+00  2.290162e-02  8.839353e-02
-4.20000e+00  4.00000e+00       2.632e+04  9.928524e-01  0.000000e+00  1.994497e-02  7.147585e-03
-3.50000e+00  4.00000e+00       1.844e+05  9.416757e-01  0.000000e+00  1.927876e-02  5.832432e-02
-2.80000e+00  4.00000e+00       1.059e+06  9.912987e-01  0.000000e+00  2.842881e-03  8.701272e-03
-2.10000e+00  4.00000e+00       6.148e+06  7.584164e-01  0.000000e+00 -5.246015e-03  2.415836e-01
-1.40000e+00  4.00000e+00       3.358e+07  4.534340e-01  0.000000e+00  1.641338e-02  5.465660e-01
-7.00000e-01  4.00000e+00       9.794e+07  2.265870e-01  0.000000e+00  2.287474e-02  7.734130e-01
 0.00000e+00  4.00000e+00       1.379e+08  1.328738e-01  0.000000e+00 -1.121828e-15  8.671262e-01
 7.00000e-01  4.00000e+00       9.794e+07  2.265870e-01  0.000000e+00 -2.287474e-02  7.734130e-01
 1.40000e+00  4.00000e+00       3.358e+07  4.534340e-01  0.000000e+00 -1.641338e-02  5.465660e-01
 2.10000e+00  4.00000e+00       6.148e+06  7.584164e-01  0.000000e+00  5.246015e-03  2.415836e-01
 2.80000e+00  4.00000e+00       1.059e+06  9.912987e-01  0.000000e+00 -2.842881e-03  8.701272e-03
 3.50000e+00  4.00000e+00       1.844e+05  9.416757e-01  0.000000e+00 -1.927876e-02  5.832432e-02
 4.20000e+00  4.00000e+00       2.632e+04  9.928524e-01  0.000000e+00 -1.994497e-02  7.147585e-03
 4.90000e+00  4.00000e+00       4.490e+03  9.116065e-01  0.000000e+00 -2.290162e-02  8.839353e-02
 5.60000e+00  4.00000e+00       3.952e+02  7.094869e-01  0.000000e+00 -3.759976e-02  2.905131e-01
 6.30000e+00  4.00000e+00       2.267e+01 -1.175762e-01  0.000000e+00  1.434631e-01  8.824238e-01
 7.00000e+00  4.00000e+00       2.366e+00 -7.886373e-01  0.000000e+00  4.444267e-01  2.113627e-01
