 EB(GeV)    EMITTANCEx EMITTANCEy SIZEx(m)   SIZEy(m)   DIVx(rad)  DIVy(rad)
 2.411e+00  5.499e-09  1.017e-12  8.711e-05  1.009e-06  6.313e-05  1.009e-06
 betax      alphax     betay      alphay     eta        deta       E_spread  
 1.380e+00  0.000e+00  1.000e+00  0.000e+00  0.000e+00  0.000e+00  8.600e-04
 Ibeam(A)   period(cm) #periods   Kx         Ky         Energy(eV)
 4.005e-01  1.900e+00         96  0.000e+00  1.780e+00  4.050e+03


           x            y       F.Density            PL            PC          PL45        1-|PL|
          mm           mm  ph/s/mr^2/0.1%             -             -             -             -
-7.00000e+00 -4.00000e+00       1.244e+09 -7.224413e-01  0.000000e+00 -9.274087e-02  2.775587e-01
-6.30000e+00 -4.00000e+00       4.387e+09 -4.516119e-01  0.000000e+00 -4.639850e-01  5.483881e-01
-5.60000e+00 -4.00000e+00       2.082e+10  1.079271e-01  0.000000e+00 -5.951000e-01  8.920729e-01
-4.90000e+00 -4.00000e+00       9.161e+10  5.086791e-01  0.000000e+00 -2.687857e-01  4.913209e-01
-4.20000e+00 -4.00000e+00       2.965e+11  4.280102e-01  0.000000e+00  1.573190e-01  5.719898e-01
-3.50000e+00 -4.00000e+00       7.148e+11  8.937378e-02  0.000000e+00  1.641579e-01  9.106262e-01
-2.80000e+00 -4.00000e+00       1.477e+12  9.544083e-02  0.000000e+00 -2.678106e-01  9.045592e-01
-2.10000e+00 -4.00000e+00       2.621e+12 -4.012534e-02  0.000000e+00 -5.463438e-01  9.598747e-01
-1.40000e+00 -4.00000e+00       3.652e+12 -4.613527e-01  0.000000e+00 -5.843251e-01  5.386473e-01
-7.00000e-01 -4.00000e+00       2.758e+12 -4.951314e-01  0.000000e+00 -5.227104e-01  5.048686e-01
 0.00000e+00 -4.00000e+00       1.576e+12 -2.104811e-01  0.000000e+00 -7.324868e-15  7.895189e-01
 7.00000e-01 -4.00000e+00       2.758e+12 -4.951314e-01  0.000000e+00  5.227104e-01  5.048686e-01
 1.40000e+00 -4.00000e+00       3.652e+12 -4.613527e-01  0.000000e+00  5.843251e-01  5.386473e-01
 2.10000e+00 -4.00000e+00       2.621e+12 -4.012534e-02  0.000000e+00  5.463438e-01  9.598747e-01
 2.80000e+00 -4.00000e+00       1.477e+12  9.544083e-02  0.000000e+00  2.678106e-01  9.045592e-01
 3.50000e+00 -4.00000e+00       7.148e+11  8.937378e-02  0.000000e+00 -1.641579e-01  9.106262e-01
 4.20000e+00 -4.00000e+00       2.965e+11  4.280102e-01  0.000000e+00 -1.573190e-01  5.719898e-01
 4.90000e+00 -4.00000e+00       9.161e+10  5.086791e-01  0.000000e+00  2.687857e-01  4.913209e-01
 5.60000e+00 -4.00000e+00       2.082e+10  1.079271e-01  0.000000e+00  5.951000e-01  8.920729e-01
 6.30000e+00 -4.00000e+00       4.387e+09 -4.516119e-01  0.000000e+00  4.639850e-01  5.483881e-01
 7.00000e+00 -4.00000e+00       1.244e+09 -7.224413e-01  0.000000e+00  9.274087e-02  2.775587e-01
-7.00000e+00 -3.60000e+00       4.526e+09 -1.494801e-01  0.000000e+00  5.725288e-01  8.505199e-01
-6.30000e+00 -3.60000e+00       2.707e+10 -4.115432e-01  0.000000e+00  4.740381e-01  5.884568e-01
-5.60000e+00 -3.60000e+00       1.451e+11 -5.515248e-01  0.000000e+00 -1.500218e-02  4.484752e-01
-4.90000e+00 -3.60000e+00       6.445e+11 -1.962968e-01  0.000000e+00 -4.687408e-01  8.037032e-01
-4.20000e+00 -3.60000e+00       2.239e+12  3.308142e-01  0.000000e+00 -4.230733e-01  6.691858e-01
-3.50000e+00 -3.60000e+00       5.547e+12  4.672459e-01  0.000000e+00 -3.441557e-02  5.327541e-01
-2.80000e+00 -3.60000e+00       9.898e+12  6.838794e-02  0.000000e+00  1.979172e-01  9.316121e-01
-2.10000e+00 -3.60000e+00       1.627e+13 -1.491221e-01  0.000000e+00  4.145544e-01  8.508779e-01
-1.40000e+00 -3.60000e+00       2.603e+13  1.096548e-01  0.000000e+00  7.654215e-01  8.903452e-01
-7.00000e-01 -3.60000e+00       2.156e+13  2.377573e-01  0.000000e+00  8.440810e-01  7.622427e-01
 0.00000e+00 -3.60000e+00       1.173e+13  2.790893e-01  0.000000e+00 -1.106341e-14  7.209107e-01
 7.00000e-01 -3.60000e+00       2.156e+13  2.377573e-01  0.000000e+00 -8.440810e-01  7.622427e-01
 1.40000e+00 -3.60000e+00       2.603e+13  1.096548e-01  0.000000e+00 -7.654215e-01  8.903452e-01
 2.10000e+00 -3.60000e+00       1.627e+13 -1.491221e-01  0.000000e+00 -4.145544e-01  8.508779e-01
 2.80000e+00 -3.60000e+00       9.898e+12  6.838794e-02  0.000000e+00 -1.979172e-01  9.316121e-01
 3.50000e+00 -3.60000e+00       5.547e+12  4.672459e-01  0.000000e+00  3.441557e-02  5.327541e-01
 4.20000e+00 -3.60000e+00       2.239e+12  3.308142e-01  0.000000e+00  4.230733e-01  6.691858e-01
 4.90000e+00 -3.60000e+00       6.445e+11 -1.962968e-01  0.000000e+00  4.687408e-01  8.037032e-01
 5.60000e+00 -3.60000e+00       1.451e+11 -5.515248e-01  0.000000e+00  1.500218e-02  4.484752e-01
 6.30000e+00 -3.60000e+00       2.707e+10 -4.115432e-01  0.000000e+00 -4.740381e-01  5.884568e-01
 7.00000e+00 -3.60000e+00       4.526e+09 -1.494801e-01  0.000000e+00 -5.725288e-01  8.505199e-01
-7.00000e+00 -3.20000e+00       3.599e+10  7.888208e-01  0.000000e+00  2.890432e-01  2.111792e-01
-6.30000e+00 -3.20000e+00       2.303e+11  6.139711e-01  0.000000e+00  5.665020e-01  3.860289e-01
-5.60000e+00 -3.20000e+00       1.031e+12  1.989158e-01  0.000000e+00  7.034234e-01  8.010842e-01
-4.90000e+00 -3.20000e+00       3.510e+12 -2.738693e-01  0.000000e+00  4.316540e-01  7.261307e-01
-4.20000e+00 -3.20000e+00       1.050e+13 -2.834471e-01  0.000000e+00 -1.822109e-01  7.165529e-01
-3.50000e+00 -3.20000e+00       2.770e+13  1.820844e-01  0.000000e+00 -3.920600e-01  8.179156e-01
-2.80000e+00 -3.20000e+00       5.492e+13  4.337358e-01  0.000000e+00  1.007738e-02  5.662642e-01
-2.10000e+00 -3.20000e+00       8.767e+13  4.945810e-01  0.000000e+00  4.683704e-01  5.054190e-01
-1.40000e+00 -3.20000e+00       1.600e+14  7.627570e-01  0.000000e+00  4.505353e-01  2.372430e-01
-7.00000e-01 -3.20000e+00       1.995e+14  8.797356e-01  0.000000e+00  3.497437e-01  1.202644e-01
 0.00000e+00 -3.20000e+00       1.588e+14  8.940657e-01  0.000000e+00 -1.246812e-14  1.059343e-01
 7.00000e-01 -3.20000e+00       1.995e+14  8.797356e-01  0.000000e+00 -3.497437e-01  1.202644e-01
 1.40000e+00 -3.20000e+00       1.600e+14  7.627570e-01  0.000000e+00 -4.505353e-01  2.372430e-01
 2.10000e+00 -3.20000e+00       8.767e+13  4.945810e-01  0.000000e+00 -4.683704e-01  5.054190e-01
 2.80000e+00 -3.20000e+00       5.492e+13  4.337358e-01  0.000000e+00 -1.007738e-02  5.662642e-01
 3.50000e+00 -3.20000e+00       2.770e+13  1.820844e-01  0.000000e+00  3.920600e-01  8.179156e-01
 4.20000e+00 -3.20000e+00       1.050e+13 -2.834471e-01  0.000000e+00  1.822109e-01  7.165529e-01
 4.90000e+00 -3.20000e+00       3.510e+12 -2.738693e-01  0.000000e+00 -4.316540e-01  7.261307e-01
 5.60000e+00 -3.20000e+00       1.031e+12  1.989158e-01  0.000000e+00 -7.034234e-01  8.010842e-01
 6.30000e+00 -3.20000e+00       2.303e+11  6.139711e-01  0.000000e+00 -5.665020e-01  3.860289e-01
 7.00000e+00 -3.20000e+00       3.599e+10  7.888208e-01  0.000000e+00 -2.890432e-01  2.111792e-01
-7.00000e+00 -2.80000e+00       2.292e+11  8.510254e-01  0.000000e+00 -3.837357e-01  1.489746e-01
-6.30000e+00 -2.80000e+00       1.552e+12  9.165463e-01  0.000000e+00 -1.035823e-01  8.345369e-02
-5.60000e+00 -2.80000e+00       7.102e+12  8.507302e-01  0.000000e+00  2.320198e-01  1.492698e-01
-4.90000e+00 -2.80000e+00       2.222e+13  5.739395e-01  0.000000e+00  5.352778e-01  4.260605e-01
-4.20000e+00 -2.80000e+00       5.072e+13  8.075714e-02  0.000000e+00  5.469006e-01  9.192429e-01
-3.50000e+00 -2.80000e+00       1.008e+14 -1.861872e-01  0.000000e+00  4.734731e-02  8.138128e-01
-2.80000e+00 -2.80000e+00       1.971e+14  1.886534e-01  0.000000e+00 -2.177834e-01  8.113466e-01
-2.10000e+00 -2.80000e+00       3.013e+14  6.132052e-01  0.000000e+00  9.478100e-02  3.867948e-01
-1.40000e+00 -2.80000e+00       2.381e+14  7.495604e-01  0.000000e+00  3.469670e-01  2.504396e-01
-7.00000e-01 -2.80000e+00       1.082e+14  4.037248e-01  0.000000e+00  3.130924e-01  5.962752e-01
 0.00000e+00 -2.80000e+00       8.667e+13 -9.546517e-02  0.000000e+00  9.404795e-16  9.045348e-01
 7.00000e-01 -2.80000e+00       1.082e+14  4.037248e-01  0.000000e+00 -3.130924e-01  5.962752e-01
 1.40000e+00 -2.80000e+00       2.381e+14  7.495604e-01  0.000000e+00 -3.469670e-01  2.504396e-01
 2.10000e+00 -2.80000e+00       3.013e+14  6.132052e-01  0.000000e+00 -9.478100e-02  3.867948e-01
 2.80000e+00 -2.80000e+00       1.971e+14  1.886534e-01  0.000000e+00  2.177834e-01  8.113466e-01
 3.50000e+00 -2.80000e+00       1.008e+14 -1.861872e-01  0.000000e+00 -4.734731e-02  8.138128e-01
 4.20000e+00 -2.80000e+00       5.072e+13  8.075714e-02  0.000000e+00 -5.469006e-01  9.192429e-01
 4.90000e+00 -2.80000e+00       2.222e+13  5.739395e-01  0.000000e+00 -5.352778e-01  4.260605e-01
 5.60000e+00 -2.80000e+00       7.102e+12  8.507302e-01  0.000000e+00 -2.320198e-01  1.492698e-01
 6.30000e+00 -2.80000e+00       1.552e+12  9.165463e-01  0.000000e+00  1.035823e-01  8.345369e-02
 7.00000e+00 -2.80000e+00       2.292e+11  8.510254e-01  0.000000e+00  3.837357e-01  1.489746e-01
-7.00000e+00 -2.40000e+00       9.275e+11  5.207929e-01  0.000000e+00 -8.013971e-01  4.792071e-01
-6.30000e+00 -2.40000e+00       6.348e+12  7.127984e-01  0.000000e+00 -6.240730e-01  2.872016e-01
-5.60000e+00 -2.40000e+00       2.991e+13  8.549241e-01  0.000000e+00 -3.649122e-01  1.450759e-01
-4.90000e+00 -2.40000e+00       9.709e+13  8.929280e-01  0.000000e+00 -2.861459e-02  1.070720e-01
-4.20000e+00 -2.40000e+00       2.168e+14  7.358405e-01  0.000000e+00  3.292280e-01  2.641595e-01
-3.50000e+00 -2.40000e+00       3.496e+14  3.101392e-01  0.000000e+00  4.726139e-01  6.898608e-01
-2.80000e+00 -2.40000e+00       5.116e+14 -1.424150e-03  0.000000e+00  1.336517e-01  9.985759e-01
-2.10000e+00 -2.40000e+00       8.788e+14  4.301661e-01  0.000000e+00  2.645451e-02  5.698339e-01
-1.40000e+00 -2.40000e+00       1.114e+15  8.066710e-01  0.000000e+00  1.910636e-01  1.933290e-01
-7.00000e-01 -2.40000e+00       5.682e+14  9.126665e-01  0.000000e+00  2.564212e-01  8.733347e-02
 0.00000e+00 -2.40000e+00       1.861e+14  9.244303e-01  0.000000e+00 -7.835124e-15  7.556975e-02
 7.00000e-01 -2.40000e+00       5.682e+14  9.126665e-01  0.000000e+00 -2.564212e-01  8.733347e-02
 1.40000e+00 -2.40000e+00       1.114e+15  8.066710e-01  0.000000e+00 -1.910636e-01  1.933290e-01
 2.10000e+00 -2.40000e+00       8.788e+14  4.301661e-01  0.000000e+00 -2.645451e-02  5.698339e-01
 2.80000e+00 -2.40000e+00       5.116e+14 -1.424150e-03  0.000000e+00 -1.336517e-01  9.985759e-01
 3.50000e+00 -2.40000e+00       3.496e+14  3.101392e-01  0.000000e+00 -4.726139e-01  6.898608e-01
 4.20000e+00 -2.40000e+00       2.168e+14  7.358405e-01  0.000000e+00 -3.292280e-01  2.641595e-01
 4.90000e+00 -2.40000e+00       9.709e+13  8.929280e-01  0.000000e+00  2.861459e-02  1.070720e-01
 5.60000e+00 -2.40000e+00       2.991e+13  8.549241e-01  0.000000e+00  3.649122e-01  1.450759e-01
 6.30000e+00 -2.40000e+00       6.348e+12  7.127984e-01  0.000000e+00  6.240730e-01  2.872016e-01
 7.00000e+00 -2.40000e+00       9.275e+11  5.207929e-01  0.000000e+00  8.013971e-01  4.792071e-01
-7.00000e+00 -2.00000e+00       2.431e+12  1.047255e-01  0.000000e+00 -9.519755e-01  8.952745e-01
-6.30000e+00 -2.00000e+00       1.652e+13  3.591395e-01  0.000000e+00 -8.807062e-01  6.408605e-01
-5.60000e+00 -2.00000e+00       7.933e+13  6.014885e-01  0.000000e+00 -7.241461e-01  3.985115e-01
-4.90000e+00 -2.00000e+00       2.710e+14  7.942767e-01  0.000000e+00 -4.755095e-01  2.057233e-01
-4.20000e+00 -2.00000e+00       6.519e+14  8.821481e-01  0.000000e+00 -1.423160e-01  1.178519e-01
-3.50000e+00 -2.00000e+00       1.081e+15  7.770226e-01  0.000000e+00  2.151781e-01  2.229774e-01
-2.80000e+00 -2.00000e+00       1.275e+15  3.707067e-01  0.000000e+00  3.453793e-01  6.292933e-01
-2.10000e+00 -2.00000e+00       1.341e+15 -1.290546e-01  0.000000e+00  1.791188e-01  8.709454e-01
-1.40000e+00 -2.00000e+00       2.126e+15 -4.521737e-02  0.000000e+00  6.125682e-01  9.547826e-01
-7.00000e-01 -2.00000e+00       3.191e+15  7.876528e-02  0.000000e+00  7.627625e-01  9.212347e-01
 0.00000e+00 -2.00000e+00       3.074e+15  9.211882e-02  0.000000e+00  3.411652e-15  9.078812e-01
 7.00000e-01 -2.00000e+00       3.191e+15  7.876528e-02  0.000000e+00 -7.627625e-01  9.212347e-01
 1.40000e+00 -2.00000e+00       2.126e+15 -4.521737e-02  0.000000e+00 -6.125682e-01  9.547826e-01
 2.10000e+00 -2.00000e+00       1.341e+15 -1.290546e-01  0.000000e+00 -1.791188e-01  8.709454e-01
 2.80000e+00 -2.00000e+00       1.275e+15  3.707067e-01  0.000000e+00 -3.453793e-01  6.292933e-01
 3.50000e+00 -2.00000e+00       1.081e+15  7.770226e-01  0.000000e+00 -2.151781e-01  2.229774e-01
 4.20000e+00 -2.00000e+00       6.519e+14  8.821481e-01  0.000000e+00  1.423160e-01  1.178519e-01
 4.90000e+00 -2.00000e+00       2.710e+14  7.942767e-01  0.000000e+00  4.755095e-01  2.057233e-01
 5.60000e+00 -2.00000e+00       7.933e+13  6.014885e-01  0.000000e+00  7.241461e-01  3.985115e-01
 6.30000e+00 -2.00000e+00       1.652e+13  3.591395e-01  0.000000e+00  8.807062e-01  6.408605e-01
 7.00000e+00 -2.00000e+00       2.431e+12  1.047255e-01  0.000000e+00  9.519755e-01  8.952745e-01
-7.00000e+00 -1.60000e+00       4.263e+12 -2.795065e-01  0.000000e+00 -9.062128e-01  7.204935e-01
-6.30000e+00 -1.60000e+00       2.850e+13  1.268083e-02  0.000000e+00 -9.420572e-01  9.873192e-01
-5.60000e+00 -1.60000e+00       1.384e+14  3.193814e-01  0.000000e+00 -8.806229e-01  6.806186e-01
-4.90000e+00 -1.60000e+00       4.954e+14  5.982859e-01  0.000000e+00 -7.138641e-01  4.017141e-01
-4.20000e+00 -1.60000e+00       1.298e+15  8.031970e-01  0.000000e+00 -4.516007e-01  1.968030e-01
-3.50000e+00 -1.60000e+00       2.399e+15  8.851985e-01  0.000000e+00 -1.192661e-01  1.148015e-01
-2.80000e+00 -1.60000e+00       3.049e+15  7.859250e-01  0.000000e+00  1.816025e-01  2.140750e-01
-2.10000e+00 -1.60000e+00       3.071e+15  4.952874e-01  0.000000e+00  1.859072e-03  5.047126e-01
-1.40000e+00 -1.60000e+00       2.676e+15  2.587858e-01  0.000000e+00 -5.937624e-01  7.412142e-01
-7.00000e-01 -1.60000e+00       1.248e+15  1.986284e-01  0.000000e+00 -8.489072e-01  8.013716e-01
 0.00000e+00 -1.60000e+00       4.154e+14  2.170698e-01  0.000000e+00  1.461004e-14  7.829302e-01
 7.00000e-01 -1.60000e+00       1.248e+15  1.986284e-01  0.000000e+00  8.489072e-01  8.013716e-01
 1.40000e+00 -1.60000e+00       2.676e+15  2.587858e-01  0.000000e+00  5.937624e-01  7.412142e-01
 2.10000e+00 -1.60000e+00       3.071e+15  4.952874e-01  0.000000e+00 -1.859072e-03  5.047126e-01
 2.80000e+00 -1.60000e+00       3.049e+15  7.859250e-01  0.000000e+00 -1.816025e-01  2.140750e-01
 3.50000e+00 -1.60000e+00       2.399e+15  8.851985e-01  0.000000e+00  1.192661e-01  1.148015e-01
 4.20000e+00 -1.60000e+00       1.298e+15  8.031970e-01  0.000000e+00  4.516007e-01  1.968030e-01
 4.90000e+00 -1.60000e+00       4.954e+14  5.982859e-01  0.000000e+00  7.138641e-01  4.017141e-01
 5.60000e+00 -1.60000e+00       1.384e+14  3.193814e-01  0.000000e+00  8.806229e-01  6.806186e-01
 6.30000e+00 -1.60000e+00       2.850e+13  1.268083e-02  0.000000e+00  9.420572e-01  9.873192e-01
 7.00000e+00 -1.60000e+00       4.263e+12 -2.795065e-01  0.000000e+00  9.062128e-01  7.204935e-01
-7.00000e+00 -1.20000e+00       5.049e+12 -5.777020e-01  0.000000e+00 -7.179181e-01  4.222980e-01
-6.30000e+00 -1.20000e+00       3.325e+13 -2.555682e-01  0.000000e+00 -8.787915e-01  7.444318e-01
-5.60000e+00 -1.20000e+00       1.648e+14  1.139396e-01  0.000000e+00 -9.094884e-01  8.860604e-01
-4.90000e+00 -1.20000e+00       6.260e+14  4.596482e-01  0.000000e+00 -8.016342e-01  5.403518e-01
-4.20000e+00 -1.20000e+00       1.804e+15  7.230608e-01  0.000000e+00 -5.869166e-01  2.769392e-01
-3.50000e+00 -1.20000e+00       3.769e+15  8.757201e-01  0.000000e+00 -3.111172e-01  1.242799e-01
-2.80000e+00 -1.20000e+00       5.214e+15  8.902798e-01  0.000000e+00 -7.893426e-03  1.097202e-01
-2.10000e+00 -1.20000e+00       4.359e+15  7.130353e-01  0.000000e+00  3.406584e-01  2.869647e-01
-1.40000e+00 -1.20000e+00       2.152e+15  4.328486e-01  0.000000e+00  6.665773e-01  5.671514e-01
-7.00000e-01 -1.20000e+00       7.455e+14  3.663562e-01  0.000000e+00  5.968264e-01  6.336438e-01
 0.00000e+00 -1.20000e+00       4.895e+14  4.636434e-01  0.000000e+00  5.748462e-15  5.363566e-01
 7.00000e-01 -1.20000e+00       7.455e+14  3.663562e-01  0.000000e+00 -5.968264e-01  6.336438e-01
 1.40000e+00 -1.20000e+00       2.152e+15  4.328486e-01  0.000000e+00 -6.665773e-01  5.671514e-01
 2.10000e+00 -1.20000e+00       4.359e+15  7.130353e-01  0.000000e+00 -3.406584e-01  2.869647e-01
 2.80000e+00 -1.20000e+00       5.214e+15  8.902798e-01  0.000000e+00  7.893426e-03  1.097202e-01
 3.50000e+00 -1.20000e+00       3.769e+15  8.757201e-01  0.000000e+00  3.111172e-01  1.242799e-01
 4.20000e+00 -1.20000e+00       1.804e+15  7.230608e-01  0.000000e+00  5.869166e-01  2.769392e-01
 4.90000e+00 -1.20000e+00       6.260e+14  4.596482e-01  0.000000e+00  8.016342e-01  5.403518e-01
 5.60000e+00 -1.20000e+00       1.648e+14  1.139396e-01  0.000000e+00  9.094884e-01  8.860604e-01
 6.30000e+00 -1.20000e+00       3.325e+13 -2.555682e-01  0.000000e+00  8.787915e-01  7.444318e-01
 7.00000e+00 -1.20000e+00       5.049e+12 -5.777020e-01  0.000000e+00  7.179181e-01  4.222980e-01
-7.00000e+00 -8.00000e-01       3.839e+12 -7.351698e-01  0.000000e+00 -4.159018e-01  2.648302e-01
-6.30000e+00 -8.00000e-01       2.533e+13 -3.769154e-01  0.000000e+00 -7.525944e-01  6.230846e-01
-5.60000e+00 -8.00000e-01       1.348e+14  8.199635e-02  0.000000e+00 -8.696916e-01  9.180037e-01
-4.90000e+00 -8.00000e-01       5.746e+14  4.802924e-01  0.000000e+00 -7.773891e-01  5.197076e-01
-4.20000e+00 -8.00000e-01       1.888e+15  7.465246e-01  0.000000e+00 -5.750559e-01  2.534754e-01
-3.50000e+00 -8.00000e-01       4.518e+15  8.924678e-01  0.000000e+00 -3.409012e-01  1.075322e-01
-2.80000e+00 -8.00000e-01       7.358e+15  9.501670e-01  0.000000e+00 -1.018781e-01  4.983301e-02
-2.10000e+00 -8.00000e-01       8.470e+15  9.471834e-01  0.000000e+00  3.595652e-02  5.281658e-02
-1.40000e+00 -8.00000e-01       1.017e+16  9.123081e-01  0.000000e+00 -2.017623e-01  8.769188e-02
-7.00000e-01 -8.00000e-01       1.163e+16  8.972966e-01  0.000000e+00 -3.469196e-01  1.027034e-01
 0.00000e+00 -8.00000e-01       9.687e+15  8.962254e-01  0.000000e+00  1.806504e-15  1.037746e-01
 7.00000e-01 -8.00000e-01       1.163e+16  8.972966e-01  0.000000e+00  3.469196e-01  1.027034e-01
 1.40000e+00 -8.00000e-01       1.017e+16  9.123081e-01  0.000000e+00  2.017623e-01  8.769188e-02
 2.10000e+00 -8.00000e-01       8.470e+15  9.471834e-01  0.000000e+00 -3.595652e-02  5.281658e-02
 2.80000e+00 -8.00000e-01       7.358e+15  9.501670e-01  0.000000e+00  1.018781e-01  4.983301e-02
 3.50000e+00 -8.00000e-01       4.518e+15  8.924678e-01  0.000000e+00  3.409012e-01  1.075322e-01
 4.20000e+00 -8.00000e-01       1.888e+15  7.465246e-01  0.000000e+00  5.750559e-01  2.534754e-01
 4.90000e+00 -8.00000e-01       5.746e+14  4.802924e-01  0.000000e+00  7.773891e-01  5.197076e-01
 5.60000e+00 -8.00000e-01       1.348e+14  8.199635e-02  0.000000e+00  8.696916e-01  9.180037e-01
 6.30000e+00 -8.00000e-01       2.533e+13 -3.769154e-01  0.000000e+00  7.525944e-01  6.230846e-01
 7.00000e+00 -8.00000e-01       3.839e+12 -7.351698e-01  0.000000e+00  4.159018e-01  2.648302e-01
-7.00000e+00 -4.00000e-01       1.571e+12 -5.231670e-01  0.000000e+00  2.801449e-03  4.768330e-01
-6.30000e+00 -4.00000e-01       1.123e+13 -1.106094e-01  0.000000e+00 -6.157300e-01  8.893906e-01
-5.60000e+00 -4.00000e-01       7.744e+13  4.267358e-01  0.000000e+00 -7.297191e-01  5.732642e-01
-4.90000e+00 -4.00000e-01       4.253e+14  7.441364e-01  0.000000e+00 -5.740897e-01  2.558636e-01
-4.20000e+00 -4.00000e-01       1.688e+15  8.926033e-01  0.000000e+00 -3.871522e-01  1.073967e-01
-3.50000e+00 -4.00000e-01       4.641e+15  9.579758e-01  0.000000e+00 -2.262577e-01  4.202424e-02
-2.80000e+00 -4.00000e-01       8.403e+15  9.832274e-01  0.000000e+00 -9.448411e-02  1.677258e-02
-2.10000e+00 -4.00000e-01       8.833e+15  9.762425e-01  0.000000e+00 -2.427041e-02  2.375748e-02
-1.40000e+00 -4.00000e-01       4.606e+15  8.832787e-01  0.000000e+00 -1.120652e-01  1.167213e-01
-7.00000e-01 -4.00000e-01       1.416e+15  6.243506e-01  0.000000e+00 -4.388457e-01  3.756494e-01
 0.00000e+00 -4.00000e-01       5.750e+14  4.680327e-01  0.000000e+00  3.486022e-15  5.319673e-01
 7.00000e-01 -4.00000e-01       1.416e+15  6.243506e-01  0.000000e+00  4.388457e-01  3.756494e-01
 1.40000e+00 -4.00000e-01       4.606e+15  8.832787e-01  0.000000e+00  1.120652e-01  1.167213e-01
 2.10000e+00 -4.00000e-01       8.833e+15  9.762425e-01  0.000000e+00  2.427041e-02  2.375748e-02
 2.80000e+00 -4.00000e-01       8.403e+15  9.832274e-01  0.000000e+00  9.448411e-02  1.677258e-02
 3.50000e+00 -4.00000e-01       4.641e+15  9.579758e-01  0.000000e+00  2.262577e-01  4.202424e-02
 4.20000e+00 -4.00000e-01       1.688e+15  8.926033e-01  0.000000e+00  3.871522e-01  1.073967e-01
 4.90000e+00 -4.00000e-01       4.253e+14  7.441364e-01  0.000000e+00  5.740897e-01  2.558636e-01
 5.60000e+00 -4.00000e-01       7.744e+13  4.267358e-01  0.000000e+00  7.297191e-01  5.732642e-01
 6.30000e+00 -4.00000e-01       1.123e+13 -1.106094e-01  0.000000e+00  6.157300e-01  8.893906e-01
 7.00000e+00 -4.00000e-01       1.571e+12 -5.231670e-01  0.000000e+00 -2.801449e-03  4.768330e-01
-7.00000e+00  0.00000e+00       4.296e+11  9.962905e-01  0.000000e+00  4.771097e-10  3.709539e-03
-6.30000e+00  0.00000e+00       4.264e+12  9.982409e-01  0.000000e+00  5.522292e-11  1.759067e-03
-5.60000e+00  0.00000e+00       4.903e+13  9.994752e-01  0.000000e+00 -1.843640e-11  5.247615e-04
-4.90000e+00  0.00000e+00       3.481e+14  9.997981e-01  0.000000e+00 -3.797824e-12  2.018592e-04
-4.20000e+00  0.00000e+00       1.561e+15  9.999108e-01  0.000000e+00  6.958196e-12  8.918079e-05
-3.50000e+00  0.00000e+00       4.595e+15  9.999646e-01  0.000000e+00  2.166054e-12  3.536021e-05
-2.80000e+00  0.00000e+00       8.645e+15  9.999874e-01  0.000000e+00 -3.750869e-12  1.256875e-05
-2.10000e+00  0.00000e+00       8.911e+15  9.999854e-01  0.000000e+00  1.372032e-11  1.456441e-05
-1.40000e+00  0.00000e+00       3.886e+15  9.999318e-01  0.000000e+00  6.635829e-11  6.818620e-05
-7.00000e-01  0.00000e+00       6.487e+14  9.998334e-01  0.000000e+00  1.605123e-10  1.665778e-04
 0.00000e+00  0.00000e+00       1.319e+14  9.994724e-01  0.000000e+00  1.861283e-17  5.275708e-04
 7.00000e-01  0.00000e+00       6.487e+14  9.998334e-01  0.000000e+00 -1.605124e-10  1.665778e-04
 1.40000e+00  0.00000e+00       3.886e+15  9.999318e-01  0.000000e+00 -6.635825e-11  6.818620e-05
 2.10000e+00  0.00000e+00       8.911e+15  9.999854e-01  0.000000e+00 -1.372030e-11  1.456441e-05
 2.80000e+00  0.00000e+00       8.645e+15  9.999874e-01  0.000000e+00  3.750976e-12  1.256875e-05
 3.50000e+00  0.00000e+00       4.595e+15  9.999646e-01  0.000000e+00 -2.165767e-12  3.536021e-05
 4.20000e+00  0.00000e+00       1.561e+15  9.999108e-01  0.000000e+00 -6.957645e-12  8.918079e-05
 4.90000e+00  0.00000e+00       3.481e+14  9.997981e-01  0.000000e+00  3.798905e-12  2.018592e-04
 5.60000e+00  0.00000e+00       4.903e+13  9.994752e-01  0.000000e+00  1.843830e-11  5.247615e-04
 6.30000e+00  0.00000e+00       4.264e+12  9.982409e-01  0.000000e+00 -5.522213e-11  1.759067e-03
 7.00000e+00  0.00000e+00       4.296e+11  9.962905e-01  0.000000e+00 -4.771110e-10  3.709539e-03
-7.00000e+00  4.00000e-01       1.571e+12 -5.231670e-01  0.000000e+00 -2.801449e-03  4.768330e-01
-6.30000e+00  4.00000e-01       1.123e+13 -1.106094e-01  0.000000e+00  6.157300e-01  8.893906e-01
-5.60000e+00  4.00000e-01       7.744e+13  4.267358e-01  0.000000e+00  7.297191e-01  5.732642e-01
-4.90000e+00  4.00000e-01       4.253e+14  7.441364e-01  0.000000e+00  5.740897e-01  2.558636e-01
-4.20000e+00  4.00000e-01       1.688e+15  8.926033e-01  0.000000e+00  3.871522e-01  1.073967e-01
-3.50000e+00  4.00000e-01       4.641e+15  9.579758e-01  0.000000e+00  2.262577e-01  4.202424e-02
-2.80000e+00  4.00000e-01       8.403e+15  9.832274e-01  0.000000e+00  9.448411e-02  1.677258e-02
-2.10000e+00  4.00000e-01       8.833e+15  9.762425e-01  0.000000e+00  2.427041e-02  2.375748e-02
-1.40000e+00  4.00000e-01       4.606e+15  8.832787e-01  0.000000e+00  1.120652e-01  1.167213e-01
-7.00000e-01  4.00000e-01       1.416e+15  6.243506e-01  0.000000e+00  4.388457e-01  3.756494e-01
 0.00000e+00  4.00000e-01       5.750e+14  4.680327e-01  0.000000e+00 -3.466474e-15  5.319673e-01
 7.00000e-01  4.00000e-01       1.416e+15  6.243506e-01  0.000000e+00 -4.388457e-01  3.756494e-01
 1.40000e+00  4.00000e-01       4.606e+15  8.832787e-01  0.000000e+00 -1.120652e-01  1.167213e-01
 2.10000e+00  4.00000e-01       8.833e+15  9.762425e-01  0.000000e+00 -2.427041e-02  2.375748e-02
 2.80000e+00  4.00000e-01       8.403e+15  9.832274e-01  0.000000e+00 -9.448411e-02  1.677258e-02
 3.50000e+00  4.00000e-01       4.641e+15  9.579758e-01  0.000000e+00 -2.262577e-01  4.202424e-02
 4.20000e+00  4.00000e-01       1.688e+15  8.926033e-01  0.000000e+00 -3.871522e-01  1.073967e-01
 4.90000e+00  4.00000e-01       4.253e+14  7.441364e-01  0.000000e+00 -5.740897e-01  2.558636e-01
 5.60000e+00  4.00000e-01       7.744e+13  4.267358e-01  0.000000e+00 -7.297191e-01  5.732642e-01
 6.30000e+00  4.00000e-01       1.123e+13 -1.106094e-01  0.000000e+00 -6.157300e-01  8.893906e-01
 7.00000e+00  4.00000e-01       1.571e+12 -5.231670e-01  0.000000e+00  2.801449e-03  4.768330e-01
-7.00000e+00  8.00000e-01       3.839e+12 -7.351698e-01  0.000000e+00  4.159018e-01  2.648302e-01
-6.30000e+00  8.00000e-01       2.533e+13 -3.769154e-01  0.000000e+00  7.525944e-01  6.230846e-01
-5.60000e+00  8.00000e-01       1.348e+14  8.199635e-02  0.000000e+00  8.696916e-01  9.180037e-01
-4.90000e+00  8.00000e-01       5.746e+14  4.802924e-01  0.000000e+00  7.773891e-01  5.197076e-01
-4.20000e+00  8.00000e-01       1.888e+15  7.465246e-01  0.000000e+00  5.750559e-01  2.534754e-01
-3.50000e+00  8.00000e-01       4.518e+15  8.924678e-01  0.000000e+00  3.409012e-01  1.075322e-01
-2.80000e+00  8.00000e-01       7.358e+15  9.501670e-01  0.000000e+00  1.018781e-01  4.983301e-02
-2.10000e+00  8.00000e-01       8.470e+15  9.471834e-01  0.000000e+00 -3.595652e-02  5.281658e-02
-1.40000e+00  8.00000e-01       1.017e+16  9.123081e-01  0.000000e+00  2.017623e-01  8.769188e-02
-7.00000e-01  8.00000e-01       1.163e+16  8.972966e-01  0.000000e+00  3.469196e-01  1.027034e-01
 0.00000e+00  8.00000e-01       9.687e+15  8.962254e-01  0.000000e+00 -3.273175e-15  1.037746e-01
 7.00000e-01  8.00000e-01       1.163e+16  8.972966e-01  0.000000e+00 -3.469196e-01  1.027034e-01
 1.40000e+00  8.00000e-01       1.017e+16  9.123081e-01  0.000000e+00 -2.017623e-01  8.769188e-02
 2.10000e+00  8.00000e-01       8.470e+15  9.471834e-01  0.000000e+00  3.595652e-02  5.281658e-02
 2.80000e+00  8.00000e-01       7.358e+15  9.501670e-01  0.000000e+00 -1.018781e-01  4.983301e-02
 3.50000e+00  8.00000e-01       4.518e+15  8.924678e-01  0.000000e+00 -3.409012e-01  1.075322e-01
 4.20000e+00  8.00000e-01       1.888e+15  7.465246e-01  0.000000e+00 -5.750559e-01  2.534754e-01
 4.90000e+00  8.00000e-01       5.746e+14  4.802924e-01  0.000000e+00 -7.773891e-01  5.197076e-01
 5.60000e+00  8.00000e-01       1.348e+14  8.199635e-02  0.000000e+00 -8.696916e-01  9.180037e-01
 6.30000e+00  8.00000e-01       2.533e+13 -3.769154e-01  0.000000e+00 -7.525944e-01  6.230846e-01
 7.00000e+00  8.00000e-01       3.839e+12 -7.351698e-01  0.000000e+00 -4.159018e-01  2.648302e-01
-7.00000e+00  1.20000e+00       5.049e+12 -5.777020e-01  0.000000e+00  7.179181e-01  4.222980e-01
-6.30000e+00  1.20000e+00       3.325e+13 -2.555682e-01  0.000000e+00  8.787915e-01  7.444318e-01
-5.60000e+00  1.20000e+00       1.648e+14  1.139396e-01  0.000000e+00  9.094884e-01  8.860604e-01
-4.90000e+00  1.20000e+00       6.260e+14  4.596482e-01  0.000000e+00  8.016342e-01  5.403518e-01
-4.20000e+00  1.20000e+00       1.804e+15  7.230608e-01  0.000000e+00  5.869166e-01  2.769392e-01
-3.50000e+00  1.20000e+00       3.769e+15  8.757201e-01  0.000000e+00  3.111172e-01  1.242799e-01
-2.80000e+00  1.20000e+00       5.214e+15  8.902798e-01  0.000000e+00  7.893426e-03  1.097202e-01
-2.10000e+00  1.20000e+00       4.359e+15  7.130353e-01  0.000000e+00 -3.406584e-01  2.869647e-01
-1.40000e+00  1.20000e+00       2.152e+15  4.328486e-01  0.000000e+00 -6.665773e-01  5.671514e-01
-7.00000e-01  1.20000e+00       7.455e+14  3.663562e-01  0.000000e+00 -5.968264e-01  6.336438e-01
 0.00000e+00  1.20000e+00       4.895e+14  4.636434e-01  0.000000e+00 -4.731475e-15  5.363566e-01
 7.00000e-01  1.20000e+00       7.455e+14  3.663562e-01  0.000000e+00  5.968264e-01  6.336438e-01
 1.40000e+00  1.20000e+00       2.152e+15  4.328486e-01  0.000000e+00  6.665773e-01  5.671514e-01
 2.10000e+00  1.20000e+00       4.359e+15  7.130353e-01  0.000000e+00  3.406584e-01  2.869647e-01
 2.80000e+00  1.20000e+00       5.214e+15  8.902798e-01  0.000000e+00 -7.893426e-03  1.097202e-01
 3.50000e+00  1.20000e+00       3.769e+15  8.757201e-01  0.000000e+00 -3.111172e-01  1.242799e-01
 4.20000e+00  1.20000e+00       1.804e+15  7.230608e-01  0.000000e+00 -5.869166e-01  2.769392e-01
 4.90000e+00  1.20000e+00       6.260e+14  4.596482e-01  0.000000e+00 -8.016342e-01  5.403518e-01
 5.60000e+00  1.20000e+00       1.648e+14  1.139396e-01  0.000000e+00 -9.094884e-01  8.860604e-01
 6.30000e+00  1.20000e+00       3.325e+13 -2.555682e-01  0.000000e+00 -8.787915e-01  7.444318e-01
 7.00000e+00  1.20000e+00       5.049e+12 -5.777020e-01  0.000000e+00 -7.179181e-01  4.222980e-01
-7.00000e+00  1.60000e+00       4.263e+12 -2.795065e-01  0.000000e+00  9.062128e-01  7.204935e-01
-6.30000e+00  1.60000e+00       2.850e+13  1.268083e-02  0.000000e+00  9.420572e-01  9.873192e-01
-5.60000e+00  1.60000e+00       1.384e+14  3.193814e-01  0.000000e+00  8.806229e-01  6.806186e-01
-4.90000e+00  1.60000e+00       4.954e+14  5.982859e-01  0.000000e+00  7.138641e-01  4.017141e-01
-4.20000e+00  1.60000e+00       1.298e+15  8.031970e-01  0.000000e+00  4.516007e-01  1.968030e-01
-3.50000e+00  1.60000e+00       2.399e+15  8.851985e-01  0.000000e+00  1.192661e-01  1.148015e-01
-2.80000e+00  1.60000e+00       3.049e+15  7.859250e-01  0.000000e+00 -1.816025e-01  2.140750e-01
-2.10000e+00  1.60000e+00       3.071e+15  4.952874e-01  0.000000e+00 -1.859072e-03  5.047126e-01
-1.40000e+00  1.60000e+00       2.676e+15  2.587858e-01  0.000000e+00  5.937624e-01  7.412142e-01
-7.00000e-01  1.60000e+00       1.248e+15  1.986284e-01  0.000000e+00  8.489072e-01  8.013716e-01
 0.00000e+00  1.60000e+00       4.154e+14  2.170698e-01  0.000000e+00 -1.460311e-14  7.829302e-01
 7.00000e-01  1.60000e+00       1.248e+15  1.986284e-01  0.000000e+00 -8.489072e-01  8.013716e-01
 1.40000e+00  1.60000e+00       2.676e+15  2.587858e-01  0.000000e+00 -5.937624e-01  7.412142e-01
 2.10000e+00  1.60000e+00       3.071e+15  4.952874e-01  0.000000e+00  1.859072e-03  5.047126e-01
 2.80000e+00  1.60000e+00       3.049e+15  7.859250e-01  0.000000e+00  1.816025e-01  2.140750e-01
 3.50000e+00  1.60000e+00       2.399e+15  8.851985e-01  0.000000e+00 -1.192661e-01  1.148015e-01
 4.20000e+00  1.60000e+00       1.298e+15  8.031970e-01  0.000000e+00 -4.516007e-01  1.968030e-01
 4.90000e+00  1.60000e+00       4.954e+14  5.982859e-01  0.000000e+00 -7.138641e-01  4.017141e-01
 5.60000e+00  1.60000e+00       1.384e+14  3.193814e-01  0.000000e+00 -8.806229e-01  6.806186e-01
 6.30000e+00  1.60000e+00       2.850e+13  1.268083e-02  0.000000e+00 -9.420572e-01  9.873192e-01
 7.00000e+00  1.60000e+00       4.263e+12 -2.795065e-01  0.000000e+00 -9.062128e-01  7.204935e-01
-7.00000e+00  2.00000e+00       2.431e+12  1.047255e-01  0.000000e+00  9.519755e-01  8.952745e-01
-6.30000e+00  2.00000e+00       1.652e+13  3.591395e-01  0.000000e+00  8.807062e-01  6.408605e-01
-5.60000e+00  2.00000e+00       7.933e+13  6.014885e-01  0.000000e+00  7.241461e-01  3.985115e-01
-4.90000e+00  2.00000e+00       2.710e+14  7.942767e-01  0.000000e+00  4.755095e-01  2.057233e-01
-4.20000e+00  2.00000e+00       6.519e+14  8.821481e-01  0.000000e+00  1.423160e-01  1.178519e-01
-3.50000e+00  2.00000e+00       1.081e+15  7.770226e-01  0.000000e+00 -2.151781e-01  2.229774e-01
-2.80000e+00  2.00000e+00       1.275e+15  3.707067e-01  0.000000e+00 -3.453793e-01  6.292933e-01
-2.10000e+00  2.00000e+00       1.341e+15 -1.290546e-01  0.000000e+00 -1.791188e-01  8.709454e-01
-1.40000e+00  2.00000e+00       2.126e+15 -4.521737e-02  0.000000e+00 -6.125682e-01  9.547826e-01
-7.00000e-01  2.00000e+00       3.191e+15  7.876528e-02  0.000000e+00 -7.627625e-01  9.212347e-01
 0.00000e+00  2.00000e+00       3.074e+15  9.211882e-02  0.000000e+00 -3.410542e-15  9.078812e-01
 7.00000e-01  2.00000e+00       3.191e+15  7.876528e-02  0.000000e+00  7.627625e-01  9.212347e-01
 1.40000e+00  2.00000e+00       2.126e+15 -4.521737e-02  0.000000e+00  6.125682e-01  9.547826e-01
 2.10000e+00  2.00000e+00       1.341e+15 -1.290546e-01  0.000000e+00  1.791188e-01  8.709454e-01
 2.80000e+00  2.00000e+00       1.275e+15  3.707067e-01  0.000000e+00  3.453793e-01  6.292933e-01
 3.50000e+00  2.00000e+00       1.081e+15  7.770226e-01  0.000000e+00  2.151781e-01  2.229774e-01
 4.20000e+00  2.00000e+00       6.519e+14  8.821481e-01  0.000000e+00 -1.423160e-01  1.178519e-01
 4.90000e+00  2.00000e+00       2.710e+14  7.942767e-01  0.000000e+00 -4.755095e-01  2.057233e-01
 5.60000e+00  2.00000e+00       7.933e+13  6.014885e-01  0.000000e+00 -7.241461e-01  3.985115e-01
 6.30000e+00  2.00000e+00       1.652e+13  3.591395e-01  0.000000e+00 -8.807062e-01  6.408605e-01
 7.00000e+00  2.00000e+00       2.431e+12  1.047255e-01  0.000000e+00 -9.519755e-01  8.952745e-01
-7.00000e+00  2.40000e+00       9.275e+11  5.207928e-01  0.000000e+00  8.013971e-01  4.792072e-01
-6.30000e+00  2.40000e+00       6.348e+12  7.127984e-01  0.000000e+00  6.240730e-01  2.872016e-01
-5.60000e+00  2.40000e+00       2.991e+13  8.549241e-01  0.000000e+00  3.649122e-01  1.450759e-01
-4.90000e+00  2.40000e+00       9.709e+13  8.929280e-01  0.000000e+00  2.861459e-02  1.070720e-01
-4.20000e+00  2.40000e+00       2.168e+14  7.358405e-01  0.000000e+00 -3.292280e-01  2.641595e-01
-3.50000e+00  2.40000e+00       3.496e+14  3.101392e-01  0.000000e+00 -4.726139e-01  6.898608e-01
-2.80000e+00  2.40000e+00       5.116e+14 -1.424149e-03  0.000000e+00 -1.336517e-01  9.985759e-01
-2.10000e+00  2.40000e+00       8.788e+14  4.301661e-01  0.000000e+00 -2.645450e-02  5.698339e-01
-1.40000e+00  2.40000e+00       1.114e+15  8.066710e-01  0.000000e+00 -1.910636e-01  1.933290e-01
-7.00000e-01  2.40000e+00       5.682e+14  9.126665e-01  0.000000e+00 -2.564212e-01  8.733347e-02
 0.00000e+00  2.40000e+00       1.861e+14  9.244303e-01  0.000000e+00  7.847981e-15  7.556975e-02
 7.00000e-01  2.40000e+00       5.682e+14  9.126665e-01  0.000000e+00  2.564212e-01  8.733347e-02
 1.40000e+00  2.40000e+00       1.114e+15  8.066710e-01  0.000000e+00  1.910636e-01  1.933290e-01
 2.10000e+00  2.40000e+00       8.788e+14  4.301661e-01  0.000000e+00  2.645450e-02  5.698339e-01
 2.80000e+00  2.40000e+00       5.116e+14 -1.424149e-03  0.000000e+00  1.336517e-01  9.985759e-01
 3.50000e+00  2.40000e+00       3.496e+14  3.101392e-01  0.000000e+00  4.726139e-01  6.898608e-01
 4.20000e+00  2.40000e+00       2.168e+14  7.358405e-01  0.000000e+00  3.292280e-01  2.641595e-01
 4.90000e+00  2.40000e+00       9.709e+13  8.929280e-01  0.000000e+00 -2.861459e-02  1.070720e-01
 5.60000e+00  2.40000e+00       2.991e+13  8.549241e-01  0.000000e+00 -3.649122e-01  1.450759e-01
 6.30000e+00  2.40000e+00       6.348e+12  7.127984e-01  0.000000e+00 -6.240730e-01  2.872016e-01
 7.00000e+00  2.40000e+00       9.275e+11  5.207928e-01  0.000000e+00 -8.013971e-01  4.792072e-01
-7.00000e+00  2.80000e+00       2.292e+11  8.510253e-01  0.000000e+00  3.837357e-01  1.489747e-01
-6.30000e+00  2.80000e+00       1.552e+12  9.165463e-01  0.000000e+00  1.035823e-01  8.345370e-02
-5.60000e+00  2.80000e+00       7.102e+12  8.507302e-01  0.000000e+00 -2.320198e-01  1.492698e-01
-4.90000e+00  2.80000e+00       2.222e+13  5.739395e-01  0.000000e+00 -5.352778e-01  4.260605e-01
-4.20000e+00  2.80000e+00       5.072e+13  8.075714e-02  0.000000e+00 -5.469006e-01  9.192429e-01
-3.50000e+00  2.80000e+00       1.008e+14 -1.861872e-01  0.000000e+00 -4.734730e-02  8.138128e-01
-2.80000e+00  2.80000e+00       1.971e+14  1.886534e-01  0.000000e+00  2.177834e-01  8.113466e-01
-2.10000e+00  2.80000e+00       3.013e+14  6.132052e-01  0.000000e+00 -9.478100e-02  3.867948e-01
-1.40000e+00  2.80000e+00       2.381e+14  7.495604e-01  0.000000e+00 -3.469670e-01  2.504396e-01
-7.00000e-01  2.80000e+00       1.082e+14  4.037248e-01  0.000000e+00 -3.130924e-01  5.962752e-01
 0.00000e+00  2.80000e+00       8.667e+13 -9.546517e-02  0.000000e+00 -9.234609e-16  9.045348e-01
 7.00000e-01  2.80000e+00       1.082e+14  4.037248e-01  0.000000e+00  3.130924e-01  5.962752e-01
 1.40000e+00  2.80000e+00       2.381e+14  7.495604e-01  0.000000e+00  3.469670e-01  2.504396e-01
 2.10000e+00  2.80000e+00       3.013e+14  6.132052e-01  0.000000e+00  9.478100e-02  3.867948e-01
 2.80000e+00  2.80000e+00       1.971e+14  1.886534e-01  0.000000e+00 -2.177834e-01  8.113466e-01
 3.50000e+00  2.80000e+00       1.008e+14 -1.861872e-01  0.000000e+00  4.734730e-02  8.138128e-01
 4.20000e+00  2.80000e+00       5.072e+13  8.075714e-02  0.000000e+00  5.469006e-01  9.192429e-01
 4.90000e+00  2.80000e+00       2.222e+13  5.739395e-01  0.000000e+00  5.352778e-01  4.260605e-01
 5.60000e+00  2.80000e+00       7.102e+12  8.507302e-01  0.000000e+00  2.320198e-01  1.492698e-01
 6.30000e+00  2.80000e+00       1.552e+12  9.165463e-01  0.000000e+00 -1.035823e-01  8.345370e-02
 7.00000e+00  2.80000e+00       2.292e+11  8.510253e-01  0.000000e+00 -3.837357e-01  1.489747e-01
-7.00000e+00  3.20000e+00       3.599e+10  7.888202e-01  0.000000e+00 -2.890430e-01  2.111798e-01
-6.30000e+00  3.20000e+00       2.303e+11  6.139710e-01  0.000000e+00 -5.665019e-01  3.860290e-01
-5.60000e+00  3.20000e+00       1.031e+12  1.989157e-01  0.000000e+00 -7.034234e-01  8.010843e-01
-4.90000e+00  3.20000e+00       3.510e+12 -2.738693e-01  0.000000e+00 -4.316540e-01  7.261307e-01
-4.20000e+00  3.20000e+00       1.050e+13 -2.834471e-01  0.000000e+00  1.822109e-01  7.165529e-01
-3.50000e+00  3.20000e+00       2.770e+13  1.820844e-01  0.000000e+00  3.920600e-01  8.179156e-01
-2.80000e+00  3.20000e+00       5.492e+13  4.337358e-01  0.000000e+00 -1.007738e-02  5.662642e-01
-2.10000e+00  3.20000e+00       8.767e+13  4.945810e-01  0.000000e+00 -4.683704e-01  5.054190e-01
-1.40000e+00  3.20000e+00       1.600e+14  7.627570e-01  0.000000e+00 -4.505353e-01  2.372430e-01
-7.00000e-01  3.20000e+00       1.995e+14  8.797356e-01  0.000000e+00 -3.497437e-01  1.202644e-01
 0.00000e+00  3.20000e+00       1.588e+14  8.940657e-01  0.000000e+00  5.604725e-15  1.059343e-01
 7.00000e-01  3.20000e+00       1.995e+14  8.797356e-01  0.000000e+00  3.497437e-01  1.202644e-01
 1.40000e+00  3.20000e+00       1.600e+14  7.627570e-01  0.000000e+00  4.505353e-01  2.372430e-01
 2.10000e+00  3.20000e+00       8.767e+13  4.945810e-01  0.000000e+00  4.683704e-01  5.054190e-01
 2.80000e+00  3.20000e+00       5.492e+13  4.337358e-01  0.000000e+00  1.007738e-02  5.662642e-01
 3.50000e+00  3.20000e+00       2.770e+13  1.820844e-01  0.000000e+00 -3.920600e-01  8.179156e-01
 4.20000e+00  3.20000e+00       1.050e+13 -2.834471e-01  0.000000e+00 -1.822109e-01  7.165529e-01
 4.90000e+00  3.20000e+00       3.510e+12 -2.738693e-01  0.000000e+00  4.316540e-01  7.261307e-01
 5.60000e+00  3.20000e+00       1.031e+12  1.989157e-01  0.000000e+00  7.034234e-01  8.010843e-01
 6.30000e+00  3.20000e+00       2.303e+11  6.139710e-01  0.000000e+00  5.665019e-01  3.860290e-01
 7.00000e+00  3.20000e+00       3.599e+10  7.888202e-01  0.000000e+00  2.890430e-01  2.111798e-01
-7.00000e+00  3.60000e+00       4.527e+09 -1.494842e-01  0.000000e+00 -5.725236e-01  8.505158e-01
-6.30000e+00  3.60000e+00       2.707e+10 -4.115435e-01  0.000000e+00 -4.740367e-01  5.884565e-01
-5.60000e+00  3.60000e+00       1.451e+11 -5.515246e-01  0.000000e+00  1.500228e-02  4.484754e-01
-4.90000e+00  3.60000e+00       6.445e+11 -1.962968e-01  0.000000e+00  4.687406e-01  8.037032e-01
-4.20000e+00  3.60000e+00       2.239e+12  3.308141e-01  0.000000e+00  4.230733e-01  6.691859e-01
-3.50000e+00  3.60000e+00       5.547e+12  4.672458e-01  0.000000e+00  3.441560e-02  5.327542e-01
-2.80000e+00  3.60000e+00       9.898e+12  6.838808e-02  0.000000e+00 -1.979171e-01  9.316119e-01
-2.10000e+00  3.60000e+00       1.627e+13 -1.491218e-01  0.000000e+00 -4.145540e-01  8.508782e-01
-1.40000e+00  3.60000e+00       2.603e+13  1.096550e-01  0.000000e+00 -7.654211e-01  8.903450e-01
-7.00000e-01  3.60000e+00       2.156e+13  2.377573e-01  0.000000e+00 -8.440808e-01  7.622427e-01
 0.00000e+00  3.60000e+00       1.173e+13  2.790894e-01  0.000000e+00 -1.290110e-14  7.209106e-01
 7.00000e-01  3.60000e+00       2.156e+13  2.377573e-01  0.000000e+00  8.440808e-01  7.622427e-01
 1.40000e+00  3.60000e+00       2.603e+13  1.096550e-01  0.000000e+00  7.654211e-01  8.903450e-01
 2.10000e+00  3.60000e+00       1.627e+13 -1.491218e-01  0.000000e+00  4.145540e-01  8.508782e-01
 2.80000e+00  3.60000e+00       9.898e+12  6.838808e-02  0.000000e+00  1.979171e-01  9.316119e-01
 3.50000e+00  3.60000e+00       5.547e+12  4.672458e-01  0.000000e+00 -3.441560e-02  5.327542e-01
 4.20000e+00  3.60000e+00       2.239e+12  3.308141e-01  0.000000e+00 -4.230733e-01  6.691859e-01
 4.90000e+00  3.60000e+00       6.445e+11 -1.962968e-01  0.000000e+00 -4.687406e-01  8.037032e-01
 5.60000e+00  3.60000e+00       1.451e+11 -5.515246e-01  0.000000e+00 -1.500228e-02  4.484754e-01
 6.30000e+00  3.60000e+00       2.707e+10 -4.115435e-01  0.000000e+00  4.740367e-01  5.884565e-01
 7.00000e+00  3.60000e+00       4.527e+09 -1.494842e-01  0.000000e+00  5.725236e-01  8.505158e-01
-7.00000e+00  4.00000e+00       1.244e+09 -7.224422e-01  0.000000e+00  9.274774e-02  2.775578e-01
-6.30000e+00  4.00000e+00       4.387e+09 -4.516151e-01  0.000000e+00  4.639792e-01  5.483849e-01
-5.60000e+00  4.00000e+00       2.082e+10  1.079218e-01  0.000000e+00  5.950948e-01  8.920782e-01
-4.90000e+00  4.00000e+00       9.161e+10  5.086731e-01  0.000000e+00  2.687852e-01  4.913269e-01
-4.20000e+00  4.00000e+00       2.965e+11  4.280069e-01  0.000000e+00 -1.573151e-01  5.719931e-01
-3.50000e+00  4.00000e+00       7.148e+11  8.937536e-02  0.000000e+00 -1.641553e-01  9.106246e-01
-2.80000e+00  4.00000e+00       1.477e+12  9.544336e-02  0.000000e+00  2.678076e-01  9.045566e-01
-2.10000e+00  4.00000e+00       2.621e+12 -4.011989e-02  0.000000e+00  5.463407e-01  9.598801e-01
-1.40000e+00  4.00000e+00       3.652e+12 -4.613452e-01  0.000000e+00  5.843242e-01  5.386548e-01
-7.00000e-01  4.00000e+00       2.758e+12 -4.951268e-01  0.000000e+00  5.227098e-01  5.048732e-01
 0.00000e+00  4.00000e+00       1.576e+12 -2.104783e-01  0.000000e+00  1.111523e-14  7.895217e-01
 7.00000e-01  4.00000e+00       2.758e+12 -4.951268e-01  0.000000e+00 -5.227098e-01  5.048732e-01
 1.40000e+00  4.00000e+00       3.652e+12 -4.613452e-01  0.000000e+00 -5.843242e-01  5.386548e-01
 2.10000e+00  4.00000e+00       2.621e+12 -4.011989e-02  0.000000e+00 -5.463407e-01  9.598801e-01
 2.80000e+00  4.00000e+00       1.477e+12  9.544336e-02  0.000000e+00 -2.678076e-01  9.045566e-01
 3.50000e+00  4.00000e+00       7.148e+11  8.937536e-02  0.000000e+00  1.641553e-01  9.106246e-01
 4.20000e+00  4.00000e+00       2.965e+11  4.280069e-01  0.000000e+00  1.573151e-01  5.719931e-01
 4.90000e+00  4.00000e+00       9.161e+10  5.086731e-01  0.000000e+00 -2.687852e-01  4.913269e-01
 5.60000e+00  4.00000e+00       2.082e+10  1.079218e-01  0.000000e+00 -5.950948e-01  8.920782e-01
 6.30000e+00  4.00000e+00       4.387e+09 -4.516151e-01  0.000000e+00 -4.639792e-01  5.483849e-01
 7.00000e+00  4.00000e+00       1.244e+09 -7.224422e-01  0.000000e+00 -9.274774e-02  2.775578e-01
