 EB(GeV)    EMITTANCEx EMITTANCEy SIZEx(m)   SIZEy(m)   DIVx(rad)  DIVy(rad)
 2.411e+00  5.499e-09  1.017e-12  8.711e-05  1.009e-06  6.313e-05  1.009e-06
 betax      alphax     betay      alphay     eta        deta       E_spread  
 1.380e+00  0.000e+00  1.000e+00  0.000e+00  0.000e+00  0.000e+00  8.600e-04
 Ibeam(A)   period(cm) #periods   Kx         Ky         Energy(eV)
 4.005e-01  1.900e+00         96  0.000e+00  1.780e+00  4.596e+04


           x            y       F.Density            PL            PC          PL45        1-|PL|
          mm           mm  ph/s/mr^2/0.1%             -             -             -             -
-7.00000e+00 -4.00000e+00       1.327e+00 -9.063504e-01  0.000000e+00  4.934189e-01  9.364962e-02
-6.30000e+00 -4.00000e+00       8.450e+00 -8.708175e-01  0.000000e+00  4.273437e-01  1.291825e-01
-5.60000e+00 -4.00000e+00       1.123e+02  6.554984e-01  0.000000e+00  5.778786e-02  3.445016e-01
-4.90000e+00 -4.00000e+00       2.377e+03  9.573751e-01  0.000000e+00  4.185179e-03  4.262488e-02
-4.20000e+00 -4.00000e+00       1.013e+04  9.510732e-01  0.000000e+00  2.321340e-02  4.892684e-02
-3.50000e+00 -4.00000e+00       4.941e+03  9.857484e-01  0.000000e+00  3.303174e-01  1.425159e-02
-2.80000e+00 -4.00000e+00       4.067e+05  7.670353e-01  0.000000e+00 -2.543121e-02  2.329647e-01
-2.10000e+00 -4.00000e+00       6.122e+06  5.469399e-01  0.000000e+00 -5.699094e-02  4.530601e-01
-1.40000e+00 -4.00000e+00       4.845e+07  5.004755e-01  0.000000e+00 -5.093412e-02  4.995245e-01
-7.00000e-01 -4.00000e+00       1.670e+08  5.238434e-01  0.000000e+00 -2.874112e-02  4.761566e-01
 0.00000e+00 -4.00000e+00       2.491e+08  5.386294e-01  0.000000e+00 -2.344275e-16  4.613706e-01
 7.00000e-01 -4.00000e+00       1.670e+08  5.238434e-01  0.000000e+00  2.874112e-02  4.761566e-01
 1.40000e+00 -4.00000e+00       4.845e+07  5.004755e-01  0.000000e+00  5.093412e-02  4.995245e-01
 2.10000e+00 -4.00000e+00       6.122e+06  5.469399e-01  0.000000e+00  5.699094e-02  4.530601e-01
 2.80000e+00 -4.00000e+00       4.067e+05  7.670353e-01  0.000000e+00  2.543121e-02  2.329647e-01
 3.50000e+00 -4.00000e+00       4.941e+03  9.857484e-01  0.000000e+00 -3.303174e-01  1.425159e-02
 4.20000e+00 -4.00000e+00       1.013e+04  9.510732e-01  0.000000e+00 -2.321340e-02  4.892684e-02
 4.90000e+00 -4.00000e+00       2.377e+03  9.573751e-01  0.000000e+00 -4.185179e-03  4.262488e-02
 5.60000e+00 -4.00000e+00       1.123e+02  6.554984e-01  0.000000e+00 -5.778786e-02  3.445016e-01
 6.30000e+00 -4.00000e+00       8.450e+00 -8.708175e-01  0.000000e+00 -4.273437e-01  1.291825e-01
 7.00000e+00 -4.00000e+00       1.327e+00 -9.063502e-01  0.000000e+00 -4.934190e-01  9.364976e-02
-7.00000e+00 -3.60000e+00       8.740e+00 -6.464004e-01  0.000000e+00  7.524901e-01  3.535996e-01
-6.30000e+00 -3.60000e+00       2.213e+01 -7.236072e-01  0.000000e+00  6.276716e-01  2.763928e-01
-5.60000e+00 -3.60000e+00       1.418e+02  5.450786e-01  0.000000e+00  9.352916e-02  4.549214e-01
-4.90000e+00 -3.60000e+00       2.778e+03  9.460165e-01  0.000000e+00  4.307547e-03  5.398350e-02
-4.20000e+00 -3.60000e+00       1.179e+04  9.472105e-01  0.000000e+00  2.749791e-02  5.278955e-02
-3.50000e+00 -3.60000e+00       8.204e+03  8.482267e-01  0.000000e+00  3.183954e-01  1.517733e-01
-2.80000e+00 -3.60000e+00       3.260e+05  8.797738e-01  0.000000e+00  1.236411e-02  1.202262e-01
-2.10000e+00 -3.60000e+00       4.655e+06  5.599185e-01  0.000000e+00 -2.529950e-02  4.400815e-01
-1.40000e+00 -3.60000e+00       4.792e+07  4.882843e-01  0.000000e+00 -2.450695e-02  5.117157e-01
-7.00000e-01 -3.60000e+00       2.099e+08  5.107379e-01  0.000000e+00 -1.343998e-02  4.892621e-01
 0.00000e+00 -3.60000e+00       3.421e+08  5.217567e-01  0.000000e+00 -4.334536e-16  4.782433e-01
 7.00000e-01 -3.60000e+00       2.099e+08  5.107379e-01  0.000000e+00  1.343998e-02  4.892621e-01
 1.40000e+00 -3.60000e+00       4.792e+07  4.882843e-01  0.000000e+00  2.450695e-02  5.117157e-01
 2.10000e+00 -3.60000e+00       4.655e+06  5.599185e-01  0.000000e+00  2.529950e-02  4.400815e-01
 2.80000e+00 -3.60000e+00       3.260e+05  8.797738e-01  0.000000e+00 -1.236411e-02  1.202262e-01
 3.50000e+00 -3.60000e+00       8.204e+03  8.482267e-01  0.000000e+00 -3.183954e-01  1.517733e-01
 4.20000e+00 -3.60000e+00       1.179e+04  9.472105e-01  0.000000e+00 -2.749791e-02  5.278955e-02
 4.90000e+00 -3.60000e+00       2.778e+03  9.460165e-01  0.000000e+00 -4.307547e-03  5.398350e-02
 5.60000e+00 -3.60000e+00       1.418e+02  5.450786e-01  0.000000e+00 -9.352916e-02  4.549214e-01
 6.30000e+00 -3.60000e+00       2.213e+01 -7.236072e-01  0.000000e+00 -6.276716e-01  2.763928e-01
 7.00000e+00 -3.60000e+00       8.740e+00 -6.464004e-01  0.000000e+00 -7.524901e-01  3.535996e-01
-7.00000e+00 -3.20000e+00       8.039e+00 -4.957995e-01  0.000000e+00  8.401210e-01  5.042005e-01
-6.30000e+00 -3.20000e+00       1.637e+01 -6.397429e-01  0.000000e+00  6.786326e-01  3.602571e-01
-5.60000e+00 -3.20000e+00       1.537e+02  7.084220e-01  0.000000e+00  4.661864e-02  2.915780e-01
-4.90000e+00 -3.20000e+00       3.341e+03  9.478495e-01  0.000000e+00 -4.681733e-05  5.215052e-02
-4.20000e+00 -3.20000e+00       1.425e+04  9.412637e-01  0.000000e+00  2.998568e-02  5.873630e-02
-3.50000e+00 -3.20000e+00       1.023e+04  8.466074e-01  0.000000e+00  3.697768e-01  1.533926e-01
-2.80000e+00 -3.20000e+00       3.698e+05  8.981144e-01  0.000000e+00  2.594957e-02  1.018856e-01
-2.10000e+00 -3.20000e+00       5.574e+06  5.558249e-01  0.000000e+00 -1.248954e-02  4.441751e-01
-1.40000e+00 -3.20000e+00       6.513e+07  4.840588e-01  0.000000e+00 -1.365881e-02  5.159412e-01
-7.00000e-01 -3.20000e+00       3.104e+08  5.025204e-01  0.000000e+00 -7.608918e-03  4.974796e-01
 0.00000e+00 -3.20000e+00       5.210e+08  5.107604e-01  0.000000e+00  1.071475e-16  4.892396e-01
 7.00000e-01 -3.20000e+00       3.104e+08  5.025204e-01  0.000000e+00  7.608918e-03  4.974796e-01
 1.40000e+00 -3.20000e+00       6.513e+07  4.840588e-01  0.000000e+00  1.365881e-02  5.159412e-01
 2.10000e+00 -3.20000e+00       5.574e+06  5.558249e-01  0.000000e+00  1.248954e-02  4.441751e-01
 2.80000e+00 -3.20000e+00       3.698e+05  8.981144e-01  0.000000e+00 -2.594957e-02  1.018856e-01
 3.50000e+00 -3.20000e+00       1.023e+04  8.466074e-01  0.000000e+00 -3.697768e-01  1.533926e-01
 4.20000e+00 -3.20000e+00       1.425e+04  9.412637e-01  0.000000e+00 -2.998568e-02  5.873630e-02
 4.90000e+00 -3.20000e+00       3.341e+03  9.478495e-01  0.000000e+00  4.681734e-05  5.215052e-02
 5.60000e+00 -3.20000e+00       1.537e+02  7.084220e-01  0.000000e+00 -4.661864e-02  2.915780e-01
 6.30000e+00 -3.20000e+00       1.637e+01 -6.397429e-01  0.000000e+00 -6.786326e-01  3.602571e-01
 7.00000e+00 -3.20000e+00       8.039e+00 -4.957995e-01  0.000000e+00 -8.401210e-01  5.042005e-01
-7.00000e+00 -2.80000e+00       2.404e+01 -2.365911e-01  0.000000e+00  9.456782e-01  7.634089e-01
-6.30000e+00 -2.80000e+00       2.921e+01 -4.613377e-01  0.000000e+00  7.844689e-01  5.386623e-01
-5.60000e+00 -2.80000e+00       2.016e+02  6.613776e-01  0.000000e+00  5.813915e-02  3.386224e-01
-4.90000e+00 -2.80000e+00       4.227e+03  9.398912e-01  0.000000e+00 -3.274228e-03  6.010882e-02
-4.20000e+00 -2.80000e+00       1.804e+04  9.348187e-01  0.000000e+00  3.168751e-02  6.518135e-02
-3.50000e+00 -2.80000e+00       1.388e+04  8.272559e-01  0.000000e+00  4.068150e-01  1.727441e-01
-2.80000e+00 -2.80000e+00       3.570e+05  9.699920e-01  0.000000e+00  5.437327e-02  3.000796e-02
-2.10000e+00 -2.80000e+00       3.420e+06  6.316214e-01  0.000000e+00  1.543518e-02  3.683786e-01
-1.40000e+00 -2.80000e+00       4.689e+07  4.888797e-01  0.000000e+00  3.923261e-03  5.111203e-01
-7.00000e-01 -2.80000e+00       2.801e+08  5.147354e-01  0.000000e+00  7.261254e-04  4.852646e-01
 0.00000e+00 -2.80000e+00       5.079e+08  5.234660e-01  0.000000e+00  4.878806e-17  4.765340e-01
 7.00000e-01 -2.80000e+00       2.801e+08  5.147354e-01  0.000000e+00 -7.261254e-04  4.852646e-01
 1.40000e+00 -2.80000e+00       4.689e+07  4.888797e-01  0.000000e+00 -3.923261e-03  5.111203e-01
 2.10000e+00 -2.80000e+00       3.420e+06  6.316214e-01  0.000000e+00 -1.543518e-02  3.683786e-01
 2.80000e+00 -2.80000e+00       3.570e+05  9.699920e-01  0.000000e+00 -5.437327e-02  3.000796e-02
 3.50000e+00 -2.80000e+00       1.388e+04  8.272559e-01  0.000000e+00 -4.068150e-01  1.727441e-01
 4.20000e+00 -2.80000e+00       1.804e+04  9.348187e-01  0.000000e+00 -3.168751e-02  6.518135e-02
 4.90000e+00 -2.80000e+00       4.227e+03  9.398912e-01  0.000000e+00  3.274228e-03  6.010882e-02
 5.60000e+00 -2.80000e+00       2.016e+02  6.613776e-01  0.000000e+00 -5.813915e-02  3.386224e-01
 6.30000e+00 -2.80000e+00       2.921e+01 -4.613377e-01  0.000000e+00 -7.844689e-01  5.386623e-01
 7.00000e+00 -2.80000e+00       2.404e+01 -2.365911e-01  0.000000e+00 -9.456782e-01  7.634089e-01
-7.00000e+00 -2.40000e+00       2.049e+01 -1.230426e-01  0.000000e+00  9.496796e-01  8.769574e-01
-6.30000e+00 -2.40000e+00       3.210e+01 -4.099237e-01  0.000000e+00  7.875318e-01  5.900763e-01
-5.60000e+00 -2.40000e+00       2.798e+02  6.587866e-01  0.000000e+00  3.105838e-02  3.412134e-01
-4.90000e+00 -2.40000e+00       6.227e+03  8.887173e-01  0.000000e+00 -2.998164e-02  1.112827e-01
-4.20000e+00 -2.40000e+00       7.333e+04  6.624610e-01  0.000000e+00 -8.078164e-02  3.375390e-01
-3.50000e+00 -2.40000e+00       1.869e+06  5.315233e-01  0.000000e+00 -1.164092e-01  4.684767e-01
-2.80000e+00 -2.40000e+00       2.809e+07  5.400289e-01  0.000000e+00 -1.000715e-01  4.599711e-01
-2.10000e+00 -2.40000e+00       1.750e+08  5.313767e-01  0.000000e+00 -7.898417e-02  4.686233e-01
-1.40000e+00 -2.40000e+00       5.297e+08  5.230727e-01  0.000000e+00 -5.448080e-02  4.769273e-01
-7.00000e-01 -2.40000e+00       9.077e+08  5.278466e-01  0.000000e+00 -2.792357e-02  4.721534e-01
 0.00000e+00 -2.40000e+00       1.051e+09  5.361097e-01  0.000000e+00  9.436205e-17  4.638903e-01
 7.00000e-01 -2.40000e+00       9.077e+08  5.278466e-01  0.000000e+00  2.792357e-02  4.721534e-01
 1.40000e+00 -2.40000e+00       5.297e+08  5.230727e-01  0.000000e+00  5.448080e-02  4.769273e-01
 2.10000e+00 -2.40000e+00       1.750e+08  5.313767e-01  0.000000e+00  7.898417e-02  4.686233e-01
 2.80000e+00 -2.40000e+00       2.809e+07  5.400289e-01  0.000000e+00  1.000715e-01  4.599711e-01
 3.50000e+00 -2.40000e+00       1.869e+06  5.315233e-01  0.000000e+00  1.164092e-01  4.684767e-01
 4.20000e+00 -2.40000e+00       7.333e+04  6.624610e-01  0.000000e+00  8.078164e-02  3.375390e-01
 4.90000e+00 -2.40000e+00       6.227e+03  8.887173e-01  0.000000e+00  2.998164e-02  1.112827e-01
 5.60000e+00 -2.40000e+00       2.798e+02  6.587866e-01  0.000000e+00 -3.105838e-02  3.412134e-01
 6.30000e+00 -2.40000e+00       3.210e+01 -4.099237e-01  0.000000e+00 -7.875318e-01  5.900763e-01
 7.00000e+00 -2.40000e+00       2.049e+01 -1.230426e-01  0.000000e+00 -9.496796e-01  8.769574e-01
-7.00000e+00 -2.00000e+00       2.706e+01  5.291576e-02  0.000000e+00  9.371579e-01  9.470842e-01
-6.30000e+00 -2.00000e+00       8.755e+01  9.108437e-02  0.000000e+00  2.335168e-01  9.089156e-01
-5.60000e+00 -2.00000e+00       7.262e+03  5.473126e-01  0.000000e+00 -3.042027e-01  4.526874e-01
-4.90000e+00 -2.00000e+00       3.720e+05  5.561949e-01  0.000000e+00 -3.011138e-01  4.438051e-01
-4.20000e+00 -2.00000e+00       7.093e+06  5.597282e-01  0.000000e+00 -2.703572e-01  4.402718e-01
-3.50000e+00 -2.00000e+00       6.088e+07  5.708132e-01  0.000000e+00 -2.135601e-01  4.291868e-01
-2.80000e+00 -2.00000e+00       2.808e+08  5.796884e-01  0.000000e+00 -1.522358e-01  4.203116e-01
-2.10000e+00 -2.00000e+00       7.509e+08  5.780911e-01  0.000000e+00 -1.017971e-01  4.219089e-01
-1.40000e+00 -2.00000e+00       1.295e+09  5.700042e-01  0.000000e+00 -6.017713e-02  4.299958e-01
-7.00000e-01 -2.00000e+00       1.585e+09  5.700707e-01  0.000000e+00 -2.855505e-02  4.299293e-01
 0.00000e+00 -2.00000e+00       1.586e+09  5.770849e-01  0.000000e+00 -9.014296e-17  4.229151e-01
 7.00000e-01 -2.00000e+00       1.585e+09  5.700707e-01  0.000000e+00  2.855505e-02  4.299293e-01
 1.40000e+00 -2.00000e+00       1.295e+09  5.700042e-01  0.000000e+00  6.017713e-02  4.299958e-01
 2.10000e+00 -2.00000e+00       7.509e+08  5.780911e-01  0.000000e+00  1.017971e-01  4.219089e-01
 2.80000e+00 -2.00000e+00       2.808e+08  5.796884e-01  0.000000e+00  1.522358e-01  4.203116e-01
 3.50000e+00 -2.00000e+00       6.088e+07  5.708132e-01  0.000000e+00  2.135601e-01  4.291868e-01
 4.20000e+00 -2.00000e+00       7.093e+06  5.597282e-01  0.000000e+00  2.703572e-01  4.402718e-01
 4.90000e+00 -2.00000e+00       3.720e+05  5.561949e-01  0.000000e+00  3.011138e-01  4.438051e-01
 5.60000e+00 -2.00000e+00       7.262e+03  5.473126e-01  0.000000e+00  3.042027e-01  4.526874e-01
 6.30000e+00 -2.00000e+00       8.755e+01  9.108438e-02  0.000000e+00 -2.335168e-01  9.089156e-01
 7.00000e+00 -2.00000e+00       2.706e+01  5.291577e-02  0.000000e+00 -9.371579e-01  9.470842e-01
-7.00000e+00 -1.60000e+00       2.872e+01  2.430704e-01  0.000000e+00  9.187258e-01  7.569296e-01
-6.30000e+00 -1.60000e+00       5.143e+01  3.086588e-02  0.000000e+00  7.164681e-01  9.691341e-01
-5.60000e+00 -1.60000e+00       2.455e+03  6.775651e-01  0.000000e+00 -1.409810e-01  3.224349e-01
-4.90000e+00 -1.60000e+00       2.289e+05  6.675394e-01  0.000000e+00 -1.528167e-01  3.324606e-01
-4.20000e+00 -1.60000e+00       8.758e+06  6.566994e-01  0.000000e+00 -1.475122e-01  3.433006e-01
-3.50000e+00 -1.60000e+00       1.214e+08  6.545635e-01  0.000000e+00 -1.352183e-01  3.454365e-01
-2.80000e+00 -1.60000e+00       6.424e+08  6.527271e-01  0.000000e+00 -1.147482e-01  3.472729e-01
-2.10000e+00 -1.60000e+00       1.577e+09  6.467782e-01  0.000000e+00 -8.318309e-02  3.532218e-01
-1.40000e+00 -1.60000e+00       2.460e+09  6.370976e-01  0.000000e+00 -4.628270e-02  3.629024e-01
-7.00000e-01 -1.60000e+00       2.840e+09  6.343309e-01  0.000000e+00 -1.977765e-02  3.656691e-01
 0.00000e+00 -1.60000e+00       2.737e+09  6.381617e-01  0.000000e+00  1.420107e-15  3.618383e-01
 7.00000e-01 -1.60000e+00       2.840e+09  6.343309e-01  0.000000e+00  1.977765e-02  3.656691e-01
 1.40000e+00 -1.60000e+00       2.460e+09  6.370976e-01  0.000000e+00  4.628270e-02  3.629024e-01
 2.10000e+00 -1.60000e+00       1.577e+09  6.467782e-01  0.000000e+00  8.318309e-02  3.532218e-01
 2.80000e+00 -1.60000e+00       6.424e+08  6.527271e-01  0.000000e+00  1.147482e-01  3.472729e-01
 3.50000e+00 -1.60000e+00       1.214e+08  6.545635e-01  0.000000e+00  1.352183e-01  3.454365e-01
 4.20000e+00 -1.60000e+00       8.758e+06  6.566994e-01  0.000000e+00  1.475122e-01  3.433006e-01
 4.90000e+00 -1.60000e+00       2.289e+05  6.675394e-01  0.000000e+00  1.528167e-01  3.324606e-01
 5.60000e+00 -1.60000e+00       2.455e+03  6.775651e-01  0.000000e+00  1.409810e-01  3.224349e-01
 6.30000e+00 -1.60000e+00       5.143e+01  3.086588e-02  0.000000e+00 -7.164681e-01  9.691341e-01
 7.00000e+00 -1.60000e+00       2.872e+01  2.430704e-01  0.000000e+00 -9.187258e-01  7.569296e-01
-7.00000e+00 -1.20000e+00       3.534e+01  4.616149e-01  0.000000e+00  8.429430e-01  5.383851e-01
-6.30000e+00 -1.20000e+00       1.287e+02  5.030966e-01  0.000000e+00  3.524832e-01  4.969034e-01
-5.60000e+00 -1.20000e+00       8.653e+03  6.928401e-01  0.000000e+00 -2.531383e-02  3.071599e-01
-4.90000e+00 -1.20000e+00       4.497e+05  6.996936e-01  0.000000e+00 -5.494389e-02  3.003064e-01
-4.20000e+00 -1.20000e+00       1.303e+07  7.050320e-01  0.000000e+00 -7.105454e-02  2.949680e-01
-3.50000e+00 -1.20000e+00       1.837e+08  7.098355e-01  0.000000e+00 -7.418346e-02  2.901645e-01
-2.80000e+00 -1.20000e+00       1.154e+09  7.028576e-01  0.000000e+00 -7.145956e-02  2.971424e-01
-2.10000e+00 -1.20000e+00       3.623e+09  6.731210e-01  0.000000e+00 -7.379747e-02  3.268790e-01
-1.40000e+00 -1.20000e+00       7.536e+09  6.272345e-01  0.000000e+00 -7.645577e-02  3.727655e-01
-7.00000e-01 -1.20000e+00       1.325e+10  6.138955e-01  0.000000e+00 -4.402598e-02  3.861045e-01
 0.00000e+00 -1.20000e+00       1.704e+10  6.198891e-01  0.000000e+00  2.626589e-14  3.801109e-01
 7.00000e-01 -1.20000e+00       1.325e+10  6.138955e-01  0.000000e+00  4.402598e-02  3.861045e-01
 1.40000e+00 -1.20000e+00       7.536e+09  6.272345e-01  0.000000e+00  7.645577e-02  3.727655e-01
 2.10000e+00 -1.20000e+00       3.623e+09  6.731210e-01  0.000000e+00  7.379747e-02  3.268790e-01
 2.80000e+00 -1.20000e+00       1.154e+09  7.028576e-01  0.000000e+00  7.145956e-02  2.971424e-01
 3.50000e+00 -1.20000e+00       1.837e+08  7.098355e-01  0.000000e+00  7.418346e-02  2.901645e-01
 4.20000e+00 -1.20000e+00       1.303e+07  7.050320e-01  0.000000e+00  7.105454e-02  2.949680e-01
 4.90000e+00 -1.20000e+00       4.497e+05  6.996936e-01  0.000000e+00  5.494389e-02  3.003064e-01
 5.60000e+00 -1.20000e+00       8.653e+03  6.928401e-01  0.000000e+00  2.531383e-02  3.071599e-01
 6.30000e+00 -1.20000e+00       1.287e+02  5.030966e-01  0.000000e+00 -3.524832e-01  4.969034e-01
 7.00000e+00 -1.20000e+00       3.534e+01  4.616149e-01  0.000000e+00 -8.429430e-01  5.383851e-01
-7.00000e+00 -8.00000e-01       7.072e+01  7.471975e-01  0.000000e+00  3.474427e-01  2.528025e-01
-6.30000e+00 -8.00000e-01       5.657e+03  7.831645e-01  0.000000e+00 -5.363601e-02  2.168355e-01
-5.60000e+00 -8.00000e-01       4.314e+05  7.884855e-01  0.000000e+00 -7.174440e-02  2.115145e-01
-4.90000e+00 -8.00000e-01       1.533e+07  7.858872e-01  0.000000e+00 -6.903011e-02  2.141128e-01
-4.20000e+00 -8.00000e-01       2.699e+08  7.852917e-01  0.000000e+00 -4.568380e-02  2.147083e-01
-3.50000e+00 -8.00000e-01       2.538e+09  7.884773e-01  0.000000e+00 -1.422766e-02  2.115227e-01
-2.80000e+00 -8.00000e-01       1.346e+10  7.882836e-01  0.000000e+00 -1.208794e-03  2.117164e-01
-2.10000e+00 -8.00000e-01       4.143e+10  7.623828e-01  0.000000e+00 -3.448084e-02  2.376172e-01
-1.40000e+00 -8.00000e-01       7.814e+10  7.080804e-01  0.000000e+00 -1.109064e-01  2.919196e-01
-7.00000e-01 -8.00000e-01       9.979e+10  6.837694e-01  0.000000e+00 -1.332745e-01  3.162306e-01
 0.00000e+00 -8.00000e-01       1.028e+11  6.947927e-01  0.000000e+00 -2.118755e-14  3.052073e-01
 7.00000e-01 -8.00000e-01       9.979e+10  6.837694e-01  0.000000e+00  1.332745e-01  3.162306e-01
 1.40000e+00 -8.00000e-01       7.814e+10  7.080804e-01  0.000000e+00  1.109064e-01  2.919196e-01
 2.10000e+00 -8.00000e-01       4.143e+10  7.623828e-01  0.000000e+00  3.448084e-02  2.376172e-01
 2.80000e+00 -8.00000e-01       1.346e+10  7.882836e-01  0.000000e+00  1.208794e-03  2.117164e-01
 3.50000e+00 -8.00000e-01       2.538e+09  7.884773e-01  0.000000e+00  1.422766e-02  2.115227e-01
 4.20000e+00 -8.00000e-01       2.699e+08  7.852917e-01  0.000000e+00  4.568380e-02  2.147083e-01
 4.90000e+00 -8.00000e-01       1.533e+07  7.858872e-01  0.000000e+00  6.903011e-02  2.141128e-01
 5.60000e+00 -8.00000e-01       4.314e+05  7.884855e-01  0.000000e+00  7.174440e-02  2.115145e-01
 6.30000e+00 -8.00000e-01       5.657e+03  7.831645e-01  0.000000e+00  5.363601e-02  2.168355e-01
 7.00000e+00 -8.00000e-01       7.072e+01  7.471975e-01  0.000000e+00 -3.474427e-01  2.528025e-01
-7.00000e+00 -4.00000e-01       5.355e+02  9.435288e-01  0.000000e+00  2.959523e-02  5.647120e-02
-6.30000e+00 -4.00000e-01       7.097e+04  9.381287e-01  0.000000e+00 -4.194163e-04  6.187133e-02
-5.60000e+00 -4.00000e-01       4.697e+06  9.359269e-01  0.000000e+00 -1.739334e-02  6.407307e-02
-4.90000e+00 -4.00000e-01       1.464e+08  9.347903e-01  0.000000e+00 -2.289180e-02  6.520974e-02
-4.20000e+00 -4.00000e-01       2.282e+09  9.342839e-01  0.000000e+00 -1.891003e-02  6.571615e-02
-3.50000e+00 -4.00000e-01       1.948e+10  9.352489e-01  0.000000e+00 -1.384054e-02  6.475113e-02
-2.80000e+00 -4.00000e-01       9.589e+10  9.362070e-01  0.000000e+00 -3.503591e-03  6.379300e-02
-2.10000e+00 -4.00000e-01       2.925e+11  9.385759e-01  0.000000e+00  2.628199e-02  6.142411e-02
-1.40000e+00 -4.00000e-01       5.757e+11  9.382174e-01  0.000000e+00  5.484622e-02  6.178262e-02
-7.00000e-01 -4.00000e-01       6.930e+11  9.272696e-01  0.000000e+00  4.344940e-02  7.273041e-02
 0.00000e+00 -4.00000e-01       6.453e+11  9.168377e-01  0.000000e+00  3.749351e-15  8.316235e-02
 7.00000e-01 -4.00000e-01       6.930e+11  9.272696e-01  0.000000e+00 -4.344940e-02  7.273041e-02
 1.40000e+00 -4.00000e-01       5.757e+11  9.382174e-01  0.000000e+00 -5.484622e-02  6.178262e-02
 2.10000e+00 -4.00000e-01       2.925e+11  9.385759e-01  0.000000e+00 -2.628199e-02  6.142411e-02
 2.80000e+00 -4.00000e-01       9.589e+10  9.362070e-01  0.000000e+00  3.503591e-03  6.379300e-02
 3.50000e+00 -4.00000e-01       1.948e+10  9.352489e-01  0.000000e+00  1.384054e-02  6.475113e-02
 4.20000e+00 -4.00000e-01       2.282e+09  9.342839e-01  0.000000e+00  1.891003e-02  6.571615e-02
 4.90000e+00 -4.00000e-01       1.464e+08  9.347903e-01  0.000000e+00  2.289180e-02  6.520974e-02
 5.60000e+00 -4.00000e-01       4.697e+06  9.359269e-01  0.000000e+00  1.739334e-02  6.407307e-02
 6.30000e+00 -4.00000e-01       7.097e+04  9.381287e-01  0.000000e+00  4.194163e-04  6.187133e-02
 7.00000e+00 -4.00000e-01       5.355e+02  9.435288e-01  0.000000e+00 -2.959523e-02  5.647120e-02
-7.00000e+00  0.00000e+00       4.874e+03  9.999910e-01  0.000000e+00 -5.063289e-12  9.047800e-06
-6.30000e+00  0.00000e+00       2.840e+05  9.999714e-01  0.000000e+00 -2.783648e-13  2.857101e-05
-5.60000e+00  0.00000e+00       1.034e+07  9.999295e-01  0.000000e+00 -2.972270e-12  7.051840e-05
-4.90000e+00  0.00000e+00       2.704e+08  9.999048e-01  0.000000e+00 -1.790298e-11  9.515681e-05
-4.20000e+00  0.00000e+00       4.208e+09  9.999236e-01  0.000000e+00 -5.516068e-11  7.642181e-05
-3.50000e+00  0.00000e+00       3.585e+10  9.999582e-01  0.000000e+00 -9.537462e-11  4.182297e-05
-2.80000e+00  0.00000e+00       1.694e+11  9.999697e-01  0.000000e+00 -9.139816e-11  3.025762e-05
-2.10000e+00  0.00000e+00       4.839e+11  9.999560e-01  0.000000e+00 -3.965269e-11  4.395245e-05
-1.40000e+00  0.00000e+00       1.060e+12  9.999482e-01  0.000000e+00  4.447162e-12  5.182047e-05
-7.00000e-01  0.00000e+00       2.157e+12  9.999570e-01  0.000000e+00  7.872173e-12  4.296104e-05
 0.00000e+00  0.00000e+00       2.960e+12  9.999622e-01  0.000000e+00 -4.196941e-18  3.776110e-05
 7.00000e-01  0.00000e+00       2.157e+12  9.999570e-01  0.000000e+00 -7.872190e-12  4.296104e-05
 1.40000e+00  0.00000e+00       1.060e+12  9.999482e-01  0.000000e+00 -4.447194e-12  5.182047e-05
 2.10000e+00  0.00000e+00       4.839e+11  9.999560e-01  0.000000e+00  3.965267e-11  4.395245e-05
 2.80000e+00  0.00000e+00       1.694e+11  9.999697e-01  0.000000e+00  9.139816e-11  3.025762e-05
 3.50000e+00  0.00000e+00       3.585e+10  9.999582e-01  0.000000e+00  9.537463e-11  4.182297e-05
 4.20000e+00  0.00000e+00       4.208e+09  9.999236e-01  0.000000e+00  5.516071e-11  7.642181e-05
 4.90000e+00  0.00000e+00       2.704e+08  9.999048e-01  0.000000e+00  1.790306e-11  9.515681e-05
 5.60000e+00  0.00000e+00       1.034e+07  9.999295e-01  0.000000e+00  2.971967e-12  7.051840e-05
 6.30000e+00  0.00000e+00       2.840e+05  9.999714e-01  0.000000e+00  2.497407e-13  2.857101e-05
 7.00000e+00  0.00000e+00       4.874e+03  9.999910e-01  0.000000e+00  7.211657e-12  9.047800e-06
-7.00000e+00  4.00000e-01       5.355e+02  9.435288e-01  0.000000e+00 -2.959523e-02  5.647120e-02
-6.30000e+00  4.00000e-01       7.097e+04  9.381287e-01  0.000000e+00  4.194163e-04  6.187133e-02
-5.60000e+00  4.00000e-01       4.697e+06  9.359269e-01  0.000000e+00  1.739334e-02  6.407307e-02
-4.90000e+00  4.00000e-01       1.464e+08  9.347903e-01  0.000000e+00  2.289180e-02  6.520974e-02
-4.20000e+00  4.00000e-01       2.282e+09  9.342839e-01  0.000000e+00  1.891003e-02  6.571615e-02
-3.50000e+00  4.00000e-01       1.948e+10  9.352489e-01  0.000000e+00  1.384054e-02  6.475113e-02
-2.80000e+00  4.00000e-01       9.589e+10  9.362070e-01  0.000000e+00  3.503591e-03  6.379300e-02
-2.10000e+00  4.00000e-01       2.925e+11  9.385759e-01  0.000000e+00 -2.628199e-02  6.142411e-02
-1.40000e+00  4.00000e-01       5.757e+11  9.382174e-01  0.000000e+00 -5.484622e-02  6.178262e-02
-7.00000e-01  4.00000e-01       6.930e+11  9.272696e-01  0.000000e+00 -4.344940e-02  7.273041e-02
 0.00000e+00  4.00000e-01       6.453e+11  9.168377e-01  0.000000e+00 -3.758279e-15  8.316235e-02
 7.00000e-01  4.00000e-01       6.930e+11  9.272696e-01  0.000000e+00  4.344940e-02  7.273041e-02
 1.40000e+00  4.00000e-01       5.757e+11  9.382174e-01  0.000000e+00  5.484622e-02  6.178262e-02
 2.10000e+00  4.00000e-01       2.925e+11  9.385759e-01  0.000000e+00  2.628199e-02  6.142411e-02
 2.80000e+00  4.00000e-01       9.589e+10  9.362070e-01  0.000000e+00 -3.503591e-03  6.379300e-02
 3.50000e+00  4.00000e-01       1.948e+10  9.352489e-01  0.000000e+00 -1.384054e-02  6.475113e-02
 4.20000e+00  4.00000e-01       2.282e+09  9.342839e-01  0.000000e+00 -1.891003e-02  6.571615e-02
 4.90000e+00  4.00000e-01       1.464e+08  9.347903e-01  0.000000e+00 -2.289180e-02  6.520974e-02
 5.60000e+00  4.00000e-01       4.697e+06  9.359269e-01  0.000000e+00 -1.739334e-02  6.407307e-02
 6.30000e+00  4.00000e-01       7.097e+04  9.381287e-01  0.000000e+00 -4.194163e-04  6.187133e-02
 7.00000e+00  4.00000e-01       5.355e+02  9.435288e-01  0.000000e+00  2.959523e-02  5.647120e-02
-7.00000e+00  8.00000e-01       7.072e+01  7.471975e-01  0.000000e+00 -3.474427e-01  2.528025e-01
-6.30000e+00  8.00000e-01       5.657e+03  7.831645e-01  0.000000e+00  5.363601e-02  2.168355e-01
-5.60000e+00  8.00000e-01       4.314e+05  7.884855e-01  0.000000e+00  7.174440e-02  2.115145e-01
-4.90000e+00  8.00000e-01       1.533e+07  7.858872e-01  0.000000e+00  6.903011e-02  2.141128e-01
-4.20000e+00  8.00000e-01       2.699e+08  7.852917e-01  0.000000e+00  4.568380e-02  2.147083e-01
-3.50000e+00  8.00000e-01       2.538e+09  7.884773e-01  0.000000e+00  1.422766e-02  2.115227e-01
-2.80000e+00  8.00000e-01       1.346e+10  7.882836e-01  0.000000e+00  1.208792e-03  2.117164e-01
-2.10000e+00  8.00000e-01       4.143e+10  7.623828e-01  0.000000e+00  3.448084e-02  2.376172e-01
-1.40000e+00  8.00000e-01       7.814e+10  7.080804e-01  0.000000e+00  1.109064e-01  2.919196e-01
-7.00000e-01  8.00000e-01       9.979e+10  6.837694e-01  0.000000e+00  1.332745e-01  3.162306e-01
 0.00000e+00  8.00000e-01       1.028e+11  6.947927e-01  0.000000e+00  3.741832e-14  3.052073e-01
 7.00000e-01  8.00000e-01       9.979e+10  6.837694e-01  0.000000e+00 -1.332745e-01  3.162306e-01
 1.40000e+00  8.00000e-01       7.814e+10  7.080804e-01  0.000000e+00 -1.109064e-01  2.919196e-01
 2.10000e+00  8.00000e-01       4.143e+10  7.623828e-01  0.000000e+00 -3.448084e-02  2.376172e-01
 2.80000e+00  8.00000e-01       1.346e+10  7.882836e-01  0.000000e+00 -1.208792e-03  2.117164e-01
 3.50000e+00  8.00000e-01       2.538e+09  7.884773e-01  0.000000e+00 -1.422766e-02  2.115227e-01
 4.20000e+00  8.00000e-01       2.699e+08  7.852917e-01  0.000000e+00 -4.568380e-02  2.147083e-01
 4.90000e+00  8.00000e-01       1.533e+07  7.858872e-01  0.000000e+00 -6.903011e-02  2.141128e-01
 5.60000e+00  8.00000e-01       4.314e+05  7.884855e-01  0.000000e+00 -7.174440e-02  2.115145e-01
 6.30000e+00  8.00000e-01       5.657e+03  7.831645e-01  0.000000e+00 -5.363601e-02  2.168355e-01
 7.00000e+00  8.00000e-01       7.072e+01  7.471975e-01  0.000000e+00  3.474427e-01  2.528025e-01
-7.00000e+00  1.20000e+00       3.534e+01  4.616149e-01  0.000000e+00 -8.429430e-01  5.383851e-01
-6.30000e+00  1.20000e+00       1.287e+02  5.030966e-01  0.000000e+00 -3.524832e-01  4.969034e-01
-5.60000e+00  1.20000e+00       8.653e+03  6.928401e-01  0.000000e+00  2.531382e-02  3.071599e-01
-4.90000e+00  1.20000e+00       4.497e+05  6.996936e-01  0.000000e+00  5.494387e-02  3.003064e-01
-4.20000e+00  1.20000e+00       1.303e+07  7.050320e-01  0.000000e+00  7.105450e-02  2.949680e-01
-3.50000e+00  1.20000e+00       1.837e+08  7.098355e-01  0.000000e+00  7.418342e-02  2.901645e-01
-2.80000e+00  1.20000e+00       1.154e+09  7.028576e-01  0.000000e+00  7.145953e-02  2.971424e-01
-2.10000e+00  1.20000e+00       3.623e+09  6.731210e-01  0.000000e+00  7.379746e-02  3.268790e-01
-1.40000e+00  1.20000e+00       7.536e+09  6.272345e-01  0.000000e+00  7.645577e-02  3.727655e-01
-7.00000e-01  1.20000e+00       1.325e+10  6.138955e-01  0.000000e+00  4.402598e-02  3.861045e-01
 0.00000e+00  1.20000e+00       1.704e+10  6.198890e-01  0.000000e+00 -1.671426e-14  3.801110e-01
 7.00000e-01  1.20000e+00       1.325e+10  6.138955e-01  0.000000e+00 -4.402598e-02  3.861045e-01
 1.40000e+00  1.20000e+00       7.536e+09  6.272345e-01  0.000000e+00 -7.645577e-02  3.727655e-01
 2.10000e+00  1.20000e+00       3.623e+09  6.731210e-01  0.000000e+00 -7.379746e-02  3.268790e-01
 2.80000e+00  1.20000e+00       1.154e+09  7.028576e-01  0.000000e+00 -7.145953e-02  2.971424e-01
 3.50000e+00  1.20000e+00       1.837e+08  7.098355e-01  0.000000e+00 -7.418342e-02  2.901645e-01
 4.20000e+00  1.20000e+00       1.303e+07  7.050320e-01  0.000000e+00 -7.105450e-02  2.949680e-01
 4.90000e+00  1.20000e+00       4.497e+05  6.996936e-01  0.000000e+00 -5.494387e-02  3.003064e-01
 5.60000e+00  1.20000e+00       8.653e+03  6.928401e-01  0.000000e+00 -2.531382e-02  3.071599e-01
 6.30000e+00  1.20000e+00       1.287e+02  5.030966e-01  0.000000e+00  3.524832e-01  4.969034e-01
 7.00000e+00  1.20000e+00       3.534e+01  4.616149e-01  0.000000e+00  8.429430e-01  5.383851e-01
-7.00000e+00  1.60000e+00       2.872e+01  2.430704e-01  0.000000e+00 -9.187258e-01  7.569296e-01
-6.30000e+00  1.60000e+00       5.143e+01  3.086588e-02  0.000000e+00 -7.164681e-01  9.691341e-01
-5.60000e+00  1.60000e+00       2.455e+03  6.775651e-01  0.000000e+00  1.409809e-01  3.224349e-01
-4.90000e+00  1.60000e+00       2.289e+05  6.675394e-01  0.000000e+00  1.528167e-01  3.324606e-01
-4.20000e+00  1.60000e+00       8.758e+06  6.566994e-01  0.000000e+00  1.475121e-01  3.433006e-01
-3.50000e+00  1.60000e+00       1.214e+08  6.545635e-01  0.000000e+00  1.352182e-01  3.454365e-01
-2.80000e+00  1.60000e+00       6.424e+08  6.527271e-01  0.000000e+00  1.147482e-01  3.472729e-01
-2.10000e+00  1.60000e+00       1.577e+09  6.467782e-01  0.000000e+00  8.318306e-02  3.532218e-01
-1.40000e+00  1.60000e+00       2.460e+09  6.370975e-01  0.000000e+00  4.628270e-02  3.629025e-01
-7.00000e-01  1.60000e+00       2.840e+09  6.343309e-01  0.000000e+00  1.977766e-02  3.656691e-01
 0.00000e+00  1.60000e+00       2.737e+09  6.381617e-01  0.000000e+00 -1.776562e-15  3.618383e-01
 7.00000e-01  1.60000e+00       2.840e+09  6.343309e-01  0.000000e+00 -1.977766e-02  3.656691e-01
 1.40000e+00  1.60000e+00       2.460e+09  6.370975e-01  0.000000e+00 -4.628270e-02  3.629025e-01
 2.10000e+00  1.60000e+00       1.577e+09  6.467782e-01  0.000000e+00 -8.318306e-02  3.532218e-01
 2.80000e+00  1.60000e+00       6.424e+08  6.527271e-01  0.000000e+00 -1.147482e-01  3.472729e-01
 3.50000e+00  1.60000e+00       1.214e+08  6.545635e-01  0.000000e+00 -1.352182e-01  3.454365e-01
 4.20000e+00  1.60000e+00       8.758e+06  6.566994e-01  0.000000e+00 -1.475121e-01  3.433006e-01
 4.90000e+00  1.60000e+00       2.289e+05  6.675394e-01  0.000000e+00 -1.528167e-01  3.324606e-01
 5.60000e+00  1.60000e+00       2.455e+03  6.775651e-01  0.000000e+00 -1.409809e-01  3.224349e-01
 6.30000e+00  1.60000e+00       5.143e+01  3.086588e-02  0.000000e+00  7.164681e-01  9.691341e-01
 7.00000e+00  1.60000e+00       2.872e+01  2.430704e-01  0.000000e+00  9.187258e-01  7.569296e-01
-7.00000e+00  2.00000e+00       2.706e+01  5.291576e-02  0.000000e+00 -9.371579e-01  9.470842e-01
-6.30000e+00  2.00000e+00       8.755e+01  9.108437e-02  0.000000e+00 -2.335168e-01  9.089156e-01
-5.60000e+00  2.00000e+00       7.262e+03  5.473126e-01  0.000000e+00  3.042027e-01  4.526874e-01
-4.90000e+00  2.00000e+00       3.720e+05  5.561949e-01  0.000000e+00  3.011137e-01  4.438051e-01
-4.20000e+00  2.00000e+00       7.093e+06  5.597282e-01  0.000000e+00  2.703571e-01  4.402718e-01
-3.50000e+00  2.00000e+00       6.088e+07  5.708132e-01  0.000000e+00  2.135599e-01  4.291868e-01
-2.80000e+00  2.00000e+00       2.808e+08  5.796885e-01  0.000000e+00  1.522356e-01  4.203115e-01
-2.10000e+00  2.00000e+00       7.509e+08  5.780911e-01  0.000000e+00  1.017971e-01  4.219089e-01
-1.40000e+00  2.00000e+00       1.295e+09  5.700042e-01  0.000000e+00  6.017714e-02  4.299958e-01
-7.00000e-01  2.00000e+00       1.585e+09  5.700707e-01  0.000000e+00  2.855508e-02  4.299293e-01
 0.00000e+00  2.00000e+00       1.586e+09  5.770849e-01  0.000000e+00 -1.069928e-16  4.229151e-01
 7.00000e-01  2.00000e+00       1.585e+09  5.700707e-01  0.000000e+00 -2.855508e-02  4.299293e-01
 1.40000e+00  2.00000e+00       1.295e+09  5.700042e-01  0.000000e+00 -6.017714e-02  4.299958e-01
 2.10000e+00  2.00000e+00       7.509e+08  5.780911e-01  0.000000e+00 -1.017971e-01  4.219089e-01
 2.80000e+00  2.00000e+00       2.808e+08  5.796885e-01  0.000000e+00 -1.522356e-01  4.203115e-01
 3.50000e+00  2.00000e+00       6.088e+07  5.708132e-01  0.000000e+00 -2.135599e-01  4.291868e-01
 4.20000e+00  2.00000e+00       7.093e+06  5.597282e-01  0.000000e+00 -2.703571e-01  4.402718e-01
 4.90000e+00  2.00000e+00       3.720e+05  5.561949e-01  0.000000e+00 -3.011137e-01  4.438051e-01
 5.60000e+00  2.00000e+00       7.262e+03  5.473126e-01  0.000000e+00 -3.042027e-01  4.526874e-01
 6.30000e+00  2.00000e+00       8.755e+01  9.108438e-02  0.000000e+00  2.335168e-01  9.089156e-01
 7.00000e+00  2.00000e+00       2.706e+01  5.291577e-02  0.000000e+00  9.371579e-01  9.470842e-01
-7.00000e+00  2.40000e+00       2.049e+01 -1.230426e-01  0.000000e+00 -9.496796e-01  8.769574e-01
-6.30000e+00  2.40000e+00       3.210e+01 -4.099237e-01  0.000000e+00 -7.875318e-01  5.900763e-01
-5.60000e+00  2.40000e+00       2.798e+02  6.587867e-01  0.000000e+00 -3.105879e-02  3.412133e-01
-4.90000e+00  2.40000e+00       6.226e+03  8.887187e-01  0.000000e+00  2.997899e-02  1.112813e-01
-4.20000e+00  2.40000e+00       7.333e+04  6.624638e-01  0.000000e+00  8.077161e-02  3.375362e-01
-3.50000e+00  2.40000e+00       1.869e+06  5.315239e-01  0.000000e+00  1.164037e-01  4.684761e-01
-2.80000e+00  2.40000e+00       2.809e+07  5.400290e-01  0.000000e+00  1.000699e-01  4.599710e-01
-2.10000e+00  2.40000e+00       1.750e+08  5.313767e-01  0.000000e+00  7.898386e-02  4.686233e-01
-1.40000e+00  2.40000e+00       5.297e+08  5.230727e-01  0.000000e+00  5.448084e-02  4.769273e-01
-7.00000e-01  2.40000e+00       9.077e+08  5.278465e-01  0.000000e+00  2.792363e-02  4.721535e-01
 0.00000e+00  2.40000e+00       1.051e+09  5.361096e-01  0.000000e+00 -2.722098e-16  4.638904e-01
 7.00000e-01  2.40000e+00       9.077e+08  5.278465e-01  0.000000e+00 -2.792363e-02  4.721535e-01
 1.40000e+00  2.40000e+00       5.297e+08  5.230727e-01  0.000000e+00 -5.448084e-02  4.769273e-01
 2.10000e+00  2.40000e+00       1.750e+08  5.313767e-01  0.000000e+00 -7.898386e-02  4.686233e-01
 2.80000e+00  2.40000e+00       2.809e+07  5.400290e-01  0.000000e+00 -1.000699e-01  4.599710e-01
 3.50000e+00  2.40000e+00       1.869e+06  5.315239e-01  0.000000e+00 -1.164037e-01  4.684761e-01
 4.20000e+00  2.40000e+00       7.333e+04  6.624638e-01  0.000000e+00 -8.077161e-02  3.375362e-01
 4.90000e+00  2.40000e+00       6.226e+03  8.887187e-01  0.000000e+00 -2.997899e-02  1.112813e-01
 5.60000e+00  2.40000e+00       2.798e+02  6.587867e-01  0.000000e+00  3.105879e-02  3.412133e-01
 6.30000e+00  2.40000e+00       3.210e+01 -4.099237e-01  0.000000e+00  7.875318e-01  5.900763e-01
 7.00000e+00  2.40000e+00       2.049e+01 -1.230426e-01  0.000000e+00  9.496796e-01  8.769574e-01
-7.00000e+00  2.80000e+00       2.404e+01 -2.365911e-01  0.000000e+00 -9.456782e-01  7.634089e-01
-6.30000e+00  2.80000e+00       2.921e+01 -4.613377e-01  0.000000e+00 -7.844689e-01  5.386623e-01
-5.60000e+00  2.80000e+00       2.016e+02  6.613778e-01  0.000000e+00 -5.813991e-02  3.386222e-01
-4.90000e+00  2.80000e+00       4.227e+03  9.398948e-01  0.000000e+00  3.269046e-03  6.010519e-02
-4.20000e+00  2.80000e+00       1.804e+04  9.348559e-01  0.000000e+00 -3.174678e-02  6.514408e-02
-3.50000e+00  2.80000e+00       1.389e+04  8.267805e-01  0.000000e+00 -4.073632e-01  1.732195e-01
-2.80000e+00  2.80000e+00       3.570e+05  9.699223e-01  0.000000e+00 -5.454040e-02  3.007765e-02
-2.10000e+00  2.80000e+00       3.420e+06  6.316170e-01  0.000000e+00 -1.544819e-02  3.683830e-01
-1.40000e+00  2.80000e+00       4.689e+07  4.888800e-01  0.000000e+00 -3.921487e-03  5.111200e-01
-7.00000e-01  2.80000e+00       2.801e+08  5.147354e-01  0.000000e+00 -7.256994e-04  4.852646e-01
 0.00000e+00  2.80000e+00       5.079e+08  5.234660e-01  0.000000e+00 -3.060350e-16  4.765340e-01
 7.00000e-01  2.80000e+00       2.801e+08  5.147354e-01  0.000000e+00  7.256994e-04  4.852646e-01
 1.40000e+00  2.80000e+00       4.689e+07  4.888800e-01  0.000000e+00  3.921487e-03  5.111200e-01
 2.10000e+00  2.80000e+00       3.420e+06  6.316170e-01  0.000000e+00  1.544819e-02  3.683830e-01
 2.80000e+00  2.80000e+00       3.570e+05  9.699223e-01  0.000000e+00  5.454040e-02  3.007765e-02
 3.50000e+00  2.80000e+00       1.389e+04  8.267805e-01  0.000000e+00  4.073632e-01  1.732195e-01
 4.20000e+00  2.80000e+00       1.804e+04  9.348559e-01  0.000000e+00  3.174678e-02  6.514408e-02
 4.90000e+00  2.80000e+00       4.227e+03  9.398948e-01  0.000000e+00 -3.269046e-03  6.010519e-02
 5.60000e+00  2.80000e+00       2.016e+02  6.613778e-01  0.000000e+00  5.813991e-02  3.386222e-01
 6.30000e+00  2.80000e+00       2.921e+01 -4.613377e-01  0.000000e+00  7.844689e-01  5.386623e-01
 7.00000e+00  2.80000e+00       2.404e+01 -2.365911e-01  0.000000e+00  9.456782e-01  7.634089e-01
-7.00000e+00  3.20000e+00       8.039e+00 -4.957995e-01  0.000000e+00 -8.401210e-01  5.042005e-01
-6.30000e+00  3.20000e+00       1.637e+01 -6.397429e-01  0.000000e+00 -6.786326e-01  3.602571e-01
-5.60000e+00  3.20000e+00       1.537e+02  7.084226e-01  0.000000e+00 -4.662004e-02  2.915774e-01
-4.90000e+00  3.20000e+00       3.341e+03  9.478570e-01  0.000000e+00  3.768042e-05  5.214304e-02
-4.20000e+00  3.20000e+00       1.425e+04  9.413388e-01  0.000000e+00 -3.008835e-02  5.866124e-02
-3.50000e+00  3.20000e+00       1.026e+04  8.456010e-01  0.000000e+00 -3.707411e-01  1.543990e-01
-2.80000e+00  3.20000e+00       3.698e+05  8.981751e-01  0.000000e+00 -2.614478e-02  1.018249e-01
-2.10000e+00  3.20000e+00       5.574e+06  5.558229e-01  0.000000e+00  1.248362e-02  4.441771e-01
-1.40000e+00  3.20000e+00       6.513e+07  4.840594e-01  0.000000e+00  1.366105e-02  5.159406e-01
-7.00000e-01  3.20000e+00       3.104e+08  5.025205e-01  0.000000e+00  7.609510e-03  4.974795e-01
 0.00000e+00  3.20000e+00       5.210e+08  5.107604e-01  0.000000e+00 -2.507476e-16  4.892396e-01
 7.00000e-01  3.20000e+00       3.104e+08  5.025205e-01  0.000000e+00 -7.609510e-03  4.974795e-01
 1.40000e+00  3.20000e+00       6.513e+07  4.840594e-01  0.000000e+00 -1.366105e-02  5.159406e-01
 2.10000e+00  3.20000e+00       5.574e+06  5.558229e-01  0.000000e+00 -1.248362e-02  4.441771e-01
 2.80000e+00  3.20000e+00       3.698e+05  8.981751e-01  0.000000e+00  2.614478e-02  1.018249e-01
 3.50000e+00  3.20000e+00       1.026e+04  8.456010e-01  0.000000e+00  3.707411e-01  1.543990e-01
 4.20000e+00  3.20000e+00       1.425e+04  9.413388e-01  0.000000e+00  3.008835e-02  5.866124e-02
 4.90000e+00  3.20000e+00       3.341e+03  9.478570e-01  0.000000e+00 -3.768042e-05  5.214304e-02
 5.60000e+00  3.20000e+00       1.537e+02  7.084226e-01  0.000000e+00  4.662004e-02  2.915774e-01
 6.30000e+00  3.20000e+00       1.637e+01 -6.397429e-01  0.000000e+00  6.786326e-01  3.602571e-01
 7.00000e+00  3.20000e+00       8.039e+00 -4.957995e-01  0.000000e+00  8.401210e-01  5.042005e-01
-7.00000e+00  3.60000e+00       8.740e+00 -6.464004e-01  0.000000e+00 -7.524901e-01  3.535996e-01
-6.30000e+00  3.60000e+00       2.213e+01 -7.236073e-01  0.000000e+00 -6.276716e-01  2.763927e-01
-5.60000e+00  3.60000e+00       1.418e+02  5.450791e-01  0.000000e+00 -9.353177e-02  4.549209e-01
-4.90000e+00  3.60000e+00       2.778e+03  9.460322e-01  0.000000e+00 -4.324701e-03  5.396781e-02
-4.20000e+00  3.60000e+00       1.179e+04  9.473630e-01  0.000000e+00 -2.768310e-02  5.263699e-02
-3.50000e+00  3.60000e+00       8.238e+03  8.463983e-01  0.000000e+00 -3.202407e-01  1.536017e-01
-2.80000e+00  3.60000e+00       3.260e+05  8.797781e-01  0.000000e+00 -1.259986e-02  1.202219e-01
-2.10000e+00  3.60000e+00       4.656e+06  5.599085e-01  0.000000e+00  2.530932e-02  4.400915e-01
-1.40000e+00  3.60000e+00       4.793e+07  4.882859e-01  0.000000e+00  2.451413e-02  5.117141e-01
-7.00000e-01  3.60000e+00       2.099e+08  5.107380e-01  0.000000e+00  1.344170e-02  4.892620e-01
 0.00000e+00  3.60000e+00       3.421e+08  5.217566e-01  0.000000e+00  1.242791e-16  4.782434e-01
 7.00000e-01  3.60000e+00       2.099e+08  5.107380e-01  0.000000e+00 -1.344170e-02  4.892620e-01
 1.40000e+00  3.60000e+00       4.793e+07  4.882859e-01  0.000000e+00 -2.451413e-02  5.117141e-01
 2.10000e+00  3.60000e+00       4.656e+06  5.599085e-01  0.000000e+00 -2.530932e-02  4.400915e-01
 2.80000e+00  3.60000e+00       3.260e+05  8.797781e-01  0.000000e+00  1.259986e-02  1.202219e-01
 3.50000e+00  3.60000e+00       8.238e+03  8.463983e-01  0.000000e+00  3.202407e-01  1.536017e-01
 4.20000e+00  3.60000e+00       1.179e+04  9.473630e-01  0.000000e+00  2.768310e-02  5.263699e-02
 4.90000e+00  3.60000e+00       2.778e+03  9.460322e-01  0.000000e+00  4.324701e-03  5.396781e-02
 5.60000e+00  3.60000e+00       1.418e+02  5.450791e-01  0.000000e+00  9.353177e-02  4.549209e-01
 6.30000e+00  3.60000e+00       2.213e+01 -7.236073e-01  0.000000e+00  6.276716e-01  2.763927e-01
 7.00000e+00  3.60000e+00       8.740e+00 -6.464004e-01  0.000000e+00  7.524901e-01  3.535996e-01
-7.00000e+00  4.00000e+00       1.327e+00 -9.063504e-01  0.000000e+00 -4.934189e-01  9.364964e-02
-6.30000e+00  4.00000e+00       8.450e+00 -8.708179e-01  0.000000e+00 -4.273439e-01  1.291821e-01
-5.60000e+00  4.00000e+00       1.123e+02  6.555008e-01  0.000000e+00 -5.779384e-02  3.444992e-01
-4.90000e+00  4.00000e+00       2.377e+03  9.574111e-01  0.000000e+00 -4.221000e-03  4.258887e-02
-4.20000e+00  4.00000e+00       1.013e+04  9.513552e-01  0.000000e+00 -2.354942e-02  4.864483e-02
-3.50000e+00  4.00000e+00       4.952e+03  9.836574e-01  0.000000e+00 -3.354440e-01  1.634259e-02
-2.80000e+00  4.00000e+00       4.073e+05  7.666344e-01  0.000000e+00  2.550349e-02  2.333656e-01
-2.10000e+00  4.00000e+00       6.126e+06  5.469088e-01  0.000000e+00  5.707520e-02  4.530912e-01
-1.40000e+00  4.00000e+00       4.846e+07  5.004779e-01  0.000000e+00  5.095707e-02  4.995221e-01
-7.00000e-01  4.00000e+00       1.670e+08  5.238429e-01  0.000000e+00  2.874663e-02  4.761571e-01
 0.00000e+00  4.00000e+00       2.492e+08  5.386280e-01  0.000000e+00 -7.287035e-17  4.613720e-01
 7.00000e-01  4.00000e+00       1.670e+08  5.238429e-01  0.000000e+00 -2.874663e-02  4.761571e-01
 1.40000e+00  4.00000e+00       4.846e+07  5.004779e-01  0.000000e+00 -5.095707e-02  4.995221e-01
 2.10000e+00  4.00000e+00       6.126e+06  5.469088e-01  0.000000e+00 -5.707520e-02  4.530912e-01
 2.80000e+00  4.00000e+00       4.073e+05  7.666344e-01  0.000000e+00 -2.550349e-02  2.333656e-01
 3.50000e+00  4.00000e+00       4.952e+03  9.836574e-01  0.000000e+00  3.354440e-01  1.634259e-02
 4.20000e+00  4.00000e+00       1.013e+04  9.513552e-01  0.000000e+00  2.354942e-02  4.864483e-02
 4.90000e+00  4.00000e+00       2.377e+03  9.574111e-01  0.000000e+00  4.221000e-03  4.258887e-02
 5.60000e+00  4.00000e+00       1.123e+02  6.555008e-01  0.000000e+00  5.779384e-02  3.444992e-01
 6.30000e+00  4.00000e+00       8.450e+00 -8.708179e-01  0.000000e+00  4.273439e-01  1.291821e-01
 7.00000e+00  4.00000e+00       1.327e+00 -9.063502e-01  0.000000e+00  4.934190e-01  9.364976e-02
