 EB(GeV)    EMITTANCEx EMITTANCEy SIZEx(m)   SIZEy(m)   DIVx(rad)  DIVy(rad)
 2.411e+00  5.499e-09  1.017e-12  8.711e-05  1.009e-06  6.313e-05  1.009e-06
 betax      alphax     betay      alphay     eta        deta       E_spread  
 1.380e+00  0.000e+00  1.000e+00  0.000e+00  0.000e+00  0.000e+00  8.600e-04
 Ibeam(A)   period(cm) #periods   Kx         Ky         Energy(eV)
 4.005e-01  1.900e+00         96  0.000e+00  1.780e+00  1.162e+04


           x            y       F.Density            PL            PC          PL45        1-|PL|
          mm           mm  ph/s/mr^2/0.1%             -             -             -             -
-7.00000e+00 -4.00000e+00       9.220e+05 -3.757835e-01  0.000000e+00 -5.862788e-01  6.242165e-01
-6.30000e+00 -4.00000e+00       1.613e+07 -3.292906e-01  0.000000e+00 -5.967236e-01  6.707094e-01
-5.60000e+00 -4.00000e+00       1.112e+08 -2.355066e-01  0.000000e+00 -6.132380e-01  7.644934e-01
-4.90000e+00 -4.00000e+00       3.744e+08 -9.616900e-02  0.000000e+00 -6.244283e-01  9.038310e-01
-4.20000e+00 -4.00000e+00       7.574e+08  6.392851e-02  0.000000e+00 -6.031595e-01  9.360715e-01
-3.50000e+00 -4.00000e+00       1.149e+09  2.316629e-01  0.000000e+00 -5.162323e-01  7.683371e-01
-2.80000e+00 -4.00000e+00       1.379e+09  1.129997e-01  0.000000e+00 -4.459666e-01  8.870003e-01
-2.10000e+00 -4.00000e+00       4.681e+09  4.914458e-01  0.000000e+00  6.097392e-02  5.085542e-01
-1.40000e+00 -4.00000e+00       2.629e+10  8.947517e-01  0.000000e+00  1.123688e-01  1.052483e-01
-7.00000e-01 -4.00000e+00       7.186e+10  9.587503e-01  0.000000e+00  3.344568e-02  4.124967e-02
 0.00000e+00 -4.00000e+00       1.018e+11  9.178006e-01  0.000000e+00  2.076579e-16  8.219936e-02
 7.00000e-01 -4.00000e+00       7.186e+10  9.587503e-01  0.000000e+00 -3.344568e-02  4.124967e-02
 1.40000e+00 -4.00000e+00       2.629e+10  8.947517e-01  0.000000e+00 -1.123688e-01  1.052483e-01
 2.10000e+00 -4.00000e+00       4.681e+09  4.914458e-01  0.000000e+00 -6.097392e-02  5.085542e-01
 2.80000e+00 -4.00000e+00       1.379e+09  1.129997e-01  0.000000e+00  4.459666e-01  8.870003e-01
 3.50000e+00 -4.00000e+00       1.149e+09  2.316629e-01  0.000000e+00  5.162323e-01  7.683371e-01
 4.20000e+00 -4.00000e+00       7.574e+08  6.392851e-02  0.000000e+00  6.031595e-01  9.360715e-01
 4.90000e+00 -4.00000e+00       3.744e+08 -9.616900e-02  0.000000e+00  6.244283e-01  9.038310e-01
 5.60000e+00 -4.00000e+00       1.112e+08 -2.355066e-01  0.000000e+00  6.132380e-01  7.644934e-01
 6.30000e+00 -4.00000e+00       1.613e+07 -3.292906e-01  0.000000e+00  5.967236e-01  6.707094e-01
 7.00000e+00 -4.00000e+00       9.220e+05 -3.757835e-01  0.000000e+00  5.862788e-01  6.242165e-01
-7.00000e+00 -3.60000e+00       1.397e+07 -6.293820e-01  0.000000e+00 -3.555911e-01  3.706180e-01
-6.30000e+00 -3.60000e+00       9.179e+07 -5.512537e-01  0.000000e+00 -4.189567e-01  4.487463e-01
-5.60000e+00 -3.60000e+00       2.981e+08 -3.862811e-01  0.000000e+00 -5.117541e-01  6.137189e-01
-4.90000e+00 -3.60000e+00       6.791e+08 -1.423685e-01  0.000000e+00 -5.823528e-01  8.576315e-01
-4.20000e+00 -3.60000e+00       1.316e+09  9.426125e-02  0.000000e+00 -5.669353e-01  9.057388e-01
-3.50000e+00 -3.60000e+00       2.228e+09  2.719036e-01  0.000000e+00 -4.768175e-01  7.280964e-01
-2.80000e+00 -3.60000e+00       2.898e+09  2.370665e-01  0.000000e+00 -3.814844e-01  7.629335e-01
-2.10000e+00 -3.60000e+00       4.925e+09  2.442081e-01  0.000000e+00  6.882487e-02  7.557919e-01
-1.40000e+00 -3.60000e+00       3.051e+10  8.629784e-01  0.000000e+00  1.419452e-01  1.370216e-01
-7.00000e-01 -3.60000e+00       8.544e+10  9.561798e-01  0.000000e+00  4.232580e-02  4.382021e-02
 0.00000e+00 -3.60000e+00       1.228e+11  9.087096e-01  0.000000e+00  1.324116e-16  9.129037e-02
 7.00000e-01 -3.60000e+00       8.544e+10  9.561798e-01  0.000000e+00 -4.232580e-02  4.382021e-02
 1.40000e+00 -3.60000e+00       3.051e+10  8.629784e-01  0.000000e+00 -1.419452e-01  1.370216e-01
 2.10000e+00 -3.60000e+00       4.925e+09  2.442081e-01  0.000000e+00 -6.882487e-02  7.557919e-01
 2.80000e+00 -3.60000e+00       2.898e+09  2.370665e-01  0.000000e+00  3.814844e-01  7.629335e-01
 3.50000e+00 -3.60000e+00       2.228e+09  2.719036e-01  0.000000e+00  4.768175e-01  7.280964e-01
 4.20000e+00 -3.60000e+00       1.316e+09  9.426125e-02  0.000000e+00  5.669353e-01  9.057388e-01
 4.90000e+00 -3.60000e+00       6.791e+08 -1.423685e-01  0.000000e+00  5.823528e-01  8.576315e-01
 5.60000e+00 -3.60000e+00       2.981e+08 -3.862811e-01  0.000000e+00  5.117541e-01  6.137189e-01
 6.30000e+00 -3.60000e+00       9.179e+07 -5.512537e-01  0.000000e+00  4.189567e-01  4.487463e-01
 7.00000e+00 -3.60000e+00       1.397e+07 -6.293820e-01  0.000000e+00  3.555911e-01  3.706180e-01
-7.00000e+00 -3.20000e+00       4.912e+07 -7.298697e-01  0.000000e+00 -6.628647e-02  2.701303e-01
-6.30000e+00 -3.20000e+00       1.755e+08 -6.339456e-01  0.000000e+00 -2.343189e-01  3.660544e-01
-5.60000e+00 -3.20000e+00       4.203e+08 -4.187868e-01  0.000000e+00 -4.318433e-01  5.812132e-01
-4.90000e+00 -3.20000e+00       9.312e+08 -1.124272e-01  0.000000e+00 -5.480512e-01  8.875728e-01
-4.20000e+00 -3.20000e+00       2.022e+09  1.455887e-01  0.000000e+00 -5.223607e-01  8.544113e-01
-3.50000e+00 -3.20000e+00       3.911e+09  3.055960e-01  0.000000e+00 -4.076386e-01  6.944040e-01
-2.80000e+00 -3.20000e+00       6.234e+09  3.077649e-01  0.000000e+00 -2.680334e-01  6.922351e-01
-2.10000e+00 -3.20000e+00       3.780e+09 -9.418966e-01  0.000000e+00  1.647451e-01  5.810344e-02
-1.40000e+00 -3.20000e+00       3.248e+10  7.395231e-01  0.000000e+00  2.238634e-01  2.604769e-01
-7.00000e-01 -3.20000e+00       9.518e+10  9.867537e-01  0.000000e+00  7.240753e-02  1.324630e-02
 0.00000e+00 -3.20000e+00       1.411e+11  9.272730e-01  0.000000e+00  5.051012e-17  7.272697e-02
 7.00000e-01 -3.20000e+00       9.518e+10  9.867537e-01  0.000000e+00 -7.240753e-02  1.324630e-02
 1.40000e+00 -3.20000e+00       3.248e+10  7.395231e-01  0.000000e+00 -2.238634e-01  2.604769e-01
 2.10000e+00 -3.20000e+00       3.780e+09 -9.418966e-01  0.000000e+00 -1.647451e-01  5.810344e-02
 2.80000e+00 -3.20000e+00       6.234e+09  3.077649e-01  0.000000e+00  2.680334e-01  6.922351e-01
 3.50000e+00 -3.20000e+00       3.911e+09  3.055960e-01  0.000000e+00  4.076386e-01  6.944040e-01
 4.20000e+00 -3.20000e+00       2.022e+09  1.455887e-01  0.000000e+00  5.223607e-01  8.544113e-01
 4.90000e+00 -3.20000e+00       9.312e+08 -1.124272e-01  0.000000e+00  5.480512e-01  8.875728e-01
 5.60000e+00 -3.20000e+00       4.203e+08 -4.187868e-01  0.000000e+00  4.318433e-01  5.812132e-01
 6.30000e+00 -3.20000e+00       1.755e+08 -6.339456e-01  0.000000e+00  2.343189e-01  3.660544e-01
 7.00000e+00 -3.20000e+00       4.912e+07 -7.298697e-01  0.000000e+00  6.628647e-02  2.701303e-01
-7.00000e+00 -2.80000e+00       8.079e+07 -7.035408e-01  0.000000e+00  1.366599e-01  2.964592e-01
-6.30000e+00 -2.80000e+00       2.505e+08 -6.098630e-01  0.000000e+00 -1.411241e-01  3.901370e-01
-5.60000e+00 -2.80000e+00       6.719e+08 -3.546746e-01  0.000000e+00 -3.956251e-01  6.453254e-01
-4.90000e+00 -2.80000e+00       1.909e+09  1.775169e-03  0.000000e+00 -4.359628e-01  9.982248e-01
-4.20000e+00 -2.80000e+00       6.062e+09  2.211554e-01  0.000000e+00 -2.612383e-01  7.788446e-01
-3.50000e+00 -2.80000e+00       1.979e+10  2.822311e-01  0.000000e+00 -1.272635e-01  7.177689e-01
-2.80000e+00 -2.80000e+00       5.615e+10  3.322011e-01  0.000000e+00 -5.899505e-02  6.677989e-01
-2.10000e+00 -2.80000e+00       1.231e+11  4.534579e-01  0.000000e+00 -9.390296e-02  5.465421e-01
-1.40000e+00 -2.80000e+00       1.695e+11  5.943215e-01  0.000000e+00 -2.496683e-01  4.056785e-01
-7.00000e-01 -2.80000e+00       5.783e+10  4.665243e-01  0.000000e+00 -8.676574e-01  5.334757e-01
 0.00000e+00 -2.80000e+00       6.763e+10  9.571361e-01  0.000000e+00 -1.297522e-14  4.286389e-02
 7.00000e-01 -2.80000e+00       5.783e+10  4.665243e-01  0.000000e+00  8.676574e-01  5.334757e-01
 1.40000e+00 -2.80000e+00       1.695e+11  5.943215e-01  0.000000e+00  2.496683e-01  4.056785e-01
 2.10000e+00 -2.80000e+00       1.231e+11  4.534579e-01  0.000000e+00  9.390296e-02  5.465421e-01
 2.80000e+00 -2.80000e+00       5.615e+10  3.322011e-01  0.000000e+00  5.899505e-02  6.677989e-01
 3.50000e+00 -2.80000e+00       1.979e+10  2.822311e-01  0.000000e+00  1.272635e-01  7.177689e-01
 4.20000e+00 -2.80000e+00       6.062e+09  2.211554e-01  0.000000e+00  2.612383e-01  7.788446e-01
 4.90000e+00 -2.80000e+00       1.909e+09  1.775169e-03  0.000000e+00  4.359628e-01  9.982248e-01
 5.60000e+00 -2.80000e+00       6.719e+08 -3.546746e-01  0.000000e+00  3.956251e-01  6.453254e-01
 6.30000e+00 -2.80000e+00       2.505e+08 -6.098630e-01  0.000000e+00  1.411241e-01  3.901370e-01
 7.00000e+00 -2.80000e+00       8.079e+07 -7.035408e-01  0.000000e+00 -1.366599e-01  2.964592e-01
-7.00000e+00 -2.40000e+00       1.221e+08 -6.034893e-01  0.000000e+00  2.981152e-01  3.965107e-01
-6.30000e+00 -2.40000e+00       4.155e+08 -3.375956e-01  0.000000e+00 -2.028572e-02  6.624044e-01
-5.60000e+00 -2.40000e+00       2.173e+09  1.134898e-01  0.000000e+00 -1.298975e-02  8.865102e-01
-4.90000e+00 -2.40000e+00       1.482e+10  1.636477e-01  0.000000e+00 -2.573943e-03  8.363523e-01
-4.20000e+00 -2.40000e+00       8.853e+10  2.609538e-01  0.000000e+00 -9.511035e-02  7.390462e-01
-3.50000e+00 -2.40000e+00       3.721e+11  3.333320e-01  0.000000e+00 -3.829563e-02  6.666680e-01
-2.80000e+00 -2.40000e+00       1.067e+12  2.882442e-01  0.000000e+00  3.161374e-02  7.117558e-01
-2.10000e+00 -2.40000e+00       2.238e+12  2.145024e-01  0.000000e+00  2.347449e-01  7.854976e-01
-1.40000e+00 -2.40000e+00       3.417e+12  1.296364e-01  0.000000e+00  5.971067e-01  8.703636e-01
-7.00000e-01 -2.40000e+00       3.134e+12  2.708572e-02  0.000000e+00  7.772764e-01  9.729143e-01
 0.00000e+00 -2.40000e+00       2.165e+12 -7.466341e-02  0.000000e+00  9.551941e-15  9.253366e-01
 7.00000e-01 -2.40000e+00       3.134e+12  2.708572e-02  0.000000e+00 -7.772764e-01  9.729143e-01
 1.40000e+00 -2.40000e+00       3.417e+12  1.296364e-01  0.000000e+00 -5.971067e-01  8.703636e-01
 2.10000e+00 -2.40000e+00       2.238e+12  2.145024e-01  0.000000e+00 -2.347449e-01  7.854976e-01
 2.80000e+00 -2.40000e+00       1.067e+12  2.882442e-01  0.000000e+00 -3.161374e-02  7.117558e-01
 3.50000e+00 -2.40000e+00       3.721e+11  3.333320e-01  0.000000e+00  3.829563e-02  6.666680e-01
 4.20000e+00 -2.40000e+00       8.853e+10  2.609538e-01  0.000000e+00  9.511035e-02  7.390462e-01
 4.90000e+00 -2.40000e+00       1.482e+10  1.636477e-01  0.000000e+00  2.573943e-03  8.363523e-01
 5.60000e+00 -2.40000e+00       2.173e+09  1.134898e-01  0.000000e+00  1.298975e-02  8.865102e-01
 6.30000e+00 -2.40000e+00       4.155e+08 -3.375956e-01  0.000000e+00  2.028572e-02  6.624044e-01
 7.00000e+00 -2.40000e+00       1.221e+08 -6.034893e-01  0.000000e+00 -2.981152e-01  3.965107e-01
-7.00000e+00 -2.00000e+00       1.879e+08 -4.541297e-01  0.000000e+00  2.923687e-01  5.458703e-01
-6.30000e+00 -2.00000e+00       1.906e+09 -6.577157e-02  0.000000e+00 -3.621029e-01  9.342284e-01
-5.60000e+00 -2.00000e+00       2.805e+10  4.277544e-01  0.000000e+00 -3.793959e-01  5.722456e-01
-4.90000e+00 -2.00000e+00       2.582e+11  5.869056e-01  0.000000e+00 -9.349657e-02  4.130944e-01
-4.20000e+00 -2.00000e+00       1.336e+12  4.614597e-01  0.000000e+00  8.324696e-02  5.385403e-01
-3.50000e+00 -2.00000e+00       4.716e+12  3.598977e-01  0.000000e+00  1.299210e-02  6.401023e-01
-2.80000e+00 -2.00000e+00       1.265e+13  4.148880e-01  0.000000e+00 -9.559054e-03  5.851120e-01
-2.10000e+00 -2.00000e+00       2.609e+13  5.011632e-01  0.000000e+00  1.746467e-02  4.988368e-01
-1.40000e+00 -2.00000e+00       4.533e+13  4.499216e-01  0.000000e+00 -1.046616e-01  5.500784e-01
-7.00000e-01 -2.00000e+00       7.264e+13  9.798261e-02  0.000000e+00 -2.028360e-01  9.020174e-01
 0.00000e+00 -2.00000e+00       9.118e+13 -7.102023e-02  0.000000e+00  3.341018e-15  9.289798e-01
 7.00000e-01 -2.00000e+00       7.264e+13  9.798261e-02  0.000000e+00  2.028360e-01  9.020174e-01
 1.40000e+00 -2.00000e+00       4.533e+13  4.499216e-01  0.000000e+00  1.046616e-01  5.500784e-01
 2.10000e+00 -2.00000e+00       2.609e+13  5.011632e-01  0.000000e+00 -1.746467e-02  4.988368e-01
 2.80000e+00 -2.00000e+00       1.265e+13  4.148880e-01  0.000000e+00  9.559054e-03  5.851120e-01
 3.50000e+00 -2.00000e+00       4.716e+12  3.598977e-01  0.000000e+00 -1.299210e-02  6.401023e-01
 4.20000e+00 -2.00000e+00       1.336e+12  4.614597e-01  0.000000e+00 -8.324696e-02  5.385403e-01
 4.90000e+00 -2.00000e+00       2.582e+11  5.869056e-01  0.000000e+00  9.349657e-02  4.130944e-01
 5.60000e+00 -2.00000e+00       2.805e+10  4.277544e-01  0.000000e+00  3.793959e-01  5.722456e-01
 6.30000e+00 -2.00000e+00       1.906e+09 -6.577157e-02  0.000000e+00  3.621029e-01  9.342284e-01
 7.00000e+00 -2.00000e+00       1.879e+08 -4.541297e-01  0.000000e+00 -2.923687e-01  5.458703e-01
-7.00000e+00 -1.60000e+00       9.875e+08  3.982845e-01  0.000000e+00  6.140518e-01  6.017155e-01
-6.30000e+00 -1.60000e+00       1.640e+10  1.560938e-01  0.000000e+00  5.364203e-01  8.439062e-01
-5.60000e+00 -1.60000e+00       1.984e+11 -1.318071e-02  0.000000e+00  9.143290e-02  9.868193e-01
-4.90000e+00 -1.60000e+00       1.838e+12  2.641948e-01  0.000000e+00 -2.792353e-01  7.358052e-01
-4.20000e+00 -1.60000e+00       1.091e+13  5.541588e-01  0.000000e+00 -2.009138e-01  4.458412e-01
-3.50000e+00 -1.60000e+00       3.618e+13  5.792207e-01  0.000000e+00 -1.094356e-02  4.207793e-01
-2.80000e+00 -1.60000e+00       7.994e+13  4.997531e-01  0.000000e+00  3.183089e-02  5.002469e-01
-2.10000e+00 -1.60000e+00       1.434e+14  4.984693e-01  0.000000e+00  1.474414e-01  5.015307e-01
-1.40000e+00 -1.60000e+00       2.111e+14  5.167310e-01  0.000000e+00  4.500878e-01  4.832690e-01
-7.00000e-01 -1.60000e+00       2.217e+14  4.913096e-01  0.000000e+00  5.927630e-01  5.086904e-01
 0.00000e+00 -1.60000e+00       1.864e+14  4.526885e-01  0.000000e+00  5.723312e-15  5.473115e-01
 7.00000e-01 -1.60000e+00       2.217e+14  4.913096e-01  0.000000e+00 -5.927630e-01  5.086904e-01
 1.40000e+00 -1.60000e+00       2.111e+14  5.167310e-01  0.000000e+00 -4.500878e-01  4.832690e-01
 2.10000e+00 -1.60000e+00       1.434e+14  4.984693e-01  0.000000e+00 -1.474414e-01  5.015307e-01
 2.80000e+00 -1.60000e+00       7.994e+13  4.997531e-01  0.000000e+00 -3.183089e-02  5.002469e-01
 3.50000e+00 -1.60000e+00       3.618e+13  5.792207e-01  0.000000e+00  1.094356e-02  4.207793e-01
 4.20000e+00 -1.60000e+00       1.091e+13  5.541588e-01  0.000000e+00  2.009138e-01  4.458412e-01
 4.90000e+00 -1.60000e+00       1.838e+12  2.641948e-01  0.000000e+00  2.792353e-01  7.358052e-01
 5.60000e+00 -1.60000e+00       1.984e+11 -1.318071e-02  0.000000e+00 -9.143290e-02  9.868193e-01
 6.30000e+00 -1.60000e+00       1.640e+10  1.560938e-01  0.000000e+00 -5.364203e-01  8.439062e-01
 7.00000e+00 -1.60000e+00       9.875e+08  3.982845e-01  0.000000e+00 -6.140518e-01  6.017155e-01
-7.00000e+00 -1.20000e+00       9.109e+09  9.367119e-01  0.000000e+00  9.584656e-02  6.328808e-02
-6.30000e+00 -1.20000e+00       1.675e+11  8.750769e-01  0.000000e+00  2.773183e-01  1.249231e-01
-5.60000e+00 -1.20000e+00       1.564e+12  6.931429e-01  0.000000e+00  4.271238e-01  3.068571e-01
-4.90000e+00 -1.20000e+00       8.516e+12  4.268608e-01  0.000000e+00  3.125008e-01  5.731392e-01
-4.20000e+00 -1.20000e+00       3.866e+13  4.357446e-01  0.000000e+00 -7.630305e-02  5.642554e-01
-3.50000e+00 -1.20000e+00       1.408e+14  6.381418e-01  0.000000e+00 -1.364017e-01  3.618582e-01
-2.80000e+00 -1.20000e+00       3.164e+14  6.882837e-01  0.000000e+00 -3.479241e-02  3.117163e-01
-2.10000e+00 -1.20000e+00       5.302e+14  6.969119e-01  0.000000e+00 -1.064745e-01  3.030881e-01
-1.40000e+00 -1.20000e+00       7.867e+14  7.549921e-01  0.000000e+00 -3.219315e-01  2.450079e-01
-7.00000e-01 -1.20000e+00       8.749e+14  8.031373e-01  0.000000e+00 -3.995039e-01  1.968627e-01
 0.00000e+00 -1.20000e+00       7.732e+14  8.249446e-01  0.000000e+00 -1.040880e-15  1.750554e-01
 7.00000e-01 -1.20000e+00       8.749e+14  8.031373e-01  0.000000e+00  3.995039e-01  1.968627e-01
 1.40000e+00 -1.20000e+00       7.867e+14  7.549921e-01  0.000000e+00  3.219315e-01  2.450079e-01
 2.10000e+00 -1.20000e+00       5.302e+14  6.969119e-01  0.000000e+00  1.064745e-01  3.030881e-01
 2.80000e+00 -1.20000e+00       3.164e+14  6.882837e-01  0.000000e+00  3.479241e-02  3.117163e-01
 3.50000e+00 -1.20000e+00       1.408e+14  6.381418e-01  0.000000e+00  1.364017e-01  3.618582e-01
 4.20000e+00 -1.20000e+00       3.866e+13  4.357446e-01  0.000000e+00  7.630305e-02  5.642554e-01
 4.90000e+00 -1.20000e+00       8.516e+12  4.268608e-01  0.000000e+00 -3.125008e-01  5.731392e-01
 5.60000e+00 -1.20000e+00       1.564e+12  6.931429e-01  0.000000e+00 -4.271238e-01  3.068571e-01
 6.30000e+00 -1.20000e+00       1.675e+11  8.750769e-01  0.000000e+00 -2.773183e-01  1.249231e-01
 7.00000e+00 -1.20000e+00       9.109e+09  9.367119e-01  0.000000e+00 -9.584656e-02  6.328808e-02
-7.00000e+00 -8.00000e-01       3.697e+10  9.624497e-01  0.000000e+00 -1.886628e-01  3.755027e-02
-6.30000e+00 -8.00000e-01       7.411e+11  9.745999e-01  0.000000e+00 -5.572656e-02  2.540010e-02
-5.60000e+00 -8.00000e-01       7.429e+12  9.539202e-01  0.000000e+00  9.696942e-02  4.607975e-02
-4.90000e+00 -8.00000e-01       3.714e+13  8.721218e-01  0.000000e+00  2.363866e-01  1.278782e-01
-4.20000e+00 -8.00000e-01       1.095e+14  7.282349e-01  0.000000e+00  1.966717e-01  2.717651e-01
-3.50000e+00 -8.00000e-01       3.044e+14  7.287588e-01  0.000000e+00 -4.474785e-02  2.712412e-01
-2.80000e+00 -8.00000e-01       7.248e+14  8.126516e-01  0.000000e+00 -6.473123e-02  1.873484e-01
-2.10000e+00 -8.00000e-01       1.172e+15  8.272118e-01  0.000000e+00 -4.877966e-02  1.727882e-01
-1.40000e+00 -8.00000e-01       1.764e+15  8.332316e-01  0.000000e+00 -1.902951e-02  1.667684e-01
-7.00000e-01 -8.00000e-01       3.197e+15  8.532815e-01  0.000000e+00  9.446188e-02  1.467185e-01
 0.00000e+00 -8.00000e-01       4.340e+15  8.611950e-01  0.000000e+00 -1.540899e-15  1.388050e-01
 7.00000e-01 -8.00000e-01       3.197e+15  8.532815e-01  0.000000e+00 -9.446188e-02  1.467185e-01
 1.40000e+00 -8.00000e-01       1.764e+15  8.332316e-01  0.000000e+00  1.902951e-02  1.667684e-01
 2.10000e+00 -8.00000e-01       1.172e+15  8.272118e-01  0.000000e+00  4.877966e-02  1.727882e-01
 2.80000e+00 -8.00000e-01       7.248e+14  8.126516e-01  0.000000e+00  6.473123e-02  1.873484e-01
 3.50000e+00 -8.00000e-01       3.044e+14  7.287588e-01  0.000000e+00  4.474785e-02  2.712412e-01
 4.20000e+00 -8.00000e-01       1.095e+14  7.282349e-01  0.000000e+00 -1.966717e-01  2.717651e-01
 4.90000e+00 -8.00000e-01       3.714e+13  8.721218e-01  0.000000e+00 -2.363866e-01  1.278782e-01
 5.60000e+00 -8.00000e-01       7.429e+12  9.539202e-01  0.000000e+00 -9.696942e-02  4.607975e-02
 6.30000e+00 -8.00000e-01       7.411e+11  9.745999e-01  0.000000e+00  5.572656e-02  2.540010e-02
 7.00000e+00 -8.00000e-01       3.697e+10  9.624497e-01  0.000000e+00  1.886628e-01  3.755027e-02
-7.00000e+00 -4.00000e-01       7.279e+10  9.768363e-01  0.000000e+00 -1.867871e-01  2.316373e-02
-6.30000e+00 -4.00000e-01       1.545e+12  9.875073e-01  0.000000e+00 -1.124335e-01  1.249268e-02
-5.60000e+00 -4.00000e-01       1.664e+13  9.908907e-01  0.000000e+00 -3.034085e-02  9.109295e-03
-4.90000e+00 -4.00000e-01       8.895e+13  9.820357e-01  0.000000e+00  5.741372e-02  1.796428e-02
-4.20000e+00 -4.00000e-01       2.429e+14  9.508228e-01  0.000000e+00  1.165495e-01  4.917723e-02
-3.50000e+00 -4.00000e-01       4.931e+14  9.189569e-01  0.000000e+00  3.810185e-02  8.104311e-02
-2.80000e+00 -4.00000e-01       1.082e+15  9.371546e-01  0.000000e+00 -2.745451e-02  6.284541e-02
-2.10000e+00 -4.00000e-01       1.841e+15  9.518492e-01  0.000000e+00  2.585184e-02  4.815076e-02
-1.40000e+00 -4.00000e-01       2.708e+15  9.694031e-01  0.000000e+00  8.753577e-02  3.059694e-02
-7.00000e-01 -4.00000e-01       2.847e+15  9.848845e-01  0.000000e+00  9.627433e-02  1.511553e-02
 0.00000e+00 -4.00000e-01       2.221e+15  9.902753e-01  0.000000e+00  9.388432e-16  9.724671e-03
 7.00000e-01 -4.00000e-01       2.847e+15  9.848845e-01  0.000000e+00 -9.627433e-02  1.511553e-02
 1.40000e+00 -4.00000e-01       2.708e+15  9.694031e-01  0.000000e+00 -8.753577e-02  3.059694e-02
 2.10000e+00 -4.00000e-01       1.841e+15  9.518492e-01  0.000000e+00 -2.585184e-02  4.815076e-02
 2.80000e+00 -4.00000e-01       1.082e+15  9.371546e-01  0.000000e+00  2.745451e-02  6.284541e-02
 3.50000e+00 -4.00000e-01       4.931e+14  9.189569e-01  0.000000e+00 -3.810185e-02  8.104311e-02
 4.20000e+00 -4.00000e-01       2.429e+14  9.508228e-01  0.000000e+00 -1.165495e-01  4.917723e-02
 4.90000e+00 -4.00000e-01       8.895e+13  9.820357e-01  0.000000e+00 -5.741372e-02  1.796428e-02
 5.60000e+00 -4.00000e-01       1.664e+13  9.908907e-01  0.000000e+00  3.034085e-02  9.109295e-03
 6.30000e+00 -4.00000e-01       1.545e+12  9.875073e-01  0.000000e+00  1.124335e-01  1.249268e-02
 7.00000e+00 -4.00000e-01       7.279e+10  9.768363e-01  0.000000e+00  1.867871e-01  2.316373e-02
-7.00000e+00  0.00000e+00       8.772e+10  9.999798e-01  0.000000e+00  6.285579e-16  2.021367e-05
-6.30000e+00  0.00000e+00       1.904e+12  9.999891e-01  0.000000e+00  2.568747e-15  1.094517e-05
-5.60000e+00  0.00000e+00       2.109e+13  9.999934e-01  0.000000e+00  2.031077e-14  6.638092e-06
-4.90000e+00  0.00000e+00       1.163e+14  9.999902e-01  0.000000e+00  1.108811e-13  9.826042e-06
-4.20000e+00  0.00000e+00       3.201e+14  9.999730e-01  0.000000e+00  4.039593e-13  2.696263e-05
-3.50000e+00  0.00000e+00       5.942e+14  9.999479e-01  0.000000e+00  8.115437e-13  5.206389e-05
-2.80000e+00  0.00000e+00       1.241e+15  9.999555e-01  0.000000e+00  6.712450e-13  4.448304e-05
-2.10000e+00  0.00000e+00       2.225e+15  9.999640e-01  0.000000e+00  4.018192e-13  3.604776e-05
-1.40000e+00  0.00000e+00       3.143e+15  9.999654e-01  0.000000e+00  2.223523e-13  3.462930e-05
-7.00000e-01  0.00000e+00       2.722e+15  9.999739e-01  0.000000e+00  1.508497e-13  2.606286e-05
 0.00000e+00  0.00000e+00       1.760e+15  9.999982e-01  0.000000e+00  1.893273e-17  1.788359e-06
 7.00000e-01  0.00000e+00       2.722e+15  9.999739e-01  0.000000e+00 -1.508305e-13  2.606286e-05
 1.40000e+00  0.00000e+00       3.143e+15  9.999654e-01  0.000000e+00 -2.223311e-13  3.462930e-05
 2.10000e+00  0.00000e+00       2.225e+15  9.999640e-01  0.000000e+00 -4.018056e-13  3.604776e-05
 2.80000e+00  0.00000e+00       1.241e+15  9.999555e-01  0.000000e+00 -6.712284e-13  4.448304e-05
 3.50000e+00  0.00000e+00       5.942e+14  9.999479e-01  0.000000e+00 -8.116228e-13  5.206389e-05
 4.20000e+00  0.00000e+00       3.201e+14  9.999730e-01  0.000000e+00 -4.040789e-13  2.696263e-05
 4.90000e+00  0.00000e+00       1.163e+14  9.999902e-01  0.000000e+00 -1.109017e-13  9.826042e-06
 5.60000e+00  0.00000e+00       2.109e+13  9.999934e-01  0.000000e+00 -2.021339e-14  6.638092e-06
 6.30000e+00  0.00000e+00       1.904e+12  9.999891e-01  0.000000e+00 -2.338389e-15  1.094517e-05
 7.00000e+00  0.00000e+00       8.772e+10  9.999798e-01  0.000000e+00 -3.991479e-16  2.021367e-05
-7.00000e+00  4.00000e-01       7.279e+10  9.768363e-01  0.000000e+00  1.867871e-01  2.316373e-02
-6.30000e+00  4.00000e-01       1.545e+12  9.875073e-01  0.000000e+00  1.124335e-01  1.249268e-02
-5.60000e+00  4.00000e-01       1.664e+13  9.908907e-01  0.000000e+00  3.034085e-02  9.109295e-03
-4.90000e+00  4.00000e-01       8.895e+13  9.820357e-01  0.000000e+00 -5.741372e-02  1.796428e-02
-4.20000e+00  4.00000e-01       2.429e+14  9.508228e-01  0.000000e+00 -1.165495e-01  4.917723e-02
-3.50000e+00  4.00000e-01       4.931e+14  9.189569e-01  0.000000e+00 -3.810185e-02  8.104311e-02
-2.80000e+00  4.00000e-01       1.082e+15  9.371546e-01  0.000000e+00  2.745451e-02  6.284541e-02
-2.10000e+00  4.00000e-01       1.841e+15  9.518492e-01  0.000000e+00 -2.585184e-02  4.815076e-02
-1.40000e+00  4.00000e-01       2.708e+15  9.694031e-01  0.000000e+00 -8.753577e-02  3.059694e-02
-7.00000e-01  4.00000e-01       2.847e+15  9.848845e-01  0.000000e+00 -9.627433e-02  1.511553e-02
 0.00000e+00  4.00000e-01       2.221e+15  9.902753e-01  0.000000e+00 -9.362539e-16  9.724671e-03
 7.00000e-01  4.00000e-01       2.847e+15  9.848845e-01  0.000000e+00  9.627433e-02  1.511553e-02
 1.40000e+00  4.00000e-01       2.708e+15  9.694031e-01  0.000000e+00  8.753577e-02  3.059694e-02
 2.10000e+00  4.00000e-01       1.841e+15  9.518492e-01  0.000000e+00  2.585184e-02  4.815076e-02
 2.80000e+00  4.00000e-01       1.082e+15  9.371546e-01  0.000000e+00 -2.745451e-02  6.284541e-02
 3.50000e+00  4.00000e-01       4.931e+14  9.189569e-01  0.000000e+00  3.810185e-02  8.104311e-02
 4.20000e+00  4.00000e-01       2.429e+14  9.508228e-01  0.000000e+00  1.165495e-01  4.917723e-02
 4.90000e+00  4.00000e-01       8.895e+13  9.820357e-01  0.000000e+00  5.741372e-02  1.796428e-02
 5.60000e+00  4.00000e-01       1.664e+13  9.908907e-01  0.000000e+00 -3.034085e-02  9.109295e-03
 6.30000e+00  4.00000e-01       1.545e+12  9.875073e-01  0.000000e+00 -1.124335e-01  1.249268e-02
 7.00000e+00  4.00000e-01       7.279e+10  9.768363e-01  0.000000e+00 -1.867871e-01  2.316373e-02
-7.00000e+00  8.00000e-01       3.697e+10  9.624497e-01  0.000000e+00  1.886628e-01  3.755027e-02
-6.30000e+00  8.00000e-01       7.411e+11  9.745999e-01  0.000000e+00  5.572656e-02  2.540010e-02
-5.60000e+00  8.00000e-01       7.429e+12  9.539202e-01  0.000000e+00 -9.696942e-02  4.607975e-02
-4.90000e+00  8.00000e-01       3.714e+13  8.721218e-01  0.000000e+00 -2.363866e-01  1.278782e-01
-4.20000e+00  8.00000e-01       1.095e+14  7.282349e-01  0.000000e+00 -1.966717e-01  2.717651e-01
-3.50000e+00  8.00000e-01       3.044e+14  7.287588e-01  0.000000e+00  4.474785e-02  2.712412e-01
-2.80000e+00  8.00000e-01       7.248e+14  8.126516e-01  0.000000e+00  6.473123e-02  1.873484e-01
-2.10000e+00  8.00000e-01       1.172e+15  8.272118e-01  0.000000e+00  4.877966e-02  1.727882e-01
-1.40000e+00  8.00000e-01       1.764e+15  8.332316e-01  0.000000e+00  1.902951e-02  1.667684e-01
-7.00000e-01  8.00000e-01       3.197e+15  8.532815e-01  0.000000e+00 -9.446188e-02  1.467185e-01
 0.00000e+00  8.00000e-01       4.340e+15  8.611950e-01  0.000000e+00  4.420765e-16  1.388050e-01
 7.00000e-01  8.00000e-01       3.197e+15  8.532815e-01  0.000000e+00  9.446188e-02  1.467185e-01
 1.40000e+00  8.00000e-01       1.764e+15  8.332316e-01  0.000000e+00 -1.902951e-02  1.667684e-01
 2.10000e+00  8.00000e-01       1.172e+15  8.272118e-01  0.000000e+00 -4.877966e-02  1.727882e-01
 2.80000e+00  8.00000e-01       7.248e+14  8.126516e-01  0.000000e+00 -6.473123e-02  1.873484e-01
 3.50000e+00  8.00000e-01       3.044e+14  7.287588e-01  0.000000e+00 -4.474785e-02  2.712412e-01
 4.20000e+00  8.00000e-01       1.095e+14  7.282349e-01  0.000000e+00  1.966717e-01  2.717651e-01
 4.90000e+00  8.00000e-01       3.714e+13  8.721218e-01  0.000000e+00  2.363866e-01  1.278782e-01
 5.60000e+00  8.00000e-01       7.429e+12  9.539202e-01  0.000000e+00  9.696942e-02  4.607975e-02
 6.30000e+00  8.00000e-01       7.411e+11  9.745999e-01  0.000000e+00 -5.572656e-02  2.540010e-02
 7.00000e+00  8.00000e-01       3.697e+10  9.624497e-01  0.000000e+00 -1.886628e-01  3.755027e-02
-7.00000e+00  1.20000e+00       9.109e+09  9.367119e-01  0.000000e+00 -9.584656e-02  6.328808e-02
-6.30000e+00  1.20000e+00       1.675e+11  8.750769e-01  0.000000e+00 -2.773183e-01  1.249231e-01
-5.60000e+00  1.20000e+00       1.564e+12  6.931429e-01  0.000000e+00 -4.271238e-01  3.068571e-01
-4.90000e+00  1.20000e+00       8.516e+12  4.268608e-01  0.000000e+00 -3.125008e-01  5.731392e-01
-4.20000e+00  1.20000e+00       3.866e+13  4.357446e-01  0.000000e+00  7.630305e-02  5.642554e-01
-3.50000e+00  1.20000e+00       1.408e+14  6.381418e-01  0.000000e+00  1.364017e-01  3.618582e-01
-2.80000e+00  1.20000e+00       3.164e+14  6.882837e-01  0.000000e+00  3.479241e-02  3.117163e-01
-2.10000e+00  1.20000e+00       5.302e+14  6.969119e-01  0.000000e+00  1.064745e-01  3.030881e-01
-1.40000e+00  1.20000e+00       7.867e+14  7.549921e-01  0.000000e+00  3.219315e-01  2.450079e-01
-7.00000e-01  1.20000e+00       8.749e+14  8.031373e-01  0.000000e+00  3.995039e-01  1.968627e-01
 0.00000e+00  1.20000e+00       7.732e+14  8.249446e-01  0.000000e+00  3.090463e-15  1.750554e-01
 7.00000e-01  1.20000e+00       8.749e+14  8.031373e-01  0.000000e+00 -3.995039e-01  1.968627e-01
 1.40000e+00  1.20000e+00       7.867e+14  7.549921e-01  0.000000e+00 -3.219315e-01  2.450079e-01
 2.10000e+00  1.20000e+00       5.302e+14  6.969119e-01  0.000000e+00 -1.064745e-01  3.030881e-01
 2.80000e+00  1.20000e+00       3.164e+14  6.882837e-01  0.000000e+00 -3.479241e-02  3.117163e-01
 3.50000e+00  1.20000e+00       1.408e+14  6.381418e-01  0.000000e+00 -1.364017e-01  3.618582e-01
 4.20000e+00  1.20000e+00       3.866e+13  4.357446e-01  0.000000e+00 -7.630305e-02  5.642554e-01
 4.90000e+00  1.20000e+00       8.516e+12  4.268608e-01  0.000000e+00  3.125008e-01  5.731392e-01
 5.60000e+00  1.20000e+00       1.564e+12  6.931429e-01  0.000000e+00  4.271238e-01  3.068571e-01
 6.30000e+00  1.20000e+00       1.675e+11  8.750769e-01  0.000000e+00  2.773183e-01  1.249231e-01
 7.00000e+00  1.20000e+00       9.109e+09  9.367119e-01  0.000000e+00  9.584656e-02  6.328808e-02
-7.00000e+00  1.60000e+00       9.875e+08  3.982845e-01  0.000000e+00 -6.140518e-01  6.017155e-01
-6.30000e+00  1.60000e+00       1.640e+10  1.560938e-01  0.000000e+00 -5.364203e-01  8.439062e-01
-5.60000e+00  1.60000e+00       1.984e+11 -1.318071e-02  0.000000e+00 -9.143290e-02  9.868193e-01
-4.90000e+00  1.60000e+00       1.838e+12  2.641948e-01  0.000000e+00  2.792353e-01  7.358052e-01
-4.20000e+00  1.60000e+00       1.091e+13  5.541588e-01  0.000000e+00  2.009138e-01  4.458412e-01
-3.50000e+00  1.60000e+00       3.618e+13  5.792207e-01  0.000000e+00  1.094356e-02  4.207793e-01
-2.80000e+00  1.60000e+00       7.994e+13  4.997531e-01  0.000000e+00 -3.183089e-02  5.002469e-01
-2.10000e+00  1.60000e+00       1.434e+14  4.984693e-01  0.000000e+00 -1.474414e-01  5.015307e-01
-1.40000e+00  1.60000e+00       2.111e+14  5.167310e-01  0.000000e+00 -4.500878e-01  4.832690e-01
-7.00000e-01  1.60000e+00       2.217e+14  4.913096e-01  0.000000e+00 -5.927630e-01  5.086904e-01
 0.00000e+00  1.60000e+00       1.864e+14  4.526885e-01  0.000000e+00 -5.725214e-15  5.473115e-01
 7.00000e-01  1.60000e+00       2.217e+14  4.913096e-01  0.000000e+00  5.927630e-01  5.086904e-01
 1.40000e+00  1.60000e+00       2.111e+14  5.167310e-01  0.000000e+00  4.500878e-01  4.832690e-01
 2.10000e+00  1.60000e+00       1.434e+14  4.984693e-01  0.000000e+00  1.474414e-01  5.015307e-01
 2.80000e+00  1.60000e+00       7.994e+13  4.997531e-01  0.000000e+00  3.183089e-02  5.002469e-01
 3.50000e+00  1.60000e+00       3.618e+13  5.792207e-01  0.000000e+00 -1.094356e-02  4.207793e-01
 4.20000e+00  1.60000e+00       1.091e+13  5.541588e-01  0.000000e+00 -2.009138e-01  4.458412e-01
 4.90000e+00  1.60000e+00       1.838e+12  2.641948e-01  0.000000e+00 -2.792353e-01  7.358052e-01
 5.60000e+00  1.60000e+00       1.984e+11 -1.318071e-02  0.000000e+00  9.143290e-02  9.868193e-01
 6.30000e+00  1.60000e+00       1.640e+10  1.560938e-01  0.000000e+00  5.364203e-01  8.439062e-01
 7.00000e+00  1.60000e+00       9.875e+08  3.982845e-01  0.000000e+00  6.140518e-01  6.017155e-01
-7.00000e+00  2.00000e+00       1.879e+08 -4.541297e-01  0.000000e+00 -2.923687e-01  5.458703e-01
-6.30000e+00  2.00000e+00       1.906e+09 -6.577157e-02  0.000000e+00  3.621029e-01  9.342284e-01
-5.60000e+00  2.00000e+00       2.805e+10  4.277544e-01  0.000000e+00  3.793959e-01  5.722456e-01
-4.90000e+00  2.00000e+00       2.582e+11  5.869056e-01  0.000000e+00  9.349657e-02  4.130944e-01
-4.20000e+00  2.00000e+00       1.336e+12  4.614597e-01  0.000000e+00 -8.324696e-02  5.385403e-01
-3.50000e+00  2.00000e+00       4.716e+12  3.598977e-01  0.000000e+00 -1.299210e-02  6.401023e-01
-2.80000e+00  2.00000e+00       1.265e+13  4.148880e-01  0.000000e+00  9.559055e-03  5.851120e-01
-2.10000e+00  2.00000e+00       2.609e+13  5.011632e-01  0.000000e+00 -1.746467e-02  4.988368e-01
-1.40000e+00  2.00000e+00       4.533e+13  4.499216e-01  0.000000e+00  1.046616e-01  5.500784e-01
-7.00000e-01  2.00000e+00       7.264e+13  9.798261e-02  0.000000e+00  2.028360e-01  9.020174e-01
 0.00000e+00  2.00000e+00       9.118e+13 -7.102023e-02  0.000000e+00 -3.336116e-15  9.289798e-01
 7.00000e-01  2.00000e+00       7.264e+13  9.798261e-02  0.000000e+00 -2.028360e-01  9.020174e-01
 1.40000e+00  2.00000e+00       4.533e+13  4.499216e-01  0.000000e+00 -1.046616e-01  5.500784e-01
 2.10000e+00  2.00000e+00       2.609e+13  5.011632e-01  0.000000e+00  1.746467e-02  4.988368e-01
 2.80000e+00  2.00000e+00       1.265e+13  4.148880e-01  0.000000e+00 -9.559055e-03  5.851120e-01
 3.50000e+00  2.00000e+00       4.716e+12  3.598977e-01  0.000000e+00  1.299210e-02  6.401023e-01
 4.20000e+00  2.00000e+00       1.336e+12  4.614597e-01  0.000000e+00  8.324696e-02  5.385403e-01
 4.90000e+00  2.00000e+00       2.582e+11  5.869056e-01  0.000000e+00 -9.349657e-02  4.130944e-01
 5.60000e+00  2.00000e+00       2.805e+10  4.277544e-01  0.000000e+00 -3.793959e-01  5.722456e-01
 6.30000e+00  2.00000e+00       1.906e+09 -6.577157e-02  0.000000e+00 -3.621029e-01  9.342284e-01
 7.00000e+00  2.00000e+00       1.879e+08 -4.541297e-01  0.000000e+00  2.923687e-01  5.458703e-01
-7.00000e+00  2.40000e+00       1.221e+08 -6.034893e-01  0.000000e+00 -2.981152e-01  3.965107e-01
-6.30000e+00  2.40000e+00       4.155e+08 -3.375956e-01  0.000000e+00  2.028572e-02  6.624044e-01
-5.60000e+00  2.40000e+00       2.173e+09  1.134898e-01  0.000000e+00  1.298975e-02  8.865102e-01
-4.90000e+00  2.40000e+00       1.482e+10  1.636477e-01  0.000000e+00  2.573947e-03  8.363523e-01
-4.20000e+00  2.40000e+00       8.853e+10  2.609538e-01  0.000000e+00  9.511035e-02  7.390462e-01
-3.50000e+00  2.40000e+00       3.721e+11  3.333320e-01  0.000000e+00  3.829564e-02  6.666680e-01
-2.80000e+00  2.40000e+00       1.067e+12  2.882442e-01  0.000000e+00 -3.161374e-02  7.117558e-01
-2.10000e+00  2.40000e+00       2.238e+12  2.145024e-01  0.000000e+00 -2.347449e-01  7.854976e-01
-1.40000e+00  2.40000e+00       3.417e+12  1.296364e-01  0.000000e+00 -5.971067e-01  8.703636e-01
-7.00000e-01  2.40000e+00       3.134e+12  2.708573e-02  0.000000e+00 -7.772764e-01  9.729143e-01
 0.00000e+00  2.40000e+00       2.165e+12 -7.466340e-02  0.000000e+00 -9.403006e-15  9.253366e-01
 7.00000e-01  2.40000e+00       3.134e+12  2.708573e-02  0.000000e+00  7.772764e-01  9.729143e-01
 1.40000e+00  2.40000e+00       3.417e+12  1.296364e-01  0.000000e+00  5.971067e-01  8.703636e-01
 2.10000e+00  2.40000e+00       2.238e+12  2.145024e-01  0.000000e+00  2.347449e-01  7.854976e-01
 2.80000e+00  2.40000e+00       1.067e+12  2.882442e-01  0.000000e+00  3.161374e-02  7.117558e-01
 3.50000e+00  2.40000e+00       3.721e+11  3.333320e-01  0.000000e+00 -3.829564e-02  6.666680e-01
 4.20000e+00  2.40000e+00       8.853e+10  2.609538e-01  0.000000e+00 -9.511035e-02  7.390462e-01
 4.90000e+00  2.40000e+00       1.482e+10  1.636477e-01  0.000000e+00 -2.573947e-03  8.363523e-01
 5.60000e+00  2.40000e+00       2.173e+09  1.134898e-01  0.000000e+00 -1.298975e-02  8.865102e-01
 6.30000e+00  2.40000e+00       4.155e+08 -3.375956e-01  0.000000e+00 -2.028572e-02  6.624044e-01
 7.00000e+00  2.40000e+00       1.221e+08 -6.034893e-01  0.000000e+00  2.981152e-01  3.965107e-01
-7.00000e+00  2.80000e+00       8.079e+07 -7.035408e-01  0.000000e+00 -1.366599e-01  2.964592e-01
-6.30000e+00  2.80000e+00       2.505e+08 -6.098630e-01  0.000000e+00  1.411241e-01  3.901370e-01
-5.60000e+00  2.80000e+00       6.719e+08 -3.546746e-01  0.000000e+00  3.956251e-01  6.453254e-01
-4.90000e+00  2.80000e+00       1.909e+09  1.775183e-03  0.000000e+00  4.359628e-01  9.982248e-01
-4.20000e+00  2.80000e+00       6.062e+09  2.211555e-01  0.000000e+00  2.612384e-01  7.788445e-01
-3.50000e+00  2.80000e+00       1.979e+10  2.822311e-01  0.000000e+00  1.272636e-01  7.177689e-01
-2.80000e+00  2.80000e+00       5.615e+10  3.322011e-01  0.000000e+00  5.899513e-02  6.677989e-01
-2.10000e+00  2.80000e+00       1.231e+11  4.534579e-01  0.000000e+00  9.390300e-02  5.465421e-01
-1.40000e+00  2.80000e+00       1.695e+11  5.943215e-01  0.000000e+00  2.496683e-01  4.056785e-01
-7.00000e-01  2.80000e+00       5.783e+10  4.665244e-01  0.000000e+00  8.676569e-01  5.334756e-01
 0.00000e+00  2.80000e+00       6.763e+10  9.571358e-01  0.000000e+00  1.508972e-14  4.286419e-02
 7.00000e-01  2.80000e+00       5.783e+10  4.665244e-01  0.000000e+00 -8.676569e-01  5.334756e-01
 1.40000e+00  2.80000e+00       1.695e+11  5.943215e-01  0.000000e+00 -2.496683e-01  4.056785e-01
 2.10000e+00  2.80000e+00       1.231e+11  4.534579e-01  0.000000e+00 -9.390300e-02  5.465421e-01
 2.80000e+00  2.80000e+00       5.615e+10  3.322011e-01  0.000000e+00 -5.899513e-02  6.677989e-01
 3.50000e+00  2.80000e+00       1.979e+10  2.822311e-01  0.000000e+00 -1.272636e-01  7.177689e-01
 4.20000e+00  2.80000e+00       6.062e+09  2.211555e-01  0.000000e+00 -2.612384e-01  7.788445e-01
 4.90000e+00  2.80000e+00       1.909e+09  1.775183e-03  0.000000e+00 -4.359628e-01  9.982248e-01
 5.60000e+00  2.80000e+00       6.719e+08 -3.546746e-01  0.000000e+00 -3.956251e-01  6.453254e-01
 6.30000e+00  2.80000e+00       2.505e+08 -6.098630e-01  0.000000e+00 -1.411241e-01  3.901370e-01
 7.00000e+00  2.80000e+00       8.079e+07 -7.035408e-01  0.000000e+00  1.366599e-01  2.964592e-01
-7.00000e+00  3.20000e+00       4.912e+07 -7.298697e-01  0.000000e+00  6.628647e-02  2.701303e-01
-6.30000e+00  3.20000e+00       1.755e+08 -6.339456e-01  0.000000e+00  2.343189e-01  3.660544e-01
-5.60000e+00  3.20000e+00       4.203e+08 -4.187868e-01  0.000000e+00  4.318433e-01  5.812132e-01
-4.90000e+00  3.20000e+00       9.312e+08 -1.124271e-01  0.000000e+00  5.480512e-01  8.875729e-01
-4.20000e+00  3.20000e+00       2.022e+09  1.455889e-01  0.000000e+00  5.223608e-01  8.544111e-01
-3.50000e+00  3.20000e+00       3.911e+09  3.055961e-01  0.000000e+00  4.076389e-01  6.944039e-01
-2.80000e+00  3.20000e+00       6.234e+09  3.077651e-01  0.000000e+00  2.680339e-01  6.922349e-01
-2.10000e+00  3.20000e+00       3.780e+09 -9.418863e-01  0.000000e+00 -1.647415e-01  5.811373e-02
-1.40000e+00  3.20000e+00       3.248e+10  7.395224e-01  0.000000e+00 -2.238633e-01  2.604776e-01
-7.00000e-01  3.20000e+00       9.518e+10  9.867540e-01  0.000000e+00 -7.240753e-02  1.324600e-02
 0.00000e+00  3.20000e+00       1.411e+11  9.272732e-01  0.000000e+00  5.715017e-16  7.272676e-02
 7.00000e-01  3.20000e+00       9.518e+10  9.867540e-01  0.000000e+00  7.240753e-02  1.324600e-02
 1.40000e+00  3.20000e+00       3.248e+10  7.395224e-01  0.000000e+00  2.238633e-01  2.604776e-01
 2.10000e+00  3.20000e+00       3.780e+09 -9.418863e-01  0.000000e+00  1.647415e-01  5.811373e-02
 2.80000e+00  3.20000e+00       6.234e+09  3.077651e-01  0.000000e+00 -2.680339e-01  6.922349e-01
 3.50000e+00  3.20000e+00       3.911e+09  3.055961e-01  0.000000e+00 -4.076389e-01  6.944039e-01
 4.20000e+00  3.20000e+00       2.022e+09  1.455889e-01  0.000000e+00 -5.223608e-01  8.544111e-01
 4.90000e+00  3.20000e+00       9.312e+08 -1.124271e-01  0.000000e+00 -5.480512e-01  8.875729e-01
 5.60000e+00  3.20000e+00       4.203e+08 -4.187868e-01  0.000000e+00 -4.318433e-01  5.812132e-01
 6.30000e+00  3.20000e+00       1.755e+08 -6.339456e-01  0.000000e+00 -2.343189e-01  3.660544e-01
 7.00000e+00  3.20000e+00       4.912e+07 -7.298697e-01  0.000000e+00 -6.628647e-02  2.701303e-01
-7.00000e+00  3.60000e+00       1.397e+07 -6.293820e-01  0.000000e+00  3.555911e-01  3.706180e-01
-6.30000e+00  3.60000e+00       9.179e+07 -5.512537e-01  0.000000e+00  4.189567e-01  4.487463e-01
-5.60000e+00  3.60000e+00       2.981e+08 -3.862810e-01  0.000000e+00  5.117541e-01  6.137190e-01
-4.90000e+00  3.60000e+00       6.791e+08 -1.423683e-01  0.000000e+00  5.823528e-01  8.576317e-01
-4.20000e+00  3.60000e+00       1.316e+09  9.426187e-02  0.000000e+00  5.669353e-01  9.057381e-01
-3.50000e+00  3.60000e+00       2.228e+09  2.719042e-01  0.000000e+00  4.768179e-01  7.280958e-01
-2.80000e+00  3.60000e+00       2.898e+09  2.370687e-01  0.000000e+00  3.814850e-01  7.629313e-01
-2.10000e+00  3.60000e+00       4.925e+09  2.441970e-01  0.000000e+00 -6.882142e-02  7.558030e-01
-1.40000e+00  3.60000e+00       3.051e+10  8.629768e-01  0.000000e+00 -1.419449e-01  1.370232e-01
-7.00000e-01  3.60000e+00       8.544e+10  9.561805e-01  0.000000e+00 -4.232576e-02  4.381955e-02
 0.00000e+00  3.60000e+00       1.228e+11  9.087101e-01  0.000000e+00  5.754839e-16  9.128988e-02
 7.00000e-01  3.60000e+00       8.544e+10  9.561805e-01  0.000000e+00  4.232576e-02  4.381955e-02
 1.40000e+00  3.60000e+00       3.051e+10  8.629768e-01  0.000000e+00  1.419449e-01  1.370232e-01
 2.10000e+00  3.60000e+00       4.925e+09  2.441970e-01  0.000000e+00  6.882142e-02  7.558030e-01
 2.80000e+00  3.60000e+00       2.898e+09  2.370687e-01  0.000000e+00 -3.814850e-01  7.629313e-01
 3.50000e+00  3.60000e+00       2.228e+09  2.719042e-01  0.000000e+00 -4.768179e-01  7.280958e-01
 4.20000e+00  3.60000e+00       1.316e+09  9.426187e-02  0.000000e+00 -5.669353e-01  9.057381e-01
 4.90000e+00  3.60000e+00       6.791e+08 -1.423683e-01  0.000000e+00 -5.823528e-01  8.576317e-01
 5.60000e+00  3.60000e+00       2.981e+08 -3.862810e-01  0.000000e+00 -5.117541e-01  6.137190e-01
 6.30000e+00  3.60000e+00       9.179e+07 -5.512537e-01  0.000000e+00 -4.189567e-01  4.487463e-01
 7.00000e+00  3.60000e+00       1.397e+07 -6.293820e-01  0.000000e+00 -3.555911e-01  3.706180e-01
-7.00000e+00  4.00000e+00       9.220e+05 -3.757835e-01  0.000000e+00  5.862788e-01  6.242165e-01
-6.30000e+00  4.00000e+00       1.613e+07 -3.292906e-01  0.000000e+00  5.967236e-01  6.707094e-01
-5.60000e+00  4.00000e+00       1.112e+08 -2.355064e-01  0.000000e+00  6.132380e-01  7.644936e-01
-4.90000e+00  4.00000e+00       3.744e+08 -9.616779e-02  0.000000e+00  6.244281e-01  9.038322e-01
-4.20000e+00  4.00000e+00       7.574e+08  6.393239e-02  0.000000e+00  6.031586e-01  9.360676e-01
-3.50000e+00  4.00000e+00       1.149e+09  2.316681e-01  0.000000e+00  5.162312e-01  7.683319e-01
-2.80000e+00  4.00000e+00       1.379e+09  1.130257e-01  0.000000e+00  4.459626e-01  8.869743e-01
-2.10000e+00  4.00000e+00       4.681e+09  4.914124e-01  0.000000e+00 -6.096254e-02  5.085876e-01
-1.40000e+00  4.00000e+00       2.629e+10  8.947456e-01  0.000000e+00 -1.123675e-01  1.052544e-01
-7.00000e-01  4.00000e+00       7.186e+10  9.587528e-01  0.000000e+00 -3.344546e-02  4.124718e-02
 0.00000e+00  4.00000e+00       1.018e+11  9.178025e-01  0.000000e+00  5.268768e-16  8.219750e-02
 7.00000e-01  4.00000e+00       7.186e+10  9.587528e-01  0.000000e+00  3.344546e-02  4.124718e-02
 1.40000e+00  4.00000e+00       2.629e+10  8.947456e-01  0.000000e+00  1.123675e-01  1.052544e-01
 2.10000e+00  4.00000e+00       4.681e+09  4.914124e-01  0.000000e+00  6.096254e-02  5.085876e-01
 2.80000e+00  4.00000e+00       1.379e+09  1.130257e-01  0.000000e+00 -4.459626e-01  8.869743e-01
 3.50000e+00  4.00000e+00       1.149e+09  2.316681e-01  0.000000e+00 -5.162312e-01  7.683319e-01
 4.20000e+00  4.00000e+00       7.574e+08  6.393239e-02  0.000000e+00 -6.031586e-01  9.360676e-01
 4.90000e+00  4.00000e+00       3.744e+08 -9.616779e-02  0.000000e+00 -6.244281e-01  9.038322e-01
 5.60000e+00  4.00000e+00       1.112e+08 -2.355064e-01  0.000000e+00 -6.132380e-01  7.644936e-01
 6.30000e+00  4.00000e+00       1.613e+07 -3.292906e-01  0.000000e+00 -5.967236e-01  6.707094e-01
 7.00000e+00  4.00000e+00       9.220e+05 -3.757835e-01  0.000000e+00 -5.862788e-01  6.242165e-01
