 EB(GeV)    EMITTANCEx EMITTANCEy SIZEx(m)   SIZEy(m)   DIVx(rad)  DIVy(rad)
 2.411e+00  5.499e-09  1.017e-12  8.711e-05  1.009e-06  6.313e-05  1.009e-06
 betax      alphax     betay      alphay     eta        deta       E_spread  
 1.380e+00  0.000e+00  1.000e+00  0.000e+00  0.000e+00  0.000e+00  8.600e-04
 Ibeam(A)   period(cm) #periods   Kx         Ky         Energy(eV)
 4.005e-01  1.900e+00         96  0.000e+00  1.780e+00  7.584e+03


           x            y       F.Density            PL            PC          PL45        1-|PL|
          mm           mm  ph/s/mr^2/0.1%             -             -             -             -
-7.00000e+00 -4.00000e+00       1.579e+08 -7.277445e-01  0.000000e+00 -1.221206e-01  2.722555e-01
-6.30000e+00 -4.00000e+00       4.001e+08 -4.707096e-01  0.000000e+00 -2.985026e-01  5.292904e-01
-5.60000e+00 -4.00000e+00       1.115e+09  7.900869e-02  0.000000e+00 -3.383453e-01  9.209913e-01
-4.90000e+00 -4.00000e+00       3.714e+09  5.732235e-01  0.000000e+00 -2.240274e-01  4.267765e-01
-4.20000e+00 -4.00000e+00       8.811e+09  7.533443e-01  0.000000e+00 -1.586238e-01  2.466557e-01
-3.50000e+00 -4.00000e+00       9.758e+09  7.049570e-01  0.000000e+00 -1.855761e-01  2.950430e-01
-2.80000e+00 -4.00000e+00       5.679e+09  3.463705e-01  0.000000e+00 -4.061613e-01  6.536295e-01
-2.10000e+00 -4.00000e+00       6.799e+09 -1.261408e-01  0.000000e+00 -1.307460e+00  8.738592e-01
-1.40000e+00 -4.00000e+00       4.177e+10  1.558189e-01  0.000000e+00 -7.068282e-01  8.441811e-01
-7.00000e-01 -4.00000e+00       7.113e+10 -3.016777e-01  0.000000e+00 -5.440477e-01  6.983223e-01
 0.00000e+00 -4.00000e+00       6.382e+10 -9.431280e-01  0.000000e+00  1.918236e-15  5.687198e-02
 7.00000e-01 -4.00000e+00       7.113e+10 -3.016777e-01  0.000000e+00  5.440477e-01  6.983223e-01
 1.40000e+00 -4.00000e+00       4.177e+10  1.558189e-01  0.000000e+00  7.068282e-01  8.441811e-01
 2.10000e+00 -4.00000e+00       6.799e+09 -1.261408e-01  0.000000e+00  1.307460e+00  8.738592e-01
 2.80000e+00 -4.00000e+00       5.679e+09  3.463705e-01  0.000000e+00  4.061613e-01  6.536295e-01
 3.50000e+00 -4.00000e+00       9.758e+09  7.049570e-01  0.000000e+00  1.855761e-01  2.950430e-01
 4.20000e+00 -4.00000e+00       8.811e+09  7.533443e-01  0.000000e+00  1.586238e-01  2.466557e-01
 4.90000e+00 -4.00000e+00       3.714e+09  5.732235e-01  0.000000e+00  2.240274e-01  4.267765e-01
 5.60000e+00 -4.00000e+00       1.115e+09  7.900869e-02  0.000000e+00  3.383453e-01  9.209913e-01
 6.30000e+00 -4.00000e+00       4.001e+08 -4.707096e-01  0.000000e+00  2.985026e-01  5.292904e-01
 7.00000e+00 -4.00000e+00       1.579e+08 -7.277445e-01  0.000000e+00  1.221206e-01  2.722555e-01
-7.00000e+00 -3.60000e+00       2.165e+08 -7.230712e-01  0.000000e+00  1.199044e-02  2.769288e-01
-6.30000e+00 -3.60000e+00       5.281e+08 -4.871667e-01  0.000000e+00 -2.494727e-01  5.128333e-01
-5.60000e+00 -3.60000e+00       1.491e+09  2.410631e-02  0.000000e+00 -3.342005e-01  9.758937e-01
-4.90000e+00 -3.60000e+00       4.965e+09  5.081118e-01  0.000000e+00 -2.445944e-01  4.918882e-01
-4.20000e+00 -3.60000e+00       1.250e+10  6.585753e-01  0.000000e+00 -1.657952e-01  3.414247e-01
-3.50000e+00 -3.60000e+00       1.855e+10  5.193180e-01  0.000000e+00 -1.555180e-01  4.806820e-01
-2.80000e+00 -3.60000e+00       2.607e+10  2.775530e-01  0.000000e+00 -2.310786e-01  7.224470e-01
-2.10000e+00 -3.60000e+00       4.023e+10 -8.631858e-02  0.000000e+00 -7.170943e-01  9.136814e-01
-1.40000e+00 -3.60000e+00       5.760e+10 -8.155623e-01  0.000000e+00 -1.362751e+00  1.844377e-01
-7.00000e-01 -3.60000e+00       9.042e+10 -8.294836e-01  0.000000e+00 -9.192857e-01  1.705164e-01
 0.00000e+00 -3.60000e+00       1.166e+11 -5.684074e-01  0.000000e+00  9.138387e-16  4.315926e-01
 7.00000e-01 -3.60000e+00       9.042e+10 -8.294836e-01  0.000000e+00  9.192857e-01  1.705164e-01
 1.40000e+00 -3.60000e+00       5.760e+10 -8.155623e-01  0.000000e+00  1.362751e+00  1.844377e-01
 2.10000e+00 -3.60000e+00       4.023e+10 -8.631858e-02  0.000000e+00  7.170943e-01  9.136814e-01
 2.80000e+00 -3.60000e+00       2.607e+10  2.775530e-01  0.000000e+00  2.310786e-01  7.224470e-01
 3.50000e+00 -3.60000e+00       1.855e+10  5.193180e-01  0.000000e+00  1.555180e-01  4.806820e-01
 4.20000e+00 -3.60000e+00       1.250e+10  6.585753e-01  0.000000e+00  1.657952e-01  3.414247e-01
 4.90000e+00 -3.60000e+00       4.965e+09  5.081118e-01  0.000000e+00  2.445944e-01  4.918882e-01
 5.60000e+00 -3.60000e+00       1.491e+09  2.410631e-02  0.000000e+00  3.342005e-01  9.758937e-01
 6.30000e+00 -3.60000e+00       5.281e+08 -4.871667e-01  0.000000e+00  2.494727e-01  5.128333e-01
 7.00000e+00 -3.60000e+00       2.165e+08 -7.230712e-01  0.000000e+00 -1.199044e-02  2.769288e-01
-7.00000e+00 -3.20000e+00       3.148e+08 -6.873213e-01  0.000000e+00  1.191572e-01  3.126787e-01
-6.30000e+00 -3.20000e+00       8.145e+08 -3.934974e-01  0.000000e+00 -1.715492e-01  6.065026e-01
-5.60000e+00 -3.20000e+00       2.940e+09  8.482448e-02  0.000000e+00 -1.603719e-01  9.151755e-01
-4.90000e+00 -3.20000e+00       1.296e+10  2.376445e-01  0.000000e+00 -7.161172e-02  7.623555e-01
-4.20000e+00 -3.20000e+00       4.968e+10  2.714680e-01  0.000000e+00 -1.360179e-01  7.285320e-01
-3.50000e+00 -3.20000e+00       1.495e+11  2.961693e-01  0.000000e+00 -8.069113e-02  7.038307e-01
-2.80000e+00 -3.20000e+00       3.600e+11  1.482822e-01  0.000000e+00 -3.887687e-02  8.517178e-01
-2.10000e+00 -3.20000e+00       6.818e+11 -1.820841e-01  0.000000e+00 -7.023070e-02  8.179159e-01
-1.40000e+00 -3.20000e+00       1.080e+12 -6.426115e-01  0.000000e+00 -1.387368e-01  3.573885e-01
-7.00000e-01 -3.20000e+00       1.356e+12 -7.774357e-01  0.000000e+00 -2.201662e-01  2.225643e-01
 0.00000e+00 -3.20000e+00       1.308e+12 -6.970556e-01  0.000000e+00  3.287527e-15  3.029444e-01
 7.00000e-01 -3.20000e+00       1.356e+12 -7.774357e-01  0.000000e+00  2.201662e-01  2.225643e-01
 1.40000e+00 -3.20000e+00       1.080e+12 -6.426115e-01  0.000000e+00  1.387368e-01  3.573885e-01
 2.10000e+00 -3.20000e+00       6.818e+11 -1.820841e-01  0.000000e+00  7.023070e-02  8.179159e-01
 2.80000e+00 -3.20000e+00       3.600e+11  1.482822e-01  0.000000e+00  3.887687e-02  8.517178e-01
 3.50000e+00 -3.20000e+00       1.495e+11  2.961693e-01  0.000000e+00  8.069113e-02  7.038307e-01
 4.20000e+00 -3.20000e+00       4.968e+10  2.714680e-01  0.000000e+00  1.360179e-01  7.285320e-01
 4.90000e+00 -3.20000e+00       1.296e+10  2.376445e-01  0.000000e+00  7.161172e-02  7.623555e-01
 5.60000e+00 -3.20000e+00       2.940e+09  8.482448e-02  0.000000e+00  1.603719e-01  9.151755e-01
 6.30000e+00 -3.20000e+00       8.145e+08 -3.934974e-01  0.000000e+00  1.715492e-01  6.065026e-01
 7.00000e+00 -3.20000e+00       3.148e+08 -6.873213e-01  0.000000e+00 -1.191572e-01  3.126787e-01
-7.00000e+00 -2.80000e+00       4.675e+08 -6.256273e-01  0.000000e+00  1.504791e-01  3.743727e-01
-6.30000e+00 -2.80000e+00       2.477e+09 -2.403248e-01  0.000000e+00 -3.832647e-01  7.596752e-01
-5.60000e+00 -2.80000e+00       2.088e+10  3.278015e-01  0.000000e+00 -4.332144e-01  6.721985e-01
-4.90000e+00 -2.80000e+00       1.380e+11  5.436908e-01  0.000000e+00 -9.861579e-02  4.563092e-01
-4.20000e+00 -2.80000e+00       5.813e+11  3.631509e-01  0.000000e+00  1.403609e-01  6.368491e-01
-3.50000e+00 -2.80000e+00       1.782e+12  1.833098e-01  0.000000e+00  2.027810e-02  8.166902e-01
-2.80000e+00 -2.80000e+00       4.342e+12  2.013405e-01  0.000000e+00 -7.265415e-02  7.986595e-01
-2.10000e+00 -2.80000e+00       7.669e+12 -1.580147e-02  0.000000e+00  4.856621e-02  9.841985e-01
-1.40000e+00 -2.80000e+00       9.389e+12 -3.233945e-01  0.000000e+00  3.276697e-01  6.766055e-01
-7.00000e-01 -2.80000e+00       6.436e+12 -4.271087e-01  0.000000e+00  5.300906e-01  5.728913e-01
 0.00000e+00 -2.80000e+00       3.457e+12 -3.955193e-01  0.000000e+00  3.511194e-15  6.044807e-01
 7.00000e-01 -2.80000e+00       6.436e+12 -4.271087e-01  0.000000e+00 -5.300906e-01  5.728913e-01
 1.40000e+00 -2.80000e+00       9.389e+12 -3.233945e-01  0.000000e+00 -3.276697e-01  6.766055e-01
 2.10000e+00 -2.80000e+00       7.669e+12 -1.580147e-02  0.000000e+00 -4.856621e-02  9.841985e-01
 2.80000e+00 -2.80000e+00       4.342e+12  2.013405e-01  0.000000e+00  7.265415e-02  7.986595e-01
 3.50000e+00 -2.80000e+00       1.782e+12  1.833098e-01  0.000000e+00 -2.027810e-02  8.166902e-01
 4.20000e+00 -2.80000e+00       5.813e+11  3.631509e-01  0.000000e+00 -1.403609e-01  6.368491e-01
 4.90000e+00 -2.80000e+00       1.380e+11  5.436908e-01  0.000000e+00  9.861579e-02  4.563092e-01
 5.60000e+00 -2.80000e+00       2.088e+10  3.278015e-01  0.000000e+00  4.332144e-01  6.721985e-01
 6.30000e+00 -2.80000e+00       2.477e+09 -2.403248e-01  0.000000e+00  3.832647e-01  7.596752e-01
 7.00000e+00 -2.80000e+00       4.675e+08 -6.256273e-01  0.000000e+00 -1.504791e-01  3.743727e-01
-7.00000e+00 -2.40000e+00       1.832e+09  6.002672e-02  0.000000e+00  6.291655e-01  9.399733e-01
-6.30000e+00 -2.40000e+00       1.938e+10 -1.654863e-01  0.000000e+00  5.269235e-01  8.345137e-01
-5.60000e+00 -2.40000e+00       1.700e+11 -3.131417e-01  0.000000e+00  3.296416e-02  6.868583e-01
-4.90000e+00 -2.40000e+00       1.163e+12  2.854568e-02  0.000000e+00 -3.745786e-01  9.714543e-01
-4.20000e+00 -2.40000e+00       5.521e+12  4.271483e-01  0.000000e+00 -2.764229e-01  5.728517e-01
-3.50000e+00 -2.40000e+00       1.632e+13  4.680729e-01  0.000000e+00  6.795437e-03  5.319271e-01
-2.80000e+00 -2.40000e+00       3.413e+13  3.354382e-01  0.000000e+00  5.976440e-03  6.645618e-01
-2.10000e+00 -2.40000e+00       5.765e+13  3.259247e-01  0.000000e+00 -2.320584e-01  6.740753e-01
-1.40000e+00 -2.40000e+00       6.175e+13  1.944602e-01  0.000000e+00 -4.848299e-01  8.055398e-01
-7.00000e-01 -2.40000e+00       3.261e+13  1.422024e-03  0.000000e+00 -6.445877e-01  9.985780e-01
 0.00000e+00 -2.40000e+00       1.464e+13 -5.018167e-02  0.000000e+00 -3.010906e-14  9.498183e-01
 7.00000e-01 -2.40000e+00       3.261e+13  1.422024e-03  0.000000e+00  6.445877e-01  9.985780e-01
 1.40000e+00 -2.40000e+00       6.175e+13  1.944602e-01  0.000000e+00  4.848299e-01  8.055398e-01
 2.10000e+00 -2.40000e+00       5.765e+13  3.259247e-01  0.000000e+00  2.320584e-01  6.740753e-01
 2.80000e+00 -2.40000e+00       3.413e+13  3.354382e-01  0.000000e+00 -5.976440e-03  6.645618e-01
 3.50000e+00 -2.40000e+00       1.632e+13  4.680729e-01  0.000000e+00 -6.795437e-03  5.319271e-01
 4.20000e+00 -2.40000e+00       5.521e+12  4.271483e-01  0.000000e+00  2.764229e-01  5.728517e-01
 4.90000e+00 -2.40000e+00       1.163e+12  2.854568e-02  0.000000e+00  3.745786e-01  9.714543e-01
 5.60000e+00 -2.40000e+00       1.700e+11 -3.131417e-01  0.000000e+00 -3.296416e-02  6.868583e-01
 6.30000e+00 -2.40000e+00       1.938e+10 -1.654863e-01  0.000000e+00 -5.269235e-01  8.345137e-01
 7.00000e+00 -2.40000e+00       1.832e+09  6.002672e-02  0.000000e+00 -6.291655e-01  9.399733e-01
-7.00000e+00 -2.00000e+00       1.824e+10  8.815079e-01  0.000000e+00  1.273331e-01  1.184921e-01
-6.30000e+00 -2.00000e+00       2.213e+11  7.878210e-01  0.000000e+00  3.761842e-01  2.121790e-01
-5.60000e+00 -2.00000e+00       1.571e+12  4.966779e-01  0.000000e+00  5.667555e-01  5.033221e-01
-4.90000e+00 -2.00000e+00       7.139e+12  8.378206e-02  0.000000e+00  4.300044e-01  9.162179e-01
-4.20000e+00 -2.00000e+00       2.642e+13  3.018379e-02  0.000000e+00 -7.925483e-02  9.698162e-01
-3.50000e+00 -2.00000e+00       8.283e+13  3.729618e-01  0.000000e+00 -2.355448e-01  6.270382e-01
-2.80000e+00 -2.00000e+00       1.749e+14  4.780510e-01  0.000000e+00 -2.764802e-02  5.219490e-01
-2.10000e+00 -2.00000e+00       2.576e+14  3.663869e-01  0.000000e+00  1.692390e-01  6.336131e-01
-1.40000e+00 -2.00000e+00       2.788e+14  4.106118e-01  0.000000e+00  3.876292e-01  5.893882e-01
-7.00000e-01 -2.00000e+00       1.614e+14  5.108674e-01  0.000000e+00  5.160411e-01  4.891326e-01
 0.00000e+00 -2.00000e+00       7.788e+13  5.476237e-01  0.000000e+00  5.906370e-15  4.523763e-01
 7.00000e-01 -2.00000e+00       1.614e+14  5.108674e-01  0.000000e+00 -5.160411e-01  4.891326e-01
 1.40000e+00 -2.00000e+00       2.788e+14  4.106118e-01  0.000000e+00 -3.876292e-01  5.893882e-01
 2.10000e+00 -2.00000e+00       2.576e+14  3.663869e-01  0.000000e+00 -1.692390e-01  6.336131e-01
 2.80000e+00 -2.00000e+00       1.749e+14  4.780510e-01  0.000000e+00  2.764802e-02  5.219490e-01
 3.50000e+00 -2.00000e+00       8.283e+13  3.729618e-01  0.000000e+00  2.355448e-01  6.270382e-01
 4.20000e+00 -2.00000e+00       2.642e+13  3.018379e-02  0.000000e+00  7.925483e-02  9.698162e-01
 4.90000e+00 -2.00000e+00       7.139e+12  8.378206e-02  0.000000e+00 -4.300044e-01  9.162179e-01
 5.60000e+00 -2.00000e+00       1.571e+12  4.966779e-01  0.000000e+00 -5.667555e-01  5.033221e-01
 6.30000e+00 -2.00000e+00       2.213e+11  7.878210e-01  0.000000e+00 -3.761842e-01  2.121790e-01
 7.00000e+00 -2.00000e+00       1.824e+10  8.815079e-01  0.000000e+00 -1.273331e-01  1.184921e-01
-7.00000e+00 -1.60000e+00       1.072e+11  8.587462e-01  0.000000e+00 -4.163810e-01  1.412538e-01
-6.30000e+00 -1.60000e+00       1.391e+12  9.247628e-01  0.000000e+00 -2.041257e-01  7.523715e-02
-5.60000e+00 -1.60000e+00       1.035e+13  9.165547e-01  0.000000e+00  5.431565e-02  8.344530e-02
-4.90000e+00 -1.60000e+00       4.408e+13  7.764087e-01  0.000000e+00  3.176708e-01  2.235913e-01
-4.20000e+00 -1.60000e+00       1.155e+14  4.562228e-01  0.000000e+00  3.946401e-01  5.437772e-01
-3.50000e+00 -1.60000e+00       2.532e+14  2.770008e-01  0.000000e+00  3.885804e-02  7.229992e-01
-2.80000e+00 -1.60000e+00       5.488e+14  4.944161e-01  0.000000e+00 -1.215246e-01  5.055839e-01
-2.10000e+00 -1.60000e+00       9.178e+14  6.476698e-01  0.000000e+00  5.046922e-02  3.523302e-01
-1.40000e+00 -1.60000e+00       1.138e+15  7.816893e-01  0.000000e+00  7.814000e-02  2.183107e-01
-7.00000e-01 -1.60000e+00       7.661e+14  8.945394e-01  0.000000e+00  1.046033e-02  1.054606e-01
 0.00000e+00 -1.60000e+00       3.678e+14  9.329274e-01  0.000000e+00  1.357157e-15  6.707263e-02
 7.00000e-01 -1.60000e+00       7.661e+14  8.945394e-01  0.000000e+00 -1.046033e-02  1.054606e-01
 1.40000e+00 -1.60000e+00       1.138e+15  7.816893e-01  0.000000e+00 -7.814000e-02  2.183107e-01
 2.10000e+00 -1.60000e+00       9.178e+14  6.476698e-01  0.000000e+00 -5.046922e-02  3.523302e-01
 2.80000e+00 -1.60000e+00       5.488e+14  4.944161e-01  0.000000e+00  1.215246e-01  5.055839e-01
 3.50000e+00 -1.60000e+00       2.532e+14  2.770008e-01  0.000000e+00 -3.885804e-02  7.229992e-01
 4.20000e+00 -1.60000e+00       1.155e+14  4.562228e-01  0.000000e+00 -3.946401e-01  5.437772e-01
 4.90000e+00 -1.60000e+00       4.408e+13  7.764087e-01  0.000000e+00 -3.176708e-01  2.235913e-01
 5.60000e+00 -1.60000e+00       1.035e+13  9.165547e-01  0.000000e+00 -5.431565e-02  8.344530e-02
 6.30000e+00 -1.60000e+00       1.391e+12  9.247628e-01  0.000000e+00  2.041257e-01  7.523715e-02
 7.00000e+00 -1.60000e+00       1.072e+11  8.587462e-01  0.000000e+00  4.163810e-01  1.412538e-01
-7.00000e+00 -1.20000e+00       3.149e+11  6.941972e-01  0.000000e+00 -6.723333e-01  3.058028e-01
-6.30000e+00 -1.20000e+00       4.281e+12  8.184005e-01  0.000000e+00 -5.099638e-01  1.815995e-01
-5.60000e+00 -1.20000e+00       3.430e+13  9.052136e-01  0.000000e+00 -3.082369e-01  9.478639e-02
-4.90000e+00 -1.20000e+00       1.603e+14  9.335653e-01  0.000000e+00 -7.140175e-02  6.643473e-02
-4.20000e+00 -1.20000e+00       4.288e+14  8.594198e-01  0.000000e+00  1.722439e-01  1.405802e-01
-3.50000e+00 -1.20000e+00       7.142e+14  6.421228e-01  0.000000e+00  2.549241e-01  3.578772e-01
-2.80000e+00 -1.20000e+00       1.129e+15  5.472634e-01  0.000000e+00  1.092124e-02  4.527366e-01
-2.10000e+00 -1.20000e+00       1.955e+15  7.056083e-01  0.000000e+00  4.832475e-02  2.943917e-01
-1.40000e+00 -1.20000e+00       2.973e+15  8.465101e-01  0.000000e+00  2.142340e-01  1.534899e-01
-7.00000e-01 -1.20000e+00       3.051e+15  9.319175e-01  0.000000e+00  1.961857e-01  6.808247e-02
 0.00000e+00 -1.20000e+00       2.264e+15  9.604533e-01  0.000000e+00 -3.473124e-15  3.954669e-02
 7.00000e-01 -1.20000e+00       3.051e+15  9.319175e-01  0.000000e+00 -1.961857e-01  6.808247e-02
 1.40000e+00 -1.20000e+00       2.973e+15  8.465101e-01  0.000000e+00 -2.142340e-01  1.534899e-01
 2.10000e+00 -1.20000e+00       1.955e+15  7.056083e-01  0.000000e+00 -4.832475e-02  2.943917e-01
 2.80000e+00 -1.20000e+00       1.129e+15  5.472634e-01  0.000000e+00 -1.092124e-02  4.527366e-01
 3.50000e+00 -1.20000e+00       7.142e+14  6.421228e-01  0.000000e+00 -2.549241e-01  3.578772e-01
 4.20000e+00 -1.20000e+00       4.288e+14  8.594198e-01  0.000000e+00 -1.722439e-01  1.405802e-01
 4.90000e+00 -1.20000e+00       1.603e+14  9.335653e-01  0.000000e+00  7.140175e-02  6.643473e-02
 5.60000e+00 -1.20000e+00       3.430e+13  9.052136e-01  0.000000e+00  3.082369e-01  9.478639e-02
 6.30000e+00 -1.20000e+00       4.281e+12  8.184005e-01  0.000000e+00  5.099638e-01  1.815995e-01
 7.00000e+00 -1.20000e+00       3.149e+11  6.941972e-01  0.000000e+00  6.723333e-01  3.058028e-01
-7.00000e+00 -8.00000e-01       5.106e+11  6.427944e-01  0.000000e+00 -7.251932e-01  3.572056e-01
-6.30000e+00 -8.00000e-01       7.347e+12  7.769520e-01  0.000000e+00 -5.835815e-01  2.230480e-01
-5.60000e+00 -8.00000e-01       6.342e+13  8.768726e-01  0.000000e+00 -4.194945e-01  1.231274e-01
-4.90000e+00 -8.00000e-01       3.268e+14  9.390168e-01  0.000000e+00 -2.377094e-01  6.098317e-02
-4.20000e+00 -8.00000e-01       9.755e+14  9.539589e-01  0.000000e+00 -4.303458e-02  4.604110e-02
-3.50000e+00 -8.00000e-01       1.649e+15  8.960209e-01  0.000000e+00  1.281243e-01  1.039791e-01
-2.80000e+00 -8.00000e-01       1.974e+15  7.754695e-01  0.000000e+00  9.455823e-02  2.245305e-01
-2.10000e+00 -8.00000e-01       2.506e+15  7.465708e-01  0.000000e+00 -6.785565e-02  2.534292e-01
-1.40000e+00 -8.00000e-01       2.084e+15  6.630027e-01  0.000000e+00  1.211036e-02  3.369973e-01
-7.00000e-01 -8.00000e-01       7.758e+14  4.327861e-01  0.000000e+00  2.115471e-01  5.672139e-01
 0.00000e+00 -8.00000e-01       2.803e+14  2.917295e-01  0.000000e+00 -2.952647e-15  7.082705e-01
 7.00000e-01 -8.00000e-01       7.758e+14  4.327861e-01  0.000000e+00 -2.115471e-01  5.672139e-01
 1.40000e+00 -8.00000e-01       2.084e+15  6.630027e-01  0.000000e+00 -1.211036e-02  3.369973e-01
 2.10000e+00 -8.00000e-01       2.506e+15  7.465708e-01  0.000000e+00  6.785565e-02  2.534292e-01
 2.80000e+00 -8.00000e-01       1.974e+15  7.754695e-01  0.000000e+00 -9.455823e-02  2.245305e-01
 3.50000e+00 -8.00000e-01       1.649e+15  8.960209e-01  0.000000e+00 -1.281243e-01  1.039791e-01
 4.20000e+00 -8.00000e-01       9.755e+14  9.539589e-01  0.000000e+00  4.303458e-02  4.604110e-02
 4.90000e+00 -8.00000e-01       3.268e+14  9.390168e-01  0.000000e+00  2.377094e-01  6.098317e-02
 5.60000e+00 -8.00000e-01       6.342e+13  8.768726e-01  0.000000e+00  4.194945e-01  1.231274e-01
 6.30000e+00 -8.00000e-01       7.347e+12  7.769520e-01  0.000000e+00  5.835815e-01  2.230480e-01
 7.00000e+00 -8.00000e-01       5.106e+11  6.427944e-01  0.000000e+00  7.251932e-01  3.572056e-01
-7.00000e+00 -4.00000e-01       4.596e+11  8.103370e-01  0.000000e+00 -5.501310e-01  1.896630e-01
-6.30000e+00 -4.00000e-01       7.369e+12  8.904620e-01  0.000000e+00 -4.225839e-01  1.095380e-01
-5.60000e+00 -4.00000e-01       7.028e+13  9.402566e-01  0.000000e+00 -3.076019e-01  5.974338e-02
-4.90000e+00 -4.00000e-01       3.868e+14  9.697235e-01  0.000000e+00 -1.958895e-01  3.027648e-02
-4.20000e+00 -4.00000e-01       1.267e+15  9.844956e-01  0.000000e+00 -7.335991e-02  1.550435e-02
-3.50000e+00 -4.00000e-01       2.443e+15  9.806326e-01  0.000000e+00  3.369934e-02  1.936735e-02
-2.80000e+00 -4.00000e-01       2.894e+15  9.545839e-01  0.000000e+00  6.099181e-02  4.541609e-02
-2.10000e+00 -4.00000e-01       3.890e+15  9.512134e-01  0.000000e+00  1.663368e-02  4.878657e-02
-1.40000e+00 -4.00000e-01       6.991e+15  9.769747e-01  0.000000e+00  8.684491e-02  2.302527e-02
-7.00000e-01 -4.00000e-01       1.092e+16  9.853537e-01  0.000000e+00  1.044008e-01  1.464632e-02
 0.00000e+00 -4.00000e-01       1.226e+16  9.858347e-01  0.000000e+00  7.464361e-16  1.416534e-02
 7.00000e-01 -4.00000e-01       1.092e+16  9.853537e-01  0.000000e+00 -1.044008e-01  1.464632e-02
 1.40000e+00 -4.00000e-01       6.991e+15  9.769747e-01  0.000000e+00 -8.684491e-02  2.302527e-02
 2.10000e+00 -4.00000e-01       3.890e+15  9.512134e-01  0.000000e+00 -1.663368e-02  4.878657e-02
 2.80000e+00 -4.00000e-01       2.894e+15  9.545839e-01  0.000000e+00 -6.099181e-02  4.541609e-02
 3.50000e+00 -4.00000e-01       2.443e+15  9.806326e-01  0.000000e+00 -3.369934e-02  1.936735e-02
 4.20000e+00 -4.00000e-01       1.267e+15  9.844956e-01  0.000000e+00  7.335991e-02  1.550435e-02
 4.90000e+00 -4.00000e-01       3.868e+14  9.697235e-01  0.000000e+00  1.958895e-01  3.027648e-02
 5.60000e+00 -4.00000e-01       7.028e+13  9.402566e-01  0.000000e+00  3.076019e-01  5.974338e-02
 6.30000e+00 -4.00000e-01       7.369e+12  8.904620e-01  0.000000e+00  4.225839e-01  1.095380e-01
 7.00000e+00 -4.00000e-01       4.596e+11  8.103370e-01  0.000000e+00  5.501310e-01  1.896630e-01
-7.00000e+00  0.00000e+00       4.858e+11  9.997577e-01  0.000000e+00  9.699173e-11  2.422597e-04
-6.30000e+00  0.00000e+00       8.183e+12  9.998624e-01  0.000000e+00  2.974462e-11  1.375806e-04
-5.60000e+00  0.00000e+00       8.096e+13  9.999281e-01  0.000000e+00  8.077994e-12  7.186791e-05
-4.90000e+00  0.00000e+00       4.753e+14  9.999658e-01  0.000000e+00  1.853070e-12  3.416726e-05
-4.20000e+00  0.00000e+00       1.622e+15  9.999837e-01  0.000000e+00  6.331065e-13  1.629096e-05
-3.50000e+00  0.00000e+00       3.060e+15  9.999840e-01  0.000000e+00  5.703980e-13  1.596671e-05
-2.80000e+00  0.00000e+00       3.434e+15  9.999660e-01  0.000000e+00  4.198025e-13  3.401020e-05
-2.10000e+00  0.00000e+00       4.560e+15  9.999668e-01  0.000000e+00  2.439605e-13  3.317289e-05
-1.40000e+00  0.00000e+00       8.475e+15  9.999605e-01  0.000000e+00  1.427688e-13  3.952270e-05
-7.00000e-01  0.00000e+00       1.109e+16  9.998896e-01  0.000000e+00  6.159489e-14  1.104387e-04
 0.00000e+00  0.00000e+00       1.037e+16  9.998111e-01  0.000000e+00  8.328119e-18  1.888988e-04
 7.00000e-01  0.00000e+00       1.109e+16  9.998896e-01  0.000000e+00 -6.157349e-14  1.104387e-04
 1.40000e+00  0.00000e+00       8.475e+15  9.999605e-01  0.000000e+00 -1.427550e-13  3.952270e-05
 2.10000e+00  0.00000e+00       4.560e+15  9.999668e-01  0.000000e+00 -2.439732e-13  3.317289e-05
 2.80000e+00  0.00000e+00       3.434e+15  9.999660e-01  0.000000e+00 -4.198669e-13  3.401020e-05
 3.50000e+00  0.00000e+00       3.060e+15  9.999840e-01  0.000000e+00 -5.703922e-13  1.596671e-05
 4.20000e+00  0.00000e+00       1.622e+15  9.999837e-01  0.000000e+00 -6.329695e-13  1.629096e-05
 4.90000e+00  0.00000e+00       4.753e+14  9.999658e-01  0.000000e+00 -1.852767e-12  3.416726e-05
 5.60000e+00  0.00000e+00       8.096e+13  9.999281e-01  0.000000e+00 -8.077528e-12  7.186791e-05
 6.30000e+00  0.00000e+00       8.183e+12  9.998624e-01  0.000000e+00 -2.974384e-11  1.375806e-04
 7.00000e+00  0.00000e+00       4.858e+11  9.997577e-01  0.000000e+00 -9.699046e-11  2.422597e-04
-7.00000e+00  4.00000e-01       4.596e+11  8.103370e-01  0.000000e+00  5.501310e-01  1.896630e-01
-6.30000e+00  4.00000e-01       7.369e+12  8.904620e-01  0.000000e+00  4.225839e-01  1.095380e-01
-5.60000e+00  4.00000e-01       7.028e+13  9.402566e-01  0.000000e+00  3.076019e-01  5.974338e-02
-4.90000e+00  4.00000e-01       3.868e+14  9.697235e-01  0.000000e+00  1.958895e-01  3.027648e-02
-4.20000e+00  4.00000e-01       1.267e+15  9.844956e-01  0.000000e+00  7.335991e-02  1.550435e-02
-3.50000e+00  4.00000e-01       2.443e+15  9.806326e-01  0.000000e+00 -3.369934e-02  1.936735e-02
-2.80000e+00  4.00000e-01       2.894e+15  9.545839e-01  0.000000e+00 -6.099181e-02  4.541609e-02
-2.10000e+00  4.00000e-01       3.890e+15  9.512134e-01  0.000000e+00 -1.663368e-02  4.878657e-02
-1.40000e+00  4.00000e-01       6.991e+15  9.769747e-01  0.000000e+00 -8.684491e-02  2.302527e-02
-7.00000e-01  4.00000e-01       1.092e+16  9.853537e-01  0.000000e+00 -1.044008e-01  1.464632e-02
 0.00000e+00  4.00000e-01       1.226e+16  9.858347e-01  0.000000e+00 -7.453203e-16  1.416534e-02
 7.00000e-01  4.00000e-01       1.092e+16  9.853537e-01  0.000000e+00  1.044008e-01  1.464632e-02
 1.40000e+00  4.00000e-01       6.991e+15  9.769747e-01  0.000000e+00  8.684491e-02  2.302527e-02
 2.10000e+00  4.00000e-01       3.890e+15  9.512134e-01  0.000000e+00  1.663368e-02  4.878657e-02
 2.80000e+00  4.00000e-01       2.894e+15  9.545839e-01  0.000000e+00  6.099181e-02  4.541609e-02
 3.50000e+00  4.00000e-01       2.443e+15  9.806326e-01  0.000000e+00  3.369934e-02  1.936735e-02
 4.20000e+00  4.00000e-01       1.267e+15  9.844956e-01  0.000000e+00 -7.335991e-02  1.550435e-02
 4.90000e+00  4.00000e-01       3.868e+14  9.697235e-01  0.000000e+00 -1.958895e-01  3.027648e-02
 5.60000e+00  4.00000e-01       7.028e+13  9.402566e-01  0.000000e+00 -3.076019e-01  5.974338e-02
 6.30000e+00  4.00000e-01       7.369e+12  8.904620e-01  0.000000e+00 -4.225839e-01  1.095380e-01
 7.00000e+00  4.00000e-01       4.596e+11  8.103370e-01  0.000000e+00 -5.501310e-01  1.896630e-01
-7.00000e+00  8.00000e-01       5.106e+11  6.427944e-01  0.000000e+00  7.251932e-01  3.572056e-01
-6.30000e+00  8.00000e-01       7.347e+12  7.769520e-01  0.000000e+00  5.835815e-01  2.230480e-01
-5.60000e+00  8.00000e-01       6.342e+13  8.768726e-01  0.000000e+00  4.194945e-01  1.231274e-01
-4.90000e+00  8.00000e-01       3.268e+14  9.390168e-01  0.000000e+00  2.377094e-01  6.098317e-02
-4.20000e+00  8.00000e-01       9.755e+14  9.539589e-01  0.000000e+00  4.303458e-02  4.604110e-02
-3.50000e+00  8.00000e-01       1.649e+15  8.960209e-01  0.000000e+00 -1.281243e-01  1.039791e-01
-2.80000e+00  8.00000e-01       1.974e+15  7.754695e-01  0.000000e+00 -9.455823e-02  2.245305e-01
-2.10000e+00  8.00000e-01       2.506e+15  7.465708e-01  0.000000e+00  6.785565e-02  2.534292e-01
-1.40000e+00  8.00000e-01       2.084e+15  6.630027e-01  0.000000e+00 -1.211036e-02  3.369973e-01
-7.00000e-01  8.00000e-01       7.758e+14  4.327861e-01  0.000000e+00 -2.115471e-01  5.672139e-01
 0.00000e+00  8.00000e-01       2.803e+14  2.917295e-01  0.000000e+00  2.905769e-15  7.082705e-01
 7.00000e-01  8.00000e-01       7.758e+14  4.327861e-01  0.000000e+00  2.115471e-01  5.672139e-01
 1.40000e+00  8.00000e-01       2.084e+15  6.630027e-01  0.000000e+00  1.211036e-02  3.369973e-01
 2.10000e+00  8.00000e-01       2.506e+15  7.465708e-01  0.000000e+00 -6.785565e-02  2.534292e-01
 2.80000e+00  8.00000e-01       1.974e+15  7.754695e-01  0.000000e+00  9.455823e-02  2.245305e-01
 3.50000e+00  8.00000e-01       1.649e+15  8.960209e-01  0.000000e+00  1.281243e-01  1.039791e-01
 4.20000e+00  8.00000e-01       9.755e+14  9.539589e-01  0.000000e+00 -4.303458e-02  4.604110e-02
 4.90000e+00  8.00000e-01       3.268e+14  9.390168e-01  0.000000e+00 -2.377094e-01  6.098317e-02
 5.60000e+00  8.00000e-01       6.342e+13  8.768726e-01  0.000000e+00 -4.194945e-01  1.231274e-01
 6.30000e+00  8.00000e-01       7.347e+12  7.769520e-01  0.000000e+00 -5.835815e-01  2.230480e-01
 7.00000e+00  8.00000e-01       5.106e+11  6.427944e-01  0.000000e+00 -7.251932e-01  3.572056e-01
-7.00000e+00  1.20000e+00       3.149e+11  6.941972e-01  0.000000e+00  6.723333e-01  3.058028e-01
-6.30000e+00  1.20000e+00       4.281e+12  8.184005e-01  0.000000e+00  5.099638e-01  1.815995e-01
-5.60000e+00  1.20000e+00       3.430e+13  9.052136e-01  0.000000e+00  3.082369e-01  9.478639e-02
-4.90000e+00  1.20000e+00       1.603e+14  9.335653e-01  0.000000e+00  7.140175e-02  6.643473e-02
-4.20000e+00  1.20000e+00       4.288e+14  8.594198e-01  0.000000e+00 -1.722439e-01  1.405802e-01
-3.50000e+00  1.20000e+00       7.142e+14  6.421228e-01  0.000000e+00 -2.549241e-01  3.578772e-01
-2.80000e+00  1.20000e+00       1.129e+15  5.472634e-01  0.000000e+00 -1.092124e-02  4.527366e-01
-2.10000e+00  1.20000e+00       1.955e+15  7.056083e-01  0.000000e+00 -4.832475e-02  2.943917e-01
-1.40000e+00  1.20000e+00       2.973e+15  8.465101e-01  0.000000e+00 -2.142340e-01  1.534899e-01
-7.00000e-01  1.20000e+00       3.051e+15  9.319175e-01  0.000000e+00 -1.961857e-01  6.808247e-02
 0.00000e+00  1.20000e+00       2.264e+15  9.604533e-01  0.000000e+00  4.202749e-15  3.954669e-02
 7.00000e-01  1.20000e+00       3.051e+15  9.319175e-01  0.000000e+00  1.961857e-01  6.808247e-02
 1.40000e+00  1.20000e+00       2.973e+15  8.465101e-01  0.000000e+00  2.142340e-01  1.534899e-01
 2.10000e+00  1.20000e+00       1.955e+15  7.056083e-01  0.000000e+00  4.832475e-02  2.943917e-01
 2.80000e+00  1.20000e+00       1.129e+15  5.472634e-01  0.000000e+00  1.092124e-02  4.527366e-01
 3.50000e+00  1.20000e+00       7.142e+14  6.421228e-01  0.000000e+00  2.549241e-01  3.578772e-01
 4.20000e+00  1.20000e+00       4.288e+14  8.594198e-01  0.000000e+00  1.722439e-01  1.405802e-01
 4.90000e+00  1.20000e+00       1.603e+14  9.335653e-01  0.000000e+00 -7.140175e-02  6.643473e-02
 5.60000e+00  1.20000e+00       3.430e+13  9.052136e-01  0.000000e+00 -3.082369e-01  9.478639e-02
 6.30000e+00  1.20000e+00       4.281e+12  8.184005e-01  0.000000e+00 -5.099638e-01  1.815995e-01
 7.00000e+00  1.20000e+00       3.149e+11  6.941972e-01  0.000000e+00 -6.723333e-01  3.058028e-01
-7.00000e+00  1.60000e+00       1.072e+11  8.587462e-01  0.000000e+00  4.163810e-01  1.412538e-01
-6.30000e+00  1.60000e+00       1.391e+12  9.247628e-01  0.000000e+00  2.041257e-01  7.523715e-02
-5.60000e+00  1.60000e+00       1.035e+13  9.165547e-01  0.000000e+00 -5.431565e-02  8.344530e-02
-4.90000e+00  1.60000e+00       4.408e+13  7.764087e-01  0.000000e+00 -3.176708e-01  2.235913e-01
-4.20000e+00  1.60000e+00       1.155e+14  4.562228e-01  0.000000e+00 -3.946401e-01  5.437772e-01
-3.50000e+00  1.60000e+00       2.532e+14  2.770008e-01  0.000000e+00 -3.885804e-02  7.229992e-01
-2.80000e+00  1.60000e+00       5.488e+14  4.944161e-01  0.000000e+00  1.215246e-01  5.055839e-01
-2.10000e+00  1.60000e+00       9.178e+14  6.476698e-01  0.000000e+00 -5.046922e-02  3.523302e-01
-1.40000e+00  1.60000e+00       1.138e+15  7.816893e-01  0.000000e+00 -7.814000e-02  2.183107e-01
-7.00000e-01  1.60000e+00       7.661e+14  8.945394e-01  0.000000e+00 -1.046033e-02  1.054606e-01
 0.00000e+00  1.60000e+00       3.678e+14  9.329274e-01  0.000000e+00 -1.415996e-15  6.707263e-02
 7.00000e-01  1.60000e+00       7.661e+14  8.945394e-01  0.000000e+00  1.046033e-02  1.054606e-01
 1.40000e+00  1.60000e+00       1.138e+15  7.816893e-01  0.000000e+00  7.814000e-02  2.183107e-01
 2.10000e+00  1.60000e+00       9.178e+14  6.476698e-01  0.000000e+00  5.046922e-02  3.523302e-01
 2.80000e+00  1.60000e+00       5.488e+14  4.944161e-01  0.000000e+00 -1.215246e-01  5.055839e-01
 3.50000e+00  1.60000e+00       2.532e+14  2.770008e-01  0.000000e+00  3.885804e-02  7.229992e-01
 4.20000e+00  1.60000e+00       1.155e+14  4.562228e-01  0.000000e+00  3.946401e-01  5.437772e-01
 4.90000e+00  1.60000e+00       4.408e+13  7.764087e-01  0.000000e+00  3.176708e-01  2.235913e-01
 5.60000e+00  1.60000e+00       1.035e+13  9.165547e-01  0.000000e+00  5.431565e-02  8.344530e-02
 6.30000e+00  1.60000e+00       1.391e+12  9.247628e-01  0.000000e+00 -2.041257e-01  7.523715e-02
 7.00000e+00  1.60000e+00       1.072e+11  8.587462e-01  0.000000e+00 -4.163810e-01  1.412538e-01
-7.00000e+00  2.00000e+00       1.824e+10  8.815079e-01  0.000000e+00 -1.273331e-01  1.184921e-01
-6.30000e+00  2.00000e+00       2.213e+11  7.878210e-01  0.000000e+00 -3.761842e-01  2.121790e-01
-5.60000e+00  2.00000e+00       1.571e+12  4.966779e-01  0.000000e+00 -5.667555e-01  5.033221e-01
-4.90000e+00  2.00000e+00       7.139e+12  8.378206e-02  0.000000e+00 -4.300043e-01  9.162179e-01
-4.20000e+00  2.00000e+00       2.642e+13  3.018379e-02  0.000000e+00  7.925483e-02  9.698162e-01
-3.50000e+00  2.00000e+00       8.283e+13  3.729618e-01  0.000000e+00  2.355448e-01  6.270382e-01
-2.80000e+00  2.00000e+00       1.749e+14  4.780510e-01  0.000000e+00  2.764802e-02  5.219490e-01
-2.10000e+00  2.00000e+00       2.576e+14  3.663869e-01  0.000000e+00 -1.692390e-01  6.336131e-01
-1.40000e+00  2.00000e+00       2.788e+14  4.106118e-01  0.000000e+00 -3.876292e-01  5.893882e-01
-7.00000e-01  2.00000e+00       1.614e+14  5.108674e-01  0.000000e+00 -5.160411e-01  4.891326e-01
 0.00000e+00  2.00000e+00       7.788e+13  5.476237e-01  0.000000e+00 -5.916510e-15  4.523763e-01
 7.00000e-01  2.00000e+00       1.614e+14  5.108674e-01  0.000000e+00  5.160411e-01  4.891326e-01
 1.40000e+00  2.00000e+00       2.788e+14  4.106118e-01  0.000000e+00  3.876292e-01  5.893882e-01
 2.10000e+00  2.00000e+00       2.576e+14  3.663869e-01  0.000000e+00  1.692390e-01  6.336131e-01
 2.80000e+00  2.00000e+00       1.749e+14  4.780510e-01  0.000000e+00 -2.764802e-02  5.219490e-01
 3.50000e+00  2.00000e+00       8.283e+13  3.729618e-01  0.000000e+00 -2.355448e-01  6.270382e-01
 4.20000e+00  2.00000e+00       2.642e+13  3.018379e-02  0.000000e+00 -7.925483e-02  9.698162e-01
 4.90000e+00  2.00000e+00       7.139e+12  8.378206e-02  0.000000e+00  4.300043e-01  9.162179e-01
 5.60000e+00  2.00000e+00       1.571e+12  4.966779e-01  0.000000e+00  5.667555e-01  5.033221e-01
 6.30000e+00  2.00000e+00       2.213e+11  7.878210e-01  0.000000e+00  3.761842e-01  2.121790e-01
 7.00000e+00  2.00000e+00       1.824e+10  8.815079e-01  0.000000e+00  1.273331e-01  1.184921e-01
-7.00000e+00  2.40000e+00       1.832e+09  6.002662e-02  0.000000e+00 -6.291653e-01  9.399734e-01
-6.30000e+00  2.40000e+00       1.938e+10 -1.654863e-01  0.000000e+00 -5.269235e-01  8.345137e-01
-5.60000e+00  2.40000e+00       1.700e+11 -3.131417e-01  0.000000e+00 -3.296414e-02  6.868583e-01
-4.90000e+00  2.40000e+00       1.163e+12  2.854568e-02  0.000000e+00  3.745786e-01  9.714543e-01
-4.20000e+00  2.40000e+00       5.521e+12  4.271483e-01  0.000000e+00  2.764229e-01  5.728517e-01
-3.50000e+00  2.40000e+00       1.632e+13  4.680729e-01  0.000000e+00 -6.795437e-03  5.319271e-01
-2.80000e+00  2.40000e+00       3.413e+13  3.354382e-01  0.000000e+00 -5.976440e-03  6.645618e-01
-2.10000e+00  2.40000e+00       5.765e+13  3.259247e-01  0.000000e+00  2.320584e-01  6.740753e-01
-1.40000e+00  2.40000e+00       6.175e+13  1.944602e-01  0.000000e+00  4.848299e-01  8.055398e-01
-7.00000e-01  2.40000e+00       3.261e+13  1.422024e-03  0.000000e+00  6.445877e-01  9.985780e-01
 0.00000e+00  2.40000e+00       1.464e+13 -5.018167e-02  0.000000e+00  3.011907e-14  9.498183e-01
 7.00000e-01  2.40000e+00       3.261e+13  1.422024e-03  0.000000e+00 -6.445877e-01  9.985780e-01
 1.40000e+00  2.40000e+00       6.175e+13  1.944602e-01  0.000000e+00 -4.848299e-01  8.055398e-01
 2.10000e+00  2.40000e+00       5.765e+13  3.259247e-01  0.000000e+00 -2.320584e-01  6.740753e-01
 2.80000e+00  2.40000e+00       3.413e+13  3.354382e-01  0.000000e+00  5.976440e-03  6.645618e-01
 3.50000e+00  2.40000e+00       1.632e+13  4.680729e-01  0.000000e+00  6.795437e-03  5.319271e-01
 4.20000e+00  2.40000e+00       5.521e+12  4.271483e-01  0.000000e+00 -2.764229e-01  5.728517e-01
 4.90000e+00  2.40000e+00       1.163e+12  2.854568e-02  0.000000e+00 -3.745786e-01  9.714543e-01
 5.60000e+00  2.40000e+00       1.700e+11 -3.131417e-01  0.000000e+00  3.296414e-02  6.868583e-01
 6.30000e+00  2.40000e+00       1.938e+10 -1.654863e-01  0.000000e+00  5.269235e-01  8.345137e-01
 7.00000e+00  2.40000e+00       1.832e+09  6.002662e-02  0.000000e+00  6.291653e-01  9.399734e-01
-7.00000e+00  2.80000e+00       4.675e+08 -6.256272e-01  0.000000e+00 -1.504783e-01  3.743728e-01
-6.30000e+00  2.80000e+00       2.477e+09 -2.403250e-01  0.000000e+00  3.832649e-01  7.596750e-01
-5.60000e+00  2.80000e+00       2.088e+10  3.278013e-01  0.000000e+00  4.332145e-01  6.721987e-01
-4.90000e+00  2.80000e+00       1.380e+11  5.436908e-01  0.000000e+00  9.861583e-02  4.563092e-01
-4.20000e+00  2.80000e+00       5.813e+11  3.631509e-01  0.000000e+00 -1.403609e-01  6.368491e-01
-3.50000e+00  2.80000e+00       1.782e+12  1.833098e-01  0.000000e+00 -2.027809e-02  8.166902e-01
-2.80000e+00  2.80000e+00       4.342e+12  2.013405e-01  0.000000e+00  7.265415e-02  7.986595e-01
-2.10000e+00  2.80000e+00       7.669e+12 -1.580146e-02  0.000000e+00 -4.856621e-02  9.841985e-01
-1.40000e+00  2.80000e+00       9.389e+12 -3.233945e-01  0.000000e+00 -3.276697e-01  6.766055e-01
-7.00000e-01  2.80000e+00       6.436e+12 -4.271087e-01  0.000000e+00 -5.300906e-01  5.728913e-01
 0.00000e+00  2.80000e+00       3.457e+12 -3.955193e-01  0.000000e+00 -3.603045e-15  6.044807e-01
 7.00000e-01  2.80000e+00       6.436e+12 -4.271087e-01  0.000000e+00  5.300906e-01  5.728913e-01
 1.40000e+00  2.80000e+00       9.389e+12 -3.233945e-01  0.000000e+00  3.276697e-01  6.766055e-01
 2.10000e+00  2.80000e+00       7.669e+12 -1.580146e-02  0.000000e+00  4.856621e-02  9.841985e-01
 2.80000e+00  2.80000e+00       4.342e+12  2.013405e-01  0.000000e+00 -7.265415e-02  7.986595e-01
 3.50000e+00  2.80000e+00       1.782e+12  1.833098e-01  0.000000e+00  2.027809e-02  8.166902e-01
 4.20000e+00  2.80000e+00       5.813e+11  3.631509e-01  0.000000e+00  1.403609e-01  6.368491e-01
 4.90000e+00  2.80000e+00       1.380e+11  5.436908e-01  0.000000e+00 -9.861583e-02  4.563092e-01
 5.60000e+00  2.80000e+00       2.088e+10  3.278013e-01  0.000000e+00 -4.332145e-01  6.721987e-01
 6.30000e+00  2.80000e+00       2.477e+09 -2.403250e-01  0.000000e+00 -3.832649e-01  7.596750e-01
 7.00000e+00  2.80000e+00       4.675e+08 -6.256272e-01  0.000000e+00  1.504783e-01  3.743728e-01
-7.00000e+00  3.20000e+00       3.148e+08 -6.873212e-01  0.000000e+00 -1.191555e-01  3.126788e-01
-6.30000e+00  3.20000e+00       8.145e+08 -3.934981e-01  0.000000e+00  1.715512e-01  6.065019e-01
-5.60000e+00  3.20000e+00       2.940e+09  8.482296e-02  0.000000e+00  1.603735e-01  9.151770e-01
-4.90000e+00  3.20000e+00       1.296e+10  2.376440e-01  0.000000e+00  7.161240e-02  7.623560e-01
-4.20000e+00  3.20000e+00       4.968e+10  2.714680e-01  0.000000e+00  1.360181e-01  7.285320e-01
-3.50000e+00  3.20000e+00       1.495e+11  2.961693e-01  0.000000e+00  8.069125e-02  7.038307e-01
-2.80000e+00  3.20000e+00       3.600e+11  1.482823e-01  0.000000e+00  3.887692e-02  8.517177e-01
-2.10000e+00  3.20000e+00       6.818e+11 -1.820841e-01  0.000000e+00  7.023072e-02  8.179159e-01
-1.40000e+00  3.20000e+00       1.080e+12 -6.426114e-01  0.000000e+00  1.387368e-01  3.573886e-01
-7.00000e-01  3.20000e+00       1.356e+12 -7.774357e-01  0.000000e+00  2.201662e-01  2.225643e-01
 0.00000e+00  3.20000e+00       1.308e+12 -6.970556e-01  0.000000e+00  5.337412e-15  3.029444e-01
 7.00000e-01  3.20000e+00       1.356e+12 -7.774357e-01  0.000000e+00 -2.201662e-01  2.225643e-01
 1.40000e+00  3.20000e+00       1.080e+12 -6.426114e-01  0.000000e+00 -1.387368e-01  3.573886e-01
 2.10000e+00  3.20000e+00       6.818e+11 -1.820841e-01  0.000000e+00 -7.023072e-02  8.179159e-01
 2.80000e+00  3.20000e+00       3.600e+11  1.482823e-01  0.000000e+00 -3.887692e-02  8.517177e-01
 3.50000e+00  3.20000e+00       1.495e+11  2.961693e-01  0.000000e+00 -8.069125e-02  7.038307e-01
 4.20000e+00  3.20000e+00       4.968e+10  2.714680e-01  0.000000e+00 -1.360181e-01  7.285320e-01
 4.90000e+00  3.20000e+00       1.296e+10  2.376440e-01  0.000000e+00 -7.161240e-02  7.623560e-01
 5.60000e+00  3.20000e+00       2.940e+09  8.482296e-02  0.000000e+00 -1.603735e-01  9.151770e-01
 6.30000e+00  3.20000e+00       8.145e+08 -3.934981e-01  0.000000e+00 -1.715512e-01  6.065019e-01
 7.00000e+00  3.20000e+00       3.148e+08 -6.873212e-01  0.000000e+00  1.191555e-01  3.126788e-01
-7.00000e+00  3.60000e+00       2.165e+08 -7.230704e-01  0.000000e+00 -1.198649e-02  2.769296e-01
-6.30000e+00  3.60000e+00       5.281e+08 -4.871675e-01  0.000000e+00  2.494773e-01  5.128325e-01
-5.60000e+00  3.60000e+00       1.491e+09  2.410068e-02  0.000000e+00  3.342044e-01  9.758993e-01
-4.90000e+00  3.60000e+00       4.965e+09  5.081073e-01  0.000000e+00  2.445970e-01  4.918927e-01
-4.20000e+00  3.60000e+00       1.250e+10  6.585730e-01  0.000000e+00  1.657969e-01  3.414270e-01
-3.50000e+00  3.60000e+00       1.855e+10  5.193168e-01  0.000000e+00  1.555198e-01  4.806832e-01
-2.80000e+00  3.60000e+00       2.607e+10  2.775533e-01  0.000000e+00  2.310794e-01  7.224467e-01
-2.10000e+00  3.60000e+00       4.023e+10 -8.631672e-02  0.000000e+00  7.170927e-01  9.136833e-01
-1.40000e+00  3.60000e+00       5.760e+10 -8.155665e-01  0.000000e+00  1.362754e+00  1.844335e-01
-7.00000e-01  3.60000e+00       9.042e+10 -8.294854e-01  0.000000e+00  9.192864e-01  1.705146e-01
 0.00000e+00  3.60000e+00       1.166e+11 -5.684070e-01  0.000000e+00 -1.871705e-15  4.315930e-01
 7.00000e-01  3.60000e+00       9.042e+10 -8.294854e-01  0.000000e+00 -9.192864e-01  1.705146e-01
 1.40000e+00  3.60000e+00       5.760e+10 -8.155665e-01  0.000000e+00 -1.362754e+00  1.844335e-01
 2.10000e+00  3.60000e+00       4.023e+10 -8.631672e-02  0.000000e+00 -7.170927e-01  9.136833e-01
 2.80000e+00  3.60000e+00       2.607e+10  2.775533e-01  0.000000e+00 -2.310794e-01  7.224467e-01
 3.50000e+00  3.60000e+00       1.855e+10  5.193168e-01  0.000000e+00 -1.555198e-01  4.806832e-01
 4.20000e+00  3.60000e+00       1.250e+10  6.585730e-01  0.000000e+00 -1.657969e-01  3.414270e-01
 4.90000e+00  3.60000e+00       4.965e+09  5.081073e-01  0.000000e+00 -2.445970e-01  4.918927e-01
 5.60000e+00  3.60000e+00       1.491e+09  2.410068e-02  0.000000e+00 -3.342044e-01  9.758993e-01
 6.30000e+00  3.60000e+00       5.281e+08 -4.871675e-01  0.000000e+00 -2.494773e-01  5.128325e-01
 7.00000e+00  3.60000e+00       2.165e+08 -7.230704e-01  0.000000e+00  1.198649e-02  2.769296e-01
-7.00000e+00  4.00000e+00       1.579e+08 -7.277406e-01  0.000000e+00  1.221319e-01  2.722594e-01
-6.30000e+00  4.00000e+00       4.002e+08 -4.707137e-01  0.000000e+00  2.985164e-01  5.292863e-01
-5.60000e+00  4.00000e+00       1.115e+09  7.898221e-02  0.000000e+00  3.383593e-01  9.210178e-01
-4.90000e+00  4.00000e+00       3.714e+09  5.732023e-01  0.000000e+00  2.240388e-01  4.267977e-01
-4.20000e+00  4.00000e+00       8.811e+09  7.533312e-01  0.000000e+00  1.586324e-01  2.466688e-01
-3.50000e+00  4.00000e+00       9.758e+09  7.049437e-01  0.000000e+00  1.855863e-01  2.950563e-01
-2.80000e+00  4.00000e+00       5.680e+09  3.463716e-01  0.000000e+00  4.061618e-01  6.536284e-01
-2.10000e+00  4.00000e+00       6.799e+09 -1.262181e-01  0.000000e+00  1.307523e+00  8.737819e-01
-1.40000e+00  4.00000e+00       4.177e+10  1.558054e-01  0.000000e+00  7.068358e-01  8.441946e-01
-7.00000e-01  4.00000e+00       7.113e+10 -3.016854e-01  0.000000e+00  5.440503e-01  6.983146e-01
 0.00000e+00  4.00000e+00       6.382e+10 -9.431215e-01  0.000000e+00 -3.748457e-15  5.687849e-02
 7.00000e-01  4.00000e+00       7.113e+10 -3.016854e-01  0.000000e+00 -5.440503e-01  6.983146e-01
 1.40000e+00  4.00000e+00       4.177e+10  1.558054e-01  0.000000e+00 -7.068358e-01  8.441946e-01
 2.10000e+00  4.00000e+00       6.799e+09 -1.262181e-01  0.000000e+00 -1.307523e+00  8.737819e-01
 2.80000e+00  4.00000e+00       5.680e+09  3.463716e-01  0.000000e+00 -4.061618e-01  6.536284e-01
 3.50000e+00  4.00000e+00       9.758e+09  7.049437e-01  0.000000e+00 -1.855863e-01  2.950563e-01
 4.20000e+00  4.00000e+00       8.811e+09  7.533312e-01  0.000000e+00 -1.586324e-01  2.466688e-01
 4.90000e+00  4.00000e+00       3.714e+09  5.732023e-01  0.000000e+00 -2.240388e-01  4.267977e-01
 5.60000e+00  4.00000e+00       1.115e+09  7.898221e-02  0.000000e+00 -3.383593e-01  9.210178e-01
 6.30000e+00  4.00000e+00       4.002e+08 -4.707137e-01  0.000000e+00 -2.985164e-01  5.292863e-01
 7.00000e+00  4.00000e+00       1.579e+08 -7.277406e-01  0.000000e+00 -1.221319e-01  2.722594e-01
