 EB(GeV)    EMITTANCEx EMITTANCEy SIZEx(m)   SIZEy(m)   DIVx(rad)  DIVy(rad)
 2.411e+00  5.499e-09  1.017e-12  8.711e-05  1.009e-06  6.313e-05  1.009e-06
 betax      alphax     betay      alphay     eta        deta       E_spread  
 1.380e+00  0.000e+00  1.000e+00  0.000e+00  0.000e+00  0.000e+00  8.600e-04
 Ibeam(A)   period(cm) #periods   Kx         Ky         Energy(eV)
 4.005e-01  1.900e+00         96  0.000e+00  1.780e+00  3.081e+04


           x            y       F.Density            PL            PC          PL45        1-|PL|
          mm           mm  ph/s/mr^2/0.1%             -             -             -             -
-7.00000e+00 -4.00000e+00       8.352e+00 -5.496244e-01  0.000000e+00  5.206115e-01  4.503756e-01
-6.30000e+00 -4.00000e+00       2.318e+01 -7.262321e-01  0.000000e+00  2.446431e-01  2.737679e-01
-5.60000e+00 -4.00000e+00       2.025e+02  7.686604e-01  0.000000e+00 -4.054664e-01  2.313396e-01
-4.90000e+00 -4.00000e+00       6.398e+03  5.697899e-01  0.000000e+00 -3.410164e-01  4.302101e-01
-4.20000e+00 -4.00000e+00       2.793e+04  8.174901e-02  0.000000e+00 -8.446374e-01  9.182510e-01
-3.50000e+00 -4.00000e+00       5.617e+05  9.533367e-01  0.000000e+00 -1.805951e-01  4.666334e-02
-2.80000e+00 -4.00000e+00       5.570e+06  9.931845e-01  0.000000e+00 -3.823313e-02  6.815550e-03
-2.10000e+00 -4.00000e+00       2.821e+07  9.746042e-01  0.000000e+00 -3.472106e-02  2.539583e-02
-1.40000e+00 -4.00000e+00       4.404e+07  5.600605e-01  0.000000e+00 -9.472801e-02  4.399395e-01
-7.00000e-01 -4.00000e+00       1.980e+08  5.761338e-01  0.000000e+00 -2.324624e-02  4.238662e-01
 0.00000e+00 -4.00000e+00       4.143e+08  6.912132e-01  0.000000e+00  5.706173e-16  3.087868e-01
 7.00000e-01 -4.00000e+00       1.980e+08  5.761338e-01  0.000000e+00  2.324624e-02  4.238662e-01
 1.40000e+00 -4.00000e+00       4.404e+07  5.600605e-01  0.000000e+00  9.472801e-02  4.399395e-01
 2.10000e+00 -4.00000e+00       2.821e+07  9.746042e-01  0.000000e+00  3.472106e-02  2.539583e-02
 2.80000e+00 -4.00000e+00       5.570e+06  9.931845e-01  0.000000e+00  3.823313e-02  6.815550e-03
 3.50000e+00 -4.00000e+00       5.617e+05  9.533367e-01  0.000000e+00  1.805951e-01  4.666334e-02
 4.20000e+00 -4.00000e+00       2.793e+04  8.174901e-02  0.000000e+00  8.446374e-01  9.182510e-01
 4.90000e+00 -4.00000e+00       6.398e+03  5.697899e-01  0.000000e+00  3.410164e-01  4.302101e-01
 5.60000e+00 -4.00000e+00       2.025e+02  7.686604e-01  0.000000e+00  4.054664e-01  2.313396e-01
 6.30000e+00 -4.00000e+00       2.318e+01 -7.262321e-01  0.000000e+00 -2.446431e-01  2.737679e-01
 7.00000e+00 -4.00000e+00       8.352e+00 -5.496228e-01  0.000000e+00 -5.206144e-01  4.503772e-01
-7.00000e+00 -3.60000e+00       2.497e+01 -5.056563e-01  0.000000e+00  7.435027e-01  4.943437e-01
-6.30000e+00 -3.60000e+00       3.188e+01 -9.892349e-01  0.000000e+00  5.180246e-01  1.076514e-02
-5.60000e+00 -3.60000e+00       2.222e+02  7.175217e-01  0.000000e+00 -5.650588e-01  2.824783e-01
-4.90000e+00 -3.60000e+00       7.293e+03  5.751401e-01  0.000000e+00 -4.474576e-01  4.248599e-01
-4.20000e+00 -3.60000e+00       3.130e+04  5.379841e-02  0.000000e+00 -1.109675e+00  9.462016e-01
-3.50000e+00 -3.60000e+00       6.694e+05  9.556384e-01  0.000000e+00 -2.222727e-01  4.436158e-02
-2.80000e+00 -3.60000e+00       6.484e+06  9.997260e-01  0.000000e+00 -4.608294e-02  2.739651e-04
-2.10000e+00 -3.60000e+00       3.114e+07  9.936453e-01  0.000000e+00 -3.592751e-02  6.354734e-03
-1.40000e+00 -3.60000e+00       4.060e+07  5.578427e-01  0.000000e+00 -9.262825e-02  4.421573e-01
-7.00000e-01 -3.60000e+00       2.330e+08  5.452563e-01  0.000000e+00 -8.048829e-03  4.547437e-01
 0.00000e+00 -3.60000e+00       4.702e+08  6.160404e-01  0.000000e+00  3.421278e-16  3.839596e-01
 7.00000e-01 -3.60000e+00       2.330e+08  5.452563e-01  0.000000e+00  8.048829e-03  4.547437e-01
 1.40000e+00 -3.60000e+00       4.060e+07  5.578427e-01  0.000000e+00  9.262825e-02  4.421573e-01
 2.10000e+00 -3.60000e+00       3.114e+07  9.936453e-01  0.000000e+00  3.592751e-02  6.354734e-03
 2.80000e+00 -3.60000e+00       6.484e+06  9.997260e-01  0.000000e+00  4.608294e-02  2.739651e-04
 3.50000e+00 -3.60000e+00       6.694e+05  9.556384e-01  0.000000e+00  2.222727e-01  4.436158e-02
 4.20000e+00 -3.60000e+00       3.130e+04  5.379840e-02  0.000000e+00  1.109675e+00  9.462016e-01
 4.90000e+00 -3.60000e+00       7.293e+03  5.751401e-01  0.000000e+00  4.474576e-01  4.248599e-01
 5.60000e+00 -3.60000e+00       2.222e+02  7.175217e-01  0.000000e+00  5.650588e-01  2.824783e-01
 6.30000e+00 -3.60000e+00       3.188e+01 -9.892349e-01  0.000000e+00 -5.180246e-01  1.076514e-02
 7.00000e+00 -3.60000e+00       2.497e+01 -5.056563e-01  0.000000e+00 -7.435027e-01  4.943437e-01
-7.00000e+00 -3.20000e+00       1.898e+01 -3.590740e-01  0.000000e+00  7.501277e-01  6.409260e-01
-6.30000e+00 -3.20000e+00       3.175e+01 -9.062272e-01  0.000000e+00  3.071959e-01  9.377281e-02
-5.60000e+00 -3.20000e+00       2.489e+02  3.905197e-01  0.000000e+00 -9.614312e-01  6.094803e-01
-4.90000e+00 -3.20000e+00       7.641e+03  6.181064e-01  0.000000e+00 -7.117337e-01  3.818936e-01
-4.20000e+00 -3.20000e+00       2.429e+04 -1.797777e-01  0.000000e+00 -2.358249e+00  8.202223e-01
-3.50000e+00 -3.20000e+00       9.347e+05  9.596261e-01  0.000000e+00 -2.724186e-01  4.037389e-02
-2.80000e+00 -3.20000e+00       1.067e+07  8.698380e-01  0.000000e+00 -6.790135e-02  1.301620e-01
-2.10000e+00 -3.20000e+00       6.544e+07  7.867769e-01  0.000000e+00 -6.243643e-02  2.132231e-01
-1.40000e+00 -3.20000e+00       1.352e+08  5.116441e-01  0.000000e+00 -9.699273e-02  4.883559e-01
-7.00000e-01 -3.20000e+00       2.632e+08  4.126043e-01  0.000000e+00 -3.486651e-02  5.873957e-01
 0.00000e+00 -3.20000e+00       5.936e+08  6.532857e-01  0.000000e+00  1.142450e-15  3.467143e-01
 7.00000e-01 -3.20000e+00       2.632e+08  4.126043e-01  0.000000e+00  3.486651e-02  5.873957e-01
 1.40000e+00 -3.20000e+00       1.352e+08  5.116441e-01  0.000000e+00  9.699273e-02  4.883559e-01
 2.10000e+00 -3.20000e+00       6.544e+07  7.867769e-01  0.000000e+00  6.243643e-02  2.132231e-01
 2.80000e+00 -3.20000e+00       1.067e+07  8.698380e-01  0.000000e+00  6.790135e-02  1.301620e-01
 3.50000e+00 -3.20000e+00       9.347e+05  9.596261e-01  0.000000e+00  2.724186e-01  4.037389e-02
 4.20000e+00 -3.20000e+00       2.429e+04 -1.797777e-01  0.000000e+00  2.358249e+00  8.202223e-01
 4.90000e+00 -3.20000e+00       7.641e+03  6.181064e-01  0.000000e+00  7.117337e-01  3.818936e-01
 5.60000e+00 -3.20000e+00       2.489e+02  3.905197e-01  0.000000e+00  9.614312e-01  6.094803e-01
 6.30000e+00 -3.20000e+00       3.175e+01 -9.062272e-01  0.000000e+00 -3.071959e-01  9.377280e-02
 7.00000e+00 -3.20000e+00       1.898e+01 -3.590740e-01  0.000000e+00 -7.501277e-01  6.409260e-01
-7.00000e+00 -2.80000e+00       2.955e+01 -2.266611e-01  0.000000e+00  8.135610e-01  7.733389e-01
-6.30000e+00 -2.80000e+00       6.523e+01 -4.917192e-01  0.000000e+00 -1.752584e-02  5.082808e-01
-5.60000e+00 -2.80000e+00       9.709e+02  1.697227e-02  0.000000e+00 -8.019922e-01  9.830277e-01
-4.90000e+00 -2.80000e+00       8.293e+04  4.621465e-01  0.000000e+00 -4.007519e-01  5.378535e-01
-4.20000e+00 -2.80000e+00       3.925e+06  4.967198e-01  0.000000e+00 -2.739898e-01  5.032802e-01
-3.50000e+00 -2.80000e+00       6.048e+07  5.037290e-01  0.000000e+00 -2.325897e-01  4.962710e-01
-2.80000e+00 -2.80000e+00       3.513e+08  5.122235e-01  0.000000e+00 -1.962884e-01  4.877765e-01
-2.10000e+00 -2.80000e+00       9.477e+08  5.252997e-01  0.000000e+00 -1.493784e-01  4.747003e-01
-1.40000e+00 -2.80000e+00       1.380e+09  5.013630e-01  0.000000e+00 -1.072744e-01  4.986370e-01
-7.00000e-01 -2.80000e+00       7.581e+08  1.475165e-01  0.000000e+00 -1.038487e-01  8.524835e-01
 0.00000e+00 -2.80000e+00       5.316e+08  8.365133e-02  0.000000e+00  1.757666e-15  9.163487e-01
 7.00000e-01 -2.80000e+00       7.581e+08  1.475165e-01  0.000000e+00  1.038487e-01  8.524835e-01
 1.40000e+00 -2.80000e+00       1.380e+09  5.013630e-01  0.000000e+00  1.072744e-01  4.986370e-01
 2.10000e+00 -2.80000e+00       9.477e+08  5.252997e-01  0.000000e+00  1.493784e-01  4.747003e-01
 2.80000e+00 -2.80000e+00       3.513e+08  5.122235e-01  0.000000e+00  1.962884e-01  4.877765e-01
 3.50000e+00 -2.80000e+00       6.048e+07  5.037290e-01  0.000000e+00  2.325897e-01  4.962710e-01
 4.20000e+00 -2.80000e+00       3.925e+06  4.967198e-01  0.000000e+00  2.739898e-01  5.032802e-01
 4.90000e+00 -2.80000e+00       8.293e+04  4.621465e-01  0.000000e+00  4.007519e-01  5.378535e-01
 5.60000e+00 -2.80000e+00       9.709e+02  1.697227e-02  0.000000e+00  8.019922e-01  9.830277e-01
 6.30000e+00 -2.80000e+00       6.523e+01 -4.917192e-01  0.000000e+00  1.752584e-02  5.082808e-01
 7.00000e+00 -2.80000e+00       2.955e+01 -2.266611e-01  0.000000e+00 -8.135610e-01  7.733389e-01
-7.00000e+00 -2.40000e+00       4.912e+01 -1.330918e-02  0.000000e+00  3.643515e-01  9.866908e-01
-6.30000e+00 -2.40000e+00       3.416e+03  3.402125e-01  0.000000e+00 -4.540588e-01  6.597875e-01
-5.60000e+00 -2.40000e+00       2.854e+05  4.010489e-01  0.000000e+00 -4.450073e-01  5.989511e-01
-4.90000e+00 -2.40000e+00       8.550e+06  4.222034e-01  0.000000e+00 -4.252435e-01  5.777966e-01
-4.20000e+00 -2.40000e+00       9.147e+07  4.442192e-01  0.000000e+00 -3.926227e-01  5.557808e-01
-3.50000e+00 -2.40000e+00       4.066e+08  4.771589e-01  0.000000e+00 -3.303827e-01  5.228411e-01
-2.80000e+00 -2.40000e+00       9.963e+08  5.154738e-01  0.000000e+00 -2.372047e-01  4.845262e-01
-2.10000e+00 -2.40000e+00       1.749e+09  5.424128e-01  0.000000e+00 -1.464552e-01  4.575872e-01
-1.40000e+00 -2.40000e+00       2.297e+09  5.256498e-01  0.000000e+00 -8.723486e-02  4.743502e-01
-7.00000e-01 -2.40000e+00       1.580e+09  3.007816e-01  0.000000e+00 -5.957878e-02  6.992184e-01
 0.00000e+00 -2.40000e+00       5.662e+08 -6.602667e-01  0.000000e+00  2.468426e-15  3.397333e-01
 7.00000e-01 -2.40000e+00       1.580e+09  3.007816e-01  0.000000e+00  5.957878e-02  6.992184e-01
 1.40000e+00 -2.40000e+00       2.297e+09  5.256498e-01  0.000000e+00  8.723486e-02  4.743502e-01
 2.10000e+00 -2.40000e+00       1.749e+09  5.424128e-01  0.000000e+00  1.464552e-01  4.575872e-01
 2.80000e+00 -2.40000e+00       9.963e+08  5.154738e-01  0.000000e+00  2.372047e-01  4.845262e-01
 3.50000e+00 -2.40000e+00       4.066e+08  4.771589e-01  0.000000e+00  3.303827e-01  5.228411e-01
 4.20000e+00 -2.40000e+00       9.147e+07  4.442192e-01  0.000000e+00  3.926227e-01  5.557808e-01
 4.90000e+00 -2.40000e+00       8.550e+06  4.222034e-01  0.000000e+00  4.252435e-01  5.777966e-01
 5.60000e+00 -2.40000e+00       2.854e+05  4.010489e-01  0.000000e+00  4.450073e-01  5.989511e-01
 6.30000e+00 -2.40000e+00       3.416e+03  3.402125e-01  0.000000e+00  4.540588e-01  6.597875e-01
 7.00000e+00 -2.40000e+00       4.912e+01 -1.330918e-02  0.000000e+00 -3.643515e-01  9.866908e-01
-7.00000e+00 -2.00000e+00       1.952e+03  1.664685e-01  0.000000e+00 -5.499928e-01  8.335315e-01
-6.30000e+00 -2.00000e+00       1.649e+05  1.966702e-01  0.000000e+00 -5.699078e-01  8.033298e-01
-5.60000e+00 -2.00000e+00       4.805e+06  2.396129e-01  0.000000e+00 -5.515585e-01  7.603871e-01
-4.90000e+00 -2.00000e+00       5.285e+07  3.116553e-01  0.000000e+00 -5.093491e-01  6.883447e-01
-4.20000e+00 -2.00000e+00       2.751e+08  4.183541e-01  0.000000e+00 -4.235722e-01  5.816459e-01
-3.50000e+00 -2.00000e+00       8.942e+08  5.157806e-01  0.000000e+00 -3.071307e-01  4.842194e-01
-2.80000e+00 -2.00000e+00       2.068e+09  5.633267e-01  0.000000e+00 -1.981474e-01  4.366733e-01
-2.10000e+00 -2.00000e+00       3.691e+09  5.782946e-01  0.000000e+00 -1.081568e-01  4.217054e-01
-1.40000e+00 -2.00000e+00       5.107e+09  5.595331e-01  0.000000e+00 -4.895146e-02  4.404669e-01
-7.00000e-01 -2.00000e+00       4.156e+09  4.194174e-01  0.000000e+00 -1.608747e-02  5.805826e-01
 0.00000e+00 -2.00000e+00       2.409e+09  1.093864e-01  0.000000e+00  2.017557e-15  8.906136e-01
 7.00000e-01 -2.00000e+00       4.156e+09  4.194174e-01  0.000000e+00  1.608747e-02  5.805826e-01
 1.40000e+00 -2.00000e+00       5.107e+09  5.595331e-01  0.000000e+00  4.895146e-02  4.404669e-01
 2.10000e+00 -2.00000e+00       3.691e+09  5.782946e-01  0.000000e+00  1.081568e-01  4.217054e-01
 2.80000e+00 -2.00000e+00       2.068e+09  5.633267e-01  0.000000e+00  1.981474e-01  4.366733e-01
 3.50000e+00 -2.00000e+00       8.942e+08  5.157806e-01  0.000000e+00  3.071307e-01  4.842194e-01
 4.20000e+00 -2.00000e+00       2.751e+08  4.183541e-01  0.000000e+00  4.235722e-01  5.816459e-01
 4.90000e+00 -2.00000e+00       5.285e+07  3.116553e-01  0.000000e+00  5.093491e-01  6.883447e-01
 5.60000e+00 -2.00000e+00       4.805e+06  2.396129e-01  0.000000e+00  5.515585e-01  7.603871e-01
 6.30000e+00 -2.00000e+00       1.649e+05  1.966702e-01  0.000000e+00  5.699078e-01  8.033298e-01
 7.00000e+00 -2.00000e+00       1.952e+03  1.664685e-01  0.000000e+00  5.499928e-01  8.335315e-01
-7.00000e+00 -1.60000e+00       2.978e+03  2.626734e-01  0.000000e+00 -5.322470e-01  7.373266e-01
-6.30000e+00 -1.60000e+00       2.330e+05  2.844501e-01  0.000000e+00 -5.407585e-01  7.155499e-01
-5.60000e+00 -1.60000e+00       6.307e+06  3.319552e-01  0.000000e+00 -5.062274e-01  6.680448e-01
-4.90000e+00 -1.60000e+00       7.100e+07  4.262569e-01  0.000000e+00 -4.176574e-01  5.737431e-01
-4.20000e+00 -1.60000e+00       4.709e+08  5.331588e-01  0.000000e+00 -2.804056e-01  4.668412e-01
-3.50000e+00 -1.60000e+00       2.271e+09  5.712041e-01  0.000000e+00 -1.646712e-01  4.287959e-01
-2.80000e+00 -1.60000e+00       8.074e+09  5.523401e-01  0.000000e+00 -7.027629e-02  4.476599e-01
-2.10000e+00 -1.60000e+00       2.118e+10  5.180189e-01  0.000000e+00  6.803122e-02  4.819811e-01
-1.40000e+00 -1.60000e+00       4.044e+10  5.116177e-01  0.000000e+00  2.369529e-01  4.883823e-01
-7.00000e-01 -1.60000e+00       5.258e+10  5.428465e-01  0.000000e+00  2.621176e-01  4.571535e-01
 0.00000e+00 -1.60000e+00       5.234e+10  5.655352e-01  0.000000e+00  7.643082e-15  4.344648e-01
 7.00000e-01 -1.60000e+00       5.258e+10  5.428465e-01  0.000000e+00 -2.621176e-01  4.571535e-01
 1.40000e+00 -1.60000e+00       4.044e+10  5.116177e-01  0.000000e+00 -2.369529e-01  4.883823e-01
 2.10000e+00 -1.60000e+00       2.118e+10  5.180189e-01  0.000000e+00 -6.803122e-02  4.819811e-01
 2.80000e+00 -1.60000e+00       8.074e+09  5.523401e-01  0.000000e+00  7.027629e-02  4.476599e-01
 3.50000e+00 -1.60000e+00       2.271e+09  5.712041e-01  0.000000e+00  1.646712e-01  4.287959e-01
 4.20000e+00 -1.60000e+00       4.709e+08  5.331588e-01  0.000000e+00  2.804056e-01  4.668412e-01
 4.90000e+00 -1.60000e+00       7.100e+07  4.262569e-01  0.000000e+00  4.176574e-01  5.737431e-01
 5.60000e+00 -1.60000e+00       6.307e+06  3.319552e-01  0.000000e+00  5.062274e-01  6.680448e-01
 6.30000e+00 -1.60000e+00       2.330e+05  2.844501e-01  0.000000e+00  5.407585e-01  7.155499e-01
 7.00000e+00 -1.60000e+00       2.978e+03  2.626734e-01  0.000000e+00  5.322470e-01  7.373266e-01
-7.00000e+00 -1.20000e+00       3.947e+03  5.972798e-01  0.000000e+00 -1.259028e-01  4.027202e-01
-6.30000e+00 -1.20000e+00       4.261e+05  6.589188e-01  0.000000e+00 -7.827011e-02  3.410812e-01
-5.60000e+00 -1.20000e+00       2.041e+07  6.430368e-01  0.000000e+00 -2.164133e-02  3.569632e-01
-4.90000e+00 -1.20000e+00       4.712e+08  6.217797e-01  0.000000e+00 -3.501848e-03  3.782203e-01
-4.20000e+00 -1.20000e+00       5.804e+09  6.209813e-01  0.000000e+00  7.150636e-03  3.790187e-01
-3.50000e+00 -1.20000e+00       4.070e+10  6.153265e-01  0.000000e+00  8.783084e-03  3.846735e-01
-2.80000e+00 -1.20000e+00       1.712e+11  6.026010e-01  0.000000e+00 -7.911910e-03  3.973990e-01
-2.10000e+00 -1.20000e+00       4.506e+11  5.557525e-01  0.000000e+00 -4.344710e-02  4.442475e-01
-1.40000e+00 -1.20000e+00       8.545e+11  4.981104e-01  0.000000e+00 -8.284498e-02  5.018896e-01
-7.00000e-01 -1.20000e+00       1.485e+12  5.797349e-01  0.000000e+00 -6.170147e-02  4.202651e-01
 0.00000e+00 -1.20000e+00       1.920e+12  6.471049e-01  0.000000e+00  7.590761e-16  3.528951e-01
 7.00000e-01 -1.20000e+00       1.485e+12  5.797349e-01  0.000000e+00  6.170147e-02  4.202651e-01
 1.40000e+00 -1.20000e+00       8.545e+11  4.981104e-01  0.000000e+00  8.284498e-02  5.018896e-01
 2.10000e+00 -1.20000e+00       4.506e+11  5.557525e-01  0.000000e+00  4.344710e-02  4.442475e-01
 2.80000e+00 -1.20000e+00       1.712e+11  6.026010e-01  0.000000e+00  7.911910e-03  3.973990e-01
 3.50000e+00 -1.20000e+00       4.070e+10  6.153265e-01  0.000000e+00 -8.783084e-03  3.846735e-01
 4.20000e+00 -1.20000e+00       5.804e+09  6.209813e-01  0.000000e+00 -7.150636e-03  3.790187e-01
 4.90000e+00 -1.20000e+00       4.712e+08  6.217797e-01  0.000000e+00  3.501848e-03  3.782203e-01
 5.60000e+00 -1.20000e+00       2.041e+07  6.430368e-01  0.000000e+00  2.164133e-02  3.569632e-01
 6.30000e+00 -1.20000e+00       4.261e+05  6.589188e-01  0.000000e+00  7.827011e-02  3.410812e-01
 7.00000e+00 -1.20000e+00       3.947e+03  5.972798e-01  0.000000e+00  1.259028e-01  4.027202e-01
-7.00000e+00 -8.00000e-01       9.025e+04  7.665125e-01  0.000000e+00  1.304233e-01  2.334875e-01
-6.30000e+00 -8.00000e-01       7.364e+06  7.215615e-01  0.000000e+00  2.935635e-02  2.784385e-01
-5.60000e+00 -8.00000e-01       3.259e+08  7.508023e-01  0.000000e+00 -2.173510e-02  2.491977e-01
-4.90000e+00 -8.00000e-01       7.050e+09  7.766903e-01  0.000000e+00  1.629191e-02  2.233097e-01
-4.20000e+00 -8.00000e-01       7.342e+10  7.782356e-01  0.000000e+00  4.631742e-02  2.217644e-01
-3.50000e+00 -8.00000e-01       4.161e+11  7.776952e-01  0.000000e+00  3.539212e-02  2.223048e-01
-2.80000e+00 -8.00000e-01       1.527e+12  7.821958e-01  0.000000e+00  1.041015e-03  2.178042e-01
-2.10000e+00 -8.00000e-01       4.249e+12  8.060693e-01  0.000000e+00 -6.113899e-02  1.939307e-01
-1.40000e+00 -8.00000e-01       9.721e+12  8.350400e-01  0.000000e+00 -1.071304e-01  1.649600e-01
-7.00000e-01 -8.00000e-01       1.913e+13  8.273922e-01  0.000000e+00 -6.576490e-02  1.726078e-01
 0.00000e+00 -8.00000e-01       2.573e+13  8.147112e-01  0.000000e+00 -3.961588e-15  1.852888e-01
 7.00000e-01 -8.00000e-01       1.913e+13  8.273922e-01  0.000000e+00  6.576490e-02  1.726078e-01
 1.40000e+00 -8.00000e-01       9.721e+12  8.350400e-01  0.000000e+00  1.071304e-01  1.649600e-01
 2.10000e+00 -8.00000e-01       4.249e+12  8.060693e-01  0.000000e+00  6.113899e-02  1.939307e-01
 2.80000e+00 -8.00000e-01       1.527e+12  7.821958e-01  0.000000e+00 -1.041015e-03  2.178042e-01
 3.50000e+00 -8.00000e-01       4.161e+11  7.776952e-01  0.000000e+00 -3.539212e-02  2.223048e-01
 4.20000e+00 -8.00000e-01       7.342e+10  7.782356e-01  0.000000e+00 -4.631742e-02  2.217644e-01
 4.90000e+00 -8.00000e-01       7.050e+09  7.766903e-01  0.000000e+00 -1.629191e-02  2.233097e-01
 5.60000e+00 -8.00000e-01       3.259e+08  7.508023e-01  0.000000e+00  2.173510e-02  2.491977e-01
 6.30000e+00 -8.00000e-01       7.364e+06  7.215615e-01  0.000000e+00 -2.935635e-02  2.784385e-01
 7.00000e+00 -8.00000e-01       9.025e+04  7.665125e-01  0.000000e+00 -1.304233e-01  2.334875e-01
-7.00000e+00 -4.00000e-01       7.745e+05  9.678312e-01  0.000000e+00  5.109158e-03  3.216884e-02
-6.30000e+00 -4.00000e-01       5.193e+07  9.501641e-01  0.000000e+00  5.045886e-02  4.983588e-02
-5.60000e+00 -4.00000e-01       1.673e+09  9.307926e-01  0.000000e+00  3.122558e-02  6.920745e-02
-4.90000e+00 -4.00000e-01       3.130e+10  9.310789e-01  0.000000e+00 -9.092076e-03  6.892107e-02
-4.20000e+00 -4.00000e-01       3.239e+11  9.376825e-01  0.000000e+00 -1.257428e-02  6.231752e-02
-3.50000e+00 -4.00000e-01       1.828e+12  9.386090e-01  0.000000e+00 -5.225822e-03  6.139104e-02
-2.80000e+00 -4.00000e-01       6.346e+12  9.383868e-01  0.000000e+00  2.579467e-03  6.161319e-02
-2.10000e+00 -4.00000e-01       1.515e+13  9.396041e-01  0.000000e+00  3.472367e-02  6.039591e-02
-1.40000e+00 -4.00000e-01       2.662e+13  9.375709e-01  0.000000e+00  8.894907e-02  6.242910e-02
-7.00000e-01 -4.00000e-01       3.433e+13  9.197800e-01  0.000000e+00  8.848905e-02  8.021998e-02
 0.00000e+00 -4.00000e-01       3.583e+13  9.038301e-01  0.000000e+00  1.780289e-15  9.616992e-02
 7.00000e-01 -4.00000e-01       3.433e+13  9.197800e-01  0.000000e+00 -8.848905e-02  8.021998e-02
 1.40000e+00 -4.00000e-01       2.662e+13  9.375709e-01  0.000000e+00 -8.894907e-02  6.242910e-02
 2.10000e+00 -4.00000e-01       1.515e+13  9.396041e-01  0.000000e+00 -3.472367e-02  6.039591e-02
 2.80000e+00 -4.00000e-01       6.346e+12  9.383868e-01  0.000000e+00 -2.579467e-03  6.161319e-02
 3.50000e+00 -4.00000e-01       1.828e+12  9.386090e-01  0.000000e+00  5.225822e-03  6.139104e-02
 4.20000e+00 -4.00000e-01       3.239e+11  9.376825e-01  0.000000e+00  1.257428e-02  6.231752e-02
 4.90000e+00 -4.00000e-01       3.130e+10  9.310789e-01  0.000000e+00  9.092076e-03  6.892107e-02
 5.60000e+00 -4.00000e-01       1.673e+09  9.307926e-01  0.000000e+00 -3.122558e-02  6.920745e-02
 6.30000e+00 -4.00000e-01       5.193e+07  9.501641e-01  0.000000e+00 -5.045886e-02  4.983588e-02
 7.00000e+00 -4.00000e-01       7.745e+05  9.678312e-01  0.000000e+00 -5.109158e-03  3.216884e-02
-7.00000e+00  0.00000e+00       1.813e+06  9.999428e-01  0.000000e+00  1.890657e-13  5.719890e-05
-6.30000e+00  0.00000e+00       1.035e+08  9.999715e-01  0.000000e+00 -3.435973e-15  2.852717e-05
-5.60000e+00  0.00000e+00       3.095e+09  9.999593e-01  0.000000e+00  9.378207e-16  4.073996e-05
-4.90000e+00  0.00000e+00       5.228e+10  9.999538e-01  0.000000e+00 -7.033078e-15  4.617343e-05
-4.20000e+00  0.00000e+00       5.203e+11  9.999572e-01  0.000000e+00 -8.809172e-14  4.278732e-05
-3.50000e+00  0.00000e+00       2.879e+12  9.999581e-01  0.000000e+00 -5.807735e-13  4.185306e-05
-2.80000e+00  0.00000e+00       9.651e+12  9.999581e-01  0.000000e+00 -1.937523e-12  4.188134e-05
-2.10000e+00  0.00000e+00       2.115e+13  9.999583e-01  0.000000e+00 -2.996939e-12  4.174672e-05
-1.40000e+00  0.00000e+00       3.101e+13  9.999568e-01  0.000000e+00 -1.912003e-12  4.316399e-05
-7.00000e-01  0.00000e+00       3.300e+13  9.999789e-01  0.000000e+00 -1.601472e-13  2.114185e-05
 0.00000e+00  0.00000e+00       3.094e+13  9.999849e-01  0.000000e+00 -5.330759e-18  1.508775e-05
 7.00000e-01  0.00000e+00       3.300e+13  9.999789e-01  0.000000e+00  1.601482e-13  2.114185e-05
 1.40000e+00  0.00000e+00       3.101e+13  9.999568e-01  0.000000e+00  1.912017e-12  4.316399e-05
 2.10000e+00  0.00000e+00       2.115e+13  9.999583e-01  0.000000e+00  2.996945e-12  4.174672e-05
 2.80000e+00  0.00000e+00       9.651e+12  9.999581e-01  0.000000e+00  1.937527e-12  4.188134e-05
 3.50000e+00  0.00000e+00       2.879e+12  9.999581e-01  0.000000e+00  5.807790e-13  4.185306e-05
 4.20000e+00  0.00000e+00       5.203e+11  9.999572e-01  0.000000e+00  8.810281e-14  4.278732e-05
 4.90000e+00  0.00000e+00       5.228e+10  9.999538e-01  0.000000e+00  7.042645e-15  4.617343e-05
 5.60000e+00  0.00000e+00       3.095e+09  9.999593e-01  0.000000e+00 -1.127044e-15  4.073996e-05
 6.30000e+00  0.00000e+00       1.035e+08  9.999715e-01  0.000000e+00 -6.624684e-15  2.852717e-05
 7.00000e+00  0.00000e+00       1.813e+06  9.999428e-01  0.000000e+00 -5.288399e-13  5.719890e-05
-7.00000e+00  4.00000e-01       7.745e+05  9.678312e-01  0.000000e+00 -5.109158e-03  3.216884e-02
-6.30000e+00  4.00000e-01       5.193e+07  9.501641e-01  0.000000e+00 -5.045886e-02  4.983588e-02
-5.60000e+00  4.00000e-01       1.673e+09  9.307926e-01  0.000000e+00 -3.122558e-02  6.920745e-02
-4.90000e+00  4.00000e-01       3.130e+10  9.310789e-01  0.000000e+00  9.092076e-03  6.892107e-02
-4.20000e+00  4.00000e-01       3.239e+11  9.376825e-01  0.000000e+00  1.257428e-02  6.231752e-02
-3.50000e+00  4.00000e-01       1.828e+12  9.386090e-01  0.000000e+00  5.225822e-03  6.139104e-02
-2.80000e+00  4.00000e-01       6.346e+12  9.383868e-01  0.000000e+00 -2.579467e-03  6.161319e-02
-2.10000e+00  4.00000e-01       1.515e+13  9.396041e-01  0.000000e+00 -3.472367e-02  6.039591e-02
-1.40000e+00  4.00000e-01       2.662e+13  9.375709e-01  0.000000e+00 -8.894907e-02  6.242910e-02
-7.00000e-01  4.00000e-01       3.433e+13  9.197800e-01  0.000000e+00 -8.848905e-02  8.021998e-02
 0.00000e+00  4.00000e-01       3.583e+13  9.038301e-01  0.000000e+00 -1.781356e-15  9.616992e-02
 7.00000e-01  4.00000e-01       3.433e+13  9.197800e-01  0.000000e+00  8.848905e-02  8.021998e-02
 1.40000e+00  4.00000e-01       2.662e+13  9.375709e-01  0.000000e+00  8.894907e-02  6.242910e-02
 2.10000e+00  4.00000e-01       1.515e+13  9.396041e-01  0.000000e+00  3.472367e-02  6.039591e-02
 2.80000e+00  4.00000e-01       6.346e+12  9.383868e-01  0.000000e+00  2.579467e-03  6.161319e-02
 3.50000e+00  4.00000e-01       1.828e+12  9.386090e-01  0.000000e+00 -5.225822e-03  6.139104e-02
 4.20000e+00  4.00000e-01       3.239e+11  9.376825e-01  0.000000e+00 -1.257428e-02  6.231752e-02
 4.90000e+00  4.00000e-01       3.130e+10  9.310789e-01  0.000000e+00 -9.092076e-03  6.892107e-02
 5.60000e+00  4.00000e-01       1.673e+09  9.307926e-01  0.000000e+00  3.122558e-02  6.920745e-02
 6.30000e+00  4.00000e-01       5.193e+07  9.501641e-01  0.000000e+00  5.045886e-02  4.983588e-02
 7.00000e+00  4.00000e-01       7.745e+05  9.678312e-01  0.000000e+00  5.109158e-03  3.216884e-02
-7.00000e+00  8.00000e-01       9.025e+04  7.665125e-01  0.000000e+00 -1.304233e-01  2.334875e-01
-6.30000e+00  8.00000e-01       7.364e+06  7.215615e-01  0.000000e+00 -2.935635e-02  2.784385e-01
-5.60000e+00  8.00000e-01       3.259e+08  7.508023e-01  0.000000e+00  2.173510e-02  2.491977e-01
-4.90000e+00  8.00000e-01       7.050e+09  7.766903e-01  0.000000e+00 -1.629191e-02  2.233097e-01
-4.20000e+00  8.00000e-01       7.342e+10  7.782356e-01  0.000000e+00 -4.631742e-02  2.217644e-01
-3.50000e+00  8.00000e-01       4.161e+11  7.776952e-01  0.000000e+00 -3.539212e-02  2.223048e-01
-2.80000e+00  8.00000e-01       1.527e+12  7.821958e-01  0.000000e+00 -1.041015e-03  2.178042e-01
-2.10000e+00  8.00000e-01       4.249e+12  8.060693e-01  0.000000e+00  6.113899e-02  1.939307e-01
-1.40000e+00  8.00000e-01       9.721e+12  8.350400e-01  0.000000e+00  1.071304e-01  1.649600e-01
-7.00000e-01  8.00000e-01       1.913e+13  8.273922e-01  0.000000e+00  6.576490e-02  1.726078e-01
 0.00000e+00  8.00000e-01       2.573e+13  8.147112e-01  0.000000e+00  2.227957e-15  1.852888e-01
 7.00000e-01  8.00000e-01       1.913e+13  8.273922e-01  0.000000e+00 -6.576490e-02  1.726078e-01
 1.40000e+00  8.00000e-01       9.721e+12  8.350400e-01  0.000000e+00 -1.071304e-01  1.649600e-01
 2.10000e+00  8.00000e-01       4.249e+12  8.060693e-01  0.000000e+00 -6.113899e-02  1.939307e-01
 2.80000e+00  8.00000e-01       1.527e+12  7.821958e-01  0.000000e+00  1.041015e-03  2.178042e-01
 3.50000e+00  8.00000e-01       4.161e+11  7.776952e-01  0.000000e+00  3.539212e-02  2.223048e-01
 4.20000e+00  8.00000e-01       7.342e+10  7.782356e-01  0.000000e+00  4.631742e-02  2.217644e-01
 4.90000e+00  8.00000e-01       7.050e+09  7.766903e-01  0.000000e+00  1.629191e-02  2.233097e-01
 5.60000e+00  8.00000e-01       3.259e+08  7.508023e-01  0.000000e+00 -2.173510e-02  2.491977e-01
 6.30000e+00  8.00000e-01       7.364e+06  7.215615e-01  0.000000e+00  2.935635e-02  2.784385e-01
 7.00000e+00  8.00000e-01       9.025e+04  7.665125e-01  0.000000e+00  1.304233e-01  2.334875e-01
-7.00000e+00  1.20000e+00       3.947e+03  5.972798e-01  0.000000e+00  1.259028e-01  4.027202e-01
-6.30000e+00  1.20000e+00       4.261e+05  6.589188e-01  0.000000e+00  7.827011e-02  3.410812e-01
-5.60000e+00  1.20000e+00       2.041e+07  6.430368e-01  0.000000e+00  2.164133e-02  3.569632e-01
-4.90000e+00  1.20000e+00       4.712e+08  6.217797e-01  0.000000e+00  3.501848e-03  3.782203e-01
-4.20000e+00  1.20000e+00       5.804e+09  6.209813e-01  0.000000e+00 -7.150636e-03  3.790187e-01
-3.50000e+00  1.20000e+00       4.070e+10  6.153265e-01  0.000000e+00 -8.783084e-03  3.846735e-01
-2.80000e+00  1.20000e+00       1.712e+11  6.026010e-01  0.000000e+00  7.911910e-03  3.973990e-01
-2.10000e+00  1.20000e+00       4.506e+11  5.557525e-01  0.000000e+00  4.344710e-02  4.442475e-01
-1.40000e+00  1.20000e+00       8.545e+11  4.981104e-01  0.000000e+00  8.284498e-02  5.018896e-01
-7.00000e-01  1.20000e+00       1.485e+12  5.797349e-01  0.000000e+00  6.170147e-02  4.202651e-01
 0.00000e+00  1.20000e+00       1.920e+12  6.471049e-01  0.000000e+00  8.657061e-15  3.528951e-01
 7.00000e-01  1.20000e+00       1.485e+12  5.797349e-01  0.000000e+00 -6.170147e-02  4.202651e-01
 1.40000e+00  1.20000e+00       8.545e+11  4.981104e-01  0.000000e+00 -8.284498e-02  5.018896e-01
 2.10000e+00  1.20000e+00       4.506e+11  5.557525e-01  0.000000e+00 -4.344710e-02  4.442475e-01
 2.80000e+00  1.20000e+00       1.712e+11  6.026010e-01  0.000000e+00 -7.911910e-03  3.973990e-01
 3.50000e+00  1.20000e+00       4.070e+10  6.153265e-01  0.000000e+00  8.783084e-03  3.846735e-01
 4.20000e+00  1.20000e+00       5.804e+09  6.209813e-01  0.000000e+00  7.150636e-03  3.790187e-01
 4.90000e+00  1.20000e+00       4.712e+08  6.217797e-01  0.000000e+00 -3.501848e-03  3.782203e-01
 5.60000e+00  1.20000e+00       2.041e+07  6.430368e-01  0.000000e+00 -2.164133e-02  3.569632e-01
 6.30000e+00  1.20000e+00       4.261e+05  6.589188e-01  0.000000e+00 -7.827011e-02  3.410812e-01
 7.00000e+00  1.20000e+00       3.947e+03  5.972798e-01  0.000000e+00 -1.259028e-01  4.027202e-01
-7.00000e+00  1.60000e+00       2.978e+03  2.626734e-01  0.000000e+00  5.322470e-01  7.373266e-01
-6.30000e+00  1.60000e+00       2.330e+05  2.844501e-01  0.000000e+00  5.407585e-01  7.155499e-01
-5.60000e+00  1.60000e+00       6.307e+06  3.319552e-01  0.000000e+00  5.062274e-01  6.680448e-01
-4.90000e+00  1.60000e+00       7.100e+07  4.262569e-01  0.000000e+00  4.176574e-01  5.737431e-01
-4.20000e+00  1.60000e+00       4.709e+08  5.331588e-01  0.000000e+00  2.804056e-01  4.668412e-01
-3.50000e+00  1.60000e+00       2.271e+09  5.712041e-01  0.000000e+00  1.646712e-01  4.287959e-01
-2.80000e+00  1.60000e+00       8.074e+09  5.523401e-01  0.000000e+00  7.027628e-02  4.476599e-01
-2.10000e+00  1.60000e+00       2.118e+10  5.180189e-01  0.000000e+00 -6.803123e-02  4.819811e-01
-1.40000e+00  1.60000e+00       4.044e+10  5.116177e-01  0.000000e+00 -2.369529e-01  4.883823e-01
-7.00000e-01  1.60000e+00       5.258e+10  5.428465e-01  0.000000e+00 -2.621176e-01  4.571535e-01
 0.00000e+00  1.60000e+00       5.234e+10  5.655352e-01  0.000000e+00 -7.948173e-15  4.344648e-01
 7.00000e-01  1.60000e+00       5.258e+10  5.428465e-01  0.000000e+00  2.621176e-01  4.571535e-01
 1.40000e+00  1.60000e+00       4.044e+10  5.116177e-01  0.000000e+00  2.369529e-01  4.883823e-01
 2.10000e+00  1.60000e+00       2.118e+10  5.180189e-01  0.000000e+00  6.803123e-02  4.819811e-01
 2.80000e+00  1.60000e+00       8.074e+09  5.523401e-01  0.000000e+00 -7.027628e-02  4.476599e-01
 3.50000e+00  1.60000e+00       2.271e+09  5.712041e-01  0.000000e+00 -1.646712e-01  4.287959e-01
 4.20000e+00  1.60000e+00       4.709e+08  5.331588e-01  0.000000e+00 -2.804056e-01  4.668412e-01
 4.90000e+00  1.60000e+00       7.100e+07  4.262569e-01  0.000000e+00 -4.176574e-01  5.737431e-01
 5.60000e+00  1.60000e+00       6.307e+06  3.319552e-01  0.000000e+00 -5.062274e-01  6.680448e-01
 6.30000e+00  1.60000e+00       2.330e+05  2.844501e-01  0.000000e+00 -5.407585e-01  7.155499e-01
 7.00000e+00  1.60000e+00       2.978e+03  2.626734e-01  0.000000e+00 -5.322470e-01  7.373266e-01
-7.00000e+00  2.00000e+00       1.952e+03  1.664685e-01  0.000000e+00  5.499928e-01  8.335315e-01
-6.30000e+00  2.00000e+00       1.649e+05  1.966702e-01  0.000000e+00  5.699078e-01  8.033298e-01
-5.60000e+00  2.00000e+00       4.805e+06  2.396129e-01  0.000000e+00  5.515585e-01  7.603871e-01
-4.90000e+00  2.00000e+00       5.285e+07  3.116553e-01  0.000000e+00  5.093491e-01  6.883447e-01
-4.20000e+00  2.00000e+00       2.751e+08  4.183541e-01  0.000000e+00  4.235722e-01  5.816459e-01
-3.50000e+00  2.00000e+00       8.942e+08  5.157806e-01  0.000000e+00  3.071307e-01  4.842194e-01
-2.80000e+00  2.00000e+00       2.068e+09  5.633267e-01  0.000000e+00  1.981474e-01  4.366733e-01
-2.10000e+00  2.00000e+00       3.691e+09  5.782946e-01  0.000000e+00  1.081568e-01  4.217054e-01
-1.40000e+00  2.00000e+00       5.107e+09  5.595331e-01  0.000000e+00  4.895142e-02  4.404669e-01
-7.00000e-01  2.00000e+00       4.156e+09  4.194174e-01  0.000000e+00  1.608747e-02  5.805826e-01
 0.00000e+00  2.00000e+00       2.409e+09  1.093866e-01  0.000000e+00 -2.663206e-15  8.906134e-01
 7.00000e-01  2.00000e+00       4.156e+09  4.194174e-01  0.000000e+00 -1.608747e-02  5.805826e-01
 1.40000e+00  2.00000e+00       5.107e+09  5.595331e-01  0.000000e+00 -4.895142e-02  4.404669e-01
 2.10000e+00  2.00000e+00       3.691e+09  5.782946e-01  0.000000e+00 -1.081568e-01  4.217054e-01
 2.80000e+00  2.00000e+00       2.068e+09  5.633267e-01  0.000000e+00 -1.981474e-01  4.366733e-01
 3.50000e+00  2.00000e+00       8.942e+08  5.157806e-01  0.000000e+00 -3.071307e-01  4.842194e-01
 4.20000e+00  2.00000e+00       2.751e+08  4.183541e-01  0.000000e+00 -4.235722e-01  5.816459e-01
 4.90000e+00  2.00000e+00       5.285e+07  3.116553e-01  0.000000e+00 -5.093491e-01  6.883447e-01
 5.60000e+00  2.00000e+00       4.805e+06  2.396129e-01  0.000000e+00 -5.515585e-01  7.603871e-01
 6.30000e+00  2.00000e+00       1.649e+05  1.966702e-01  0.000000e+00 -5.699078e-01  8.033298e-01
 7.00000e+00  2.00000e+00       1.952e+03  1.664685e-01  0.000000e+00 -5.499928e-01  8.335315e-01
-7.00000e+00  2.40000e+00       4.912e+01 -1.330921e-02  0.000000e+00 -3.643515e-01  9.866908e-01
-6.30000e+00  2.40000e+00       3.416e+03  3.402125e-01  0.000000e+00  4.540588e-01  6.597875e-01
-5.60000e+00  2.40000e+00       2.854e+05  4.010489e-01  0.000000e+00  4.450073e-01  5.989511e-01
-4.90000e+00  2.40000e+00       8.550e+06  4.222034e-01  0.000000e+00  4.252435e-01  5.777966e-01
-4.20000e+00  2.40000e+00       9.147e+07  4.442192e-01  0.000000e+00  3.926227e-01  5.557808e-01
-3.50000e+00  2.40000e+00       4.066e+08  4.771589e-01  0.000000e+00  3.303827e-01  5.228411e-01
-2.80000e+00  2.40000e+00       9.963e+08  5.154738e-01  0.000000e+00  2.372046e-01  4.845262e-01
-2.10000e+00  2.40000e+00       1.749e+09  5.424128e-01  0.000000e+00  1.464551e-01  4.575872e-01
-1.40000e+00  2.40000e+00       2.297e+09  5.256498e-01  0.000000e+00  8.723477e-02  4.743502e-01
-7.00000e-01  2.40000e+00       1.580e+09  3.007817e-01  0.000000e+00  5.957874e-02  6.992183e-01
 0.00000e+00  2.40000e+00       5.662e+08 -6.602633e-01  0.000000e+00 -3.266989e-15  3.397367e-01
 7.00000e-01  2.40000e+00       1.580e+09  3.007817e-01  0.000000e+00 -5.957874e-02  6.992183e-01
 1.40000e+00  2.40000e+00       2.297e+09  5.256498e-01  0.000000e+00 -8.723477e-02  4.743502e-01
 2.10000e+00  2.40000e+00       1.749e+09  5.424128e-01  0.000000e+00 -1.464551e-01  4.575872e-01
 2.80000e+00  2.40000e+00       9.963e+08  5.154738e-01  0.000000e+00 -2.372046e-01  4.845262e-01
 3.50000e+00  2.40000e+00       4.066e+08  4.771589e-01  0.000000e+00 -3.303827e-01  5.228411e-01
 4.20000e+00  2.40000e+00       9.147e+07  4.442192e-01  0.000000e+00 -3.926227e-01  5.557808e-01
 4.90000e+00  2.40000e+00       8.550e+06  4.222034e-01  0.000000e+00 -4.252435e-01  5.777966e-01
 5.60000e+00  2.40000e+00       2.854e+05  4.010489e-01  0.000000e+00 -4.450073e-01  5.989511e-01
 6.30000e+00  2.40000e+00       3.416e+03  3.402125e-01  0.000000e+00 -4.540588e-01  6.597875e-01
 7.00000e+00  2.40000e+00       4.912e+01 -1.330922e-02  0.000000e+00  3.643515e-01  9.866908e-01
-7.00000e+00  2.80000e+00       2.955e+01 -2.266611e-01  0.000000e+00 -8.135610e-01  7.733389e-01
-6.30000e+00  2.80000e+00       6.523e+01 -4.917195e-01  0.000000e+00  1.752584e-02  5.082805e-01
-5.60000e+00  2.80000e+00       9.709e+02  1.697202e-02  0.000000e+00  8.019920e-01  9.830280e-01
-4.90000e+00  2.80000e+00       8.293e+04  4.621465e-01  0.000000e+00  4.007519e-01  5.378535e-01
-4.20000e+00  2.80000e+00       3.925e+06  4.967198e-01  0.000000e+00  2.739898e-01  5.032802e-01
-3.50000e+00  2.80000e+00       6.048e+07  5.037290e-01  0.000000e+00  2.325896e-01  4.962710e-01
-2.80000e+00  2.80000e+00       3.513e+08  5.122235e-01  0.000000e+00  1.962883e-01  4.877765e-01
-2.10000e+00  2.80000e+00       9.477e+08  5.252997e-01  0.000000e+00  1.493782e-01  4.747003e-01
-1.40000e+00  2.80000e+00       1.380e+09  5.013630e-01  0.000000e+00  1.072743e-01  4.986370e-01
-7.00000e-01  2.80000e+00       7.581e+08  1.475174e-01  0.000000e+00  1.038484e-01  8.524826e-01
 0.00000e+00  2.80000e+00       5.316e+08  8.364636e-02  0.000000e+00 -2.099680e-15  9.163536e-01
 7.00000e-01  2.80000e+00       7.581e+08  1.475174e-01  0.000000e+00 -1.038484e-01  8.524826e-01
 1.40000e+00  2.80000e+00       1.380e+09  5.013630e-01  0.000000e+00 -1.072743e-01  4.986370e-01
 2.10000e+00  2.80000e+00       9.477e+08  5.252997e-01  0.000000e+00 -1.493782e-01  4.747003e-01
 2.80000e+00  2.80000e+00       3.513e+08  5.122235e-01  0.000000e+00 -1.962883e-01  4.877765e-01
 3.50000e+00  2.80000e+00       6.048e+07  5.037290e-01  0.000000e+00 -2.325896e-01  4.962710e-01
 4.20000e+00  2.80000e+00       3.925e+06  4.967198e-01  0.000000e+00 -2.739898e-01  5.032802e-01
 4.90000e+00  2.80000e+00       8.293e+04  4.621465e-01  0.000000e+00 -4.007519e-01  5.378535e-01
 5.60000e+00  2.80000e+00       9.709e+02  1.697202e-02  0.000000e+00 -8.019920e-01  9.830280e-01
 6.30000e+00  2.80000e+00       6.523e+01 -4.917195e-01  0.000000e+00 -1.752584e-02  5.082805e-01
 7.00000e+00  2.80000e+00       2.955e+01 -2.266611e-01  0.000000e+00  8.135610e-01  7.733389e-01
-7.00000e+00  3.20000e+00       1.898e+01 -3.590741e-01  0.000000e+00 -7.501275e-01  6.409259e-01
-6.30000e+00  3.20000e+00       3.175e+01 -9.062274e-01  0.000000e+00 -3.071952e-01  9.377262e-02
-5.60000e+00  3.20000e+00       2.489e+02  3.905175e-01  0.000000e+00  9.614297e-01  6.094825e-01
-4.90000e+00  3.20000e+00       7.641e+03  6.181065e-01  0.000000e+00  7.117329e-01  3.818935e-01
-4.20000e+00  3.20000e+00       2.429e+04 -1.797570e-01  0.000000e+00  2.358163e+00  8.202430e-01
-3.50000e+00  3.20000e+00       9.347e+05  9.596397e-01  0.000000e+00  2.724144e-01  4.036033e-02
-2.80000e+00  3.20000e+00       1.067e+07  8.698483e-01  0.000000e+00  6.789150e-02  1.301517e-01
-2.10000e+00  3.20000e+00       6.544e+07  7.867805e-01  0.000000e+00  6.243098e-02  2.132195e-01
-1.40000e+00  3.20000e+00       1.352e+08  5.116442e-01  0.000000e+00  9.699007e-02  4.883558e-01
-7.00000e-01  3.20000e+00       2.632e+08  4.125937e-01  0.000000e+00  3.486699e-02  5.874063e-01
 0.00000e+00  3.20000e+00       5.936e+08  6.532799e-01  0.000000e+00 -1.222381e-15  3.467201e-01
 7.00000e-01  3.20000e+00       2.632e+08  4.125937e-01  0.000000e+00 -3.486699e-02  5.874063e-01
 1.40000e+00  3.20000e+00       1.352e+08  5.116442e-01  0.000000e+00 -9.699007e-02  4.883558e-01
 2.10000e+00  3.20000e+00       6.544e+07  7.867805e-01  0.000000e+00 -6.243098e-02  2.132195e-01
 2.80000e+00  3.20000e+00       1.067e+07  8.698483e-01  0.000000e+00 -6.789150e-02  1.301517e-01
 3.50000e+00  3.20000e+00       9.347e+05  9.596397e-01  0.000000e+00 -2.724144e-01  4.036033e-02
 4.20000e+00  3.20000e+00       2.429e+04 -1.797570e-01  0.000000e+00 -2.358163e+00  8.202430e-01
 4.90000e+00  3.20000e+00       7.641e+03  6.181065e-01  0.000000e+00 -7.117329e-01  3.818935e-01
 5.60000e+00  3.20000e+00       2.489e+02  3.905175e-01  0.000000e+00 -9.614297e-01  6.094825e-01
 6.30000e+00  3.20000e+00       3.175e+01 -9.062274e-01  0.000000e+00  3.071952e-01  9.377261e-02
 7.00000e+00  3.20000e+00       1.898e+01 -3.590741e-01  0.000000e+00  7.501275e-01  6.409259e-01
-7.00000e+00  3.60000e+00       2.497e+01 -5.056565e-01  0.000000e+00 -7.435024e-01  4.943435e-01
-6.30000e+00  3.60000e+00       3.188e+01 -9.892349e-01  0.000000e+00 -5.180223e-01  1.076513e-02
-5.60000e+00  3.60000e+00       2.222e+02  7.175153e-01  0.000000e+00  5.650569e-01  2.824847e-01
-4.90000e+00  3.60000e+00       7.293e+03  5.751403e-01  0.000000e+00  4.474564e-01  4.248597e-01
-4.20000e+00  3.60000e+00       3.130e+04  5.381797e-02  0.000000e+00  1.109609e+00  9.461820e-01
-3.50000e+00  3.60000e+00       6.694e+05  9.555986e-01  0.000000e+00  2.222533e-01  4.440138e-02
-2.80000e+00  3.60000e+00       6.483e+06  9.997677e-01  0.000000e+00  4.605552e-02  2.323385e-04
-2.10000e+00  3.60000e+00       3.113e+07  9.936228e-01  0.000000e+00  3.590771e-02  6.377220e-03
-1.40000e+00  3.60000e+00       4.060e+07  5.578421e-01  0.000000e+00  9.261442e-02  4.421579e-01
-7.00000e-01  3.60000e+00       2.330e+08  5.452310e-01  0.000000e+00  8.049912e-03  4.547690e-01
 0.00000e+00  3.60000e+00       4.702e+08  6.160235e-01  0.000000e+00 -5.544885e-16  3.839765e-01
 7.00000e-01  3.60000e+00       2.330e+08  5.452310e-01  0.000000e+00 -8.049912e-03  4.547690e-01
 1.40000e+00  3.60000e+00       4.060e+07  5.578421e-01  0.000000e+00 -9.261442e-02  4.421579e-01
 2.10000e+00  3.60000e+00       3.113e+07  9.936228e-01  0.000000e+00 -3.590771e-02  6.377220e-03
 2.80000e+00  3.60000e+00       6.483e+06  9.997677e-01  0.000000e+00 -4.605552e-02  2.323385e-04
 3.50000e+00  3.60000e+00       6.694e+05  9.555986e-01  0.000000e+00 -2.222533e-01  4.440138e-02
 4.20000e+00  3.60000e+00       3.130e+04  5.381797e-02  0.000000e+00 -1.109609e+00  9.461820e-01
 4.90000e+00  3.60000e+00       7.293e+03  5.751403e-01  0.000000e+00 -4.474564e-01  4.248597e-01
 5.60000e+00  3.60000e+00       2.222e+02  7.175153e-01  0.000000e+00 -5.650568e-01  2.824847e-01
 6.30000e+00  3.60000e+00       3.188e+01 -9.892349e-01  0.000000e+00  5.180223e-01  1.076513e-02
 7.00000e+00  3.60000e+00       2.497e+01 -5.056565e-01  0.000000e+00  7.435024e-01  4.943435e-01
-7.00000e+00  4.00000e+00       8.352e+00 -5.496258e-01  0.000000e+00 -5.206100e-01  4.503742e-01
-6.30000e+00  4.00000e+00       2.318e+01 -7.262371e-01  0.000000e+00 -2.446386e-01  2.737629e-01
-5.60000e+00  4.00000e+00       2.025e+02  7.686394e-01  0.000000e+00  4.054622e-01  2.313606e-01
-4.90000e+00  4.00000e+00       6.398e+03  5.697908e-01  0.000000e+00  3.410139e-01  4.302092e-01
-4.20000e+00  4.00000e+00       2.793e+04  8.179679e-02  0.000000e+00  8.445009e-01  9.182032e-01
-3.50000e+00  4.00000e+00       5.617e+05  9.532276e-01  0.000000e+00  1.805449e-01  4.677239e-02
-2.80000e+00  4.00000e+00       5.568e+06  9.932895e-01  0.000000e+00  3.816754e-02  6.710460e-03
-2.10000e+00  4.00000e+00       2.820e+07  9.746448e-01  0.000000e+00  3.468150e-02  2.535523e-02
-1.40000e+00  4.00000e+00       4.404e+07  5.600553e-01  0.000000e+00  9.470306e-02  4.399447e-01
-7.00000e-01  4.00000e+00       1.980e+08  5.760322e-01  0.000000e+00  2.325334e-02  4.239678e-01
 0.00000e+00  4.00000e+00       4.143e+08  6.911513e-01  0.000000e+00 -6.444110e-16  3.088487e-01
 7.00000e-01  4.00000e+00       1.980e+08  5.760322e-01  0.000000e+00 -2.325334e-02  4.239678e-01
 1.40000e+00  4.00000e+00       4.404e+07  5.600553e-01  0.000000e+00 -9.470306e-02  4.399447e-01
 2.10000e+00  4.00000e+00       2.820e+07  9.746448e-01  0.000000e+00 -3.468150e-02  2.535523e-02
 2.80000e+00  4.00000e+00       5.568e+06  9.932895e-01  0.000000e+00 -3.816754e-02  6.710460e-03
 3.50000e+00  4.00000e+00       5.617e+05  9.532276e-01  0.000000e+00 -1.805449e-01  4.677239e-02
 4.20000e+00  4.00000e+00       2.793e+04  8.179679e-02  0.000000e+00 -8.445009e-01  9.182032e-01
 4.90000e+00  4.00000e+00       6.398e+03  5.697908e-01  0.000000e+00 -3.410139e-01  4.302092e-01
 5.60000e+00  4.00000e+00       2.025e+02  7.686394e-01  0.000000e+00 -4.054622e-01  2.313606e-01
 6.30000e+00  4.00000e+00       2.318e+01 -7.262371e-01  0.000000e+00  2.446386e-01  2.737629e-01
 7.00000e+00  4.00000e+00       8.352e+00 -5.496242e-01  0.000000e+00  5.206129e-01  4.503758e-01
