 EB(GeV)    EMITTANCEx EMITTANCEy SIZEx(m)   SIZEy(m)   DIVx(rad)  DIVy(rad)
 2.411e+00  5.499e-09  1.017e-12  8.711e-05  1.009e-06  6.313e-05  1.009e-06
 betax      alphax     betay      alphay     eta        deta       E_spread  
 1.380e+00  0.000e+00  1.000e+00  0.000e+00  0.000e+00  0.000e+00  8.600e-04
 Ibeam(A)   period(cm) #periods   Kx         Ky         Energy(eV)
 4.005e-01  1.900e+00         96  0.000e+00  1.780e+00  3.233e+04


           x            y       F.Density            PL            PC          PL45        1-|PL|
          mm           mm  ph/s/mr^2/0.1%             -             -             -             -
-7.00000e+00 -4.00000e+00       8.444e+00 -9.785465e-01  0.000000e+00  7.409339e-01  2.145346e-02
-6.30000e+00 -4.00000e+00       6.439e+01  4.260149e-01  0.000000e+00  2.337077e-01  5.739851e-01
-5.60000e+00 -4.00000e+00       1.594e+03  9.730645e-01  0.000000e+00  2.496610e-02  2.693550e-02
-4.90000e+00 -4.00000e+00       4.300e+04  9.736186e-01  0.000000e+00  4.728496e-03  2.638140e-02
-4.20000e+00 -4.00000e+00       3.777e+05  9.750870e-01  0.000000e+00  2.186351e-03  2.491303e-02
-3.50000e+00 -4.00000e+00       4.921e+05  9.347353e-01  0.000000e+00  1.561425e-02  6.526465e-02
-2.80000e+00 -4.00000e+00       1.375e+07  9.999258e-01  0.000000e+00 -3.182062e-04  7.419479e-05
-2.10000e+00 -4.00000e+00       4.958e+07  9.596706e-01  0.000000e+00 -1.874934e-02  4.032943e-02
-1.40000e+00 -4.00000e+00       1.762e+08  8.477552e-01  0.000000e+00 -3.830849e-02  1.522448e-01
-7.00000e-01 -4.00000e+00       6.274e+08  8.087598e-01  0.000000e+00 -2.129910e-02  1.912402e-01
 0.00000e+00 -4.00000e+00       9.908e+08  8.022351e-01  0.000000e+00 -5.785813e-16  1.977649e-01
 7.00000e-01 -4.00000e+00       6.274e+08  8.087598e-01  0.000000e+00  2.129910e-02  1.912402e-01
 1.40000e+00 -4.00000e+00       1.762e+08  8.477552e-01  0.000000e+00  3.830849e-02  1.522448e-01
 2.10000e+00 -4.00000e+00       4.958e+07  9.596706e-01  0.000000e+00  1.874934e-02  4.032943e-02
 2.80000e+00 -4.00000e+00       1.375e+07  9.999258e-01  0.000000e+00  3.182062e-04  7.419479e-05
 3.50000e+00 -4.00000e+00       4.921e+05  9.347353e-01  0.000000e+00 -1.561425e-02  6.526465e-02
 4.20000e+00 -4.00000e+00       3.777e+05  9.750870e-01  0.000000e+00 -2.186351e-03  2.491303e-02
 4.90000e+00 -4.00000e+00       4.300e+04  9.736186e-01  0.000000e+00 -4.728496e-03  2.638140e-02
 5.60000e+00 -4.00000e+00       1.594e+03  9.730645e-01  0.000000e+00 -2.496610e-02  2.693550e-02
 6.30000e+00 -4.00000e+00       6.439e+01  4.260149e-01  0.000000e+00 -2.337077e-01  5.739851e-01
 7.00000e+00 -4.00000e+00       8.444e+00 -9.785437e-01  0.000000e+00 -7.409358e-01  2.145625e-02
-7.00000e+00 -3.60000e+00       2.000e+01 -6.516290e-01  0.000000e+00  8.647837e-01  3.483710e-01
-6.30000e+00 -3.60000e+00       7.319e+01  4.223926e-01  0.000000e+00  2.852055e-01  5.776074e-01
-5.60000e+00 -3.60000e+00       1.869e+03  9.655245e-01  0.000000e+00  3.177319e-02  3.447552e-02
-4.90000e+00 -3.60000e+00       5.005e+04  9.704764e-01  0.000000e+00  7.424508e-03  2.952355e-02
-4.20000e+00 -3.60000e+00       4.383e+05  9.735109e-01  0.000000e+00  3.469960e-03  2.648905e-02
-3.50000e+00 -3.60000e+00       5.706e+05  9.333891e-01  0.000000e+00  1.961377e-02  6.661089e-02
-2.80000e+00 -3.60000e+00       1.588e+07  9.966776e-01  0.000000e+00  1.720575e-04  3.322384e-03
-2.10000e+00 -3.60000e+00       5.464e+07  9.839183e-01  0.000000e+00 -1.937995e-02  1.608175e-02
-1.40000e+00 -3.60000e+00       1.837e+08  8.863288e-01  0.000000e+00 -4.043750e-02  1.136712e-01
-7.00000e-01 -3.60000e+00       6.915e+08  8.224481e-01  0.000000e+00 -2.051654e-02  1.775519e-01
 0.00000e+00 -3.60000e+00       1.127e+09  8.051577e-01  0.000000e+00 -6.741245e-16  1.948423e-01
 7.00000e-01 -3.60000e+00       6.915e+08  8.224481e-01  0.000000e+00  2.051654e-02  1.775519e-01
 1.40000e+00 -3.60000e+00       1.837e+08  8.863288e-01  0.000000e+00  4.043750e-02  1.136712e-01
 2.10000e+00 -3.60000e+00       5.464e+07  9.839183e-01  0.000000e+00  1.937995e-02  1.608175e-02
 2.80000e+00 -3.60000e+00       1.588e+07  9.966776e-01  0.000000e+00 -1.720575e-04  3.322384e-03
 3.50000e+00 -3.60000e+00       5.706e+05  9.333891e-01  0.000000e+00 -1.961377e-02  6.661089e-02
 4.20000e+00 -3.60000e+00       4.383e+05  9.735109e-01  0.000000e+00 -3.469960e-03  2.648905e-02
 4.90000e+00 -3.60000e+00       5.005e+04  9.704764e-01  0.000000e+00 -7.424508e-03  2.952355e-02
 5.60000e+00 -3.60000e+00       1.869e+03  9.655245e-01  0.000000e+00 -3.177319e-02  3.447552e-02
 6.30000e+00 -3.60000e+00       7.319e+01  4.223926e-01  0.000000e+00 -2.852055e-01  5.776074e-01
 7.00000e+00 -3.60000e+00       2.000e+01 -6.516290e-01  0.000000e+00 -8.647837e-01  3.483710e-01
-7.00000e+00 -3.20000e+00       1.619e+01 -5.646463e-01  0.000000e+00  9.472184e-01  4.353537e-01
-6.30000e+00 -3.20000e+00       8.310e+01  5.551750e-01  0.000000e+00  2.705068e-01  4.448250e-01
-5.60000e+00 -3.20000e+00       2.309e+03  9.408618e-01  0.000000e+00  5.049183e-02  5.913818e-02
-4.90000e+00 -3.20000e+00       6.069e+04  9.609156e-01  0.000000e+00  1.427982e-02  3.908443e-02
-4.20000e+00 -3.20000e+00       5.261e+05  9.704468e-01  0.000000e+00  6.263035e-03  2.955315e-02
-3.50000e+00 -3.20000e+00       7.260e+05  9.945796e-01  0.000000e+00  1.126012e-02  5.420386e-03
-2.80000e+00 -3.20000e+00       2.172e+07  9.377525e-01  0.000000e+00 -1.173897e-02  6.224754e-02
-2.10000e+00 -3.20000e+00       9.533e+07  8.295965e-01  0.000000e+00 -4.458856e-02  1.704035e-01
-1.40000e+00 -3.20000e+00       3.125e+08  7.710192e-01  0.000000e+00 -6.314573e-02  2.289808e-01
-7.00000e-01 -3.20000e+00       8.753e+08  8.065595e-01  0.000000e+00 -3.323750e-02  1.934405e-01
 0.00000e+00 -3.20000e+00       1.306e+09  8.173765e-01  0.000000e+00 -5.775445e-16  1.826235e-01
 7.00000e-01 -3.20000e+00       8.753e+08  8.065595e-01  0.000000e+00  3.323750e-02  1.934405e-01
 1.40000e+00 -3.20000e+00       3.125e+08  7.710192e-01  0.000000e+00  6.314573e-02  2.289808e-01
 2.10000e+00 -3.20000e+00       9.533e+07  8.295965e-01  0.000000e+00  4.458856e-02  1.704035e-01
 2.80000e+00 -3.20000e+00       2.172e+07  9.377525e-01  0.000000e+00  1.173897e-02  6.224754e-02
 3.50000e+00 -3.20000e+00       7.260e+05  9.945796e-01  0.000000e+00 -1.126012e-02  5.420386e-03
 4.20000e+00 -3.20000e+00       5.261e+05  9.704468e-01  0.000000e+00 -6.263035e-03  2.955315e-02
 4.90000e+00 -3.20000e+00       6.069e+04  9.609156e-01  0.000000e+00 -1.427982e-02  3.908443e-02
 5.60000e+00 -3.20000e+00       2.309e+03  9.408618e-01  0.000000e+00 -5.049183e-02  5.913818e-02
 6.30000e+00 -3.20000e+00       8.310e+01  5.551750e-01  0.000000e+00 -2.705068e-01  4.448250e-01
 7.00000e+00 -3.20000e+00       1.619e+01 -5.646463e-01  0.000000e+00 -9.472184e-01  4.353537e-01
-7.00000e+00 -2.80000e+00       1.972e+01 -4.273443e-01  0.000000e+00  1.006150e+00  5.726557e-01
-6.30000e+00 -2.80000e+00       1.018e+02  6.428997e-01  0.000000e+00  3.251844e-01  3.571003e-01
-5.60000e+00 -2.80000e+00       2.878e+03  9.183150e-01  0.000000e+00  8.008868e-02  8.168498e-02
-4.90000e+00 -2.80000e+00       5.160e+04  6.697336e-01  0.000000e+00 -1.515928e-01  3.302664e-01
-4.20000e+00 -2.80000e+00       1.624e+06  3.065456e-01  0.000000e+00 -3.197697e-01  6.934544e-01
-3.50000e+00 -2.80000e+00       4.136e+07  5.091505e-01  0.000000e+00 -2.093440e-01  4.908495e-01
-2.80000e+00 -2.80000e+00       2.962e+08  5.401260e-01  0.000000e+00 -1.715684e-01  4.598740e-01
-2.10000e+00 -2.80000e+00       9.013e+08  5.447786e-01  0.000000e+00 -1.354621e-01  4.552214e-01
-1.40000e+00 -2.80000e+00       1.631e+09  5.655074e-01  0.000000e+00 -9.212695e-02  4.344926e-01
-7.00000e-01 -2.80000e+00       2.507e+09  6.329510e-01  0.000000e+00 -4.337134e-02  3.670490e-01
 0.00000e+00 -2.80000e+00       3.052e+09  6.685319e-01  0.000000e+00 -3.858622e-16  3.314681e-01
 7.00000e-01 -2.80000e+00       2.507e+09  6.329510e-01  0.000000e+00  4.337134e-02  3.670490e-01
 1.40000e+00 -2.80000e+00       1.631e+09  5.655074e-01  0.000000e+00  9.212695e-02  4.344926e-01
 2.10000e+00 -2.80000e+00       9.013e+08  5.447786e-01  0.000000e+00  1.354621e-01  4.552214e-01
 2.80000e+00 -2.80000e+00       2.962e+08  5.401260e-01  0.000000e+00  1.715684e-01  4.598740e-01
 3.50000e+00 -2.80000e+00       4.136e+07  5.091505e-01  0.000000e+00  2.093440e-01  4.908495e-01
 4.20000e+00 -2.80000e+00       1.624e+06  3.065456e-01  0.000000e+00  3.197697e-01  6.934544e-01
 4.90000e+00 -2.80000e+00       5.160e+04  6.697336e-01  0.000000e+00  1.515928e-01  3.302664e-01
 5.60000e+00 -2.80000e+00       2.878e+03  9.183150e-01  0.000000e+00 -8.008868e-02  8.168498e-02
 6.30000e+00 -2.80000e+00       1.018e+02  6.428997e-01  0.000000e+00 -3.251844e-01  3.571003e-01
 7.00000e+00 -2.80000e+00       1.972e+01 -4.273443e-01  0.000000e+00 -1.006150e+00  5.726557e-01
-7.00000e+00 -2.40000e+00       7.485e+01  8.461121e-02  0.000000e+00  9.233898e-02  9.153888e-01
-6.30000e+00 -2.40000e+00       9.232e+03  3.259964e-01  0.000000e+00 -5.020169e-01  6.740036e-01
-5.60000e+00 -2.40000e+00       6.105e+05  3.478046e-01  0.000000e+00 -4.938162e-01  6.521954e-01
-4.90000e+00 -2.40000e+00       1.350e+07  3.691695e-01  0.000000e+00 -4.715907e-01  6.308305e-01
-4.20000e+00 -2.40000e+00       1.121e+08  4.066949e-01  0.000000e+00 -4.251753e-01  5.933051e-01
-3.50000e+00 -2.40000e+00       4.403e+08  4.652539e-01  0.000000e+00 -3.396206e-01  5.347461e-01
-2.80000e+00 -2.40000e+00       1.068e+09  5.220994e-01  0.000000e+00 -2.348134e-01  4.779006e-01
-2.10000e+00 -2.40000e+00       1.849e+09  5.515652e-01  0.000000e+00 -1.464456e-01  4.484348e-01
-1.40000e+00 -2.40000e+00       2.621e+09  5.766515e-01  0.000000e+00 -8.588488e-02  4.233485e-01
-7.00000e-01 -2.40000e+00       3.416e+09  6.481139e-01  0.000000e+00 -4.421261e-02  3.518861e-01
 0.00000e+00 -2.40000e+00       3.796e+09  6.963595e-01  0.000000e+00 -5.635918e-16  3.036405e-01
 7.00000e-01 -2.40000e+00       3.416e+09  6.481139e-01  0.000000e+00  4.421261e-02  3.518861e-01
 1.40000e+00 -2.40000e+00       2.621e+09  5.766515e-01  0.000000e+00  8.588488e-02  4.233485e-01
 2.10000e+00 -2.40000e+00       1.849e+09  5.515652e-01  0.000000e+00  1.464456e-01  4.484348e-01
 2.80000e+00 -2.40000e+00       1.068e+09  5.220994e-01  0.000000e+00  2.348134e-01  4.779006e-01
 3.50000e+00 -2.40000e+00       4.403e+08  4.652539e-01  0.000000e+00  3.396206e-01  5.347461e-01
 4.20000e+00 -2.40000e+00       1.121e+08  4.066949e-01  0.000000e+00  4.251753e-01  5.933051e-01
 4.90000e+00 -2.40000e+00       1.350e+07  3.691695e-01  0.000000e+00  4.715907e-01  6.308305e-01
 5.60000e+00 -2.40000e+00       6.105e+05  3.478046e-01  0.000000e+00  4.938162e-01  6.521954e-01
 6.30000e+00 -2.40000e+00       9.232e+03  3.259964e-01  0.000000e+00  5.020169e-01  6.740036e-01
 7.00000e+00 -2.40000e+00       7.485e+01  8.461120e-02  0.000000e+00 -9.233898e-02  9.153888e-01
-7.00000e+00 -2.00000e+00       9.022e+02  1.895221e-01  0.000000e+00 -5.258622e-01  8.104779e-01
-6.30000e+00 -2.00000e+00       8.259e+04  2.209994e-01  0.000000e+00 -5.650601e-01  7.790006e-01
-5.60000e+00 -2.00000e+00       2.644e+06  2.638327e-01  0.000000e+00 -5.430539e-01  7.361673e-01
-4.90000e+00 -2.00000e+00       3.268e+07  3.377579e-01  0.000000e+00 -4.946702e-01  6.622421e-01
-4.20000e+00 -2.00000e+00       1.953e+08  4.381395e-01  0.000000e+00 -4.085898e-01  5.618605e-01
-3.50000e+00 -2.00000e+00       6.983e+08  5.238311e-01  0.000000e+00 -3.014729e-01  4.761689e-01
-2.80000e+00 -2.00000e+00       1.685e+09  5.724915e-01  0.000000e+00 -1.963670e-01  4.275085e-01
-2.10000e+00 -2.00000e+00       3.110e+09  5.887291e-01  0.000000e+00 -1.142636e-01  4.112709e-01
-1.40000e+00 -2.00000e+00       4.894e+09  5.994564e-01  0.000000e+00 -6.757525e-02  4.005436e-01
-7.00000e-01 -2.00000e+00       7.105e+09  6.384064e-01  0.000000e+00 -3.478242e-02  3.615936e-01
 0.00000e+00 -2.00000e+00       8.404e+09  6.610062e-01  0.000000e+00  1.457794e-15  3.389938e-01
 7.00000e-01 -2.00000e+00       7.105e+09  6.384064e-01  0.000000e+00  3.478242e-02  3.615936e-01
 1.40000e+00 -2.00000e+00       4.894e+09  5.994564e-01  0.000000e+00  6.757525e-02  4.005436e-01
 2.10000e+00 -2.00000e+00       3.110e+09  5.887291e-01  0.000000e+00  1.142636e-01  4.112709e-01
 2.80000e+00 -2.00000e+00       1.685e+09  5.724915e-01  0.000000e+00  1.963670e-01  4.275085e-01
 3.50000e+00 -2.00000e+00       6.983e+08  5.238311e-01  0.000000e+00  3.014729e-01  4.761689e-01
 4.20000e+00 -2.00000e+00       1.953e+08  4.381395e-01  0.000000e+00  4.085898e-01  5.618605e-01
 4.90000e+00 -2.00000e+00       3.268e+07  3.377579e-01  0.000000e+00  4.946702e-01  6.622421e-01
 5.60000e+00 -2.00000e+00       2.644e+06  2.638327e-01  0.000000e+00  5.430539e-01  7.361673e-01
 6.30000e+00 -2.00000e+00       8.259e+04  2.209994e-01  0.000000e+00  5.650601e-01  7.790006e-01
 7.00000e+00 -2.00000e+00       9.022e+02  1.895221e-01  0.000000e+00  5.258622e-01  8.104779e-01
-7.00000e+00 -1.60000e+00       1.845e+03  2.821471e-01  0.000000e+00 -5.236638e-01  7.178529e-01
-6.30000e+00 -1.60000e+00       1.542e+05  3.027977e-01  0.000000e+00 -5.422380e-01  6.972023e-01
-5.60000e+00 -1.60000e+00       4.428e+06  3.452762e-01  0.000000e+00 -5.113131e-01  6.547238e-01
-4.90000e+00 -1.60000e+00       5.068e+07  4.260919e-01  0.000000e+00 -4.380852e-01  5.739081e-01
-4.20000e+00 -1.60000e+00       3.110e+08  5.237942e-01  0.000000e+00 -3.072244e-01  4.762058e-01
-3.50000e+00 -1.60000e+00       1.379e+09  5.738230e-01  0.000000e+00 -1.633066e-01  4.261770e-01
-2.80000e+00 -1.60000e+00       4.728e+09  5.643599e-01  0.000000e+00 -7.874679e-02  4.356401e-01
-2.10000e+00 -1.60000e+00       1.180e+10  5.140460e-01  0.000000e+00 -6.130343e-02  4.859540e-01
-1.40000e+00 -1.60000e+00       2.204e+10  4.812414e-01  0.000000e+00 -5.499894e-02  5.187586e-01
-7.00000e-01 -1.60000e+00       3.178e+10  5.454913e-01  0.000000e+00 -1.711778e-02  4.545087e-01
 0.00000e+00 -1.60000e+00       3.545e+10  5.972799e-01  0.000000e+00  1.990745e-14  4.027201e-01
 7.00000e-01 -1.60000e+00       3.178e+10  5.454913e-01  0.000000e+00  1.711778e-02  4.545087e-01
 1.40000e+00 -1.60000e+00       2.204e+10  4.812414e-01  0.000000e+00  5.499894e-02  5.187586e-01
 2.10000e+00 -1.60000e+00       1.180e+10  5.140460e-01  0.000000e+00  6.130343e-02  4.859540e-01
 2.80000e+00 -1.60000e+00       4.728e+09  5.643599e-01  0.000000e+00  7.874679e-02  4.356401e-01
 3.50000e+00 -1.60000e+00       1.379e+09  5.738230e-01  0.000000e+00  1.633066e-01  4.261770e-01
 4.20000e+00 -1.60000e+00       3.110e+08  5.237942e-01  0.000000e+00  3.072244e-01  4.762058e-01
 4.90000e+00 -1.60000e+00       5.068e+07  4.260919e-01  0.000000e+00  4.380852e-01  5.739081e-01
 5.60000e+00 -1.60000e+00       4.428e+06  3.452762e-01  0.000000e+00  5.113131e-01  6.547238e-01
 6.30000e+00 -1.60000e+00       1.542e+05  3.027977e-01  0.000000e+00  5.422380e-01  6.972023e-01
 7.00000e+00 -1.60000e+00       1.845e+03  2.821471e-01  0.000000e+00  5.236638e-01  7.178529e-01
-7.00000e+00 -1.20000e+00       1.722e+03  6.601231e-01  0.000000e+00 -1.107760e-01  3.398769e-01
-6.30000e+00 -1.20000e+00       1.963e+05  6.620302e-01  0.000000e+00 -7.364251e-02  3.379698e-01
-5.60000e+00 -1.20000e+00       9.895e+06  6.333172e-01  0.000000e+00 -6.728070e-02  3.666828e-01
-4.90000e+00 -1.20000e+00       2.345e+08  6.265243e-01  0.000000e+00 -6.390151e-02  3.734757e-01
-4.20000e+00 -1.20000e+00       2.897e+09  6.317204e-01  0.000000e+00 -3.866752e-02  3.682796e-01
-3.50000e+00 -1.20000e+00       2.065e+10  6.320447e-01  0.000000e+00 -2.056281e-02  3.679553e-01
-2.80000e+00 -1.20000e+00       8.996e+10  6.216330e-01  0.000000e+00 -2.783493e-02  3.783670e-01
-2.10000e+00 -1.20000e+00       2.451e+11  5.711043e-01  0.000000e+00 -6.823451e-02  4.288957e-01
-1.40000e+00 -1.20000e+00       4.250e+11  4.748680e-01  0.000000e+00 -8.108974e-02  5.251320e-01
-7.00000e-01 -1.20000e+00       4.837e+11  4.325181e-01  0.000000e+00  4.391005e-03  5.674819e-01
 0.00000e+00 -1.20000e+00       4.470e+11  4.538765e-01  0.000000e+00 -9.692022e-16  5.461235e-01
 7.00000e-01 -1.20000e+00       4.837e+11  4.325181e-01  0.000000e+00 -4.391005e-03  5.674819e-01
 1.40000e+00 -1.20000e+00       4.250e+11  4.748680e-01  0.000000e+00  8.108974e-02  5.251320e-01
 2.10000e+00 -1.20000e+00       2.451e+11  5.711043e-01  0.000000e+00  6.823451e-02  4.288957e-01
 2.80000e+00 -1.20000e+00       8.996e+10  6.216330e-01  0.000000e+00  2.783493e-02  3.783670e-01
 3.50000e+00 -1.20000e+00       2.065e+10  6.320447e-01  0.000000e+00  2.056281e-02  3.679553e-01
 4.20000e+00 -1.20000e+00       2.897e+09  6.317204e-01  0.000000e+00  3.866752e-02  3.682796e-01
 4.90000e+00 -1.20000e+00       2.345e+08  6.265243e-01  0.000000e+00  6.390151e-02  3.734757e-01
 5.60000e+00 -1.20000e+00       9.895e+06  6.333172e-01  0.000000e+00  6.728070e-02  3.666828e-01
 6.30000e+00 -1.20000e+00       1.963e+05  6.620302e-01  0.000000e+00  7.364251e-02  3.379698e-01
 7.00000e+00 -1.20000e+00       1.722e+03  6.601231e-01  0.000000e+00  1.107760e-01  3.398769e-01
-7.00000e+00 -8.00000e-01       3.813e+04  7.089375e-01  0.000000e+00  3.366142e-02  2.910625e-01
-6.30000e+00 -8.00000e-01       3.627e+06  7.303393e-01  0.000000e+00 -7.030914e-02  2.696607e-01
-5.60000e+00 -8.00000e-01       1.689e+08  7.816094e-01  0.000000e+00 -6.604858e-02  2.183906e-01
-4.90000e+00 -8.00000e-01       3.676e+09  7.974495e-01  0.000000e+00 -2.195507e-02  2.025505e-01
-4.20000e+00 -8.00000e-01       4.098e+10  7.919670e-01  0.000000e+00 -6.426009e-03  2.080330e-01
-3.50000e+00 -8.00000e-01       2.625e+11  7.908860e-01  0.000000e+00 -8.301531e-03  2.091140e-01
-2.80000e+00 -8.00000e-01       1.039e+12  7.943947e-01  0.000000e+00 -1.804898e-02  2.056053e-01
-2.10000e+00 -8.00000e-01       2.716e+12  7.978272e-01  0.000000e+00 -6.441188e-02  2.021728e-01
-1.40000e+00 -8.00000e-01       4.604e+12  7.782109e-01  0.000000e+00 -1.315059e-01  2.217891e-01
-7.00000e-01 -8.00000e-01       4.584e+12  7.121942e-01  0.000000e+00 -1.224840e-01  2.878058e-01
 0.00000e+00 -8.00000e-01       3.641e+12  6.462374e-01  0.000000e+00 -1.045378e-15  3.537626e-01
 7.00000e-01 -8.00000e-01       4.584e+12  7.121942e-01  0.000000e+00  1.224840e-01  2.878058e-01
 1.40000e+00 -8.00000e-01       4.604e+12  7.782109e-01  0.000000e+00  1.315059e-01  2.217891e-01
 2.10000e+00 -8.00000e-01       2.716e+12  7.978272e-01  0.000000e+00  6.441188e-02  2.021728e-01
 2.80000e+00 -8.00000e-01       1.039e+12  7.943947e-01  0.000000e+00  1.804898e-02  2.056053e-01
 3.50000e+00 -8.00000e-01       2.625e+11  7.908860e-01  0.000000e+00  8.301531e-03  2.091140e-01
 4.20000e+00 -8.00000e-01       4.098e+10  7.919670e-01  0.000000e+00  6.426009e-03  2.080330e-01
 4.90000e+00 -8.00000e-01       3.676e+09  7.974495e-01  0.000000e+00  2.195507e-02  2.025505e-01
 5.60000e+00 -8.00000e-01       1.689e+08  7.816094e-01  0.000000e+00  6.604858e-02  2.183906e-01
 6.30000e+00 -8.00000e-01       3.627e+06  7.303393e-01  0.000000e+00  7.030914e-02  2.696607e-01
 7.00000e+00 -8.00000e-01       3.813e+04  7.089375e-01  0.000000e+00 -3.366142e-02  2.910625e-01
-7.00000e+00 -4.00000e-01       3.290e+05  9.583040e-01  0.000000e+00  5.226033e-02  4.169597e-02
-6.30000e+00 -4.00000e-01       2.310e+07  9.345568e-01  0.000000e+00  5.599410e-02  6.544321e-02
-5.60000e+00 -4.00000e-01       8.695e+08  9.254218e-01  0.000000e+00  5.222551e-03  7.457819e-02
-4.90000e+00 -4.00000e-01       1.831e+10  9.340335e-01  0.000000e+00 -1.848952e-02  6.596651e-02
-4.20000e+00 -4.00000e-01       1.967e+11  9.387508e-01  0.000000e+00 -9.999854e-03  6.124924e-02
-3.50000e+00 -4.00000e-01       1.151e+12  9.384026e-01  0.000000e+00 -4.124791e-03  6.159738e-02
-2.80000e+00 -4.00000e-01       4.191e+12  9.394181e-01  0.000000e+00  6.133699e-04  6.058189e-02
-2.10000e+00 -4.00000e-01       1.054e+13  9.448816e-01  0.000000e+00  1.671959e-02  5.511835e-02
-1.40000e+00 -4.00000e-01       1.796e+13  9.496889e-01  0.000000e+00  3.850051e-02  5.031106e-02
-7.00000e-01 -4.00000e-01       1.677e+13  9.387159e-01  0.000000e+00  4.751305e-02  6.128408e-02
 0.00000e+00 -4.00000e-01       1.173e+13  9.171464e-01  0.000000e+00 -4.082527e-16  8.285363e-02
 7.00000e-01 -4.00000e-01       1.677e+13  9.387159e-01  0.000000e+00 -4.751305e-02  6.128408e-02
 1.40000e+00 -4.00000e-01       1.796e+13  9.496889e-01  0.000000e+00 -3.850051e-02  5.031106e-02
 2.10000e+00 -4.00000e-01       1.054e+13  9.448816e-01  0.000000e+00 -1.671959e-02  5.511835e-02
 2.80000e+00 -4.00000e-01       4.191e+12  9.394181e-01  0.000000e+00 -6.133699e-04  6.058189e-02
 3.50000e+00 -4.00000e-01       1.151e+12  9.384026e-01  0.000000e+00  4.124791e-03  6.159738e-02
 4.20000e+00 -4.00000e-01       1.967e+11  9.387508e-01  0.000000e+00  9.999854e-03  6.124924e-02
 4.90000e+00 -4.00000e-01       1.831e+10  9.340335e-01  0.000000e+00  1.848952e-02  6.596651e-02
 5.60000e+00 -4.00000e-01       8.695e+08  9.254218e-01  0.000000e+00 -5.222551e-03  7.457819e-02
 6.30000e+00 -4.00000e-01       2.310e+07  9.345568e-01  0.000000e+00 -5.599410e-02  6.544321e-02
 7.00000e+00 -4.00000e-01       3.290e+05  9.583040e-01  0.000000e+00 -5.226033e-02  4.169598e-02
-7.00000e+00  0.00000e+00       7.104e+05  9.999790e-01  0.000000e+00 -2.207227e-13  2.097608e-05
-6.30000e+00  0.00000e+00       4.779e+07  9.999657e-01  0.000000e+00 -1.300681e-14  3.425854e-05
-5.60000e+00  0.00000e+00       1.621e+09  9.999551e-01  0.000000e+00 -5.338504e-15  4.489482e-05
-4.90000e+00  0.00000e+00       3.257e+10  9.999601e-01  0.000000e+00 -6.860638e-14  3.990746e-05
-4.20000e+00  0.00000e+00       3.436e+11  9.999656e-01  0.000000e+00 -4.778134e-13  3.436264e-05
-3.50000e+00  0.00000e+00       1.833e+12  9.999622e-01  0.000000e+00 -1.982704e-12  3.784425e-05
-2.80000e+00  0.00000e+00       5.759e+12  9.999544e-01  0.000000e+00 -4.228129e-12  4.558713e-05
-2.10000e+00  0.00000e+00       1.237e+13  9.999440e-01  0.000000e+00 -3.938287e-12  5.597912e-05
-1.40000e+00  0.00000e+00       2.034e+13  9.999263e-01  0.000000e+00 -1.171216e-12  7.367831e-05
-7.00000e-01  0.00000e+00       3.332e+13  9.999153e-01  0.000000e+00  1.979498e-13  8.474951e-05
 0.00000e+00  0.00000e+00       4.325e+13  9.999122e-01  0.000000e+00  6.853979e-18  8.784603e-05
 7.00000e-01  0.00000e+00       3.332e+13  9.999153e-01  0.000000e+00 -1.979289e-13  8.474951e-05
 1.40000e+00  0.00000e+00       2.034e+13  9.999263e-01  0.000000e+00  1.171233e-12  7.367831e-05
 2.10000e+00  0.00000e+00       1.237e+13  9.999440e-01  0.000000e+00  3.938290e-12  5.597912e-05
 2.80000e+00  0.00000e+00       5.759e+12  9.999544e-01  0.000000e+00  4.228118e-12  4.558713e-05
 3.50000e+00  0.00000e+00       1.833e+12  9.999622e-01  0.000000e+00  1.982678e-12  3.784425e-05
 4.20000e+00  0.00000e+00       3.436e+11  9.999656e-01  0.000000e+00  4.777888e-13  3.436264e-05
 4.90000e+00  0.00000e+00       3.257e+10  9.999601e-01  0.000000e+00  6.859992e-14  3.990746e-05
 5.60000e+00  0.00000e+00       1.621e+09  9.999551e-01  0.000000e+00  5.363941e-15  4.489482e-05
 6.30000e+00  0.00000e+00       4.779e+07  9.999657e-01  0.000000e+00  1.030102e-14  3.425854e-05
 7.00000e+00  0.00000e+00       7.104e+05  9.999790e-01  0.000000e+00  2.498651e-13  2.097608e-05
-7.00000e+00  4.00000e-01       3.290e+05  9.583040e-01  0.000000e+00 -5.226033e-02  4.169597e-02
-6.30000e+00  4.00000e-01       2.310e+07  9.345568e-01  0.000000e+00 -5.599410e-02  6.544321e-02
-5.60000e+00  4.00000e-01       8.695e+08  9.254218e-01  0.000000e+00 -5.222551e-03  7.457819e-02
-4.90000e+00  4.00000e-01       1.831e+10  9.340335e-01  0.000000e+00  1.848952e-02  6.596651e-02
-4.20000e+00  4.00000e-01       1.967e+11  9.387508e-01  0.000000e+00  9.999854e-03  6.124924e-02
-3.50000e+00  4.00000e-01       1.151e+12  9.384026e-01  0.000000e+00  4.124791e-03  6.159738e-02
-2.80000e+00  4.00000e-01       4.191e+12  9.394181e-01  0.000000e+00 -6.133699e-04  6.058189e-02
-2.10000e+00  4.00000e-01       1.054e+13  9.448816e-01  0.000000e+00 -1.671959e-02  5.511835e-02
-1.40000e+00  4.00000e-01       1.796e+13  9.496889e-01  0.000000e+00 -3.850051e-02  5.031106e-02
-7.00000e-01  4.00000e-01       1.677e+13  9.387159e-01  0.000000e+00 -4.751305e-02  6.128408e-02
 0.00000e+00  4.00000e-01       1.173e+13  9.171464e-01  0.000000e+00  4.035870e-16  8.285363e-02
 7.00000e-01  4.00000e-01       1.677e+13  9.387159e-01  0.000000e+00  4.751305e-02  6.128408e-02
 1.40000e+00  4.00000e-01       1.796e+13  9.496889e-01  0.000000e+00  3.850051e-02  5.031106e-02
 2.10000e+00  4.00000e-01       1.054e+13  9.448816e-01  0.000000e+00  1.671959e-02  5.511835e-02
 2.80000e+00  4.00000e-01       4.191e+12  9.394181e-01  0.000000e+00  6.133699e-04  6.058189e-02
 3.50000e+00  4.00000e-01       1.151e+12  9.384026e-01  0.000000e+00 -4.124791e-03  6.159738e-02
 4.20000e+00  4.00000e-01       1.967e+11  9.387508e-01  0.000000e+00 -9.999854e-03  6.124924e-02
 4.90000e+00  4.00000e-01       1.831e+10  9.340335e-01  0.000000e+00 -1.848952e-02  6.596651e-02
 5.60000e+00  4.00000e-01       8.695e+08  9.254218e-01  0.000000e+00  5.222551e-03  7.457819e-02
 6.30000e+00  4.00000e-01       2.310e+07  9.345568e-01  0.000000e+00  5.599410e-02  6.544321e-02
 7.00000e+00  4.00000e-01       3.290e+05  9.583040e-01  0.000000e+00  5.226033e-02  4.169598e-02
-7.00000e+00  8.00000e-01       3.813e+04  7.089375e-01  0.000000e+00 -3.366142e-02  2.910625e-01
-6.30000e+00  8.00000e-01       3.627e+06  7.303393e-01  0.000000e+00  7.030914e-02  2.696607e-01
-5.60000e+00  8.00000e-01       1.689e+08  7.816094e-01  0.000000e+00  6.604858e-02  2.183906e-01
-4.90000e+00  8.00000e-01       3.676e+09  7.974495e-01  0.000000e+00  2.195507e-02  2.025505e-01
-4.20000e+00  8.00000e-01       4.098e+10  7.919670e-01  0.000000e+00  6.426009e-03  2.080330e-01
-3.50000e+00  8.00000e-01       2.625e+11  7.908860e-01  0.000000e+00  8.301531e-03  2.091140e-01
-2.80000e+00  8.00000e-01       1.039e+12  7.943947e-01  0.000000e+00  1.804898e-02  2.056053e-01
-2.10000e+00  8.00000e-01       2.716e+12  7.978272e-01  0.000000e+00  6.441188e-02  2.021728e-01
-1.40000e+00  8.00000e-01       4.604e+12  7.782109e-01  0.000000e+00  1.315059e-01  2.217891e-01
-7.00000e-01  8.00000e-01       4.584e+12  7.121942e-01  0.000000e+00  1.224840e-01  2.878058e-01
 0.00000e+00  8.00000e-01       3.641e+12  6.462374e-01  0.000000e+00  1.018420e-14  3.537626e-01
 7.00000e-01  8.00000e-01       4.584e+12  7.121942e-01  0.000000e+00 -1.224840e-01  2.878058e-01
 1.40000e+00  8.00000e-01       4.604e+12  7.782109e-01  0.000000e+00 -1.315059e-01  2.217891e-01
 2.10000e+00  8.00000e-01       2.716e+12  7.978272e-01  0.000000e+00 -6.441188e-02  2.021728e-01
 2.80000e+00  8.00000e-01       1.039e+12  7.943947e-01  0.000000e+00 -1.804898e-02  2.056053e-01
 3.50000e+00  8.00000e-01       2.625e+11  7.908860e-01  0.000000e+00 -8.301531e-03  2.091140e-01
 4.20000e+00  8.00000e-01       4.098e+10  7.919670e-01  0.000000e+00 -6.426009e-03  2.080330e-01
 4.90000e+00  8.00000e-01       3.676e+09  7.974495e-01  0.000000e+00 -2.195507e-02  2.025505e-01
 5.60000e+00  8.00000e-01       1.689e+08  7.816094e-01  0.000000e+00 -6.604858e-02  2.183906e-01
 6.30000e+00  8.00000e-01       3.627e+06  7.303393e-01  0.000000e+00 -7.030914e-02  2.696607e-01
 7.00000e+00  8.00000e-01       3.813e+04  7.089375e-01  0.000000e+00  3.366142e-02  2.910625e-01
-7.00000e+00  1.20000e+00       1.722e+03  6.601231e-01  0.000000e+00  1.107760e-01  3.398769e-01
-6.30000e+00  1.20000e+00       1.963e+05  6.620302e-01  0.000000e+00  7.364251e-02  3.379698e-01
-5.60000e+00  1.20000e+00       9.895e+06  6.333172e-01  0.000000e+00  6.728070e-02  3.666828e-01
-4.90000e+00  1.20000e+00       2.345e+08  6.265243e-01  0.000000e+00  6.390151e-02  3.734757e-01
-4.20000e+00  1.20000e+00       2.897e+09  6.317204e-01  0.000000e+00  3.866752e-02  3.682796e-01
-3.50000e+00  1.20000e+00       2.065e+10  6.320447e-01  0.000000e+00  2.056281e-02  3.679553e-01
-2.80000e+00  1.20000e+00       8.996e+10  6.216330e-01  0.000000e+00  2.783493e-02  3.783670e-01
-2.10000e+00  1.20000e+00       2.451e+11  5.711043e-01  0.000000e+00  6.823451e-02  4.288957e-01
-1.40000e+00  1.20000e+00       4.250e+11  4.748680e-01  0.000000e+00  8.108974e-02  5.251320e-01
-7.00000e-01  1.20000e+00       4.837e+11  4.325181e-01  0.000000e+00 -4.391005e-03  5.674819e-01
 0.00000e+00  1.20000e+00       4.470e+11  4.538765e-01  0.000000e+00  5.218828e-15  5.461235e-01
 7.00000e-01  1.20000e+00       4.837e+11  4.325181e-01  0.000000e+00  4.391005e-03  5.674819e-01
 1.40000e+00  1.20000e+00       4.250e+11  4.748680e-01  0.000000e+00 -8.108974e-02  5.251320e-01
 2.10000e+00  1.20000e+00       2.451e+11  5.711043e-01  0.000000e+00 -6.823451e-02  4.288957e-01
 2.80000e+00  1.20000e+00       8.996e+10  6.216330e-01  0.000000e+00 -2.783493e-02  3.783670e-01
 3.50000e+00  1.20000e+00       2.065e+10  6.320447e-01  0.000000e+00 -2.056281e-02  3.679553e-01
 4.20000e+00  1.20000e+00       2.897e+09  6.317204e-01  0.000000e+00 -3.866752e-02  3.682796e-01
 4.90000e+00  1.20000e+00       2.345e+08  6.265243e-01  0.000000e+00 -6.390151e-02  3.734757e-01
 5.60000e+00  1.20000e+00       9.895e+06  6.333172e-01  0.000000e+00 -6.728070e-02  3.666828e-01
 6.30000e+00  1.20000e+00       1.963e+05  6.620302e-01  0.000000e+00 -7.364251e-02  3.379698e-01
 7.00000e+00  1.20000e+00       1.722e+03  6.601231e-01  0.000000e+00 -1.107760e-01  3.398769e-01
-7.00000e+00  1.60000e+00       1.845e+03  2.821471e-01  0.000000e+00  5.236638e-01  7.178529e-01
-6.30000e+00  1.60000e+00       1.542e+05  3.027977e-01  0.000000e+00  5.422380e-01  6.972023e-01
-5.60000e+00  1.60000e+00       4.428e+06  3.452762e-01  0.000000e+00  5.113131e-01  6.547238e-01
-4.90000e+00  1.60000e+00       5.068e+07  4.260919e-01  0.000000e+00  4.380852e-01  5.739081e-01
-4.20000e+00  1.60000e+00       3.110e+08  5.237942e-01  0.000000e+00  3.072244e-01  4.762058e-01
-3.50000e+00  1.60000e+00       1.379e+09  5.738230e-01  0.000000e+00  1.633065e-01  4.261770e-01
-2.80000e+00  1.60000e+00       4.728e+09  5.643599e-01  0.000000e+00  7.874678e-02  4.356401e-01
-2.10000e+00  1.60000e+00       1.180e+10  5.140460e-01  0.000000e+00  6.130342e-02  4.859540e-01
-1.40000e+00  1.60000e+00       2.204e+10  4.812414e-01  0.000000e+00  5.499893e-02  5.187586e-01
-7.00000e-01  1.60000e+00       3.178e+10  5.454913e-01  0.000000e+00  1.711778e-02  4.545087e-01
 0.00000e+00  1.60000e+00       3.545e+10  5.972799e-01  0.000000e+00 -2.030242e-14  4.027201e-01
 7.00000e-01  1.60000e+00       3.178e+10  5.454913e-01  0.000000e+00 -1.711778e-02  4.545087e-01
 1.40000e+00  1.60000e+00       2.204e+10  4.812414e-01  0.000000e+00 -5.499893e-02  5.187586e-01
 2.10000e+00  1.60000e+00       1.180e+10  5.140460e-01  0.000000e+00 -6.130342e-02  4.859540e-01
 2.80000e+00  1.60000e+00       4.728e+09  5.643599e-01  0.000000e+00 -7.874678e-02  4.356401e-01
 3.50000e+00  1.60000e+00       1.379e+09  5.738230e-01  0.000000e+00 -1.633065e-01  4.261770e-01
 4.20000e+00  1.60000e+00       3.110e+08  5.237942e-01  0.000000e+00 -3.072244e-01  4.762058e-01
 4.90000e+00  1.60000e+00       5.068e+07  4.260919e-01  0.000000e+00 -4.380852e-01  5.739081e-01
 5.60000e+00  1.60000e+00       4.428e+06  3.452762e-01  0.000000e+00 -5.113131e-01  6.547238e-01
 6.30000e+00  1.60000e+00       1.542e+05  3.027977e-01  0.000000e+00 -5.422380e-01  6.972023e-01
 7.00000e+00  1.60000e+00       1.845e+03  2.821471e-01  0.000000e+00 -5.236638e-01  7.178529e-01
-7.00000e+00  2.00000e+00       9.022e+02  1.895221e-01  0.000000e+00  5.258622e-01  8.104779e-01
-6.30000e+00  2.00000e+00       8.259e+04  2.209994e-01  0.000000e+00  5.650601e-01  7.790006e-01
-5.60000e+00  2.00000e+00       2.644e+06  2.638327e-01  0.000000e+00  5.430539e-01  7.361673e-01
-4.90000e+00  2.00000e+00       3.268e+07  3.377579e-01  0.000000e+00  4.946702e-01  6.622421e-01
-4.20000e+00  2.00000e+00       1.953e+08  4.381395e-01  0.000000e+00  4.085898e-01  5.618605e-01
-3.50000e+00  2.00000e+00       6.983e+08  5.238311e-01  0.000000e+00  3.014729e-01  4.761689e-01
-2.80000e+00  2.00000e+00       1.685e+09  5.724916e-01  0.000000e+00  1.963669e-01  4.275084e-01
-2.10000e+00  2.00000e+00       3.110e+09  5.887291e-01  0.000000e+00  1.142635e-01  4.112709e-01
-1.40000e+00  2.00000e+00       4.894e+09  5.994564e-01  0.000000e+00  6.757523e-02  4.005436e-01
-7.00000e-01  2.00000e+00       7.105e+09  6.384064e-01  0.000000e+00  3.478242e-02  3.615936e-01
 0.00000e+00  2.00000e+00       8.404e+09  6.610062e-01  0.000000e+00 -2.029617e-15  3.389938e-01
 7.00000e-01  2.00000e+00       7.105e+09  6.384064e-01  0.000000e+00 -3.478242e-02  3.615936e-01
 1.40000e+00  2.00000e+00       4.894e+09  5.994564e-01  0.000000e+00 -6.757523e-02  4.005436e-01
 2.10000e+00  2.00000e+00       3.110e+09  5.887291e-01  0.000000e+00 -1.142635e-01  4.112709e-01
 2.80000e+00  2.00000e+00       1.685e+09  5.724916e-01  0.000000e+00 -1.963669e-01  4.275084e-01
 3.50000e+00  2.00000e+00       6.983e+08  5.238311e-01  0.000000e+00 -3.014729e-01  4.761689e-01
 4.20000e+00  2.00000e+00       1.953e+08  4.381395e-01  0.000000e+00 -4.085898e-01  5.618605e-01
 4.90000e+00  2.00000e+00       3.268e+07  3.377579e-01  0.000000e+00 -4.946702e-01  6.622421e-01
 5.60000e+00  2.00000e+00       2.644e+06  2.638327e-01  0.000000e+00 -5.430539e-01  7.361673e-01
 6.30000e+00  2.00000e+00       8.259e+04  2.209994e-01  0.000000e+00 -5.650601e-01  7.790006e-01
 7.00000e+00  2.00000e+00       9.022e+02  1.895221e-01  0.000000e+00 -5.258622e-01  8.104779e-01
-7.00000e+00  2.40000e+00       7.485e+01  8.461120e-02  0.000000e+00 -9.233898e-02  9.153888e-01
-6.30000e+00  2.40000e+00       9.232e+03  3.259964e-01  0.000000e+00  5.020169e-01  6.740036e-01
-5.60000e+00  2.40000e+00       6.105e+05  3.478046e-01  0.000000e+00  4.938162e-01  6.521954e-01
-4.90000e+00  2.40000e+00       1.350e+07  3.691695e-01  0.000000e+00  4.715907e-01  6.308305e-01
-4.20000e+00  2.40000e+00       1.121e+08  4.066949e-01  0.000000e+00  4.251753e-01  5.933051e-01
-3.50000e+00  2.40000e+00       4.403e+08  4.652539e-01  0.000000e+00  3.396206e-01  5.347461e-01
-2.80000e+00  2.40000e+00       1.068e+09  5.220994e-01  0.000000e+00  2.348134e-01  4.779006e-01
-2.10000e+00  2.40000e+00       1.849e+09  5.515652e-01  0.000000e+00  1.464455e-01  4.484348e-01
-1.40000e+00  2.40000e+00       2.621e+09  5.766515e-01  0.000000e+00  8.588484e-02  4.233485e-01
-7.00000e-01  2.40000e+00       3.416e+09  6.481138e-01  0.000000e+00  4.421261e-02  3.518862e-01
 0.00000e+00  2.40000e+00       3.796e+09  6.963594e-01  0.000000e+00 -1.409573e-16  3.036406e-01
 7.00000e-01  2.40000e+00       3.416e+09  6.481138e-01  0.000000e+00 -4.421261e-02  3.518862e-01
 1.40000e+00  2.40000e+00       2.621e+09  5.766515e-01  0.000000e+00 -8.588484e-02  4.233485e-01
 2.10000e+00  2.40000e+00       1.849e+09  5.515652e-01  0.000000e+00 -1.464455e-01  4.484348e-01
 2.80000e+00  2.40000e+00       1.068e+09  5.220994e-01  0.000000e+00 -2.348134e-01  4.779006e-01
 3.50000e+00  2.40000e+00       4.403e+08  4.652539e-01  0.000000e+00 -3.396206e-01  5.347461e-01
 4.20000e+00  2.40000e+00       1.121e+08  4.066949e-01  0.000000e+00 -4.251753e-01  5.933051e-01
 4.90000e+00  2.40000e+00       1.350e+07  3.691695e-01  0.000000e+00 -4.715907e-01  6.308305e-01
 5.60000e+00  2.40000e+00       6.105e+05  3.478046e-01  0.000000e+00 -4.938162e-01  6.521954e-01
 6.30000e+00  2.40000e+00       9.232e+03  3.259964e-01  0.000000e+00 -5.020169e-01  6.740036e-01
 7.00000e+00  2.40000e+00       7.485e+01  8.461120e-02  0.000000e+00  9.233898e-02  9.153888e-01
-7.00000e+00  2.80000e+00       1.972e+01 -4.273443e-01  0.000000e+00 -1.006150e+00  5.726557e-01
-6.30000e+00  2.80000e+00       1.018e+02  6.428996e-01  0.000000e+00 -3.251844e-01  3.571004e-01
-5.60000e+00  2.80000e+00       2.878e+03  9.183150e-01  0.000000e+00 -8.008870e-02  8.168497e-02
-4.90000e+00  2.80000e+00       5.160e+04  6.697338e-01  0.000000e+00  1.515926e-01  3.302662e-01
-4.20000e+00  2.80000e+00       1.624e+06  3.065454e-01  0.000000e+00  3.197694e-01  6.934546e-01
-3.50000e+00  2.80000e+00       4.136e+07  5.091505e-01  0.000000e+00  2.093437e-01  4.908495e-01
-2.80000e+00  2.80000e+00       2.962e+08  5.401260e-01  0.000000e+00  1.715682e-01  4.598740e-01
-2.10000e+00  2.80000e+00       9.013e+08  5.447786e-01  0.000000e+00  1.354619e-01  4.552214e-01
-1.40000e+00  2.80000e+00       1.631e+09  5.655074e-01  0.000000e+00  9.212688e-02  4.344926e-01
-7.00000e-01  2.80000e+00       2.507e+09  6.329509e-01  0.000000e+00  4.337134e-02  3.670491e-01
 0.00000e+00  2.80000e+00       3.052e+09  6.685318e-01  0.000000e+00 -2.162473e-16  3.314682e-01
 7.00000e-01  2.80000e+00       2.507e+09  6.329509e-01  0.000000e+00 -4.337134e-02  3.670491e-01
 1.40000e+00  2.80000e+00       1.631e+09  5.655074e-01  0.000000e+00 -9.212688e-02  4.344926e-01
 2.10000e+00  2.80000e+00       9.013e+08  5.447786e-01  0.000000e+00 -1.354619e-01  4.552214e-01
 2.80000e+00  2.80000e+00       2.962e+08  5.401260e-01  0.000000e+00 -1.715682e-01  4.598740e-01
 3.50000e+00  2.80000e+00       4.136e+07  5.091505e-01  0.000000e+00 -2.093437e-01  4.908495e-01
 4.20000e+00  2.80000e+00       1.624e+06  3.065454e-01  0.000000e+00 -3.197694e-01  6.934546e-01
 4.90000e+00  2.80000e+00       5.160e+04  6.697338e-01  0.000000e+00 -1.515926e-01  3.302662e-01
 5.60000e+00  2.80000e+00       2.878e+03  9.183150e-01  0.000000e+00  8.008870e-02  8.168497e-02
 6.30000e+00  2.80000e+00       1.018e+02  6.428996e-01  0.000000e+00  3.251844e-01  3.571004e-01
 7.00000e+00  2.80000e+00       1.972e+01 -4.273443e-01  0.000000e+00  1.006150e+00  5.726557e-01
-7.00000e+00  3.20000e+00       1.619e+01 -5.646463e-01  0.000000e+00 -9.472183e-01  4.353537e-01
-6.30000e+00  3.20000e+00       8.310e+01  5.551747e-01  0.000000e+00 -2.705068e-01  4.448253e-01
-5.60000e+00  3.20000e+00       2.309e+03  9.408618e-01  0.000000e+00 -5.049185e-02  5.913816e-02
-4.90000e+00  3.20000e+00       6.069e+04  9.609153e-01  0.000000e+00 -1.428006e-02  3.908467e-02
-4.20000e+00  3.20000e+00       5.261e+05  9.704448e-01  0.000000e+00 -6.265105e-03  2.955523e-02
-3.50000e+00  3.20000e+00       7.260e+05  9.945458e-01  0.000000e+00 -1.129342e-02  5.454238e-03
-2.80000e+00  3.20000e+00       2.172e+07  9.377583e-01  0.000000e+00  1.173207e-02  6.224175e-02
-2.10000e+00  3.20000e+00       9.533e+07  8.295975e-01  0.000000e+00  4.458588e-02  1.704025e-01
-1.40000e+00  3.20000e+00       3.125e+08  7.710183e-01  0.000000e+00  6.314539e-02  2.289817e-01
-7.00000e-01  3.20000e+00       8.753e+08  8.065584e-01  0.000000e+00  3.323755e-02  1.934416e-01
 0.00000e+00  3.20000e+00       1.306e+09  8.173754e-01  0.000000e+00 -4.699915e-16  1.826246e-01
 7.00000e-01  3.20000e+00       8.753e+08  8.065584e-01  0.000000e+00 -3.323755e-02  1.934416e-01
 1.40000e+00  3.20000e+00       3.125e+08  7.710183e-01  0.000000e+00 -6.314539e-02  2.289817e-01
 2.10000e+00  3.20000e+00       9.533e+07  8.295975e-01  0.000000e+00 -4.458588e-02  1.704025e-01
 2.80000e+00  3.20000e+00       2.172e+07  9.377583e-01  0.000000e+00 -1.173207e-02  6.224175e-02
 3.50000e+00  3.20000e+00       7.260e+05  9.945458e-01  0.000000e+00  1.129342e-02  5.454238e-03
 4.20000e+00  3.20000e+00       5.261e+05  9.704448e-01  0.000000e+00  6.265105e-03  2.955523e-02
 4.90000e+00  3.20000e+00       6.069e+04  9.609153e-01  0.000000e+00  1.428006e-02  3.908467e-02
 5.60000e+00  3.20000e+00       2.309e+03  9.408618e-01  0.000000e+00  5.049185e-02  5.913816e-02
 6.30000e+00  3.20000e+00       8.310e+01  5.551747e-01  0.000000e+00  2.705068e-01  4.448253e-01
 7.00000e+00  3.20000e+00       1.619e+01 -5.646463e-01  0.000000e+00  9.472183e-01  4.353537e-01
-7.00000e+00  3.60000e+00       2.000e+01 -6.516290e-01  0.000000e+00 -8.647836e-01  3.483710e-01
-6.30000e+00  3.60000e+00       7.319e+01  4.223921e-01  0.000000e+00 -2.852054e-01  5.776079e-01
-5.60000e+00  3.60000e+00       1.869e+03  9.655245e-01  0.000000e+00 -3.177323e-02  3.447546e-02
-4.90000e+00  3.60000e+00       5.005e+04  9.704759e-01  0.000000e+00 -7.424994e-03  2.952410e-02
-4.20000e+00  3.60000e+00       4.383e+05  9.735063e-01  0.000000e+00 -3.474016e-03  2.649369e-02
-3.50000e+00  3.60000e+00       5.706e+05  9.333071e-01  0.000000e+00 -1.968230e-02  6.669291e-02
-2.80000e+00  3.60000e+00       1.587e+07  9.966623e-01  0.000000e+00 -1.869440e-04  3.337687e-03
-2.10000e+00  3.60000e+00       5.464e+07  9.839202e-01  0.000000e+00  1.937341e-02  1.607979e-02
-1.40000e+00  3.60000e+00       1.837e+08  8.863230e-01  0.000000e+00  4.043734e-02  1.136770e-01
-7.00000e-01  3.60000e+00       6.915e+08  8.224447e-01  0.000000e+00  2.051685e-02  1.775553e-01
 0.00000e+00  3.60000e+00       1.127e+09  8.051551e-01  0.000000e+00 -3.005109e-16  1.948449e-01
 7.00000e-01  3.60000e+00       6.915e+08  8.224447e-01  0.000000e+00 -2.051685e-02  1.775553e-01
 1.40000e+00  3.60000e+00       1.837e+08  8.863230e-01  0.000000e+00 -4.043734e-02  1.136770e-01
 2.10000e+00  3.60000e+00       5.464e+07  9.839202e-01  0.000000e+00 -1.937341e-02  1.607979e-02
 2.80000e+00  3.60000e+00       1.587e+07  9.966623e-01  0.000000e+00  1.869440e-04  3.337687e-03
 3.50000e+00  3.60000e+00       5.706e+05  9.333071e-01  0.000000e+00  1.968230e-02  6.669291e-02
 4.20000e+00  3.60000e+00       4.383e+05  9.735063e-01  0.000000e+00  3.474016e-03  2.649369e-02
 4.90000e+00  3.60000e+00       5.005e+04  9.704759e-01  0.000000e+00  7.424994e-03  2.952410e-02
 5.60000e+00  3.60000e+00       1.869e+03  9.655245e-01  0.000000e+00  3.177323e-02  3.447546e-02
 6.30000e+00  3.60000e+00       7.319e+01  4.223921e-01  0.000000e+00  2.852054e-01  5.776079e-01
 7.00000e+00  3.60000e+00       2.000e+01 -6.516290e-01  0.000000e+00  8.647836e-01  3.483710e-01
-7.00000e+00  4.00000e+00       8.444e+00 -9.785465e-01  0.000000e+00 -7.409334e-01  2.145349e-02
-6.30000e+00  4.00000e+00       6.439e+01  4.260133e-01  0.000000e+00 -2.337076e-01  5.739867e-01
-5.60000e+00  4.00000e+00       1.594e+03  9.730647e-01  0.000000e+00 -2.496621e-02  2.693528e-02
-4.90000e+00  4.00000e+00       4.300e+04  9.736171e-01  0.000000e+00 -4.729675e-03  2.638288e-02
-4.20000e+00  4.00000e+00       3.777e+05  9.750748e-01  0.000000e+00 -2.196007e-03  2.492521e-02
-3.50000e+00  4.00000e+00       4.920e+05  9.345325e-01  0.000000e+00 -1.577035e-02  6.546750e-02
-2.80000e+00  4.00000e+00       1.375e+07  9.998951e-01  0.000000e+00  2.878009e-04  1.049041e-04
-2.10000e+00  4.00000e+00       4.958e+07  9.596601e-01  0.000000e+00  1.874165e-02  4.033989e-02
-1.40000e+00  4.00000e+00       1.763e+08  8.477338e-01  0.000000e+00  3.831141e-02  1.522662e-01
-7.00000e-01  4.00000e+00       6.274e+08  8.087474e-01  0.000000e+00  2.130045e-02  1.912526e-01
 0.00000e+00  4.00000e+00       9.908e+08  8.022250e-01  0.000000e+00 -3.654802e-16  1.977750e-01
 7.00000e-01  4.00000e+00       6.274e+08  8.087474e-01  0.000000e+00 -2.130045e-02  1.912526e-01
 1.40000e+00  4.00000e+00       1.763e+08  8.477338e-01  0.000000e+00 -3.831141e-02  1.522662e-01
 2.10000e+00  4.00000e+00       4.958e+07  9.596601e-01  0.000000e+00 -1.874165e-02  4.033989e-02
 2.80000e+00  4.00000e+00       1.375e+07  9.998951e-01  0.000000e+00 -2.878009e-04  1.049041e-04
 3.50000e+00  4.00000e+00       4.920e+05  9.345325e-01  0.000000e+00  1.577035e-02  6.546750e-02
 4.20000e+00  4.00000e+00       3.777e+05  9.750748e-01  0.000000e+00  2.196007e-03  2.492521e-02
 4.90000e+00  4.00000e+00       4.300e+04  9.736171e-01  0.000000e+00  4.729675e-03  2.638288e-02
 5.60000e+00  4.00000e+00       1.594e+03  9.730647e-01  0.000000e+00  2.496621e-02  2.693528e-02
 6.30000e+00  4.00000e+00       6.439e+01  4.260133e-01  0.000000e+00  2.337076e-01  5.739867e-01
 7.00000e+00  4.00000e+00       8.444e+00 -9.785437e-01  0.000000e+00  7.409353e-01  2.145628e-02
