 EB(GeV)    EMITTANCEx EMITTANCEy SIZEx(m)   SIZEy(m)   DIVx(rad)  DIVy(rad)
 2.411e+00  5.499e-09  1.017e-12  8.711e-05  1.009e-06  6.313e-05  1.009e-06
 betax      alphax     betay      alphay     eta        deta       E_spread  
 1.380e+00  0.000e+00  1.000e+00  0.000e+00  0.000e+00  0.000e+00  8.600e-04
 Ibeam(A)   period(cm) #periods   Kx         Ky         Energy(eV)
 4.005e-01  1.900e+00         96  0.000e+00  1.780e+00  2.122e+04


           x            y       F.Density            PL            PC          PL45        1-|PL|
          mm           mm  ph/s/mr^2/0.1%             -             -             -             -
-7.00000e+00 -4.00000e+00       2.864e+02  2.374159e-02  0.000000e+00  1.203754e-01  9.762584e-01
-6.30000e+00 -4.00000e+00       1.609e+03  5.871047e-01  0.000000e+00  1.107936e-01  4.128953e-01
-5.60000e+00 -4.00000e+00       3.038e+05  9.956981e-01  0.000000e+00  1.083864e-02  4.301947e-03
-4.90000e+00 -4.00000e+00       6.508e+06  9.877819e-01  0.000000e+00  6.613126e-03  1.221812e-02
-4.20000e+00 -4.00000e+00       3.479e+07  9.799369e-01  0.000000e+00 -5.679858e-04  2.006306e-02
-3.50000e+00 -4.00000e+00       3.034e+07  9.702667e-01  0.000000e+00 -3.513548e-02  2.973327e-02
-2.80000e+00 -4.00000e+00       8.675e+07  7.953561e-01  0.000000e+00 -2.303381e-02  2.046439e-01
-2.10000e+00 -4.00000e+00       3.324e+08  9.114048e-01  0.000000e+00 -1.499767e-01  8.859516e-02
-1.40000e+00 -4.00000e+00       1.772e+09  9.895297e-01  0.000000e+00 -1.418893e-01  1.047031e-02
-7.00000e-01 -4.00000e+00       7.643e+09  9.576524e-01  0.000000e+00 -4.528972e-02  4.234756e-02
 0.00000e+00 -4.00000e+00       1.290e+10  9.444896e-01  0.000000e+00  8.216425e-16  5.551045e-02
 7.00000e-01 -4.00000e+00       7.643e+09  9.576524e-01  0.000000e+00  4.528972e-02  4.234756e-02
 1.40000e+00 -4.00000e+00       1.772e+09  9.895297e-01  0.000000e+00  1.418893e-01  1.047031e-02
 2.10000e+00 -4.00000e+00       3.324e+08  9.114048e-01  0.000000e+00  1.499767e-01  8.859516e-02
 2.80000e+00 -4.00000e+00       8.675e+07  7.953561e-01  0.000000e+00  2.303381e-02  2.046439e-01
 3.50000e+00 -4.00000e+00       3.034e+07  9.702667e-01  0.000000e+00  3.513548e-02  2.973327e-02
 4.20000e+00 -4.00000e+00       3.479e+07  9.799369e-01  0.000000e+00  5.679858e-04  2.006306e-02
 4.90000e+00 -4.00000e+00       6.508e+06  9.877819e-01  0.000000e+00 -6.613126e-03  1.221812e-02
 5.60000e+00 -4.00000e+00       3.038e+05  9.956981e-01  0.000000e+00 -1.083864e-02  4.301947e-03
 6.30000e+00 -4.00000e+00       1.609e+03  5.871047e-01  0.000000e+00 -1.107936e-01  4.128953e-01
 7.00000e+00 -4.00000e+00       2.864e+02  2.374158e-02  0.000000e+00 -1.203755e-01  9.762584e-01
-7.00000e+00 -3.60000e+00       3.633e+02 -2.853143e-02  0.000000e+00  1.384105e-01  9.714686e-01
-6.30000e+00 -3.60000e+00       1.940e+03  4.947742e-01  0.000000e+00  1.378895e-01  5.052258e-01
-5.60000e+00 -3.60000e+00       3.476e+05  9.882830e-01  0.000000e+00  2.095056e-03  1.171700e-02
-4.90000e+00 -3.60000e+00       7.386e+06  9.486880e-01  0.000000e+00 -1.895782e-02  5.131196e-02
-4.20000e+00 -3.60000e+00       3.764e+07  8.606318e-01  0.000000e+00 -8.102467e-02  1.393682e-01
-3.50000e+00 -3.60000e+00       1.373e+07 -9.906341e-01  0.000000e+00 -1.375878e+00  9.365892e-03
-2.80000e+00 -3.60000e+00       2.814e+08  6.841516e-01  0.000000e+00 -2.017690e-01  3.158484e-01
-2.10000e+00 -3.60000e+00       8.820e+08  7.207508e-01  0.000000e+00 -1.979725e-01  2.792492e-01
-1.40000e+00 -3.60000e+00       2.900e+09  8.491440e-01  0.000000e+00 -1.640638e-01  1.508560e-01
-7.00000e-01 -3.60000e+00       9.278e+09  9.939986e-01  0.000000e+00 -6.154040e-02  6.001409e-03
 0.00000e+00 -3.60000e+00       1.517e+10  9.643946e-01  0.000000e+00  9.637312e-16  3.560544e-02
 7.00000e-01 -3.60000e+00       9.278e+09  9.939986e-01  0.000000e+00  6.154040e-02  6.001409e-03
 1.40000e+00 -3.60000e+00       2.900e+09  8.491440e-01  0.000000e+00  1.640638e-01  1.508560e-01
 2.10000e+00 -3.60000e+00       8.820e+08  7.207508e-01  0.000000e+00  1.979725e-01  2.792492e-01
 2.80000e+00 -3.60000e+00       2.814e+08  6.841516e-01  0.000000e+00  2.017690e-01  3.158484e-01
 3.50000e+00 -3.60000e+00       1.373e+07 -9.906341e-01  0.000000e+00  1.375878e+00  9.365892e-03
 4.20000e+00 -3.60000e+00       3.764e+07  8.606318e-01  0.000000e+00  8.102467e-02  1.393682e-01
 4.90000e+00 -3.60000e+00       7.386e+06  9.486880e-01  0.000000e+00  1.895782e-02  5.131196e-02
 5.60000e+00 -3.60000e+00       3.476e+05  9.882830e-01  0.000000e+00 -2.095056e-03  1.171700e-02
 6.30000e+00 -3.60000e+00       1.940e+03  4.947742e-01  0.000000e+00 -1.378895e-01  5.052258e-01
 7.00000e+00 -3.60000e+00       3.633e+02 -2.853143e-02  0.000000e+00 -1.384105e-01  9.714686e-01
-7.00000e+00 -3.20000e+00       5.746e+02 -5.612084e-02  0.000000e+00  4.580674e-02  9.438792e-01
-6.30000e+00 -3.20000e+00       1.771e+04  1.371414e-01  0.000000e+00 -5.374369e-01  8.628586e-01
-5.60000e+00 -3.20000e+00       8.657e+05 -9.292735e-02  0.000000e+00 -7.898245e-01  9.070727e-01
-4.90000e+00 -3.20000e+00       1.775e+07 -1.098924e-01  0.000000e+00 -7.963841e-01  8.901076e-01
-4.20000e+00 -3.20000e+00       1.299e+08  1.338807e-02  0.000000e+00 -6.994321e-01  9.866119e-01
-3.50000e+00 -3.20000e+00       4.797e+08  2.997667e-01  0.000000e+00 -4.596000e-01  7.002333e-01
-2.80000e+00 -3.20000e+00       1.397e+09  5.028314e-01  0.000000e+00 -2.594110e-01  4.971686e-01
-2.10000e+00 -3.20000e+00       3.010e+09  5.613336e-01  0.000000e+00 -1.993195e-01  4.386664e-01
-1.40000e+00 -3.20000e+00       5.976e+09  6.919809e-01  0.000000e+00 -1.597037e-01  3.080191e-01
-7.00000e-01 -3.20000e+00       1.399e+10  8.852347e-01  0.000000e+00 -6.817323e-02  1.147653e-01
 0.00000e+00 -3.20000e+00       2.067e+10  9.497892e-01  0.000000e+00  1.071953e-15  5.021080e-02
 7.00000e-01 -3.20000e+00       1.399e+10  8.852347e-01  0.000000e+00  6.817323e-02  1.147653e-01
 1.40000e+00 -3.20000e+00       5.976e+09  6.919809e-01  0.000000e+00  1.597037e-01  3.080191e-01
 2.10000e+00 -3.20000e+00       3.010e+09  5.613336e-01  0.000000e+00  1.993195e-01  4.386664e-01
 2.80000e+00 -3.20000e+00       1.397e+09  5.028314e-01  0.000000e+00  2.594110e-01  4.971686e-01
 3.50000e+00 -3.20000e+00       4.797e+08  2.997667e-01  0.000000e+00  4.596000e-01  7.002333e-01
 4.20000e+00 -3.20000e+00       1.299e+08  1.338807e-02  0.000000e+00  6.994321e-01  9.866119e-01
 4.90000e+00 -3.20000e+00       1.775e+07 -1.098924e-01  0.000000e+00  7.963841e-01  8.901076e-01
 5.60000e+00 -3.20000e+00       8.657e+05 -9.292735e-02  0.000000e+00  7.898245e-01  9.070727e-01
 6.30000e+00 -3.20000e+00       1.771e+04  1.371414e-01  0.000000e+00  5.374369e-01  8.628586e-01
 7.00000e+00 -3.20000e+00       5.746e+02 -5.612084e-02  0.000000e+00 -4.580674e-02  9.438792e-01
-7.00000e+00 -2.80000e+00       5.377e+04 -1.862951e-01  0.000000e+00 -5.832273e-01  8.137049e-01
-6.30000e+00 -2.80000e+00       2.094e+06 -1.451271e-01  0.000000e+00 -5.968130e-01  8.548729e-01
-5.60000e+00 -2.80000e+00       2.971e+07 -8.103225e-02  0.000000e+00 -6.025823e-01  9.189678e-01
-4.90000e+00 -2.80000e+00       1.836e+08  2.235497e-02  0.000000e+00 -6.009781e-01  9.776450e-01
-4.20000e+00 -2.80000e+00       6.353e+08  1.618907e-01  0.000000e+00 -5.637469e-01  8.381093e-01
-3.50000e+00 -2.80000e+00       1.387e+09  3.262171e-01  0.000000e+00 -4.559407e-01  6.737829e-01
-2.80000e+00 -2.80000e+00       2.187e+09  4.850807e-01  0.000000e+00 -2.940110e-01  5.149193e-01
-2.10000e+00 -2.80000e+00       3.472e+09  5.756721e-01  0.000000e+00 -1.920191e-01  4.243279e-01
-1.40000e+00 -2.80000e+00       7.088e+09  7.039020e-01  0.000000e+00 -1.662259e-01  2.960980e-01
-7.00000e-01 -2.80000e+00       1.734e+10  8.855497e-01  0.000000e+00 -7.570747e-02  1.144503e-01
 0.00000e+00 -2.80000e+00       2.592e+10  9.450437e-01  0.000000e+00  1.304352e-15  5.495635e-02
 7.00000e-01 -2.80000e+00       1.734e+10  8.855497e-01  0.000000e+00  7.570747e-02  1.144503e-01
 1.40000e+00 -2.80000e+00       7.088e+09  7.039020e-01  0.000000e+00  1.662259e-01  2.960980e-01
 2.10000e+00 -2.80000e+00       3.472e+09  5.756721e-01  0.000000e+00  1.920191e-01  4.243279e-01
 2.80000e+00 -2.80000e+00       2.187e+09  4.850807e-01  0.000000e+00  2.940110e-01  5.149193e-01
 3.50000e+00 -2.80000e+00       1.387e+09  3.262171e-01  0.000000e+00  4.559407e-01  6.737829e-01
 4.20000e+00 -2.80000e+00       6.353e+08  1.618907e-01  0.000000e+00  5.637469e-01  8.381093e-01
 4.90000e+00 -2.80000e+00       1.836e+08  2.235497e-02  0.000000e+00  6.009781e-01  9.776450e-01
 5.60000e+00 -2.80000e+00       2.971e+07 -8.103225e-02  0.000000e+00  6.025823e-01  9.189678e-01
 6.30000e+00 -2.80000e+00       2.094e+06 -1.451271e-01  0.000000e+00  5.968130e-01  8.548729e-01
 7.00000e+00 -2.80000e+00       5.377e+04 -1.862951e-01  0.000000e+00  5.832273e-01  8.137049e-01
-7.00000e+00 -2.40000e+00       8.519e+05 -4.762619e-01  0.000000e+00 -3.873144e-01  5.237381e-01
-6.30000e+00 -2.40000e+00       1.358e+07 -3.971462e-01  0.000000e+00 -4.377085e-01  6.028538e-01
-5.60000e+00 -2.40000e+00       8.987e+07 -2.608885e-01  0.000000e+00 -5.021085e-01  7.391115e-01
-4.90000e+00 -2.40000e+00       3.097e+08 -6.789485e-02  0.000000e+00 -5.570405e-01  9.321051e-01
-4.20000e+00 -2.40000e+00       7.702e+08  1.629624e-01  0.000000e+00 -5.304749e-01  8.370376e-01
-3.50000e+00 -2.40000e+00       1.827e+09  3.942490e-01  0.000000e+00 -3.743480e-01  6.057510e-01
-2.80000e+00 -2.40000e+00       3.844e+09  5.164937e-01  0.000000e+00 -2.129074e-01  4.835063e-01
-2.10000e+00 -2.40000e+00       6.969e+09  5.486071e-01  0.000000e+00 -1.229701e-01  4.513929e-01
-1.40000e+00 -2.40000e+00       1.316e+10  6.216889e-01  0.000000e+00 -1.035575e-01  3.783111e-01
-7.00000e-01 -2.40000e+00       2.782e+10  7.908193e-01  0.000000e+00 -5.867589e-02  2.091807e-01
 0.00000e+00 -2.40000e+00       3.935e+10  8.658153e-01  0.000000e+00  1.325889e-15  1.341847e-01
 7.00000e-01 -2.40000e+00       2.782e+10  7.908193e-01  0.000000e+00  5.867589e-02  2.091807e-01
 1.40000e+00 -2.40000e+00       1.316e+10  6.216889e-01  0.000000e+00  1.035575e-01  3.783111e-01
 2.10000e+00 -2.40000e+00       6.969e+09  5.486071e-01  0.000000e+00  1.229701e-01  4.513929e-01
 2.80000e+00 -2.40000e+00       3.844e+09  5.164937e-01  0.000000e+00  2.129074e-01  4.835063e-01
 3.50000e+00 -2.40000e+00       1.827e+09  3.942490e-01  0.000000e+00  3.743480e-01  6.057510e-01
 4.20000e+00 -2.40000e+00       7.702e+08  1.629624e-01  0.000000e+00  5.304749e-01  8.370376e-01
 4.90000e+00 -2.40000e+00       3.097e+08 -6.789485e-02  0.000000e+00  5.570405e-01  9.321051e-01
 5.60000e+00 -2.40000e+00       8.987e+07 -2.608885e-01  0.000000e+00  5.021085e-01  7.391115e-01
 6.30000e+00 -2.40000e+00       1.358e+07 -3.971462e-01  0.000000e+00  4.377085e-01  6.028538e-01
 7.00000e+00 -2.40000e+00       8.519e+05 -4.762619e-01  0.000000e+00  3.873144e-01  5.237381e-01
-7.00000e+00 -2.00000e+00       5.549e+05 -3.052912e-01  0.000000e+00 -4.645262e-01  6.947088e-01
-6.30000e+00 -2.00000e+00       1.312e+07 -2.393532e-01  0.000000e+00 -4.862555e-01  7.606468e-01
-5.60000e+00 -2.00000e+00       1.220e+08 -9.090340e-02  0.000000e+00 -5.074540e-01  9.090966e-01
-4.90000e+00 -2.00000e+00       6.218e+08  1.458623e-01  0.000000e+00 -5.068994e-01  8.541377e-01
-4.20000e+00 -2.00000e+00       2.244e+09  3.110895e-01  0.000000e+00 -4.418714e-01  6.889105e-01
-3.50000e+00 -2.00000e+00       5.702e+09  3.845191e-01  0.000000e+00 -2.768063e-01  6.154809e-01
-2.80000e+00 -2.00000e+00       1.136e+10  4.766807e-01  0.000000e+00 -8.932847e-02  5.233193e-01
-2.10000e+00 -2.00000e+00       1.761e+10  5.503069e-01  0.000000e+00 -5.291077e-02  4.496931e-01
-1.40000e+00 -2.00000e+00       2.308e+10  6.244825e-01  0.000000e+00 -1.126266e-01  3.755175e-01
-7.00000e-01 -2.00000e+00       3.966e+10  8.116212e-01  0.000000e+00 -8.202109e-02  1.883788e-01
 0.00000e+00 -2.00000e+00       5.516e+10  8.909655e-01  0.000000e+00  2.402519e-15  1.090345e-01
 7.00000e-01 -2.00000e+00       3.966e+10  8.116212e-01  0.000000e+00  8.202109e-02  1.883788e-01
 1.40000e+00 -2.00000e+00       2.308e+10  6.244825e-01  0.000000e+00  1.126266e-01  3.755175e-01
 2.10000e+00 -2.00000e+00       1.761e+10  5.503069e-01  0.000000e+00  5.291077e-02  4.496931e-01
 2.80000e+00 -2.00000e+00       1.136e+10  4.766807e-01  0.000000e+00  8.932847e-02  5.233193e-01
 3.50000e+00 -2.00000e+00       5.702e+09  3.845191e-01  0.000000e+00  2.768063e-01  6.154809e-01
 4.20000e+00 -2.00000e+00       2.244e+09  3.110895e-01  0.000000e+00  4.418714e-01  6.889105e-01
 4.90000e+00 -2.00000e+00       6.218e+08  1.458623e-01  0.000000e+00  5.068994e-01  8.541377e-01
 5.60000e+00 -2.00000e+00       1.220e+08 -9.090340e-02  0.000000e+00  5.074540e-01  9.090966e-01
 6.30000e+00 -2.00000e+00       1.312e+07 -2.393532e-01  0.000000e+00  4.862555e-01  7.606468e-01
 7.00000e+00 -2.00000e+00       5.549e+05 -3.052912e-01  0.000000e+00  4.645262e-01  6.947088e-01
-7.00000e+00 -1.60000e+00       1.092e+06 -3.125321e-01  0.000000e+00 -1.720102e-01  6.874679e-01
-6.30000e+00 -1.60000e+00       2.108e+07 -8.971450e-02  0.000000e+00 -1.952341e-01  9.102855e-01
-5.60000e+00 -1.60000e+00       3.119e+08  2.787105e-01  0.000000e+00 -1.962593e-01  7.212895e-01
-4.90000e+00 -1.60000e+00       4.201e+09  5.081022e-01  0.000000e+00 -1.177885e-01  4.918978e-01
-4.20000e+00 -1.60000e+00       3.671e+10  5.437501e-01  0.000000e+00 -5.361573e-02  4.562499e-01
-3.50000e+00 -1.60000e+00       1.946e+11  5.343587e-01  0.000000e+00 -5.161092e-02  4.656413e-01
-2.80000e+00 -1.60000e+00       6.656e+11  5.351755e-01  0.000000e+00 -7.513269e-02  4.648245e-01
-2.10000e+00 -1.60000e+00       1.606e+12  5.333366e-01  0.000000e+00 -1.859064e-01  4.666634e-01
-1.40000e+00 -1.60000e+00       2.988e+12  5.176686e-01  0.000000e+00 -3.362951e-01  4.823314e-01
-7.00000e-01 -1.60000e+00       5.075e+12  5.008875e-01  0.000000e+00 -2.310726e-01  4.991125e-01
 0.00000e+00 -1.60000e+00       6.673e+12  4.952176e-01  0.000000e+00 -1.361804e-16  5.047824e-01
 7.00000e-01 -1.60000e+00       5.075e+12  5.008875e-01  0.000000e+00  2.310726e-01  4.991125e-01
 1.40000e+00 -1.60000e+00       2.988e+12  5.176686e-01  0.000000e+00  3.362951e-01  4.823314e-01
 2.10000e+00 -1.60000e+00       1.606e+12  5.333366e-01  0.000000e+00  1.859064e-01  4.666634e-01
 2.80000e+00 -1.60000e+00       6.656e+11  5.351755e-01  0.000000e+00  7.513269e-02  4.648245e-01
 3.50000e+00 -1.60000e+00       1.946e+11  5.343587e-01  0.000000e+00  5.161092e-02  4.656413e-01
 4.20000e+00 -1.60000e+00       3.671e+10  5.437501e-01  0.000000e+00  5.361573e-02  4.562499e-01
 4.90000e+00 -1.60000e+00       4.201e+09  5.081022e-01  0.000000e+00  1.177885e-01  4.918978e-01
 5.60000e+00 -1.60000e+00       3.119e+08  2.787105e-01  0.000000e+00  1.962593e-01  7.212895e-01
 6.30000e+00 -1.60000e+00       2.108e+07 -8.971450e-02  0.000000e+00  1.952341e-01  9.102855e-01
 7.00000e+00 -1.60000e+00       1.092e+06 -3.125321e-01  0.000000e+00  1.720102e-01  6.874679e-01
-7.00000e+00 -1.20000e+00       5.083e+06  3.325471e-01  0.000000e+00 -8.132348e-02  6.674529e-01
-6.30000e+00 -1.20000e+00       1.939e+08  7.105341e-01  0.000000e+00 -5.140489e-02  2.894659e-01
-5.60000e+00 -1.20000e+00       4.479e+09  7.056096e-01  0.000000e+00  8.374623e-02  2.943904e-01
-4.90000e+00 -1.20000e+00       5.718e+10  6.079493e-01  0.000000e+00  5.994907e-02  3.920507e-01
-4.20000e+00 -1.20000e+00       4.628e+11  6.078144e-01  0.000000e+00 -2.198747e-02  3.921856e-01
-3.50000e+00 -1.20000e+00       2.314e+12  6.351926e-01  0.000000e+00 -2.031483e-02  3.648074e-01
-2.80000e+00 -1.20000e+00       7.338e+12  6.394587e-01  0.000000e+00  9.138291e-03  3.605413e-01
-2.10000e+00 -1.20000e+00       1.662e+13  6.672267e-01  0.000000e+00  9.450837e-02  3.327733e-01
-1.40000e+00 -1.20000e+00       2.708e+13  7.229604e-01  0.000000e+00  2.502199e-01  2.770396e-01
-7.00000e-01 -1.20000e+00       2.597e+13  7.475985e-01  0.000000e+00  3.464525e-01  2.524015e-01
 0.00000e+00 -1.20000e+00       1.898e+13  7.367928e-01  0.000000e+00  3.716412e-15  2.632072e-01
 7.00000e-01 -1.20000e+00       2.597e+13  7.475985e-01  0.000000e+00 -3.464525e-01  2.524015e-01
 1.40000e+00 -1.20000e+00       2.708e+13  7.229604e-01  0.000000e+00 -2.502199e-01  2.770396e-01
 2.10000e+00 -1.20000e+00       1.662e+13  6.672267e-01  0.000000e+00 -9.450837e-02  3.327733e-01
 2.80000e+00 -1.20000e+00       7.338e+12  6.394587e-01  0.000000e+00 -9.138291e-03  3.605413e-01
 3.50000e+00 -1.20000e+00       2.314e+12  6.351926e-01  0.000000e+00  2.031483e-02  3.648074e-01
 4.20000e+00 -1.20000e+00       4.628e+11  6.078144e-01  0.000000e+00  2.198747e-02  3.921856e-01
 4.90000e+00 -1.20000e+00       5.718e+10  6.079493e-01  0.000000e+00 -5.994907e-02  3.920507e-01
 5.60000e+00 -1.20000e+00       4.479e+09  7.056096e-01  0.000000e+00 -8.374623e-02  2.943904e-01
 6.30000e+00 -1.20000e+00       1.939e+08  7.105341e-01  0.000000e+00  5.140489e-02  2.894659e-01
 7.00000e+00 -1.20000e+00       5.083e+06  3.325471e-01  0.000000e+00  8.132348e-02  6.674529e-01
-7.00000e+00 -8.00000e-01       1.791e+07  4.164330e-01  0.000000e+00 -1.957628e-01  5.835670e-01
-6.30000e+00 -8.00000e-01       1.110e+09  6.872606e-01  0.000000e+00 -3.235465e-01  3.127394e-01
-5.60000e+00 -8.00000e-01       3.297e+10  8.230888e-01  0.000000e+00 -2.125962e-01  1.769112e-01
-4.90000e+00 -8.00000e-01       4.117e+11  8.397260e-01  0.000000e+00 -7.022836e-02  1.602740e-01
-4.20000e+00 -8.00000e-01       2.559e+12  7.819935e-01  0.000000e+00 -2.596525e-03  2.180065e-01
-3.50000e+00 -8.00000e-01       1.078e+13  7.450168e-01  0.000000e+00 -2.214632e-02  2.549832e-01
-2.80000e+00 -8.00000e-01       3.213e+13  7.431580e-01  0.000000e+00 -3.173967e-02  2.568420e-01
-2.10000e+00 -8.00000e-01       6.642e+13  7.407698e-01  0.000000e+00  3.874041e-02  2.592302e-01
-1.40000e+00 -8.00000e-01       1.152e+14  7.291250e-01  0.000000e+00  1.925972e-01  2.708750e-01
-7.00000e-01 -8.00000e-01       1.983e+14  6.875613e-01  0.000000e+00  1.647922e-01  3.124387e-01
 0.00000e+00 -8.00000e-01       2.593e+14  6.628089e-01  0.000000e+00 -1.418769e-15  3.371911e-01
 7.00000e-01 -8.00000e-01       1.983e+14  6.875613e-01  0.000000e+00 -1.647922e-01  3.124387e-01
 1.40000e+00 -8.00000e-01       1.152e+14  7.291250e-01  0.000000e+00 -1.925972e-01  2.708750e-01
 2.10000e+00 -8.00000e-01       6.642e+13  7.407698e-01  0.000000e+00 -3.874041e-02  2.592302e-01
 2.80000e+00 -8.00000e-01       3.213e+13  7.431580e-01  0.000000e+00  3.173967e-02  2.568420e-01
 3.50000e+00 -8.00000e-01       1.078e+13  7.450168e-01  0.000000e+00  2.214632e-02  2.549832e-01
 4.20000e+00 -8.00000e-01       2.559e+12  7.819935e-01  0.000000e+00  2.596525e-03  2.180065e-01
 4.90000e+00 -8.00000e-01       4.117e+11  8.397260e-01  0.000000e+00  7.022836e-02  1.602740e-01
 5.60000e+00 -8.00000e-01       3.297e+10  8.230888e-01  0.000000e+00  2.125962e-01  1.769112e-01
 6.30000e+00 -8.00000e-01       1.110e+09  6.872606e-01  0.000000e+00  3.235465e-01  3.127394e-01
 7.00000e+00 -8.00000e-01       1.791e+07  4.164330e-01  0.000000e+00  1.957628e-01  5.835670e-01
-7.00000e+00 -4.00000e-01       5.529e+07  8.222675e-01  0.000000e+00  2.245031e-01  1.777325e-01
-6.30000e+00 -4.00000e-01       2.488e+09  8.255023e-01  0.000000e+00 -2.786143e-02  1.744977e-01
-5.60000e+00 -4.00000e-01       8.280e+10  9.019623e-01  0.000000e+00 -1.319519e-01  9.803767e-02
-4.90000e+00 -4.00000e-01       1.333e+12  9.449187e-01  0.000000e+00 -7.907415e-02  5.508131e-02
-4.20000e+00 -4.00000e-01       9.228e+12  9.503099e-01  0.000000e+00 -1.423267e-02  4.969007e-02
-3.50000e+00 -4.00000e-01       3.436e+13  9.412415e-01  0.000000e+00  2.831038e-03  5.875851e-02
-2.80000e+00 -4.00000e-01       9.014e+13  9.395546e-01  0.000000e+00  1.034232e-05  6.044543e-02
-2.10000e+00 -4.00000e-01       1.783e+14  9.444279e-01  0.000000e+00  3.237855e-02  5.557212e-02
-1.40000e+00 -4.00000e-01       2.705e+14  9.564011e-01  0.000000e+00  9.819885e-02  4.359890e-02
-7.00000e-01 -4.00000e-01       2.572e+14  9.675423e-01  0.000000e+00  1.335059e-01  3.245765e-02
 0.00000e+00 -4.00000e-01       1.883e+14  9.717625e-01  0.000000e+00 -6.916861e-17  2.823745e-02
 7.00000e-01 -4.00000e-01       2.572e+14  9.675423e-01  0.000000e+00 -1.335059e-01  3.245765e-02
 1.40000e+00 -4.00000e-01       2.705e+14  9.564011e-01  0.000000e+00 -9.819885e-02  4.359890e-02
 2.10000e+00 -4.00000e-01       1.783e+14  9.444279e-01  0.000000e+00 -3.237855e-02  5.557212e-02
 2.80000e+00 -4.00000e-01       9.014e+13  9.395546e-01  0.000000e+00 -1.034232e-05  6.044543e-02
 3.50000e+00 -4.00000e-01       3.436e+13  9.412415e-01  0.000000e+00 -2.831038e-03  5.875851e-02
 4.20000e+00 -4.00000e-01       9.228e+12  9.503099e-01  0.000000e+00  1.423267e-02  4.969007e-02
 4.90000e+00 -4.00000e-01       1.333e+12  9.449187e-01  0.000000e+00  7.907415e-02  5.508131e-02
 5.60000e+00 -4.00000e-01       8.280e+10  9.019623e-01  0.000000e+00  1.319519e-01  9.803767e-02
 6.30000e+00 -4.00000e-01       2.488e+09  8.255023e-01  0.000000e+00  2.786143e-02  1.744977e-01
 7.00000e+00 -4.00000e-01       5.529e+07  8.222675e-01  0.000000e+00 -2.245031e-01  1.777325e-01
-7.00000e+00  0.00000e+00       9.014e+07  9.998861e-01  0.000000e+00 -2.496038e-13  1.138951e-04
-6.30000e+00  0.00000e+00       3.207e+09  9.998582e-01  0.000000e+00 -1.329032e-14  1.417817e-04
-5.60000e+00  0.00000e+00       9.993e+10  9.999110e-01  0.000000e+00 -2.791324e-16  8.901155e-05
-4.90000e+00  0.00000e+00       1.732e+12  9.999558e-01  0.000000e+00  1.071954e-16  4.417181e-05
-4.20000e+00  0.00000e+00       1.266e+13  9.999699e-01  0.000000e+00  4.532214e-17  3.005386e-05
-3.50000e+00  0.00000e+00       4.660e+13  9.999698e-01  0.000000e+00 -8.051552e-18  3.023105e-05
-2.80000e+00  0.00000e+00       1.185e+14  9.999696e-01  0.000000e+00 -3.120281e-16  3.035592e-05
-2.10000e+00  0.00000e+00       2.313e+14  9.999723e-01  0.000000e+00 -3.347121e-15  2.767001e-05
-1.40000e+00  0.00000e+00       3.764e+14  9.999679e-01  0.000000e+00 -1.204090e-14  3.214269e-05
-7.00000e-01  0.00000e+00       5.943e+14  9.999512e-01  0.000000e+00 -1.145647e-14  4.884827e-05
 0.00000e+00  0.00000e+00       7.538e+14  9.999423e-01  0.000000e+00  1.430790e-17  5.765527e-05
 7.00000e-01  0.00000e+00       5.943e+14  9.999512e-01  0.000000e+00  1.149199e-14  4.884827e-05
 1.40000e+00  0.00000e+00       3.764e+14  9.999679e-01  0.000000e+00  1.206704e-14  3.214269e-05
 2.10000e+00  0.00000e+00       2.313e+14  9.999723e-01  0.000000e+00  3.356022e-15  2.767001e-05
 2.80000e+00  0.00000e+00       1.185e+14  9.999696e-01  0.000000e+00  3.148151e-16  3.035592e-05
 3.50000e+00  0.00000e+00       4.660e+13  9.999698e-01  0.000000e+00  1.523044e-17  3.023105e-05
 4.20000e+00  0.00000e+00       1.266e+13  9.999699e-01  0.000000e+00  3.656841e-18  3.005386e-05
 4.90000e+00  0.00000e+00       1.732e+12  9.999558e-01  0.000000e+00  1.305061e-17  4.417181e-05
 5.60000e+00  0.00000e+00       9.993e+10  9.999110e-01  0.000000e+00  3.432286e-16  8.901155e-05
 6.30000e+00  0.00000e+00       3.207e+09  9.998582e-01  0.000000e+00  1.174464e-14  1.417817e-04
 7.00000e+00  0.00000e+00       9.014e+07  9.998861e-01  0.000000e+00  1.889988e-13  1.138951e-04
-7.00000e+00  4.00000e-01       5.529e+07  8.222675e-01  0.000000e+00 -2.245031e-01  1.777325e-01
-6.30000e+00  4.00000e-01       2.488e+09  8.255023e-01  0.000000e+00  2.786143e-02  1.744977e-01
-5.60000e+00  4.00000e-01       8.280e+10  9.019623e-01  0.000000e+00  1.319519e-01  9.803767e-02
-4.90000e+00  4.00000e-01       1.333e+12  9.449187e-01  0.000000e+00  7.907415e-02  5.508131e-02
-4.20000e+00  4.00000e-01       9.228e+12  9.503099e-01  0.000000e+00  1.423267e-02  4.969007e-02
-3.50000e+00  4.00000e-01       3.436e+13  9.412415e-01  0.000000e+00 -2.831038e-03  5.875851e-02
-2.80000e+00  4.00000e-01       9.014e+13  9.395546e-01  0.000000e+00 -1.034232e-05  6.044543e-02
-2.10000e+00  4.00000e-01       1.783e+14  9.444279e-01  0.000000e+00 -3.237855e-02  5.557212e-02
-1.40000e+00  4.00000e-01       2.705e+14  9.564011e-01  0.000000e+00 -9.819885e-02  4.359890e-02
-7.00000e-01  4.00000e-01       2.572e+14  9.675423e-01  0.000000e+00 -1.335059e-01  3.245765e-02
 0.00000e+00  4.00000e-01       1.883e+14  9.717625e-01  0.000000e+00  7.422262e-17  2.823745e-02
 7.00000e-01  4.00000e-01       2.572e+14  9.675423e-01  0.000000e+00  1.335059e-01  3.245765e-02
 1.40000e+00  4.00000e-01       2.705e+14  9.564011e-01  0.000000e+00  9.819885e-02  4.359890e-02
 2.10000e+00  4.00000e-01       1.783e+14  9.444279e-01  0.000000e+00  3.237855e-02  5.557212e-02
 2.80000e+00  4.00000e-01       9.014e+13  9.395546e-01  0.000000e+00  1.034232e-05  6.044543e-02
 3.50000e+00  4.00000e-01       3.436e+13  9.412415e-01  0.000000e+00  2.831038e-03  5.875851e-02
 4.20000e+00  4.00000e-01       9.228e+12  9.503099e-01  0.000000e+00 -1.423267e-02  4.969007e-02
 4.90000e+00  4.00000e-01       1.333e+12  9.449187e-01  0.000000e+00 -7.907415e-02  5.508131e-02
 5.60000e+00  4.00000e-01       8.280e+10  9.019623e-01  0.000000e+00 -1.319519e-01  9.803767e-02
 6.30000e+00  4.00000e-01       2.488e+09  8.255023e-01  0.000000e+00 -2.786143e-02  1.744977e-01
 7.00000e+00  4.00000e-01       5.529e+07  8.222675e-01  0.000000e+00  2.245031e-01  1.777325e-01
-7.00000e+00  8.00000e-01       1.791e+07  4.164330e-01  0.000000e+00  1.957628e-01  5.835670e-01
-6.30000e+00  8.00000e-01       1.110e+09  6.872606e-01  0.000000e+00  3.235465e-01  3.127394e-01
-5.60000e+00  8.00000e-01       3.297e+10  8.230888e-01  0.000000e+00  2.125962e-01  1.769112e-01
-4.90000e+00  8.00000e-01       4.117e+11  8.397260e-01  0.000000e+00  7.022836e-02  1.602740e-01
-4.20000e+00  8.00000e-01       2.559e+12  7.819935e-01  0.000000e+00  2.596525e-03  2.180065e-01
-3.50000e+00  8.00000e-01       1.078e+13  7.450168e-01  0.000000e+00  2.214632e-02  2.549832e-01
-2.80000e+00  8.00000e-01       3.213e+13  7.431580e-01  0.000000e+00  3.173967e-02  2.568420e-01
-2.10000e+00  8.00000e-01       6.642e+13  7.407698e-01  0.000000e+00 -3.874041e-02  2.592302e-01
-1.40000e+00  8.00000e-01       1.152e+14  7.291250e-01  0.000000e+00 -1.925972e-01  2.708750e-01
-7.00000e-01  8.00000e-01       1.983e+14  6.875613e-01  0.000000e+00 -1.647922e-01  3.124387e-01
 0.00000e+00  8.00000e-01       2.593e+14  6.628089e-01  0.000000e+00  2.954437e-15  3.371911e-01
 7.00000e-01  8.00000e-01       1.983e+14  6.875613e-01  0.000000e+00  1.647922e-01  3.124387e-01
 1.40000e+00  8.00000e-01       1.152e+14  7.291250e-01  0.000000e+00  1.925972e-01  2.708750e-01
 2.10000e+00  8.00000e-01       6.642e+13  7.407698e-01  0.000000e+00  3.874041e-02  2.592302e-01
 2.80000e+00  8.00000e-01       3.213e+13  7.431580e-01  0.000000e+00 -3.173967e-02  2.568420e-01
 3.50000e+00  8.00000e-01       1.078e+13  7.450168e-01  0.000000e+00 -2.214632e-02  2.549832e-01
 4.20000e+00  8.00000e-01       2.559e+12  7.819935e-01  0.000000e+00 -2.596525e-03  2.180065e-01
 4.90000e+00  8.00000e-01       4.117e+11  8.397260e-01  0.000000e+00 -7.022836e-02  1.602740e-01
 5.60000e+00  8.00000e-01       3.297e+10  8.230888e-01  0.000000e+00 -2.125962e-01  1.769112e-01
 6.30000e+00  8.00000e-01       1.110e+09  6.872606e-01  0.000000e+00 -3.235465e-01  3.127394e-01
 7.00000e+00  8.00000e-01       1.791e+07  4.164330e-01  0.000000e+00 -1.957628e-01  5.835670e-01
-7.00000e+00  1.20000e+00       5.083e+06  3.325471e-01  0.000000e+00  8.132348e-02  6.674529e-01
-6.30000e+00  1.20000e+00       1.939e+08  7.105341e-01  0.000000e+00  5.140489e-02  2.894659e-01
-5.60000e+00  1.20000e+00       4.479e+09  7.056096e-01  0.000000e+00 -8.374623e-02  2.943904e-01
-4.90000e+00  1.20000e+00       5.718e+10  6.079493e-01  0.000000e+00 -5.994907e-02  3.920507e-01
-4.20000e+00  1.20000e+00       4.628e+11  6.078144e-01  0.000000e+00  2.198747e-02  3.921856e-01
-3.50000e+00  1.20000e+00       2.314e+12  6.351926e-01  0.000000e+00  2.031483e-02  3.648074e-01
-2.80000e+00  1.20000e+00       7.338e+12  6.394587e-01  0.000000e+00 -9.138291e-03  3.605413e-01
-2.10000e+00  1.20000e+00       1.662e+13  6.672267e-01  0.000000e+00 -9.450837e-02  3.327733e-01
-1.40000e+00  1.20000e+00       2.708e+13  7.229604e-01  0.000000e+00 -2.502199e-01  2.770396e-01
-7.00000e-01  1.20000e+00       2.597e+13  7.475985e-01  0.000000e+00 -3.464525e-01  2.524015e-01
 0.00000e+00  1.20000e+00       1.898e+13  7.367928e-01  0.000000e+00 -5.214392e-15  2.632072e-01
 7.00000e-01  1.20000e+00       2.597e+13  7.475985e-01  0.000000e+00  3.464525e-01  2.524015e-01
 1.40000e+00  1.20000e+00       2.708e+13  7.229604e-01  0.000000e+00  2.502199e-01  2.770396e-01
 2.10000e+00  1.20000e+00       1.662e+13  6.672267e-01  0.000000e+00  9.450837e-02  3.327733e-01
 2.80000e+00  1.20000e+00       7.338e+12  6.394587e-01  0.000000e+00  9.138291e-03  3.605413e-01
 3.50000e+00  1.20000e+00       2.314e+12  6.351926e-01  0.000000e+00 -2.031483e-02  3.648074e-01
 4.20000e+00  1.20000e+00       4.628e+11  6.078144e-01  0.000000e+00 -2.198747e-02  3.921856e-01
 4.90000e+00  1.20000e+00       5.718e+10  6.079493e-01  0.000000e+00  5.994907e-02  3.920507e-01
 5.60000e+00  1.20000e+00       4.479e+09  7.056096e-01  0.000000e+00  8.374623e-02  2.943904e-01
 6.30000e+00  1.20000e+00       1.939e+08  7.105341e-01  0.000000e+00 -5.140489e-02  2.894659e-01
 7.00000e+00  1.20000e+00       5.083e+06  3.325471e-01  0.000000e+00 -8.132348e-02  6.674529e-01
-7.00000e+00  1.60000e+00       1.092e+06 -3.125321e-01  0.000000e+00  1.720102e-01  6.874679e-01
-6.30000e+00  1.60000e+00       2.108e+07 -8.971450e-02  0.000000e+00  1.952341e-01  9.102855e-01
-5.60000e+00  1.60000e+00       3.119e+08  2.787105e-01  0.000000e+00  1.962593e-01  7.212895e-01
-4.90000e+00  1.60000e+00       4.201e+09  5.081022e-01  0.000000e+00  1.177885e-01  4.918978e-01
-4.20000e+00  1.60000e+00       3.671e+10  5.437501e-01  0.000000e+00  5.361573e-02  4.562499e-01
-3.50000e+00  1.60000e+00       1.946e+11  5.343587e-01  0.000000e+00  5.161092e-02  4.656413e-01
-2.80000e+00  1.60000e+00       6.656e+11  5.351755e-01  0.000000e+00  7.513269e-02  4.648245e-01
-2.10000e+00  1.60000e+00       1.606e+12  5.333366e-01  0.000000e+00  1.859064e-01  4.666634e-01
-1.40000e+00  1.60000e+00       2.988e+12  5.176686e-01  0.000000e+00  3.362951e-01  4.823314e-01
-7.00000e-01  1.60000e+00       5.075e+12  5.008875e-01  0.000000e+00  2.310726e-01  4.991125e-01
 0.00000e+00  1.60000e+00       6.673e+12  4.952176e-01  0.000000e+00  1.423156e-16  5.047824e-01
 7.00000e-01  1.60000e+00       5.075e+12  5.008875e-01  0.000000e+00 -2.310726e-01  4.991125e-01
 1.40000e+00  1.60000e+00       2.988e+12  5.176686e-01  0.000000e+00 -3.362951e-01  4.823314e-01
 2.10000e+00  1.60000e+00       1.606e+12  5.333366e-01  0.000000e+00 -1.859064e-01  4.666634e-01
 2.80000e+00  1.60000e+00       6.656e+11  5.351755e-01  0.000000e+00 -7.513269e-02  4.648245e-01
 3.50000e+00  1.60000e+00       1.946e+11  5.343587e-01  0.000000e+00 -5.161092e-02  4.656413e-01
 4.20000e+00  1.60000e+00       3.671e+10  5.437501e-01  0.000000e+00 -5.361573e-02  4.562499e-01
 4.90000e+00  1.60000e+00       4.201e+09  5.081022e-01  0.000000e+00 -1.177885e-01  4.918978e-01
 5.60000e+00  1.60000e+00       3.119e+08  2.787105e-01  0.000000e+00 -1.962593e-01  7.212895e-01
 6.30000e+00  1.60000e+00       2.108e+07 -8.971450e-02  0.000000e+00 -1.952341e-01  9.102855e-01
 7.00000e+00  1.60000e+00       1.092e+06 -3.125321e-01  0.000000e+00 -1.720102e-01  6.874679e-01
-7.00000e+00  2.00000e+00       5.549e+05 -3.052912e-01  0.000000e+00  4.645262e-01  6.947088e-01
-6.30000e+00  2.00000e+00       1.312e+07 -2.393532e-01  0.000000e+00  4.862555e-01  7.606468e-01
-5.60000e+00  2.00000e+00       1.220e+08 -9.090340e-02  0.000000e+00  5.074540e-01  9.090966e-01
-4.90000e+00  2.00000e+00       6.218e+08  1.458623e-01  0.000000e+00  5.068994e-01  8.541377e-01
-4.20000e+00  2.00000e+00       2.244e+09  3.110895e-01  0.000000e+00  4.418714e-01  6.889105e-01
-3.50000e+00  2.00000e+00       5.702e+09  3.845191e-01  0.000000e+00  2.768063e-01  6.154809e-01
-2.80000e+00  2.00000e+00       1.136e+10  4.766807e-01  0.000000e+00  8.932847e-02  5.233193e-01
-2.10000e+00  2.00000e+00       1.761e+10  5.503069e-01  0.000000e+00  5.291077e-02  4.496931e-01
-1.40000e+00  2.00000e+00       2.308e+10  6.244825e-01  0.000000e+00  1.126266e-01  3.755175e-01
-7.00000e-01  2.00000e+00       3.966e+10  8.116212e-01  0.000000e+00  8.202109e-02  1.883788e-01
 0.00000e+00  2.00000e+00       5.516e+10  8.909655e-01  0.000000e+00 -2.366250e-15  1.090345e-01
 7.00000e-01  2.00000e+00       3.966e+10  8.116212e-01  0.000000e+00 -8.202109e-02  1.883788e-01
 1.40000e+00  2.00000e+00       2.308e+10  6.244825e-01  0.000000e+00 -1.126266e-01  3.755175e-01
 2.10000e+00  2.00000e+00       1.761e+10  5.503069e-01  0.000000e+00 -5.291077e-02  4.496931e-01
 2.80000e+00  2.00000e+00       1.136e+10  4.766807e-01  0.000000e+00 -8.932847e-02  5.233193e-01
 3.50000e+00  2.00000e+00       5.702e+09  3.845191e-01  0.000000e+00 -2.768063e-01  6.154809e-01
 4.20000e+00  2.00000e+00       2.244e+09  3.110895e-01  0.000000e+00 -4.418714e-01  6.889105e-01
 4.90000e+00  2.00000e+00       6.218e+08  1.458623e-01  0.000000e+00 -5.068994e-01  8.541377e-01
 5.60000e+00  2.00000e+00       1.220e+08 -9.090340e-02  0.000000e+00 -5.074540e-01  9.090966e-01
 6.30000e+00  2.00000e+00       1.312e+07 -2.393532e-01  0.000000e+00 -4.862555e-01  7.606468e-01
 7.00000e+00  2.00000e+00       5.549e+05 -3.052912e-01  0.000000e+00 -4.645262e-01  6.947088e-01
-7.00000e+00  2.40000e+00       8.519e+05 -4.762619e-01  0.000000e+00  3.873144e-01  5.237381e-01
-6.30000e+00  2.40000e+00       1.358e+07 -3.971462e-01  0.000000e+00  4.377085e-01  6.028538e-01
-5.60000e+00  2.40000e+00       8.987e+07 -2.608885e-01  0.000000e+00  5.021085e-01  7.391115e-01
-4.90000e+00  2.40000e+00       3.097e+08 -6.789485e-02  0.000000e+00  5.570405e-01  9.321051e-01
-4.20000e+00  2.40000e+00       7.702e+08  1.629624e-01  0.000000e+00  5.304749e-01  8.370376e-01
-3.50000e+00  2.40000e+00       1.827e+09  3.942490e-01  0.000000e+00  3.743480e-01  6.057510e-01
-2.80000e+00  2.40000e+00       3.844e+09  5.164937e-01  0.000000e+00  2.129074e-01  4.835063e-01
-2.10000e+00  2.40000e+00       6.969e+09  5.486071e-01  0.000000e+00  1.229701e-01  4.513929e-01
-1.40000e+00  2.40000e+00       1.316e+10  6.216889e-01  0.000000e+00  1.035575e-01  3.783111e-01
-7.00000e-01  2.40000e+00       2.782e+10  7.908193e-01  0.000000e+00  5.867589e-02  2.091807e-01
 0.00000e+00  2.40000e+00       3.935e+10  8.658153e-01  0.000000e+00 -1.317193e-15  1.341847e-01
 7.00000e-01  2.40000e+00       2.782e+10  7.908193e-01  0.000000e+00 -5.867589e-02  2.091807e-01
 1.40000e+00  2.40000e+00       1.316e+10  6.216889e-01  0.000000e+00 -1.035575e-01  3.783111e-01
 2.10000e+00  2.40000e+00       6.969e+09  5.486071e-01  0.000000e+00 -1.229701e-01  4.513929e-01
 2.80000e+00  2.40000e+00       3.844e+09  5.164937e-01  0.000000e+00 -2.129074e-01  4.835063e-01
 3.50000e+00  2.40000e+00       1.827e+09  3.942490e-01  0.000000e+00 -3.743480e-01  6.057510e-01
 4.20000e+00  2.40000e+00       7.702e+08  1.629624e-01  0.000000e+00 -5.304749e-01  8.370376e-01
 4.90000e+00  2.40000e+00       3.097e+08 -6.789485e-02  0.000000e+00 -5.570405e-01  9.321051e-01
 5.60000e+00  2.40000e+00       8.987e+07 -2.608885e-01  0.000000e+00 -5.021085e-01  7.391115e-01
 6.30000e+00  2.40000e+00       1.358e+07 -3.971462e-01  0.000000e+00 -4.377085e-01  6.028538e-01
 7.00000e+00  2.40000e+00       8.519e+05 -4.762619e-01  0.000000e+00 -3.873144e-01  5.237381e-01
-7.00000e+00  2.80000e+00       5.377e+04 -1.862951e-01  0.000000e+00  5.832273e-01  8.137049e-01
-6.30000e+00  2.80000e+00       2.094e+06 -1.451271e-01  0.000000e+00  5.968130e-01  8.548729e-01
-5.60000e+00  2.80000e+00       2.971e+07 -8.103225e-02  0.000000e+00  6.025823e-01  9.189678e-01
-4.90000e+00  2.80000e+00       1.836e+08  2.235497e-02  0.000000e+00  6.009781e-01  9.776450e-01
-4.20000e+00  2.80000e+00       6.353e+08  1.618907e-01  0.000000e+00  5.637469e-01  8.381093e-01
-3.50000e+00  2.80000e+00       1.387e+09  3.262171e-01  0.000000e+00  4.559407e-01  6.737829e-01
-2.80000e+00  2.80000e+00       2.187e+09  4.850807e-01  0.000000e+00  2.940110e-01  5.149193e-01
-2.10000e+00  2.80000e+00       3.472e+09  5.756721e-01  0.000000e+00  1.920191e-01  4.243279e-01
-1.40000e+00  2.80000e+00       7.088e+09  7.039020e-01  0.000000e+00  1.662259e-01  2.960980e-01
-7.00000e-01  2.80000e+00       1.734e+10  8.855497e-01  0.000000e+00  7.570746e-02  1.144503e-01
 0.00000e+00  2.80000e+00       2.592e+10  9.450436e-01  0.000000e+00 -1.271005e-15  5.495641e-02
 7.00000e-01  2.80000e+00       1.734e+10  8.855497e-01  0.000000e+00 -7.570746e-02  1.144503e-01
 1.40000e+00  2.80000e+00       7.088e+09  7.039020e-01  0.000000e+00 -1.662259e-01  2.960980e-01
 2.10000e+00  2.80000e+00       3.472e+09  5.756721e-01  0.000000e+00 -1.920191e-01  4.243279e-01
 2.80000e+00  2.80000e+00       2.187e+09  4.850807e-01  0.000000e+00 -2.940110e-01  5.149193e-01
 3.50000e+00  2.80000e+00       1.387e+09  3.262171e-01  0.000000e+00 -4.559407e-01  6.737829e-01
 4.20000e+00  2.80000e+00       6.353e+08  1.618907e-01  0.000000e+00 -5.637469e-01  8.381093e-01
 4.90000e+00  2.80000e+00       1.836e+08  2.235497e-02  0.000000e+00 -6.009781e-01  9.776450e-01
 5.60000e+00  2.80000e+00       2.971e+07 -8.103225e-02  0.000000e+00 -6.025823e-01  9.189678e-01
 6.30000e+00  2.80000e+00       2.094e+06 -1.451271e-01  0.000000e+00 -5.968130e-01  8.548729e-01
 7.00000e+00  2.80000e+00       5.377e+04 -1.862951e-01  0.000000e+00 -5.832273e-01  8.137049e-01
-7.00000e+00  3.20000e+00       5.746e+02 -5.612118e-02  0.000000e+00 -4.580695e-02  9.438788e-01
-6.30000e+00  3.20000e+00       1.771e+04  1.371414e-01  0.000000e+00  5.374369e-01  8.628586e-01
-5.60000e+00  3.20000e+00       8.657e+05 -9.292735e-02  0.000000e+00  7.898245e-01  9.070726e-01
-4.90000e+00  3.20000e+00       1.775e+07 -1.098924e-01  0.000000e+00  7.963841e-01  8.901076e-01
-4.20000e+00  3.20000e+00       1.299e+08  1.338807e-02  0.000000e+00  6.994321e-01  9.866119e-01
-3.50000e+00  3.20000e+00       4.797e+08  2.997667e-01  0.000000e+00  4.596000e-01  7.002333e-01
-2.80000e+00  3.20000e+00       1.397e+09  5.028314e-01  0.000000e+00  2.594110e-01  4.971686e-01
-2.10000e+00  3.20000e+00       3.010e+09  5.613336e-01  0.000000e+00  1.993195e-01  4.386664e-01
-1.40000e+00  3.20000e+00       5.976e+09  6.919808e-01  0.000000e+00  1.597037e-01  3.080192e-01
-7.00000e-01  3.20000e+00       1.399e+10  8.852346e-01  0.000000e+00  6.817321e-02  1.147654e-01
 0.00000e+00  3.20000e+00       2.067e+10  9.497890e-01  0.000000e+00 -1.027426e-15  5.021095e-02
 7.00000e-01  3.20000e+00       1.399e+10  8.852346e-01  0.000000e+00 -6.817321e-02  1.147654e-01
 1.40000e+00  3.20000e+00       5.976e+09  6.919808e-01  0.000000e+00 -1.597037e-01  3.080192e-01
 2.10000e+00  3.20000e+00       3.010e+09  5.613336e-01  0.000000e+00 -1.993195e-01  4.386664e-01
 2.80000e+00  3.20000e+00       1.397e+09  5.028314e-01  0.000000e+00 -2.594110e-01  4.971686e-01
 3.50000e+00  3.20000e+00       4.797e+08  2.997667e-01  0.000000e+00 -4.596000e-01  7.002333e-01
 4.20000e+00  3.20000e+00       1.299e+08  1.338807e-02  0.000000e+00 -6.994321e-01  9.866119e-01
 4.90000e+00  3.20000e+00       1.775e+07 -1.098924e-01  0.000000e+00 -7.963841e-01  8.901076e-01
 5.60000e+00  3.20000e+00       8.657e+05 -9.292735e-02  0.000000e+00 -7.898245e-01  9.070726e-01
 6.30000e+00  3.20000e+00       1.771e+04  1.371414e-01  0.000000e+00 -5.374369e-01  8.628586e-01
 7.00000e+00  3.20000e+00       5.746e+02 -5.612118e-02  0.000000e+00  4.580695e-02  9.438788e-01
-7.00000e+00  3.60000e+00       3.633e+02 -2.853257e-02  0.000000e+00 -1.384110e-01  9.714674e-01
-6.30000e+00  3.60000e+00       1.940e+03  4.947734e-01  0.000000e+00 -1.378897e-01  5.052266e-01
-5.60000e+00  3.60000e+00       3.476e+05  9.882830e-01  0.000000e+00 -2.095057e-03  1.171700e-02
-4.90000e+00  3.60000e+00       7.386e+06  9.486880e-01  0.000000e+00  1.895782e-02  5.131196e-02
-4.20000e+00  3.60000e+00       3.764e+07  8.606318e-01  0.000000e+00  8.102467e-02  1.393682e-01
-3.50000e+00  3.60000e+00       1.373e+07 -9.906341e-01  0.000000e+00  1.375878e+00  9.365892e-03
-2.80000e+00  3.60000e+00       2.814e+08  6.841516e-01  0.000000e+00  2.017690e-01  3.158484e-01
-2.10000e+00  3.60000e+00       8.820e+08  7.207507e-01  0.000000e+00  1.979725e-01  2.792493e-01
-1.40000e+00  3.60000e+00       2.900e+09  8.491437e-01  0.000000e+00  1.640637e-01  1.508563e-01
-7.00000e-01  3.60000e+00       9.278e+09  9.939981e-01  0.000000e+00  6.154034e-02  6.001935e-03
 0.00000e+00  3.60000e+00       1.517e+10  9.643951e-01  0.000000e+00 -8.963797e-16  3.560488e-02
 7.00000e-01  3.60000e+00       9.278e+09  9.939981e-01  0.000000e+00 -6.154034e-02  6.001935e-03
 1.40000e+00  3.60000e+00       2.900e+09  8.491437e-01  0.000000e+00 -1.640637e-01  1.508563e-01
 2.10000e+00  3.60000e+00       8.820e+08  7.207507e-01  0.000000e+00 -1.979725e-01  2.792493e-01
 2.80000e+00  3.60000e+00       2.814e+08  6.841516e-01  0.000000e+00 -2.017690e-01  3.158484e-01
 3.50000e+00  3.60000e+00       1.373e+07 -9.906341e-01  0.000000e+00 -1.375878e+00  9.365892e-03
 4.20000e+00  3.60000e+00       3.764e+07  8.606318e-01  0.000000e+00 -8.102467e-02  1.393682e-01
 4.90000e+00  3.60000e+00       7.386e+06  9.486880e-01  0.000000e+00 -1.895782e-02  5.131196e-02
 5.60000e+00  3.60000e+00       3.476e+05  9.882830e-01  0.000000e+00  2.095057e-03  1.171700e-02
 6.30000e+00  3.60000e+00       1.940e+03  4.947734e-01  0.000000e+00  1.378897e-01  5.052266e-01
 7.00000e+00  3.60000e+00       3.633e+02 -2.853257e-02  0.000000e+00  1.384110e-01  9.714674e-01
-7.00000e+00  4.00000e+00       2.864e+02  2.373711e-02  0.000000e+00 -1.203770e-01  9.762629e-01
-6.30000e+00  4.00000e+00       1.609e+03  5.871014e-01  0.000000e+00 -1.107942e-01  4.128986e-01
-5.60000e+00  4.00000e+00       3.038e+05  9.956981e-01  0.000000e+00 -1.083865e-02  4.301928e-03
-4.90000e+00  4.00000e+00       6.508e+06  9.877819e-01  0.000000e+00 -6.613126e-03  1.221812e-02
-4.20000e+00  4.00000e+00       3.479e+07  9.799369e-01  0.000000e+00  5.679858e-04  2.006306e-02
-3.50000e+00  4.00000e+00       3.034e+07  9.702667e-01  0.000000e+00  3.513548e-02  2.973327e-02
-2.80000e+00  4.00000e+00       8.675e+07  7.953562e-01  0.000000e+00  2.303381e-02  2.046438e-01
-2.10000e+00  4.00000e+00       3.324e+08  9.114058e-01  0.000000e+00  1.499766e-01  8.859424e-02
-1.40000e+00  4.00000e+00       1.772e+09  9.895319e-01  0.000000e+00  1.418891e-01  1.046810e-02
-7.00000e-01  4.00000e+00       7.643e+09  9.576549e-01  0.000000e+00  4.528968e-02  4.234512e-02
 0.00000e+00  4.00000e+00       1.290e+10  9.444920e-01  0.000000e+00 -7.483343e-16  5.550803e-02
 7.00000e-01  4.00000e+00       7.643e+09  9.576549e-01  0.000000e+00 -4.528968e-02  4.234512e-02
 1.40000e+00  4.00000e+00       1.772e+09  9.895319e-01  0.000000e+00 -1.418891e-01  1.046810e-02
 2.10000e+00  4.00000e+00       3.324e+08  9.114058e-01  0.000000e+00 -1.499766e-01  8.859424e-02
 2.80000e+00  4.00000e+00       8.675e+07  7.953562e-01  0.000000e+00 -2.303381e-02  2.046438e-01
 3.50000e+00  4.00000e+00       3.034e+07  9.702667e-01  0.000000e+00 -3.513548e-02  2.973327e-02
 4.20000e+00  4.00000e+00       3.479e+07  9.799369e-01  0.000000e+00 -5.679858e-04  2.006306e-02
 4.90000e+00  4.00000e+00       6.508e+06  9.877819e-01  0.000000e+00  6.613126e-03  1.221812e-02
 5.60000e+00  4.00000e+00       3.038e+05  9.956981e-01  0.000000e+00  1.083865e-02  4.301928e-03
 6.30000e+00  4.00000e+00       1.609e+03  5.871014e-01  0.000000e+00  1.107942e-01  4.128986e-01
 7.00000e+00  4.00000e+00       2.864e+02  2.373710e-02  0.000000e+00  1.203771e-01  9.762629e-01
