 EB(GeV)    EMITTANCEx EMITTANCEy SIZEx(m)   SIZEy(m)   DIVx(rad)  DIVy(rad)
 2.411e+00  5.499e-09  1.017e-12  8.711e-05  1.009e-06  6.313e-05  1.009e-06
 betax      alphax     betay      alphay     eta        deta       E_spread  
 1.380e+00  0.000e+00  1.000e+00  0.000e+00  0.000e+00  0.000e+00  8.600e-04
 Ibeam(A)   period(cm) #periods   Kx         Ky         Energy(eV)
 4.005e-01  1.900e+00         96  0.000e+00  1.780e+00  4.647e+04


           x            y       F.Density            PL            PC          PL45        1-|PL|
          mm           mm  ph/s/mr^2/0.1%             -             -             -             -
-7.00000e+00 -4.00000e+00       1.681e+00 -6.434373e-01  0.000000e+00  3.218435e-01  3.565627e-01
-6.30000e+00 -4.00000e+00       1.452e+01 -7.131598e-01  0.000000e+00  2.565625e-01  2.868402e-01
-5.60000e+00 -4.00000e+00       4.540e+01 -8.804791e-01  0.000000e+00  2.086717e-01  1.195209e-01
-4.90000e+00 -4.00000e+00       1.053e+02 -2.536263e-01  0.000000e+00 -3.476321e-03  7.463737e-01
-4.20000e+00 -4.00000e+00       1.463e+03  7.219082e-01  0.000000e+00 -9.457655e-02  2.780918e-01
-3.50000e+00 -4.00000e+00       1.352e+04  7.617329e-01  0.000000e+00 -7.006921e-02  2.382671e-01
-2.80000e+00 -4.00000e+00       2.392e+05  5.271005e-01  0.000000e+00 -7.744849e-02  4.728995e-01
-2.10000e+00 -4.00000e+00       5.209e+06  4.725580e-01  0.000000e+00 -7.037503e-02  5.274420e-01
-1.40000e+00 -4.00000e+00       4.527e+07  4.770912e-01  0.000000e+00 -5.561033e-02  5.229088e-01
-7.00000e-01 -4.00000e+00       1.477e+08  4.753328e-01  0.000000e+00 -3.315476e-02  5.246672e-01
 0.00000e+00 -4.00000e+00       2.119e+08  4.723122e-01  0.000000e+00 -7.008695e-17  5.276878e-01
 7.00000e-01 -4.00000e+00       1.477e+08  4.753328e-01  0.000000e+00  3.315476e-02  5.246672e-01
 1.40000e+00 -4.00000e+00       4.527e+07  4.770912e-01  0.000000e+00  5.561033e-02  5.229088e-01
 2.10000e+00 -4.00000e+00       5.209e+06  4.725580e-01  0.000000e+00  7.037503e-02  5.274420e-01
 2.80000e+00 -4.00000e+00       2.392e+05  5.271005e-01  0.000000e+00  7.744849e-02  4.728995e-01
 3.50000e+00 -4.00000e+00       1.352e+04  7.617329e-01  0.000000e+00  7.006921e-02  2.382671e-01
 4.20000e+00 -4.00000e+00       1.463e+03  7.219082e-01  0.000000e+00  9.457655e-02  2.780918e-01
 4.90000e+00 -4.00000e+00       1.053e+02 -2.536263e-01  0.000000e+00  3.476321e-03  7.463737e-01
 5.60000e+00 -4.00000e+00       4.540e+01 -8.804791e-01  0.000000e+00 -2.086717e-01  1.195209e-01
 6.30000e+00 -4.00000e+00       1.452e+01 -7.131598e-01  0.000000e+00 -2.565625e-01  2.868402e-01
 7.00000e+00 -4.00000e+00       1.681e+00 -6.434372e-01  0.000000e+00 -3.218436e-01  3.565628e-01
-7.00000e+00 -3.60000e+00       3.189e+00 -5.578158e-01  0.000000e+00  5.949928e-01  4.421842e-01
-6.30000e+00 -3.60000e+00       1.397e+01 -5.739390e-01  0.000000e+00  3.802365e-01  4.260610e-01
-5.60000e+00 -3.60000e+00       3.069e+01 -8.156601e-01  0.000000e+00  2.483154e-01  1.843399e-01
-4.90000e+00 -3.60000e+00       9.387e+01  3.028842e-02  0.000000e+00 -7.550468e-02  9.697116e-01
-4.20000e+00 -3.60000e+00       1.715e+03  7.482017e-01  0.000000e+00 -1.120165e-01  2.517983e-01
-3.50000e+00 -3.60000e+00       1.331e+04  8.182271e-01  0.000000e+00 -7.082632e-02  1.817729e-01
-2.80000e+00 -3.60000e+00       1.322e+05  5.484621e-01  0.000000e+00 -4.937618e-02  4.515379e-01
-2.10000e+00 -3.60000e+00       3.635e+06  4.402908e-01  0.000000e+00 -4.014641e-02  5.597092e-01
-1.40000e+00 -3.60000e+00       4.439e+07  4.598666e-01  0.000000e+00 -2.911943e-02  5.401334e-01
-7.00000e-01 -3.60000e+00       1.871e+08  4.649387e-01  0.000000e+00 -1.629417e-02  5.350613e-01
 0.00000e+00 -3.60000e+00       2.976e+08  4.648047e-01  0.000000e+00 -3.396168e-16  5.351953e-01
 7.00000e-01 -3.60000e+00       1.871e+08  4.649387e-01  0.000000e+00  1.629417e-02  5.350613e-01
 1.40000e+00 -3.60000e+00       4.439e+07  4.598666e-01  0.000000e+00  2.911943e-02  5.401334e-01
 2.10000e+00 -3.60000e+00       3.635e+06  4.402908e-01  0.000000e+00  4.014641e-02  5.597092e-01
 2.80000e+00 -3.60000e+00       1.322e+05  5.484621e-01  0.000000e+00  4.937618e-02  4.515379e-01
 3.50000e+00 -3.60000e+00       1.331e+04  8.182271e-01  0.000000e+00  7.082632e-02  1.817729e-01
 4.20000e+00 -3.60000e+00       1.715e+03  7.482017e-01  0.000000e+00  1.120165e-01  2.517983e-01
 4.90000e+00 -3.60000e+00       9.387e+01  3.028842e-02  0.000000e+00  7.550468e-02  9.697116e-01
 5.60000e+00 -3.60000e+00       3.069e+01 -8.156601e-01  0.000000e+00 -2.483154e-01  1.843399e-01
 6.30000e+00 -3.60000e+00       1.397e+01 -5.739390e-01  0.000000e+00 -3.802365e-01  4.260610e-01
 7.00000e+00 -3.60000e+00       3.189e+00 -5.578158e-01  0.000000e+00 -5.949928e-01  4.421842e-01
-7.00000e+00 -3.20000e+00       1.311e+01 -3.982612e-01  0.000000e+00  8.442828e-01  6.017388e-01
-6.30000e+00 -3.20000e+00       2.383e+01 -4.666344e-01  0.000000e+00  5.727301e-01  5.333656e-01
-5.60000e+00 -3.20000e+00       3.364e+01 -8.656012e-01  0.000000e+00  2.346449e-01  1.343988e-01
-4.90000e+00 -3.20000e+00       1.258e+02  2.354060e-02  0.000000e+00 -1.581947e-01  9.764594e-01
-4.20000e+00 -3.20000e+00       2.206e+03  7.300915e-01  0.000000e+00 -1.383724e-01  2.699085e-01
-3.50000e+00 -3.20000e+00       1.647e+04  8.197039e-01  0.000000e+00 -8.633318e-02  1.802961e-01
-2.80000e+00 -3.20000e+00       1.428e+05  5.570525e-01  0.000000e+00 -4.235437e-02  4.429475e-01
-2.10000e+00 -3.20000e+00       4.364e+06  4.359226e-01  0.000000e+00 -2.631028e-02  5.640774e-01
-1.40000e+00 -3.20000e+00       6.075e+07  4.588756e-01  0.000000e+00 -1.792233e-02  5.411244e-01
-7.00000e-01 -3.20000e+00       2.818e+08  4.652940e-01  0.000000e+00 -9.737045e-03  5.347060e-01
 0.00000e+00 -3.20000e+00       4.654e+08  4.659067e-01  0.000000e+00  2.094901e-16  5.340933e-01
 7.00000e-01 -3.20000e+00       2.818e+08  4.652940e-01  0.000000e+00  9.737045e-03  5.347060e-01
 1.40000e+00 -3.20000e+00       6.075e+07  4.588756e-01  0.000000e+00  1.792233e-02  5.411244e-01
 2.10000e+00 -3.20000e+00       4.364e+06  4.359226e-01  0.000000e+00  2.631028e-02  5.640774e-01
 2.80000e+00 -3.20000e+00       1.428e+05  5.570525e-01  0.000000e+00  4.235437e-02  4.429475e-01
 3.50000e+00 -3.20000e+00       1.647e+04  8.197039e-01  0.000000e+00  8.633318e-02  1.802961e-01
 4.20000e+00 -3.20000e+00       2.206e+03  7.300915e-01  0.000000e+00  1.383724e-01  2.699085e-01
 4.90000e+00 -3.20000e+00       1.258e+02  2.354060e-02  0.000000e+00  1.581947e-01  9.764594e-01
 5.60000e+00 -3.20000e+00       3.364e+01 -8.656012e-01  0.000000e+00 -2.346449e-01  1.343988e-01
 6.30000e+00 -3.20000e+00       2.383e+01 -4.666345e-01  0.000000e+00 -5.727301e-01  5.333655e-01
 7.00000e+00 -3.20000e+00       1.311e+01 -3.982612e-01  0.000000e+00 -8.442828e-01  6.017388e-01
-7.00000e+00 -2.80000e+00       1.491e+01 -2.186868e-01  0.000000e+00  8.850669e-01  7.813132e-01
-6.30000e+00 -2.80000e+00       2.745e+01 -4.199856e-01  0.000000e+00  5.581129e-01  5.800144e-01
-5.60000e+00 -2.80000e+00       4.261e+01 -9.383059e-01  0.000000e+00  3.053084e-01  6.169411e-02
-4.90000e+00 -2.80000e+00       1.712e+02  1.181044e-01  0.000000e+00 -1.650926e-01  8.818956e-01
-4.20000e+00 -2.80000e+00       3.071e+03  7.306898e-01  0.000000e+00 -1.670927e-01  2.693102e-01
-3.50000e+00 -2.80000e+00       2.196e+04  8.199626e-01  0.000000e+00 -1.125121e-01  1.800374e-01
-2.80000e+00 -2.80000e+00       9.684e+04  6.381713e-01  0.000000e+00 -6.219852e-02  3.618287e-01
-2.10000e+00 -2.80000e+00       2.761e+06  3.959133e-01  0.000000e+00 -1.366826e-02  6.040867e-01
-1.40000e+00 -2.80000e+00       5.248e+07  4.533127e-01  0.000000e+00 -5.686346e-03  5.466873e-01
-7.00000e-01 -2.80000e+00       2.948e+08  4.675277e-01  0.000000e+00 -2.793571e-03  5.324723e-01
 0.00000e+00 -2.80000e+00       5.210e+08  4.698101e-01  0.000000e+00  1.575810e-16  5.301899e-01
 7.00000e-01 -2.80000e+00       2.948e+08  4.675277e-01  0.000000e+00  2.793571e-03  5.324723e-01
 1.40000e+00 -2.80000e+00       5.248e+07  4.533127e-01  0.000000e+00  5.686346e-03  5.466873e-01
 2.10000e+00 -2.80000e+00       2.761e+06  3.959133e-01  0.000000e+00  1.366826e-02  6.040867e-01
 2.80000e+00 -2.80000e+00       9.684e+04  6.381713e-01  0.000000e+00  6.219852e-02  3.618287e-01
 3.50000e+00 -2.80000e+00       2.196e+04  8.199626e-01  0.000000e+00  1.125121e-01  1.800374e-01
 4.20000e+00 -2.80000e+00       3.071e+03  7.306898e-01  0.000000e+00  1.670927e-01  2.693102e-01
 4.90000e+00 -2.80000e+00       1.712e+02  1.181044e-01  0.000000e+00  1.650926e-01  8.818956e-01
 5.60000e+00 -2.80000e+00       4.261e+01 -9.383059e-01  0.000000e+00 -3.053084e-01  6.169411e-02
 6.30000e+00 -2.80000e+00       2.745e+01 -4.199856e-01  0.000000e+00 -5.581129e-01  5.800144e-01
 7.00000e+00 -2.80000e+00       1.491e+01 -2.186868e-01  0.000000e+00 -8.850669e-01  7.813132e-01
-7.00000e+00 -2.40000e+00       2.260e+01 -8.124795e-02  0.000000e+00  9.099464e-01  9.187521e-01
-6.30000e+00 -2.40000e+00       4.140e+01 -3.296343e-01  0.000000e+00  6.222777e-01  6.703657e-01
-5.60000e+00 -2.40000e+00       6.266e+01 -9.059232e-01  0.000000e+00  3.209382e-01  9.407685e-02
-4.90000e+00 -2.40000e+00       3.460e+02  1.938842e-01  0.000000e+00 -2.072472e-01  8.061158e-01
-4.20000e+00 -2.40000e+00       1.120e+04  6.105439e-01  0.000000e+00 -1.511748e-01  3.894561e-01
-3.50000e+00 -2.40000e+00       4.131e+05  5.531740e-01  0.000000e+00 -9.396953e-02  4.468260e-01
-2.80000e+00 -2.40000e+00       8.793e+06  5.309183e-01  0.000000e+00 -7.922562e-02  4.690817e-01
-2.10000e+00 -2.40000e+00       7.597e+07  5.215978e-01  0.000000e+00 -6.653039e-02  4.784022e-01
-1.40000e+00 -2.40000e+00       2.830e+08  5.132391e-01  0.000000e+00 -4.944269e-02  4.867609e-01
-7.00000e-01 -2.40000e+00       5.158e+08  5.010655e-01  0.000000e+00 -2.866144e-02  4.989345e-01
 0.00000e+00 -2.40000e+00       5.852e+08  4.920525e-01  0.000000e+00 -5.890478e-16  5.079475e-01
 7.00000e-01 -2.40000e+00       5.158e+08  5.010655e-01  0.000000e+00  2.866144e-02  4.989345e-01
 1.40000e+00 -2.40000e+00       2.830e+08  5.132391e-01  0.000000e+00  4.944269e-02  4.867609e-01
 2.10000e+00 -2.40000e+00       7.597e+07  5.215978e-01  0.000000e+00  6.653039e-02  4.784022e-01
 2.80000e+00 -2.40000e+00       8.793e+06  5.309183e-01  0.000000e+00  7.922562e-02  4.690817e-01
 3.50000e+00 -2.40000e+00       4.131e+05  5.531740e-01  0.000000e+00  9.396953e-02  4.468260e-01
 4.20000e+00 -2.40000e+00       1.120e+04  6.105439e-01  0.000000e+00  1.511748e-01  3.894561e-01
 4.90000e+00 -2.40000e+00       3.460e+02  1.938842e-01  0.000000e+00  2.072472e-01  8.061158e-01
 5.60000e+00 -2.40000e+00       6.266e+01 -9.059232e-01  0.000000e+00 -3.209382e-01  9.407685e-02
 6.30000e+00 -2.40000e+00       4.140e+01 -3.296343e-01  0.000000e+00 -6.222777e-01  6.703657e-01
 7.00000e+00 -2.40000e+00       2.260e+01 -8.124795e-02  0.000000e+00 -9.099464e-01  9.187521e-01
-7.00000e+00 -2.00000e+00       3.040e+01  6.431984e-02  0.000000e+00  8.977763e-01  9.356802e-01
-6.30000e+00 -2.00000e+00       6.249e+01 -2.277353e-01  0.000000e+00  6.033870e-01  7.722647e-01
-5.60000e+00 -2.00000e+00       7.246e+02  3.940403e-01  0.000000e+00 -1.232785e-01  6.059597e-01
-4.90000e+00 -2.00000e+00       7.924e+04  5.814078e-01  0.000000e+00 -1.986270e-01  4.185922e-01
-4.20000e+00 -2.00000e+00       3.195e+06  5.838700e-01  0.000000e+00 -1.901480e-01  4.161300e-01
-3.50000e+00 -2.00000e+00       4.392e+07  5.837620e-01  0.000000e+00 -1.746658e-01  4.162380e-01
-2.80000e+00 -2.00000e+00       2.344e+08  5.822734e-01  0.000000e+00 -1.464940e-01  4.177266e-01
-2.10000e+00 -2.00000e+00       6.282e+08  5.767666e-01  0.000000e+00 -1.028449e-01  4.232334e-01
-1.40000e+00 -2.00000e+00       1.171e+09  5.662315e-01  0.000000e+00 -5.646596e-02  4.337685e-01
-7.00000e-01 -2.00000e+00       1.811e+09  5.551236e-01  0.000000e+00 -2.249513e-02  4.448764e-01
 0.00000e+00 -2.00000e+00       2.167e+09  5.502661e-01  0.000000e+00 -3.726776e-16  4.497339e-01
 7.00000e-01 -2.00000e+00       1.811e+09  5.551236e-01  0.000000e+00  2.249513e-02  4.448764e-01
 1.40000e+00 -2.00000e+00       1.171e+09  5.662315e-01  0.000000e+00  5.646596e-02  4.337685e-01
 2.10000e+00 -2.00000e+00       6.282e+08  5.767666e-01  0.000000e+00  1.028449e-01  4.232334e-01
 2.80000e+00 -2.00000e+00       2.344e+08  5.822734e-01  0.000000e+00  1.464940e-01  4.177266e-01
 3.50000e+00 -2.00000e+00       4.392e+07  5.837620e-01  0.000000e+00  1.746658e-01  4.162380e-01
 4.20000e+00 -2.00000e+00       3.195e+06  5.838700e-01  0.000000e+00  1.901480e-01  4.161300e-01
 4.90000e+00 -2.00000e+00       7.924e+04  5.814078e-01  0.000000e+00  1.986270e-01  4.185922e-01
 5.60000e+00 -2.00000e+00       7.246e+02  3.940403e-01  0.000000e+00  1.232785e-01  6.059597e-01
 6.30000e+00 -2.00000e+00       6.249e+01 -2.277353e-01  0.000000e+00 -6.033870e-01  7.722647e-01
 7.00000e+00 -2.00000e+00       3.040e+01  6.431984e-02  0.000000e+00 -8.977763e-01  9.356802e-01
-7.00000e+00 -1.60000e+00       3.696e+01  2.182003e-01  0.000000e+00  8.511762e-01  7.817997e-01
-6.30000e+00 -1.60000e+00       8.514e+01 -7.488385e-02  0.000000e+00  6.143165e-01  9.251161e-01
-5.60000e+00 -1.60000e+00       3.601e+02  2.159388e-01  0.000000e+00  8.757656e-02  7.840612e-01
-4.90000e+00 -1.60000e+00       4.544e+04  6.470264e-01  0.000000e+00 -1.163966e-01  3.529736e-01
-4.20000e+00 -1.60000e+00       2.964e+06  6.531208e-01  0.000000e+00 -1.107974e-01  3.468792e-01
-3.50000e+00 -1.60000e+00       6.466e+07  6.528188e-01  0.000000e+00 -1.036306e-01  3.471812e-01
-2.80000e+00 -1.60000e+00       4.945e+08  6.508031e-01  0.000000e+00 -9.292972e-02  3.491969e-01
-2.10000e+00 -1.60000e+00       1.536e+09  6.460084e-01  0.000000e+00 -7.446291e-02  3.539916e-01
-1.40000e+00 -1.60000e+00       2.670e+09  6.366009e-01  0.000000e+00 -4.559475e-02  3.633991e-01
-7.00000e-01 -1.60000e+00       3.953e+09  6.252358e-01  0.000000e+00 -1.621045e-02  3.747642e-01
 0.00000e+00 -1.60000e+00       4.865e+09  6.208351e-01  0.000000e+00 -6.464689e-16  3.791649e-01
 7.00000e-01 -1.60000e+00       3.953e+09  6.252358e-01  0.000000e+00  1.621045e-02  3.747642e-01
 1.40000e+00 -1.60000e+00       2.670e+09  6.366009e-01  0.000000e+00  4.559475e-02  3.633991e-01
 2.10000e+00 -1.60000e+00       1.536e+09  6.460084e-01  0.000000e+00  7.446291e-02  3.539916e-01
 2.80000e+00 -1.60000e+00       4.945e+08  6.508031e-01  0.000000e+00  9.292972e-02  3.491969e-01
 3.50000e+00 -1.60000e+00       6.466e+07  6.528188e-01  0.000000e+00  1.036306e-01  3.471812e-01
 4.20000e+00 -1.60000e+00       2.964e+06  6.531208e-01  0.000000e+00  1.107974e-01  3.468792e-01
 4.90000e+00 -1.60000e+00       4.544e+04  6.470264e-01  0.000000e+00  1.163966e-01  3.529736e-01
 5.60000e+00 -1.60000e+00       3.601e+02  2.159388e-01  0.000000e+00 -8.757656e-02  7.840612e-01
 6.30000e+00 -1.60000e+00       8.514e+01 -7.488385e-02  0.000000e+00 -6.143165e-01  9.251161e-01
 7.00000e+00 -1.60000e+00       3.696e+01  2.182003e-01  0.000000e+00 -8.511762e-01  7.817997e-01
-7.00000e+00 -1.20000e+00       4.937e+01  4.091058e-01  0.000000e+00  7.248302e-01  5.908942e-01
-6.30000e+00 -1.20000e+00       2.155e+02  3.162572e-01  0.000000e+00  3.600679e-01  6.837428e-01
-5.60000e+00 -1.20000e+00       7.278e+03  6.594374e-01  0.000000e+00  2.236152e-01  3.405626e-01
-4.90000e+00 -1.20000e+00       3.287e+05  6.816870e-01  0.000000e+00  2.191156e-01  3.183130e-01
-4.20000e+00 -1.20000e+00       8.562e+06  6.762869e-01  0.000000e+00  1.332364e-01  3.237131e-01
-3.50000e+00 -1.20000e+00       1.184e+08  6.798113e-01  0.000000e+00  3.831568e-02  3.201887e-01
-2.80000e+00 -1.20000e+00       7.648e+08  6.879770e-01  0.000000e+00  4.647484e-03  3.120230e-01
-2.10000e+00 -1.20000e+00       2.526e+09  6.931206e-01  0.000000e+00  3.909662e-02  3.068794e-01
-1.40000e+00 -1.20000e+00       5.280e+09  6.717395e-01  0.000000e+00  8.581553e-02  3.282605e-01
-7.00000e-01 -1.20000e+00       8.171e+09  6.246503e-01  0.000000e+00  6.452142e-02  3.753497e-01
 0.00000e+00 -1.20000e+00       9.726e+09  6.038733e-01  0.000000e+00  1.739011e-14  3.961267e-01
 7.00000e-01 -1.20000e+00       8.171e+09  6.246503e-01  0.000000e+00 -6.452142e-02  3.753497e-01
 1.40000e+00 -1.20000e+00       5.280e+09  6.717395e-01  0.000000e+00 -8.581553e-02  3.282605e-01
 2.10000e+00 -1.20000e+00       2.526e+09  6.931206e-01  0.000000e+00 -3.909662e-02  3.068794e-01
 2.80000e+00 -1.20000e+00       7.648e+08  6.879770e-01  0.000000e+00 -4.647484e-03  3.120230e-01
 3.50000e+00 -1.20000e+00       1.184e+08  6.798113e-01  0.000000e+00 -3.831568e-02  3.201887e-01
 4.20000e+00 -1.20000e+00       8.562e+06  6.762869e-01  0.000000e+00 -1.332364e-01  3.237131e-01
 4.90000e+00 -1.20000e+00       3.287e+05  6.816870e-01  0.000000e+00 -2.191156e-01  3.183130e-01
 5.60000e+00 -1.20000e+00       7.278e+03  6.594374e-01  0.000000e+00 -2.236152e-01  3.405626e-01
 6.30000e+00 -1.20000e+00       2.155e+02  3.162572e-01  0.000000e+00 -3.600679e-01  6.837428e-01
 7.00000e+00 -1.20000e+00       4.937e+01  4.091058e-01  0.000000e+00 -7.248302e-01  5.908942e-01
-7.00000e+00 -8.00000e-01       1.308e+02  4.450119e-01  0.000000e+00  2.505874e-01  5.549881e-01
-6.30000e+00 -8.00000e-01       5.480e+03  6.932358e-01  0.000000e+00 -9.612769e-04  3.067642e-01
-5.60000e+00 -8.00000e-01       3.716e+05  7.932874e-01  0.000000e+00 -1.695420e-02  2.067126e-01
-4.90000e+00 -8.00000e-01       1.333e+07  8.033717e-01  0.000000e+00 -8.729329e-03  1.966283e-01
-4.20000e+00 -8.00000e-01       2.322e+08  8.004602e-01  0.000000e+00 -6.527439e-03  1.995398e-01
-3.50000e+00 -8.00000e-01       2.158e+09  7.904116e-01  0.000000e+00 -3.258129e-03  2.095884e-01
-2.80000e+00 -8.00000e-01       1.172e+10  7.858116e-01  0.000000e+00  1.490375e-02  2.141884e-01
-2.10000e+00 -8.00000e-01       3.949e+10  7.916914e-01  0.000000e+00  5.428680e-02  2.083086e-01
-1.40000e+00 -8.00000e-01       8.714e+10  8.003426e-01  0.000000e+00  8.291975e-02  1.996574e-01
-7.00000e-01 -8.00000e-01       1.295e+11  8.047648e-01  0.000000e+00  5.469204e-02  1.952352e-01
 0.00000e+00 -8.00000e-01       1.419e+11  8.055657e-01  0.000000e+00 -3.662358e-15  1.944343e-01
 7.00000e-01 -8.00000e-01       1.295e+11  8.047648e-01  0.000000e+00 -5.469204e-02  1.952352e-01
 1.40000e+00 -8.00000e-01       8.714e+10  8.003426e-01  0.000000e+00 -8.291975e-02  1.996574e-01
 2.10000e+00 -8.00000e-01       3.949e+10  7.916914e-01  0.000000e+00 -5.428680e-02  2.083086e-01
 2.80000e+00 -8.00000e-01       1.172e+10  7.858116e-01  0.000000e+00 -1.490375e-02  2.141884e-01
 3.50000e+00 -8.00000e-01       2.158e+09  7.904116e-01  0.000000e+00  3.258129e-03  2.095884e-01
 4.20000e+00 -8.00000e-01       2.322e+08  8.004602e-01  0.000000e+00  6.527439e-03  1.995398e-01
 4.90000e+00 -8.00000e-01       1.333e+07  8.033717e-01  0.000000e+00  8.729329e-03  1.966283e-01
 5.60000e+00 -8.00000e-01       3.716e+05  7.932874e-01  0.000000e+00  1.695420e-02  2.067126e-01
 6.30000e+00 -8.00000e-01       5.480e+03  6.932358e-01  0.000000e+00  9.612765e-04  3.067642e-01
 7.00000e+00 -8.00000e-01       1.308e+02  4.450119e-01  0.000000e+00 -2.505874e-01  5.549881e-01
-7.00000e+00 -4.00000e-01       4.856e+02  8.305866e-01  0.000000e+00  5.039822e-02  1.694134e-01
-6.30000e+00 -4.00000e-01       5.541e+04  9.234856e-01  0.000000e+00  7.030329e-03  7.651442e-02
-5.60000e+00 -4.00000e-01       3.674e+06  9.343562e-01  0.000000e+00 -4.830675e-03  6.564379e-02
-4.90000e+00 -4.00000e-01       1.179e+08  9.364886e-01  0.000000e+00 -5.641230e-03  6.351143e-02
-4.20000e+00 -4.00000e-01       1.877e+09  9.368993e-01  0.000000e+00 -4.135575e-03  6.310069e-02
-3.50000e+00 -4.00000e-01       1.600e+10  9.371880e-01  0.000000e+00 -4.169332e-03  6.281204e-02
-2.80000e+00 -4.00000e-01       7.977e+10  9.383736e-01  0.000000e+00 -9.777136e-03  6.162639e-02
-2.10000e+00 -4.00000e-01       2.551e+11  9.406566e-01  0.000000e+00 -3.321441e-02  5.934343e-02
-1.40000e+00 -4.00000e-01       5.836e+11  9.393820e-01  0.000000e+00 -5.918296e-02  6.061799e-02
-7.00000e-01 -4.00000e-01       1.097e+12  9.337485e-01  0.000000e+00 -3.854176e-02  6.625149e-02
 0.00000e+00 -4.00000e-01       1.456e+12  9.317098e-01  0.000000e+00 -1.292045e-15  6.829019e-02
 7.00000e-01 -4.00000e-01       1.097e+12  9.337485e-01  0.000000e+00  3.854176e-02  6.625149e-02
 1.40000e+00 -4.00000e-01       5.836e+11  9.393820e-01  0.000000e+00  5.918296e-02  6.061799e-02
 2.10000e+00 -4.00000e-01       2.551e+11  9.406566e-01  0.000000e+00  3.321441e-02  5.934343e-02
 2.80000e+00 -4.00000e-01       7.977e+10  9.383736e-01  0.000000e+00  9.777136e-03  6.162639e-02
 3.50000e+00 -4.00000e-01       1.600e+10  9.371880e-01  0.000000e+00  4.169332e-03  6.281204e-02
 4.20000e+00 -4.00000e-01       1.877e+09  9.368993e-01  0.000000e+00  4.135575e-03  6.310069e-02
 4.90000e+00 -4.00000e-01       1.179e+08  9.364886e-01  0.000000e+00  5.641230e-03  6.351143e-02
 5.60000e+00 -4.00000e-01       3.674e+06  9.343562e-01  0.000000e+00  4.830675e-03  6.564379e-02
 6.30000e+00 -4.00000e-01       5.541e+04  9.234856e-01  0.000000e+00 -7.030330e-03  7.651442e-02
 7.00000e+00 -4.00000e-01       4.856e+02  8.305866e-01  0.000000e+00 -5.039822e-02  1.694134e-01
-7.00000e+00  0.00000e+00       6.804e+03  9.981899e-01  0.000000e+00 -7.301553e-13  1.810147e-03
-6.30000e+00  0.00000e+00       3.254e+05  9.995284e-01  0.000000e+00 -1.764770e-13  4.716292e-04
-5.60000e+00  0.00000e+00       1.011e+07  9.999103e-01  0.000000e+00 -2.973259e-12  8.968114e-05
-4.90000e+00  0.00000e+00       2.557e+08  9.999532e-01  0.000000e+00 -1.852241e-11  4.682342e-05
-4.20000e+00  0.00000e+00       3.836e+09  9.999552e-01  0.000000e+00 -5.919083e-11  4.481154e-05
-3.50000e+00  0.00000e+00       3.148e+10  9.999558e-01  0.000000e+00 -1.062418e-10  4.415099e-05
-2.80000e+00  0.00000e+00       1.530e+11  9.999571e-01  0.000000e+00 -9.902768e-11  4.288044e-05
-2.10000e+00  0.00000e+00       4.923e+11  9.999608e-01  0.000000e+00 -3.813402e-11  3.916792e-05
-1.40000e+00  0.00000e+00       1.057e+12  9.999684e-01  0.000000e+00  4.363381e-12  3.161317e-05
-7.00000e-01  0.00000e+00       1.324e+12  9.999859e-01  0.000000e+00  1.254480e-11  1.407431e-05
 0.00000e+00  0.00000e+00       1.211e+12  9.999931e-01  0.000000e+00 -3.544257e-18  6.914590e-06
 7.00000e-01  0.00000e+00       1.324e+12  9.999859e-01  0.000000e+00 -1.254480e-11  1.407431e-05
 1.40000e+00  0.00000e+00       1.057e+12  9.999684e-01  0.000000e+00 -4.363379e-12  3.161317e-05
 2.10000e+00  0.00000e+00       4.923e+11  9.999608e-01  0.000000e+00  3.813402e-11  3.916792e-05
 2.80000e+00  0.00000e+00       1.530e+11  9.999571e-01  0.000000e+00  9.902767e-11  4.288044e-05
 3.50000e+00  0.00000e+00       3.148e+10  9.999558e-01  0.000000e+00  1.062418e-10  4.415099e-05
 4.20000e+00  0.00000e+00       3.836e+09  9.999552e-01  0.000000e+00  5.919079e-11  4.481154e-05
 4.90000e+00  0.00000e+00       2.557e+08  9.999532e-01  0.000000e+00  1.852240e-11  4.682342e-05
 5.60000e+00  0.00000e+00       1.011e+07  9.999103e-01  0.000000e+00  2.973879e-12  8.968114e-05
 6.30000e+00  0.00000e+00       3.254e+05  9.995284e-01  0.000000e+00  1.723451e-13  4.716292e-04
 7.00000e+00  0.00000e+00       6.804e+03  9.981899e-01  0.000000e+00 -2.935252e-13  1.810147e-03
-7.00000e+00  4.00000e-01       4.856e+02  8.305866e-01  0.000000e+00 -5.039822e-02  1.694134e-01
-6.30000e+00  4.00000e-01       5.541e+04  9.234856e-01  0.000000e+00 -7.030329e-03  7.651442e-02
-5.60000e+00  4.00000e-01       3.674e+06  9.343562e-01  0.000000e+00  4.830674e-03  6.564379e-02
-4.90000e+00  4.00000e-01       1.179e+08  9.364886e-01  0.000000e+00  5.641230e-03  6.351143e-02
-4.20000e+00  4.00000e-01       1.877e+09  9.368993e-01  0.000000e+00  4.135575e-03  6.310069e-02
-3.50000e+00  4.00000e-01       1.600e+10  9.371880e-01  0.000000e+00  4.169332e-03  6.281204e-02
-2.80000e+00  4.00000e-01       7.977e+10  9.383736e-01  0.000000e+00  9.777136e-03  6.162639e-02
-2.10000e+00  4.00000e-01       2.551e+11  9.406566e-01  0.000000e+00  3.321441e-02  5.934343e-02
-1.40000e+00  4.00000e-01       5.836e+11  9.393820e-01  0.000000e+00  5.918296e-02  6.061799e-02
-7.00000e-01  4.00000e-01       1.097e+12  9.337485e-01  0.000000e+00  3.854176e-02  6.625149e-02
 0.00000e+00  4.00000e-01       1.456e+12  9.317098e-01  0.000000e+00  1.295414e-15  6.829019e-02
 7.00000e-01  4.00000e-01       1.097e+12  9.337485e-01  0.000000e+00 -3.854176e-02  6.625149e-02
 1.40000e+00  4.00000e-01       5.836e+11  9.393820e-01  0.000000e+00 -5.918296e-02  6.061799e-02
 2.10000e+00  4.00000e-01       2.551e+11  9.406566e-01  0.000000e+00 -3.321441e-02  5.934343e-02
 2.80000e+00  4.00000e-01       7.977e+10  9.383736e-01  0.000000e+00 -9.777136e-03  6.162639e-02
 3.50000e+00  4.00000e-01       1.600e+10  9.371880e-01  0.000000e+00 -4.169332e-03  6.281204e-02
 4.20000e+00  4.00000e-01       1.877e+09  9.368993e-01  0.000000e+00 -4.135575e-03  6.310069e-02
 4.90000e+00  4.00000e-01       1.179e+08  9.364886e-01  0.000000e+00 -5.641230e-03  6.351143e-02
 5.60000e+00  4.00000e-01       3.674e+06  9.343562e-01  0.000000e+00 -4.830674e-03  6.564379e-02
 6.30000e+00  4.00000e-01       5.541e+04  9.234856e-01  0.000000e+00  7.030330e-03  7.651442e-02
 7.00000e+00  4.00000e-01       4.856e+02  8.305866e-01  0.000000e+00  5.039822e-02  1.694134e-01
-7.00000e+00  8.00000e-01       1.308e+02  4.450119e-01  0.000000e+00 -2.505874e-01  5.549881e-01
-6.30000e+00  8.00000e-01       5.480e+03  6.932358e-01  0.000000e+00  9.612765e-04  3.067642e-01
-5.60000e+00  8.00000e-01       3.716e+05  7.932874e-01  0.000000e+00  1.695420e-02  2.067126e-01
-4.90000e+00  8.00000e-01       1.333e+07  8.033717e-01  0.000000e+00  8.729328e-03  1.966283e-01
-4.20000e+00  8.00000e-01       2.322e+08  8.004602e-01  0.000000e+00  6.527436e-03  1.995398e-01
-3.50000e+00  8.00000e-01       2.158e+09  7.904116e-01  0.000000e+00  3.258126e-03  2.095884e-01
-2.80000e+00  8.00000e-01       1.172e+10  7.858116e-01  0.000000e+00 -1.490375e-02  2.141884e-01
-2.10000e+00  8.00000e-01       3.949e+10  7.916914e-01  0.000000e+00 -5.428680e-02  2.083086e-01
-1.40000e+00  8.00000e-01       8.714e+10  8.003426e-01  0.000000e+00 -8.291975e-02  1.996574e-01
-7.00000e-01  8.00000e-01       1.295e+11  8.047648e-01  0.000000e+00 -5.469204e-02  1.952352e-01
 0.00000e+00  8.00000e-01       1.419e+11  8.055657e-01  0.000000e+00 -8.112957e-15  1.944343e-01
 7.00000e-01  8.00000e-01       1.295e+11  8.047648e-01  0.000000e+00  5.469204e-02  1.952352e-01
 1.40000e+00  8.00000e-01       8.714e+10  8.003426e-01  0.000000e+00  8.291975e-02  1.996574e-01
 2.10000e+00  8.00000e-01       3.949e+10  7.916914e-01  0.000000e+00  5.428680e-02  2.083086e-01
 2.80000e+00  8.00000e-01       1.172e+10  7.858116e-01  0.000000e+00  1.490375e-02  2.141884e-01
 3.50000e+00  8.00000e-01       2.158e+09  7.904116e-01  0.000000e+00 -3.258126e-03  2.095884e-01
 4.20000e+00  8.00000e-01       2.322e+08  8.004602e-01  0.000000e+00 -6.527436e-03  1.995398e-01
 4.90000e+00  8.00000e-01       1.333e+07  8.033717e-01  0.000000e+00 -8.729328e-03  1.966283e-01
 5.60000e+00  8.00000e-01       3.716e+05  7.932874e-01  0.000000e+00 -1.695420e-02  2.067126e-01
 6.30000e+00  8.00000e-01       5.480e+03  6.932358e-01  0.000000e+00 -9.612767e-04  3.067642e-01
 7.00000e+00  8.00000e-01       1.308e+02  4.450119e-01  0.000000e+00  2.505874e-01  5.549881e-01
-7.00000e+00  1.20000e+00       4.937e+01  4.091058e-01  0.000000e+00 -7.248302e-01  5.908942e-01
-6.30000e+00  1.20000e+00       2.155e+02  3.162572e-01  0.000000e+00 -3.600679e-01  6.837428e-01
-5.60000e+00  1.20000e+00       7.278e+03  6.594374e-01  0.000000e+00 -2.236152e-01  3.405626e-01
-4.90000e+00  1.20000e+00       3.287e+05  6.816870e-01  0.000000e+00 -2.191156e-01  3.183130e-01
-4.20000e+00  1.20000e+00       8.562e+06  6.762869e-01  0.000000e+00 -1.332365e-01  3.237131e-01
-3.50000e+00  1.20000e+00       1.184e+08  6.798113e-01  0.000000e+00 -3.831574e-02  3.201887e-01
-2.80000e+00  1.20000e+00       7.648e+08  6.879770e-01  0.000000e+00 -4.647528e-03  3.120230e-01
-2.10000e+00  1.20000e+00       2.526e+09  6.931206e-01  0.000000e+00 -3.909664e-02  3.068794e-01
-1.40000e+00  1.20000e+00       5.280e+09  6.717395e-01  0.000000e+00 -8.581552e-02  3.282605e-01
-7.00000e-01  1.20000e+00       8.171e+09  6.246503e-01  0.000000e+00 -6.452142e-02  3.753497e-01
 0.00000e+00  1.20000e+00       9.726e+09  6.038733e-01  0.000000e+00 -2.359853e-14  3.961267e-01
 7.00000e-01  1.20000e+00       8.171e+09  6.246503e-01  0.000000e+00  6.452142e-02  3.753497e-01
 1.40000e+00  1.20000e+00       5.280e+09  6.717395e-01  0.000000e+00  8.581552e-02  3.282605e-01
 2.10000e+00  1.20000e+00       2.526e+09  6.931206e-01  0.000000e+00  3.909664e-02  3.068794e-01
 2.80000e+00  1.20000e+00       7.648e+08  6.879770e-01  0.000000e+00  4.647528e-03  3.120230e-01
 3.50000e+00  1.20000e+00       1.184e+08  6.798113e-01  0.000000e+00  3.831574e-02  3.201887e-01
 4.20000e+00  1.20000e+00       8.562e+06  6.762869e-01  0.000000e+00  1.332365e-01  3.237131e-01
 4.90000e+00  1.20000e+00       3.287e+05  6.816870e-01  0.000000e+00  2.191156e-01  3.183130e-01
 5.60000e+00  1.20000e+00       7.278e+03  6.594374e-01  0.000000e+00  2.236152e-01  3.405626e-01
 6.30000e+00  1.20000e+00       2.155e+02  3.162572e-01  0.000000e+00  3.600679e-01  6.837428e-01
 7.00000e+00  1.20000e+00       4.937e+01  4.091058e-01  0.000000e+00  7.248302e-01  5.908942e-01
-7.00000e+00  1.60000e+00       3.696e+01  2.182003e-01  0.000000e+00 -8.511762e-01  7.817997e-01
-6.30000e+00  1.60000e+00       8.514e+01 -7.488385e-02  0.000000e+00 -6.143165e-01  9.251161e-01
-5.60000e+00  1.60000e+00       3.601e+02  2.159387e-01  0.000000e+00 -8.757678e-02  7.840613e-01
-4.90000e+00  1.60000e+00       4.544e+04  6.470264e-01  0.000000e+00  1.163964e-01  3.529736e-01
-4.20000e+00  1.60000e+00       2.964e+06  6.531208e-01  0.000000e+00  1.107972e-01  3.468792e-01
-3.50000e+00  1.60000e+00       6.466e+07  6.528189e-01  0.000000e+00  1.036304e-01  3.471811e-01
-2.80000e+00  1.60000e+00       4.945e+08  6.508031e-01  0.000000e+00  9.292965e-02  3.491969e-01
-2.10000e+00  1.60000e+00       1.536e+09  6.460084e-01  0.000000e+00  7.446288e-02  3.539916e-01
-1.40000e+00  1.60000e+00       2.670e+09  6.366009e-01  0.000000e+00  4.559475e-02  3.633991e-01
-7.00000e-01  1.60000e+00       3.953e+09  6.252357e-01  0.000000e+00  1.621046e-02  3.747643e-01
 0.00000e+00  1.60000e+00       4.865e+09  6.208351e-01  0.000000e+00  7.661268e-16  3.791649e-01
 7.00000e-01  1.60000e+00       3.953e+09  6.252357e-01  0.000000e+00 -1.621046e-02  3.747643e-01
 1.40000e+00  1.60000e+00       2.670e+09  6.366009e-01  0.000000e+00 -4.559475e-02  3.633991e-01
 2.10000e+00  1.60000e+00       1.536e+09  6.460084e-01  0.000000e+00 -7.446288e-02  3.539916e-01
 2.80000e+00  1.60000e+00       4.945e+08  6.508031e-01  0.000000e+00 -9.292965e-02  3.491969e-01
 3.50000e+00  1.60000e+00       6.466e+07  6.528189e-01  0.000000e+00 -1.036304e-01  3.471811e-01
 4.20000e+00  1.60000e+00       2.964e+06  6.531208e-01  0.000000e+00 -1.107972e-01  3.468792e-01
 4.90000e+00  1.60000e+00       4.544e+04  6.470264e-01  0.000000e+00 -1.163964e-01  3.529736e-01
 5.60000e+00  1.60000e+00       3.601e+02  2.159387e-01  0.000000e+00  8.757678e-02  7.840613e-01
 6.30000e+00  1.60000e+00       8.514e+01 -7.488385e-02  0.000000e+00  6.143165e-01  9.251161e-01
 7.00000e+00  1.60000e+00       3.696e+01  2.182003e-01  0.000000e+00  8.511762e-01  7.817997e-01
-7.00000e+00  2.00000e+00       3.040e+01  6.431984e-02  0.000000e+00 -8.977763e-01  9.356802e-01
-6.30000e+00  2.00000e+00       6.249e+01 -2.277353e-01  0.000000e+00 -6.033870e-01  7.722647e-01
-5.60000e+00  2.00000e+00       7.246e+02  3.940403e-01  0.000000e+00  1.232784e-01  6.059597e-01
-4.90000e+00  2.00000e+00       7.924e+04  5.814078e-01  0.000000e+00  1.986269e-01  4.185922e-01
-4.20000e+00  2.00000e+00       3.195e+06  5.838700e-01  0.000000e+00  1.901479e-01  4.161300e-01
-3.50000e+00  2.00000e+00       4.392e+07  5.837621e-01  0.000000e+00  1.746656e-01  4.162379e-01
-2.80000e+00  2.00000e+00       2.344e+08  5.822734e-01  0.000000e+00  1.464939e-01  4.177266e-01
-2.10000e+00  2.00000e+00       6.282e+08  5.767666e-01  0.000000e+00  1.028448e-01  4.232334e-01
-1.40000e+00  2.00000e+00       1.171e+09  5.662315e-01  0.000000e+00  5.646597e-02  4.337685e-01
-7.00000e-01  2.00000e+00       1.811e+09  5.551236e-01  0.000000e+00  2.249516e-02  4.448764e-01
 0.00000e+00  2.00000e+00       2.167e+09  5.502661e-01  0.000000e+00  4.869429e-16  4.497339e-01
 7.00000e-01  2.00000e+00       1.811e+09  5.551236e-01  0.000000e+00 -2.249516e-02  4.448764e-01
 1.40000e+00  2.00000e+00       1.171e+09  5.662315e-01  0.000000e+00 -5.646597e-02  4.337685e-01
 2.10000e+00  2.00000e+00       6.282e+08  5.767666e-01  0.000000e+00 -1.028448e-01  4.232334e-01
 2.80000e+00  2.00000e+00       2.344e+08  5.822734e-01  0.000000e+00 -1.464939e-01  4.177266e-01
 3.50000e+00  2.00000e+00       4.392e+07  5.837621e-01  0.000000e+00 -1.746656e-01  4.162379e-01
 4.20000e+00  2.00000e+00       3.195e+06  5.838700e-01  0.000000e+00 -1.901479e-01  4.161300e-01
 4.90000e+00  2.00000e+00       7.924e+04  5.814078e-01  0.000000e+00 -1.986269e-01  4.185922e-01
 5.60000e+00  2.00000e+00       7.246e+02  3.940403e-01  0.000000e+00 -1.232784e-01  6.059597e-01
 6.30000e+00  2.00000e+00       6.249e+01 -2.277353e-01  0.000000e+00  6.033870e-01  7.722647e-01
 7.00000e+00  2.00000e+00       3.040e+01  6.431984e-02  0.000000e+00  8.977763e-01  9.356802e-01
-7.00000e+00  2.40000e+00       2.260e+01 -8.124795e-02  0.000000e+00 -9.099464e-01  9.187521e-01
-6.30000e+00  2.40000e+00       4.140e+01 -3.296343e-01  0.000000e+00 -6.222777e-01  6.703657e-01
-5.60000e+00  2.40000e+00       6.266e+01 -9.059259e-01  0.000000e+00 -3.209406e-01  9.407408e-02
-4.90000e+00  2.40000e+00       3.460e+02  1.938705e-01  0.000000e+00  2.072104e-01  8.061295e-01
-4.20000e+00  2.40000e+00       1.120e+04  6.105576e-01  0.000000e+00  1.511160e-01  3.894424e-01
-3.50000e+00  2.40000e+00       4.131e+05  5.531772e-01  0.000000e+00  9.394470e-02  4.468228e-01
-2.80000e+00  2.40000e+00       8.793e+06  5.309188e-01  0.000000e+00  7.922043e-02  4.690812e-01
-2.10000e+00  2.40000e+00       7.597e+07  5.215978e-01  0.000000e+00  6.652970e-02  4.784022e-01
-1.40000e+00  2.40000e+00       2.830e+08  5.132391e-01  0.000000e+00  4.944277e-02  4.867609e-01
-7.00000e-01  2.40000e+00       5.158e+08  5.010655e-01  0.000000e+00  2.866155e-02  4.989345e-01
 0.00000e+00  2.40000e+00       5.852e+08  4.920526e-01  0.000000e+00  8.511982e-16  5.079474e-01
 7.00000e-01  2.40000e+00       5.158e+08  5.010655e-01  0.000000e+00 -2.866155e-02  4.989345e-01
 1.40000e+00  2.40000e+00       2.830e+08  5.132391e-01  0.000000e+00 -4.944277e-02  4.867609e-01
 2.10000e+00  2.40000e+00       7.597e+07  5.215978e-01  0.000000e+00 -6.652970e-02  4.784022e-01
 2.80000e+00  2.40000e+00       8.793e+06  5.309188e-01  0.000000e+00 -7.922043e-02  4.690812e-01
 3.50000e+00  2.40000e+00       4.131e+05  5.531772e-01  0.000000e+00 -9.394470e-02  4.468228e-01
 4.20000e+00  2.40000e+00       1.120e+04  6.105576e-01  0.000000e+00 -1.511160e-01  3.894424e-01
 4.90000e+00  2.40000e+00       3.460e+02  1.938705e-01  0.000000e+00 -2.072104e-01  8.061295e-01
 5.60000e+00  2.40000e+00       6.266e+01 -9.059259e-01  0.000000e+00  3.209406e-01  9.407408e-02
 6.30000e+00  2.40000e+00       4.140e+01 -3.296343e-01  0.000000e+00  6.222777e-01  6.703657e-01
 7.00000e+00  2.40000e+00       2.260e+01 -8.124795e-02  0.000000e+00  9.099464e-01  9.187521e-01
-7.00000e+00  2.80000e+00       1.491e+01 -2.186868e-01  0.000000e+00 -8.850669e-01  7.813132e-01
-6.30000e+00  2.80000e+00       2.745e+01 -4.199856e-01  0.000000e+00 -5.581129e-01  5.800144e-01
-5.60000e+00  2.80000e+00       4.261e+01 -9.382994e-01  0.000000e+00 -3.053110e-01  6.170064e-02
-4.90000e+00  2.80000e+00       1.712e+02  1.180493e-01  0.000000e+00  1.649956e-01  8.819507e-01
-4.20000e+00  2.80000e+00       3.069e+03  7.308165e-01  0.000000e+00  1.668371e-01  2.691835e-01
-3.50000e+00  2.80000e+00       2.194e+04  8.202515e-01  0.000000e+00  1.119533e-01  1.797485e-01
-2.80000e+00  2.80000e+00       9.680e+04  6.382703e-01  0.000000e+00  6.162977e-02  3.617297e-01
-2.10000e+00  2.80000e+00       2.762e+06  3.959208e-01  0.000000e+00  1.365093e-02  6.040792e-01
-1.40000e+00  2.80000e+00       5.248e+07  4.533135e-01  0.000000e+00  5.687766e-03  5.466865e-01
-7.00000e-01  2.80000e+00       2.948e+08  4.675279e-01  0.000000e+00  2.793952e-03  5.324721e-01
 0.00000e+00  2.80000e+00       5.210e+08  4.698103e-01  0.000000e+00  5.279626e-17  5.301897e-01
 7.00000e-01  2.80000e+00       2.948e+08  4.675279e-01  0.000000e+00 -2.793952e-03  5.324721e-01
 1.40000e+00  2.80000e+00       5.248e+07  4.533135e-01  0.000000e+00 -5.687766e-03  5.466865e-01
 2.10000e+00  2.80000e+00       2.762e+06  3.959208e-01  0.000000e+00 -1.365093e-02  6.040792e-01
 2.80000e+00  2.80000e+00       9.680e+04  6.382703e-01  0.000000e+00 -6.162977e-02  3.617297e-01
 3.50000e+00  2.80000e+00       2.194e+04  8.202515e-01  0.000000e+00 -1.119533e-01  1.797485e-01
 4.20000e+00  2.80000e+00       3.069e+03  7.308165e-01  0.000000e+00 -1.668371e-01  2.691835e-01
 4.90000e+00  2.80000e+00       1.712e+02  1.180493e-01  0.000000e+00 -1.649956e-01  8.819507e-01
 5.60000e+00  2.80000e+00       4.261e+01 -9.382994e-01  0.000000e+00  3.053110e-01  6.170064e-02
 6.30000e+00  2.80000e+00       2.745e+01 -4.199856e-01  0.000000e+00  5.581129e-01  5.800144e-01
 7.00000e+00  2.80000e+00       1.491e+01 -2.186868e-01  0.000000e+00  8.850669e-01  7.813132e-01
-7.00000e+00  3.20000e+00       1.311e+01 -3.982612e-01  0.000000e+00 -8.442828e-01  6.017388e-01
-6.30000e+00  3.20000e+00       2.383e+01 -4.666345e-01  0.000000e+00 -5.727301e-01  5.333655e-01
-5.60000e+00  3.20000e+00       3.364e+01 -8.655881e-01  0.000000e+00 -2.346497e-01  1.344119e-01
-4.90000e+00  3.20000e+00       1.257e+02  2.338479e-02  0.000000e+00  1.580171e-01  9.766152e-01
-4.20000e+00  3.20000e+00       2.204e+03  7.303687e-01  0.000000e+00  1.378806e-01  2.696313e-01
-3.50000e+00  3.20000e+00       1.645e+04  8.202785e-01  0.000000e+00  8.532999e-02  1.797215e-01
-2.80000e+00  3.20000e+00       1.427e+05  5.571126e-01  0.000000e+00  4.187841e-02  4.428874e-01
-2.10000e+00  3.20000e+00       4.365e+06  4.359294e-01  0.000000e+00  2.630181e-02  5.640706e-01
-1.40000e+00  3.20000e+00       6.076e+07  4.588768e-01  0.000000e+00  1.792458e-02  5.411232e-01
-7.00000e-01  3.20000e+00       2.818e+08  4.652944e-01  0.000000e+00  9.737666e-03  5.347056e-01
 0.00000e+00  3.20000e+00       4.654e+08  4.659070e-01  0.000000e+00  1.874455e-17  5.340930e-01
 7.00000e-01  3.20000e+00       2.818e+08  4.652944e-01  0.000000e+00 -9.737666e-03  5.347056e-01
 1.40000e+00  3.20000e+00       6.076e+07  4.588768e-01  0.000000e+00 -1.792458e-02  5.411232e-01
 2.10000e+00  3.20000e+00       4.365e+06  4.359294e-01  0.000000e+00 -2.630181e-02  5.640706e-01
 2.80000e+00  3.20000e+00       1.427e+05  5.571126e-01  0.000000e+00 -4.187841e-02  4.428874e-01
 3.50000e+00  3.20000e+00       1.645e+04  8.202785e-01  0.000000e+00 -8.532999e-02  1.797215e-01
 4.20000e+00  3.20000e+00       2.204e+03  7.303687e-01  0.000000e+00 -1.378806e-01  2.696313e-01
 4.90000e+00  3.20000e+00       1.257e+02  2.338479e-02  0.000000e+00 -1.580171e-01  9.766152e-01
 5.60000e+00  3.20000e+00       3.364e+01 -8.655881e-01  0.000000e+00  2.346497e-01  1.344119e-01
 6.30000e+00  3.20000e+00       2.383e+01 -4.666345e-01  0.000000e+00  5.727301e-01  5.333655e-01
 7.00000e+00  3.20000e+00       1.311e+01 -3.982612e-01  0.000000e+00  8.442828e-01  6.017388e-01
-7.00000e+00  3.60000e+00       3.189e+00 -5.578158e-01  0.000000e+00 -5.949928e-01  4.421842e-01
-6.30000e+00  3.60000e+00       1.397e+01 -5.739391e-01  0.000000e+00 -3.802366e-01  4.260609e-01
-5.60000e+00  3.60000e+00       3.069e+01 -8.156348e-01  0.000000e+00 -2.483234e-01  1.843652e-01
-4.90000e+00  3.60000e+00       9.378e+01  2.993249e-02  0.000000e+00  7.507821e-02  9.700675e-01
-4.20000e+00  3.60000e+00       1.711e+03  7.488348e-01  0.000000e+00  1.110454e-01  2.511652e-01
-3.50000e+00  3.60000e+00       1.328e+04  8.192606e-01  0.000000e+00  6.907589e-02  1.807394e-01
-2.80000e+00  3.60000e+00       1.323e+05  5.485288e-01  0.000000e+00  4.879720e-02  4.514712e-01
-2.10000e+00  3.60000e+00       3.636e+06  4.403101e-01  0.000000e+00  4.015478e-02  5.596899e-01
-1.40000e+00  3.60000e+00       4.439e+07  4.598702e-01  0.000000e+00  2.912669e-02  5.401298e-01
-7.00000e-01  3.60000e+00       1.871e+08  4.649401e-01  0.000000e+00  1.629598e-02  5.350599e-01
 0.00000e+00  3.60000e+00       2.976e+08  4.648058e-01  0.000000e+00  4.934917e-16  5.351942e-01
 7.00000e-01  3.60000e+00       1.871e+08  4.649401e-01  0.000000e+00 -1.629598e-02  5.350599e-01
 1.40000e+00  3.60000e+00       4.439e+07  4.598702e-01  0.000000e+00 -2.912669e-02  5.401298e-01
 2.10000e+00  3.60000e+00       3.636e+06  4.403101e-01  0.000000e+00 -4.015478e-02  5.596899e-01
 2.80000e+00  3.60000e+00       1.323e+05  5.485288e-01  0.000000e+00 -4.879720e-02  4.514712e-01
 3.50000e+00  3.60000e+00       1.328e+04  8.192606e-01  0.000000e+00 -6.907589e-02  1.807394e-01
 4.20000e+00  3.60000e+00       1.711e+03  7.488348e-01  0.000000e+00 -1.110454e-01  2.511652e-01
 4.90000e+00  3.60000e+00       9.378e+01  2.993249e-02  0.000000e+00 -7.507821e-02  9.700675e-01
 5.60000e+00  3.60000e+00       3.069e+01 -8.156348e-01  0.000000e+00  2.483234e-01  1.843652e-01
 6.30000e+00  3.60000e+00       1.397e+01 -5.739391e-01  0.000000e+00  3.802366e-01  4.260609e-01
 7.00000e+00  3.60000e+00       3.189e+00 -5.578158e-01  0.000000e+00  5.949928e-01  4.421842e-01
-7.00000e+00  4.00000e+00       1.681e+00 -6.434373e-01  0.000000e+00 -3.218435e-01  3.565627e-01
-6.30000e+00  4.00000e+00       1.452e+01 -7.131600e-01  0.000000e+00 -2.565626e-01  2.868400e-01
-5.60000e+00  4.00000e+00       4.540e+01 -8.804430e-01  0.000000e+00 -2.086823e-01  1.195570e-01
-4.90000e+00  4.00000e+00       1.052e+02 -2.546404e-01  0.000000e+00  2.696002e-03  7.453596e-01
-4.20000e+00  4.00000e+00       1.458e+03  7.230157e-01  0.000000e+00  9.270918e-02  2.769843e-01
-3.50000e+00  4.00000e+00       1.351e+04  7.623081e-01  0.000000e+00  6.802854e-02  2.376919e-01
-2.80000e+00  4.00000e+00       2.399e+05  5.270759e-01  0.000000e+00  7.742961e-02  4.729241e-01
-2.10000e+00  4.00000e+00       5.213e+06  4.725834e-01  0.000000e+00  7.046089e-02  5.274166e-01
-1.40000e+00  4.00000e+00       4.528e+07  4.770995e-01  0.000000e+00  5.563322e-02  5.229005e-01
-7.00000e-01  4.00000e+00       1.477e+08  4.753378e-01  0.000000e+00  3.316034e-02  5.246622e-01
 0.00000e+00  4.00000e+00       2.119e+08  4.723166e-01  0.000000e+00  3.116313e-16  5.276834e-01
 7.00000e-01  4.00000e+00       1.477e+08  4.753378e-01  0.000000e+00 -3.316034e-02  5.246622e-01
 1.40000e+00  4.00000e+00       4.528e+07  4.770995e-01  0.000000e+00 -5.563322e-02  5.229005e-01
 2.10000e+00  4.00000e+00       5.213e+06  4.725834e-01  0.000000e+00 -7.046089e-02  5.274166e-01
 2.80000e+00  4.00000e+00       2.399e+05  5.270759e-01  0.000000e+00 -7.742961e-02  4.729241e-01
 3.50000e+00  4.00000e+00       1.351e+04  7.623081e-01  0.000000e+00 -6.802854e-02  2.376919e-01
 4.20000e+00  4.00000e+00       1.458e+03  7.230157e-01  0.000000e+00 -9.270918e-02  2.769843e-01
 4.90000e+00  4.00000e+00       1.052e+02 -2.546404e-01  0.000000e+00 -2.696002e-03  7.453596e-01
 5.60000e+00  4.00000e+00       4.540e+01 -8.804430e-01  0.000000e+00  2.086823e-01  1.195570e-01
 6.30000e+00  4.00000e+00       1.452e+01 -7.131600e-01  0.000000e+00  2.565626e-01  2.868400e-01
 7.00000e+00  4.00000e+00       1.681e+00 -6.434372e-01  0.000000e+00  3.218436e-01  3.565628e-01
