 EB(GeV)    EMITTANCEx EMITTANCEy SIZEx(m)   SIZEy(m)   DIVx(rad)  DIVy(rad)
 2.411e+00  5.499e-09  1.017e-12  8.711e-05  1.009e-06  6.313e-05  1.009e-06
 betax      alphax     betay      alphay     eta        deta       E_spread  
 1.380e+00  0.000e+00  1.000e+00  0.000e+00  0.000e+00  0.000e+00  8.600e-04
 Ibeam(A)   period(cm) #periods   Kx         Ky         Energy(eV)
 4.005e-01  1.900e+00         96  0.000e+00  1.780e+00  1.011e+04


           x            y       F.Density            PL            PC          PL45        1-|PL|
          mm           mm  ph/s/mr^2/0.1%             -             -             -             -
-7.00000e+00 -4.00000e+00       8.518e+06 -5.094797e-01  0.000000e+00 -4.670764e-01  4.905203e-01
-6.30000e+00 -4.00000e+00       7.922e+07 -3.455039e-01  0.000000e+00 -4.703206e-01  6.544961e-01
-5.60000e+00 -4.00000e+00       3.860e+08  1.371958e-02  0.000000e+00 -4.127319e-01  9.862804e-01
-4.90000e+00 -4.00000e+00       1.310e+09  4.360158e-01  0.000000e+00 -2.852078e-01  5.639842e-01
-4.20000e+00 -4.00000e+00       2.733e+09  6.398510e-01  0.000000e+00 -2.075929e-01  3.601490e-01
-3.50000e+00 -4.00000e+00       2.647e+09  5.268635e-01  0.000000e+00 -2.693796e-01  4.731365e-01
-2.80000e+00 -4.00000e+00       2.389e+09  2.066613e-01  0.000000e+00 -2.873566e-01  7.933387e-01
-2.10000e+00 -4.00000e+00       1.004e+10  6.767208e-01  0.000000e+00  1.699606e-01  3.232792e-01
-1.40000e+00 -4.00000e+00       1.931e+10  8.411597e-01  0.000000e+00  5.392501e-01  1.588403e-01
-7.00000e-01 -4.00000e+00       5.988e+10  8.594040e-01  0.000000e+00  2.416975e-01  1.405960e-01
 0.00000e+00 -4.00000e+00       1.102e+11  8.031548e-01  0.000000e+00 -7.962620e-16  1.968452e-01
 7.00000e-01 -4.00000e+00       5.988e+10  8.594040e-01  0.000000e+00 -2.416975e-01  1.405960e-01
 1.40000e+00 -4.00000e+00       1.931e+10  8.411597e-01  0.000000e+00 -5.392501e-01  1.588403e-01
 2.10000e+00 -4.00000e+00       1.004e+10  6.767208e-01  0.000000e+00 -1.699606e-01  3.232792e-01
 2.80000e+00 -4.00000e+00       2.389e+09  2.066613e-01  0.000000e+00  2.873566e-01  7.933387e-01
 3.50000e+00 -4.00000e+00       2.647e+09  5.268635e-01  0.000000e+00  2.693796e-01  4.731365e-01
 4.20000e+00 -4.00000e+00       2.733e+09  6.398510e-01  0.000000e+00  2.075929e-01  3.601490e-01
 4.90000e+00 -4.00000e+00       1.310e+09  4.360158e-01  0.000000e+00  2.852078e-01  5.639842e-01
 5.60000e+00 -4.00000e+00       3.860e+08  1.371958e-02  0.000000e+00  4.127319e-01  9.862804e-01
 6.30000e+00 -4.00000e+00       7.922e+07 -3.455039e-01  0.000000e+00  4.703206e-01  6.544961e-01
 7.00000e+00 -4.00000e+00       8.518e+06 -5.094797e-01  0.000000e+00  4.670764e-01  4.905203e-01
-7.00000e+00 -3.60000e+00       8.774e+07 -7.124610e-01  0.000000e+00 -2.032190e-01  2.875390e-01
-6.30000e+00 -3.60000e+00       3.353e+08 -5.946737e-01  0.000000e+00 -3.050249e-01  4.053263e-01
-5.60000e+00 -3.60000e+00       8.008e+08 -2.484710e-01  0.000000e+00 -3.810065e-01  7.515290e-01
-4.90000e+00 -3.60000e+00       1.952e+09  3.026128e-01  0.000000e+00 -3.245741e-01  6.973872e-01
-4.20000e+00 -3.60000e+00       4.193e+09  5.276962e-01  0.000000e+00 -2.831298e-01  4.723038e-01
-3.50000e+00 -3.60000e+00       4.686e+09  4.405653e-01  0.000000e+00 -3.304649e-01  5.594347e-01
-2.80000e+00 -3.60000e+00       1.922e+09 -8.049158e-01  0.000000e+00 -6.649906e-01  1.950842e-01
-2.10000e+00 -3.60000e+00       1.002e+10  4.007341e-01  0.000000e+00  2.135261e-01  5.992659e-01
-1.40000e+00 -3.60000e+00       1.975e+10  6.745210e-01  0.000000e+00  7.499210e-01  3.254790e-01
-7.00000e-01 -3.60000e+00       6.538e+10  8.561480e-01  0.000000e+00  3.197335e-01  1.438520e-01
 0.00000e+00 -3.60000e+00       1.266e+11  7.800892e-01  0.000000e+00 -9.350992e-16  2.199108e-01
 7.00000e-01 -3.60000e+00       6.538e+10  8.561480e-01  0.000000e+00 -3.197335e-01  1.438520e-01
 1.40000e+00 -3.60000e+00       1.975e+10  6.745210e-01  0.000000e+00 -7.499210e-01  3.254790e-01
 2.10000e+00 -3.60000e+00       1.002e+10  4.007341e-01  0.000000e+00 -2.135261e-01  5.992659e-01
 2.80000e+00 -3.60000e+00       1.922e+09 -8.049158e-01  0.000000e+00  6.649906e-01  1.950842e-01
 3.50000e+00 -3.60000e+00       4.686e+09  4.405653e-01  0.000000e+00  3.304649e-01  5.594347e-01
 4.20000e+00 -3.60000e+00       4.193e+09  5.276962e-01  0.000000e+00  2.831298e-01  4.723038e-01
 4.90000e+00 -3.60000e+00       1.952e+09  3.026128e-01  0.000000e+00  3.245741e-01  6.973872e-01
 5.60000e+00 -3.60000e+00       8.008e+08 -2.484710e-01  0.000000e+00  3.810065e-01  7.515290e-01
 6.30000e+00 -3.60000e+00       3.353e+08 -5.946737e-01  0.000000e+00  3.050249e-01  4.053263e-01
 7.00000e+00 -3.60000e+00       8.774e+07 -7.124610e-01  0.000000e+00  2.032190e-01  2.875390e-01
-7.00000e+00 -3.20000e+00       1.175e+08 -7.374194e-01  0.000000e+00  5.465860e-02  2.625806e-01
-6.30000e+00 -3.20000e+00       3.159e+08 -5.887366e-01  0.000000e+00 -1.817842e-01  4.112634e-01
-5.60000e+00 -3.20000e+00       8.259e+08 -1.593765e-01  0.000000e+00 -3.536707e-01  8.406235e-01
-4.90000e+00 -3.20000e+00       2.448e+09  3.202753e-01  0.000000e+00 -3.212966e-01  6.797247e-01
-4.20000e+00 -3.20000e+00       5.793e+09  5.039103e-01  0.000000e+00 -2.712229e-01  4.960897e-01
-3.50000e+00 -3.20000e+00       9.301e+09  4.396186e-01  0.000000e+00 -2.807322e-01  5.603814e-01
-2.80000e+00 -3.20000e+00       1.085e+10  6.495635e-02  0.000000e+00 -2.210912e-01  9.350436e-01
-2.10000e+00 -3.20000e+00       1.332e+10 -8.202398e-01  0.000000e+00  6.091702e-01  1.797602e-01
-1.40000e+00 -3.20000e+00       3.176e+10 -4.969168e-01  0.000000e+00  1.376557e+00  5.030832e-01
-7.00000e-01 -3.20000e+00       3.757e+10 -7.584841e-01  0.000000e+00  1.698269e+00  2.415159e-01
 0.00000e+00 -3.20000e+00       6.022e+10 -1.984568e-01  0.000000e+00 -1.405567e-14  8.015432e-01
 7.00000e-01 -3.20000e+00       3.757e+10 -7.584841e-01  0.000000e+00 -1.698269e+00  2.415159e-01
 1.40000e+00 -3.20000e+00       3.176e+10 -4.969168e-01  0.000000e+00 -1.376557e+00  5.030832e-01
 2.10000e+00 -3.20000e+00       1.332e+10 -8.202398e-01  0.000000e+00 -6.091702e-01  1.797602e-01
 2.80000e+00 -3.20000e+00       1.085e+10  6.495635e-02  0.000000e+00  2.210912e-01  9.350436e-01
 3.50000e+00 -3.20000e+00       9.301e+09  4.396186e-01  0.000000e+00  2.807322e-01  5.603814e-01
 4.20000e+00 -3.20000e+00       5.793e+09  5.039103e-01  0.000000e+00  2.712229e-01  4.960897e-01
 4.90000e+00 -3.20000e+00       2.448e+09  3.202753e-01  0.000000e+00  3.212966e-01  6.797247e-01
 5.60000e+00 -3.20000e+00       8.259e+08 -1.593765e-01  0.000000e+00  3.536707e-01  8.406235e-01
 6.30000e+00 -3.20000e+00       3.159e+08 -5.887366e-01  0.000000e+00  1.817842e-01  4.112634e-01
 7.00000e+00 -3.20000e+00       1.175e+08 -7.374194e-01  0.000000e+00 -5.465860e-02  2.625806e-01
-7.00000e+00 -2.80000e+00       1.544e+08 -6.736920e-01  0.000000e+00  2.298390e-01  3.263080e-01
-6.30000e+00 -2.80000e+00       4.133e+08 -5.070666e-01  0.000000e+00 -9.797141e-02  4.929334e-01
-5.60000e+00 -2.80000e+00       1.436e+09 -9.676275e-02  0.000000e+00 -2.284097e-01  9.032373e-01
-4.90000e+00 -2.80000e+00       6.480e+09  2.092257e-01  0.000000e+00 -2.161927e-01  7.907743e-01
-4.20000e+00 -2.80000e+00       2.794e+10  3.403543e-01  0.000000e+00 -1.409614e-01  6.596457e-01
-3.50000e+00 -2.80000e+00       9.673e+10  3.038147e-01  0.000000e+00 -3.359774e-02  6.961853e-01
-2.80000e+00 -2.80000e+00       2.662e+11  2.683515e-01  0.000000e+00 -7.452698e-02  7.316485e-01
-2.10000e+00 -2.80000e+00       5.503e+11  2.336544e-01  0.000000e+00 -2.655310e-01  7.663456e-01
-1.40000e+00 -2.80000e+00       7.225e+11  8.598269e-02  0.000000e+00 -5.013358e-01  9.140173e-01
-7.00000e-01 -2.80000e+00       4.775e+11 -8.683784e-02  0.000000e+00 -5.713006e-01  9.131622e-01
 0.00000e+00 -2.80000e+00       2.332e+11 -2.428300e-01  0.000000e+00 -2.193825e-15  7.571700e-01
 7.00000e-01 -2.80000e+00       4.775e+11 -8.683784e-02  0.000000e+00  5.713006e-01  9.131622e-01
 1.40000e+00 -2.80000e+00       7.225e+11  8.598269e-02  0.000000e+00  5.013358e-01  9.140173e-01
 2.10000e+00 -2.80000e+00       5.503e+11  2.336544e-01  0.000000e+00  2.655310e-01  7.663456e-01
 2.80000e+00 -2.80000e+00       2.662e+11  2.683515e-01  0.000000e+00  7.452698e-02  7.316485e-01
 3.50000e+00 -2.80000e+00       9.673e+10  3.038147e-01  0.000000e+00  3.359774e-02  6.961853e-01
 4.20000e+00 -2.80000e+00       2.794e+10  3.403543e-01  0.000000e+00  1.409614e-01  6.596457e-01
 4.90000e+00 -2.80000e+00       6.480e+09  2.092257e-01  0.000000e+00  2.161927e-01  7.907743e-01
 5.60000e+00 -2.80000e+00       1.436e+09 -9.676275e-02  0.000000e+00  2.284097e-01  9.032373e-01
 6.30000e+00 -2.80000e+00       4.133e+08 -5.070666e-01  0.000000e+00  9.797141e-02  4.929334e-01
 7.00000e+00 -2.80000e+00       1.544e+08 -6.736920e-01  0.000000e+00 -2.298390e-01  3.263080e-01
-7.00000e+00 -2.40000e+00       2.160e+08 -5.501474e-01  0.000000e+00  2.552607e-01  4.498526e-01
-6.30000e+00 -2.40000e+00       1.124e+09 -4.576652e-02  0.000000e+00 -2.886672e-01  9.542335e-01
-5.60000e+00 -2.40000e+00       1.077e+10  4.890091e-01  0.000000e+00 -2.058558e-01  5.109909e-01
-4.90000e+00 -2.40000e+00       8.102e+10  4.834459e-01  0.000000e+00  8.311546e-02  5.165541e-01
-4.20000e+00 -2.40000e+00       3.997e+11  2.759141e-01  0.000000e+00  8.886563e-02  7.240859e-01
-3.50000e+00 -2.40000e+00       1.473e+12  2.736042e-01  0.000000e+00 -4.655175e-02  7.263958e-01
-2.80000e+00 -2.40000e+00       3.914e+12  2.837208e-01  0.000000e+00 -3.598969e-02  7.162792e-01
-2.10000e+00 -2.40000e+00       7.261e+12  5.492079e-02  0.000000e+00  3.907061e-02  9.450792e-01
-1.40000e+00 -2.40000e+00       9.644e+12 -3.418535e-01  0.000000e+00  2.580634e-01  6.581465e-01
-7.00000e-01 -2.40000e+00       8.031e+12 -6.254896e-01  0.000000e+00  4.304636e-01  3.745104e-01
 0.00000e+00 -2.40000e+00       5.233e+12 -7.520720e-01  0.000000e+00 -7.899896e-15  2.479280e-01
 7.00000e-01 -2.40000e+00       8.031e+12 -6.254896e-01  0.000000e+00 -4.304636e-01  3.745104e-01
 1.40000e+00 -2.40000e+00       9.644e+12 -3.418535e-01  0.000000e+00 -2.580634e-01  6.581465e-01
 2.10000e+00 -2.40000e+00       7.261e+12  5.492079e-02  0.000000e+00 -3.907061e-02  9.450792e-01
 2.80000e+00 -2.40000e+00       3.914e+12  2.837208e-01  0.000000e+00  3.598969e-02  7.162792e-01
 3.50000e+00 -2.40000e+00       1.473e+12  2.736042e-01  0.000000e+00  4.655175e-02  7.263958e-01
 4.20000e+00 -2.40000e+00       3.997e+11  2.759141e-01  0.000000e+00 -8.886563e-02  7.240859e-01
 4.90000e+00 -2.40000e+00       8.102e+10  4.834459e-01  0.000000e+00 -8.311546e-02  5.165541e-01
 5.60000e+00 -2.40000e+00       1.077e+10  4.890091e-01  0.000000e+00  2.058558e-01  5.109909e-01
 6.30000e+00 -2.40000e+00       1.124e+09 -4.576652e-02  0.000000e+00  2.886672e-01  9.542335e-01
 7.00000e+00 -2.40000e+00       2.160e+08 -5.501474e-01  0.000000e+00 -2.552607e-01  4.498526e-01
-7.00000e+00 -2.00000e+00       5.926e+08 -1.691585e-01  0.000000e+00  5.818055e-01  8.308415e-01
-6.30000e+00 -2.00000e+00       7.673e+09 -2.709673e-01  0.000000e+00  2.181272e-01  7.290327e-01
-5.60000e+00 -2.00000e+00       9.750e+10 -7.137120e-02  0.000000e+00 -2.774278e-01  9.286288e-01
-4.90000e+00 -2.00000e+00       8.798e+11  3.553189e-01  0.000000e+00 -3.609915e-01  6.446811e-01
-4.20000e+00 -2.00000e+00       4.646e+12  5.485942e-01  0.000000e+00 -1.155530e-01  4.514058e-01
-3.50000e+00 -2.00000e+00       1.448e+13  4.531461e-01  0.000000e+00  4.818871e-02  5.468539e-01
-2.80000e+00 -2.00000e+00       3.293e+13  3.565723e-01  0.000000e+00 -1.854825e-02  6.434277e-01
-2.10000e+00 -2.00000e+00       5.575e+13  2.395530e-01  0.000000e+00 -3.478506e-02  7.604470e-01
-1.40000e+00 -2.00000e+00       5.999e+13 -5.527865e-02  0.000000e+00  1.081061e-01  9.447213e-01
-7.00000e-01 -2.00000e+00       3.516e+13 -3.044118e-01  0.000000e+00  3.196664e-01  6.955882e-01
 0.00000e+00 -2.00000e+00       1.711e+13 -3.708499e-01  0.000000e+00  6.580140e-15  6.291501e-01
 7.00000e-01 -2.00000e+00       3.516e+13 -3.044118e-01  0.000000e+00 -3.196664e-01  6.955882e-01
 1.40000e+00 -2.00000e+00       5.999e+13 -5.527865e-02  0.000000e+00 -1.081061e-01  9.447213e-01
 2.10000e+00 -2.00000e+00       5.575e+13  2.395530e-01  0.000000e+00  3.478506e-02  7.604470e-01
 2.80000e+00 -2.00000e+00       3.293e+13  3.565723e-01  0.000000e+00  1.854825e-02  6.434277e-01
 3.50000e+00 -2.00000e+00       1.448e+13  4.531461e-01  0.000000e+00 -4.818871e-02  5.468539e-01
 4.20000e+00 -2.00000e+00       4.646e+12  5.485942e-01  0.000000e+00  1.155530e-01  4.514058e-01
 4.90000e+00 -2.00000e+00       8.798e+11  3.553189e-01  0.000000e+00  3.609915e-01  6.446811e-01
 5.60000e+00 -2.00000e+00       9.750e+10 -7.137120e-02  0.000000e+00  2.774278e-01  9.286288e-01
 6.30000e+00 -2.00000e+00       7.673e+09 -2.709673e-01  0.000000e+00 -2.181272e-01  7.290327e-01
 7.00000e+00 -2.00000e+00       5.926e+08 -1.691585e-01  0.000000e+00 -5.818055e-01  8.308415e-01
-7.00000e+00 -1.60000e+00       5.564e+09  8.343628e-01  0.000000e+00  2.714058e-01  1.656372e-01
-6.30000e+00 -1.60000e+00       8.223e+10  6.945666e-01  0.000000e+00  4.712067e-01  3.054334e-01
-5.60000e+00 -1.60000e+00       7.120e+11  3.732547e-01  0.000000e+00  5.139424e-01  6.267453e-01
-4.90000e+00 -1.60000e+00       4.334e+12  1.367937e-01  0.000000e+00  1.088374e-01  8.632063e-01
-4.20000e+00 -1.60000e+00       2.211e+13  3.281516e-01  0.000000e+00 -2.901611e-01  6.718484e-01
-3.50000e+00 -1.60000e+00       7.442e+13  5.345220e-01  0.000000e+00 -2.236555e-01  4.654780e-01
-2.80000e+00 -1.60000e+00       1.594e+14  5.395001e-01  0.000000e+00 -4.365359e-02  4.604999e-01
-2.10000e+00 -1.60000e+00       2.938e+14  5.759955e-01  0.000000e+00 -5.548059e-02  4.240045e-01
-1.40000e+00 -1.60000e+00       5.529e+14  5.131918e-01  0.000000e+00 -1.669119e-01  4.868082e-01
-7.00000e-01 -1.60000e+00       1.337e+15  3.100098e-01  0.000000e+00 -1.135130e-01  6.899902e-01
 0.00000e+00 -1.60000e+00       2.092e+15  2.674780e-01  0.000000e+00  1.602474e-15  7.325220e-01
 7.00000e-01 -1.60000e+00       1.337e+15  3.100098e-01  0.000000e+00  1.135130e-01  6.899902e-01
 1.40000e+00 -1.60000e+00       5.529e+14  5.131918e-01  0.000000e+00  1.669119e-01  4.868082e-01
 2.10000e+00 -1.60000e+00       2.938e+14  5.759955e-01  0.000000e+00  5.548059e-02  4.240045e-01
 2.80000e+00 -1.60000e+00       1.594e+14  5.395001e-01  0.000000e+00  4.365359e-02  4.604999e-01
 3.50000e+00 -1.60000e+00       7.442e+13  5.345220e-01  0.000000e+00  2.236555e-01  4.654780e-01
 4.20000e+00 -1.60000e+00       2.211e+13  3.281516e-01  0.000000e+00  2.901611e-01  6.718484e-01
 4.90000e+00 -1.60000e+00       4.334e+12  1.367937e-01  0.000000e+00 -1.088374e-01  8.632063e-01
 5.60000e+00 -1.60000e+00       7.120e+11  3.732547e-01  0.000000e+00 -5.139424e-01  6.267453e-01
 6.30000e+00 -1.60000e+00       8.223e+10  6.945666e-01  0.000000e+00 -4.712067e-01  3.054334e-01
 7.00000e+00 -1.60000e+00       5.564e+09  8.343628e-01  0.000000e+00 -2.714058e-01  1.656372e-01
-7.00000e+00 -1.20000e+00       3.714e+10  9.414267e-01  0.000000e+00 -1.986219e-01  5.857326e-02
-6.30000e+00 -1.20000e+00       6.357e+11  9.534677e-01  0.000000e+00 -1.472306e-02  4.653231e-02
-5.60000e+00 -1.20000e+00       5.682e+12  8.963865e-01  0.000000e+00  1.959536e-01  1.036135e-01
-4.90000e+00 -1.20000e+00       2.686e+13  7.205497e-01  0.000000e+00  3.607512e-01  2.794503e-01
-4.20000e+00 -1.20000e+00       8.145e+13  4.745024e-01  0.000000e+00  2.300754e-01  5.254976e-01
-3.50000e+00 -1.20000e+00       2.335e+14  5.255854e-01  0.000000e+00 -9.430034e-02  4.744146e-01
-2.80000e+00 -1.20000e+00       5.410e+14  6.700433e-01  0.000000e+00 -9.453887e-02  3.299567e-01
-2.10000e+00 -1.20000e+00       8.038e+14  6.423629e-01  0.000000e+00 -9.996938e-02  3.576371e-01
-1.40000e+00 -1.20000e+00       7.640e+14  4.884336e-01  0.000000e+00 -2.720873e-01  5.115664e-01
-7.00000e-01 -1.20000e+00       3.857e+14  2.426835e-01  0.000000e+00 -4.162666e-01  7.573165e-01
 0.00000e+00 -1.20000e+00       1.683e+14  6.040830e-02  0.000000e+00 -1.123546e-16  9.395917e-01
 7.00000e-01 -1.20000e+00       3.857e+14  2.426835e-01  0.000000e+00  4.162666e-01  7.573165e-01
 1.40000e+00 -1.20000e+00       7.640e+14  4.884336e-01  0.000000e+00  2.720873e-01  5.115664e-01
 2.10000e+00 -1.20000e+00       8.038e+14  6.423629e-01  0.000000e+00  9.996938e-02  3.576371e-01
 2.80000e+00 -1.20000e+00       5.410e+14  6.700433e-01  0.000000e+00  9.453887e-02  3.299567e-01
 3.50000e+00 -1.20000e+00       2.335e+14  5.255854e-01  0.000000e+00  9.430034e-02  4.744146e-01
 4.20000e+00 -1.20000e+00       8.145e+13  4.745024e-01  0.000000e+00 -2.300754e-01  5.254976e-01
 4.90000e+00 -1.20000e+00       2.686e+13  7.205497e-01  0.000000e+00 -3.607512e-01  2.794503e-01
 5.60000e+00 -1.20000e+00       5.682e+12  8.963865e-01  0.000000e+00 -1.959536e-01  1.036135e-01
 6.30000e+00 -1.20000e+00       6.357e+11  9.534677e-01  0.000000e+00  1.472306e-02  4.653231e-02
 7.00000e+00 -1.20000e+00       3.714e+10  9.414267e-01  0.000000e+00  1.986219e-01  5.857326e-02
-7.00000e+00 -8.00000e-01       1.062e+11  9.063808e-01  0.000000e+00 -3.762562e-01  9.361921e-02
-6.30000e+00 -8.00000e-01       1.945e+12  9.493697e-01  0.000000e+00 -2.414425e-01  5.063030e-02
-5.60000e+00 -8.00000e-01       1.897e+13  9.680727e-01  0.000000e+00 -8.736786e-02  3.192734e-02
-4.90000e+00 -8.00000e-01       9.655e+13  9.467943e-01  0.000000e+00  8.119081e-02  5.320569e-02
-4.20000e+00 -8.00000e-01       2.606e+14  8.530064e-01  0.000000e+00  2.099571e-01  1.469936e-01
-3.50000e+00 -8.00000e-01       4.998e+14  7.331641e-01  0.000000e+00  1.000744e-01  2.668359e-01
-2.80000e+00 -8.00000e-01       1.044e+15  7.838936e-01  0.000000e+00 -6.801924e-02  2.161064e-01
-2.10000e+00 -8.00000e-01       1.760e+15  8.370829e-01  0.000000e+00 -9.839975e-02  1.629171e-01
-1.40000e+00 -8.00000e-01       2.111e+15  8.264730e-01  0.000000e+00 -2.719647e-01  1.735270e-01
-7.00000e-01 -8.00000e-01       1.626e+15  7.839524e-01  0.000000e+00 -4.362569e-01  2.160476e-01
 0.00000e+00 -8.00000e-01       1.044e+15  7.478864e-01  0.000000e+00  4.329958e-16  2.521136e-01
 7.00000e-01 -8.00000e-01       1.626e+15  7.839524e-01  0.000000e+00  4.362569e-01  2.160476e-01
 1.40000e+00 -8.00000e-01       2.111e+15  8.264730e-01  0.000000e+00  2.719647e-01  1.735270e-01
 2.10000e+00 -8.00000e-01       1.760e+15  8.370829e-01  0.000000e+00  9.839975e-02  1.629171e-01
 2.80000e+00 -8.00000e-01       1.044e+15  7.838936e-01  0.000000e+00  6.801924e-02  2.161064e-01
 3.50000e+00 -8.00000e-01       4.998e+14  7.331641e-01  0.000000e+00 -1.000744e-01  2.668359e-01
 4.20000e+00 -8.00000e-01       2.606e+14  8.530064e-01  0.000000e+00 -2.099571e-01  1.469936e-01
 4.90000e+00 -8.00000e-01       9.655e+13  9.467943e-01  0.000000e+00 -8.119081e-02  5.320569e-02
 5.60000e+00 -8.00000e-01       1.897e+13  9.680727e-01  0.000000e+00  8.736786e-02  3.192734e-02
 6.30000e+00 -8.00000e-01       1.945e+12  9.493697e-01  0.000000e+00  2.414425e-01  5.063030e-02
 7.00000e+00 -8.00000e-01       1.062e+11  9.063808e-01  0.000000e+00  3.762562e-01  9.361921e-02
-7.00000e+00 -4.00000e-01       1.678e+11  9.486453e-01  0.000000e+00 -2.938632e-01  5.135470e-02
-6.30000e+00 -4.00000e-01       3.250e+12  9.709278e-01  0.000000e+00 -2.096783e-01  2.907221e-02
-5.60000e+00 -4.00000e-01       3.393e+13  9.849105e-01  0.000000e+00 -1.216222e-01  1.508948e-02
-4.90000e+00 -4.00000e-01       1.874e+14  9.887592e-01  0.000000e+00 -2.852143e-02  1.124077e-02
-4.20000e+00 -4.00000e-01       5.330e+14  9.760780e-01  0.000000e+00  6.297187e-02  2.392196e-02
-3.50000e+00 -4.00000e-01       8.788e+14  9.400877e-01  0.000000e+00  8.803768e-02  5.991234e-02
-2.80000e+00 -4.00000e-01       1.437e+15  9.283033e-01  0.000000e+00 -5.569725e-03  7.169666e-02
-2.10000e+00 -4.00000e-01       2.304e+15  9.434516e-01  0.000000e+00  1.285071e-02  5.654837e-02
-1.40000e+00 -4.00000e-01       2.610e+15  9.514734e-01  0.000000e+00  1.010692e-01  4.852664e-02
-7.00000e-01 -4.00000e-01       1.810e+15  9.644411e-01  0.000000e+00  1.426726e-01  3.555893e-02
 0.00000e+00 -4.00000e-01       9.762e+14  9.726673e-01  0.000000e+00 -1.415873e-15  2.733268e-02
 7.00000e-01 -4.00000e-01       1.810e+15  9.644411e-01  0.000000e+00 -1.426726e-01  3.555893e-02
 1.40000e+00 -4.00000e-01       2.610e+15  9.514734e-01  0.000000e+00 -1.010692e-01  4.852664e-02
 2.10000e+00 -4.00000e-01       2.304e+15  9.434516e-01  0.000000e+00 -1.285071e-02  5.654837e-02
 2.80000e+00 -4.00000e-01       1.437e+15  9.283033e-01  0.000000e+00  5.569725e-03  7.169666e-02
 3.50000e+00 -4.00000e-01       8.788e+14  9.400877e-01  0.000000e+00 -8.803768e-02  5.991234e-02
 4.20000e+00 -4.00000e-01       5.330e+14  9.760780e-01  0.000000e+00 -6.297187e-02  2.392196e-02
 4.90000e+00 -4.00000e-01       1.874e+14  9.887592e-01  0.000000e+00  2.852143e-02  1.124077e-02
 5.60000e+00 -4.00000e-01       3.393e+13  9.849105e-01  0.000000e+00  1.216222e-01  1.508948e-02
 6.30000e+00 -4.00000e-01       3.250e+12  9.709278e-01  0.000000e+00  2.096783e-01  2.907221e-02
 7.00000e+00 -4.00000e-01       1.678e+11  9.486453e-01  0.000000e+00  2.938632e-01  5.135470e-02
-7.00000e+00  0.00000e+00       1.866e+11  9.999559e-01  0.000000e+00  4.228907e-13  4.406114e-05
-6.30000e+00  0.00000e+00       3.711e+12  9.999730e-01  0.000000e+00  1.062001e-12  2.704936e-05
-5.60000e+00  0.00000e+00       3.982e+13  9.999852e-01  0.000000e+00  1.667291e-12  1.476348e-05
-4.90000e+00  0.00000e+00       2.273e+14  9.999907e-01  0.000000e+00  1.784060e-12  9.316580e-06
-4.20000e+00  0.00000e+00       6.671e+14  9.999837e-01  0.000000e+00  1.485706e-12  1.631216e-05
-3.50000e+00  0.00000e+00       1.082e+15  9.999533e-01  0.000000e+00  1.103391e-12  4.667527e-05
-2.80000e+00  0.00000e+00       1.640e+15  9.999343e-01  0.000000e+00  6.075854e-13  6.569066e-05
-2.10000e+00  0.00000e+00       2.891e+15  9.999541e-01  0.000000e+00  2.475148e-13  4.585925e-05
-1.40000e+00  0.00000e+00       5.637e+15  9.999751e-01  0.000000e+00  7.917773e-14  2.489081e-05
-7.00000e-01  0.00000e+00       1.547e+16  9.999914e-01  0.000000e+00  1.783186e-14  8.558153e-06
 0.00000e+00  0.00000e+00       2.501e+16  9.999948e-01  0.000000e+00  2.152998e-18  5.193346e-06
 7.00000e-01  0.00000e+00       1.547e+16  9.999914e-01  0.000000e+00 -1.782822e-14  8.558153e-06
 1.40000e+00  0.00000e+00       5.637e+15  9.999751e-01  0.000000e+00 -7.916936e-14  2.489081e-05
 2.10000e+00  0.00000e+00       2.891e+15  9.999541e-01  0.000000e+00 -2.475083e-13  4.585925e-05
 2.80000e+00  0.00000e+00       1.640e+15  9.999343e-01  0.000000e+00 -6.076072e-13  6.569066e-05
 3.50000e+00  0.00000e+00       1.082e+15  9.999533e-01  0.000000e+00 -1.103488e-12  4.667527e-05
 4.20000e+00  0.00000e+00       6.671e+14  9.999837e-01  0.000000e+00 -1.485747e-12  1.631216e-05
 4.90000e+00  0.00000e+00       2.273e+14  9.999907e-01  0.000000e+00 -1.783979e-12  9.316580e-06
 5.60000e+00  0.00000e+00       3.982e+13  9.999852e-01  0.000000e+00 -1.667069e-12  1.476348e-05
 6.30000e+00  0.00000e+00       3.711e+12  9.999730e-01  0.000000e+00 -1.061630e-12  2.704936e-05
 7.00000e+00  0.00000e+00       1.866e+11  9.999559e-01  0.000000e+00 -4.226153e-13  4.406114e-05
-7.00000e+00  4.00000e-01       1.678e+11  9.486453e-01  0.000000e+00  2.938632e-01  5.135470e-02
-6.30000e+00  4.00000e-01       3.250e+12  9.709278e-01  0.000000e+00  2.096783e-01  2.907221e-02
-5.60000e+00  4.00000e-01       3.393e+13  9.849105e-01  0.000000e+00  1.216222e-01  1.508948e-02
-4.90000e+00  4.00000e-01       1.874e+14  9.887592e-01  0.000000e+00  2.852143e-02  1.124077e-02
-4.20000e+00  4.00000e-01       5.330e+14  9.760780e-01  0.000000e+00 -6.297187e-02  2.392196e-02
-3.50000e+00  4.00000e-01       8.788e+14  9.400877e-01  0.000000e+00 -8.803768e-02  5.991234e-02
-2.80000e+00  4.00000e-01       1.437e+15  9.283033e-01  0.000000e+00  5.569725e-03  7.169666e-02
-2.10000e+00  4.00000e-01       2.304e+15  9.434516e-01  0.000000e+00 -1.285071e-02  5.654837e-02
-1.40000e+00  4.00000e-01       2.610e+15  9.514734e-01  0.000000e+00 -1.010692e-01  4.852664e-02
-7.00000e-01  4.00000e-01       1.810e+15  9.644411e-01  0.000000e+00 -1.426726e-01  3.555893e-02
 0.00000e+00  4.00000e-01       9.762e+14  9.726673e-01  0.000000e+00  1.393851e-15  2.733268e-02
 7.00000e-01  4.00000e-01       1.810e+15  9.644411e-01  0.000000e+00  1.426726e-01  3.555893e-02
 1.40000e+00  4.00000e-01       2.610e+15  9.514734e-01  0.000000e+00  1.010692e-01  4.852664e-02
 2.10000e+00  4.00000e-01       2.304e+15  9.434516e-01  0.000000e+00  1.285071e-02  5.654837e-02
 2.80000e+00  4.00000e-01       1.437e+15  9.283033e-01  0.000000e+00 -5.569725e-03  7.169666e-02
 3.50000e+00  4.00000e-01       8.788e+14  9.400877e-01  0.000000e+00  8.803768e-02  5.991234e-02
 4.20000e+00  4.00000e-01       5.330e+14  9.760780e-01  0.000000e+00  6.297187e-02  2.392196e-02
 4.90000e+00  4.00000e-01       1.874e+14  9.887592e-01  0.000000e+00 -2.852143e-02  1.124077e-02
 5.60000e+00  4.00000e-01       3.393e+13  9.849105e-01  0.000000e+00 -1.216222e-01  1.508948e-02
 6.30000e+00  4.00000e-01       3.250e+12  9.709278e-01  0.000000e+00 -2.096783e-01  2.907221e-02
 7.00000e+00  4.00000e-01       1.678e+11  9.486453e-01  0.000000e+00 -2.938632e-01  5.135470e-02
-7.00000e+00  8.00000e-01       1.062e+11  9.063808e-01  0.000000e+00  3.762562e-01  9.361921e-02
-6.30000e+00  8.00000e-01       1.945e+12  9.493697e-01  0.000000e+00  2.414425e-01  5.063030e-02
-5.60000e+00  8.00000e-01       1.897e+13  9.680727e-01  0.000000e+00  8.736786e-02  3.192734e-02
-4.90000e+00  8.00000e-01       9.655e+13  9.467943e-01  0.000000e+00 -8.119081e-02  5.320569e-02
-4.20000e+00  8.00000e-01       2.606e+14  8.530064e-01  0.000000e+00 -2.099571e-01  1.469936e-01
-3.50000e+00  8.00000e-01       4.998e+14  7.331641e-01  0.000000e+00 -1.000744e-01  2.668359e-01
-2.80000e+00  8.00000e-01       1.044e+15  7.838936e-01  0.000000e+00  6.801924e-02  2.161064e-01
-2.10000e+00  8.00000e-01       1.760e+15  8.370829e-01  0.000000e+00  9.839975e-02  1.629171e-01
-1.40000e+00  8.00000e-01       2.111e+15  8.264730e-01  0.000000e+00  2.719647e-01  1.735270e-01
-7.00000e-01  8.00000e-01       1.626e+15  7.839524e-01  0.000000e+00  4.362569e-01  2.160476e-01
 0.00000e+00  8.00000e-01       1.044e+15  7.478864e-01  0.000000e+00 -9.508969e-16  2.521136e-01
 7.00000e-01  8.00000e-01       1.626e+15  7.839524e-01  0.000000e+00 -4.362569e-01  2.160476e-01
 1.40000e+00  8.00000e-01       2.111e+15  8.264730e-01  0.000000e+00 -2.719647e-01  1.735270e-01
 2.10000e+00  8.00000e-01       1.760e+15  8.370829e-01  0.000000e+00 -9.839975e-02  1.629171e-01
 2.80000e+00  8.00000e-01       1.044e+15  7.838936e-01  0.000000e+00 -6.801924e-02  2.161064e-01
 3.50000e+00  8.00000e-01       4.998e+14  7.331641e-01  0.000000e+00  1.000744e-01  2.668359e-01
 4.20000e+00  8.00000e-01       2.606e+14  8.530064e-01  0.000000e+00  2.099571e-01  1.469936e-01
 4.90000e+00  8.00000e-01       9.655e+13  9.467943e-01  0.000000e+00  8.119081e-02  5.320569e-02
 5.60000e+00  8.00000e-01       1.897e+13  9.680727e-01  0.000000e+00 -8.736786e-02  3.192734e-02
 6.30000e+00  8.00000e-01       1.945e+12  9.493697e-01  0.000000e+00 -2.414425e-01  5.063030e-02
 7.00000e+00  8.00000e-01       1.062e+11  9.063808e-01  0.000000e+00 -3.762562e-01  9.361921e-02
-7.00000e+00  1.20000e+00       3.714e+10  9.414267e-01  0.000000e+00  1.986219e-01  5.857326e-02
-6.30000e+00  1.20000e+00       6.357e+11  9.534677e-01  0.000000e+00  1.472306e-02  4.653231e-02
-5.60000e+00  1.20000e+00       5.682e+12  8.963865e-01  0.000000e+00 -1.959536e-01  1.036135e-01
-4.90000e+00  1.20000e+00       2.686e+13  7.205497e-01  0.000000e+00 -3.607512e-01  2.794503e-01
-4.20000e+00  1.20000e+00       8.145e+13  4.745024e-01  0.000000e+00 -2.300754e-01  5.254976e-01
-3.50000e+00  1.20000e+00       2.335e+14  5.255854e-01  0.000000e+00  9.430034e-02  4.744146e-01
-2.80000e+00  1.20000e+00       5.410e+14  6.700433e-01  0.000000e+00  9.453887e-02  3.299567e-01
-2.10000e+00  1.20000e+00       8.038e+14  6.423629e-01  0.000000e+00  9.996938e-02  3.576371e-01
-1.40000e+00  1.20000e+00       7.640e+14  4.884336e-01  0.000000e+00  2.720873e-01  5.115664e-01
-7.00000e-01  1.20000e+00       3.857e+14  2.426835e-01  0.000000e+00  4.162666e-01  7.573165e-01
 0.00000e+00  1.20000e+00       1.683e+14  6.040830e-02  0.000000e+00 -2.811591e-15  9.395917e-01
 7.00000e-01  1.20000e+00       3.857e+14  2.426835e-01  0.000000e+00 -4.162666e-01  7.573165e-01
 1.40000e+00  1.20000e+00       7.640e+14  4.884336e-01  0.000000e+00 -2.720873e-01  5.115664e-01
 2.10000e+00  1.20000e+00       8.038e+14  6.423629e-01  0.000000e+00 -9.996938e-02  3.576371e-01
 2.80000e+00  1.20000e+00       5.410e+14  6.700433e-01  0.000000e+00 -9.453887e-02  3.299567e-01
 3.50000e+00  1.20000e+00       2.335e+14  5.255854e-01  0.000000e+00 -9.430034e-02  4.744146e-01
 4.20000e+00  1.20000e+00       8.145e+13  4.745024e-01  0.000000e+00  2.300754e-01  5.254976e-01
 4.90000e+00  1.20000e+00       2.686e+13  7.205497e-01  0.000000e+00  3.607512e-01  2.794503e-01
 5.60000e+00  1.20000e+00       5.682e+12  8.963865e-01  0.000000e+00  1.959536e-01  1.036135e-01
 6.30000e+00  1.20000e+00       6.357e+11  9.534677e-01  0.000000e+00 -1.472306e-02  4.653231e-02
 7.00000e+00  1.20000e+00       3.714e+10  9.414267e-01  0.000000e+00 -1.986219e-01  5.857326e-02
-7.00000e+00  1.60000e+00       5.564e+09  8.343628e-01  0.000000e+00 -2.714058e-01  1.656372e-01
-6.30000e+00  1.60000e+00       8.223e+10  6.945666e-01  0.000000e+00 -4.712067e-01  3.054334e-01
-5.60000e+00  1.60000e+00       7.120e+11  3.732547e-01  0.000000e+00 -5.139424e-01  6.267453e-01
-4.90000e+00  1.60000e+00       4.334e+12  1.367937e-01  0.000000e+00 -1.088374e-01  8.632063e-01
-4.20000e+00  1.60000e+00       2.211e+13  3.281516e-01  0.000000e+00  2.901611e-01  6.718484e-01
-3.50000e+00  1.60000e+00       7.442e+13  5.345220e-01  0.000000e+00  2.236555e-01  4.654780e-01
-2.80000e+00  1.60000e+00       1.594e+14  5.395001e-01  0.000000e+00  4.365359e-02  4.604999e-01
-2.10000e+00  1.60000e+00       2.938e+14  5.759955e-01  0.000000e+00  5.548059e-02  4.240045e-01
-1.40000e+00  1.60000e+00       5.529e+14  5.131918e-01  0.000000e+00  1.669119e-01  4.868082e-01
-7.00000e-01  1.60000e+00       1.337e+15  3.100098e-01  0.000000e+00  1.135130e-01  6.899902e-01
 0.00000e+00  1.60000e+00       2.092e+15  2.674780e-01  0.000000e+00 -1.601726e-15  7.325220e-01
 7.00000e-01  1.60000e+00       1.337e+15  3.100098e-01  0.000000e+00 -1.135130e-01  6.899902e-01
 1.40000e+00  1.60000e+00       5.529e+14  5.131918e-01  0.000000e+00 -1.669119e-01  4.868082e-01
 2.10000e+00  1.60000e+00       2.938e+14  5.759955e-01  0.000000e+00 -5.548059e-02  4.240045e-01
 2.80000e+00  1.60000e+00       1.594e+14  5.395001e-01  0.000000e+00 -4.365359e-02  4.604999e-01
 3.50000e+00  1.60000e+00       7.442e+13  5.345220e-01  0.000000e+00 -2.236555e-01  4.654780e-01
 4.20000e+00  1.60000e+00       2.211e+13  3.281516e-01  0.000000e+00 -2.901611e-01  6.718484e-01
 4.90000e+00  1.60000e+00       4.334e+12  1.367937e-01  0.000000e+00  1.088374e-01  8.632063e-01
 5.60000e+00  1.60000e+00       7.120e+11  3.732547e-01  0.000000e+00  5.139424e-01  6.267453e-01
 6.30000e+00  1.60000e+00       8.223e+10  6.945666e-01  0.000000e+00  4.712067e-01  3.054334e-01
 7.00000e+00  1.60000e+00       5.564e+09  8.343628e-01  0.000000e+00  2.714058e-01  1.656372e-01
-7.00000e+00  2.00000e+00       5.926e+08 -1.691585e-01  0.000000e+00 -5.818055e-01  8.308415e-01
-6.30000e+00  2.00000e+00       7.673e+09 -2.709673e-01  0.000000e+00 -2.181272e-01  7.290327e-01
-5.60000e+00  2.00000e+00       9.750e+10 -7.137120e-02  0.000000e+00  2.774278e-01  9.286288e-01
-4.90000e+00  2.00000e+00       8.798e+11  3.553189e-01  0.000000e+00  3.609915e-01  6.446811e-01
-4.20000e+00  2.00000e+00       4.646e+12  5.485942e-01  0.000000e+00  1.155530e-01  4.514058e-01
-3.50000e+00  2.00000e+00       1.448e+13  4.531461e-01  0.000000e+00 -4.818871e-02  5.468539e-01
-2.80000e+00  2.00000e+00       3.293e+13  3.565723e-01  0.000000e+00  1.854825e-02  6.434277e-01
-2.10000e+00  2.00000e+00       5.575e+13  2.395530e-01  0.000000e+00  3.478506e-02  7.604470e-01
-1.40000e+00  2.00000e+00       5.999e+13 -5.527865e-02  0.000000e+00 -1.081061e-01  9.447213e-01
-7.00000e-01  2.00000e+00       3.516e+13 -3.044118e-01  0.000000e+00 -3.196664e-01  6.955882e-01
 0.00000e+00  2.00000e+00       1.711e+13 -3.708499e-01  0.000000e+00 -6.659050e-15  6.291501e-01
 7.00000e-01  2.00000e+00       3.516e+13 -3.044118e-01  0.000000e+00  3.196664e-01  6.955882e-01
 1.40000e+00  2.00000e+00       5.999e+13 -5.527865e-02  0.000000e+00  1.081061e-01  9.447213e-01
 2.10000e+00  2.00000e+00       5.575e+13  2.395530e-01  0.000000e+00 -3.478506e-02  7.604470e-01
 2.80000e+00  2.00000e+00       3.293e+13  3.565723e-01  0.000000e+00 -1.854825e-02  6.434277e-01
 3.50000e+00  2.00000e+00       1.448e+13  4.531461e-01  0.000000e+00  4.818871e-02  5.468539e-01
 4.20000e+00  2.00000e+00       4.646e+12  5.485942e-01  0.000000e+00 -1.155530e-01  4.514058e-01
 4.90000e+00  2.00000e+00       8.798e+11  3.553189e-01  0.000000e+00 -3.609915e-01  6.446811e-01
 5.60000e+00  2.00000e+00       9.750e+10 -7.137120e-02  0.000000e+00 -2.774278e-01  9.286288e-01
 6.30000e+00  2.00000e+00       7.673e+09 -2.709673e-01  0.000000e+00  2.181272e-01  7.290327e-01
 7.00000e+00  2.00000e+00       5.926e+08 -1.691585e-01  0.000000e+00  5.818055e-01  8.308415e-01
-7.00000e+00  2.40000e+00       2.160e+08 -5.501474e-01  0.000000e+00 -2.552607e-01  4.498526e-01
-6.30000e+00  2.40000e+00       1.124e+09 -4.576652e-02  0.000000e+00  2.886673e-01  9.542335e-01
-5.60000e+00  2.40000e+00       1.077e+10  4.890091e-01  0.000000e+00  2.058558e-01  5.109909e-01
-4.90000e+00  2.40000e+00       8.102e+10  4.834459e-01  0.000000e+00 -8.311544e-02  5.165541e-01
-4.20000e+00  2.40000e+00       3.997e+11  2.759141e-01  0.000000e+00 -8.886562e-02  7.240859e-01
-3.50000e+00  2.40000e+00       1.473e+12  2.736042e-01  0.000000e+00  4.655175e-02  7.263958e-01
-2.80000e+00  2.40000e+00       3.914e+12  2.837208e-01  0.000000e+00  3.598969e-02  7.162792e-01
-2.10000e+00  2.40000e+00       7.261e+12  5.492079e-02  0.000000e+00 -3.907061e-02  9.450792e-01
-1.40000e+00  2.40000e+00       9.644e+12 -3.418535e-01  0.000000e+00 -2.580634e-01  6.581465e-01
-7.00000e-01  2.40000e+00       8.031e+12 -6.254896e-01  0.000000e+00 -4.304636e-01  3.745104e-01
 0.00000e+00  2.40000e+00       5.233e+12 -7.520719e-01  0.000000e+00  7.558157e-15  2.479281e-01
 7.00000e-01  2.40000e+00       8.031e+12 -6.254896e-01  0.000000e+00  4.304636e-01  3.745104e-01
 1.40000e+00  2.40000e+00       9.644e+12 -3.418535e-01  0.000000e+00  2.580634e-01  6.581465e-01
 2.10000e+00  2.40000e+00       7.261e+12  5.492079e-02  0.000000e+00  3.907061e-02  9.450792e-01
 2.80000e+00  2.40000e+00       3.914e+12  2.837208e-01  0.000000e+00 -3.598969e-02  7.162792e-01
 3.50000e+00  2.40000e+00       1.473e+12  2.736042e-01  0.000000e+00 -4.655175e-02  7.263958e-01
 4.20000e+00  2.40000e+00       3.997e+11  2.759141e-01  0.000000e+00  8.886562e-02  7.240859e-01
 4.90000e+00  2.40000e+00       8.102e+10  4.834459e-01  0.000000e+00  8.311544e-02  5.165541e-01
 5.60000e+00  2.40000e+00       1.077e+10  4.890091e-01  0.000000e+00 -2.058558e-01  5.109909e-01
 6.30000e+00  2.40000e+00       1.124e+09 -4.576652e-02  0.000000e+00 -2.886673e-01  9.542335e-01
 7.00000e+00  2.40000e+00       2.160e+08 -5.501474e-01  0.000000e+00  2.552607e-01  4.498526e-01
-7.00000e+00  2.80000e+00       1.544e+08 -6.736920e-01  0.000000e+00 -2.298390e-01  3.263080e-01
-6.30000e+00  2.80000e+00       4.133e+08 -5.070666e-01  0.000000e+00  9.797146e-02  4.929334e-01
-5.60000e+00  2.80000e+00       1.436e+09 -9.676273e-02  0.000000e+00  2.284098e-01  9.032373e-01
-4.90000e+00  2.80000e+00       6.480e+09  2.092256e-01  0.000000e+00  2.161930e-01  7.907744e-01
-4.20000e+00  2.80000e+00       2.794e+10  3.403542e-01  0.000000e+00  1.409616e-01  6.596458e-01
-3.50000e+00  2.80000e+00       9.673e+10  3.038147e-01  0.000000e+00  3.359781e-02  6.961853e-01
-2.80000e+00  2.80000e+00       2.662e+11  2.683515e-01  0.000000e+00  7.452701e-02  7.316485e-01
-2.10000e+00  2.80000e+00       5.503e+11  2.336544e-01  0.000000e+00  2.655311e-01  7.663456e-01
-1.40000e+00  2.80000e+00       7.225e+11  8.598271e-02  0.000000e+00  5.013358e-01  9.140173e-01
-7.00000e-01  2.80000e+00       4.775e+11 -8.683780e-02  0.000000e+00  5.713005e-01  9.131622e-01
 0.00000e+00  2.80000e+00       2.332e+11 -2.428299e-01  0.000000e+00  7.969404e-16  7.571701e-01
 7.00000e-01  2.80000e+00       4.775e+11 -8.683780e-02  0.000000e+00 -5.713005e-01  9.131622e-01
 1.40000e+00  2.80000e+00       7.225e+11  8.598271e-02  0.000000e+00 -5.013358e-01  9.140173e-01
 2.10000e+00  2.80000e+00       5.503e+11  2.336544e-01  0.000000e+00 -2.655311e-01  7.663456e-01
 2.80000e+00  2.80000e+00       2.662e+11  2.683515e-01  0.000000e+00 -7.452701e-02  7.316485e-01
 3.50000e+00  2.80000e+00       9.673e+10  3.038147e-01  0.000000e+00 -3.359781e-02  6.961853e-01
 4.20000e+00  2.80000e+00       2.794e+10  3.403542e-01  0.000000e+00 -1.409616e-01  6.596458e-01
 4.90000e+00  2.80000e+00       6.480e+09  2.092256e-01  0.000000e+00 -2.161930e-01  7.907744e-01
 5.60000e+00  2.80000e+00       1.436e+09 -9.676273e-02  0.000000e+00 -2.284098e-01  9.032373e-01
 6.30000e+00  2.80000e+00       4.133e+08 -5.070666e-01  0.000000e+00 -9.797146e-02  4.929334e-01
 7.00000e+00  2.80000e+00       1.544e+08 -6.736920e-01  0.000000e+00  2.298390e-01  3.263080e-01
-7.00000e+00  3.20000e+00       1.175e+08 -7.374194e-01  0.000000e+00 -5.465859e-02  2.625806e-01
-6.30000e+00  3.20000e+00       3.159e+08 -5.887365e-01  0.000000e+00  1.817842e-01  4.112635e-01
-5.60000e+00  3.20000e+00       8.259e+08 -1.593764e-01  0.000000e+00  3.536711e-01  8.406236e-01
-4.90000e+00  3.20000e+00       2.448e+09  3.202748e-01  0.000000e+00  3.212974e-01  6.797252e-01
-4.20000e+00  3.20000e+00       5.793e+09  5.039095e-01  0.000000e+00  2.712238e-01  4.960905e-01
-3.50000e+00  3.20000e+00       9.301e+09  4.396182e-01  0.000000e+00  2.807329e-01  5.603818e-01
-2.80000e+00  3.20000e+00       1.085e+10  6.495703e-02  0.000000e+00  2.210918e-01  9.350430e-01
-2.10000e+00  3.20000e+00       1.332e+10 -8.202369e-01  0.000000e+00 -6.091681e-01  1.797631e-01
-1.40000e+00  3.20000e+00       3.176e+10 -4.969156e-01  0.000000e+00 -1.376555e+00  5.030844e-01
-7.00000e-01  3.20000e+00       3.757e+10 -7.584820e-01  0.000000e+00 -1.698266e+00  2.415180e-01
 0.00000e+00  3.20000e+00       6.022e+10 -1.984583e-01  0.000000e+00  6.206140e-15  8.015417e-01
 7.00000e-01  3.20000e+00       3.757e+10 -7.584820e-01  0.000000e+00  1.698266e+00  2.415180e-01
 1.40000e+00  3.20000e+00       3.176e+10 -4.969156e-01  0.000000e+00  1.376555e+00  5.030844e-01
 2.10000e+00  3.20000e+00       1.332e+10 -8.202369e-01  0.000000e+00  6.091681e-01  1.797631e-01
 2.80000e+00  3.20000e+00       1.085e+10  6.495703e-02  0.000000e+00 -2.210918e-01  9.350430e-01
 3.50000e+00  3.20000e+00       9.301e+09  4.396182e-01  0.000000e+00 -2.807329e-01  5.603818e-01
 4.20000e+00  3.20000e+00       5.793e+09  5.039095e-01  0.000000e+00 -2.712238e-01  4.960905e-01
 4.90000e+00  3.20000e+00       2.448e+09  3.202748e-01  0.000000e+00 -3.212974e-01  6.797252e-01
 5.60000e+00  3.20000e+00       8.259e+08 -1.593764e-01  0.000000e+00 -3.536711e-01  8.406236e-01
 6.30000e+00  3.20000e+00       3.159e+08 -5.887365e-01  0.000000e+00 -1.817842e-01  4.112635e-01
 7.00000e+00  3.20000e+00       1.175e+08 -7.374194e-01  0.000000e+00  5.465859e-02  2.625806e-01
-7.00000e+00  3.60000e+00       8.774e+07 -7.124610e-01  0.000000e+00  2.032190e-01  2.875390e-01
-6.30000e+00  3.60000e+00       3.353e+08 -5.946735e-01  0.000000e+00  3.050250e-01  4.053265e-01
-5.60000e+00  3.60000e+00       8.008e+08 -2.484706e-01  0.000000e+00  3.810071e-01  7.515294e-01
-4.90000e+00  3.60000e+00       1.952e+09  3.026116e-01  0.000000e+00  3.245759e-01  6.973884e-01
-4.20000e+00  3.60000e+00       4.193e+09  5.276938e-01  0.000000e+00  2.831322e-01  4.723062e-01
-3.50000e+00  3.60000e+00       4.686e+09  4.405636e-01  0.000000e+00  3.304671e-01  5.594364e-01
-2.80000e+00  3.60000e+00       1.922e+09 -8.049532e-01  0.000000e+00  6.650104e-01  1.950468e-01
-2.10000e+00  3.60000e+00       1.002e+10  4.007285e-01  0.000000e+00 -2.135247e-01  5.992715e-01
-1.40000e+00  3.60000e+00       1.975e+10  6.745179e-01  0.000000e+00 -7.499219e-01  3.254821e-01
-7.00000e-01  3.60000e+00       6.538e+10  8.561488e-01  0.000000e+00 -3.197341e-01  1.438512e-01
 0.00000e+00  3.60000e+00       1.266e+11  7.800896e-01  0.000000e+00 -2.396280e-16  2.199104e-01
 7.00000e-01  3.60000e+00       6.538e+10  8.561488e-01  0.000000e+00  3.197341e-01  1.438512e-01
 1.40000e+00  3.60000e+00       1.975e+10  6.745179e-01  0.000000e+00  7.499219e-01  3.254821e-01
 2.10000e+00  3.60000e+00       1.002e+10  4.007285e-01  0.000000e+00  2.135247e-01  5.992715e-01
 2.80000e+00  3.60000e+00       1.922e+09 -8.049532e-01  0.000000e+00 -6.650104e-01  1.950468e-01
 3.50000e+00  3.60000e+00       4.686e+09  4.405636e-01  0.000000e+00 -3.304671e-01  5.594364e-01
 4.20000e+00  3.60000e+00       4.193e+09  5.276938e-01  0.000000e+00 -2.831322e-01  4.723062e-01
 4.90000e+00  3.60000e+00       1.952e+09  3.026116e-01  0.000000e+00 -3.245759e-01  6.973884e-01
 5.60000e+00  3.60000e+00       8.008e+08 -2.484706e-01  0.000000e+00 -3.810071e-01  7.515294e-01
 6.30000e+00  3.60000e+00       3.353e+08 -5.946735e-01  0.000000e+00 -3.050250e-01  4.053265e-01
 7.00000e+00  3.60000e+00       8.774e+07 -7.124610e-01  0.000000e+00 -2.032190e-01  2.875390e-01
-7.00000e+00  4.00000e+00       8.518e+06 -5.094795e-01  0.000000e+00  4.670765e-01  4.905205e-01
-6.30000e+00  4.00000e+00       7.922e+07 -3.455032e-01  0.000000e+00  4.703213e-01  6.544968e-01
-5.60000e+00  4.00000e+00       3.860e+08  1.371910e-02  0.000000e+00  4.127348e-01  9.862809e-01
-4.90000e+00  4.00000e+00       1.310e+09  4.360080e-01  0.000000e+00  2.852153e-01  5.639920e-01
-4.20000e+00  4.00000e+00       2.733e+09  6.398372e-01  0.000000e+00  2.076044e-01  3.601628e-01
-3.50000e+00  4.00000e+00       2.647e+09  5.268500e-01  0.000000e+00  2.693933e-01  4.731500e-01
-2.80000e+00  4.00000e+00       2.389e+09  2.065881e-01  0.000000e+00  2.873988e-01  7.934119e-01
-2.10000e+00  4.00000e+00       1.004e+10  6.767041e-01  0.000000e+00 -1.699552e-01  3.232959e-01
-1.40000e+00  4.00000e+00       1.931e+10  8.411503e-01  0.000000e+00 -5.392515e-01  1.588497e-01
-7.00000e-01  4.00000e+00       5.988e+10  8.594068e-01  0.000000e+00 -2.416989e-01  1.405932e-01
 0.00000e+00  4.00000e+00       1.102e+11  8.031563e-01  0.000000e+00 -3.197248e-16  1.968437e-01
 7.00000e-01  4.00000e+00       5.988e+10  8.594068e-01  0.000000e+00  2.416989e-01  1.405932e-01
 1.40000e+00  4.00000e+00       1.931e+10  8.411503e-01  0.000000e+00  5.392515e-01  1.588497e-01
 2.10000e+00  4.00000e+00       1.004e+10  6.767041e-01  0.000000e+00  1.699552e-01  3.232959e-01
 2.80000e+00  4.00000e+00       2.389e+09  2.065881e-01  0.000000e+00 -2.873988e-01  7.934119e-01
 3.50000e+00  4.00000e+00       2.647e+09  5.268500e-01  0.000000e+00 -2.693933e-01  4.731500e-01
 4.20000e+00  4.00000e+00       2.733e+09  6.398372e-01  0.000000e+00 -2.076044e-01  3.601628e-01
 4.90000e+00  4.00000e+00       1.310e+09  4.360080e-01  0.000000e+00 -2.852153e-01  5.639920e-01
 5.60000e+00  4.00000e+00       3.860e+08  1.371910e-02  0.000000e+00 -4.127348e-01  9.862809e-01
 6.30000e+00  4.00000e+00       7.922e+07 -3.455032e-01  0.000000e+00 -4.703213e-01  6.544968e-01
 7.00000e+00  4.00000e+00       8.518e+06 -5.094795e-01  0.000000e+00 -4.670765e-01  4.905205e-01
