 EB(GeV)    EMITTANCEx EMITTANCEy SIZEx(m)   SIZEy(m)   DIVx(rad)  DIVy(rad)
 2.411e+00  5.499e-09  1.017e-12  8.711e-05  1.009e-06  6.313e-05  1.009e-06
 betax      alphax     betay      alphay     eta        deta       E_spread  
 1.380e+00  0.000e+00  1.000e+00  0.000e+00  0.000e+00  0.000e+00  8.600e-04
 Ibeam(A)   period(cm) #periods   Kx         Ky         Energy(eV)
 4.005e-01  1.900e+00         96  0.000e+00  1.780e+00  4.697e+04


           x            y       F.Density            PL            PC          PL45        1-|PL|
          mm           mm  ph/s/mr^2/0.1%             -             -             -             -
-7.00000e+00 -4.00000e+00       8.592e-01 -9.418068e-01  0.000000e+00  4.045554e-01  5.819316e-02
-6.30000e+00 -4.00000e+00       7.941e+00 -9.122523e-01  0.000000e+00  3.200991e-01  8.774770e-02
-5.60000e+00 -4.00000e+00       3.578e+01 -4.725483e-01  0.000000e+00  1.925784e-01  5.274517e-01
-4.90000e+00 -4.00000e+00       1.762e+02  6.738992e-01  0.000000e+00  6.613230e-02  3.261008e-01
-4.20000e+00 -4.00000e+00       2.121e+03  9.605960e-01  0.000000e+00  3.067367e-02  3.940398e-02
-3.50000e+00 -4.00000e+00       3.106e+04  9.313509e-01  0.000000e+00  3.441223e-04  6.864912e-02
-2.80000e+00 -4.00000e+00       7.802e+04 -4.710946e-01  0.000000e+00 -1.956018e-01  5.289054e-01
-2.10000e+00 -4.00000e+00       5.473e+06  5.030638e-01  0.000000e+00 -6.484606e-02  4.969362e-01
-1.40000e+00 -4.00000e+00       4.953e+07  5.276863e-01  0.000000e+00 -4.976877e-02  4.723137e-01
-7.00000e-01 -4.00000e+00       1.643e+08  5.325727e-01  0.000000e+00 -2.906768e-02  4.674273e-01
 0.00000e+00 -4.00000e+00       2.397e+08  5.371375e-01  0.000000e+00  5.239978e-17  4.628625e-01
 7.00000e-01 -4.00000e+00       1.643e+08  5.325727e-01  0.000000e+00  2.906768e-02  4.674273e-01
 1.40000e+00 -4.00000e+00       4.953e+07  5.276863e-01  0.000000e+00  4.976877e-02  4.723137e-01
 2.10000e+00 -4.00000e+00       5.473e+06  5.030638e-01  0.000000e+00  6.484606e-02  4.969362e-01
 2.80000e+00 -4.00000e+00       7.802e+04 -4.710946e-01  0.000000e+00  1.956018e-01  5.289054e-01
 3.50000e+00 -4.00000e+00       3.106e+04  9.313509e-01  0.000000e+00 -3.441223e-04  6.864912e-02
 4.20000e+00 -4.00000e+00       2.121e+03  9.605960e-01  0.000000e+00 -3.067367e-02  3.940398e-02
 4.90000e+00 -4.00000e+00       1.762e+02  6.738992e-01  0.000000e+00 -6.613230e-02  3.261008e-01
 5.60000e+00 -4.00000e+00       3.578e+01 -4.725483e-01  0.000000e+00 -1.925784e-01  5.274517e-01
 6.30000e+00 -4.00000e+00       7.941e+00 -9.122523e-01  0.000000e+00 -3.200991e-01  8.774770e-02
 7.00000e+00 -4.00000e+00       8.592e-01 -9.418066e-01  0.000000e+00 -4.045556e-01  5.819340e-02
-7.00000e+00 -3.60000e+00       4.716e+00 -6.717154e-01  0.000000e+00  7.320793e-01  3.282846e-01
-6.30000e+00 -3.60000e+00       1.358e+01 -8.273730e-01  0.000000e+00  6.635504e-01  1.726270e-01
-5.60000e+00 -3.60000e+00       3.237e+01 -3.888252e-01  0.000000e+00  3.208180e-01  6.111748e-01
-4.90000e+00 -3.60000e+00       1.851e+02  8.132781e-01  0.000000e+00  8.251176e-02  1.867219e-01
-4.20000e+00 -3.60000e+00       2.426e+03  9.499932e-01  0.000000e+00  3.942810e-02  5.000682e-02
-3.50000e+00 -3.60000e+00       3.702e+04  9.655356e-01  0.000000e+00  1.113269e-02  3.446445e-02
-2.80000e+00 -3.60000e+00       1.631e+05  6.091454e-01  0.000000e+00 -1.329410e-02  3.908546e-01
-2.10000e+00 -3.60000e+00       3.989e+06  4.910895e-01  0.000000e+00 -3.424632e-02  5.089105e-01
-1.40000e+00 -3.60000e+00       4.948e+07  5.203549e-01  0.000000e+00 -2.556062e-02  4.796451e-01
-7.00000e-01 -3.60000e+00       2.059e+08  5.189859e-01  0.000000e+00 -1.435479e-02  4.810141e-01
 0.00000e+00 -3.60000e+00       3.288e+08  5.205003e-01  0.000000e+00 -1.745812e-16  4.794997e-01
 7.00000e-01 -3.60000e+00       2.059e+08  5.189859e-01  0.000000e+00  1.435479e-02  4.810141e-01
 1.40000e+00 -3.60000e+00       4.948e+07  5.203549e-01  0.000000e+00  2.556062e-02  4.796451e-01
 2.10000e+00 -3.60000e+00       3.989e+06  4.910895e-01  0.000000e+00  3.424632e-02  5.089105e-01
 2.80000e+00 -3.60000e+00       1.631e+05  6.091454e-01  0.000000e+00  1.329410e-02  3.908546e-01
 3.50000e+00 -3.60000e+00       3.702e+04  9.655356e-01  0.000000e+00 -1.113269e-02  3.446445e-02
 4.20000e+00 -3.60000e+00       2.426e+03  9.499932e-01  0.000000e+00 -3.942810e-02  5.000682e-02
 4.90000e+00 -3.60000e+00       1.851e+02  8.132781e-01  0.000000e+00 -8.251176e-02  1.867219e-01
 5.60000e+00 -3.60000e+00       3.237e+01 -3.888252e-01  0.000000e+00 -3.208180e-01  6.111748e-01
 6.30000e+00 -3.60000e+00       1.358e+01 -8.273730e-01  0.000000e+00 -6.635504e-01  1.726270e-01
 7.00000e+00 -3.60000e+00       4.716e+00 -6.717154e-01  0.000000e+00 -7.320793e-01  3.282846e-01
-7.00000e+00 -3.20000e+00       2.423e+01 -4.100808e-01  0.000000e+00  8.953567e-01  5.899192e-01
-6.30000e+00 -3.20000e+00       3.179e+01 -5.721146e-01  0.000000e+00  8.146794e-01  4.278854e-01
-5.60000e+00 -3.20000e+00       3.456e+01 -4.138838e-01  0.000000e+00  4.047746e-01  5.861162e-01
-4.90000e+00 -3.20000e+00       2.128e+02  8.305725e-01  0.000000e+00  5.464790e-02  1.694275e-01
-4.20000e+00 -3.20000e+00       2.755e+03  9.707262e-01  0.000000e+00  4.409721e-02  2.927377e-02
-3.50000e+00 -3.20000e+00       4.408e+04  9.659053e-01  0.000000e+00  1.374230e-02  3.409473e-02
-2.80000e+00 -3.20000e+00       2.271e+05  8.036117e-01  0.000000e+00  9.734892e-03  1.963883e-01
-2.10000e+00 -3.20000e+00       3.214e+06  4.845123e-01  0.000000e+00 -1.472696e-02  5.154877e-01
-1.40000e+00 -3.20000e+00       5.102e+07  5.201170e-01  0.000000e+00 -1.094448e-02  4.798830e-01
-7.00000e-01 -3.20000e+00       2.508e+08  5.138381e-01  0.000000e+00 -5.813930e-03  4.861619e-01
 0.00000e+00 -3.20000e+00       4.267e+08  5.136219e-01  0.000000e+00  3.575128e-16  4.863781e-01
 7.00000e-01 -3.20000e+00       2.508e+08  5.138381e-01  0.000000e+00  5.813930e-03  4.861619e-01
 1.40000e+00 -3.20000e+00       5.102e+07  5.201170e-01  0.000000e+00  1.094448e-02  4.798830e-01
 2.10000e+00 -3.20000e+00       3.214e+06  4.845123e-01  0.000000e+00  1.472696e-02  5.154877e-01
 2.80000e+00 -3.20000e+00       2.271e+05  8.036117e-01  0.000000e+00 -9.734892e-03  1.963883e-01
 3.50000e+00 -3.20000e+00       4.408e+04  9.659053e-01  0.000000e+00 -1.374230e-02  3.409473e-02
 4.20000e+00 -3.20000e+00       2.755e+03  9.707262e-01  0.000000e+00 -4.409721e-02  2.927377e-02
 4.90000e+00 -3.20000e+00       2.128e+02  8.305725e-01  0.000000e+00 -5.464790e-02  1.694275e-01
 5.60000e+00 -3.20000e+00       3.456e+01 -4.138838e-01  0.000000e+00 -4.047746e-01  5.861162e-01
 6.30000e+00 -3.20000e+00       3.179e+01 -5.721146e-01  0.000000e+00 -8.146794e-01  4.278854e-01
 7.00000e+00 -3.20000e+00       2.423e+01 -4.100808e-01  0.000000e+00 -8.953567e-01  5.899192e-01
-7.00000e+00 -2.80000e+00       1.997e+01 -2.432188e-01  0.000000e+00  9.348517e-01  7.567812e-01
-6.30000e+00 -2.80000e+00       2.642e+01 -5.611832e-01  0.000000e+00  8.131915e-01  4.388168e-01
-5.60000e+00 -2.80000e+00       4.195e+01 -3.841023e-01  0.000000e+00  3.986371e-01  6.158977e-01
-4.90000e+00 -2.80000e+00       2.498e+02  8.271259e-01  0.000000e+00  8.675851e-02  1.728741e-01
-4.20000e+00 -2.80000e+00       3.093e+03  9.933899e-01  0.000000e+00  5.021682e-02  6.610114e-03
-3.50000e+00 -2.80000e+00       5.343e+04  9.515596e-01  0.000000e+00  1.291216e-02  4.844039e-02
-2.80000e+00 -2.80000e+00       3.078e+05  9.050388e-01  0.000000e+00  1.607713e-02  9.496121e-02
-2.10000e+00 -2.80000e+00       1.646e+06  4.815325e-01  0.000000e+00  1.481455e-03  5.184675e-01
-1.40000e+00 -2.80000e+00       3.447e+07  5.526942e-01  0.000000e+00 -1.036694e-03  4.473058e-01
-7.00000e-01 -2.80000e+00       1.936e+08  5.359903e-01  0.000000e+00 -2.556019e-04  4.640097e-01
 0.00000e+00 -2.80000e+00       3.471e+08  5.336354e-01  0.000000e+00  2.224735e-16  4.663646e-01
 7.00000e-01 -2.80000e+00       1.936e+08  5.359903e-01  0.000000e+00  2.556019e-04  4.640097e-01
 1.40000e+00 -2.80000e+00       3.447e+07  5.526942e-01  0.000000e+00  1.036694e-03  4.473058e-01
 2.10000e+00 -2.80000e+00       1.646e+06  4.815325e-01  0.000000e+00 -1.481455e-03  5.184675e-01
 2.80000e+00 -2.80000e+00       3.078e+05  9.050388e-01  0.000000e+00 -1.607713e-02  9.496121e-02
 3.50000e+00 -2.80000e+00       5.343e+04  9.515596e-01  0.000000e+00 -1.291216e-02  4.844039e-02
 4.20000e+00 -2.80000e+00       3.093e+03  9.933899e-01  0.000000e+00 -5.021682e-02  6.610114e-03
 4.90000e+00 -2.80000e+00       2.498e+02  8.271259e-01  0.000000e+00 -8.675851e-02  1.728741e-01
 5.60000e+00 -2.80000e+00       4.195e+01 -3.841023e-01  0.000000e+00 -3.986371e-01  6.158977e-01
 6.30000e+00 -2.80000e+00       2.642e+01 -5.611832e-01  0.000000e+00 -8.131915e-01  4.388168e-01
 7.00000e+00 -2.80000e+00       1.997e+01 -2.432188e-01  0.000000e+00 -9.348517e-01  7.567812e-01
-7.00000e+00 -2.40000e+00       2.342e+01 -6.157288e-02  0.000000e+00  9.628585e-01  9.384271e-01
-6.30000e+00 -2.40000e+00       2.852e+01 -4.270069e-01  0.000000e+00  8.767102e-01  5.729931e-01
-5.60000e+00 -2.40000e+00       4.797e+01 -3.536929e-01  0.000000e+00  3.822204e-01  6.463071e-01
-4.90000e+00 -2.40000e+00       2.929e+02  6.817589e-01  0.000000e+00  5.326021e-02  3.182411e-01
-4.20000e+00 -2.40000e+00       2.779e+03  6.983899e-01  0.000000e+00 -4.084078e-03  3.016101e-01
-3.50000e+00 -2.40000e+00       3.377e+04 -4.810496e-01  0.000000e+00 -1.703130e-01  5.189504e-01
-2.80000e+00 -2.40000e+00       3.080e+06  4.557350e-01  0.000000e+00 -6.114346e-02  5.442650e-01
-2.10000e+00 -2.40000e+00       4.605e+07  5.213213e-01  0.000000e+00 -4.860342e-02  4.786787e-01
-1.40000e+00 -2.40000e+00       2.471e+08  5.298716e-01  0.000000e+00 -3.545000e-02  4.701284e-01
-7.00000e-01 -2.40000e+00       6.313e+08  5.335595e-01  0.000000e+00 -1.739076e-02  4.664405e-01
 0.00000e+00 -2.40000e+00       8.674e+08  5.364012e-01  0.000000e+00 -2.334645e-16  4.635988e-01
 7.00000e-01 -2.40000e+00       6.313e+08  5.335595e-01  0.000000e+00  1.739076e-02  4.664405e-01
 1.40000e+00 -2.40000e+00       2.471e+08  5.298716e-01  0.000000e+00  3.545000e-02  4.701284e-01
 2.10000e+00 -2.40000e+00       4.605e+07  5.213213e-01  0.000000e+00  4.860342e-02  4.786787e-01
 2.80000e+00 -2.40000e+00       3.080e+06  4.557350e-01  0.000000e+00  6.114346e-02  5.442650e-01
 3.50000e+00 -2.40000e+00       3.377e+04 -4.810496e-01  0.000000e+00  1.703130e-01  5.189504e-01
 4.20000e+00 -2.40000e+00       2.779e+03  6.983899e-01  0.000000e+00  4.084078e-03  3.016101e-01
 4.90000e+00 -2.40000e+00       2.929e+02  6.817589e-01  0.000000e+00 -5.326022e-02  3.182411e-01
 5.60000e+00 -2.40000e+00       4.797e+01 -3.536929e-01  0.000000e+00 -3.822204e-01  6.463071e-01
 6.30000e+00 -2.40000e+00       2.852e+01 -4.270069e-01  0.000000e+00 -8.767102e-01  5.729931e-01
 7.00000e+00 -2.40000e+00       2.342e+01 -6.157288e-02  0.000000e+00 -9.628585e-01  9.384271e-01
-7.00000e+00 -2.00000e+00       2.555e+01  7.392666e-02  0.000000e+00  9.374467e-01  9.260733e-01
-6.30000e+00 -2.00000e+00       4.105e+01 -4.289628e-01  0.000000e+00  8.136110e-01  5.710372e-01
-5.60000e+00 -2.00000e+00       1.945e+02  1.734026e-02  0.000000e+00  7.230211e-02  9.826597e-01
-4.90000e+00 -2.00000e+00       2.320e+04  5.761137e-01  0.000000e+00 -1.731832e-01  4.238863e-01
-4.20000e+00 -2.00000e+00       1.192e+06  5.841286e-01  0.000000e+00 -1.667251e-01  4.158714e-01
-3.50000e+00 -2.00000e+00       2.089e+07  5.824458e-01  0.000000e+00 -1.521596e-01  4.175542e-01
-2.80000e+00 -2.00000e+00       1.471e+08  5.795091e-01  0.000000e+00 -1.242260e-01  4.204909e-01
-2.10000e+00 -2.00000e+00       5.293e+08  5.752952e-01  0.000000e+00 -8.622303e-02  4.247048e-01
-1.40000e+00 -2.00000e+00       1.163e+09  5.708641e-01  0.000000e+00 -5.212991e-02  4.291359e-01
-7.00000e-01 -2.00000e+00       1.693e+09  5.699354e-01  0.000000e+00 -2.511068e-02  4.300646e-01
 0.00000e+00 -2.00000e+00       1.852e+09  5.718839e-01  0.000000e+00  5.216556e-17  4.281161e-01
 7.00000e-01 -2.00000e+00       1.693e+09  5.699354e-01  0.000000e+00  2.511068e-02  4.300646e-01
 1.40000e+00 -2.00000e+00       1.163e+09  5.708641e-01  0.000000e+00  5.212991e-02  4.291359e-01
 2.10000e+00 -2.00000e+00       5.293e+08  5.752952e-01  0.000000e+00  8.622303e-02  4.247048e-01
 2.80000e+00 -2.00000e+00       1.471e+08  5.795091e-01  0.000000e+00  1.242260e-01  4.204909e-01
 3.50000e+00 -2.00000e+00       2.089e+07  5.824458e-01  0.000000e+00  1.521596e-01  4.175542e-01
 4.20000e+00 -2.00000e+00       1.192e+06  5.841286e-01  0.000000e+00  1.667251e-01  4.158714e-01
 4.90000e+00 -2.00000e+00       2.320e+04  5.761137e-01  0.000000e+00  1.731832e-01  4.238863e-01
 5.60000e+00 -2.00000e+00       1.945e+02  1.734026e-02  0.000000e+00 -7.230211e-02  9.826597e-01
 6.30000e+00 -2.00000e+00       4.105e+01 -4.289628e-01  0.000000e+00 -8.136110e-01  5.710372e-01
 7.00000e+00 -2.00000e+00       2.555e+01  7.392666e-02  0.000000e+00 -9.374467e-01  9.260733e-01
-7.00000e+00 -1.60000e+00       3.435e+01  2.466544e-01  0.000000e+00  9.158017e-01  7.533456e-01
-6.30000e+00 -1.60000e+00       5.073e+01 -1.391389e-01  0.000000e+00  9.647495e-01  8.608611e-01
-5.60000e+00 -1.60000e+00       3.334e+02  4.437198e-01  0.000000e+00  2.831697e-02  5.562802e-01
-4.90000e+00 -1.60000e+00       5.316e+04  6.518799e-01  0.000000e+00 -1.287385e-01  3.481201e-01
-4.20000e+00 -1.60000e+00       2.978e+06  6.538751e-01  0.000000e+00 -1.223225e-01  3.461249e-01
-3.50000e+00 -1.60000e+00       5.714e+07  6.523336e-01  0.000000e+00 -1.115569e-01  3.476664e-01
-2.80000e+00 -1.60000e+00       4.107e+08  6.494350e-01  0.000000e+00 -9.544006e-02  3.505650e-01
-2.10000e+00 -1.60000e+00       1.301e+09  6.445725e-01  0.000000e+00 -7.259798e-02  3.554275e-01
-1.40000e+00 -1.60000e+00       2.311e+09  6.384044e-01  0.000000e+00 -4.631139e-02  3.615956e-01
-7.00000e-01 -1.60000e+00       2.801e+09  6.352929e-01  0.000000e+00 -2.299485e-02  3.647071e-01
 0.00000e+00 -1.60000e+00       2.794e+09  6.361780e-01  0.000000e+00  2.316162e-15  3.638220e-01
 7.00000e-01 -1.60000e+00       2.801e+09  6.352929e-01  0.000000e+00  2.299485e-02  3.647071e-01
 1.40000e+00 -1.60000e+00       2.311e+09  6.384044e-01  0.000000e+00  4.631139e-02  3.615956e-01
 2.10000e+00 -1.60000e+00       1.301e+09  6.445725e-01  0.000000e+00  7.259798e-02  3.554275e-01
 2.80000e+00 -1.60000e+00       4.107e+08  6.494350e-01  0.000000e+00  9.544006e-02  3.505650e-01
 3.50000e+00 -1.60000e+00       5.714e+07  6.523336e-01  0.000000e+00  1.115569e-01  3.476664e-01
 4.20000e+00 -1.60000e+00       2.978e+06  6.538751e-01  0.000000e+00  1.223225e-01  3.461249e-01
 4.90000e+00 -1.60000e+00       5.316e+04  6.518799e-01  0.000000e+00  1.287385e-01  3.481201e-01
 5.60000e+00 -1.60000e+00       3.334e+02  4.437198e-01  0.000000e+00 -2.831697e-02  5.562802e-01
 6.30000e+00 -1.60000e+00       5.073e+01 -1.391389e-01  0.000000e+00 -9.647495e-01  8.608611e-01
 7.00000e+00 -1.60000e+00       3.435e+01  2.466544e-01  0.000000e+00 -9.158017e-01  7.533456e-01
-7.00000e+00 -1.20000e+00       5.238e+01  4.870616e-01  0.000000e+00  8.300129e-01  5.129384e-01
-6.30000e+00 -1.20000e+00       1.093e+02  4.415770e-01  0.000000e+00  6.776586e-01  5.584230e-01
-5.60000e+00 -1.20000e+00       4.610e+03  7.228034e-01  0.000000e+00  1.292213e-01  2.771966e-01
-4.90000e+00 -1.20000e+00       3.071e+05  7.082971e-01  0.000000e+00 -1.085205e-02  2.917029e-01
-4.20000e+00 -1.20000e+00       1.168e+07  7.270636e-01  0.000000e+00 -7.846105e-02  2.729364e-01
-3.50000e+00 -1.20000e+00       1.818e+08  7.486758e-01  0.000000e+00 -1.239262e-01  2.513242e-01
-2.80000e+00 -1.20000e+00       1.140e+09  7.711254e-01  0.000000e+00 -1.961263e-01  2.288746e-01
-2.10000e+00 -1.20000e+00       3.703e+09  8.025955e-01  0.000000e+00 -2.286173e-01  1.974045e-01
-1.40000e+00 -1.20000e+00       8.175e+09  8.477150e-01  0.000000e+00 -9.440657e-02  1.522850e-01
-7.00000e-01 -1.20000e+00       1.450e+10  8.799131e-01  0.000000e+00  3.880791e-02  1.200869e-01
 0.00000e+00 -1.20000e+00       1.861e+10  8.849638e-01  0.000000e+00 -6.220568e-14  1.150362e-01
 7.00000e-01 -1.20000e+00       1.450e+10  8.799131e-01  0.000000e+00 -3.880791e-02  1.200869e-01
 1.40000e+00 -1.20000e+00       8.175e+09  8.477150e-01  0.000000e+00  9.440657e-02  1.522850e-01
 2.10000e+00 -1.20000e+00       3.703e+09  8.025955e-01  0.000000e+00  2.286173e-01  1.974045e-01
 2.80000e+00 -1.20000e+00       1.140e+09  7.711254e-01  0.000000e+00  1.961263e-01  2.288746e-01
 3.50000e+00 -1.20000e+00       1.818e+08  7.486758e-01  0.000000e+00  1.239262e-01  2.513242e-01
 4.20000e+00 -1.20000e+00       1.168e+07  7.270636e-01  0.000000e+00  7.846105e-02  2.729364e-01
 4.90000e+00 -1.20000e+00       3.071e+05  7.082971e-01  0.000000e+00  1.085205e-02  2.917029e-01
 5.60000e+00 -1.20000e+00       4.610e+03  7.228034e-01  0.000000e+00 -1.292213e-01  2.771966e-01
 6.30000e+00 -1.20000e+00       1.093e+02  4.415770e-01  0.000000e+00 -6.776586e-01  5.584230e-01
 7.00000e+00 -1.20000e+00       5.238e+01  4.870616e-01  0.000000e+00 -8.300129e-01  5.129384e-01
-7.00000e+00 -8.00000e-01       5.528e+01  7.412798e-01  0.000000e+00  4.235016e-01  2.587202e-01
-6.30000e+00 -8.00000e-01       3.330e+03  7.626283e-01  0.000000e+00 -9.643205e-03  2.373717e-01
-5.60000e+00 -8.00000e-01       2.528e+05  7.563072e-01  0.000000e+00 -1.352155e-02  2.436928e-01
-4.90000e+00 -8.00000e-01       9.532e+06  7.569272e-01  0.000000e+00 -1.682089e-02  2.430728e-01
-4.20000e+00 -8.00000e-01       1.828e+08  7.699772e-01  0.000000e+00 -2.204376e-02  2.300228e-01
-3.50000e+00 -8.00000e-01       1.814e+09  7.808822e-01  0.000000e+00 -2.626494e-02  2.191178e-01
-2.80000e+00 -8.00000e-01       1.012e+10  7.924520e-01  0.000000e+00 -2.954354e-02  2.075480e-01
-2.10000e+00 -8.00000e-01       3.587e+10  8.238974e-01  0.000000e+00 -4.098707e-02  1.761026e-01
-1.40000e+00 -8.00000e-01       8.500e+10  8.602035e-01  0.000000e+00 -5.888553e-02  1.397965e-01
-7.00000e-01 -8.00000e-01       1.330e+11  8.640417e-01  0.000000e+00 -4.795068e-02  1.359583e-01
 0.00000e+00 -8.00000e-01       1.501e+11  8.527040e-01  0.000000e+00 -1.598331e-14  1.472960e-01
 7.00000e-01 -8.00000e-01       1.330e+11  8.640417e-01  0.000000e+00  4.795068e-02  1.359583e-01
 1.40000e+00 -8.00000e-01       8.500e+10  8.602035e-01  0.000000e+00  5.888553e-02  1.397965e-01
 2.10000e+00 -8.00000e-01       3.587e+10  8.238974e-01  0.000000e+00  4.098707e-02  1.761026e-01
 2.80000e+00 -8.00000e-01       1.012e+10  7.924520e-01  0.000000e+00  2.954354e-02  2.075480e-01
 3.50000e+00 -8.00000e-01       1.814e+09  7.808822e-01  0.000000e+00  2.626494e-02  2.191178e-01
 4.20000e+00 -8.00000e-01       1.828e+08  7.699772e-01  0.000000e+00  2.204376e-02  2.300228e-01
 4.90000e+00 -8.00000e-01       9.532e+06  7.569272e-01  0.000000e+00  1.682089e-02  2.430728e-01
 5.60000e+00 -8.00000e-01       2.528e+05  7.563072e-01  0.000000e+00  1.352155e-02  2.436928e-01
 6.30000e+00 -8.00000e-01       3.330e+03  7.626283e-01  0.000000e+00  9.643204e-03  2.373717e-01
 7.00000e+00 -8.00000e-01       5.528e+01  7.412798e-01  0.000000e+00 -4.235017e-01  2.587202e-01
-7.00000e+00 -4.00000e-01       3.337e+02  9.375059e-01  0.000000e+00  4.684935e-02  6.249412e-02
-6.30000e+00 -4.00000e-01       4.241e+04  9.284730e-01  0.000000e+00 -5.076262e-04  7.152704e-02
-5.60000e+00 -4.00000e-01       2.826e+06  9.243679e-01  0.000000e+00 -9.519190e-03  7.563215e-02
-4.90000e+00 -4.00000e-01       9.097e+07  9.242149e-01  0.000000e+00 -4.103287e-03  7.578512e-02
-4.20000e+00 -4.00000e-01       1.515e+09  9.293461e-01  0.000000e+00  3.477714e-03  7.065391e-02
-3.50000e+00 -4.00000e-01       1.383e+10  9.366522e-01  0.000000e+00  8.269498e-03  6.334780e-02
-2.80000e+00 -4.00000e-01       7.033e+10  9.383993e-01  0.000000e+00  1.279951e-02  6.160068e-02
-2.10000e+00 -4.00000e-01       2.043e+11  9.290602e-01  0.000000e+00  1.543347e-02  7.093976e-02
-1.40000e+00 -4.00000e-01       3.693e+11  9.134000e-01  0.000000e+00  1.418846e-03  8.660001e-02
-7.00000e-01 -4.00000e-01       4.733e+11  9.141214e-01  0.000000e+00 -2.753347e-02  8.587864e-02
 0.00000e+00 -4.00000e-01       4.891e+11  9.232989e-01  0.000000e+00 -2.537337e-15  7.670112e-02
 7.00000e-01 -4.00000e-01       4.733e+11  9.141214e-01  0.000000e+00  2.753347e-02  8.587864e-02
 1.40000e+00 -4.00000e-01       3.693e+11  9.134000e-01  0.000000e+00 -1.418846e-03  8.660001e-02
 2.10000e+00 -4.00000e-01       2.043e+11  9.290602e-01  0.000000e+00 -1.543347e-02  7.093976e-02
 2.80000e+00 -4.00000e-01       7.033e+10  9.383993e-01  0.000000e+00 -1.279951e-02  6.160068e-02
 3.50000e+00 -4.00000e-01       1.383e+10  9.366522e-01  0.000000e+00 -8.269498e-03  6.334780e-02
 4.20000e+00 -4.00000e-01       1.515e+09  9.293461e-01  0.000000e+00 -3.477714e-03  7.065391e-02
 4.90000e+00 -4.00000e-01       9.097e+07  9.242149e-01  0.000000e+00  4.103287e-03  7.578512e-02
 5.60000e+00 -4.00000e-01       2.826e+06  9.243679e-01  0.000000e+00  9.519190e-03  7.563215e-02
 6.30000e+00 -4.00000e-01       4.241e+04  9.284730e-01  0.000000e+00  5.076262e-04  7.152704e-02
 7.00000e+00 -4.00000e-01       3.337e+02  9.375059e-01  0.000000e+00 -4.684936e-02  6.249412e-02
-7.00000e+00  0.00000e+00       2.855e+03  9.999902e-01  0.000000e+00  1.650321e-12  9.764583e-06
-6.30000e+00  0.00000e+00       1.702e+05  9.999764e-01  0.000000e+00 -3.555960e-13  2.362269e-05
-5.60000e+00  0.00000e+00       7.409e+06  9.999676e-01  0.000000e+00 -3.972449e-12  3.239236e-05
-4.90000e+00  0.00000e+00       2.143e+08  9.999684e-01  0.000000e+00 -2.162698e-11  3.157774e-05
-4.20000e+00  0.00000e+00       3.300e+09  9.999663e-01  0.000000e+00 -6.732527e-11  3.365889e-05
-3.50000e+00  0.00000e+00       2.727e+10  9.999619e-01  0.000000e+00 -1.200122e-10  3.808060e-05
-2.80000e+00  0.00000e+00       1.296e+11  9.999602e-01  0.000000e+00 -1.143626e-10  3.977830e-05
-2.10000e+00  0.00000e+00       3.756e+11  9.999598e-01  0.000000e+00 -4.889749e-11  4.017683e-05
-1.40000e+00  0.00000e+00       7.557e+11  9.999477e-01  0.000000e+00  5.971663e-12  5.226845e-05
-7.00000e-01  0.00000e+00       1.294e+12  9.999146e-01  0.000000e+00  1.256009e-11  8.535429e-05
 0.00000e+00  0.00000e+00       1.641e+12  9.998957e-01  0.000000e+00  5.260330e-18  1.043312e-04
 7.00000e-01  0.00000e+00       1.294e+12  9.999146e-01  0.000000e+00 -1.256008e-11  8.535429e-05
 1.40000e+00  0.00000e+00       7.557e+11  9.999477e-01  0.000000e+00 -5.971654e-12  5.226845e-05
 2.10000e+00  0.00000e+00       3.756e+11  9.999598e-01  0.000000e+00  4.889749e-11  4.017683e-05
 2.80000e+00  0.00000e+00       1.296e+11  9.999602e-01  0.000000e+00  1.143626e-10  3.977830e-05
 3.50000e+00  0.00000e+00       2.727e+10  9.999619e-01  0.000000e+00  1.200122e-10  3.808060e-05
 4.20000e+00  0.00000e+00       3.300e+09  9.999663e-01  0.000000e+00  6.732525e-11  3.365889e-05
 4.90000e+00  0.00000e+00       2.143e+08  9.999684e-01  0.000000e+00  2.162707e-11  3.157774e-05
 5.60000e+00  0.00000e+00       7.409e+06  9.999676e-01  0.000000e+00  3.972683e-12  3.239236e-05
 6.30000e+00  0.00000e+00       1.702e+05  9.999764e-01  0.000000e+00  3.568942e-13  2.362269e-05
 7.00000e+00  0.00000e+00       2.855e+03  9.999902e-01  0.000000e+00 -6.871077e-13  9.764585e-06
-7.00000e+00  4.00000e-01       3.337e+02  9.375059e-01  0.000000e+00 -4.684935e-02  6.249412e-02
-6.30000e+00  4.00000e-01       4.241e+04  9.284730e-01  0.000000e+00  5.076262e-04  7.152704e-02
-5.60000e+00  4.00000e-01       2.826e+06  9.243679e-01  0.000000e+00  9.519190e-03  7.563215e-02
-4.90000e+00  4.00000e-01       9.097e+07  9.242149e-01  0.000000e+00  4.103287e-03  7.578512e-02
-4.20000e+00  4.00000e-01       1.515e+09  9.293461e-01  0.000000e+00 -3.477715e-03  7.065391e-02
-3.50000e+00  4.00000e-01       1.383e+10  9.366522e-01  0.000000e+00 -8.269498e-03  6.334780e-02
-2.80000e+00  4.00000e-01       7.033e+10  9.383993e-01  0.000000e+00 -1.279951e-02  6.160068e-02
-2.10000e+00  4.00000e-01       2.043e+11  9.290602e-01  0.000000e+00 -1.543347e-02  7.093976e-02
-1.40000e+00  4.00000e-01       3.693e+11  9.134000e-01  0.000000e+00 -1.418846e-03  8.660001e-02
-7.00000e-01  4.00000e-01       4.733e+11  9.141214e-01  0.000000e+00  2.753347e-02  8.587864e-02
 0.00000e+00  4.00000e-01       4.891e+11  9.232989e-01  0.000000e+00  2.553843e-15  7.670112e-02
 7.00000e-01  4.00000e-01       4.733e+11  9.141214e-01  0.000000e+00 -2.753347e-02  8.587864e-02
 1.40000e+00  4.00000e-01       3.693e+11  9.134000e-01  0.000000e+00  1.418846e-03  8.660001e-02
 2.10000e+00  4.00000e-01       2.043e+11  9.290602e-01  0.000000e+00  1.543347e-02  7.093976e-02
 2.80000e+00  4.00000e-01       7.033e+10  9.383993e-01  0.000000e+00  1.279951e-02  6.160068e-02
 3.50000e+00  4.00000e-01       1.383e+10  9.366522e-01  0.000000e+00  8.269498e-03  6.334780e-02
 4.20000e+00  4.00000e-01       1.515e+09  9.293461e-01  0.000000e+00  3.477715e-03  7.065391e-02
 4.90000e+00  4.00000e-01       9.097e+07  9.242149e-01  0.000000e+00 -4.103287e-03  7.578512e-02
 5.60000e+00  4.00000e-01       2.826e+06  9.243679e-01  0.000000e+00 -9.519190e-03  7.563215e-02
 6.30000e+00  4.00000e-01       4.241e+04  9.284730e-01  0.000000e+00 -5.076262e-04  7.152704e-02
 7.00000e+00  4.00000e-01       3.337e+02  9.375059e-01  0.000000e+00  4.684936e-02  6.249412e-02
-7.00000e+00  8.00000e-01       5.528e+01  7.412798e-01  0.000000e+00 -4.235017e-01  2.587202e-01
-6.30000e+00  8.00000e-01       3.330e+03  7.626283e-01  0.000000e+00  9.643205e-03  2.373717e-01
-5.60000e+00  8.00000e-01       2.528e+05  7.563072e-01  0.000000e+00  1.352155e-02  2.436928e-01
-4.90000e+00  8.00000e-01       9.532e+06  7.569272e-01  0.000000e+00  1.682089e-02  2.430728e-01
-4.20000e+00  8.00000e-01       1.828e+08  7.699772e-01  0.000000e+00  2.204376e-02  2.300228e-01
-3.50000e+00  8.00000e-01       1.814e+09  7.808822e-01  0.000000e+00  2.626493e-02  2.191178e-01
-2.80000e+00  8.00000e-01       1.012e+10  7.924520e-01  0.000000e+00  2.954354e-02  2.075480e-01
-2.10000e+00  8.00000e-01       3.587e+10  8.238974e-01  0.000000e+00  4.098707e-02  1.761026e-01
-1.40000e+00  8.00000e-01       8.500e+10  8.602035e-01  0.000000e+00  5.888553e-02  1.397965e-01
-7.00000e-01  8.00000e-01       1.330e+11  8.640417e-01  0.000000e+00  4.795068e-02  1.359583e-01
 0.00000e+00  8.00000e-01       1.501e+11  8.527040e-01  0.000000e+00  1.832174e-14  1.472960e-01
 7.00000e-01  8.00000e-01       1.330e+11  8.640417e-01  0.000000e+00 -4.795068e-02  1.359583e-01
 1.40000e+00  8.00000e-01       8.500e+10  8.602035e-01  0.000000e+00 -5.888553e-02  1.397965e-01
 2.10000e+00  8.00000e-01       3.587e+10  8.238974e-01  0.000000e+00 -4.098707e-02  1.761026e-01
 2.80000e+00  8.00000e-01       1.012e+10  7.924520e-01  0.000000e+00 -2.954354e-02  2.075480e-01
 3.50000e+00  8.00000e-01       1.814e+09  7.808822e-01  0.000000e+00 -2.626493e-02  2.191178e-01
 4.20000e+00  8.00000e-01       1.828e+08  7.699772e-01  0.000000e+00 -2.204376e-02  2.300228e-01
 4.90000e+00  8.00000e-01       9.532e+06  7.569272e-01  0.000000e+00 -1.682089e-02  2.430728e-01
 5.60000e+00  8.00000e-01       2.528e+05  7.563072e-01  0.000000e+00 -1.352155e-02  2.436928e-01
 6.30000e+00  8.00000e-01       3.330e+03  7.626283e-01  0.000000e+00 -9.643204e-03  2.373717e-01
 7.00000e+00  8.00000e-01       5.528e+01  7.412799e-01  0.000000e+00  4.235017e-01  2.587201e-01
-7.00000e+00  1.20000e+00       5.238e+01  4.870616e-01  0.000000e+00 -8.300129e-01  5.129384e-01
-6.30000e+00  1.20000e+00       1.093e+02  4.415770e-01  0.000000e+00 -6.776586e-01  5.584230e-01
-5.60000e+00  1.20000e+00       4.610e+03  7.228034e-01  0.000000e+00 -1.292213e-01  2.771966e-01
-4.90000e+00  1.20000e+00       3.071e+05  7.082971e-01  0.000000e+00  1.085201e-02  2.917029e-01
-4.20000e+00  1.20000e+00       1.168e+07  7.270636e-01  0.000000e+00  7.846101e-02  2.729364e-01
-3.50000e+00  1.20000e+00       1.818e+08  7.486758e-01  0.000000e+00  1.239261e-01  2.513242e-01
-2.80000e+00  1.20000e+00       1.140e+09  7.711254e-01  0.000000e+00  1.961262e-01  2.288746e-01
-2.10000e+00  1.20000e+00       3.703e+09  8.025955e-01  0.000000e+00  2.286173e-01  1.974045e-01
-1.40000e+00  1.20000e+00       8.175e+09  8.477150e-01  0.000000e+00  9.440657e-02  1.522850e-01
-7.00000e-01  1.20000e+00       1.450e+10  8.799131e-01  0.000000e+00 -3.880791e-02  1.200869e-01
 0.00000e+00  1.20000e+00       1.861e+10  8.849638e-01  0.000000e+00  5.824365e-14  1.150362e-01
 7.00000e-01  1.20000e+00       1.450e+10  8.799131e-01  0.000000e+00  3.880791e-02  1.200869e-01
 1.40000e+00  1.20000e+00       8.175e+09  8.477150e-01  0.000000e+00 -9.440657e-02  1.522850e-01
 2.10000e+00  1.20000e+00       3.703e+09  8.025955e-01  0.000000e+00 -2.286173e-01  1.974045e-01
 2.80000e+00  1.20000e+00       1.140e+09  7.711254e-01  0.000000e+00 -1.961262e-01  2.288746e-01
 3.50000e+00  1.20000e+00       1.818e+08  7.486758e-01  0.000000e+00 -1.239261e-01  2.513242e-01
 4.20000e+00  1.20000e+00       1.168e+07  7.270636e-01  0.000000e+00 -7.846101e-02  2.729364e-01
 4.90000e+00  1.20000e+00       3.071e+05  7.082971e-01  0.000000e+00 -1.085201e-02  2.917029e-01
 5.60000e+00  1.20000e+00       4.610e+03  7.228034e-01  0.000000e+00  1.292213e-01  2.771966e-01
 6.30000e+00  1.20000e+00       1.093e+02  4.415770e-01  0.000000e+00  6.776586e-01  5.584230e-01
 7.00000e+00  1.20000e+00       5.238e+01  4.870616e-01  0.000000e+00  8.300129e-01  5.129384e-01
-7.00000e+00  1.60000e+00       3.435e+01  2.466544e-01  0.000000e+00 -9.158017e-01  7.533456e-01
-6.30000e+00  1.60000e+00       5.073e+01 -1.391389e-01  0.000000e+00 -9.647496e-01  8.608611e-01
-5.60000e+00  1.60000e+00       3.334e+02  4.437198e-01  0.000000e+00 -2.831720e-02  5.562802e-01
-4.90000e+00  1.60000e+00       5.316e+04  6.518799e-01  0.000000e+00  1.287383e-01  3.481201e-01
-4.20000e+00  1.60000e+00       2.978e+06  6.538751e-01  0.000000e+00  1.223223e-01  3.461249e-01
-3.50000e+00  1.60000e+00       5.714e+07  6.523336e-01  0.000000e+00  1.115567e-01  3.476664e-01
-2.80000e+00  1.60000e+00       4.107e+08  6.494350e-01  0.000000e+00  9.543997e-02  3.505650e-01
-2.10000e+00  1.60000e+00       1.301e+09  6.445725e-01  0.000000e+00  7.259795e-02  3.554275e-01
-1.40000e+00  1.60000e+00       2.311e+09  6.384044e-01  0.000000e+00  4.631139e-02  3.615956e-01
-7.00000e-01  1.60000e+00       2.801e+09  6.352929e-01  0.000000e+00  2.299486e-02  3.647071e-01
 0.00000e+00  1.60000e+00       2.794e+09  6.361780e-01  0.000000e+00 -2.208595e-15  3.638220e-01
 7.00000e-01  1.60000e+00       2.801e+09  6.352929e-01  0.000000e+00 -2.299486e-02  3.647071e-01
 1.40000e+00  1.60000e+00       2.311e+09  6.384044e-01  0.000000e+00 -4.631139e-02  3.615956e-01
 2.10000e+00  1.60000e+00       1.301e+09  6.445725e-01  0.000000e+00 -7.259795e-02  3.554275e-01
 2.80000e+00  1.60000e+00       4.107e+08  6.494350e-01  0.000000e+00 -9.543997e-02  3.505650e-01
 3.50000e+00  1.60000e+00       5.714e+07  6.523336e-01  0.000000e+00 -1.115567e-01  3.476664e-01
 4.20000e+00  1.60000e+00       2.978e+06  6.538751e-01  0.000000e+00 -1.223223e-01  3.461249e-01
 4.90000e+00  1.60000e+00       5.316e+04  6.518799e-01  0.000000e+00 -1.287383e-01  3.481201e-01
 5.60000e+00  1.60000e+00       3.334e+02  4.437198e-01  0.000000e+00  2.831720e-02  5.562802e-01
 6.30000e+00  1.60000e+00       5.073e+01 -1.391389e-01  0.000000e+00  9.647495e-01  8.608611e-01
 7.00000e+00  1.60000e+00       3.435e+01  2.466544e-01  0.000000e+00  9.158017e-01  7.533456e-01
-7.00000e+00  2.00000e+00       2.555e+01  7.392666e-02  0.000000e+00 -9.374467e-01  9.260733e-01
-6.30000e+00  2.00000e+00       4.105e+01 -4.289628e-01  0.000000e+00 -8.136110e-01  5.710372e-01
-5.60000e+00  2.00000e+00       1.945e+02  1.734008e-02  0.000000e+00 -7.230259e-02  9.826599e-01
-4.90000e+00  2.00000e+00       2.320e+04  5.761138e-01  0.000000e+00  1.731827e-01  4.238862e-01
-4.20000e+00  2.00000e+00       1.192e+06  5.841287e-01  0.000000e+00  1.667247e-01  4.158713e-01
-3.50000e+00  2.00000e+00       2.089e+07  5.824459e-01  0.000000e+00  1.521592e-01  4.175541e-01
-2.80000e+00  2.00000e+00       1.471e+08  5.795091e-01  0.000000e+00  1.242257e-01  4.204909e-01
-2.10000e+00  2.00000e+00       5.293e+08  5.752952e-01  0.000000e+00  8.622294e-02  4.247048e-01
-1.40000e+00  2.00000e+00       1.163e+09  5.708641e-01  0.000000e+00  5.212992e-02  4.291359e-01
-7.00000e-01  2.00000e+00       1.693e+09  5.699354e-01  0.000000e+00  2.511071e-02  4.300646e-01
 0.00000e+00  2.00000e+00       1.852e+09  5.718839e-01  0.000000e+00  3.493367e-17  4.281161e-01
 7.00000e-01  2.00000e+00       1.693e+09  5.699354e-01  0.000000e+00 -2.511071e-02  4.300646e-01
 1.40000e+00  2.00000e+00       1.163e+09  5.708641e-01  0.000000e+00 -5.212992e-02  4.291359e-01
 2.10000e+00  2.00000e+00       5.293e+08  5.752952e-01  0.000000e+00 -8.622294e-02  4.247048e-01
 2.80000e+00  2.00000e+00       1.471e+08  5.795091e-01  0.000000e+00 -1.242257e-01  4.204909e-01
 3.50000e+00  2.00000e+00       2.089e+07  5.824459e-01  0.000000e+00 -1.521592e-01  4.175541e-01
 4.20000e+00  2.00000e+00       1.192e+06  5.841287e-01  0.000000e+00 -1.667247e-01  4.158713e-01
 4.90000e+00  2.00000e+00       2.320e+04  5.761138e-01  0.000000e+00 -1.731827e-01  4.238862e-01
 5.60000e+00  2.00000e+00       1.945e+02  1.734008e-02  0.000000e+00  7.230259e-02  9.826599e-01
 6.30000e+00  2.00000e+00       4.105e+01 -4.289628e-01  0.000000e+00  8.136110e-01  5.710372e-01
 7.00000e+00  2.00000e+00       2.555e+01  7.392666e-02  0.000000e+00  9.374467e-01  9.260733e-01
-7.00000e+00  2.40000e+00       2.342e+01 -6.157288e-02  0.000000e+00 -9.628585e-01  9.384271e-01
-6.30000e+00  2.40000e+00       2.852e+01 -4.270069e-01  0.000000e+00 -8.767102e-01  5.729931e-01
-5.60000e+00  2.40000e+00       4.797e+01 -3.536898e-01  0.000000e+00 -3.822221e-01  6.463102e-01
-4.90000e+00  2.40000e+00       2.930e+02  6.818049e-01  0.000000e+00 -5.331472e-02  3.181951e-01
-4.20000e+00  2.40000e+00       2.779e+03  6.986049e-01  0.000000e+00  3.805058e-03  3.013951e-01
-3.50000e+00  2.40000e+00       3.376e+04 -4.813483e-01  0.000000e+00  1.700406e-01  5.186517e-01
-2.80000e+00  2.40000e+00       3.080e+06  4.557354e-01  0.000000e+00  6.112877e-02  5.442646e-01
-2.10000e+00  2.40000e+00       4.605e+07  5.213213e-01  0.000000e+00  4.860234e-02  4.786787e-01
-1.40000e+00  2.40000e+00       2.471e+08  5.298715e-01  0.000000e+00  3.545011e-02  4.701285e-01
-7.00000e-01  2.40000e+00       6.313e+08  5.335594e-01  0.000000e+00  1.739086e-02  4.664406e-01
 0.00000e+00  2.40000e+00       8.674e+08  5.364012e-01  0.000000e+00  3.583564e-16  4.635988e-01
 7.00000e-01  2.40000e+00       6.313e+08  5.335594e-01  0.000000e+00 -1.739086e-02  4.664406e-01
 1.40000e+00  2.40000e+00       2.471e+08  5.298715e-01  0.000000e+00 -3.545011e-02  4.701285e-01
 2.10000e+00  2.40000e+00       4.605e+07  5.213213e-01  0.000000e+00 -4.860234e-02  4.786787e-01
 2.80000e+00  2.40000e+00       3.080e+06  4.557354e-01  0.000000e+00 -6.112877e-02  5.442646e-01
 3.50000e+00  2.40000e+00       3.376e+04 -4.813483e-01  0.000000e+00 -1.700406e-01  5.186517e-01
 4.20000e+00  2.40000e+00       2.779e+03  6.986049e-01  0.000000e+00 -3.805058e-03  3.013951e-01
 4.90000e+00  2.40000e+00       2.930e+02  6.818049e-01  0.000000e+00  5.331472e-02  3.181951e-01
 5.60000e+00  2.40000e+00       4.797e+01 -3.536898e-01  0.000000e+00  3.822221e-01  6.463102e-01
 6.30000e+00  2.40000e+00       2.852e+01 -4.270069e-01  0.000000e+00  8.767102e-01  5.729931e-01
 7.00000e+00  2.40000e+00       2.342e+01 -6.157288e-02  0.000000e+00  9.628585e-01  9.384271e-01
-7.00000e+00  2.80000e+00       1.997e+01 -2.432188e-01  0.000000e+00 -9.348517e-01  7.567812e-01
-6.30000e+00  2.80000e+00       2.642e+01 -5.611832e-01  0.000000e+00 -8.131915e-01  4.388168e-01
-5.60000e+00  2.80000e+00       4.195e+01 -3.840970e-01  0.000000e+00 -3.986396e-01  6.159030e-01
-4.90000e+00  2.80000e+00       2.498e+02  8.272003e-01  0.000000e+00 -8.683842e-02  1.727997e-01
-4.20000e+00  2.80000e+00       3.094e+03  9.931576e-01  0.000000e+00 -5.051360e-02  6.842445e-03
-3.50000e+00  2.80000e+00       5.344e+04  9.517358e-01  0.000000e+00 -1.316869e-02  4.826417e-02
-2.80000e+00  2.80000e+00       3.078e+05  9.051194e-01  0.000000e+00 -1.625915e-02  9.488062e-02
-2.10000e+00  2.80000e+00       1.646e+06  4.815372e-01  0.000000e+00 -1.508553e-03  5.184628e-01
-1.40000e+00  2.80000e+00       3.447e+07  5.526934e-01  0.000000e+00  1.038903e-03  4.473066e-01
-7.00000e-01  2.80000e+00       1.936e+08  5.359902e-01  0.000000e+00  2.561858e-04  4.640098e-01
 0.00000e+00  2.80000e+00       3.471e+08  5.336353e-01  0.000000e+00  1.385457e-17  4.663647e-01
 7.00000e-01  2.80000e+00       1.936e+08  5.359902e-01  0.000000e+00 -2.561858e-04  4.640098e-01
 1.40000e+00  2.80000e+00       3.447e+07  5.526934e-01  0.000000e+00 -1.038903e-03  4.473066e-01
 2.10000e+00  2.80000e+00       1.646e+06  4.815372e-01  0.000000e+00  1.508553e-03  5.184628e-01
 2.80000e+00  2.80000e+00       3.078e+05  9.051194e-01  0.000000e+00  1.625915e-02  9.488062e-02
 3.50000e+00  2.80000e+00       5.344e+04  9.517358e-01  0.000000e+00  1.316869e-02  4.826417e-02
 4.20000e+00  2.80000e+00       3.094e+03  9.931576e-01  0.000000e+00  5.051360e-02  6.842445e-03
 4.90000e+00  2.80000e+00       2.498e+02  8.272003e-01  0.000000e+00  8.683842e-02  1.727997e-01
 5.60000e+00  2.80000e+00       4.195e+01 -3.840970e-01  0.000000e+00  3.986396e-01  6.159030e-01
 6.30000e+00  2.80000e+00       2.642e+01 -5.611832e-01  0.000000e+00  8.131915e-01  4.388168e-01
 7.00000e+00  2.80000e+00       1.997e+01 -2.432188e-01  0.000000e+00  9.348517e-01  7.567812e-01
-7.00000e+00  3.20000e+00       2.423e+01 -4.100808e-01  0.000000e+00 -8.953567e-01  5.899192e-01
-6.30000e+00  3.20000e+00       3.179e+01 -5.721146e-01  0.000000e+00 -8.146794e-01  4.278854e-01
-5.60000e+00  3.20000e+00       3.456e+01 -4.138731e-01  0.000000e+00 -4.047785e-01  5.861269e-01
-4.90000e+00  3.20000e+00       2.129e+02  8.307124e-01  0.000000e+00 -5.477999e-02  1.692876e-01
-4.20000e+00  3.20000e+00       2.757e+03  9.703335e-01  0.000000e+00 -4.455089e-02  2.966651e-02
-3.50000e+00  3.20000e+00       4.409e+04  9.662190e-01  0.000000e+00 -1.415144e-02  3.378096e-02
-2.80000e+00  3.20000e+00       2.271e+05  8.037349e-01  0.000000e+00 -1.003423e-02  1.962651e-01
-2.10000e+00  3.20000e+00       3.214e+06  4.845163e-01  0.000000e+00  1.471691e-02  5.154837e-01
-1.40000e+00  3.20000e+00       5.102e+07  5.201168e-01  0.000000e+00  1.094728e-02  4.798832e-01
-7.00000e-01  3.20000e+00       2.508e+08  5.138381e-01  0.000000e+00  5.814648e-03  4.861619e-01
 0.00000e+00  3.20000e+00       4.267e+08  5.136219e-01  0.000000e+00 -1.499341e-16  4.863781e-01
 7.00000e-01  3.20000e+00       2.508e+08  5.138381e-01  0.000000e+00 -5.814648e-03  4.861619e-01
 1.40000e+00  3.20000e+00       5.102e+07  5.201168e-01  0.000000e+00 -1.094728e-02  4.798832e-01
 2.10000e+00  3.20000e+00       3.214e+06  4.845163e-01  0.000000e+00 -1.471691e-02  5.154837e-01
 2.80000e+00  3.20000e+00       2.271e+05  8.037349e-01  0.000000e+00  1.003423e-02  1.962651e-01
 3.50000e+00  3.20000e+00       4.409e+04  9.662190e-01  0.000000e+00  1.415144e-02  3.378096e-02
 4.20000e+00  3.20000e+00       2.757e+03  9.703335e-01  0.000000e+00  4.455089e-02  2.966651e-02
 4.90000e+00  3.20000e+00       2.129e+02  8.307124e-01  0.000000e+00  5.477999e-02  1.692876e-01
 5.60000e+00  3.20000e+00       3.456e+01 -4.138731e-01  0.000000e+00  4.047785e-01  5.861269e-01
 6.30000e+00  3.20000e+00       3.179e+01 -5.721146e-01  0.000000e+00  8.146794e-01  4.278854e-01
 7.00000e+00  3.20000e+00       2.423e+01 -4.100808e-01  0.000000e+00  8.953567e-01  5.899192e-01
-7.00000e+00  3.60000e+00       4.716e+00 -6.717154e-01  0.000000e+00 -7.320793e-01  3.282846e-01
-6.30000e+00  3.60000e+00       1.358e+01 -8.273731e-01  0.000000e+00 -6.635505e-01  1.726269e-01
-5.60000e+00  3.60000e+00       3.237e+01 -3.888049e-01  0.000000e+00 -3.208249e-01  6.111951e-01
-4.90000e+00  3.60000e+00       1.851e+02  8.135625e-01  0.000000e+00 -8.274065e-02  1.864375e-01
-4.20000e+00  3.60000e+00       2.430e+03  9.492811e-01  0.000000e+00 -4.019663e-02  5.071885e-02
-3.50000e+00  3.60000e+00       3.704e+04  9.660731e-01  0.000000e+00 -1.180588e-02  3.392692e-02
-2.80000e+00  3.60000e+00       1.631e+05  6.090881e-01  0.000000e+00  1.284294e-02  3.909119e-01
-2.10000e+00  3.60000e+00       3.990e+06  4.910947e-01  0.000000e+00  3.425519e-02  5.089053e-01
-1.40000e+00  3.60000e+00       4.948e+07  5.203544e-01  0.000000e+00  2.556722e-02  4.796456e-01
-7.00000e-01  3.60000e+00       2.059e+08  5.189858e-01  0.000000e+00  1.435644e-02  4.810142e-01
 0.00000e+00  3.60000e+00       3.288e+08  5.205002e-01  0.000000e+00  2.715733e-16  4.794998e-01
 7.00000e-01  3.60000e+00       2.059e+08  5.189858e-01  0.000000e+00 -1.435644e-02  4.810142e-01
 1.40000e+00  3.60000e+00       4.948e+07  5.203544e-01  0.000000e+00 -2.556722e-02  4.796456e-01
 2.10000e+00  3.60000e+00       3.990e+06  4.910947e-01  0.000000e+00 -3.425519e-02  5.089053e-01
 2.80000e+00  3.60000e+00       1.631e+05  6.090881e-01  0.000000e+00 -1.284294e-02  3.909119e-01
 3.50000e+00  3.60000e+00       3.704e+04  9.660731e-01  0.000000e+00  1.180588e-02  3.392692e-02
 4.20000e+00  3.60000e+00       2.430e+03  9.492811e-01  0.000000e+00  4.019663e-02  5.071885e-02
 4.90000e+00  3.60000e+00       1.851e+02  8.135625e-01  0.000000e+00  8.274065e-02  1.864375e-01
 5.60000e+00  3.60000e+00       3.237e+01 -3.888049e-01  0.000000e+00  3.208249e-01  6.111951e-01
 6.30000e+00  3.60000e+00       1.358e+01 -8.273731e-01  0.000000e+00  6.635505e-01  1.726269e-01
 7.00000e+00  3.60000e+00       4.716e+00 -6.717154e-01  0.000000e+00  7.320793e-01  3.282846e-01
-7.00000e+00  4.00000e+00       8.592e-01 -9.418068e-01  0.000000e+00 -4.045554e-01  5.819320e-02
-6.30000e+00  4.00000e+00       7.941e+00 -9.122519e-01  0.000000e+00 -3.200992e-01  8.774814e-02
-5.60000e+00  4.00000e+00       3.578e+01 -4.725091e-01  0.000000e+00 -1.925918e-01  5.274909e-01
-4.90000e+00  4.00000e+00       1.762e+02  6.745222e-01  0.000000e+00 -6.656658e-02  3.254778e-01
-4.20000e+00  4.00000e+00       2.126e+03  9.592878e-01  0.000000e+00 -3.207817e-02  4.071216e-02
-3.50000e+00  4.00000e+00       3.106e+04  9.316758e-01  0.000000e+00 -1.236258e-03  6.832425e-02
-2.80000e+00  4.00000e+00       7.770e+04 -4.811334e-01  0.000000e+00  1.969876e-01  5.188666e-01
-2.10000e+00  4.00000e+00       5.478e+06  5.030641e-01  0.000000e+00  6.493028e-02  4.969359e-01
-1.40000e+00  4.00000e+00       4.954e+07  5.276827e-01  0.000000e+00  4.979053e-02  4.723173e-01
-7.00000e-01  4.00000e+00       1.643e+08  5.325713e-01  0.000000e+00  2.907301e-02  4.674287e-01
 0.00000e+00  4.00000e+00       2.398e+08  5.371362e-01  0.000000e+00  1.114390e-16  4.628638e-01
 7.00000e-01  4.00000e+00       1.643e+08  5.325713e-01  0.000000e+00 -2.907301e-02  4.674287e-01
 1.40000e+00  4.00000e+00       4.954e+07  5.276827e-01  0.000000e+00 -4.979053e-02  4.723173e-01
 2.10000e+00  4.00000e+00       5.478e+06  5.030641e-01  0.000000e+00 -6.493028e-02  4.969359e-01
 2.80000e+00  4.00000e+00       7.770e+04 -4.811334e-01  0.000000e+00 -1.969876e-01  5.188666e-01
 3.50000e+00  4.00000e+00       3.106e+04  9.316758e-01  0.000000e+00  1.236258e-03  6.832425e-02
 4.20000e+00  4.00000e+00       2.126e+03  9.592878e-01  0.000000e+00  3.207817e-02  4.071216e-02
 4.90000e+00  4.00000e+00       1.762e+02  6.745222e-01  0.000000e+00  6.656658e-02  3.254778e-01
 5.60000e+00  4.00000e+00       3.578e+01 -4.725091e-01  0.000000e+00  1.925918e-01  5.274909e-01
 6.30000e+00  4.00000e+00       7.941e+00 -9.122519e-01  0.000000e+00  3.200992e-01  8.774814e-02
 7.00000e+00  4.00000e+00       8.592e-01 -9.418066e-01  0.000000e+00  4.045556e-01  5.819339e-02
