 EB(GeV)    EMITTANCEx EMITTANCEy SIZEx(m)   SIZEy(m)   DIVx(rad)  DIVy(rad)
 2.411e+00  5.499e-09  1.017e-12  8.711e-05  1.009e-06  6.313e-05  1.009e-06
 betax      alphax     betay      alphay     eta        deta       E_spread  
 1.380e+00  0.000e+00  1.000e+00  0.000e+00  0.000e+00  0.000e+00  8.600e-04
 Ibeam(A)   period(cm) #periods   Kx         Ky         Energy(eV)
 4.005e-01  1.900e+00         96  0.000e+00  1.780e+00  3.738e+04


           x            y       F.Density            PL            PC          PL45        1-|PL|
          mm           mm  ph/s/mr^2/0.1%             -             -             -             -
-7.00000e+00 -4.00000e+00       3.778e+00 -8.024617e-01  0.000000e+00  5.696282e-01  1.975383e-01
-6.30000e+00 -4.00000e+00       1.447e+01 -7.113494e-01  0.000000e+00  5.099115e-01  2.886506e-01
-5.60000e+00 -4.00000e+00       6.915e+01  6.124304e-01  0.000000e+00  2.020604e-01  3.875696e-01
-4.90000e+00 -4.00000e+00       2.723e+03  9.568312e-01  0.000000e+00 -1.142541e-02  4.316884e-02
-4.20000e+00 -4.00000e+00       7.450e+04  9.592724e-01  0.000000e+00 -2.647342e-02  4.072757e-02
-3.50000e+00 -4.00000e+00       7.129e+05  9.860483e-01  0.000000e+00 -2.029902e-02  1.395166e-02
-2.80000e+00 -4.00000e+00       3.004e+06  9.913808e-01  0.000000e+00 -7.373130e-03  8.619151e-03
-2.10000e+00 -4.00000e+00       1.692e+07  9.396774e-01  0.000000e+00 -5.586830e-03  6.032256e-02
-1.40000e+00 -4.00000e+00       9.013e+07  7.998872e-01  0.000000e+00 -1.304812e-02  2.001128e-01
-7.00000e-01 -4.00000e+00       2.233e+08  6.290295e-01  0.000000e+00 -1.269310e-02  3.709705e-01
 0.00000e+00 -4.00000e+00       2.891e+08  5.347736e-01  0.000000e+00 -3.541342e-16  4.652264e-01
 7.00000e-01 -4.00000e+00       2.233e+08  6.290295e-01  0.000000e+00  1.269310e-02  3.709705e-01
 1.40000e+00 -4.00000e+00       9.013e+07  7.998872e-01  0.000000e+00  1.304812e-02  2.001128e-01
 2.10000e+00 -4.00000e+00       1.692e+07  9.396774e-01  0.000000e+00  5.586830e-03  6.032256e-02
 2.80000e+00 -4.00000e+00       3.004e+06  9.913808e-01  0.000000e+00  7.373130e-03  8.619151e-03
 3.50000e+00 -4.00000e+00       7.129e+05  9.860483e-01  0.000000e+00  2.029902e-02  1.395166e-02
 4.20000e+00 -4.00000e+00       7.450e+04  9.592724e-01  0.000000e+00  2.647342e-02  4.072757e-02
 4.90000e+00 -4.00000e+00       2.723e+03  9.568312e-01  0.000000e+00  1.142541e-02  4.316884e-02
 5.60000e+00 -4.00000e+00       6.915e+01  6.124304e-01  0.000000e+00 -2.020604e-01  3.875696e-01
 6.30000e+00 -4.00000e+00       1.447e+01 -7.113494e-01  0.000000e+00 -5.099115e-01  2.886506e-01
 7.00000e+00 -4.00000e+00       3.778e+00 -8.024579e-01  0.000000e+00 -5.696323e-01  1.975421e-01
-7.00000e+00 -3.60000e+00       1.516e+01 -6.073292e-01  0.000000e+00  7.723936e-01  3.926708e-01
-6.30000e+00 -3.60000e+00       2.757e+01 -6.220867e-01  0.000000e+00  6.799544e-01  3.779133e-01
-5.60000e+00 -3.60000e+00       8.167e+01  5.817769e-01  0.000000e+00  2.683933e-01  4.182231e-01
-4.90000e+00 -3.60000e+00       3.185e+03  9.564810e-01  0.000000e+00 -1.390505e-02  4.351900e-02
-4.20000e+00 -3.60000e+00       8.729e+04  9.584028e-01  0.000000e+00 -3.276581e-02  4.159719e-02
-3.50000e+00 -3.60000e+00       8.334e+05  9.856359e-01  0.000000e+00 -2.510880e-02  1.436409e-02
-2.80000e+00 -3.60000e+00       3.496e+06  9.900427e-01  0.000000e+00 -8.330614e-03  9.957297e-03
-2.10000e+00 -3.60000e+00       1.975e+07  9.358796e-01  0.000000e+00 -2.019976e-03  6.412037e-02
-1.40000e+00 -3.60000e+00       1.122e+08  7.741034e-01  0.000000e+00 -7.920469e-03  2.258966e-01
-7.00000e-01 -3.60000e+00       3.135e+08  5.963484e-01  0.000000e+00 -7.529432e-03  4.036516e-01
 0.00000e+00 -3.60000e+00       4.368e+08  5.141593e-01  0.000000e+00 -6.387737e-16  4.858407e-01
 7.00000e-01 -3.60000e+00       3.135e+08  5.963484e-01  0.000000e+00  7.529432e-03  4.036516e-01
 1.40000e+00 -3.60000e+00       1.122e+08  7.741034e-01  0.000000e+00  7.920469e-03  2.258966e-01
 2.10000e+00 -3.60000e+00       1.975e+07  9.358796e-01  0.000000e+00  2.019976e-03  6.412037e-02
 2.80000e+00 -3.60000e+00       3.496e+06  9.900427e-01  0.000000e+00  8.330614e-03  9.957297e-03
 3.50000e+00 -3.60000e+00       8.334e+05  9.856359e-01  0.000000e+00  2.510880e-02  1.436409e-02
 4.20000e+00 -3.60000e+00       8.729e+04  9.584028e-01  0.000000e+00  3.276581e-02  4.159719e-02
 4.90000e+00 -3.60000e+00       3.185e+03  9.564810e-01  0.000000e+00  1.390505e-02  4.351900e-02
 5.60000e+00 -3.60000e+00       8.167e+01  5.817769e-01  0.000000e+00 -2.683933e-01  4.182231e-01
 6.30000e+00 -3.60000e+00       2.757e+01 -6.220867e-01  0.000000e+00 -6.799544e-01  3.779133e-01
 7.00000e+00 -3.60000e+00       1.516e+01 -6.073292e-01  0.000000e+00 -7.723936e-01  3.926708e-01
-7.00000e+00 -3.20000e+00       1.707e+01 -4.012194e-01  0.000000e+00  8.768488e-01  5.987806e-01
-6.30000e+00 -3.20000e+00       2.173e+01 -4.955533e-01  0.000000e+00  7.092495e-01  5.044467e-01
-5.60000e+00 -3.20000e+00       8.513e+01  7.407913e-01  0.000000e+00  2.359271e-01  2.592087e-01
-4.90000e+00 -3.20000e+00       3.881e+03  9.532267e-01  0.000000e+00 -2.031263e-02  4.677333e-02
-4.20000e+00 -3.20000e+00       1.064e+05  9.560624e-01  0.000000e+00 -4.096340e-02  4.393759e-02
-3.50000e+00 -3.20000e+00       1.011e+06  9.848169e-01  0.000000e+00 -3.107981e-02  1.518308e-02
-2.80000e+00 -3.20000e+00       4.192e+06  9.814957e-01  0.000000e+00 -9.570175e-03  1.850434e-02
-2.10000e+00 -3.20000e+00       2.157e+07  9.822331e-01  0.000000e+00  3.752983e-03  1.776692e-02
-1.40000e+00 -3.20000e+00       1.161e+08  8.187420e-01  0.000000e+00  8.003424e-04  1.812580e-01
-7.00000e-01 -3.20000e+00       3.341e+08  6.054853e-01  0.000000e+00 -3.075644e-05  3.945147e-01
 0.00000e+00 -3.20000e+00       4.844e+08  5.103663e-01  0.000000e+00 -2.260924e-16  4.896337e-01
 7.00000e-01 -3.20000e+00       3.341e+08  6.054853e-01  0.000000e+00  3.075644e-05  3.945147e-01
 1.40000e+00 -3.20000e+00       1.161e+08  8.187420e-01  0.000000e+00 -8.003424e-04  1.812580e-01
 2.10000e+00 -3.20000e+00       2.157e+07  9.822331e-01  0.000000e+00 -3.752983e-03  1.776692e-02
 2.80000e+00 -3.20000e+00       4.192e+06  9.814957e-01  0.000000e+00  9.570175e-03  1.850434e-02
 3.50000e+00 -3.20000e+00       1.011e+06  9.848169e-01  0.000000e+00  3.107981e-02  1.518308e-02
 4.20000e+00 -3.20000e+00       1.064e+05  9.560624e-01  0.000000e+00  4.096340e-02  4.393759e-02
 4.90000e+00 -3.20000e+00       3.881e+03  9.532267e-01  0.000000e+00  2.031263e-02  4.677333e-02
 5.60000e+00 -3.20000e+00       8.513e+01  7.407913e-01  0.000000e+00 -2.359271e-01  2.592087e-01
 6.30000e+00 -3.20000e+00       2.173e+01 -4.955533e-01  0.000000e+00 -7.092495e-01  5.044467e-01
 7.00000e+00 -3.20000e+00       1.707e+01 -4.012194e-01  0.000000e+00 -8.768488e-01  5.987806e-01
-7.00000e+00 -2.80000e+00       2.596e+01 -1.832088e-01  0.000000e+00  9.320602e-01  8.167912e-01
-6.30000e+00 -2.80000e+00       2.802e+01 -4.810367e-01  0.000000e+00  7.015478e-01  5.189633e-01
-5.60000e+00 -2.80000e+00       1.155e+02  5.822264e-01  0.000000e+00  2.770671e-01  4.177736e-01
-4.90000e+00 -2.80000e+00       5.087e+03  9.334166e-01  0.000000e+00 -3.521430e-02  6.658336e-02
-4.20000e+00 -2.80000e+00       1.381e+05  9.466604e-01  0.000000e+00 -5.457237e-02  5.333961e-02
-3.50000e+00 -2.80000e+00       1.315e+06  9.730015e-01  0.000000e+00 -4.127548e-02  2.699848e-02
-2.80000e+00 -2.80000e+00       5.879e+06  9.588635e-01  0.000000e+00 -1.924721e-02  4.113648e-02
-2.10000e+00 -2.80000e+00       3.702e+07  8.537317e-01  0.000000e+00 -1.191752e-02  1.462683e-01
-1.40000e+00 -2.80000e+00       1.853e+08  7.527327e-01  0.000000e+00 -1.402641e-02  2.472673e-01
-7.00000e-01 -2.80000e+00       4.084e+08  6.143335e-01  0.000000e+00 -9.397993e-03  3.856665e-01
 0.00000e+00 -2.80000e+00       4.975e+08  5.219369e-01  0.000000e+00 -2.885470e-16  4.780631e-01
 7.00000e-01 -2.80000e+00       4.084e+08  6.143335e-01  0.000000e+00  9.397993e-03  3.856665e-01
 1.40000e+00 -2.80000e+00       1.853e+08  7.527327e-01  0.000000e+00  1.402641e-02  2.472673e-01
 2.10000e+00 -2.80000e+00       3.702e+07  8.537317e-01  0.000000e+00  1.191752e-02  1.462683e-01
 2.80000e+00 -2.80000e+00       5.879e+06  9.588635e-01  0.000000e+00  1.924721e-02  4.113648e-02
 3.50000e+00 -2.80000e+00       1.315e+06  9.730015e-01  0.000000e+00  4.127548e-02  2.699848e-02
 4.20000e+00 -2.80000e+00       1.381e+05  9.466604e-01  0.000000e+00  5.457237e-02  5.333961e-02
 4.90000e+00 -2.80000e+00       5.087e+03  9.334166e-01  0.000000e+00  3.521430e-02  6.658336e-02
 5.60000e+00 -2.80000e+00       1.155e+02  5.822264e-01  0.000000e+00 -2.770671e-01  4.177736e-01
 6.30000e+00 -2.80000e+00       2.802e+01 -4.810367e-01  0.000000e+00 -7.015478e-01  5.189633e-01
 7.00000e+00 -2.80000e+00       2.596e+01 -1.832088e-01  0.000000e+00 -9.320602e-01  8.167912e-01
-7.00000e+00 -2.40000e+00       2.395e+01 -1.706142e-01  0.000000e+00  9.125930e-01  8.293858e-01
-6.30000e+00 -2.40000e+00       4.434e+01 -4.292717e-01  0.000000e+00  6.250836e-01  5.707283e-01
-5.60000e+00 -2.40000e+00       1.278e+03  4.994628e-01  0.000000e+00 -1.860428e-01  5.005372e-01
-4.90000e+00 -2.40000e+00       1.289e+05  5.445741e-01  0.000000e+00 -2.358868e-01  4.554259e-01
-4.20000e+00 -2.40000e+00       4.762e+06  5.428103e-01  0.000000e+00 -2.249021e-01  4.571897e-01
-3.50000e+00 -2.40000e+00       6.270e+07  5.414304e-01  0.000000e+00 -2.052588e-01  4.585696e-01
-2.80000e+00 -2.40000e+00       3.311e+08  5.409499e-01  0.000000e+00 -1.726903e-01  4.590501e-01
-2.10000e+00 -2.40000e+00       8.750e+08  5.486969e-01  0.000000e+00 -1.244490e-01  4.513031e-01
-1.40000e+00 -2.40000e+00       1.454e+09  5.663457e-01  0.000000e+00 -7.462436e-02  4.336543e-01
-7.00000e-01 -2.40000e+00       1.526e+09  5.604013e-01  0.000000e+00 -3.974281e-02  4.395987e-01
 0.00000e+00 -2.40000e+00       1.264e+09  5.311142e-01  0.000000e+00 -1.478087e-16  4.688858e-01
 7.00000e-01 -2.40000e+00       1.526e+09  5.604013e-01  0.000000e+00  3.974281e-02  4.395987e-01
 1.40000e+00 -2.40000e+00       1.454e+09  5.663457e-01  0.000000e+00  7.462436e-02  4.336543e-01
 2.10000e+00 -2.40000e+00       8.750e+08  5.486969e-01  0.000000e+00  1.244490e-01  4.513031e-01
 2.80000e+00 -2.40000e+00       3.311e+08  5.409499e-01  0.000000e+00  1.726903e-01  4.590501e-01
 3.50000e+00 -2.40000e+00       6.270e+07  5.414304e-01  0.000000e+00  2.052588e-01  4.585696e-01
 4.20000e+00 -2.40000e+00       4.762e+06  5.428103e-01  0.000000e+00  2.249021e-01  4.571897e-01
 4.90000e+00 -2.40000e+00       1.289e+05  5.445741e-01  0.000000e+00  2.358868e-01  4.554259e-01
 5.60000e+00 -2.40000e+00       1.278e+03  4.994628e-01  0.000000e+00  1.860428e-01  5.005372e-01
 6.30000e+00 -2.40000e+00       4.434e+01 -4.292717e-01  0.000000e+00 -6.250836e-01  5.707283e-01
 7.00000e+00 -2.40000e+00       2.395e+01 -1.706142e-01  0.000000e+00 -9.125930e-01  8.293858e-01
-7.00000e+00 -2.00000e+00       3.664e+01  5.419466e-02  0.000000e+00  6.969642e-01  9.458053e-01
-6.30000e+00 -2.00000e+00       1.895e+03  4.553156e-01  0.000000e+00 -3.801673e-01  5.446844e-01
-5.60000e+00 -2.00000e+00       1.757e+05  4.871236e-01  0.000000e+00 -3.998646e-01  5.128764e-01
-4.90000e+00 -2.00000e+00       5.648e+06  5.027173e-01  0.000000e+00 -3.758629e-01  4.972827e-01
-4.20000e+00 -2.00000e+00       6.731e+07  5.253976e-01  0.000000e+00 -3.345930e-01  4.746024e-01
-3.50000e+00 -2.00000e+00       3.456e+08  5.523349e-01  0.000000e+00 -2.727118e-01  4.476651e-01
-2.80000e+00 -2.00000e+00       9.518e+08  5.734746e-01  0.000000e+00 -1.933621e-01  4.265254e-01
-2.10000e+00 -2.00000e+00       1.863e+09  5.852108e-01  0.000000e+00 -1.130282e-01  4.147892e-01
-1.40000e+00 -2.00000e+00       2.945e+09  5.946192e-01  0.000000e+00 -5.863909e-02  4.053808e-01
-7.00000e-01 -2.00000e+00       3.446e+09  5.839919e-01  0.000000e+00 -2.631891e-02  4.160081e-01
 0.00000e+00 -2.00000e+00       3.374e+09  5.633369e-01  0.000000e+00 -3.426892e-16  4.366631e-01
 7.00000e-01 -2.00000e+00       3.446e+09  5.839919e-01  0.000000e+00  2.631891e-02  4.160081e-01
 1.40000e+00 -2.00000e+00       2.945e+09  5.946192e-01  0.000000e+00  5.863909e-02  4.053808e-01
 2.10000e+00 -2.00000e+00       1.863e+09  5.852108e-01  0.000000e+00  1.130282e-01  4.147892e-01
 2.80000e+00 -2.00000e+00       9.518e+08  5.734746e-01  0.000000e+00  1.933621e-01  4.265254e-01
 3.50000e+00 -2.00000e+00       3.456e+08  5.523349e-01  0.000000e+00  2.727118e-01  4.476651e-01
 4.20000e+00 -2.00000e+00       6.731e+07  5.253976e-01  0.000000e+00  3.345930e-01  4.746024e-01
 4.90000e+00 -2.00000e+00       5.648e+06  5.027173e-01  0.000000e+00  3.758629e-01  4.972827e-01
 5.60000e+00 -2.00000e+00       1.757e+05  4.871236e-01  0.000000e+00  3.998646e-01  5.128764e-01
 6.30000e+00 -2.00000e+00       1.895e+03  4.553156e-01  0.000000e+00  3.801673e-01  5.446844e-01
 7.00000e+00 -2.00000e+00       3.664e+01  5.419465e-02  0.000000e+00 -6.969642e-01  9.458053e-01
-7.00000e+00 -1.60000e+00       5.960e+01  2.196068e-01  0.000000e+00  9.253323e-01  7.803932e-01
-6.30000e+00 -1.60000e+00       1.267e+02  1.257762e-01  0.000000e+00  7.040821e-01  8.742238e-01
-5.60000e+00 -1.60000e+00       6.379e+03  3.799818e-01  0.000000e+00 -2.478281e-02  6.200182e-01
-4.90000e+00 -1.60000e+00       4.133e+05  4.831614e-01  0.000000e+00 -8.679592e-02  5.168386e-01
-4.20000e+00 -1.60000e+00       1.369e+07  5.718496e-01  0.000000e+00 -8.890884e-02  4.281504e-01
-3.50000e+00 -1.60000e+00       2.006e+08  6.165560e-01  0.000000e+00 -9.244446e-02  3.834440e-01
-2.80000e+00 -1.60000e+00       1.225e+09  6.229994e-01  0.000000e+00 -8.519553e-02  3.770006e-01
-2.10000e+00 -1.60000e+00       3.494e+09  5.905824e-01  0.000000e+00 -7.283690e-02  4.094176e-01
-1.40000e+00 -1.60000e+00       6.252e+09  5.340447e-01  0.000000e+00 -6.770785e-02  4.659553e-01
-7.00000e-01 -1.60000e+00       9.692e+09  5.539289e-01  0.000000e+00 -4.325038e-02  4.460711e-01
 0.00000e+00 -1.60000e+00       1.178e+10  5.953680e-01  0.000000e+00  1.768561e-14  4.046320e-01
 7.00000e-01 -1.60000e+00       9.692e+09  5.539289e-01  0.000000e+00  4.325038e-02  4.460711e-01
 1.40000e+00 -1.60000e+00       6.252e+09  5.340447e-01  0.000000e+00  6.770785e-02  4.659553e-01
 2.10000e+00 -1.60000e+00       3.494e+09  5.905824e-01  0.000000e+00  7.283690e-02  4.094176e-01
 2.80000e+00 -1.60000e+00       1.225e+09  6.229994e-01  0.000000e+00  8.519553e-02  3.770006e-01
 3.50000e+00 -1.60000e+00       2.006e+08  6.165560e-01  0.000000e+00  9.244446e-02  3.834440e-01
 4.20000e+00 -1.60000e+00       1.369e+07  5.718496e-01  0.000000e+00  8.890884e-02  4.281504e-01
 4.90000e+00 -1.60000e+00       4.133e+05  4.831614e-01  0.000000e+00  8.679592e-02  5.168386e-01
 5.60000e+00 -1.60000e+00       6.379e+03  3.799818e-01  0.000000e+00  2.478281e-02  6.200182e-01
 6.30000e+00 -1.60000e+00       1.267e+02  1.257762e-01  0.000000e+00 -7.040821e-01  8.742238e-01
 7.00000e+00 -1.60000e+00       5.960e+01  2.196068e-01  0.000000e+00 -9.253323e-01  7.803932e-01
-7.00000e+00 -1.20000e+00       4.425e+02  5.336071e-01  0.000000e+00 -3.013511e-01  4.663929e-01
-6.30000e+00 -1.20000e+00       4.555e+04  5.428788e-01  0.000000e+00 -3.908154e-01  4.571212e-01
-5.60000e+00 -1.20000e+00       1.825e+06  5.695974e-01  0.000000e+00 -3.280283e-01  4.304026e-01
-4.90000e+00 -1.20000e+00       3.340e+07  6.122460e-01  0.000000e+00 -2.045170e-01  3.877540e-01
-4.20000e+00 -1.20000e+00       3.830e+08  6.435864e-01  0.000000e+00 -9.214463e-02  3.564136e-01
-3.50000e+00 -1.20000e+00       2.909e+09  6.491295e-01  0.000000e+00 -4.401396e-02  3.508705e-01
-2.80000e+00 -1.20000e+00       1.373e+10  6.384590e-01  0.000000e+00 -4.345359e-02  3.615410e-01
-2.10000e+00 -1.20000e+00       4.079e+10  6.031508e-01  0.000000e+00 -1.112062e-01  3.968492e-01
-1.40000e+00 -1.20000e+00       7.831e+10  5.428416e-01  0.000000e+00 -2.365853e-01  4.571584e-01
-7.00000e-01 -1.20000e+00       9.811e+10  5.078474e-01  0.000000e+00 -2.630298e-01  4.921526e-01
 0.00000e+00 -1.20000e+00       9.598e+10  5.085332e-01  0.000000e+00 -5.168578e-15  4.914668e-01
 7.00000e-01 -1.20000e+00       9.811e+10  5.078474e-01  0.000000e+00  2.630298e-01  4.921526e-01
 1.40000e+00 -1.20000e+00       7.831e+10  5.428416e-01  0.000000e+00  2.365853e-01  4.571584e-01
 2.10000e+00 -1.20000e+00       4.079e+10  6.031508e-01  0.000000e+00  1.112062e-01  3.968492e-01
 2.80000e+00 -1.20000e+00       1.373e+10  6.384590e-01  0.000000e+00  4.345359e-02  3.615410e-01
 3.50000e+00 -1.20000e+00       2.909e+09  6.491295e-01  0.000000e+00  4.401396e-02  3.508705e-01
 4.20000e+00 -1.20000e+00       3.830e+08  6.435864e-01  0.000000e+00  9.214463e-02  3.564136e-01
 4.90000e+00 -1.20000e+00       3.340e+07  6.122460e-01  0.000000e+00  2.045170e-01  3.877540e-01
 5.60000e+00 -1.20000e+00       1.825e+06  5.695974e-01  0.000000e+00  3.280283e-01  4.304026e-01
 6.30000e+00 -1.20000e+00       4.555e+04  5.428788e-01  0.000000e+00  3.908154e-01  4.571212e-01
 7.00000e+00 -1.20000e+00       4.425e+02  5.336071e-01  0.000000e+00  3.013511e-01  4.663929e-01
-7.00000e+00 -8.00000e-01       2.788e+03  7.993443e-01  0.000000e+00 -7.801897e-02  2.006557e-01
-6.30000e+00 -8.00000e-01       3.354e+05  8.120435e-01  0.000000e+00 -2.716340e-02  1.879565e-01
-5.60000e+00 -8.00000e-01       1.767e+07  7.957636e-01  0.000000e+00 -5.082434e-03  2.042364e-01
-4.90000e+00 -8.00000e-01       4.541e+08  7.872521e-01  0.000000e+00 -1.167253e-02  2.127479e-01
-4.20000e+00 -8.00000e-01       6.103e+09  7.889380e-01  0.000000e+00 -1.195297e-02  2.110620e-01
-3.50000e+00 -8.00000e-01       4.537e+10  7.892526e-01  0.000000e+00 -7.193214e-03  2.107474e-01
-2.80000e+00 -8.00000e-01       1.993e+11  7.831161e-01  0.000000e+00  2.022277e-03  2.168839e-01
-2.10000e+00 -8.00000e-01       5.481e+11  7.634001e-01  0.000000e+00  3.740772e-02  2.365999e-01
-1.40000e+00 -8.00000e-01       1.049e+12  7.550982e-01  0.000000e+00  8.378803e-02  2.449018e-01
-7.00000e-01 -8.00000e-01       1.582e+12  7.916326e-01  0.000000e+00  5.784636e-02  2.083674e-01
 0.00000e+00 -8.00000e-01       1.840e+12  8.153236e-01  0.000000e+00  3.422134e-16  1.846764e-01
 7.00000e-01 -8.00000e-01       1.582e+12  7.916326e-01  0.000000e+00 -5.784636e-02  2.083674e-01
 1.40000e+00 -8.00000e-01       1.049e+12  7.550982e-01  0.000000e+00 -8.378803e-02  2.449018e-01
 2.10000e+00 -8.00000e-01       5.481e+11  7.634001e-01  0.000000e+00 -3.740772e-02  2.365999e-01
 2.80000e+00 -8.00000e-01       1.993e+11  7.831161e-01  0.000000e+00 -2.022277e-03  2.168839e-01
 3.50000e+00 -8.00000e-01       4.537e+10  7.892526e-01  0.000000e+00  7.193214e-03  2.107474e-01
 4.20000e+00 -8.00000e-01       6.103e+09  7.889380e-01  0.000000e+00  1.195297e-02  2.110620e-01
 4.90000e+00 -8.00000e-01       4.541e+08  7.872521e-01  0.000000e+00  1.167253e-02  2.127479e-01
 5.60000e+00 -8.00000e-01       1.767e+07  7.957636e-01  0.000000e+00  5.082434e-03  2.042364e-01
 6.30000e+00 -8.00000e-01       3.354e+05  8.120435e-01  0.000000e+00  2.716340e-02  1.879565e-01
 7.00000e+00 -8.00000e-01       2.788e+03  7.993443e-01  0.000000e+00  7.801897e-02  2.006557e-01
-7.00000e+00 -4.00000e-01       1.864e+04  9.087817e-01  0.000000e+00  9.607643e-03  9.121830e-02
-6.30000e+00 -4.00000e-01       2.229e+06  9.256340e-01  0.000000e+00 -2.799562e-02  7.436596e-02
-5.60000e+00 -4.00000e-01       1.212e+08  9.382632e-01  0.000000e+00 -1.300608e-02  6.173685e-02
-4.90000e+00 -4.00000e-01       2.899e+09  9.395725e-01  0.000000e+00  7.247580e-04  6.042747e-02
-4.20000e+00 -4.00000e-01       3.386e+10  9.367531e-01  0.000000e+00  8.673120e-04  6.324686e-02
-3.50000e+00 -4.00000e-01       2.197e+11  9.326348e-01  0.000000e+00  1.526538e-03  6.736521e-02
-2.80000e+00 -4.00000e-01       8.942e+11  9.282149e-01  0.000000e+00  4.091078e-03  7.178514e-02
-2.10000e+00 -4.00000e-01       2.370e+12  9.206280e-01  0.000000e+00  1.103176e-02  7.937199e-02
-1.40000e+00 -4.00000e-01       4.325e+12  9.114258e-01  0.000000e+00  1.296529e-02  8.857416e-02
-7.00000e-01 -4.00000e-01       6.743e+12  9.254175e-01  0.000000e+00 -5.019984e-03  7.458253e-02
 0.00000e+00 -4.00000e-01       8.250e+12  9.394406e-01  0.000000e+00  2.309058e-15  6.055944e-02
 7.00000e-01 -4.00000e-01       6.743e+12  9.254175e-01  0.000000e+00  5.019984e-03  7.458253e-02
 1.40000e+00 -4.00000e-01       4.325e+12  9.114258e-01  0.000000e+00 -1.296529e-02  8.857416e-02
 2.10000e+00 -4.00000e-01       2.370e+12  9.206280e-01  0.000000e+00 -1.103176e-02  7.937199e-02
 2.80000e+00 -4.00000e-01       8.942e+11  9.282149e-01  0.000000e+00 -4.091078e-03  7.178514e-02
 3.50000e+00 -4.00000e-01       2.197e+11  9.326348e-01  0.000000e+00 -1.526538e-03  6.736521e-02
 4.20000e+00 -4.00000e-01       3.386e+10  9.367531e-01  0.000000e+00 -8.673120e-04  6.324686e-02
 4.90000e+00 -4.00000e-01       2.899e+09  9.395725e-01  0.000000e+00 -7.247580e-04  6.042747e-02
 5.60000e+00 -4.00000e-01       1.212e+08  9.382632e-01  0.000000e+00  1.300608e-02  6.173685e-02
 6.30000e+00 -4.00000e-01       2.229e+06  9.256340e-01  0.000000e+00  2.799562e-02  7.436596e-02
 7.00000e+00 -4.00000e-01       1.864e+04  9.087817e-01  0.000000e+00 -9.607642e-03  9.121830e-02
-7.00000e+00  0.00000e+00       4.163e+04  9.999391e-01  0.000000e+00 -4.263752e-12  6.093486e-05
-6.30000e+00  0.00000e+00       4.456e+06  9.999431e-01  0.000000e+00 -5.618838e-14  5.689344e-05
-5.60000e+00  0.00000e+00       2.365e+08  9.999539e-01  0.000000e+00 -2.412898e-13  4.609245e-05
-4.90000e+00  0.00000e+00       5.630e+09  9.999565e-01  0.000000e+00 -1.602712e-12  4.348796e-05
-4.20000e+00  0.00000e+00       6.574e+10  9.999547e-01  0.000000e+00 -6.450555e-12  4.530686e-05
-3.50000e+00  0.00000e+00       4.289e+11  9.999557e-01  0.000000e+00 -1.337581e-11  4.434478e-05
-2.80000e+00  0.00000e+00       1.700e+12  9.999605e-01  0.000000e+00 -1.162042e-11  3.945023e-05
-2.10000e+00  0.00000e+00       4.372e+12  9.999721e-01  0.000000e+00 -1.051389e-12  2.792105e-05
-1.40000e+00  0.00000e+00       7.141e+12  9.999918e-01  0.000000e+00  4.582586e-12  8.174395e-06
-7.00000e-01  0.00000e+00       6.700e+12  9.999872e-01  0.000000e+00  4.684976e-12  1.277133e-05
 0.00000e+00  0.00000e+00       5.043e+12  9.999715e-01  0.000000e+00  1.394971e-17  2.852557e-05
 7.00000e-01  0.00000e+00       6.700e+12  9.999872e-01  0.000000e+00 -4.684944e-12  1.277133e-05
 1.40000e+00  0.00000e+00       7.141e+12  9.999918e-01  0.000000e+00 -4.582561e-12  8.174395e-06
 2.10000e+00  0.00000e+00       4.372e+12  9.999721e-01  0.000000e+00  1.051400e-12  2.792105e-05
 2.80000e+00  0.00000e+00       1.700e+12  9.999605e-01  0.000000e+00  1.162042e-11  3.945023e-05
 3.50000e+00  0.00000e+00       4.289e+11  9.999557e-01  0.000000e+00  1.337582e-11  4.434478e-05
 4.20000e+00  0.00000e+00       6.574e+10  9.999547e-01  0.000000e+00  6.450560e-12  4.530686e-05
 4.90000e+00  0.00000e+00       5.630e+09  9.999565e-01  0.000000e+00  1.602692e-12  4.348796e-05
 5.60000e+00  0.00000e+00       2.365e+08  9.999539e-01  0.000000e+00  2.412748e-13  4.609245e-05
 6.30000e+00  0.00000e+00       4.456e+06  9.999431e-01  0.000000e+00  7.138501e-14  5.689344e-05
 7.00000e+00  0.00000e+00       4.163e+04  9.999391e-01  0.000000e+00  3.144965e-12  6.093486e-05
-7.00000e+00  4.00000e-01       1.864e+04  9.087817e-01  0.000000e+00 -9.607643e-03  9.121830e-02
-6.30000e+00  4.00000e-01       2.229e+06  9.256340e-01  0.000000e+00  2.799562e-02  7.436596e-02
-5.60000e+00  4.00000e-01       1.212e+08  9.382632e-01  0.000000e+00  1.300608e-02  6.173685e-02
-4.90000e+00  4.00000e-01       2.899e+09  9.395725e-01  0.000000e+00 -7.247580e-04  6.042747e-02
-4.20000e+00  4.00000e-01       3.386e+10  9.367531e-01  0.000000e+00 -8.673120e-04  6.324686e-02
-3.50000e+00  4.00000e-01       2.197e+11  9.326348e-01  0.000000e+00 -1.526538e-03  6.736521e-02
-2.80000e+00  4.00000e-01       8.942e+11  9.282149e-01  0.000000e+00 -4.091078e-03  7.178514e-02
-2.10000e+00  4.00000e-01       2.370e+12  9.206280e-01  0.000000e+00 -1.103176e-02  7.937199e-02
-1.40000e+00  4.00000e-01       4.325e+12  9.114258e-01  0.000000e+00 -1.296529e-02  8.857416e-02
-7.00000e-01  4.00000e-01       6.743e+12  9.254175e-01  0.000000e+00  5.019984e-03  7.458253e-02
 0.00000e+00  4.00000e-01       8.250e+12  9.394406e-01  0.000000e+00 -2.308767e-15  6.055944e-02
 7.00000e-01  4.00000e-01       6.743e+12  9.254175e-01  0.000000e+00 -5.019984e-03  7.458253e-02
 1.40000e+00  4.00000e-01       4.325e+12  9.114258e-01  0.000000e+00  1.296529e-02  8.857416e-02
 2.10000e+00  4.00000e-01       2.370e+12  9.206280e-01  0.000000e+00  1.103176e-02  7.937199e-02
 2.80000e+00  4.00000e-01       8.942e+11  9.282149e-01  0.000000e+00  4.091078e-03  7.178514e-02
 3.50000e+00  4.00000e-01       2.197e+11  9.326348e-01  0.000000e+00  1.526538e-03  6.736521e-02
 4.20000e+00  4.00000e-01       3.386e+10  9.367531e-01  0.000000e+00  8.673120e-04  6.324686e-02
 4.90000e+00  4.00000e-01       2.899e+09  9.395725e-01  0.000000e+00  7.247580e-04  6.042747e-02
 5.60000e+00  4.00000e-01       1.212e+08  9.382632e-01  0.000000e+00 -1.300608e-02  6.173685e-02
 6.30000e+00  4.00000e-01       2.229e+06  9.256340e-01  0.000000e+00 -2.799562e-02  7.436596e-02
 7.00000e+00  4.00000e-01       1.864e+04  9.087817e-01  0.000000e+00  9.607642e-03  9.121830e-02
-7.00000e+00  8.00000e-01       2.788e+03  7.993443e-01  0.000000e+00  7.801898e-02  2.006557e-01
-6.30000e+00  8.00000e-01       3.354e+05  8.120435e-01  0.000000e+00  2.716340e-02  1.879565e-01
-5.60000e+00  8.00000e-01       1.767e+07  7.957636e-01  0.000000e+00  5.082434e-03  2.042364e-01
-4.90000e+00  8.00000e-01       4.541e+08  7.872521e-01  0.000000e+00  1.167253e-02  2.127479e-01
-4.20000e+00  8.00000e-01       6.103e+09  7.889380e-01  0.000000e+00  1.195297e-02  2.110620e-01
-3.50000e+00  8.00000e-01       4.537e+10  7.892526e-01  0.000000e+00  7.193213e-03  2.107474e-01
-2.80000e+00  8.00000e-01       1.993e+11  7.831161e-01  0.000000e+00 -2.022277e-03  2.168839e-01
-2.10000e+00  8.00000e-01       5.481e+11  7.634001e-01  0.000000e+00 -3.740772e-02  2.365999e-01
-1.40000e+00  8.00000e-01       1.049e+12  7.550982e-01  0.000000e+00 -8.378803e-02  2.449018e-01
-7.00000e-01  8.00000e-01       1.582e+12  7.916326e-01  0.000000e+00 -5.784636e-02  2.083674e-01
 0.00000e+00  8.00000e-01       1.840e+12  8.153236e-01  0.000000e+00 -1.480733e-15  1.846764e-01
 7.00000e-01  8.00000e-01       1.582e+12  7.916326e-01  0.000000e+00  5.784636e-02  2.083674e-01
 1.40000e+00  8.00000e-01       1.049e+12  7.550982e-01  0.000000e+00  8.378803e-02  2.449018e-01
 2.10000e+00  8.00000e-01       5.481e+11  7.634001e-01  0.000000e+00  3.740772e-02  2.365999e-01
 2.80000e+00  8.00000e-01       1.993e+11  7.831161e-01  0.000000e+00  2.022277e-03  2.168839e-01
 3.50000e+00  8.00000e-01       4.537e+10  7.892526e-01  0.000000e+00 -7.193213e-03  2.107474e-01
 4.20000e+00  8.00000e-01       6.103e+09  7.889380e-01  0.000000e+00 -1.195297e-02  2.110620e-01
 4.90000e+00  8.00000e-01       4.541e+08  7.872521e-01  0.000000e+00 -1.167253e-02  2.127479e-01
 5.60000e+00  8.00000e-01       1.767e+07  7.957636e-01  0.000000e+00 -5.082434e-03  2.042364e-01
 6.30000e+00  8.00000e-01       3.354e+05  8.120435e-01  0.000000e+00 -2.716340e-02  1.879565e-01
 7.00000e+00  8.00000e-01       2.788e+03  7.993443e-01  0.000000e+00 -7.801898e-02  2.006557e-01
-7.00000e+00  1.20000e+00       4.425e+02  5.336071e-01  0.000000e+00  3.013511e-01  4.663929e-01
-6.30000e+00  1.20000e+00       4.555e+04  5.428788e-01  0.000000e+00  3.908154e-01  4.571212e-01
-5.60000e+00  1.20000e+00       1.825e+06  5.695974e-01  0.000000e+00  3.280283e-01  4.304026e-01
-4.90000e+00  1.20000e+00       3.340e+07  6.122460e-01  0.000000e+00  2.045170e-01  3.877540e-01
-4.20000e+00  1.20000e+00       3.830e+08  6.435864e-01  0.000000e+00  9.214463e-02  3.564136e-01
-3.50000e+00  1.20000e+00       2.909e+09  6.491295e-01  0.000000e+00  4.401395e-02  3.508705e-01
-2.80000e+00  1.20000e+00       1.373e+10  6.384590e-01  0.000000e+00  4.345358e-02  3.615410e-01
-2.10000e+00  1.20000e+00       4.079e+10  6.031508e-01  0.000000e+00  1.112062e-01  3.968492e-01
-1.40000e+00  1.20000e+00       7.831e+10  5.428416e-01  0.000000e+00  2.365853e-01  4.571584e-01
-7.00000e-01  1.20000e+00       9.811e+10  5.078474e-01  0.000000e+00  2.630298e-01  4.921526e-01
 0.00000e+00  1.20000e+00       9.598e+10  5.085332e-01  0.000000e+00  1.775718e-14  4.914668e-01
 7.00000e-01  1.20000e+00       9.811e+10  5.078474e-01  0.000000e+00 -2.630298e-01  4.921526e-01
 1.40000e+00  1.20000e+00       7.831e+10  5.428416e-01  0.000000e+00 -2.365853e-01  4.571584e-01
 2.10000e+00  1.20000e+00       4.079e+10  6.031508e-01  0.000000e+00 -1.112062e-01  3.968492e-01
 2.80000e+00  1.20000e+00       1.373e+10  6.384590e-01  0.000000e+00 -4.345358e-02  3.615410e-01
 3.50000e+00  1.20000e+00       2.909e+09  6.491295e-01  0.000000e+00 -4.401395e-02  3.508705e-01
 4.20000e+00  1.20000e+00       3.830e+08  6.435864e-01  0.000000e+00 -9.214463e-02  3.564136e-01
 4.90000e+00  1.20000e+00       3.340e+07  6.122460e-01  0.000000e+00 -2.045170e-01  3.877540e-01
 5.60000e+00  1.20000e+00       1.825e+06  5.695974e-01  0.000000e+00 -3.280283e-01  4.304026e-01
 6.30000e+00  1.20000e+00       4.555e+04  5.428788e-01  0.000000e+00 -3.908154e-01  4.571212e-01
 7.00000e+00  1.20000e+00       4.425e+02  5.336071e-01  0.000000e+00 -3.013511e-01  4.663929e-01
-7.00000e+00  1.60000e+00       5.960e+01  2.196068e-01  0.000000e+00 -9.253323e-01  7.803932e-01
-6.30000e+00  1.60000e+00       1.267e+02  1.257762e-01  0.000000e+00 -7.040821e-01  8.742238e-01
-5.60000e+00  1.60000e+00       6.379e+03  3.799818e-01  0.000000e+00  2.478278e-02  6.200182e-01
-4.90000e+00  1.60000e+00       4.133e+05  4.831614e-01  0.000000e+00  8.679587e-02  5.168386e-01
-4.20000e+00  1.60000e+00       1.369e+07  5.718496e-01  0.000000e+00  8.890877e-02  4.281504e-01
-3.50000e+00  1.60000e+00       2.006e+08  6.165560e-01  0.000000e+00  9.244439e-02  3.834440e-01
-2.80000e+00  1.60000e+00       1.225e+09  6.229994e-01  0.000000e+00  8.519549e-02  3.770006e-01
-2.10000e+00  1.60000e+00       3.494e+09  5.905824e-01  0.000000e+00  7.283689e-02  4.094176e-01
-1.40000e+00  1.60000e+00       6.252e+09  5.340447e-01  0.000000e+00  6.770786e-02  4.659553e-01
-7.00000e-01  1.60000e+00       9.692e+09  5.539289e-01  0.000000e+00  4.325039e-02  4.460711e-01
 0.00000e+00  1.60000e+00       1.178e+10  5.953680e-01  0.000000e+00 -1.787821e-14  4.046320e-01
 7.00000e-01  1.60000e+00       9.692e+09  5.539289e-01  0.000000e+00 -4.325039e-02  4.460711e-01
 1.40000e+00  1.60000e+00       6.252e+09  5.340447e-01  0.000000e+00 -6.770786e-02  4.659553e-01
 2.10000e+00  1.60000e+00       3.494e+09  5.905824e-01  0.000000e+00 -7.283689e-02  4.094176e-01
 2.80000e+00  1.60000e+00       1.225e+09  6.229994e-01  0.000000e+00 -8.519549e-02  3.770006e-01
 3.50000e+00  1.60000e+00       2.006e+08  6.165560e-01  0.000000e+00 -9.244439e-02  3.834440e-01
 4.20000e+00  1.60000e+00       1.369e+07  5.718496e-01  0.000000e+00 -8.890877e-02  4.281504e-01
 4.90000e+00  1.60000e+00       4.133e+05  4.831614e-01  0.000000e+00 -8.679587e-02  5.168386e-01
 5.60000e+00  1.60000e+00       6.379e+03  3.799818e-01  0.000000e+00 -2.478278e-02  6.200182e-01
 6.30000e+00  1.60000e+00       1.267e+02  1.257762e-01  0.000000e+00  7.040821e-01  8.742238e-01
 7.00000e+00  1.60000e+00       5.960e+01  2.196068e-01  0.000000e+00  9.253323e-01  7.803932e-01
-7.00000e+00  2.00000e+00       3.664e+01  5.419466e-02  0.000000e+00 -6.969642e-01  9.458053e-01
-6.30000e+00  2.00000e+00       1.895e+03  4.553156e-01  0.000000e+00  3.801673e-01  5.446844e-01
-5.60000e+00  2.00000e+00       1.757e+05  4.871236e-01  0.000000e+00  3.998646e-01  5.128764e-01
-4.90000e+00  2.00000e+00       5.648e+06  5.027173e-01  0.000000e+00  3.758629e-01  4.972827e-01
-4.20000e+00  2.00000e+00       6.731e+07  5.253976e-01  0.000000e+00  3.345930e-01  4.746024e-01
-3.50000e+00  2.00000e+00       3.456e+08  5.523349e-01  0.000000e+00  2.727118e-01  4.476651e-01
-2.80000e+00  2.00000e+00       9.518e+08  5.734746e-01  0.000000e+00  1.933620e-01  4.265254e-01
-2.10000e+00  2.00000e+00       1.863e+09  5.852108e-01  0.000000e+00  1.130282e-01  4.147892e-01
-1.40000e+00  2.00000e+00       2.945e+09  5.946191e-01  0.000000e+00  5.863912e-02  4.053809e-01
-7.00000e-01  2.00000e+00       3.446e+09  5.839918e-01  0.000000e+00  2.631894e-02  4.160082e-01
 0.00000e+00  2.00000e+00       3.374e+09  5.633369e-01  0.000000e+00  2.857295e-16  4.366631e-01
 7.00000e-01  2.00000e+00       3.446e+09  5.839918e-01  0.000000e+00 -2.631894e-02  4.160082e-01
 1.40000e+00  2.00000e+00       2.945e+09  5.946191e-01  0.000000e+00 -5.863912e-02  4.053809e-01
 2.10000e+00  2.00000e+00       1.863e+09  5.852108e-01  0.000000e+00 -1.130282e-01  4.147892e-01
 2.80000e+00  2.00000e+00       9.518e+08  5.734746e-01  0.000000e+00 -1.933620e-01  4.265254e-01
 3.50000e+00  2.00000e+00       3.456e+08  5.523349e-01  0.000000e+00 -2.727118e-01  4.476651e-01
 4.20000e+00  2.00000e+00       6.731e+07  5.253976e-01  0.000000e+00 -3.345930e-01  4.746024e-01
 4.90000e+00  2.00000e+00       5.648e+06  5.027173e-01  0.000000e+00 -3.758629e-01  4.972827e-01
 5.60000e+00  2.00000e+00       1.757e+05  4.871236e-01  0.000000e+00 -3.998646e-01  5.128764e-01
 6.30000e+00  2.00000e+00       1.895e+03  4.553156e-01  0.000000e+00 -3.801673e-01  5.446844e-01
 7.00000e+00  2.00000e+00       3.664e+01  5.419465e-02  0.000000e+00  6.969642e-01  9.458053e-01
-7.00000e+00  2.40000e+00       2.395e+01 -1.706142e-01  0.000000e+00 -9.125930e-01  8.293858e-01
-6.30000e+00  2.40000e+00       4.434e+01 -4.292717e-01  0.000000e+00 -6.250836e-01  5.707283e-01
-5.60000e+00  2.40000e+00       1.278e+03  4.994628e-01  0.000000e+00  1.860427e-01  5.005372e-01
-4.90000e+00  2.40000e+00       1.289e+05  5.445741e-01  0.000000e+00  2.358866e-01  4.554259e-01
-4.20000e+00  2.40000e+00       4.762e+06  5.428104e-01  0.000000e+00  2.249019e-01  4.571896e-01
-3.50000e+00  2.40000e+00       6.270e+07  5.414305e-01  0.000000e+00  2.052585e-01  4.585695e-01
-2.80000e+00  2.40000e+00       3.311e+08  5.409499e-01  0.000000e+00  1.726902e-01  4.590501e-01
-2.10000e+00  2.40000e+00       8.750e+08  5.486969e-01  0.000000e+00  1.244489e-01  4.513031e-01
-1.40000e+00  2.40000e+00       1.454e+09  5.663457e-01  0.000000e+00  7.462443e-02  4.336543e-01
-7.00000e-01  2.40000e+00       1.526e+09  5.604012e-01  0.000000e+00  3.974288e-02  4.395988e-01
 0.00000e+00  2.40000e+00       1.264e+09  5.311142e-01  0.000000e+00  1.070192e-16  4.688858e-01
 7.00000e-01  2.40000e+00       1.526e+09  5.604012e-01  0.000000e+00 -3.974288e-02  4.395988e-01
 1.40000e+00  2.40000e+00       1.454e+09  5.663457e-01  0.000000e+00 -7.462443e-02  4.336543e-01
 2.10000e+00  2.40000e+00       8.750e+08  5.486969e-01  0.000000e+00 -1.244489e-01  4.513031e-01
 2.80000e+00  2.40000e+00       3.311e+08  5.409499e-01  0.000000e+00 -1.726902e-01  4.590501e-01
 3.50000e+00  2.40000e+00       6.270e+07  5.414305e-01  0.000000e+00 -2.052585e-01  4.585695e-01
 4.20000e+00  2.40000e+00       4.762e+06  5.428104e-01  0.000000e+00 -2.249019e-01  4.571896e-01
 4.90000e+00  2.40000e+00       1.289e+05  5.445741e-01  0.000000e+00 -2.358866e-01  4.554259e-01
 5.60000e+00  2.40000e+00       1.278e+03  4.994628e-01  0.000000e+00 -1.860427e-01  5.005372e-01
 6.30000e+00  2.40000e+00       4.434e+01 -4.292717e-01  0.000000e+00  6.250836e-01  5.707283e-01
 7.00000e+00  2.40000e+00       2.395e+01 -1.706142e-01  0.000000e+00  9.125930e-01  8.293858e-01
-7.00000e+00  2.80000e+00       2.596e+01 -1.832088e-01  0.000000e+00 -9.320601e-01  8.167912e-01
-6.30000e+00  2.80000e+00       2.802e+01 -4.810367e-01  0.000000e+00 -7.015478e-01  5.189633e-01
-5.60000e+00  2.80000e+00       1.155e+02  5.822267e-01  0.000000e+00 -2.770704e-01  4.177733e-01
-4.90000e+00  2.80000e+00       5.087e+03  9.334227e-01  0.000000e+00  3.520637e-02  6.657729e-02
-4.20000e+00  2.80000e+00       1.380e+05  9.466707e-01  0.000000e+00  5.455921e-02  5.332933e-02
-3.50000e+00  2.80000e+00       1.315e+06  9.730145e-01  0.000000e+00  4.125700e-02  2.698547e-02
-2.80000e+00  2.80000e+00       5.879e+06  9.588667e-01  0.000000e+00  1.923442e-02  4.113328e-02
-2.10000e+00  2.80000e+00       3.702e+07  8.537272e-01  0.000000e+00  1.191854e-02  1.462728e-01
-1.40000e+00  2.80000e+00       1.853e+08  7.527308e-01  0.000000e+00  1.402764e-02  2.472692e-01
-7.00000e-01  2.80000e+00       4.084e+08  6.143330e-01  0.000000e+00  9.398457e-03  3.856670e-01
 0.00000e+00  2.80000e+00       4.975e+08  5.219369e-01  0.000000e+00  2.589071e-16  4.780631e-01
 7.00000e-01  2.80000e+00       4.084e+08  6.143330e-01  0.000000e+00 -9.398457e-03  3.856670e-01
 1.40000e+00  2.80000e+00       1.853e+08  7.527308e-01  0.000000e+00 -1.402764e-02  2.472692e-01
 2.10000e+00  2.80000e+00       3.702e+07  8.537272e-01  0.000000e+00 -1.191854e-02  1.462728e-01
 2.80000e+00  2.80000e+00       5.879e+06  9.588667e-01  0.000000e+00 -1.923442e-02  4.113328e-02
 3.50000e+00  2.80000e+00       1.315e+06  9.730145e-01  0.000000e+00 -4.125700e-02  2.698547e-02
 4.20000e+00  2.80000e+00       1.380e+05  9.466707e-01  0.000000e+00 -5.455921e-02  5.332933e-02
 4.90000e+00  2.80000e+00       5.087e+03  9.334227e-01  0.000000e+00 -3.520637e-02  6.657729e-02
 5.60000e+00  2.80000e+00       1.155e+02  5.822267e-01  0.000000e+00  2.770704e-01  4.177733e-01
 6.30000e+00  2.80000e+00       2.802e+01 -4.810367e-01  0.000000e+00  7.015478e-01  5.189633e-01
 7.00000e+00  2.80000e+00       2.596e+01 -1.832088e-01  0.000000e+00  9.320601e-01  8.167912e-01
-7.00000e+00  3.20000e+00       1.707e+01 -4.012194e-01  0.000000e+00 -8.768488e-01  5.987806e-01
-6.30000e+00  3.20000e+00       2.173e+01 -4.955534e-01  0.000000e+00 -7.092495e-01  5.044466e-01
-5.60000e+00  3.20000e+00       8.513e+01  7.407932e-01  0.000000e+00 -2.359334e-01  2.592068e-01
-4.90000e+00  3.20000e+00       3.881e+03  9.532403e-01  0.000000e+00  2.029762e-02  4.675970e-02
-4.20000e+00  3.20000e+00       1.064e+05  9.560845e-01  0.000000e+00  4.093914e-02  4.391550e-02
-3.50000e+00  3.20000e+00       1.011e+06  9.848439e-01  0.000000e+00  3.104665e-02  1.515606e-02
-2.80000e+00  3.20000e+00       4.192e+06  9.814923e-01  0.000000e+00  9.548150e-03  1.850766e-02
-2.10000e+00  3.20000e+00       2.157e+07  9.822124e-01  0.000000e+00 -3.747295e-03  1.778761e-02
-1.40000e+00  3.20000e+00       1.161e+08  8.187352e-01  0.000000e+00 -7.966129e-04  1.812648e-01
-7.00000e-01  3.20000e+00       3.341e+08  6.054843e-01  0.000000e+00  3.179479e-05  3.945157e-01
 0.00000e+00  3.20000e+00       4.844e+08  5.103663e-01  0.000000e+00  2.941924e-16  4.896337e-01
 7.00000e-01  3.20000e+00       3.341e+08  6.054843e-01  0.000000e+00 -3.179479e-05  3.945157e-01
 1.40000e+00  3.20000e+00       1.161e+08  8.187352e-01  0.000000e+00  7.966129e-04  1.812648e-01
 2.10000e+00  3.20000e+00       2.157e+07  9.822124e-01  0.000000e+00  3.747295e-03  1.778761e-02
 2.80000e+00  3.20000e+00       4.192e+06  9.814923e-01  0.000000e+00 -9.548150e-03  1.850766e-02
 3.50000e+00  3.20000e+00       1.011e+06  9.848439e-01  0.000000e+00 -3.104665e-02  1.515606e-02
 4.20000e+00  3.20000e+00       1.064e+05  9.560845e-01  0.000000e+00 -4.093914e-02  4.391550e-02
 4.90000e+00  3.20000e+00       3.881e+03  9.532403e-01  0.000000e+00 -2.029762e-02  4.675970e-02
 5.60000e+00  3.20000e+00       8.513e+01  7.407932e-01  0.000000e+00  2.359334e-01  2.592068e-01
 6.30000e+00  3.20000e+00       2.173e+01 -4.955534e-01  0.000000e+00  7.092495e-01  5.044466e-01
 7.00000e+00  3.20000e+00       1.707e+01 -4.012194e-01  0.000000e+00  8.768488e-01  5.987806e-01
-7.00000e+00  3.60000e+00       1.516e+01 -6.073293e-01  0.000000e+00 -7.723936e-01  3.926707e-01
-6.30000e+00  3.60000e+00       2.757e+01 -6.220869e-01  0.000000e+00 -6.799544e-01  3.779131e-01
-5.60000e+00  3.60000e+00       8.167e+01  5.817781e-01  0.000000e+00 -2.684049e-01  4.182219e-01
-4.90000e+00  3.60000e+00       3.185e+03  9.565117e-01  0.000000e+00  1.387517e-02  4.348827e-02
-4.20000e+00  3.60000e+00       8.728e+04  9.584514e-01  0.000000e+00  3.271843e-02  4.154860e-02
-3.50000e+00  3.60000e+00       8.333e+05  9.856901e-01  0.000000e+00  2.504775e-02  1.430995e-02
-2.80000e+00  3.60000e+00       3.496e+06  9.900546e-01  0.000000e+00  8.301108e-03  9.945449e-03
-2.10000e+00  3.60000e+00       1.975e+07  9.358300e-01  0.000000e+00  2.038417e-03  6.416996e-02
-1.40000e+00  3.60000e+00       1.122e+08  7.740898e-01  0.000000e+00  7.928509e-03  2.259102e-01
-7.00000e-01  3.60000e+00       3.135e+08  5.963462e-01  0.000000e+00  7.531545e-03  4.036538e-01
 0.00000e+00  3.60000e+00       4.369e+08  5.141594e-01  0.000000e+00  5.639972e-16  4.858406e-01
 7.00000e-01  3.60000e+00       3.135e+08  5.963462e-01  0.000000e+00 -7.531545e-03  4.036538e-01
 1.40000e+00  3.60000e+00       1.122e+08  7.740898e-01  0.000000e+00 -7.928509e-03  2.259102e-01
 2.10000e+00  3.60000e+00       1.975e+07  9.358300e-01  0.000000e+00 -2.038417e-03  6.416996e-02
 2.80000e+00  3.60000e+00       3.496e+06  9.900546e-01  0.000000e+00 -8.301108e-03  9.945449e-03
 3.50000e+00  3.60000e+00       8.333e+05  9.856901e-01  0.000000e+00 -2.504775e-02  1.430995e-02
 4.20000e+00  3.60000e+00       8.728e+04  9.584514e-01  0.000000e+00 -3.271843e-02  4.154860e-02
 4.90000e+00  3.60000e+00       3.185e+03  9.565117e-01  0.000000e+00 -1.387517e-02  4.348827e-02
 5.60000e+00  3.60000e+00       8.167e+01  5.817781e-01  0.000000e+00  2.684049e-01  4.182219e-01
 6.30000e+00  3.60000e+00       2.757e+01 -6.220869e-01  0.000000e+00  6.799544e-01  3.779131e-01
 7.00000e+00  3.60000e+00       1.516e+01 -6.073292e-01  0.000000e+00  7.723936e-01  3.926708e-01
-7.00000e+00  4.00000e+00       3.778e+00 -8.024617e-01  0.000000e+00 -5.696281e-01  1.975383e-01
-6.30000e+00  4.00000e+00       1.447e+01 -7.113502e-01  0.000000e+00 -5.099114e-01  2.886498e-01
-5.60000e+00  4.00000e+00       6.914e+01  6.124340e-01  0.000000e+00 -2.020871e-01  3.875660e-01
-4.90000e+00  4.00000e+00       2.723e+03  9.569116e-01  0.000000e+00  1.135430e-02  4.308836e-02
-4.20000e+00  4.00000e+00       7.448e+04  9.593918e-01  0.000000e+00  2.636532e-02  4.060825e-02
-3.50000e+00  4.00000e+00       7.128e+05  9.861446e-01  0.000000e+00  2.018100e-02  1.385536e-02
-2.80000e+00  4.00000e+00       3.004e+06  9.915511e-01  0.000000e+00  7.385597e-03  8.448878e-03
-2.10000e+00  4.00000e+00       1.692e+07  9.394572e-01  0.000000e+00  5.683563e-03  6.054278e-02
-1.40000e+00  4.00000e+00       9.015e+07  7.998245e-01  0.000000e+00  1.308134e-02  2.001755e-01
-7.00000e-01  4.00000e+00       2.234e+08  6.290159e-01  0.000000e+00  1.270197e-02  3.709841e-01
 0.00000e+00  4.00000e+00       2.891e+08  5.347721e-01  0.000000e+00  3.772424e-16  4.652279e-01
 7.00000e-01  4.00000e+00       2.234e+08  6.290159e-01  0.000000e+00 -1.270197e-02  3.709841e-01
 1.40000e+00  4.00000e+00       9.015e+07  7.998245e-01  0.000000e+00 -1.308134e-02  2.001755e-01
 2.10000e+00  4.00000e+00       1.692e+07  9.394572e-01  0.000000e+00 -5.683563e-03  6.054278e-02
 2.80000e+00  4.00000e+00       3.004e+06  9.915511e-01  0.000000e+00 -7.385597e-03  8.448878e-03
 3.50000e+00  4.00000e+00       7.128e+05  9.861446e-01  0.000000e+00 -2.018100e-02  1.385536e-02
 4.20000e+00  4.00000e+00       7.448e+04  9.593918e-01  0.000000e+00 -2.636532e-02  4.060825e-02
 4.90000e+00  4.00000e+00       2.723e+03  9.569116e-01  0.000000e+00 -1.135430e-02  4.308836e-02
 5.60000e+00  4.00000e+00       6.914e+01  6.124340e-01  0.000000e+00  2.020871e-01  3.875660e-01
 6.30000e+00  4.00000e+00       1.447e+01 -7.113502e-01  0.000000e+00  5.099114e-01  2.886498e-01
 7.00000e+00  4.00000e+00       3.778e+00 -8.024580e-01  0.000000e+00  5.696322e-01  1.975420e-01
