 EB(GeV)    EMITTANCEx EMITTANCEy SIZEx(m)   SIZEy(m)   DIVx(rad)  DIVy(rad)
 2.411e+00  5.499e-09  1.017e-12  8.711e-05  1.009e-06  6.313e-05  1.009e-06
 betax      alphax     betay      alphay     eta        deta       E_spread  
 1.380e+00  0.000e+00  1.000e+00  0.000e+00  0.000e+00  0.000e+00  8.600e-04
 Ibeam(A)   period(cm) #periods   Kx         Ky         Energy(eV)
 4.005e-01  1.900e+00         96  0.000e+00  1.780e+00  1.263e+04


           x            y       F.Density            PL            PC          PL45        1-|PL|
          mm           mm  ph/s/mr^2/0.1%             -             -             -             -
-7.00000e+00 -4.00000e+00       7.078e+03  6.656026e-01  0.000000e+00 -1.100542e+00  3.343974e-01
-6.30000e+00 -4.00000e+00       7.121e+05  7.785837e-03  0.000000e+00 -6.323583e-01  9.922142e-01
-5.60000e+00 -4.00000e+00       1.418e+07  1.397632e-02  0.000000e+00 -6.254150e-01  9.860237e-01
-4.90000e+00 -4.00000e+00       1.118e+08  6.700362e-02  0.000000e+00 -6.185608e-01  9.329964e-01
-4.20000e+00 -4.00000e+00       4.157e+08  1.593697e-01  0.000000e+00 -5.793415e-01  8.406303e-01
-3.50000e+00 -4.00000e+00       9.466e+08  2.927571e-01  0.000000e+00 -4.895905e-01  7.072429e-01
-2.80000e+00 -4.00000e+00       1.736e+09  4.422762e-01  0.000000e+00 -3.997549e-01  5.577238e-01
-2.10000e+00 -4.00000e+00       2.667e+09  4.810556e-01  0.000000e+00 -6.277666e-01  5.189444e-01
-1.40000e+00 -4.00000e+00       1.889e+09  3.754719e-01  0.000000e+00 -2.510329e+00  6.245281e-01
-7.00000e-01 -4.00000e+00       2.454e+09 -9.013818e-01  0.000000e+00 -2.418392e+00  9.861820e-02
 0.00000e+00 -4.00000e+00       5.662e+09 -7.839643e-01  0.000000e+00  1.928809e-15  2.160357e-01
 7.00000e-01 -4.00000e+00       2.454e+09 -9.013818e-01  0.000000e+00  2.418392e+00  9.861820e-02
 1.40000e+00 -4.00000e+00       1.889e+09  3.754719e-01  0.000000e+00  2.510329e+00  6.245281e-01
 2.10000e+00 -4.00000e+00       2.667e+09  4.810556e-01  0.000000e+00  6.277666e-01  5.189444e-01
 2.80000e+00 -4.00000e+00       1.736e+09  4.422762e-01  0.000000e+00  3.997549e-01  5.577238e-01
 3.50000e+00 -4.00000e+00       9.466e+08  2.927571e-01  0.000000e+00  4.895905e-01  7.072429e-01
 4.20000e+00 -4.00000e+00       4.157e+08  1.593697e-01  0.000000e+00  5.793415e-01  8.406303e-01
 4.90000e+00 -4.00000e+00       1.118e+08  6.700362e-02  0.000000e+00  6.185608e-01  9.329964e-01
 5.60000e+00 -4.00000e+00       1.418e+07  1.397632e-02  0.000000e+00  6.254150e-01  9.860237e-01
 6.30000e+00 -4.00000e+00       7.121e+05  7.785837e-03  0.000000e+00  6.323583e-01  9.922142e-01
 7.00000e+00 -4.00000e+00       7.078e+03  6.656026e-01  0.000000e+00  1.100542e+00  3.343974e-01
-7.00000e+00 -3.60000e+00       2.411e+06 -4.439051e-01  0.000000e+00 -5.338372e-01  5.560949e-01
-6.30000e+00 -3.60000e+00       3.448e+07 -4.099792e-01  0.000000e+00 -5.440851e-01  5.900208e-01
-5.60000e+00 -3.60000e+00       1.798e+08 -3.309546e-01  0.000000e+00 -5.658380e-01  6.690454e-01
-4.90000e+00 -3.60000e+00       4.489e+08 -1.580321e-01  0.000000e+00 -5.865887e-01  8.419679e-01
-4.20000e+00 -3.60000e+00       9.187e+08  1.202206e-01  0.000000e+00 -5.470957e-01  8.797794e-01
-3.50000e+00 -3.60000e+00       2.016e+09  3.173013e-01  0.000000e+00 -4.524067e-01  6.826987e-01
-2.80000e+00 -3.60000e+00       3.533e+09  4.296729e-01  0.000000e+00 -3.729912e-01  5.703271e-01
-2.10000e+00 -3.60000e+00       5.001e+09  4.632524e-01  0.000000e+00 -5.291600e-01  5.367476e-01
-1.40000e+00 -3.60000e+00       4.183e+09  3.577830e-01  0.000000e+00 -1.694417e+00  6.422170e-01
-7.00000e-01 -3.60000e+00       2.762e+09 -6.315775e-01  0.000000e+00 -3.175434e+00  3.684225e-01
 0.00000e+00 -3.60000e+00       6.578e+09 -7.136309e-01  0.000000e+00  4.674761e-15  2.863691e-01
 7.00000e-01 -3.60000e+00       2.762e+09 -6.315775e-01  0.000000e+00  3.175434e+00  3.684225e-01
 1.40000e+00 -3.60000e+00       4.183e+09  3.577830e-01  0.000000e+00  1.694417e+00  6.422170e-01
 2.10000e+00 -3.60000e+00       5.001e+09  4.632524e-01  0.000000e+00  5.291600e-01  5.367476e-01
 2.80000e+00 -3.60000e+00       3.533e+09  4.296729e-01  0.000000e+00  3.729912e-01  5.703271e-01
 3.50000e+00 -3.60000e+00       2.016e+09  3.173013e-01  0.000000e+00  4.524067e-01  6.826987e-01
 4.20000e+00 -3.60000e+00       9.187e+08  1.202206e-01  0.000000e+00  5.470957e-01  8.797794e-01
 4.90000e+00 -3.60000e+00       4.489e+08 -1.580321e-01  0.000000e+00  5.865887e-01  8.419679e-01
 5.60000e+00 -3.60000e+00       1.798e+08 -3.309546e-01  0.000000e+00  5.658380e-01  6.690454e-01
 6.30000e+00 -3.60000e+00       3.448e+07 -4.099792e-01  0.000000e+00  5.440851e-01  5.900208e-01
 7.00000e+00 -3.60000e+00       2.411e+06 -4.439051e-01  0.000000e+00  5.338372e-01  5.560949e-01
-7.00000e+00 -3.20000e+00       5.567e+07 -7.248225e-01  0.000000e+00 -1.299578e-01  2.751775e-01
-6.30000e+00 -3.20000e+00       2.175e+08 -6.618740e-01  0.000000e+00 -2.256506e-01  3.381260e-01
-5.60000e+00 -3.20000e+00       4.409e+08 -4.841733e-01  0.000000e+00 -3.855715e-01  5.158267e-01
-4.90000e+00 -3.20000e+00       7.865e+08 -1.587674e-01  0.000000e+00 -5.365519e-01  8.412326e-01
-4.20000e+00 -3.20000e+00       1.586e+09  1.421152e-01  0.000000e+00 -5.232395e-01  8.578848e-01
-3.50000e+00 -3.20000e+00       3.308e+09  3.335602e-01  0.000000e+00 -4.119988e-01  6.664398e-01
-2.80000e+00 -3.20000e+00       5.820e+09  4.335868e-01  0.000000e+00 -3.131841e-01  5.664132e-01
-2.10000e+00 -3.20000e+00       8.149e+09  4.446717e-01  0.000000e+00 -4.365998e-01  5.553283e-01
-1.40000e+00 -3.20000e+00       7.475e+09  2.940520e-01  0.000000e+00 -1.324110e+00  7.059480e-01
-7.00000e-01 -3.20000e+00       3.961e+09  4.654441e-01  0.000000e+00 -3.201230e+00  5.345559e-01
 0.00000e+00 -3.20000e+00       7.032e+09 -3.631171e-01  0.000000e+00  8.992483e-15  6.368829e-01
 7.00000e-01 -3.20000e+00       3.961e+09  4.654441e-01  0.000000e+00  3.201230e+00  5.345559e-01
 1.40000e+00 -3.20000e+00       7.475e+09  2.940520e-01  0.000000e+00  1.324110e+00  7.059480e-01
 2.10000e+00 -3.20000e+00       8.149e+09  4.446717e-01  0.000000e+00  4.365998e-01  5.553283e-01
 2.80000e+00 -3.20000e+00       5.820e+09  4.335868e-01  0.000000e+00  3.131841e-01  5.664132e-01
 3.50000e+00 -3.20000e+00       3.308e+09  3.335602e-01  0.000000e+00  4.119988e-01  6.664398e-01
 4.20000e+00 -3.20000e+00       1.586e+09  1.421152e-01  0.000000e+00  5.232395e-01  8.578848e-01
 4.90000e+00 -3.20000e+00       7.865e+08 -1.587674e-01  0.000000e+00  5.365519e-01  8.412326e-01
 5.60000e+00 -3.20000e+00       4.409e+08 -4.841733e-01  0.000000e+00  3.855715e-01  5.158267e-01
 6.30000e+00 -3.20000e+00       2.175e+08 -6.618740e-01  0.000000e+00  2.256506e-01  3.381260e-01
 7.00000e+00 -3.20000e+00       5.567e+07 -7.248225e-01  0.000000e+00  1.299578e-01  2.751775e-01
-7.00000e+00 -2.80000e+00       5.981e+07 -7.096187e-01  0.000000e+00  1.012248e-01  2.903813e-01
-6.30000e+00 -2.80000e+00       2.015e+08 -6.132001e-01  0.000000e+00 -1.520543e-01  3.867999e-01
-5.60000e+00 -2.80000e+00       5.341e+08 -3.844359e-01  0.000000e+00 -4.004354e-01  6.155641e-01
-4.90000e+00 -2.80000e+00       1.300e+09 -7.359139e-02  0.000000e+00 -4.878643e-01  9.264086e-01
-4.20000e+00 -2.80000e+00       3.275e+09  1.926994e-01  0.000000e+00 -3.916390e-01  8.073006e-01
-3.50000e+00 -2.80000e+00       8.957e+09  3.219200e-01  0.000000e+00 -2.273818e-01  6.780800e-01
-2.80000e+00 -2.80000e+00       2.345e+10  3.719562e-01  0.000000e+00 -9.827742e-02  6.280438e-01
-2.10000e+00 -2.80000e+00       5.231e+10  4.453186e-01  0.000000e+00 -1.100659e-01  5.546814e-01
-1.40000e+00 -2.80000e+00       9.205e+10  3.885424e-01  0.000000e+00 -3.444205e-01  6.114576e-01
-7.00000e-01 -2.80000e+00       1.293e+11  1.486005e-01  0.000000e+00 -4.555229e-01  8.513995e-01
 0.00000e+00 -2.80000e+00       1.440e+11  3.194263e-02  0.000000e+00  4.227529e-16  9.680574e-01
 7.00000e-01 -2.80000e+00       1.293e+11  1.486005e-01  0.000000e+00  4.555229e-01  8.513995e-01
 1.40000e+00 -2.80000e+00       9.205e+10  3.885424e-01  0.000000e+00  3.444205e-01  6.114576e-01
 2.10000e+00 -2.80000e+00       5.231e+10  4.453186e-01  0.000000e+00  1.100659e-01  5.546814e-01
 2.80000e+00 -2.80000e+00       2.345e+10  3.719562e-01  0.000000e+00  9.827742e-02  6.280438e-01
 3.50000e+00 -2.80000e+00       8.957e+09  3.219200e-01  0.000000e+00  2.273818e-01  6.780800e-01
 4.20000e+00 -2.80000e+00       3.275e+09  1.926994e-01  0.000000e+00  3.916390e-01  8.073006e-01
 4.90000e+00 -2.80000e+00       1.300e+09 -7.359139e-02  0.000000e+00  4.878643e-01  9.264086e-01
 5.60000e+00 -2.80000e+00       5.341e+08 -3.844359e-01  0.000000e+00  4.004354e-01  6.155641e-01
 6.30000e+00 -2.80000e+00       2.015e+08 -6.132001e-01  0.000000e+00  1.520543e-01  3.867999e-01
 7.00000e+00 -2.80000e+00       5.981e+07 -7.096187e-01  0.000000e+00 -1.012248e-01  2.903813e-01
-7.00000e+00 -2.40000e+00       8.104e+07 -6.237770e-01  0.000000e+00  3.006543e-01  3.762230e-01
-6.30000e+00 -2.40000e+00       2.614e+08 -4.921454e-01  0.000000e+00 -3.388329e-02  5.078546e-01
-5.60000e+00 -2.40000e+00       1.046e+09 -1.647928e-01  0.000000e+00 -2.056688e-01  8.352072e-01
-4.90000e+00 -2.40000e+00       5.965e+09  1.385405e-01  0.000000e+00 -2.104606e-01  8.614595e-01
-4.20000e+00 -2.40000e+00       3.487e+10  3.246121e-01  0.000000e+00 -1.110063e-01  6.753879e-01
-3.50000e+00 -2.40000e+00       1.488e+11  3.296530e-01  0.000000e+00 -1.858913e-02  6.703470e-01
-2.80000e+00 -2.40000e+00       4.555e+11  3.221673e-01  0.000000e+00  2.361349e-02  6.778327e-01
-2.10000e+00 -2.40000e+00       1.056e+12  3.775766e-01  0.000000e+00  1.004775e-01  6.224234e-01
-1.40000e+00 -2.40000e+00       1.956e+12  3.595126e-01  0.000000e+00 -9.544190e-03  6.404874e-01
-7.00000e-01 -2.40000e+00       2.876e+12  1.431014e-01  0.000000e+00 -2.233793e-01  8.568986e-01
 0.00000e+00 -2.40000e+00       3.237e+12  1.744047e-02  0.000000e+00  2.532323e-15  9.825595e-01
 7.00000e-01 -2.40000e+00       2.876e+12  1.431014e-01  0.000000e+00  2.233793e-01  8.568986e-01
 1.40000e+00 -2.40000e+00       1.956e+12  3.595126e-01  0.000000e+00  9.544190e-03  6.404874e-01
 2.10000e+00 -2.40000e+00       1.056e+12  3.775766e-01  0.000000e+00 -1.004775e-01  6.224234e-01
 2.80000e+00 -2.40000e+00       4.555e+11  3.221673e-01  0.000000e+00 -2.361349e-02  6.778327e-01
 3.50000e+00 -2.40000e+00       1.488e+11  3.296530e-01  0.000000e+00  1.858913e-02  6.703470e-01
 4.20000e+00 -2.40000e+00       3.487e+10  3.246121e-01  0.000000e+00  1.110063e-01  6.753879e-01
 4.90000e+00 -2.40000e+00       5.965e+09  1.385405e-01  0.000000e+00  2.104606e-01  8.614595e-01
 5.60000e+00 -2.40000e+00       1.046e+09 -1.647928e-01  0.000000e+00  2.056688e-01  8.352072e-01
 6.30000e+00 -2.40000e+00       2.614e+08 -4.921454e-01  0.000000e+00  3.388329e-02  5.078546e-01
 7.00000e+00 -2.40000e+00       8.104e+07 -6.237770e-01  0.000000e+00 -3.006543e-01  3.762230e-01
-7.00000e+00 -2.00000e+00       1.224e+08 -4.267953e-01  0.000000e+00  3.345733e-01  5.732047e-01
-6.30000e+00 -2.00000e+00       8.844e+08  1.238699e-01  0.000000e+00 -2.777402e-01  8.761301e-01
-5.60000e+00 -2.00000e+00       1.162e+10  5.608966e-01  0.000000e+00 -1.665205e-01  4.391034e-01
-4.90000e+00 -2.00000e+00       1.036e+11  5.202936e-01  0.000000e+00  7.921075e-02  4.797064e-01
-4.20000e+00 -2.00000e+00       5.765e+11  3.564079e-01  0.000000e+00  6.430192e-02  6.435921e-01
-3.50000e+00 -2.00000e+00       2.310e+12  3.693736e-01  0.000000e+00 -3.720601e-02  6.306264e-01
-2.80000e+00 -2.00000e+00       6.512e+12  4.114939e-01  0.000000e+00 -5.289817e-02  5.885061e-01
-2.10000e+00 -2.00000e+00       1.289e+13  3.803711e-01  0.000000e+00 -1.929369e-01  6.196289e-01
-1.40000e+00 -2.00000e+00       1.648e+13  2.414492e-01  0.000000e+00 -4.670570e-01  7.585508e-01
-7.00000e-01 -2.00000e+00       1.126e+13  4.458493e-02  0.000000e+00 -6.500100e-01  9.554151e-01
 0.00000e+00 -2.00000e+00       6.203e+12 -6.951019e-02  0.000000e+00 -5.529654e-15  9.304898e-01
 7.00000e-01 -2.00000e+00       1.126e+13  4.458493e-02  0.000000e+00  6.500100e-01  9.554151e-01
 1.40000e+00 -2.00000e+00       1.648e+13  2.414492e-01  0.000000e+00  4.670570e-01  7.585508e-01
 2.10000e+00 -2.00000e+00       1.289e+13  3.803711e-01  0.000000e+00  1.929369e-01  6.196289e-01
 2.80000e+00 -2.00000e+00       6.512e+12  4.114939e-01  0.000000e+00  5.289817e-02  5.885061e-01
 3.50000e+00 -2.00000e+00       2.310e+12  3.693736e-01  0.000000e+00  3.720601e-02  6.306264e-01
 4.20000e+00 -2.00000e+00       5.765e+11  3.564079e-01  0.000000e+00 -6.430192e-02  6.435921e-01
 4.90000e+00 -2.00000e+00       1.036e+11  5.202936e-01  0.000000e+00 -7.921075e-02  4.797064e-01
 5.60000e+00 -2.00000e+00       1.162e+10  5.608966e-01  0.000000e+00  1.665205e-01  4.391034e-01
 6.30000e+00 -2.00000e+00       8.844e+08  1.238699e-01  0.000000e+00  2.777402e-01  8.761301e-01
 7.00000e+00 -2.00000e+00       1.224e+08 -4.267953e-01  0.000000e+00 -3.345733e-01  5.732047e-01
-7.00000e+00 -1.60000e+00       3.498e+08 -1.157695e-02  0.000000e+00  5.982764e-01  9.884231e-01
-6.30000e+00 -1.60000e+00       6.030e+09 -1.147386e-01  0.000000e+00  1.841062e-01  8.852614e-01
-5.60000e+00 -1.60000e+00       9.751e+10  1.134184e-01  0.000000e+00 -2.754946e-01  8.865816e-01
-4.90000e+00 -1.60000e+00       1.052e+12  4.811553e-01  0.000000e+00 -3.033653e-01  5.188447e-01
-4.20000e+00 -1.60000e+00       6.121e+12  6.145622e-01  0.000000e+00 -8.597614e-02  3.854378e-01
-3.50000e+00 -1.60000e+00       2.023e+13  5.388463e-01  0.000000e+00  3.067315e-02  4.611537e-01
-2.80000e+00 -1.60000e+00       4.880e+13  5.049516e-01  0.000000e+00 -2.687554e-02  4.950484e-01
-2.10000e+00 -1.60000e+00       9.447e+13  5.533459e-01  0.000000e+00 -1.338462e-01  4.466541e-01
-1.40000e+00 -1.60000e+00       1.576e+14  6.609398e-01  0.000000e+00 -2.638986e-01  3.390602e-01
-7.00000e-01 -1.60000e+00       2.219e+14  8.200745e-01  0.000000e+00 -2.175338e-01  1.799255e-01
 0.00000e+00 -1.60000e+00       2.359e+14  8.942257e-01  0.000000e+00 -2.311770e-15  1.057743e-01
 7.00000e-01 -1.60000e+00       2.219e+14  8.200745e-01  0.000000e+00  2.175338e-01  1.799255e-01
 1.40000e+00 -1.60000e+00       1.576e+14  6.609398e-01  0.000000e+00  2.638986e-01  3.390602e-01
 2.10000e+00 -1.60000e+00       9.447e+13  5.533459e-01  0.000000e+00  1.338462e-01  4.466541e-01
 2.80000e+00 -1.60000e+00       4.880e+13  5.049516e-01  0.000000e+00  2.687554e-02  4.950484e-01
 3.50000e+00 -1.60000e+00       2.023e+13  5.388463e-01  0.000000e+00 -3.067315e-02  4.611537e-01
 4.20000e+00 -1.60000e+00       6.121e+12  6.145622e-01  0.000000e+00  8.597614e-02  3.854378e-01
 4.90000e+00 -1.60000e+00       1.052e+12  4.811553e-01  0.000000e+00  3.033653e-01  5.188447e-01
 5.60000e+00 -1.60000e+00       9.751e+10  1.134184e-01  0.000000e+00  2.754946e-01  8.865816e-01
 6.30000e+00 -1.60000e+00       6.030e+09 -1.147386e-01  0.000000e+00 -1.841062e-01  8.852614e-01
 7.00000e+00 -1.60000e+00       3.498e+08 -1.157695e-02  0.000000e+00 -5.982764e-01  9.884231e-01
-7.00000e+00 -1.20000e+00       3.394e+09  8.622922e-01  0.000000e+00  2.921216e-01  1.377078e-01
-6.30000e+00 -1.20000e+00       6.433e+10  7.352518e-01  0.000000e+00  4.422548e-01  2.647482e-01
-5.60000e+00 -1.20000e+00       6.489e+11  4.711371e-01  0.000000e+00  4.431761e-01  5.288629e-01
-4.90000e+00 -1.20000e+00       4.511e+12  3.256043e-01  0.000000e+00  7.360415e-02  6.743957e-01
-4.20000e+00 -1.20000e+00       2.628e+13  5.333117e-01  0.000000e+00 -1.850113e-01  4.666883e-01
-3.50000e+00 -1.20000e+00       9.659e+13  6.813912e-01  0.000000e+00 -9.238384e-02  3.186088e-01
-2.80000e+00 -1.20000e+00       2.104e+14  6.637557e-01  0.000000e+00  1.303107e-02  3.362443e-01
-2.10000e+00 -1.20000e+00       3.543e+14  6.472770e-01  0.000000e+00  1.100188e-01  3.527230e-01
-1.40000e+00 -1.20000e+00       5.089e+14  6.659870e-01  0.000000e+00  3.482320e-01  3.340130e-01
-7.00000e-01 -1.20000e+00       5.315e+14  6.414588e-01  0.000000e+00  4.836436e-01  3.585412e-01
 0.00000e+00 -1.20000e+00       4.518e+14  6.029844e-01  0.000000e+00 -7.131437e-15  3.970156e-01
 7.00000e-01 -1.20000e+00       5.315e+14  6.414588e-01  0.000000e+00 -4.836436e-01  3.585412e-01
 1.40000e+00 -1.20000e+00       5.089e+14  6.659870e-01  0.000000e+00 -3.482320e-01  3.340130e-01
 2.10000e+00 -1.20000e+00       3.543e+14  6.472770e-01  0.000000e+00 -1.100188e-01  3.527230e-01
 2.80000e+00 -1.20000e+00       2.104e+14  6.637557e-01  0.000000e+00 -1.303107e-02  3.362443e-01
 3.50000e+00 -1.20000e+00       9.659e+13  6.813912e-01  0.000000e+00  9.238384e-02  3.186088e-01
 4.20000e+00 -1.20000e+00       2.628e+13  5.333117e-01  0.000000e+00  1.850113e-01  4.666883e-01
 4.90000e+00 -1.20000e+00       4.511e+12  3.256043e-01  0.000000e+00 -7.360415e-02  6.743957e-01
 5.60000e+00 -1.20000e+00       6.489e+11  4.711371e-01  0.000000e+00 -4.431761e-01  5.288629e-01
 6.30000e+00 -1.20000e+00       6.433e+10  7.352518e-01  0.000000e+00 -4.422548e-01  2.647482e-01
 7.00000e+00 -1.20000e+00       3.394e+09  8.622922e-01  0.000000e+00 -2.921216e-01  1.377078e-01
-7.00000e+00 -8.00000e-01       1.748e+10  9.751963e-01  0.000000e+00 -6.785691e-02  2.480367e-02
-6.30000e+00 -8.00000e-01       3.647e+11  9.672264e-01  0.000000e+00  6.574530e-02  3.277358e-02
-5.60000e+00 -8.00000e-01       3.682e+12  9.133970e-01  0.000000e+00  2.124123e-01  8.660301e-02
-4.90000e+00 -8.00000e-01       1.880e+13  7.839631e-01  0.000000e+00  2.866678e-01  2.160369e-01
-4.20000e+00 -8.00000e-01       6.742e+13  6.742132e-01  0.000000e+00  8.383334e-02  3.257868e-01
-3.50000e+00 -8.00000e-01       2.327e+14  7.604990e-01  0.000000e+00 -9.136218e-02  2.395010e-01
-2.80000e+00 -8.00000e-01       5.475e+14  8.195415e-01  0.000000e+00 -3.270332e-02  1.804585e-01
-2.10000e+00 -8.00000e-01       8.917e+14  8.248310e-01  0.000000e+00  3.474253e-02  1.751690e-01
-1.40000e+00 -8.00000e-01       1.210e+15  7.965835e-01  0.000000e+00  8.755743e-02  2.034165e-01
-7.00000e-01 -8.00000e-01       1.173e+15  5.621689e-01  0.000000e+00  1.266022e-01  4.378311e-01
 0.00000e+00 -8.00000e-01       1.014e+15  2.955314e-01  0.000000e+00 -3.061991e-15  7.044686e-01
 7.00000e-01 -8.00000e-01       1.173e+15  5.621689e-01  0.000000e+00 -1.266022e-01  4.378311e-01
 1.40000e+00 -8.00000e-01       1.210e+15  7.965835e-01  0.000000e+00 -8.755743e-02  2.034165e-01
 2.10000e+00 -8.00000e-01       8.917e+14  8.248310e-01  0.000000e+00 -3.474253e-02  1.751690e-01
 2.80000e+00 -8.00000e-01       5.475e+14  8.195415e-01  0.000000e+00  3.270332e-02  1.804585e-01
 3.50000e+00 -8.00000e-01       2.327e+14  7.604990e-01  0.000000e+00  9.136218e-02  2.395010e-01
 4.20000e+00 -8.00000e-01       6.742e+13  6.742132e-01  0.000000e+00 -8.383334e-02  3.257868e-01
 4.90000e+00 -8.00000e-01       1.880e+13  7.839631e-01  0.000000e+00 -2.866678e-01  2.160369e-01
 5.60000e+00 -8.00000e-01       3.682e+12  9.133970e-01  0.000000e+00 -2.124123e-01  8.660301e-02
 6.30000e+00 -8.00000e-01       3.647e+11  9.672264e-01  0.000000e+00 -6.574530e-02  3.277358e-02
 7.00000e+00 -8.00000e-01       1.748e+10  9.751963e-01  0.000000e+00  6.785691e-02  2.480367e-02
-7.00000e+00 -4.00000e-01       3.978e+10  9.868358e-01  0.000000e+00 -1.244978e-01  1.316420e-02
-6.30000e+00 -4.00000e-01       8.845e+11  9.920205e-01  0.000000e+00 -5.304188e-02  7.979454e-03
-5.60000e+00 -4.00000e-01       9.605e+12  9.888087e-01  0.000000e+00  2.769930e-02  1.119129e-02
-4.90000e+00 -4.00000e-01       5.016e+13  9.696045e-01  0.000000e+00  1.080830e-01  3.039545e-02
-4.20000e+00 -4.00000e-01       1.427e+14  9.278809e-01  0.000000e+00  1.161542e-01  7.211914e-02
-3.50000e+00 -4.00000e-01       3.690e+14  9.178611e-01  0.000000e+00 -9.184295e-03  8.213893e-02
-2.80000e+00 -4.00000e-01       8.677e+14  9.403334e-01  0.000000e+00 -3.274973e-02  5.966658e-02
-2.10000e+00 -4.00000e-01       1.238e+15  9.314883e-01  0.000000e+00  8.333374e-03  6.851171e-02
-1.40000e+00 -4.00000e-01       1.120e+15  8.866341e-01  0.000000e+00  1.182220e-01  1.133659e-01
-7.00000e-01 -4.00000e-01       6.949e+14  8.305912e-01  0.000000e+00  2.967953e-01  1.694088e-01
 0.00000e+00 -4.00000e-01       4.318e+14  8.089989e-01  0.000000e+00  4.163423e-16  1.910011e-01
 7.00000e-01 -4.00000e-01       6.949e+14  8.305912e-01  0.000000e+00 -2.967953e-01  1.694088e-01
 1.40000e+00 -4.00000e-01       1.120e+15  8.866341e-01  0.000000e+00 -1.182220e-01  1.133659e-01
 2.10000e+00 -4.00000e-01       1.238e+15  9.314883e-01  0.000000e+00 -8.333374e-03  6.851171e-02
 2.80000e+00 -4.00000e-01       8.677e+14  9.403334e-01  0.000000e+00  3.274973e-02  5.966658e-02
 3.50000e+00 -4.00000e-01       3.690e+14  9.178611e-01  0.000000e+00  9.184295e-03  8.213893e-02
 4.20000e+00 -4.00000e-01       1.427e+14  9.278809e-01  0.000000e+00 -1.161542e-01  7.211914e-02
 4.90000e+00 -4.00000e-01       5.016e+13  9.696045e-01  0.000000e+00 -1.080830e-01  3.039545e-02
 5.60000e+00 -4.00000e-01       9.605e+12  9.888087e-01  0.000000e+00 -2.769930e-02  1.119129e-02
 6.30000e+00 -4.00000e-01       8.845e+11  9.920205e-01  0.000000e+00  5.304188e-02  7.979454e-03
 7.00000e+00 -4.00000e-01       3.978e+10  9.868358e-01  0.000000e+00  1.244978e-01  1.316420e-02
-7.00000e+00  0.00000e+00       5.040e+10  9.999883e-01  0.000000e+00  6.016695e-16  1.168645e-05
-6.30000e+00  0.00000e+00       1.147e+12  9.999935e-01  0.000000e+00  7.434279e-15  6.540790e-06
-5.60000e+00  0.00000e+00       1.281e+13  9.999935e-01  0.000000e+00  5.653036e-14  6.476086e-06
-4.90000e+00  0.00000e+00       6.879e+13  9.999842e-01  0.000000e+00  2.903772e-13  1.576565e-05
-4.20000e+00  0.00000e+00       1.901e+14  9.999589e-01  0.000000e+00  9.637141e-13  4.113760e-05
-3.50000e+00  0.00000e+00       4.352e+14  9.999436e-01  0.000000e+00  1.418658e-12  5.638080e-05
-2.80000e+00  0.00000e+00       1.011e+15  9.999593e-01  0.000000e+00  9.394749e-13  4.074924e-05
-2.10000e+00  0.00000e+00       1.651e+15  9.999670e-01  0.000000e+00  5.096180e-13  3.296530e-05
-1.40000e+00  0.00000e+00       2.198e+15  9.999873e-01  0.000000e+00  2.281069e-13  1.271062e-05
-7.00000e-01  0.00000e+00       1.941e+15  9.999486e-01  0.000000e+00  1.268422e-13  5.135237e-05
 0.00000e+00  0.00000e+00       1.283e+15  9.998501e-01  0.000000e+00 -1.676453e-17  1.498692e-04
 7.00000e-01  0.00000e+00       1.941e+15  9.999486e-01  0.000000e+00 -1.268652e-13  5.135237e-05
 1.40000e+00  0.00000e+00       2.198e+15  9.999873e-01  0.000000e+00 -2.281332e-13  1.271062e-05
 2.10000e+00  0.00000e+00       1.651e+15  9.999670e-01  0.000000e+00 -5.096208e-13  3.296530e-05
 2.80000e+00  0.00000e+00       1.011e+15  9.999593e-01  0.000000e+00 -9.394484e-13  4.074924e-05
 3.50000e+00  0.00000e+00       4.352e+14  9.999436e-01  0.000000e+00 -1.418694e-12  5.638080e-05
 4.20000e+00  0.00000e+00       1.901e+14  9.999589e-01  0.000000e+00 -9.638547e-13  4.113760e-05
 4.90000e+00  0.00000e+00       6.879e+13  9.999842e-01  0.000000e+00 -2.904743e-13  1.576565e-05
 5.60000e+00  0.00000e+00       1.281e+13  9.999935e-01  0.000000e+00 -5.651731e-14  6.476086e-06
 6.30000e+00  0.00000e+00       1.147e+12  9.999935e-01  0.000000e+00 -7.295611e-15  6.540790e-06
 7.00000e+00  0.00000e+00       5.040e+10  9.999883e-01  0.000000e+00  7.210014e-16  1.168645e-05
-7.00000e+00  4.00000e-01       3.978e+10  9.868358e-01  0.000000e+00  1.244978e-01  1.316420e-02
-6.30000e+00  4.00000e-01       8.845e+11  9.920205e-01  0.000000e+00  5.304188e-02  7.979454e-03
-5.60000e+00  4.00000e-01       9.605e+12  9.888087e-01  0.000000e+00 -2.769930e-02  1.119129e-02
-4.90000e+00  4.00000e-01       5.016e+13  9.696045e-01  0.000000e+00 -1.080830e-01  3.039545e-02
-4.20000e+00  4.00000e-01       1.427e+14  9.278809e-01  0.000000e+00 -1.161542e-01  7.211914e-02
-3.50000e+00  4.00000e-01       3.690e+14  9.178611e-01  0.000000e+00  9.184295e-03  8.213893e-02
-2.80000e+00  4.00000e-01       8.677e+14  9.403334e-01  0.000000e+00  3.274973e-02  5.966658e-02
-2.10000e+00  4.00000e-01       1.238e+15  9.314883e-01  0.000000e+00 -8.333374e-03  6.851171e-02
-1.40000e+00  4.00000e-01       1.120e+15  8.866341e-01  0.000000e+00 -1.182220e-01  1.133659e-01
-7.00000e-01  4.00000e-01       6.949e+14  8.305912e-01  0.000000e+00 -2.967953e-01  1.694088e-01
 0.00000e+00  4.00000e-01       4.318e+14  8.089989e-01  0.000000e+00 -4.224728e-16  1.910011e-01
 7.00000e-01  4.00000e-01       6.949e+14  8.305912e-01  0.000000e+00  2.967953e-01  1.694088e-01
 1.40000e+00  4.00000e-01       1.120e+15  8.866341e-01  0.000000e+00  1.182220e-01  1.133659e-01
 2.10000e+00  4.00000e-01       1.238e+15  9.314883e-01  0.000000e+00  8.333374e-03  6.851171e-02
 2.80000e+00  4.00000e-01       8.677e+14  9.403334e-01  0.000000e+00 -3.274973e-02  5.966658e-02
 3.50000e+00  4.00000e-01       3.690e+14  9.178611e-01  0.000000e+00 -9.184295e-03  8.213893e-02
 4.20000e+00  4.00000e-01       1.427e+14  9.278809e-01  0.000000e+00  1.161542e-01  7.211914e-02
 4.90000e+00  4.00000e-01       5.016e+13  9.696045e-01  0.000000e+00  1.080830e-01  3.039545e-02
 5.60000e+00  4.00000e-01       9.605e+12  9.888087e-01  0.000000e+00  2.769930e-02  1.119129e-02
 6.30000e+00  4.00000e-01       8.845e+11  9.920205e-01  0.000000e+00 -5.304188e-02  7.979454e-03
 7.00000e+00  4.00000e-01       3.978e+10  9.868358e-01  0.000000e+00 -1.244978e-01  1.316420e-02
-7.00000e+00  8.00000e-01       1.748e+10  9.751963e-01  0.000000e+00  6.785691e-02  2.480367e-02
-6.30000e+00  8.00000e-01       3.647e+11  9.672264e-01  0.000000e+00 -6.574530e-02  3.277358e-02
-5.60000e+00  8.00000e-01       3.682e+12  9.133970e-01  0.000000e+00 -2.124123e-01  8.660301e-02
-4.90000e+00  8.00000e-01       1.880e+13  7.839631e-01  0.000000e+00 -2.866678e-01  2.160369e-01
-4.20000e+00  8.00000e-01       6.742e+13  6.742132e-01  0.000000e+00 -8.383334e-02  3.257868e-01
-3.50000e+00  8.00000e-01       2.327e+14  7.604990e-01  0.000000e+00  9.136218e-02  2.395010e-01
-2.80000e+00  8.00000e-01       5.475e+14  8.195415e-01  0.000000e+00  3.270332e-02  1.804585e-01
-2.10000e+00  8.00000e-01       8.917e+14  8.248310e-01  0.000000e+00 -3.474253e-02  1.751690e-01
-1.40000e+00  8.00000e-01       1.210e+15  7.965835e-01  0.000000e+00 -8.755743e-02  2.034165e-01
-7.00000e-01  8.00000e-01       1.173e+15  5.621689e-01  0.000000e+00 -1.266022e-01  4.378311e-01
 0.00000e+00  8.00000e-01       1.014e+15  2.955314e-01  0.000000e+00  8.516497e-15  7.044686e-01
 7.00000e-01  8.00000e-01       1.173e+15  5.621689e-01  0.000000e+00  1.266022e-01  4.378311e-01
 1.40000e+00  8.00000e-01       1.210e+15  7.965835e-01  0.000000e+00  8.755743e-02  2.034165e-01
 2.10000e+00  8.00000e-01       8.917e+14  8.248310e-01  0.000000e+00  3.474253e-02  1.751690e-01
 2.80000e+00  8.00000e-01       5.475e+14  8.195415e-01  0.000000e+00 -3.270332e-02  1.804585e-01
 3.50000e+00  8.00000e-01       2.327e+14  7.604990e-01  0.000000e+00 -9.136218e-02  2.395010e-01
 4.20000e+00  8.00000e-01       6.742e+13  6.742132e-01  0.000000e+00  8.383334e-02  3.257868e-01
 4.90000e+00  8.00000e-01       1.880e+13  7.839631e-01  0.000000e+00  2.866678e-01  2.160369e-01
 5.60000e+00  8.00000e-01       3.682e+12  9.133970e-01  0.000000e+00  2.124123e-01  8.660301e-02
 6.30000e+00  8.00000e-01       3.647e+11  9.672264e-01  0.000000e+00  6.574530e-02  3.277358e-02
 7.00000e+00  8.00000e-01       1.748e+10  9.751963e-01  0.000000e+00 -6.785691e-02  2.480367e-02
-7.00000e+00  1.20000e+00       3.394e+09  8.622922e-01  0.000000e+00 -2.921216e-01  1.377078e-01
-6.30000e+00  1.20000e+00       6.433e+10  7.352518e-01  0.000000e+00 -4.422548e-01  2.647482e-01
-5.60000e+00  1.20000e+00       6.489e+11  4.711371e-01  0.000000e+00 -4.431761e-01  5.288629e-01
-4.90000e+00  1.20000e+00       4.511e+12  3.256043e-01  0.000000e+00 -7.360415e-02  6.743957e-01
-4.20000e+00  1.20000e+00       2.628e+13  5.333117e-01  0.000000e+00  1.850113e-01  4.666883e-01
-3.50000e+00  1.20000e+00       9.659e+13  6.813912e-01  0.000000e+00  9.238384e-02  3.186088e-01
-2.80000e+00  1.20000e+00       2.104e+14  6.637557e-01  0.000000e+00 -1.303107e-02  3.362443e-01
-2.10000e+00  1.20000e+00       3.543e+14  6.472770e-01  0.000000e+00 -1.100188e-01  3.527230e-01
-1.40000e+00  1.20000e+00       5.089e+14  6.659870e-01  0.000000e+00 -3.482320e-01  3.340130e-01
-7.00000e-01  1.20000e+00       5.315e+14  6.414588e-01  0.000000e+00 -4.836436e-01  3.585412e-01
 0.00000e+00  1.20000e+00       4.518e+14  6.029844e-01  0.000000e+00  7.124443e-15  3.970156e-01
 7.00000e-01  1.20000e+00       5.315e+14  6.414588e-01  0.000000e+00  4.836436e-01  3.585412e-01
 1.40000e+00  1.20000e+00       5.089e+14  6.659870e-01  0.000000e+00  3.482320e-01  3.340130e-01
 2.10000e+00  1.20000e+00       3.543e+14  6.472770e-01  0.000000e+00  1.100188e-01  3.527230e-01
 2.80000e+00  1.20000e+00       2.104e+14  6.637557e-01  0.000000e+00  1.303107e-02  3.362443e-01
 3.50000e+00  1.20000e+00       9.659e+13  6.813912e-01  0.000000e+00 -9.238384e-02  3.186088e-01
 4.20000e+00  1.20000e+00       2.628e+13  5.333117e-01  0.000000e+00 -1.850113e-01  4.666883e-01
 4.90000e+00  1.20000e+00       4.511e+12  3.256043e-01  0.000000e+00  7.360415e-02  6.743957e-01
 5.60000e+00  1.20000e+00       6.489e+11  4.711371e-01  0.000000e+00  4.431761e-01  5.288629e-01
 6.30000e+00  1.20000e+00       6.433e+10  7.352518e-01  0.000000e+00  4.422548e-01  2.647482e-01
 7.00000e+00  1.20000e+00       3.394e+09  8.622922e-01  0.000000e+00  2.921216e-01  1.377078e-01
-7.00000e+00  1.60000e+00       3.498e+08 -1.157695e-02  0.000000e+00 -5.982764e-01  9.884231e-01
-6.30000e+00  1.60000e+00       6.030e+09 -1.147386e-01  0.000000e+00 -1.841062e-01  8.852614e-01
-5.60000e+00  1.60000e+00       9.751e+10  1.134184e-01  0.000000e+00  2.754946e-01  8.865816e-01
-4.90000e+00  1.60000e+00       1.052e+12  4.811553e-01  0.000000e+00  3.033653e-01  5.188447e-01
-4.20000e+00  1.60000e+00       6.121e+12  6.145622e-01  0.000000e+00  8.597614e-02  3.854378e-01
-3.50000e+00  1.60000e+00       2.023e+13  5.388463e-01  0.000000e+00 -3.067315e-02  4.611537e-01
-2.80000e+00  1.60000e+00       4.880e+13  5.049516e-01  0.000000e+00  2.687554e-02  4.950484e-01
-2.10000e+00  1.60000e+00       9.447e+13  5.533459e-01  0.000000e+00  1.338462e-01  4.466541e-01
-1.40000e+00  1.60000e+00       1.576e+14  6.609398e-01  0.000000e+00  2.638986e-01  3.390602e-01
-7.00000e-01  1.60000e+00       2.219e+14  8.200745e-01  0.000000e+00  2.175338e-01  1.799255e-01
 0.00000e+00  1.60000e+00       2.359e+14  8.942257e-01  0.000000e+00  2.304198e-15  1.057743e-01
 7.00000e-01  1.60000e+00       2.219e+14  8.200745e-01  0.000000e+00 -2.175338e-01  1.799255e-01
 1.40000e+00  1.60000e+00       1.576e+14  6.609398e-01  0.000000e+00 -2.638986e-01  3.390602e-01
 2.10000e+00  1.60000e+00       9.447e+13  5.533459e-01  0.000000e+00 -1.338462e-01  4.466541e-01
 2.80000e+00  1.60000e+00       4.880e+13  5.049516e-01  0.000000e+00 -2.687554e-02  4.950484e-01
 3.50000e+00  1.60000e+00       2.023e+13  5.388463e-01  0.000000e+00  3.067315e-02  4.611537e-01
 4.20000e+00  1.60000e+00       6.121e+12  6.145622e-01  0.000000e+00 -8.597614e-02  3.854378e-01
 4.90000e+00  1.60000e+00       1.052e+12  4.811553e-01  0.000000e+00 -3.033653e-01  5.188447e-01
 5.60000e+00  1.60000e+00       9.751e+10  1.134184e-01  0.000000e+00 -2.754946e-01  8.865816e-01
 6.30000e+00  1.60000e+00       6.030e+09 -1.147386e-01  0.000000e+00  1.841062e-01  8.852614e-01
 7.00000e+00  1.60000e+00       3.498e+08 -1.157695e-02  0.000000e+00  5.982764e-01  9.884231e-01
-7.00000e+00  2.00000e+00       1.224e+08 -4.267953e-01  0.000000e+00 -3.345733e-01  5.732047e-01
-6.30000e+00  2.00000e+00       8.844e+08  1.238699e-01  0.000000e+00  2.777402e-01  8.761301e-01
-5.60000e+00  2.00000e+00       1.162e+10  5.608966e-01  0.000000e+00  1.665205e-01  4.391034e-01
-4.90000e+00  2.00000e+00       1.036e+11  5.202936e-01  0.000000e+00 -7.921075e-02  4.797064e-01
-4.20000e+00  2.00000e+00       5.765e+11  3.564079e-01  0.000000e+00 -6.430192e-02  6.435921e-01
-3.50000e+00  2.00000e+00       2.310e+12  3.693736e-01  0.000000e+00  3.720601e-02  6.306264e-01
-2.80000e+00  2.00000e+00       6.512e+12  4.114939e-01  0.000000e+00  5.289817e-02  5.885061e-01
-2.10000e+00  2.00000e+00       1.289e+13  3.803711e-01  0.000000e+00  1.929369e-01  6.196289e-01
-1.40000e+00  2.00000e+00       1.648e+13  2.414492e-01  0.000000e+00  4.670570e-01  7.585508e-01
-7.00000e-01  2.00000e+00       1.126e+13  4.458493e-02  0.000000e+00  6.500100e-01  9.554151e-01
 0.00000e+00  2.00000e+00       6.203e+12 -6.951019e-02  0.000000e+00  5.449419e-15  9.304898e-01
 7.00000e-01  2.00000e+00       1.126e+13  4.458493e-02  0.000000e+00 -6.500100e-01  9.554151e-01
 1.40000e+00  2.00000e+00       1.648e+13  2.414492e-01  0.000000e+00 -4.670570e-01  7.585508e-01
 2.10000e+00  2.00000e+00       1.289e+13  3.803711e-01  0.000000e+00 -1.929369e-01  6.196289e-01
 2.80000e+00  2.00000e+00       6.512e+12  4.114939e-01  0.000000e+00 -5.289817e-02  5.885061e-01
 3.50000e+00  2.00000e+00       2.310e+12  3.693736e-01  0.000000e+00 -3.720601e-02  6.306264e-01
 4.20000e+00  2.00000e+00       5.765e+11  3.564079e-01  0.000000e+00  6.430192e-02  6.435921e-01
 4.90000e+00  2.00000e+00       1.036e+11  5.202936e-01  0.000000e+00  7.921075e-02  4.797064e-01
 5.60000e+00  2.00000e+00       1.162e+10  5.608966e-01  0.000000e+00 -1.665205e-01  4.391034e-01
 6.30000e+00  2.00000e+00       8.844e+08  1.238699e-01  0.000000e+00 -2.777402e-01  8.761301e-01
 7.00000e+00  2.00000e+00       1.224e+08 -4.267953e-01  0.000000e+00  3.345733e-01  5.732047e-01
-7.00000e+00  2.40000e+00       8.104e+07 -6.237770e-01  0.000000e+00 -3.006543e-01  3.762230e-01
-6.30000e+00  2.40000e+00       2.614e+08 -4.921454e-01  0.000000e+00  3.388329e-02  5.078546e-01
-5.60000e+00  2.40000e+00       1.046e+09 -1.647928e-01  0.000000e+00  2.056688e-01  8.352072e-01
-4.90000e+00  2.40000e+00       5.965e+09  1.385405e-01  0.000000e+00  2.104606e-01  8.614595e-01
-4.20000e+00  2.40000e+00       3.487e+10  3.246121e-01  0.000000e+00  1.110063e-01  6.753879e-01
-3.50000e+00  2.40000e+00       1.488e+11  3.296530e-01  0.000000e+00  1.858914e-02  6.703470e-01
-2.80000e+00  2.40000e+00       4.555e+11  3.221673e-01  0.000000e+00 -2.361349e-02  6.778327e-01
-2.10000e+00  2.40000e+00       1.056e+12  3.775766e-01  0.000000e+00 -1.004775e-01  6.224234e-01
-1.40000e+00  2.40000e+00       1.956e+12  3.595126e-01  0.000000e+00  9.544191e-03  6.404874e-01
-7.00000e-01  2.40000e+00       2.876e+12  1.431014e-01  0.000000e+00  2.233793e-01  8.568986e-01
 0.00000e+00  2.40000e+00       3.237e+12  1.744048e-02  0.000000e+00 -2.658212e-15  9.825595e-01
 7.00000e-01  2.40000e+00       2.876e+12  1.431014e-01  0.000000e+00 -2.233793e-01  8.568986e-01
 1.40000e+00  2.40000e+00       1.956e+12  3.595126e-01  0.000000e+00 -9.544191e-03  6.404874e-01
 2.10000e+00  2.40000e+00       1.056e+12  3.775766e-01  0.000000e+00  1.004775e-01  6.224234e-01
 2.80000e+00  2.40000e+00       4.555e+11  3.221673e-01  0.000000e+00  2.361349e-02  6.778327e-01
 3.50000e+00  2.40000e+00       1.488e+11  3.296530e-01  0.000000e+00 -1.858914e-02  6.703470e-01
 4.20000e+00  2.40000e+00       3.487e+10  3.246121e-01  0.000000e+00 -1.110063e-01  6.753879e-01
 4.90000e+00  2.40000e+00       5.965e+09  1.385405e-01  0.000000e+00 -2.104606e-01  8.614595e-01
 5.60000e+00  2.40000e+00       1.046e+09 -1.647928e-01  0.000000e+00 -2.056688e-01  8.352072e-01
 6.30000e+00  2.40000e+00       2.614e+08 -4.921454e-01  0.000000e+00 -3.388329e-02  5.078546e-01
 7.00000e+00  2.40000e+00       8.104e+07 -6.237770e-01  0.000000e+00  3.006543e-01  3.762230e-01
-7.00000e+00  2.80000e+00       5.981e+07 -7.096187e-01  0.000000e+00 -1.012248e-01  2.903813e-01
-6.30000e+00  2.80000e+00       2.015e+08 -6.132001e-01  0.000000e+00  1.520543e-01  3.867999e-01
-5.60000e+00  2.80000e+00       5.341e+08 -3.844359e-01  0.000000e+00  4.004354e-01  6.155641e-01
-4.90000e+00  2.80000e+00       1.300e+09 -7.359136e-02  0.000000e+00  4.878644e-01  9.264086e-01
-4.20000e+00  2.80000e+00       3.275e+09  1.926995e-01  0.000000e+00  3.916391e-01  8.073005e-01
-3.50000e+00  2.80000e+00       8.957e+09  3.219200e-01  0.000000e+00  2.273820e-01  6.780800e-01
-2.80000e+00  2.80000e+00       2.345e+10  3.719562e-01  0.000000e+00  9.827760e-02  6.280438e-01
-2.10000e+00  2.80000e+00       5.231e+10  4.453186e-01  0.000000e+00  1.100659e-01  5.546814e-01
-1.40000e+00  2.80000e+00       9.205e+10  3.885425e-01  0.000000e+00  3.444205e-01  6.114575e-01
-7.00000e-01  2.80000e+00       1.293e+11  1.486005e-01  0.000000e+00  4.555229e-01  8.513995e-01
 0.00000e+00  2.80000e+00       1.440e+11  3.194267e-02  0.000000e+00 -1.969478e-15  9.680573e-01
 7.00000e-01  2.80000e+00       1.293e+11  1.486005e-01  0.000000e+00 -4.555229e-01  8.513995e-01
 1.40000e+00  2.80000e+00       9.205e+10  3.885425e-01  0.000000e+00 -3.444205e-01  6.114575e-01
 2.10000e+00  2.80000e+00       5.231e+10  4.453186e-01  0.000000e+00 -1.100659e-01  5.546814e-01
 2.80000e+00  2.80000e+00       2.345e+10  3.719562e-01  0.000000e+00 -9.827760e-02  6.280438e-01
 3.50000e+00  2.80000e+00       8.957e+09  3.219200e-01  0.000000e+00 -2.273820e-01  6.780800e-01
 4.20000e+00  2.80000e+00       3.275e+09  1.926995e-01  0.000000e+00 -3.916391e-01  8.073005e-01
 4.90000e+00  2.80000e+00       1.300e+09 -7.359136e-02  0.000000e+00 -4.878644e-01  9.264086e-01
 5.60000e+00  2.80000e+00       5.341e+08 -3.844359e-01  0.000000e+00 -4.004354e-01  6.155641e-01
 6.30000e+00  2.80000e+00       2.015e+08 -6.132001e-01  0.000000e+00 -1.520543e-01  3.867999e-01
 7.00000e+00  2.80000e+00       5.981e+07 -7.096187e-01  0.000000e+00  1.012248e-01  2.903813e-01
-7.00000e+00  3.20000e+00       5.567e+07 -7.248225e-01  0.000000e+00  1.299578e-01  2.751775e-01
-6.30000e+00  3.20000e+00       2.175e+08 -6.618740e-01  0.000000e+00  2.256506e-01  3.381260e-01
-5.60000e+00  3.20000e+00       4.409e+08 -4.841733e-01  0.000000e+00  3.855715e-01  5.158267e-01
-4.90000e+00  3.20000e+00       7.865e+08 -1.587673e-01  0.000000e+00  5.365520e-01  8.412327e-01
-4.20000e+00  3.20000e+00       1.586e+09  1.421154e-01  0.000000e+00  5.232398e-01  8.578846e-01
-3.50000e+00  3.20000e+00       3.308e+09  3.335602e-01  0.000000e+00  4.119993e-01  6.664398e-01
-2.80000e+00  3.20000e+00       5.820e+09  4.335867e-01  0.000000e+00  3.131847e-01  5.664133e-01
-2.10000e+00  3.20000e+00       8.149e+09  4.446718e-01  0.000000e+00  4.365996e-01  5.553282e-01
-1.40000e+00  3.20000e+00       7.475e+09  2.940526e-01  0.000000e+00  1.324106e+00  7.059474e-01
-7.00000e-01  3.20000e+00       3.961e+09  4.654492e-01  0.000000e+00  3.201220e+00  5.345508e-01
 0.00000e+00  3.20000e+00       7.033e+09 -3.631130e-01  0.000000e+00 -3.000283e-14  6.368870e-01
 7.00000e-01  3.20000e+00       3.961e+09  4.654492e-01  0.000000e+00 -3.201220e+00  5.345508e-01
 1.40000e+00  3.20000e+00       7.475e+09  2.940526e-01  0.000000e+00 -1.324106e+00  7.059474e-01
 2.10000e+00  3.20000e+00       8.149e+09  4.446718e-01  0.000000e+00 -4.365996e-01  5.553282e-01
 2.80000e+00  3.20000e+00       5.820e+09  4.335867e-01  0.000000e+00 -3.131847e-01  5.664133e-01
 3.50000e+00  3.20000e+00       3.308e+09  3.335602e-01  0.000000e+00 -4.119993e-01  6.664398e-01
 4.20000e+00  3.20000e+00       1.586e+09  1.421154e-01  0.000000e+00 -5.232398e-01  8.578846e-01
 4.90000e+00  3.20000e+00       7.865e+08 -1.587673e-01  0.000000e+00 -5.365520e-01  8.412327e-01
 5.60000e+00  3.20000e+00       4.409e+08 -4.841733e-01  0.000000e+00 -3.855715e-01  5.158267e-01
 6.30000e+00  3.20000e+00       2.175e+08 -6.618740e-01  0.000000e+00 -2.256506e-01  3.381260e-01
 7.00000e+00  3.20000e+00       5.567e+07 -7.248225e-01  0.000000e+00 -1.299578e-01  2.751775e-01
-7.00000e+00  3.60000e+00       2.411e+06 -4.439051e-01  0.000000e+00  5.338372e-01  5.560949e-01
-6.30000e+00  3.60000e+00       3.448e+07 -4.099792e-01  0.000000e+00  5.440851e-01  5.900208e-01
-5.60000e+00  3.60000e+00       1.798e+08 -3.309545e-01  0.000000e+00  5.658380e-01  6.690455e-01
-4.90000e+00  3.60000e+00       4.489e+08 -1.580317e-01  0.000000e+00  5.865888e-01  8.419683e-01
-4.20000e+00  3.60000e+00       9.187e+08  1.202214e-01  0.000000e+00  5.470960e-01  8.797786e-01
-3.50000e+00  3.60000e+00       2.016e+09  3.173014e-01  0.000000e+00  4.524076e-01  6.826986e-01
-2.80000e+00  3.60000e+00       3.533e+09  4.296725e-01  0.000000e+00  3.729920e-01  5.703275e-01
-2.10000e+00  3.60000e+00       5.001e+09  4.632523e-01  0.000000e+00  5.291582e-01  5.367477e-01
-1.40000e+00  3.60000e+00       4.183e+09  3.577847e-01  0.000000e+00  1.694397e+00  6.422153e-01
-7.00000e-01  3.60000e+00       2.762e+09 -6.315491e-01  0.000000e+00  3.175402e+00  3.684509e-01
 0.00000e+00  3.60000e+00       6.578e+09 -7.136415e-01  0.000000e+00 -2.438515e-14  2.863585e-01
 7.00000e-01  3.60000e+00       2.762e+09 -6.315491e-01  0.000000e+00 -3.175402e+00  3.684509e-01
 1.40000e+00  3.60000e+00       4.183e+09  3.577847e-01  0.000000e+00 -1.694397e+00  6.422153e-01
 2.10000e+00  3.60000e+00       5.001e+09  4.632523e-01  0.000000e+00 -5.291582e-01  5.367477e-01
 2.80000e+00  3.60000e+00       3.533e+09  4.296725e-01  0.000000e+00 -3.729920e-01  5.703275e-01
 3.50000e+00  3.60000e+00       2.016e+09  3.173014e-01  0.000000e+00 -4.524076e-01  6.826986e-01
 4.20000e+00  3.60000e+00       9.187e+08  1.202214e-01  0.000000e+00 -5.470960e-01  8.797786e-01
 4.90000e+00  3.60000e+00       4.489e+08 -1.580317e-01  0.000000e+00 -5.865888e-01  8.419683e-01
 5.60000e+00  3.60000e+00       1.798e+08 -3.309545e-01  0.000000e+00 -5.658380e-01  6.690455e-01
 6.30000e+00  3.60000e+00       3.448e+07 -4.099792e-01  0.000000e+00 -5.440851e-01  5.900208e-01
 7.00000e+00  3.60000e+00       2.411e+06 -4.439051e-01  0.000000e+00 -5.338372e-01  5.560949e-01
-7.00000e+00  4.00000e+00       7.078e+03  6.656021e-01  0.000000e+00  1.100542e+00  3.343979e-01
-6.30000e+00  4.00000e+00       7.121e+05  7.786012e-03  0.000000e+00  6.323583e-01  9.922140e-01
-5.60000e+00  4.00000e+00       1.418e+07  1.397710e-02  0.000000e+00  6.254150e-01  9.860229e-01
-4.90000e+00  4.00000e+00       1.118e+08  6.700589e-02  0.000000e+00  6.185605e-01  9.329941e-01
-4.20000e+00  4.00000e+00       4.157e+08  1.593734e-01  0.000000e+00  5.793414e-01  8.406266e-01
-3.50000e+00  4.00000e+00       9.466e+08  2.927587e-01  0.000000e+00  4.895922e-01  7.072413e-01
-2.80000e+00  4.00000e+00       1.736e+09  4.422735e-01  0.000000e+00  3.997564e-01  5.577265e-01
-2.10000e+00  4.00000e+00       2.667e+09  4.810541e-01  0.000000e+00  6.277490e-01  5.189459e-01
-1.40000e+00  4.00000e+00       1.889e+09  3.754830e-01  0.000000e+00  2.510098e+00  6.245170e-01
-7.00000e-01  4.00000e+00       2.454e+09 -9.012595e-01  0.000000e+00  2.418298e+00  9.874052e-02
 0.00000e+00  4.00000e+00       5.662e+09 -7.840111e-01  0.000000e+00 -2.098002e-14  2.159889e-01
 7.00000e-01  4.00000e+00       2.454e+09 -9.012595e-01  0.000000e+00 -2.418298e+00  9.874052e-02
 1.40000e+00  4.00000e+00       1.889e+09  3.754830e-01  0.000000e+00 -2.510098e+00  6.245170e-01
 2.10000e+00  4.00000e+00       2.667e+09  4.810541e-01  0.000000e+00 -6.277490e-01  5.189459e-01
 2.80000e+00  4.00000e+00       1.736e+09  4.422735e-01  0.000000e+00 -3.997564e-01  5.577265e-01
 3.50000e+00  4.00000e+00       9.466e+08  2.927587e-01  0.000000e+00 -4.895922e-01  7.072413e-01
 4.20000e+00  4.00000e+00       4.157e+08  1.593734e-01  0.000000e+00 -5.793414e-01  8.406266e-01
 4.90000e+00  4.00000e+00       1.118e+08  6.700589e-02  0.000000e+00 -6.185605e-01  9.329941e-01
 5.60000e+00  4.00000e+00       1.418e+07  1.397710e-02  0.000000e+00 -6.254150e-01  9.860229e-01
 6.30000e+00  4.00000e+00       7.121e+05  7.786012e-03  0.000000e+00 -6.323583e-01  9.922140e-01
 7.00000e+00  4.00000e+00       7.078e+03  6.656021e-01  0.000000e+00 -1.100542e+00  3.343979e-01
