 EB(GeV)    EMITTANCEx EMITTANCEy SIZEx(m)   SIZEy(m)   DIVx(rad)  DIVy(rad)
 2.411e+00  5.499e-09  1.017e-12  8.711e-05  1.009e-06  6.313e-05  1.009e-06
 betax      alphax     betay      alphay     eta        deta       E_spread  
 1.380e+00  0.000e+00  1.000e+00  0.000e+00  0.000e+00  0.000e+00  8.600e-04
 Ibeam(A)   period(cm) #periods   Kx         Ky         Energy(eV)
 4.005e-01  1.900e+00         96  0.000e+00  1.780e+00  3.839e+04


           x            y       F.Density            PL            PC          PL45        1-|PL|
          mm           mm  ph/s/mr^2/0.1%             -             -             -             -
-7.00000e+00 -4.00000e+00       1.537e+00 -9.766886e-01  0.000000e+00  8.098013e-01  2.331136e-02
-6.30000e+00 -4.00000e+00       6.780e+00  2.522002e-01  0.000000e+00  5.440005e-01  7.477998e-01
-5.60000e+00 -4.00000e+00       2.181e+02  9.859445e-01  0.000000e+00  9.134856e-03  1.405551e-02
-4.90000e+00 -4.00000e+00       2.399e+03  9.645452e-01  0.000000e+00 -5.503417e-03  3.545475e-02
-4.20000e+00 -4.00000e+00       1.705e+04  7.329784e-01  0.000000e+00 -3.161048e-02  2.670216e-01
-3.50000e+00 -4.00000e+00       1.176e+05  6.115558e-01  0.000000e+00 -4.579456e-02  3.884442e-01
-2.80000e+00 -4.00000e+00       1.631e+05  3.976138e-01  0.000000e+00  9.160774e-02  6.023862e-01
-2.10000e+00 -4.00000e+00       9.388e+05 -7.441229e-01  0.000000e+00  2.963528e-01  2.558771e-01
-1.40000e+00 -4.00000e+00       3.242e+07  3.811806e-01  0.000000e+00  1.041321e-02  6.188194e-01
-7.00000e-01 -4.00000e+00       1.415e+08  4.228857e-01  0.000000e+00 -8.629332e-03  5.771143e-01
 0.00000e+00 -4.00000e+00       2.203e+08  4.156339e-01  0.000000e+00  3.524906e-16  5.843661e-01
 7.00000e-01 -4.00000e+00       1.415e+08  4.228857e-01  0.000000e+00  8.629332e-03  5.771143e-01
 1.40000e+00 -4.00000e+00       3.242e+07  3.811806e-01  0.000000e+00 -1.041321e-02  6.188194e-01
 2.10000e+00 -4.00000e+00       9.388e+05 -7.441229e-01  0.000000e+00 -2.963528e-01  2.558771e-01
 2.80000e+00 -4.00000e+00       1.631e+05  3.976138e-01  0.000000e+00 -9.160774e-02  6.023862e-01
 3.50000e+00 -4.00000e+00       1.176e+05  6.115558e-01  0.000000e+00  4.579456e-02  3.884442e-01
 4.20000e+00 -4.00000e+00       1.705e+04  7.329784e-01  0.000000e+00  3.161048e-02  2.670216e-01
 4.90000e+00 -4.00000e+00       2.399e+03  9.645452e-01  0.000000e+00  5.503417e-03  3.545475e-02
 5.60000e+00 -4.00000e+00       2.181e+02  9.859445e-01  0.000000e+00 -9.134856e-03  1.405551e-02
 6.30000e+00 -4.00000e+00       6.780e+00  2.522002e-01  0.000000e+00 -5.440005e-01  7.477998e-01
 7.00000e+00 -4.00000e+00       1.537e+00 -9.766778e-01  0.000000e+00 -8.098078e-01  2.332220e-02
-7.00000e+00 -3.60000e+00       1.237e+01 -6.210064e-01  0.000000e+00  8.324433e-01  3.789936e-01
-6.30000e+00 -3.60000e+00       2.058e+01 -2.607642e-01  0.000000e+00  7.237999e-01  7.392358e-01
-5.60000e+00 -3.60000e+00       2.601e+02  9.344970e-01  0.000000e+00  2.479022e-02  6.550299e-02
-4.90000e+00 -3.60000e+00       2.759e+03  9.636697e-01  0.000000e+00 -4.647840e-03  3.633034e-02
-4.20000e+00 -3.60000e+00       1.939e+04  7.186662e-01  0.000000e+00 -3.738826e-02  2.813338e-01
-3.50000e+00 -3.60000e+00       1.327e+05  5.891335e-01  0.000000e+00 -5.612680e-02  4.108665e-01
-2.80000e+00 -3.60000e+00       2.643e+05  4.538833e-01  0.000000e+00  1.036690e-01  5.461167e-01
-2.10000e+00 -3.60000e+00       1.821e+06  2.921271e-01  0.000000e+00  3.035142e-01  7.078729e-01
-1.40000e+00 -3.60000e+00       3.102e+07  3.364348e-01  0.000000e+00  5.718701e-02  6.635652e-01
-7.00000e-01 -3.60000e+00       1.700e+08  4.090600e-01  0.000000e+00  6.456224e-03  5.909400e-01
 0.00000e+00 -3.60000e+00       2.874e+08  4.086656e-01  0.000000e+00 -8.857457e-17  5.913344e-01
 7.00000e-01 -3.60000e+00       1.700e+08  4.090600e-01  0.000000e+00 -6.456224e-03  5.909400e-01
 1.40000e+00 -3.60000e+00       3.102e+07  3.364348e-01  0.000000e+00 -5.718701e-02  6.635652e-01
 2.10000e+00 -3.60000e+00       1.821e+06  2.921271e-01  0.000000e+00 -3.035142e-01  7.078729e-01
 2.80000e+00 -3.60000e+00       2.643e+05  4.538833e-01  0.000000e+00 -1.036690e-01  5.461167e-01
 3.50000e+00 -3.60000e+00       1.327e+05  5.891335e-01  0.000000e+00  5.612680e-02  4.108665e-01
 4.20000e+00 -3.60000e+00       1.939e+04  7.186662e-01  0.000000e+00  3.738826e-02  2.813338e-01
 4.90000e+00 -3.60000e+00       2.759e+03  9.636697e-01  0.000000e+00  4.647840e-03  3.633034e-02
 5.60000e+00 -3.60000e+00       2.601e+02  9.344970e-01  0.000000e+00 -2.479022e-02  6.550299e-02
 6.30000e+00 -3.60000e+00       2.058e+01 -2.607642e-01  0.000000e+00 -7.237999e-01  7.392358e-01
 7.00000e+00 -3.60000e+00       1.237e+01 -6.210064e-01  0.000000e+00 -8.324433e-01  3.789936e-01
-7.00000e+00 -3.20000e+00       1.454e+01 -4.124898e-01  0.000000e+00  9.440356e-01  5.875102e-01
-6.30000e+00 -3.20000e+00       1.832e+01 -7.002749e-02  0.000000e+00  7.919006e-01  9.299725e-01
-5.60000e+00 -3.20000e+00       3.052e+02  9.667262e-01  0.000000e+00  2.494815e-02  3.327385e-02
-4.90000e+00 -3.20000e+00       3.278e+03  9.498644e-01  0.000000e+00 -8.749719e-04  5.013563e-02
-4.20000e+00 -3.20000e+00       2.249e+04  6.905343e-01  0.000000e+00 -4.098741e-02  3.094657e-01
-3.50000e+00 -3.20000e+00       1.526e+05  5.536667e-01  0.000000e+00 -6.776893e-02  4.463333e-01
-2.80000e+00 -3.20000e+00       3.713e+05  4.916665e-01  0.000000e+00  1.172758e-01  5.083335e-01
-2.10000e+00 -3.20000e+00       2.573e+06  5.106013e-01  0.000000e+00  3.353680e-01  4.893987e-01
-1.40000e+00 -3.20000e+00       3.031e+07  2.896191e-01  0.000000e+00  1.019751e-01  7.103809e-01
-7.00000e-01 -3.20000e+00       1.781e+08  3.887867e-01  0.000000e+00  1.603046e-02  6.112133e-01
 0.00000e+00 -3.20000e+00       3.064e+08  3.901597e-01  0.000000e+00  7.312784e-16  6.098403e-01
 7.00000e-01 -3.20000e+00       1.781e+08  3.887867e-01  0.000000e+00 -1.603046e-02  6.112133e-01
 1.40000e+00 -3.20000e+00       3.031e+07  2.896191e-01  0.000000e+00 -1.019751e-01  7.103809e-01
 2.10000e+00 -3.20000e+00       2.573e+06  5.106013e-01  0.000000e+00 -3.353680e-01  4.893987e-01
 2.80000e+00 -3.20000e+00       3.713e+05  4.916665e-01  0.000000e+00 -1.172758e-01  5.083335e-01
 3.50000e+00 -3.20000e+00       1.526e+05  5.536667e-01  0.000000e+00  6.776893e-02  4.463333e-01
 4.20000e+00 -3.20000e+00       2.249e+04  6.905343e-01  0.000000e+00  4.098741e-02  3.094657e-01
 4.90000e+00 -3.20000e+00       3.278e+03  9.498644e-01  0.000000e+00  8.749719e-04  5.013563e-02
 5.60000e+00 -3.20000e+00       3.052e+02  9.667262e-01  0.000000e+00 -2.494815e-02  3.327385e-02
 6.30000e+00 -3.20000e+00       1.832e+01 -7.002749e-02  0.000000e+00 -7.919006e-01  9.299725e-01
 7.00000e+00 -3.20000e+00       1.454e+01 -4.124898e-01  0.000000e+00 -9.440356e-01  5.875102e-01
-7.00000e+00 -2.80000e+00       1.587e+01 -2.531631e-01  0.000000e+00  1.011685e+00  7.468369e-01
-6.30000e+00 -2.80000e+00       1.593e+01  2.642952e-01  0.000000e+00  1.028364e+00  7.357048e-01
-5.60000e+00 -2.80000e+00       3.804e+02  9.491728e-01  0.000000e+00  2.251245e-02  5.082722e-02
-4.90000e+00 -2.80000e+00       3.997e+03  9.191076e-01  0.000000e+00  1.065394e-02  8.089238e-02
-4.20000e+00 -2.80000e+00       2.615e+04  6.211565e-01  0.000000e+00 -3.246405e-02  3.788435e-01
-3.50000e+00 -2.80000e+00       1.833e+05  5.395915e-01  0.000000e+00 -7.598591e-02  4.604085e-01
-2.80000e+00 -2.80000e+00       5.745e+05  4.569792e-01  0.000000e+00  3.898918e-02  5.430208e-01
-2.10000e+00 -2.80000e+00       2.151e+07  3.792088e-01  0.000000e+00  1.565048e-02  6.207912e-01
-1.40000e+00 -2.80000e+00       1.945e+08  4.540002e-01  0.000000e+00 -6.479342e-03  5.459998e-01
-7.00000e-01 -2.80000e+00       5.937e+08  4.553618e-01  0.000000e+00 -1.013420e-02  5.446382e-01
 0.00000e+00 -2.80000e+00       8.191e+08  4.467647e-01  0.000000e+00  8.638011e-17  5.532353e-01
 7.00000e-01 -2.80000e+00       5.937e+08  4.553618e-01  0.000000e+00  1.013420e-02  5.446382e-01
 1.40000e+00 -2.80000e+00       1.945e+08  4.540002e-01  0.000000e+00  6.479342e-03  5.459998e-01
 2.10000e+00 -2.80000e+00       2.151e+07  3.792088e-01  0.000000e+00 -1.565048e-02  6.207912e-01
 2.80000e+00 -2.80000e+00       5.745e+05  4.569792e-01  0.000000e+00 -3.898918e-02  5.430208e-01
 3.50000e+00 -2.80000e+00       1.833e+05  5.395915e-01  0.000000e+00  7.598591e-02  4.604085e-01
 4.20000e+00 -2.80000e+00       2.615e+04  6.211565e-01  0.000000e+00  3.246405e-02  3.788435e-01
 4.90000e+00 -2.80000e+00       3.997e+03  9.191076e-01  0.000000e+00 -1.065394e-02  8.089238e-02
 5.60000e+00 -2.80000e+00       3.804e+02  9.491728e-01  0.000000e+00 -2.251245e-02  5.082722e-02
 6.30000e+00 -2.80000e+00       1.593e+01  2.642952e-01  0.000000e+00 -1.028364e+00  7.357048e-01
 7.00000e+00 -2.80000e+00       1.587e+01 -2.531631e-01  0.000000e+00 -1.011685e+00  7.468369e-01
-7.00000e+00 -2.40000e+00       1.713e+01 -7.879343e-02  0.000000e+00  1.071902e+00  9.212066e-01
-6.30000e+00 -2.40000e+00       1.517e+01  6.016784e-01  0.000000e+00  1.251999e+00  3.983216e-01
-5.60000e+00 -2.40000e+00       8.461e+02  8.113669e-01  0.000000e+00 -8.454515e-02  1.886331e-01
-4.90000e+00 -2.40000e+00       6.104e+04  5.733214e-01  0.000000e+00 -1.985321e-01  4.266786e-01
-4.20000e+00 -2.40000e+00       2.712e+06  5.395113e-01  0.000000e+00 -2.058941e-01  4.604887e-01
-3.50000e+00 -2.40000e+00       4.452e+07  5.359643e-01  0.000000e+00 -1.892564e-01  4.640357e-01
-2.80000e+00 -2.40000e+00       2.821e+08  5.323030e-01  0.000000e+00 -1.615114e-01  4.676970e-01
-2.10000e+00 -2.40000e+00       8.233e+08  5.264402e-01  0.000000e+00 -1.208113e-01  4.735598e-01
-1.40000e+00 -2.40000e+00       1.386e+09  5.176708e-01  0.000000e+00 -7.346442e-02  4.823292e-01
-7.00000e-01 -2.40000e+00       1.583e+09  5.004610e-01  0.000000e+00 -3.472819e-02  4.995390e-01
 0.00000e+00 -2.40000e+00       1.514e+09  4.837853e-01  0.000000e+00  1.095186e-16  5.162147e-01
 7.00000e-01 -2.40000e+00       1.583e+09  5.004610e-01  0.000000e+00  3.472819e-02  4.995390e-01
 1.40000e+00 -2.40000e+00       1.386e+09  5.176708e-01  0.000000e+00  7.346442e-02  4.823292e-01
 2.10000e+00 -2.40000e+00       8.233e+08  5.264402e-01  0.000000e+00  1.208113e-01  4.735598e-01
 2.80000e+00 -2.40000e+00       2.821e+08  5.323030e-01  0.000000e+00  1.615114e-01  4.676970e-01
 3.50000e+00 -2.40000e+00       4.452e+07  5.359643e-01  0.000000e+00  1.892564e-01  4.640357e-01
 4.20000e+00 -2.40000e+00       2.712e+06  5.395113e-01  0.000000e+00  2.058941e-01  4.604887e-01
 4.90000e+00 -2.40000e+00       6.104e+04  5.733214e-01  0.000000e+00  1.985321e-01  4.266786e-01
 5.60000e+00 -2.40000e+00       8.461e+02  8.113669e-01  0.000000e+00  8.454515e-02  1.886331e-01
 6.30000e+00 -2.40000e+00       1.517e+01  6.016784e-01  0.000000e+00 -1.251999e+00  3.983216e-01
 7.00000e+00 -2.40000e+00       1.713e+01 -7.879343e-02  0.000000e+00 -1.071902e+00  9.212066e-01
-7.00000e+00 -2.00000e+00       2.561e+01  1.824888e-01  0.000000e+00  8.181938e-01  8.175112e-01
-6.30000e+00 -2.00000e+00       1.712e+03  4.886483e-01  0.000000e+00 -4.011477e-01  5.113517e-01
-5.60000e+00 -2.00000e+00       1.601e+05  4.866265e-01  0.000000e+00 -4.033336e-01  5.133735e-01
-4.90000e+00 -2.00000e+00       5.014e+06  4.997726e-01  0.000000e+00 -3.809911e-01  5.002274e-01
-4.20000e+00 -2.00000e+00       5.755e+07  5.207376e-01  0.000000e+00 -3.426371e-01  4.792624e-01
-3.50000e+00 -2.00000e+00       2.846e+08  5.472833e-01  0.000000e+00 -2.788203e-01  4.527167e-01
-2.80000e+00 -2.00000e+00       7.965e+08  5.682711e-01  0.000000e+00 -1.913066e-01  4.317289e-01
-2.10000e+00 -2.00000e+00       1.631e+09  5.709290e-01  0.000000e+00 -1.105391e-01  4.290710e-01
-1.40000e+00 -2.00000e+00       2.535e+09  5.620984e-01  0.000000e+00 -5.747528e-02  4.379016e-01
-7.00000e-01 -2.00000e+00       2.723e+09  5.460774e-01  0.000000e+00 -2.709415e-02  4.539226e-01
 0.00000e+00 -2.00000e+00       2.420e+09  5.300507e-01  0.000000e+00  4.055644e-16  4.699493e-01
 7.00000e-01 -2.00000e+00       2.723e+09  5.460774e-01  0.000000e+00  2.709415e-02  4.539226e-01
 1.40000e+00 -2.00000e+00       2.535e+09  5.620984e-01  0.000000e+00  5.747528e-02  4.379016e-01
 2.10000e+00 -2.00000e+00       1.631e+09  5.709290e-01  0.000000e+00  1.105391e-01  4.290710e-01
 2.80000e+00 -2.00000e+00       7.965e+08  5.682711e-01  0.000000e+00  1.913066e-01  4.317289e-01
 3.50000e+00 -2.00000e+00       2.846e+08  5.472833e-01  0.000000e+00  2.788203e-01  4.527167e-01
 4.20000e+00 -2.00000e+00       5.755e+07  5.207376e-01  0.000000e+00  3.426371e-01  4.792624e-01
 4.90000e+00 -2.00000e+00       5.014e+06  4.997726e-01  0.000000e+00  3.809911e-01  5.002274e-01
 5.60000e+00 -2.00000e+00       1.601e+05  4.866265e-01  0.000000e+00  4.033336e-01  5.133735e-01
 6.30000e+00 -2.00000e+00       1.712e+03  4.886483e-01  0.000000e+00  4.011477e-01  5.113517e-01
 7.00000e+00 -2.00000e+00       2.561e+01  1.824888e-01  0.000000e+00 -8.181938e-01  8.175112e-01
-7.00000e+00 -1.60000e+00       1.638e+01  6.230358e-01  0.000000e+00  1.416638e+00  3.769642e-01
-6.30000e+00 -1.60000e+00       1.811e+03  7.192628e-01  0.000000e+00 -3.465457e-01  2.807372e-01
-5.60000e+00 -1.60000e+00       2.144e+05  6.050585e-01  0.000000e+00 -3.301156e-01  3.949415e-01
-4.90000e+00 -1.60000e+00       7.209e+06  6.039034e-01  0.000000e+00 -3.217666e-01  3.960966e-01
-4.20000e+00 -1.60000e+00       8.279e+07  6.135372e-01  0.000000e+00 -2.907712e-01  3.864628e-01
-3.50000e+00 -1.60000e+00       4.435e+08  6.356587e-01  0.000000e+00 -2.095279e-01  3.643413e-01
-2.80000e+00 -1.60000e+00       1.644e+09  6.529593e-01  0.000000e+00 -1.271487e-01  3.470407e-01
-2.10000e+00 -1.60000e+00       3.883e+09  6.531677e-01  0.000000e+00 -1.048344e-01  3.468323e-01
-1.40000e+00 -1.60000e+00       5.588e+09  6.307558e-01  0.000000e+00 -1.062749e-01  3.692442e-01
-7.00000e-01 -1.60000e+00       6.106e+09  5.602504e-01  0.000000e+00 -6.813707e-02  4.397496e-01
 0.00000e+00 -1.60000e+00       6.066e+09  5.023531e-01  0.000000e+00 -9.849798e-14  4.976469e-01
 7.00000e-01 -1.60000e+00       6.106e+09  5.602504e-01  0.000000e+00  6.813707e-02  4.397496e-01
 1.40000e+00 -1.60000e+00       5.588e+09  6.307558e-01  0.000000e+00  1.062749e-01  3.692442e-01
 2.10000e+00 -1.60000e+00       3.883e+09  6.531677e-01  0.000000e+00  1.048344e-01  3.468323e-01
 2.80000e+00 -1.60000e+00       1.644e+09  6.529593e-01  0.000000e+00  1.271487e-01  3.470407e-01
 3.50000e+00 -1.60000e+00       4.435e+08  6.356587e-01  0.000000e+00  2.095279e-01  3.643413e-01
 4.20000e+00 -1.60000e+00       8.279e+07  6.135372e-01  0.000000e+00  2.907712e-01  3.864628e-01
 4.90000e+00 -1.60000e+00       7.209e+06  6.039034e-01  0.000000e+00  3.217666e-01  3.960966e-01
 5.60000e+00 -1.60000e+00       2.144e+05  6.050585e-01  0.000000e+00  3.301156e-01  3.949415e-01
 6.30000e+00 -1.60000e+00       1.811e+03  7.192628e-01  0.000000e+00  3.465457e-01  2.807372e-01
 7.00000e+00 -1.60000e+00       1.638e+01  6.230359e-01  0.000000e+00 -1.416638e+00  3.769641e-01
-7.00000e+00 -1.20000e+00       3.557e+04 -3.996835e-01  0.000000e+00  5.598475e-02  6.003165e-01
-6.30000e+00 -1.20000e+00       3.671e+05 -3.838530e-01  0.000000e+00  5.294531e-02  6.161470e-01
-5.60000e+00 -1.20000e+00       1.562e+06 -8.731546e-02  0.000000e+00  8.448049e-03  9.126845e-01
-4.90000e+00 -1.20000e+00       1.619e+07  5.924208e-01  0.000000e+00 -8.278292e-02  4.075792e-01
-4.20000e+00 -1.20000e+00       2.367e+08  6.559536e-01  0.000000e+00 -6.774184e-02  3.440464e-01
-3.50000e+00 -1.20000e+00       1.969e+09  6.553850e-01  0.000000e+00 -4.006399e-02  3.446150e-01
-2.80000e+00 -1.20000e+00       9.740e+09  6.613922e-01  0.000000e+00 -8.654959e-03  3.386078e-01
-2.10000e+00 -1.20000e+00       3.174e+10  7.015069e-01  0.000000e+00  4.414237e-02  2.984931e-01
-1.40000e+00 -1.20000e+00       6.997e+10  7.608686e-01  0.000000e+00  1.094840e-01  2.391314e-01
-7.00000e-01 -1.20000e+00       9.494e+10  7.829986e-01  0.000000e+00  1.264154e-01  2.170014e-01
 0.00000e+00 -1.20000e+00       9.378e+10  7.769844e-01  0.000000e+00 -2.555316e-14  2.230156e-01
 7.00000e-01 -1.20000e+00       9.494e+10  7.829986e-01  0.000000e+00 -1.264154e-01  2.170014e-01
 1.40000e+00 -1.20000e+00       6.997e+10  7.608686e-01  0.000000e+00 -1.094840e-01  2.391314e-01
 2.10000e+00 -1.20000e+00       3.174e+10  7.015069e-01  0.000000e+00 -4.414237e-02  2.984931e-01
 2.80000e+00 -1.20000e+00       9.740e+09  6.613922e-01  0.000000e+00  8.654959e-03  3.386078e-01
 3.50000e+00 -1.20000e+00       1.969e+09  6.553850e-01  0.000000e+00  4.006399e-02  3.446150e-01
 4.20000e+00 -1.20000e+00       2.367e+08  6.559536e-01  0.000000e+00  6.774184e-02  3.440464e-01
 4.90000e+00 -1.20000e+00       1.619e+07  5.924208e-01  0.000000e+00  8.278292e-02  4.075792e-01
 5.60000e+00 -1.20000e+00       1.562e+06 -8.731546e-02  0.000000e+00 -8.448049e-03  9.126845e-01
 6.30000e+00 -1.20000e+00       3.671e+05 -3.838530e-01  0.000000e+00 -5.294531e-02  6.161470e-01
 7.00000e+00 -1.20000e+00       3.557e+04 -3.996835e-01  0.000000e+00 -5.598475e-02  6.003165e-01
-7.00000e+00 -8.00000e-01       1.599e+03  8.281367e-01  0.000000e+00 -7.318187e-02  1.718633e-01
-6.30000e+00 -8.00000e-01       1.991e+05  8.112452e-01  0.000000e+00 -4.472466e-02  1.887548e-01
-5.60000e+00 -8.00000e-01       1.129e+07  7.931304e-01  0.000000e+00 -3.658583e-02  2.068696e-01
-4.90000e+00 -8.00000e-01       3.132e+08  7.873442e-01  0.000000e+00 -2.857465e-02  2.126558e-01
-4.20000e+00 -8.00000e-01       4.445e+09  7.849650e-01  0.000000e+00 -1.568717e-02  2.150350e-01
-3.50000e+00 -8.00000e-01       3.409e+10  7.826305e-01  0.000000e+00 -1.966150e-02  2.173695e-01
-2.80000e+00 -8.00000e-01       1.519e+11  7.844149e-01  0.000000e+00 -3.897638e-02  2.155851e-01
-2.10000e+00 -8.00000e-01       4.262e+11  7.770108e-01  0.000000e+00 -7.675630e-02  2.229892e-01
-1.40000e+00 -8.00000e-01       8.723e+11  7.597783e-01  0.000000e+00 -9.203213e-02  2.402217e-01
-7.00000e-01 -8.00000e-01       1.624e+12  7.673713e-01  0.000000e+00 -3.070619e-02  2.326287e-01
 0.00000e+00 -8.00000e-01       2.192e+12  7.771942e-01  0.000000e+00 -1.671771e-15  2.228058e-01
 7.00000e-01 -8.00000e-01       1.624e+12  7.673713e-01  0.000000e+00  3.070619e-02  2.326287e-01
 1.40000e+00 -8.00000e-01       8.723e+11  7.597783e-01  0.000000e+00  9.203213e-02  2.402217e-01
 2.10000e+00 -8.00000e-01       4.262e+11  7.770108e-01  0.000000e+00  7.675630e-02  2.229892e-01
 2.80000e+00 -8.00000e-01       1.519e+11  7.844149e-01  0.000000e+00  3.897638e-02  2.155851e-01
 3.50000e+00 -8.00000e-01       3.409e+10  7.826305e-01  0.000000e+00  1.966150e-02  2.173695e-01
 4.20000e+00 -8.00000e-01       4.445e+09  7.849650e-01  0.000000e+00  1.568717e-02  2.150350e-01
 4.90000e+00 -8.00000e-01       3.132e+08  7.873442e-01  0.000000e+00  2.857465e-02  2.126558e-01
 5.60000e+00 -8.00000e-01       1.129e+07  7.931304e-01  0.000000e+00  3.658583e-02  2.068696e-01
 6.30000e+00 -8.00000e-01       1.991e+05  8.112452e-01  0.000000e+00  4.472466e-02  1.887548e-01
 7.00000e+00 -8.00000e-01       1.599e+03  8.281367e-01  0.000000e+00  7.318188e-02  1.718633e-01
-7.00000e+00 -4.00000e-01       1.172e+04  8.976496e-01  0.000000e+00 -1.790134e-02  1.023504e-01
-6.30000e+00 -4.00000e-01       1.412e+06  9.206909e-01  0.000000e+00 -1.610302e-02  7.930911e-02
-5.60000e+00 -4.00000e-01       7.744e+07  9.332532e-01  0.000000e+00  8.113028e-03  6.674681e-02
-4.90000e+00 -4.00000e-01       1.954e+09  9.332161e-01  0.000000e+00  1.089563e-02  6.678391e-02
-4.20000e+00 -4.00000e-01       2.467e+10  9.302632e-01  0.000000e+00  3.218541e-03  6.973684e-02
-3.50000e+00 -4.00000e-01       1.739e+11  9.303466e-01  0.000000e+00 -3.812123e-04  6.965338e-02
-2.80000e+00 -4.00000e-01       7.594e+11  9.354355e-01  0.000000e+00 -1.144664e-02  6.456448e-02
-2.10000e+00 -4.00000e-01       2.116e+12  9.392085e-01  0.000000e+00 -4.206680e-02  6.079146e-02
-1.40000e+00 -4.00000e-01       4.077e+12  9.421719e-01  0.000000e+00 -7.790871e-02  5.782810e-02
-7.00000e-01 -4.00000e-01       6.017e+12  9.532499e-01  0.000000e+00 -6.071664e-02  4.675013e-02
 0.00000e+00 -4.00000e-01       6.753e+12  9.606919e-01  0.000000e+00 -2.726984e-16  3.930806e-02
 7.00000e-01 -4.00000e-01       6.017e+12  9.532499e-01  0.000000e+00  6.071664e-02  4.675013e-02
 1.40000e+00 -4.00000e-01       4.077e+12  9.421719e-01  0.000000e+00  7.790871e-02  5.782810e-02
 2.10000e+00 -4.00000e-01       2.116e+12  9.392085e-01  0.000000e+00  4.206680e-02  6.079146e-02
 2.80000e+00 -4.00000e-01       7.594e+11  9.354355e-01  0.000000e+00  1.144664e-02  6.456448e-02
 3.50000e+00 -4.00000e-01       1.739e+11  9.303466e-01  0.000000e+00  3.812123e-04  6.965338e-02
 4.20000e+00 -4.00000e-01       2.467e+10  9.302632e-01  0.000000e+00 -3.218541e-03  6.973684e-02
 4.90000e+00 -4.00000e-01       1.954e+09  9.332161e-01  0.000000e+00 -1.089563e-02  6.678391e-02
 5.60000e+00 -4.00000e-01       7.744e+07  9.332532e-01  0.000000e+00 -8.113028e-03  6.674681e-02
 6.30000e+00 -4.00000e-01       1.412e+06  9.206909e-01  0.000000e+00  1.610302e-02  7.930911e-02
 7.00000e+00 -4.00000e-01       1.172e+04  8.976496e-01  0.000000e+00  1.790134e-02  1.023504e-01
-7.00000e+00  0.00000e+00       2.288e+04  9.997491e-01  0.000000e+00 -2.617564e-13  2.508506e-04
-6.30000e+00  0.00000e+00       2.748e+06  9.999694e-01  0.000000e+00 -1.526360e-14  3.059165e-05
-5.60000e+00  0.00000e+00       1.563e+08  9.999555e-01  0.000000e+00 -1.012774e-13  4.445315e-05
-4.90000e+00  0.00000e+00       3.878e+09  9.999583e-01  0.000000e+00 -8.897149e-13  4.169233e-05
-4.20000e+00  0.00000e+00       4.637e+10  9.999595e-01  0.000000e+00 -4.828338e-12  4.045162e-05
-3.50000e+00  0.00000e+00       3.031e+11  9.999603e-01  0.000000e+00 -1.441717e-11  3.974029e-05
-2.80000e+00  0.00000e+00       1.231e+12  9.999595e-01  0.000000e+00 -2.051229e-11  4.046220e-05
-2.10000e+00  0.00000e+00       3.525e+12  9.999626e-01  0.000000e+00 -1.118272e-11  3.743398e-05
-1.40000e+00  0.00000e+00       6.858e+12  9.999729e-01  0.000000e+00 -3.598197e-13  2.708590e-05
-7.00000e-01  0.00000e+00       7.388e+12  9.999892e-01  0.000000e+00  2.886311e-12  1.075204e-05
 0.00000e+00  0.00000e+00       5.883e+12  9.999933e-01  0.000000e+00  7.051754e-18  6.724724e-06
 7.00000e-01  0.00000e+00       7.388e+12  9.999892e-01  0.000000e+00 -2.886304e-12  1.075204e-05
 1.40000e+00  0.00000e+00       6.858e+12  9.999729e-01  0.000000e+00  3.598230e-13  2.708590e-05
 2.10000e+00  0.00000e+00       3.525e+12  9.999626e-01  0.000000e+00  1.118272e-11  3.743398e-05
 2.80000e+00  0.00000e+00       1.231e+12  9.999595e-01  0.000000e+00  2.051231e-11  4.046220e-05
 3.50000e+00  0.00000e+00       3.031e+11  9.999603e-01  0.000000e+00  1.441719e-11  3.974029e-05
 4.20000e+00  0.00000e+00       4.637e+10  9.999595e-01  0.000000e+00  4.828346e-12  4.045162e-05
 4.90000e+00  0.00000e+00       3.878e+09  9.999583e-01  0.000000e+00  8.897208e-13  4.169233e-05
 5.60000e+00  0.00000e+00       1.563e+08  9.999555e-01  0.000000e+00  1.013063e-13  4.445315e-05
 6.30000e+00  0.00000e+00       2.748e+06  9.999694e-01  0.000000e+00  8.804242e-15  3.059165e-05
 7.00000e+00  0.00000e+00       2.288e+04  9.997491e-01  0.000000e+00 -3.439600e-12  2.508506e-04
-7.00000e+00  4.00000e-01       1.172e+04  8.976496e-01  0.000000e+00  1.790134e-02  1.023504e-01
-6.30000e+00  4.00000e-01       1.412e+06  9.206909e-01  0.000000e+00  1.610302e-02  7.930911e-02
-5.60000e+00  4.00000e-01       7.744e+07  9.332532e-01  0.000000e+00 -8.113028e-03  6.674681e-02
-4.90000e+00  4.00000e-01       1.954e+09  9.332161e-01  0.000000e+00 -1.089563e-02  6.678391e-02
-4.20000e+00  4.00000e-01       2.467e+10  9.302632e-01  0.000000e+00 -3.218541e-03  6.973684e-02
-3.50000e+00  4.00000e-01       1.739e+11  9.303466e-01  0.000000e+00  3.812123e-04  6.965338e-02
-2.80000e+00  4.00000e-01       7.594e+11  9.354355e-01  0.000000e+00  1.144664e-02  6.456448e-02
-2.10000e+00  4.00000e-01       2.116e+12  9.392085e-01  0.000000e+00  4.206680e-02  6.079146e-02
-1.40000e+00  4.00000e-01       4.077e+12  9.421719e-01  0.000000e+00  7.790871e-02  5.782810e-02
-7.00000e-01  4.00000e-01       6.017e+12  9.532499e-01  0.000000e+00  6.071664e-02  4.675013e-02
 0.00000e+00  4.00000e-01       6.753e+12  9.606919e-01  0.000000e+00  2.743064e-16  3.930806e-02
 7.00000e-01  4.00000e-01       6.017e+12  9.532499e-01  0.000000e+00 -6.071664e-02  4.675013e-02
 1.40000e+00  4.00000e-01       4.077e+12  9.421719e-01  0.000000e+00 -7.790871e-02  5.782810e-02
 2.10000e+00  4.00000e-01       2.116e+12  9.392085e-01  0.000000e+00 -4.206680e-02  6.079146e-02
 2.80000e+00  4.00000e-01       7.594e+11  9.354355e-01  0.000000e+00 -1.144664e-02  6.456448e-02
 3.50000e+00  4.00000e-01       1.739e+11  9.303466e-01  0.000000e+00 -3.812123e-04  6.965338e-02
 4.20000e+00  4.00000e-01       2.467e+10  9.302632e-01  0.000000e+00  3.218541e-03  6.973684e-02
 4.90000e+00  4.00000e-01       1.954e+09  9.332161e-01  0.000000e+00  1.089563e-02  6.678391e-02
 5.60000e+00  4.00000e-01       7.744e+07  9.332532e-01  0.000000e+00  8.113028e-03  6.674681e-02
 6.30000e+00  4.00000e-01       1.412e+06  9.206909e-01  0.000000e+00 -1.610302e-02  7.930911e-02
 7.00000e+00  4.00000e-01       1.172e+04  8.976496e-01  0.000000e+00 -1.790134e-02  1.023504e-01
-7.00000e+00  8.00000e-01       1.599e+03  8.281367e-01  0.000000e+00  7.318187e-02  1.718633e-01
-6.30000e+00  8.00000e-01       1.991e+05  8.112452e-01  0.000000e+00  4.472466e-02  1.887548e-01
-5.60000e+00  8.00000e-01       1.129e+07  7.931304e-01  0.000000e+00  3.658583e-02  2.068696e-01
-4.90000e+00  8.00000e-01       3.132e+08  7.873442e-01  0.000000e+00  2.857465e-02  2.126558e-01
-4.20000e+00  8.00000e-01       4.445e+09  7.849650e-01  0.000000e+00  1.568717e-02  2.150350e-01
-3.50000e+00  8.00000e-01       3.409e+10  7.826305e-01  0.000000e+00  1.966150e-02  2.173695e-01
-2.80000e+00  8.00000e-01       1.519e+11  7.844149e-01  0.000000e+00  3.897638e-02  2.155851e-01
-2.10000e+00  8.00000e-01       4.262e+11  7.770108e-01  0.000000e+00  7.675630e-02  2.229892e-01
-1.40000e+00  8.00000e-01       8.723e+11  7.597783e-01  0.000000e+00  9.203213e-02  2.402217e-01
-7.00000e-01  8.00000e-01       1.624e+12  7.673713e-01  0.000000e+00  3.070619e-02  2.326287e-01
 0.00000e+00  8.00000e-01       2.192e+12  7.771942e-01  0.000000e+00 -1.319665e-15  2.228058e-01
 7.00000e-01  8.00000e-01       1.624e+12  7.673713e-01  0.000000e+00 -3.070619e-02  2.326287e-01
 1.40000e+00  8.00000e-01       8.723e+11  7.597783e-01  0.000000e+00 -9.203213e-02  2.402217e-01
 2.10000e+00  8.00000e-01       4.262e+11  7.770108e-01  0.000000e+00 -7.675630e-02  2.229892e-01
 2.80000e+00  8.00000e-01       1.519e+11  7.844149e-01  0.000000e+00 -3.897638e-02  2.155851e-01
 3.50000e+00  8.00000e-01       3.409e+10  7.826305e-01  0.000000e+00 -1.966150e-02  2.173695e-01
 4.20000e+00  8.00000e-01       4.445e+09  7.849650e-01  0.000000e+00 -1.568717e-02  2.150350e-01
 4.90000e+00  8.00000e-01       3.132e+08  7.873442e-01  0.000000e+00 -2.857465e-02  2.126558e-01
 5.60000e+00  8.00000e-01       1.129e+07  7.931304e-01  0.000000e+00 -3.658583e-02  2.068696e-01
 6.30000e+00  8.00000e-01       1.991e+05  8.112452e-01  0.000000e+00 -4.472466e-02  1.887548e-01
 7.00000e+00  8.00000e-01       1.599e+03  8.281368e-01  0.000000e+00 -7.318187e-02  1.718632e-01
-7.00000e+00  1.20000e+00       3.557e+04 -3.996835e-01  0.000000e+00 -5.598475e-02  6.003165e-01
-6.30000e+00  1.20000e+00       3.671e+05 -3.838530e-01  0.000000e+00 -5.294531e-02  6.161470e-01
-5.60000e+00  1.20000e+00       1.562e+06 -8.731546e-02  0.000000e+00 -8.448049e-03  9.126845e-01
-4.90000e+00  1.20000e+00       1.619e+07  5.924208e-01  0.000000e+00  8.278292e-02  4.075792e-01
-4.20000e+00  1.20000e+00       2.367e+08  6.559536e-01  0.000000e+00  6.774184e-02  3.440464e-01
-3.50000e+00  1.20000e+00       1.969e+09  6.553850e-01  0.000000e+00  4.006399e-02  3.446150e-01
-2.80000e+00  1.20000e+00       9.740e+09  6.613922e-01  0.000000e+00  8.654953e-03  3.386078e-01
-2.10000e+00  1.20000e+00       3.174e+10  7.015069e-01  0.000000e+00 -4.414238e-02  2.984931e-01
-1.40000e+00  1.20000e+00       6.997e+10  7.608686e-01  0.000000e+00 -1.094840e-01  2.391314e-01
-7.00000e-01  1.20000e+00       9.494e+10  7.829986e-01  0.000000e+00 -1.264154e-01  2.170014e-01
 0.00000e+00  1.20000e+00       9.378e+10  7.769844e-01  0.000000e+00  1.145749e-14  2.230156e-01
 7.00000e-01  1.20000e+00       9.494e+10  7.829986e-01  0.000000e+00  1.264154e-01  2.170014e-01
 1.40000e+00  1.20000e+00       6.997e+10  7.608686e-01  0.000000e+00  1.094840e-01  2.391314e-01
 2.10000e+00  1.20000e+00       3.174e+10  7.015069e-01  0.000000e+00  4.414238e-02  2.984931e-01
 2.80000e+00  1.20000e+00       9.740e+09  6.613922e-01  0.000000e+00 -8.654953e-03  3.386078e-01
 3.50000e+00  1.20000e+00       1.969e+09  6.553850e-01  0.000000e+00 -4.006399e-02  3.446150e-01
 4.20000e+00  1.20000e+00       2.367e+08  6.559536e-01  0.000000e+00 -6.774184e-02  3.440464e-01
 4.90000e+00  1.20000e+00       1.619e+07  5.924208e-01  0.000000e+00 -8.278292e-02  4.075792e-01
 5.60000e+00  1.20000e+00       1.562e+06 -8.731546e-02  0.000000e+00  8.448049e-03  9.126845e-01
 6.30000e+00  1.20000e+00       3.671e+05 -3.838530e-01  0.000000e+00  5.294531e-02  6.161470e-01
 7.00000e+00  1.20000e+00       3.557e+04 -3.996835e-01  0.000000e+00  5.598475e-02  6.003165e-01
-7.00000e+00  1.60000e+00       1.638e+01  6.230358e-01  0.000000e+00 -1.416638e+00  3.769642e-01
-6.30000e+00  1.60000e+00       1.811e+03  7.192628e-01  0.000000e+00  3.465457e-01  2.807372e-01
-5.60000e+00  1.60000e+00       2.144e+05  6.050585e-01  0.000000e+00  3.301156e-01  3.949415e-01
-4.90000e+00  1.60000e+00       7.209e+06  6.039034e-01  0.000000e+00  3.217666e-01  3.960966e-01
-4.20000e+00  1.60000e+00       8.279e+07  6.135372e-01  0.000000e+00  2.907711e-01  3.864628e-01
-3.50000e+00  1.60000e+00       4.435e+08  6.356587e-01  0.000000e+00  2.095279e-01  3.643413e-01
-2.80000e+00  1.60000e+00       1.644e+09  6.529593e-01  0.000000e+00  1.271486e-01  3.470407e-01
-2.10000e+00  1.60000e+00       3.883e+09  6.531677e-01  0.000000e+00  1.048344e-01  3.468323e-01
-1.40000e+00  1.60000e+00       5.588e+09  6.307558e-01  0.000000e+00  1.062749e-01  3.692442e-01
-7.00000e-01  1.60000e+00       6.106e+09  5.602504e-01  0.000000e+00  6.813708e-02  4.397496e-01
 0.00000e+00  1.60000e+00       6.066e+09  5.023531e-01  0.000000e+00  9.870323e-14  4.976469e-01
 7.00000e-01  1.60000e+00       6.106e+09  5.602504e-01  0.000000e+00 -6.813708e-02  4.397496e-01
 1.40000e+00  1.60000e+00       5.588e+09  6.307558e-01  0.000000e+00 -1.062749e-01  3.692442e-01
 2.10000e+00  1.60000e+00       3.883e+09  6.531677e-01  0.000000e+00 -1.048344e-01  3.468323e-01
 2.80000e+00  1.60000e+00       1.644e+09  6.529593e-01  0.000000e+00 -1.271486e-01  3.470407e-01
 3.50000e+00  1.60000e+00       4.435e+08  6.356587e-01  0.000000e+00 -2.095279e-01  3.643413e-01
 4.20000e+00  1.60000e+00       8.279e+07  6.135372e-01  0.000000e+00 -2.907711e-01  3.864628e-01
 4.90000e+00  1.60000e+00       7.209e+06  6.039034e-01  0.000000e+00 -3.217666e-01  3.960966e-01
 5.60000e+00  1.60000e+00       2.144e+05  6.050585e-01  0.000000e+00 -3.301156e-01  3.949415e-01
 6.30000e+00  1.60000e+00       1.811e+03  7.192628e-01  0.000000e+00 -3.465457e-01  2.807372e-01
 7.00000e+00  1.60000e+00       1.638e+01  6.230359e-01  0.000000e+00  1.416638e+00  3.769641e-01
-7.00000e+00  2.00000e+00       2.561e+01  1.824888e-01  0.000000e+00 -8.181938e-01  8.175112e-01
-6.30000e+00  2.00000e+00       1.712e+03  4.886483e-01  0.000000e+00  4.011477e-01  5.113517e-01
-5.60000e+00  2.00000e+00       1.601e+05  4.866265e-01  0.000000e+00  4.033336e-01  5.133735e-01
-4.90000e+00  2.00000e+00       5.014e+06  4.997726e-01  0.000000e+00  3.809911e-01  5.002274e-01
-4.20000e+00  2.00000e+00       5.755e+07  5.207376e-01  0.000000e+00  3.426371e-01  4.792624e-01
-3.50000e+00  2.00000e+00       2.846e+08  5.472833e-01  0.000000e+00  2.788203e-01  4.527167e-01
-2.80000e+00  2.00000e+00       7.965e+08  5.682711e-01  0.000000e+00  1.913065e-01  4.317289e-01
-2.10000e+00  2.00000e+00       1.631e+09  5.709290e-01  0.000000e+00  1.105390e-01  4.290710e-01
-1.40000e+00  2.00000e+00       2.535e+09  5.620984e-01  0.000000e+00  5.747527e-02  4.379016e-01
-7.00000e-01  2.00000e+00       2.723e+09  5.460774e-01  0.000000e+00  2.709418e-02  4.539226e-01
 0.00000e+00  2.00000e+00       2.420e+09  5.300507e-01  0.000000e+00 -7.078189e-17  4.699493e-01
 7.00000e-01  2.00000e+00       2.723e+09  5.460774e-01  0.000000e+00 -2.709418e-02  4.539226e-01
 1.40000e+00  2.00000e+00       2.535e+09  5.620984e-01  0.000000e+00 -5.747527e-02  4.379016e-01
 2.10000e+00  2.00000e+00       1.631e+09  5.709290e-01  0.000000e+00 -1.105390e-01  4.290710e-01
 2.80000e+00  2.00000e+00       7.965e+08  5.682711e-01  0.000000e+00 -1.913065e-01  4.317289e-01
 3.50000e+00  2.00000e+00       2.846e+08  5.472833e-01  0.000000e+00 -2.788203e-01  4.527167e-01
 4.20000e+00  2.00000e+00       5.755e+07  5.207376e-01  0.000000e+00 -3.426371e-01  4.792624e-01
 4.90000e+00  2.00000e+00       5.014e+06  4.997726e-01  0.000000e+00 -3.809911e-01  5.002274e-01
 5.60000e+00  2.00000e+00       1.601e+05  4.866265e-01  0.000000e+00 -4.033336e-01  5.133735e-01
 6.30000e+00  2.00000e+00       1.712e+03  4.886483e-01  0.000000e+00 -4.011477e-01  5.113517e-01
 7.00000e+00  2.00000e+00       2.561e+01  1.824888e-01  0.000000e+00  8.181938e-01  8.175112e-01
-7.00000e+00  2.40000e+00       1.713e+01 -7.879343e-02  0.000000e+00 -1.071902e+00  9.212066e-01
-6.30000e+00  2.40000e+00       1.517e+01  6.016783e-01  0.000000e+00 -1.251999e+00  3.983217e-01
-5.60000e+00  2.40000e+00       8.461e+02  8.113669e-01  0.000000e+00  8.454509e-02  1.886331e-01
-4.90000e+00  2.40000e+00       6.104e+04  5.733215e-01  0.000000e+00  1.985319e-01  4.266785e-01
-4.20000e+00  2.40000e+00       2.712e+06  5.395113e-01  0.000000e+00  2.058939e-01  4.604887e-01
-3.50000e+00  2.40000e+00       4.452e+07  5.359644e-01  0.000000e+00  1.892561e-01  4.640356e-01
-2.80000e+00  2.40000e+00       2.821e+08  5.323030e-01  0.000000e+00  1.615111e-01  4.676970e-01
-2.10000e+00  2.40000e+00       8.233e+08  5.264402e-01  0.000000e+00  1.208111e-01  4.735598e-01
-1.40000e+00  2.40000e+00       1.386e+09  5.176708e-01  0.000000e+00  7.346441e-02  4.823292e-01
-7.00000e-01  2.40000e+00       1.583e+09  5.004610e-01  0.000000e+00  3.472824e-02  4.995390e-01
 0.00000e+00  2.40000e+00       1.514e+09  4.837853e-01  0.000000e+00  2.241305e-16  5.162147e-01
 7.00000e-01  2.40000e+00       1.583e+09  5.004610e-01  0.000000e+00 -3.472824e-02  4.995390e-01
 1.40000e+00  2.40000e+00       1.386e+09  5.176708e-01  0.000000e+00 -7.346441e-02  4.823292e-01
 2.10000e+00  2.40000e+00       8.233e+08  5.264402e-01  0.000000e+00 -1.208111e-01  4.735598e-01
 2.80000e+00  2.40000e+00       2.821e+08  5.323030e-01  0.000000e+00 -1.615111e-01  4.676970e-01
 3.50000e+00  2.40000e+00       4.452e+07  5.359644e-01  0.000000e+00 -1.892561e-01  4.640356e-01
 4.20000e+00  2.40000e+00       2.712e+06  5.395113e-01  0.000000e+00 -2.058939e-01  4.604887e-01
 4.90000e+00  2.40000e+00       6.104e+04  5.733215e-01  0.000000e+00 -1.985319e-01  4.266785e-01
 5.60000e+00  2.40000e+00       8.461e+02  8.113669e-01  0.000000e+00 -8.454509e-02  1.886331e-01
 6.30000e+00  2.40000e+00       1.517e+01  6.016783e-01  0.000000e+00  1.251999e+00  3.983217e-01
 7.00000e+00  2.40000e+00       1.713e+01 -7.879343e-02  0.000000e+00  1.071902e+00  9.212066e-01
-7.00000e+00  2.80000e+00       1.587e+01 -2.531631e-01  0.000000e+00 -1.011685e+00  7.468369e-01
-6.30000e+00  2.80000e+00       1.593e+01  2.642951e-01  0.000000e+00 -1.028364e+00  7.357049e-01
-5.60000e+00  2.80000e+00       3.804e+02  9.491726e-01  0.000000e+00 -2.251265e-02  5.082736e-02
-4.90000e+00  2.80000e+00       3.997e+03  9.191038e-01  0.000000e+00 -1.065807e-02  8.089624e-02
-4.20000e+00  2.80000e+00       2.615e+04  6.211103e-01  0.000000e+00  3.242479e-02  3.788897e-01
-3.50000e+00  2.80000e+00       1.833e+05  5.394646e-01  0.000000e+00  7.588177e-02  4.605354e-01
-2.80000e+00  2.80000e+00       5.744e+05  4.569813e-01  0.000000e+00 -3.919250e-02  5.430187e-01
-2.10000e+00  2.80000e+00       2.151e+07  3.792096e-01  0.000000e+00 -1.565729e-02  6.207904e-01
-1.40000e+00  2.80000e+00       1.945e+08  4.540005e-01  0.000000e+00  6.479614e-03  5.459995e-01
-7.00000e-01  2.80000e+00       5.937e+08  4.553619e-01  0.000000e+00  1.013443e-02  5.446381e-01
 0.00000e+00  2.80000e+00       8.191e+08  4.467649e-01  0.000000e+00  3.479349e-16  5.532351e-01
 7.00000e-01  2.80000e+00       5.937e+08  4.553619e-01  0.000000e+00 -1.013443e-02  5.446381e-01
 1.40000e+00  2.80000e+00       1.945e+08  4.540005e-01  0.000000e+00 -6.479614e-03  5.459995e-01
 2.10000e+00  2.80000e+00       2.151e+07  3.792096e-01  0.000000e+00  1.565729e-02  6.207904e-01
 2.80000e+00  2.80000e+00       5.744e+05  4.569813e-01  0.000000e+00  3.919250e-02  5.430187e-01
 3.50000e+00  2.80000e+00       1.833e+05  5.394646e-01  0.000000e+00 -7.588177e-02  4.605354e-01
 4.20000e+00  2.80000e+00       2.615e+04  6.211103e-01  0.000000e+00 -3.242479e-02  3.788897e-01
 4.90000e+00  2.80000e+00       3.997e+03  9.191038e-01  0.000000e+00  1.065807e-02  8.089624e-02
 5.60000e+00  2.80000e+00       3.804e+02  9.491726e-01  0.000000e+00  2.251265e-02  5.082736e-02
 6.30000e+00  2.80000e+00       1.593e+01  2.642951e-01  0.000000e+00  1.028364e+00  7.357049e-01
 7.00000e+00  2.80000e+00       1.587e+01 -2.531631e-01  0.000000e+00  1.011685e+00  7.468369e-01
-7.00000e+00  3.20000e+00       1.454e+01 -4.124898e-01  0.000000e+00 -9.440356e-01  5.875102e-01
-6.30000e+00  3.20000e+00       1.832e+01 -7.002761e-02  0.000000e+00 -7.919005e-01  9.299724e-01
-5.60000e+00  3.20000e+00       3.052e+02  9.667264e-01  0.000000e+00 -2.494851e-02  3.327361e-02
-4.90000e+00  3.20000e+00       3.278e+03  9.498568e-01  0.000000e+00  8.678774e-04  5.014320e-02
-4.20000e+00  3.20000e+00       2.249e+04  6.904499e-01  0.000000e+00  4.092346e-02  3.095501e-01
-3.50000e+00  3.20000e+00       1.526e+05  5.534226e-01  0.000000e+00  6.759392e-02  4.465774e-01
-2.80000e+00  3.20000e+00       3.715e+05  4.916388e-01  0.000000e+00 -1.176142e-01  5.083612e-01
-2.10000e+00  3.20000e+00       2.573e+06  5.105668e-01  0.000000e+00 -3.354474e-01  4.894332e-01
-1.40000e+00  3.20000e+00       3.031e+07  2.896321e-01  0.000000e+00 -1.019645e-01  7.103679e-01
-7.00000e-01  3.20000e+00       1.781e+08  3.887890e-01  0.000000e+00 -1.602869e-02  6.112110e-01
 0.00000e+00  3.20000e+00       3.064e+08  3.901613e-01  0.000000e+00  2.112959e-16  6.098387e-01
 7.00000e-01  3.20000e+00       1.781e+08  3.887890e-01  0.000000e+00  1.602869e-02  6.112110e-01
 1.40000e+00  3.20000e+00       3.031e+07  2.896321e-01  0.000000e+00  1.019645e-01  7.103679e-01
 2.10000e+00  3.20000e+00       2.573e+06  5.105668e-01  0.000000e+00  3.354474e-01  4.894332e-01
 2.80000e+00  3.20000e+00       3.715e+05  4.916388e-01  0.000000e+00  1.176142e-01  5.083612e-01
 3.50000e+00  3.20000e+00       1.526e+05  5.534226e-01  0.000000e+00 -6.759392e-02  4.465774e-01
 4.20000e+00  3.20000e+00       2.249e+04  6.904499e-01  0.000000e+00 -4.092346e-02  3.095501e-01
 4.90000e+00  3.20000e+00       3.278e+03  9.498568e-01  0.000000e+00 -8.678774e-04  5.014320e-02
 5.60000e+00  3.20000e+00       3.052e+02  9.667264e-01  0.000000e+00  2.494851e-02  3.327361e-02
 6.30000e+00  3.20000e+00       1.832e+01 -7.002761e-02  0.000000e+00  7.919005e-01  9.299724e-01
 7.00000e+00  3.20000e+00       1.454e+01 -4.124898e-01  0.000000e+00  9.440356e-01  5.875102e-01
-7.00000e+00  3.60000e+00       1.237e+01 -6.210065e-01  0.000000e+00 -8.324433e-01  3.789935e-01
-6.30000e+00  3.60000e+00       2.058e+01 -2.607644e-01  0.000000e+00 -7.237998e-01  7.392356e-01
-5.60000e+00  3.60000e+00       2.601e+02  9.344975e-01  0.000000e+00 -2.479092e-02  6.550254e-02
-4.90000e+00  3.60000e+00       2.759e+03  9.636532e-01  0.000000e+00  4.634153e-03  3.634679e-02
-4.20000e+00  3.60000e+00       1.938e+04  7.184906e-01  0.000000e+00  3.726858e-02  2.815094e-01
-3.50000e+00  3.60000e+00       1.327e+05  5.886473e-01  0.000000e+00  5.580757e-02  4.113527e-01
-2.80000e+00  3.60000e+00       2.646e+05  4.538565e-01  0.000000e+00 -1.043852e-01  5.461435e-01
-2.10000e+00  3.60000e+00       1.820e+06  2.918465e-01  0.000000e+00 -3.036698e-01  7.081535e-01
-1.40000e+00  3.60000e+00       3.103e+07  3.364583e-01  0.000000e+00 -5.716587e-02  6.635417e-01
-7.00000e-01  3.60000e+00       1.700e+08  4.090646e-01  0.000000e+00 -6.452597e-03  5.909354e-01
 0.00000e+00  3.60000e+00       2.874e+08  4.086688e-01  0.000000e+00  7.501996e-16  5.913312e-01
 7.00000e-01  3.60000e+00       1.700e+08  4.090646e-01  0.000000e+00  6.452597e-03  5.909354e-01
 1.40000e+00  3.60000e+00       3.103e+07  3.364583e-01  0.000000e+00  5.716587e-02  6.635417e-01
 2.10000e+00  3.60000e+00       1.820e+06  2.918465e-01  0.000000e+00  3.036698e-01  7.081535e-01
 2.80000e+00  3.60000e+00       2.646e+05  4.538565e-01  0.000000e+00  1.043852e-01  5.461435e-01
 3.50000e+00  3.60000e+00       1.327e+05  5.886473e-01  0.000000e+00 -5.580757e-02  4.113527e-01
 4.20000e+00  3.60000e+00       1.938e+04  7.184906e-01  0.000000e+00 -3.726858e-02  2.815094e-01
 4.90000e+00  3.60000e+00       2.759e+03  9.636532e-01  0.000000e+00 -4.634153e-03  3.634679e-02
 5.60000e+00  3.60000e+00       2.601e+02  9.344975e-01  0.000000e+00  2.479092e-02  6.550254e-02
 6.30000e+00  3.60000e+00       2.058e+01 -2.607644e-01  0.000000e+00  7.237998e-01  7.392356e-01
 7.00000e+00  3.60000e+00       1.237e+01 -6.210065e-01  0.000000e+00  8.324433e-01  3.789935e-01
-7.00000e+00  4.00000e+00       1.537e+00 -9.766886e-01  0.000000e+00 -8.098009e-01  2.331135e-02
-6.30000e+00  4.00000e+00       6.780e+00  2.521977e-01  0.000000e+00 -5.439996e-01  7.478023e-01
-5.60000e+00  4.00000e+00       2.181e+02  9.859457e-01  0.000000e+00 -9.136555e-03  1.405426e-02
-4.90000e+00  4.00000e+00       2.399e+03  9.645021e-01  0.000000e+00  5.470994e-03  3.549790e-02
-4.20000e+00  4.00000e+00       1.705e+04  7.325424e-01  0.000000e+00  3.133586e-02  2.674576e-01
-3.50000e+00  4.00000e+00       1.175e+05  6.104741e-01  0.000000e+00  4.510725e-02  3.895259e-01
-2.80000e+00  4.00000e+00       1.634e+05  3.975117e-01  0.000000e+00 -9.352455e-02  6.024883e-01
-2.10000e+00  4.00000e+00       9.369e+05 -7.495556e-01  0.000000e+00 -2.967526e-01  2.504444e-01
-1.40000e+00  4.00000e+00       3.244e+07  3.812407e-01  0.000000e+00 -1.035105e-02  6.187593e-01
-7.00000e-01  4.00000e+00       1.415e+08  4.229023e-01  0.000000e+00  8.641325e-03  5.770977e-01
 0.00000e+00  4.00000e+00       2.204e+08  4.156473e-01  0.000000e+00  4.905168e-16  5.843527e-01
 7.00000e-01  4.00000e+00       1.415e+08  4.229023e-01  0.000000e+00 -8.641325e-03  5.770977e-01
 1.40000e+00  4.00000e+00       3.244e+07  3.812407e-01  0.000000e+00  1.035105e-02  6.187593e-01
 2.10000e+00  4.00000e+00       9.369e+05 -7.495556e-01  0.000000e+00  2.967526e-01  2.504444e-01
 2.80000e+00  4.00000e+00       1.634e+05  3.975117e-01  0.000000e+00  9.352455e-02  6.024883e-01
 3.50000e+00  4.00000e+00       1.175e+05  6.104741e-01  0.000000e+00 -4.510725e-02  3.895259e-01
 4.20000e+00  4.00000e+00       1.705e+04  7.325424e-01  0.000000e+00 -3.133586e-02  2.674576e-01
 4.90000e+00  4.00000e+00       2.399e+03  9.645021e-01  0.000000e+00 -5.470994e-03  3.549790e-02
 5.60000e+00  4.00000e+00       2.181e+02  9.859457e-01  0.000000e+00  9.136555e-03  1.405426e-02
 6.30000e+00  4.00000e+00       6.780e+00  2.521977e-01  0.000000e+00  5.439996e-01  7.478023e-01
 7.00000e+00  4.00000e+00       1.537e+00 -9.766778e-01  0.000000e+00  8.098075e-01  2.332219e-02
