 EB(GeV)    EMITTANCEx EMITTANCEy SIZEx(m)   SIZEy(m)   DIVx(rad)  DIVy(rad)
 2.411e+00  5.499e-09  1.017e-12  8.711e-05  1.009e-06  6.313e-05  1.009e-06
 betax      alphax     betay      alphay     eta        deta       E_spread  
 1.380e+00  0.000e+00  1.000e+00  0.000e+00  0.000e+00  0.000e+00  8.600e-04
 Ibeam(A)   period(cm) #periods   Kx         Ky         Energy(eV)
 4.005e-01  1.900e+00         96  0.000e+00  1.780e+00  2.627e+04


           x            y       F.Density            PL            PC          PL45        1-|PL|
          mm           mm  ph/s/mr^2/0.1%             -             -             -             -
-7.00000e+00 -4.00000e+00       1.323e+01 -6.972759e-01  0.000000e+00  6.697538e-01  3.027241e-01
-6.30000e+00 -4.00000e+00       1.423e+01  3.322544e-01  0.000000e+00  1.900408e+00  6.677456e-01
-5.60000e+00 -4.00000e+00       2.969e+02 -7.101985e-01  0.000000e+00  2.093455e-01  2.898015e-01
-4.90000e+00 -4.00000e+00       6.768e+03  4.648639e-01  0.000000e+00 -1.000406e-01  5.351361e-01
-4.20000e+00 -4.00000e+00       1.089e+05  8.882265e-01  0.000000e+00 -3.480822e-03  1.117735e-01
-3.50000e+00 -4.00000e+00       1.012e+06  8.500240e-01  0.000000e+00 -8.957864e-02  1.499760e-01
-2.80000e+00 -4.00000e+00       1.016e+07  8.974889e-01  0.000000e+00 -4.472212e-02  1.025111e-01
-2.10000e+00 -4.00000e+00       1.197e+08  9.507688e-01  0.000000e+00  3.327994e-02  4.923122e-02
-1.40000e+00 -4.00000e+00       4.816e+08  9.260992e-01  0.000000e+00  5.541802e-02  7.390081e-02
-7.00000e-01 -4.00000e+00       4.424e+08  9.604790e-01  0.000000e+00  9.752161e-02  3.952097e-02
 0.00000e+00 -4.00000e+00       1.285e+08  7.036635e-01  0.000000e+00 -3.448831e-15  2.963365e-01
 7.00000e-01 -4.00000e+00       4.424e+08  9.604790e-01  0.000000e+00 -9.752161e-02  3.952097e-02
 1.40000e+00 -4.00000e+00       4.816e+08  9.260992e-01  0.000000e+00 -5.541802e-02  7.390081e-02
 2.10000e+00 -4.00000e+00       1.197e+08  9.507688e-01  0.000000e+00 -3.327994e-02  4.923122e-02
 2.80000e+00 -4.00000e+00       1.016e+07  8.974889e-01  0.000000e+00  4.472212e-02  1.025111e-01
 3.50000e+00 -4.00000e+00       1.012e+06  8.500240e-01  0.000000e+00  8.957864e-02  1.499760e-01
 4.20000e+00 -4.00000e+00       1.089e+05  8.882265e-01  0.000000e+00  3.480822e-03  1.117735e-01
 4.90000e+00 -4.00000e+00       6.768e+03  4.648639e-01  0.000000e+00  1.000406e-01  5.351361e-01
 5.60000e+00 -4.00000e+00       2.969e+02 -7.101985e-01  0.000000e+00 -2.093455e-01  2.898015e-01
 6.30000e+00 -4.00000e+00       1.423e+01  3.322544e-01  0.000000e+00 -1.900408e+00  6.677456e-01
 7.00000e+00 -4.00000e+00       1.323e+01 -6.972741e-01  0.000000e+00 -6.697559e-01  3.027259e-01
-7.00000e+00 -3.60000e+00       1.637e+01 -5.586664e-01  0.000000e+00  8.316058e-01  4.413336e-01
-6.30000e+00 -3.60000e+00       2.691e+01  3.129505e-01  0.000000e+00  1.565935e+00  6.870495e-01
-5.60000e+00 -3.60000e+00       4.891e+02 -6.600609e-01  0.000000e+00  3.128275e-01  3.399391e-01
-4.90000e+00 -3.60000e+00       8.585e+03  4.455694e-01  0.000000e+00 -9.909198e-02  5.544306e-01
-4.20000e+00 -3.60000e+00       1.324e+05  8.909064e-01  0.000000e+00 -4.390271e-04  1.090936e-01
-3.50000e+00 -3.60000e+00       1.320e+06  8.219436e-01  0.000000e+00 -1.085126e-01  1.780564e-01
-2.80000e+00 -3.60000e+00       1.477e+07  8.175766e-01  0.000000e+00 -6.921313e-02  1.824234e-01
-2.10000e+00 -3.60000e+00       1.579e+08  9.620929e-01  0.000000e+00  1.664014e-02  3.790706e-02
-1.40000e+00 -3.60000e+00       5.970e+08  9.933530e-01  0.000000e+00  5.100169e-02  6.646980e-03
-7.00000e-01 -3.60000e+00       5.868e+08  9.512600e-01  0.000000e+00  9.718519e-02  4.873997e-02
 0.00000e+00 -3.60000e+00       2.444e+08  6.013500e-01  0.000000e+00 -2.072499e-15  3.986500e-01
 7.00000e-01 -3.60000e+00       5.868e+08  9.512600e-01  0.000000e+00 -9.718519e-02  4.873997e-02
 1.40000e+00 -3.60000e+00       5.970e+08  9.933530e-01  0.000000e+00 -5.100169e-02  6.646980e-03
 2.10000e+00 -3.60000e+00       1.579e+08  9.620929e-01  0.000000e+00 -1.664014e-02  3.790706e-02
 2.80000e+00 -3.60000e+00       1.477e+07  8.175766e-01  0.000000e+00  6.921313e-02  1.824234e-01
 3.50000e+00 -3.60000e+00       1.320e+06  8.219436e-01  0.000000e+00  1.085126e-01  1.780564e-01
 4.20000e+00 -3.60000e+00       1.324e+05  8.909064e-01  0.000000e+00  4.390271e-04  1.090936e-01
 4.90000e+00 -3.60000e+00       8.585e+03  4.455694e-01  0.000000e+00  9.909198e-02  5.544306e-01
 5.60000e+00 -3.60000e+00       4.891e+02 -6.600609e-01  0.000000e+00 -3.128275e-01  3.399391e-01
 6.30000e+00 -3.60000e+00       2.691e+01  3.129505e-01  0.000000e+00 -1.565935e+00  6.870495e-01
 7.00000e+00 -3.60000e+00       1.637e+01 -5.586664e-01  0.000000e+00 -8.316058e-01  4.413336e-01
-7.00000e+00 -3.20000e+00       1.891e+01 -4.486646e-01  0.000000e+00  1.001695e+00  5.513354e-01
-6.30000e+00 -3.20000e+00       6.123e+01 -2.056144e-01  0.000000e+00  1.224525e+00  7.943856e-01
-5.60000e+00 -3.20000e+00       3.882e+03  6.583860e-01  0.000000e+00 -4.023388e-01  3.416140e-01
-4.90000e+00 -3.20000e+00       2.932e+05  4.392922e-01  0.000000e+00 -3.964454e-01  5.607078e-01
-4.20000e+00 -3.20000e+00       5.947e+06  4.356439e-01  0.000000e+00 -3.626349e-01  5.643561e-01
-3.50000e+00 -3.20000e+00       5.202e+07  4.560663e-01  0.000000e+00 -3.029963e-01  5.439337e-01
-2.80000e+00 -3.20000e+00       2.645e+08  4.940336e-01  0.000000e+00 -2.225714e-01  5.059664e-01
-2.10000e+00 -3.20000e+00       8.616e+08  5.884904e-01  0.000000e+00 -1.327968e-01  4.115096e-01
-1.40000e+00 -3.20000e+00       1.693e+09  7.060055e-01  0.000000e+00 -4.608995e-02  2.939945e-01
-7.00000e-01 -3.20000e+00       1.464e+09  7.115062e-01  0.000000e+00  1.262592e-02  2.884938e-01
 0.00000e+00 -3.20000e+00       6.982e+08  5.355118e-01  0.000000e+00 -5.630509e-16  4.644882e-01
 7.00000e-01 -3.20000e+00       1.464e+09  7.115062e-01  0.000000e+00 -1.262592e-02  2.884938e-01
 1.40000e+00 -3.20000e+00       1.693e+09  7.060055e-01  0.000000e+00  4.608995e-02  2.939945e-01
 2.10000e+00 -3.20000e+00       8.616e+08  5.884904e-01  0.000000e+00  1.327968e-01  4.115096e-01
 2.80000e+00 -3.20000e+00       2.645e+08  4.940336e-01  0.000000e+00  2.225714e-01  5.059664e-01
 3.50000e+00 -3.20000e+00       5.202e+07  4.560663e-01  0.000000e+00  3.029963e-01  5.439337e-01
 4.20000e+00 -3.20000e+00       5.947e+06  4.356439e-01  0.000000e+00  3.626349e-01  5.643561e-01
 4.90000e+00 -3.20000e+00       2.932e+05  4.392922e-01  0.000000e+00  3.964454e-01  5.607078e-01
 5.60000e+00 -3.20000e+00       3.882e+03  6.583860e-01  0.000000e+00  4.023388e-01  3.416140e-01
 6.30000e+00 -3.20000e+00       6.123e+01 -2.056144e-01  0.000000e+00 -1.224525e+00  7.943856e-01
 7.00000e+00 -3.20000e+00       1.891e+01 -4.486646e-01  0.000000e+00 -1.001695e+00  5.513354e-01
-7.00000e+00 -2.80000e+00       3.186e+01 -6.314974e-02  0.000000e+00  5.121280e-01  9.368503e-01
-6.30000e+00 -2.80000e+00       4.333e+03  3.578283e-01  0.000000e+00 -4.842961e-01  6.421717e-01
-5.60000e+00 -2.80000e+00       3.646e+05  3.354526e-01  0.000000e+00 -4.913077e-01  6.645474e-01
-4.90000e+00 -2.80000e+00       9.678e+06  3.502976e-01  0.000000e+00 -4.698582e-01  6.497024e-01
-4.20000e+00 -2.80000e+00       9.426e+07  3.823931e-01  0.000000e+00 -4.299176e-01  6.176069e-01
-3.50000e+00 -2.80000e+00       4.028e+08  4.269000e-01  0.000000e+00 -3.640551e-01  5.731000e-01
-2.80000e+00 -2.80000e+00       9.724e+08  4.754853e-01  0.000000e+00 -2.701579e-01  5.245147e-01
-2.10000e+00 -2.80000e+00       1.834e+09  5.530808e-01  0.000000e+00 -1.508523e-01  4.469192e-01
-1.40000e+00 -2.80000e+00       3.031e+09  6.488694e-01  0.000000e+00 -4.725363e-02  3.511306e-01
-7.00000e-01 -2.80000e+00       3.072e+09  6.286694e-01  0.000000e+00  8.637971e-03  3.713306e-01
 0.00000e+00 -2.80000e+00       2.315e+09  5.127130e-01  0.000000e+00 -1.572261e-16  4.872870e-01
 7.00000e-01 -2.80000e+00       3.072e+09  6.286694e-01  0.000000e+00 -8.637971e-03  3.713306e-01
 1.40000e+00 -2.80000e+00       3.031e+09  6.488694e-01  0.000000e+00  4.725363e-02  3.511306e-01
 2.10000e+00 -2.80000e+00       1.834e+09  5.530808e-01  0.000000e+00  1.508523e-01  4.469192e-01
 2.80000e+00 -2.80000e+00       9.724e+08  4.754853e-01  0.000000e+00  2.701579e-01  5.245147e-01
 3.50000e+00 -2.80000e+00       4.028e+08  4.269000e-01  0.000000e+00  3.640551e-01  5.731000e-01
 4.20000e+00 -2.80000e+00       9.426e+07  3.823931e-01  0.000000e+00  4.299176e-01  6.176069e-01
 4.90000e+00 -2.80000e+00       9.678e+06  3.502976e-01  0.000000e+00  4.698582e-01  6.497024e-01
 5.60000e+00 -2.80000e+00       3.646e+05  3.354526e-01  0.000000e+00  4.913077e-01  6.645474e-01
 6.30000e+00 -2.80000e+00       4.333e+03  3.578283e-01  0.000000e+00  4.842961e-01  6.421717e-01
 7.00000e+00 -2.80000e+00       3.186e+01 -6.314975e-02  0.000000e+00 -5.121280e-01  9.368502e-01
-7.00000e+00 -2.40000e+00       2.570e+04 -1.141479e-01  0.000000e+00 -5.891111e-01  8.858521e-01
-6.30000e+00 -2.40000e+00       1.186e+06 -7.246536e-02  0.000000e+00 -5.906911e-01  9.275346e-01
-5.60000e+00 -2.40000e+00       1.942e+07 -1.627492e-03  0.000000e+00 -5.851056e-01  9.983725e-01
-4.90000e+00 -2.40000e+00       1.291e+08  1.124396e-01  0.000000e+00 -5.615235e-01  8.875604e-01
-4.20000e+00 -2.40000e+00       4.332e+08  2.646681e-01  0.000000e+00 -4.988646e-01  7.353319e-01
-3.50000e+00 -2.40000e+00       9.584e+08  4.097130e-01  0.000000e+00 -3.847209e-01  5.902870e-01
-2.80000e+00 -2.40000e+00       1.819e+09  5.005412e-01  0.000000e+00 -2.454364e-01  4.994588e-01
-2.10000e+00 -2.40000e+00       3.354e+09  5.626646e-01  0.000000e+00 -1.273360e-01  4.373354e-01
-1.40000e+00 -2.40000e+00       5.287e+09  6.319870e-01  0.000000e+00 -4.071071e-02  3.680130e-01
-7.00000e-01 -2.40000e+00       4.899e+09  6.267622e-01  0.000000e+00  1.282112e-02  3.732378e-01
 0.00000e+00 -2.40000e+00       3.277e+09  5.375736e-01  0.000000e+00 -1.144288e-15  4.624264e-01
 7.00000e-01 -2.40000e+00       4.899e+09  6.267622e-01  0.000000e+00 -1.282112e-02  3.732378e-01
 1.40000e+00 -2.40000e+00       5.287e+09  6.319870e-01  0.000000e+00  4.071071e-02  3.680130e-01
 2.10000e+00 -2.40000e+00       3.354e+09  5.626646e-01  0.000000e+00  1.273360e-01  4.373354e-01
 2.80000e+00 -2.40000e+00       1.819e+09  5.005412e-01  0.000000e+00  2.454364e-01  4.994588e-01
 3.50000e+00 -2.40000e+00       9.584e+08  4.097130e-01  0.000000e+00  3.847209e-01  5.902870e-01
 4.20000e+00 -2.40000e+00       4.332e+08  2.646681e-01  0.000000e+00  4.988646e-01  7.353319e-01
 4.90000e+00 -2.40000e+00       1.291e+08  1.124396e-01  0.000000e+00  5.615235e-01  8.875604e-01
 5.60000e+00 -2.40000e+00       1.942e+07 -1.627492e-03  0.000000e+00  5.851056e-01  9.983725e-01
 6.30000e+00 -2.40000e+00       1.186e+06 -7.246536e-02  0.000000e+00  5.906911e-01  9.275346e-01
 7.00000e+00 -2.40000e+00       2.570e+04 -1.141479e-01  0.000000e+00  5.891111e-01  8.858521e-01
-7.00000e+00 -2.00000e+00       1.223e+05 -2.875847e-01  0.000000e+00 -4.778358e-01  7.124153e-01
-6.30000e+00 -2.00000e+00       3.253e+06 -2.101901e-01  0.000000e+00 -5.048786e-01  7.898099e-01
-5.60000e+00 -2.00000e+00       3.404e+07 -7.728540e-02  0.000000e+00 -5.280048e-01  9.227146e-01
-4.90000e+00 -2.00000e+00       1.767e+08  1.346772e-01  0.000000e+00 -5.144747e-01  8.653228e-01
-4.20000e+00 -2.00000e+00       6.222e+08  3.614132e-01  0.000000e+00 -4.287480e-01  6.385868e-01
-3.50000e+00 -2.00000e+00       1.738e+09  4.894733e-01  0.000000e+00 -2.987644e-01  5.105267e-01
-2.80000e+00 -2.00000e+00       4.077e+09  5.200526e-01  0.000000e+00 -1.774445e-01  4.799474e-01
-2.10000e+00 -2.00000e+00       8.357e+09  4.971480e-01  0.000000e+00 -8.972544e-02  5.028520e-01
-1.40000e+00 -2.00000e+00       1.422e+10  4.801531e-01  0.000000e+00 -2.031126e-04  5.198469e-01
-7.00000e-01 -2.00000e+00       1.772e+10  4.860290e-01  0.000000e+00  6.943117e-02  5.139710e-01
 0.00000e+00 -2.00000e+00       1.778e+10  4.889543e-01  0.000000e+00  3.498616e-15  5.110457e-01
 7.00000e-01 -2.00000e+00       1.772e+10  4.860290e-01  0.000000e+00 -6.943117e-02  5.139710e-01
 1.40000e+00 -2.00000e+00       1.422e+10  4.801531e-01  0.000000e+00  2.031126e-04  5.198469e-01
 2.10000e+00 -2.00000e+00       8.357e+09  4.971480e-01  0.000000e+00  8.972544e-02  5.028520e-01
 2.80000e+00 -2.00000e+00       4.077e+09  5.200526e-01  0.000000e+00  1.774445e-01  4.799474e-01
 3.50000e+00 -2.00000e+00       1.738e+09  4.894733e-01  0.000000e+00  2.987644e-01  5.105267e-01
 4.20000e+00 -2.00000e+00       6.222e+08  3.614132e-01  0.000000e+00  4.287480e-01  6.385868e-01
 4.90000e+00 -2.00000e+00       1.767e+08  1.346772e-01  0.000000e+00  5.144747e-01  8.653228e-01
 5.60000e+00 -2.00000e+00       3.404e+07 -7.728540e-02  0.000000e+00  5.280048e-01  9.227146e-01
 6.30000e+00 -2.00000e+00       3.253e+06 -2.101901e-01  0.000000e+00  5.048786e-01  7.898099e-01
 7.00000e+00 -2.00000e+00       1.223e+05 -2.875847e-01  0.000000e+00  4.778358e-01  7.124153e-01
-7.00000e+00 -1.60000e+00       3.270e+03  6.050885e-01  0.000000e+00 -4.054684e-01  3.949115e-01
-6.30000e+00 -1.60000e+00       2.109e+05  6.930504e-01  0.000000e+00 -4.425132e-01  3.069496e-01
-5.60000e+00 -1.60000e+00       6.034e+06  5.872047e-01  0.000000e+00 -4.419033e-01  4.127953e-01
-4.90000e+00 -1.60000e+00       1.043e+08  4.761685e-01  0.000000e+00 -3.899206e-01  5.238315e-01
-4.20000e+00 -1.60000e+00       1.070e+09  5.161388e-01  0.000000e+00 -3.083944e-01  4.838612e-01
-3.50000e+00 -1.60000e+00       5.228e+09  5.854591e-01  0.000000e+00 -2.297607e-01  4.145409e-01
-2.80000e+00 -1.60000e+00       1.319e+10  6.238105e-01  0.000000e+00 -1.501005e-01  3.761895e-01
-2.10000e+00 -1.60000e+00       2.282e+10  6.375997e-01  0.000000e+00 -8.223824e-02  3.624003e-01
-1.40000e+00 -1.60000e+00       3.329e+10  6.526726e-01  0.000000e+00 -4.058794e-02  3.473274e-01
-7.00000e-01 -1.60000e+00       3.909e+10  6.604478e-01  0.000000e+00 -7.407546e-03  3.395522e-01
 0.00000e+00 -1.60000e+00       3.899e+10  6.534825e-01  0.000000e+00  1.037013e-16  3.465175e-01
 7.00000e-01 -1.60000e+00       3.909e+10  6.604478e-01  0.000000e+00  7.407546e-03  3.395522e-01
 1.40000e+00 -1.60000e+00       3.329e+10  6.526726e-01  0.000000e+00  4.058794e-02  3.473274e-01
 2.10000e+00 -1.60000e+00       2.282e+10  6.375997e-01  0.000000e+00  8.223824e-02  3.624003e-01
 2.80000e+00 -1.60000e+00       1.319e+10  6.238105e-01  0.000000e+00  1.501005e-01  3.761895e-01
 3.50000e+00 -1.60000e+00       5.228e+09  5.854591e-01  0.000000e+00  2.297607e-01  4.145409e-01
 4.20000e+00 -1.60000e+00       1.070e+09  5.161388e-01  0.000000e+00  3.083944e-01  4.838612e-01
 4.90000e+00 -1.60000e+00       1.043e+08  4.761685e-01  0.000000e+00  3.899206e-01  5.238315e-01
 5.60000e+00 -1.60000e+00       6.034e+06  5.872047e-01  0.000000e+00  4.419033e-01  4.127953e-01
 6.30000e+00 -1.60000e+00       2.109e+05  6.930504e-01  0.000000e+00  4.425132e-01  3.069496e-01
 7.00000e+00 -1.60000e+00       3.270e+03  6.050885e-01  0.000000e+00  4.054684e-01  3.949115e-01
-7.00000e+00 -1.20000e+00       1.321e+05  3.872897e-01  0.000000e+00 -9.513250e-02  6.127103e-01
-6.30000e+00 -1.20000e+00       7.580e+06  4.260745e-01  0.000000e+00 -1.198465e-01  5.739255e-01
-5.60000e+00 -1.20000e+00       2.451e+08  5.470047e-01  0.000000e+00 -1.258292e-01  4.529953e-01
-4.90000e+00 -1.20000e+00       4.469e+09  6.301043e-01  0.000000e+00 -5.962744e-02  3.698957e-01
-4.20000e+00 -1.20000e+00       4.464e+10  6.357838e-01  0.000000e+00 -1.346362e-02  3.642162e-01
-3.50000e+00 -1.20000e+00       2.636e+11  6.296800e-01  0.000000e+00 -8.085830e-03  3.703200e-01
-2.80000e+00 -1.20000e+00       9.867e+11  6.317771e-01  0.000000e+00  9.699274e-03  3.682229e-01
-2.10000e+00 -1.20000e+00       2.494e+12  6.399507e-01  0.000000e+00  7.842507e-02  3.600493e-01
-1.40000e+00 -1.20000e+00       4.177e+12  6.257341e-01  0.000000e+00  1.685914e-01  3.742659e-01
-7.00000e-01 -1.20000e+00       3.922e+12  5.180325e-01  0.000000e+00  1.834647e-01  4.819675e-01
 0.00000e+00 -1.20000e+00       2.825e+12  3.726337e-01  0.000000e+00 -6.354583e-16  6.273663e-01
 7.00000e-01 -1.20000e+00       3.922e+12  5.180325e-01  0.000000e+00 -1.834647e-01  4.819675e-01
 1.40000e+00 -1.20000e+00       4.177e+12  6.257341e-01  0.000000e+00 -1.685914e-01  3.742659e-01
 2.10000e+00 -1.20000e+00       2.494e+12  6.399507e-01  0.000000e+00 -7.842507e-02  3.600493e-01
 2.80000e+00 -1.20000e+00       9.867e+11  6.317771e-01  0.000000e+00 -9.699274e-03  3.682229e-01
 3.50000e+00 -1.20000e+00       2.636e+11  6.296800e-01  0.000000e+00  8.085830e-03  3.703200e-01
 4.20000e+00 -1.20000e+00       4.464e+10  6.357838e-01  0.000000e+00  1.346362e-02  3.642162e-01
 4.90000e+00 -1.20000e+00       4.469e+09  6.301043e-01  0.000000e+00  5.962744e-02  3.698957e-01
 5.60000e+00 -1.20000e+00       2.451e+08  5.470047e-01  0.000000e+00  1.258292e-01  4.529953e-01
 6.30000e+00 -1.20000e+00       7.580e+06  4.260745e-01  0.000000e+00  1.198465e-01  5.739255e-01
 7.00000e+00 -1.20000e+00       1.321e+05  3.872897e-01  0.000000e+00  9.513250e-02  6.127103e-01
-7.00000e+00 -8.00000e-01       1.602e+06  8.921719e-01  0.000000e+00 -9.933539e-02  1.078281e-01
-6.30000e+00 -8.00000e-01       1.010e+08  8.695309e-01  0.000000e+00  3.754948e-02  1.304691e-01
-5.60000e+00 -8.00000e-01       2.818e+09  8.024143e-01  0.000000e+00  7.868224e-02  1.975857e-01
-4.90000e+00 -8.00000e-01       4.375e+10  7.676480e-01  0.000000e+00  1.240780e-02  2.323520e-01
-4.20000e+00 -8.00000e-01       4.097e+11  7.854963e-01  0.000000e+00 -2.328461e-02  2.145037e-01
-3.50000e+00 -8.00000e-01       2.198e+12  7.953637e-01  0.000000e+00 -1.281980e-02  2.046363e-01
-2.80000e+00 -8.00000e-01       7.389e+12  8.001046e-01  0.000000e+00 -1.367729e-02  1.998954e-01
-2.10000e+00 -8.00000e-01       1.778e+13  8.212342e-01  0.000000e+00 -5.757988e-02  1.787658e-01
-1.40000e+00 -8.00000e-01       3.119e+13  8.341023e-01  0.000000e+00 -1.662305e-01  1.658977e-01
-7.00000e-01 -8.00000e-01       3.611e+13  7.903690e-01  0.000000e+00 -2.285488e-01  2.096310e-01
 0.00000e+00 -8.00000e-01       3.345e+13  7.393384e-01  0.000000e+00 -6.281426e-16  2.606616e-01
 7.00000e-01 -8.00000e-01       3.611e+13  7.903690e-01  0.000000e+00  2.285488e-01  2.096310e-01
 1.40000e+00 -8.00000e-01       3.119e+13  8.341023e-01  0.000000e+00  1.662305e-01  1.658977e-01
 2.10000e+00 -8.00000e-01       1.778e+13  8.212342e-01  0.000000e+00  5.757988e-02  1.787658e-01
 2.80000e+00 -8.00000e-01       7.389e+12  8.001046e-01  0.000000e+00  1.367729e-02  1.998954e-01
 3.50000e+00 -8.00000e-01       2.198e+12  7.953637e-01  0.000000e+00  1.281980e-02  2.046363e-01
 4.20000e+00 -8.00000e-01       4.097e+11  7.854963e-01  0.000000e+00  2.328461e-02  2.145037e-01
 4.90000e+00 -8.00000e-01       4.375e+10  7.676480e-01  0.000000e+00 -1.240780e-02  2.323520e-01
 5.60000e+00 -8.00000e-01       2.818e+09  8.024143e-01  0.000000e+00 -7.868224e-02  1.975857e-01
 6.30000e+00 -8.00000e-01       1.010e+08  8.695309e-01  0.000000e+00 -3.754948e-02  1.304691e-01
 7.00000e+00 -8.00000e-01       1.602e+06  8.921719e-01  0.000000e+00  9.933539e-02  1.078281e-01
-7.00000e+00 -4.00000e-01       5.972e+06  9.211122e-01  0.000000e+00 -1.813174e-01  7.888784e-02
-6.30000e+00 -4.00000e-01       4.687e+08  9.558949e-01  0.000000e+00 -9.103522e-02  4.410512e-02
-5.60000e+00 -4.00000e-01       1.424e+10  9.593291e-01  0.000000e+00 -1.124295e-02  4.067088e-02
-4.90000e+00 -4.00000e-01       1.905e+11  9.449154e-01  0.000000e+00  2.266807e-02  5.508458e-02
-4.20000e+00 -4.00000e-01       1.465e+12  9.354220e-01  0.000000e+00  3.557784e-03  6.457804e-02
-3.50000e+00 -4.00000e-01       7.229e+12  9.377231e-01  0.000000e+00 -8.474588e-03  6.227690e-02
-2.80000e+00 -4.00000e-01       2.219e+13  9.371608e-01  0.000000e+00 -6.444817e-03  6.283923e-02
-2.10000e+00 -4.00000e-01       4.342e+13  9.245321e-01  0.000000e+00  5.266891e-04  7.546792e-02
-1.40000e+00 -4.00000e-01       5.671e+13  8.894966e-01  0.000000e+00  5.582351e-02  1.105034e-01
-7.00000e-01 -4.00000e-01       6.495e+13  8.694215e-01  0.000000e+00  1.227265e-01  1.305785e-01
 0.00000e+00 -4.00000e-01       7.083e+13  8.775789e-01  0.000000e+00  1.741787e-15  1.224211e-01
 7.00000e-01 -4.00000e-01       6.495e+13  8.694215e-01  0.000000e+00 -1.227265e-01  1.305785e-01
 1.40000e+00 -4.00000e-01       5.671e+13  8.894966e-01  0.000000e+00 -5.582351e-02  1.105034e-01
 2.10000e+00 -4.00000e-01       4.342e+13  9.245321e-01  0.000000e+00 -5.266891e-04  7.546792e-02
 2.80000e+00 -4.00000e-01       2.219e+13  9.371608e-01  0.000000e+00  6.444817e-03  6.283923e-02
 3.50000e+00 -4.00000e-01       7.229e+12  9.377231e-01  0.000000e+00  8.474588e-03  6.227690e-02
 4.20000e+00 -4.00000e-01       1.465e+12  9.354220e-01  0.000000e+00 -3.557784e-03  6.457804e-02
 4.90000e+00 -4.00000e-01       1.905e+11  9.449154e-01  0.000000e+00 -2.266807e-02  5.508458e-02
 5.60000e+00 -4.00000e-01       1.424e+10  9.593291e-01  0.000000e+00  1.124295e-02  4.067088e-02
 6.30000e+00 -4.00000e-01       4.687e+08  9.558949e-01  0.000000e+00  9.103522e-02  4.410512e-02
 7.00000e+00 -4.00000e-01       5.972e+06  9.211122e-01  0.000000e+00  1.813174e-01  7.888784e-02
-7.00000e+00  0.00000e+00       7.946e+06  9.999172e-01  0.000000e+00 -1.552513e-13  8.282070e-05
-6.30000e+00  0.00000e+00       6.946e+08  9.999609e-01  0.000000e+00 -9.535660e-16  3.912476e-05
-5.60000e+00  0.00000e+00       2.298e+10  9.999719e-01  0.000000e+00  1.286956e-16  2.807767e-05
-4.90000e+00  0.00000e+00       3.124e+11  9.999660e-01  0.000000e+00 -3.119909e-17  3.403427e-05
-4.20000e+00  0.00000e+00       2.255e+12  9.999572e-01  0.000000e+00 -1.797742e-15  4.278222e-05
-3.50000e+00  0.00000e+00       1.061e+13  9.999571e-01  0.000000e+00 -2.823235e-14  4.293526e-05
-2.80000e+00  0.00000e+00       3.269e+13  9.999599e-01  0.000000e+00 -2.034582e-13  4.011721e-05
-2.10000e+00  0.00000e+00       7.239e+13  9.999711e-01  0.000000e+00 -6.150670e-13  2.891980e-05
-1.40000e+00  0.00000e+00       1.170e+14  9.999924e-01  0.000000e+00 -7.488932e-13  7.576111e-06
-7.00000e-01  0.00000e+00       1.087e+14  9.999893e-01  0.000000e+00 -4.212651e-13  1.065963e-05
 0.00000e+00  0.00000e+00       7.671e+13  9.999761e-01  0.000000e+00 -1.335686e-17  2.388674e-05
 7.00000e-01  0.00000e+00       1.087e+14  9.999893e-01  0.000000e+00  4.212402e-13  1.065963e-05
 1.40000e+00  0.00000e+00       1.170e+14  9.999924e-01  0.000000e+00  7.488848e-13  7.576111e-06
 2.10000e+00  0.00000e+00       7.239e+13  9.999711e-01  0.000000e+00  6.150648e-13  2.891980e-05
 2.80000e+00  0.00000e+00       3.269e+13  9.999599e-01  0.000000e+00  2.034616e-13  4.011721e-05
 3.50000e+00  0.00000e+00       1.061e+13  9.999571e-01  0.000000e+00  2.823789e-14  4.293526e-05
 4.20000e+00  0.00000e+00       2.255e+12  9.999572e-01  0.000000e+00  1.787277e-15  4.278222e-05
 4.90000e+00  0.00000e+00       3.124e+11  9.999660e-01  0.000000e+00  2.739069e-17  3.403427e-05
 5.60000e+00  0.00000e+00       2.298e+10  9.999719e-01  0.000000e+00 -4.212030e-17  2.807767e-05
 6.30000e+00  0.00000e+00       6.946e+08  9.999609e-01  0.000000e+00  1.229533e-15  3.912476e-05
 7.00000e+00  0.00000e+00       7.946e+06  9.999172e-01  0.000000e+00  2.169701e-14  8.282070e-05
-7.00000e+00  4.00000e-01       5.972e+06  9.211122e-01  0.000000e+00  1.813174e-01  7.888784e-02
-6.30000e+00  4.00000e-01       4.687e+08  9.558949e-01  0.000000e+00  9.103522e-02  4.410512e-02
-5.60000e+00  4.00000e-01       1.424e+10  9.593291e-01  0.000000e+00  1.124295e-02  4.067088e-02
-4.90000e+00  4.00000e-01       1.905e+11  9.449154e-01  0.000000e+00 -2.266807e-02  5.508458e-02
-4.20000e+00  4.00000e-01       1.465e+12  9.354220e-01  0.000000e+00 -3.557784e-03  6.457804e-02
-3.50000e+00  4.00000e-01       7.229e+12  9.377231e-01  0.000000e+00  8.474588e-03  6.227690e-02
-2.80000e+00  4.00000e-01       2.219e+13  9.371608e-01  0.000000e+00  6.444817e-03  6.283923e-02
-2.10000e+00  4.00000e-01       4.342e+13  9.245321e-01  0.000000e+00 -5.266891e-04  7.546792e-02
-1.40000e+00  4.00000e-01       5.671e+13  8.894966e-01  0.000000e+00 -5.582351e-02  1.105034e-01
-7.00000e-01  4.00000e-01       6.495e+13  8.694215e-01  0.000000e+00 -1.227265e-01  1.305785e-01
 0.00000e+00  4.00000e-01       7.083e+13  8.775789e-01  0.000000e+00 -1.742862e-15  1.224211e-01
 7.00000e-01  4.00000e-01       6.495e+13  8.694215e-01  0.000000e+00  1.227265e-01  1.305785e-01
 1.40000e+00  4.00000e-01       5.671e+13  8.894966e-01  0.000000e+00  5.582351e-02  1.105034e-01
 2.10000e+00  4.00000e-01       4.342e+13  9.245321e-01  0.000000e+00  5.266891e-04  7.546792e-02
 2.80000e+00  4.00000e-01       2.219e+13  9.371608e-01  0.000000e+00 -6.444817e-03  6.283923e-02
 3.50000e+00  4.00000e-01       7.229e+12  9.377231e-01  0.000000e+00 -8.474588e-03  6.227690e-02
 4.20000e+00  4.00000e-01       1.465e+12  9.354220e-01  0.000000e+00  3.557784e-03  6.457804e-02
 4.90000e+00  4.00000e-01       1.905e+11  9.449154e-01  0.000000e+00  2.266807e-02  5.508458e-02
 5.60000e+00  4.00000e-01       1.424e+10  9.593291e-01  0.000000e+00 -1.124295e-02  4.067088e-02
 6.30000e+00  4.00000e-01       4.687e+08  9.558949e-01  0.000000e+00 -9.103522e-02  4.410512e-02
 7.00000e+00  4.00000e-01       5.972e+06  9.211122e-01  0.000000e+00 -1.813174e-01  7.888784e-02
-7.00000e+00  8.00000e-01       1.602e+06  8.921719e-01  0.000000e+00  9.933539e-02  1.078281e-01
-6.30000e+00  8.00000e-01       1.010e+08  8.695309e-01  0.000000e+00 -3.754948e-02  1.304691e-01
-5.60000e+00  8.00000e-01       2.818e+09  8.024143e-01  0.000000e+00 -7.868224e-02  1.975857e-01
-4.90000e+00  8.00000e-01       4.375e+10  7.676480e-01  0.000000e+00 -1.240780e-02  2.323520e-01
-4.20000e+00  8.00000e-01       4.097e+11  7.854963e-01  0.000000e+00  2.328461e-02  2.145037e-01
-3.50000e+00  8.00000e-01       2.198e+12  7.953637e-01  0.000000e+00  1.281980e-02  2.046363e-01
-2.80000e+00  8.00000e-01       7.389e+12  8.001046e-01  0.000000e+00  1.367729e-02  1.998954e-01
-2.10000e+00  8.00000e-01       1.778e+13  8.212342e-01  0.000000e+00  5.757988e-02  1.787658e-01
-1.40000e+00  8.00000e-01       3.119e+13  8.341023e-01  0.000000e+00  1.662305e-01  1.658977e-01
-7.00000e-01  8.00000e-01       3.611e+13  7.903690e-01  0.000000e+00  2.285488e-01  2.096310e-01
 0.00000e+00  8.00000e-01       3.345e+13  7.393384e-01  0.000000e+00  9.453923e-16  2.606616e-01
 7.00000e-01  8.00000e-01       3.611e+13  7.903690e-01  0.000000e+00 -2.285488e-01  2.096310e-01
 1.40000e+00  8.00000e-01       3.119e+13  8.341023e-01  0.000000e+00 -1.662305e-01  1.658977e-01
 2.10000e+00  8.00000e-01       1.778e+13  8.212342e-01  0.000000e+00 -5.757988e-02  1.787658e-01
 2.80000e+00  8.00000e-01       7.389e+12  8.001046e-01  0.000000e+00 -1.367729e-02  1.998954e-01
 3.50000e+00  8.00000e-01       2.198e+12  7.953637e-01  0.000000e+00 -1.281980e-02  2.046363e-01
 4.20000e+00  8.00000e-01       4.097e+11  7.854963e-01  0.000000e+00 -2.328461e-02  2.145037e-01
 4.90000e+00  8.00000e-01       4.375e+10  7.676480e-01  0.000000e+00  1.240780e-02  2.323520e-01
 5.60000e+00  8.00000e-01       2.818e+09  8.024143e-01  0.000000e+00  7.868224e-02  1.975857e-01
 6.30000e+00  8.00000e-01       1.010e+08  8.695309e-01  0.000000e+00  3.754948e-02  1.304691e-01
 7.00000e+00  8.00000e-01       1.602e+06  8.921719e-01  0.000000e+00 -9.933539e-02  1.078281e-01
-7.00000e+00  1.20000e+00       1.321e+05  3.872897e-01  0.000000e+00  9.513250e-02  6.127103e-01
-6.30000e+00  1.20000e+00       7.580e+06  4.260745e-01  0.000000e+00  1.198465e-01  5.739255e-01
-5.60000e+00  1.20000e+00       2.451e+08  5.470047e-01  0.000000e+00  1.258292e-01  4.529953e-01
-4.90000e+00  1.20000e+00       4.469e+09  6.301043e-01  0.000000e+00  5.962744e-02  3.698957e-01
-4.20000e+00  1.20000e+00       4.464e+10  6.357838e-01  0.000000e+00  1.346362e-02  3.642162e-01
-3.50000e+00  1.20000e+00       2.636e+11  6.296800e-01  0.000000e+00  8.085830e-03  3.703200e-01
-2.80000e+00  1.20000e+00       9.867e+11  6.317771e-01  0.000000e+00 -9.699274e-03  3.682229e-01
-2.10000e+00  1.20000e+00       2.494e+12  6.399507e-01  0.000000e+00 -7.842507e-02  3.600493e-01
-1.40000e+00  1.20000e+00       4.177e+12  6.257341e-01  0.000000e+00 -1.685914e-01  3.742659e-01
-7.00000e-01  1.20000e+00       3.922e+12  5.180325e-01  0.000000e+00 -1.834647e-01  4.819675e-01
 0.00000e+00  1.20000e+00       2.825e+12  3.726337e-01  0.000000e+00  8.724700e-15  6.273663e-01
 7.00000e-01  1.20000e+00       3.922e+12  5.180325e-01  0.000000e+00  1.834647e-01  4.819675e-01
 1.40000e+00  1.20000e+00       4.177e+12  6.257341e-01  0.000000e+00  1.685914e-01  3.742659e-01
 2.10000e+00  1.20000e+00       2.494e+12  6.399507e-01  0.000000e+00  7.842507e-02  3.600493e-01
 2.80000e+00  1.20000e+00       9.867e+11  6.317771e-01  0.000000e+00  9.699274e-03  3.682229e-01
 3.50000e+00  1.20000e+00       2.636e+11  6.296800e-01  0.000000e+00 -8.085830e-03  3.703200e-01
 4.20000e+00  1.20000e+00       4.464e+10  6.357838e-01  0.000000e+00 -1.346362e-02  3.642162e-01
 4.90000e+00  1.20000e+00       4.469e+09  6.301043e-01  0.000000e+00 -5.962744e-02  3.698957e-01
 5.60000e+00  1.20000e+00       2.451e+08  5.470047e-01  0.000000e+00 -1.258292e-01  4.529953e-01
 6.30000e+00  1.20000e+00       7.580e+06  4.260745e-01  0.000000e+00 -1.198465e-01  5.739255e-01
 7.00000e+00  1.20000e+00       1.321e+05  3.872897e-01  0.000000e+00 -9.513250e-02  6.127103e-01
-7.00000e+00  1.60000e+00       3.270e+03  6.050885e-01  0.000000e+00  4.054684e-01  3.949115e-01
-6.30000e+00  1.60000e+00       2.109e+05  6.930504e-01  0.000000e+00  4.425132e-01  3.069496e-01
-5.60000e+00  1.60000e+00       6.034e+06  5.872047e-01  0.000000e+00  4.419033e-01  4.127953e-01
-4.90000e+00  1.60000e+00       1.043e+08  4.761685e-01  0.000000e+00  3.899206e-01  5.238315e-01
-4.20000e+00  1.60000e+00       1.070e+09  5.161388e-01  0.000000e+00  3.083944e-01  4.838612e-01
-3.50000e+00  1.60000e+00       5.228e+09  5.854591e-01  0.000000e+00  2.297607e-01  4.145409e-01
-2.80000e+00  1.60000e+00       1.319e+10  6.238105e-01  0.000000e+00  1.501005e-01  3.761895e-01
-2.10000e+00  1.60000e+00       2.282e+10  6.375997e-01  0.000000e+00  8.223823e-02  3.624003e-01
-1.40000e+00  1.60000e+00       3.329e+10  6.526726e-01  0.000000e+00  4.058793e-02  3.473274e-01
-7.00000e-01  1.60000e+00       3.909e+10  6.604478e-01  0.000000e+00  7.407543e-03  3.395522e-01
 0.00000e+00  1.60000e+00       3.899e+10  6.534825e-01  0.000000e+00 -9.229391e-16  3.465175e-01
 7.00000e-01  1.60000e+00       3.909e+10  6.604478e-01  0.000000e+00 -7.407543e-03  3.395522e-01
 1.40000e+00  1.60000e+00       3.329e+10  6.526726e-01  0.000000e+00 -4.058793e-02  3.473274e-01
 2.10000e+00  1.60000e+00       2.282e+10  6.375997e-01  0.000000e+00 -8.223823e-02  3.624003e-01
 2.80000e+00  1.60000e+00       1.319e+10  6.238105e-01  0.000000e+00 -1.501005e-01  3.761895e-01
 3.50000e+00  1.60000e+00       5.228e+09  5.854591e-01  0.000000e+00 -2.297607e-01  4.145409e-01
 4.20000e+00  1.60000e+00       1.070e+09  5.161388e-01  0.000000e+00 -3.083944e-01  4.838612e-01
 4.90000e+00  1.60000e+00       1.043e+08  4.761685e-01  0.000000e+00 -3.899206e-01  5.238315e-01
 5.60000e+00  1.60000e+00       6.034e+06  5.872047e-01  0.000000e+00 -4.419033e-01  4.127953e-01
 6.30000e+00  1.60000e+00       2.109e+05  6.930504e-01  0.000000e+00 -4.425132e-01  3.069496e-01
 7.00000e+00  1.60000e+00       3.270e+03  6.050885e-01  0.000000e+00 -4.054684e-01  3.949115e-01
-7.00000e+00  2.00000e+00       1.223e+05 -2.875847e-01  0.000000e+00  4.778358e-01  7.124153e-01
-6.30000e+00  2.00000e+00       3.253e+06 -2.101901e-01  0.000000e+00  5.048786e-01  7.898099e-01
-5.60000e+00  2.00000e+00       3.404e+07 -7.728540e-02  0.000000e+00  5.280048e-01  9.227146e-01
-4.90000e+00  2.00000e+00       1.767e+08  1.346772e-01  0.000000e+00  5.144747e-01  8.653228e-01
-4.20000e+00  2.00000e+00       6.222e+08  3.614132e-01  0.000000e+00  4.287480e-01  6.385868e-01
-3.50000e+00  2.00000e+00       1.738e+09  4.894733e-01  0.000000e+00  2.987644e-01  5.105267e-01
-2.80000e+00  2.00000e+00       4.077e+09  5.200526e-01  0.000000e+00  1.774445e-01  4.799474e-01
-2.10000e+00  2.00000e+00       8.357e+09  4.971480e-01  0.000000e+00  8.972543e-02  5.028520e-01
-1.40000e+00  2.00000e+00       1.422e+10  4.801531e-01  0.000000e+00  2.030946e-04  5.198469e-01
-7.00000e-01  2.00000e+00       1.772e+10  4.860290e-01  0.000000e+00 -6.943117e-02  5.139710e-01
 0.00000e+00  2.00000e+00       1.778e+10  4.889543e-01  0.000000e+00 -3.924430e-15  5.110457e-01
 7.00000e-01  2.00000e+00       1.772e+10  4.860290e-01  0.000000e+00  6.943117e-02  5.139710e-01
 1.40000e+00  2.00000e+00       1.422e+10  4.801531e-01  0.000000e+00 -2.030946e-04  5.198469e-01
 2.10000e+00  2.00000e+00       8.357e+09  4.971480e-01  0.000000e+00 -8.972543e-02  5.028520e-01
 2.80000e+00  2.00000e+00       4.077e+09  5.200526e-01  0.000000e+00 -1.774445e-01  4.799474e-01
 3.50000e+00  2.00000e+00       1.738e+09  4.894733e-01  0.000000e+00 -2.987644e-01  5.105267e-01
 4.20000e+00  2.00000e+00       6.222e+08  3.614132e-01  0.000000e+00 -4.287480e-01  6.385868e-01
 4.90000e+00  2.00000e+00       1.767e+08  1.346772e-01  0.000000e+00 -5.144747e-01  8.653228e-01
 5.60000e+00  2.00000e+00       3.404e+07 -7.728540e-02  0.000000e+00 -5.280048e-01  9.227146e-01
 6.30000e+00  2.00000e+00       3.253e+06 -2.101901e-01  0.000000e+00 -5.048786e-01  7.898099e-01
 7.00000e+00  2.00000e+00       1.223e+05 -2.875847e-01  0.000000e+00 -4.778358e-01  7.124153e-01
-7.00000e+00  2.40000e+00       2.570e+04 -1.141479e-01  0.000000e+00  5.891111e-01  8.858521e-01
-6.30000e+00  2.40000e+00       1.186e+06 -7.246536e-02  0.000000e+00  5.906911e-01  9.275346e-01
-5.60000e+00  2.40000e+00       1.942e+07 -1.627492e-03  0.000000e+00  5.851056e-01  9.983725e-01
-4.90000e+00  2.40000e+00       1.291e+08  1.124396e-01  0.000000e+00  5.615235e-01  8.875604e-01
-4.20000e+00  2.40000e+00       4.332e+08  2.646681e-01  0.000000e+00  4.988646e-01  7.353319e-01
-3.50000e+00  2.40000e+00       9.584e+08  4.097130e-01  0.000000e+00  3.847209e-01  5.902870e-01
-2.80000e+00  2.40000e+00       1.819e+09  5.005412e-01  0.000000e+00  2.454363e-01  4.994588e-01
-2.10000e+00  2.40000e+00       3.354e+09  5.626646e-01  0.000000e+00  1.273360e-01  4.373354e-01
-1.40000e+00  2.40000e+00       5.287e+09  6.319870e-01  0.000000e+00  4.071065e-02  3.680130e-01
-7.00000e-01  2.40000e+00       4.899e+09  6.267622e-01  0.000000e+00 -1.282115e-02  3.732378e-01
 0.00000e+00  2.40000e+00       3.277e+09  5.375736e-01  0.000000e+00 -1.011862e-16  4.624264e-01
 7.00000e-01  2.40000e+00       4.899e+09  6.267622e-01  0.000000e+00  1.282115e-02  3.732378e-01
 1.40000e+00  2.40000e+00       5.287e+09  6.319870e-01  0.000000e+00 -4.071065e-02  3.680130e-01
 2.10000e+00  2.40000e+00       3.354e+09  5.626646e-01  0.000000e+00 -1.273360e-01  4.373354e-01
 2.80000e+00  2.40000e+00       1.819e+09  5.005412e-01  0.000000e+00 -2.454363e-01  4.994588e-01
 3.50000e+00  2.40000e+00       9.584e+08  4.097130e-01  0.000000e+00 -3.847209e-01  5.902870e-01
 4.20000e+00  2.40000e+00       4.332e+08  2.646681e-01  0.000000e+00 -4.988646e-01  7.353319e-01
 4.90000e+00  2.40000e+00       1.291e+08  1.124396e-01  0.000000e+00 -5.615235e-01  8.875604e-01
 5.60000e+00  2.40000e+00       1.942e+07 -1.627492e-03  0.000000e+00 -5.851056e-01  9.983725e-01
 6.30000e+00  2.40000e+00       1.186e+06 -7.246536e-02  0.000000e+00 -5.906911e-01  9.275346e-01
 7.00000e+00  2.40000e+00       2.570e+04 -1.141479e-01  0.000000e+00 -5.891111e-01  8.858521e-01
-7.00000e+00  2.80000e+00       3.186e+01 -6.314993e-02  0.000000e+00 -5.121280e-01  9.368501e-01
-6.30000e+00  2.80000e+00       4.333e+03  3.578282e-01  0.000000e+00  4.842961e-01  6.421718e-01
-5.60000e+00  2.80000e+00       3.646e+05  3.354526e-01  0.000000e+00  4.913077e-01  6.645474e-01
-4.90000e+00  2.80000e+00       9.678e+06  3.502976e-01  0.000000e+00  4.698582e-01  6.497024e-01
-4.20000e+00  2.80000e+00       9.426e+07  3.823931e-01  0.000000e+00  4.299176e-01  6.176069e-01
-3.50000e+00  2.80000e+00       4.028e+08  4.269000e-01  0.000000e+00  3.640551e-01  5.731000e-01
-2.80000e+00  2.80000e+00       9.724e+08  4.754853e-01  0.000000e+00  2.701579e-01  5.245147e-01
-2.10000e+00  2.80000e+00       1.834e+09  5.530808e-01  0.000000e+00  1.508523e-01  4.469192e-01
-1.40000e+00  2.80000e+00       3.031e+09  6.488694e-01  0.000000e+00  4.725351e-02  3.511306e-01
-7.00000e-01  2.80000e+00       3.072e+09  6.286694e-01  0.000000e+00 -8.638026e-03  3.713306e-01
 0.00000e+00  2.80000e+00       2.315e+09  5.127130e-01  0.000000e+00 -9.503381e-16  4.872870e-01
 7.00000e-01  2.80000e+00       3.072e+09  6.286694e-01  0.000000e+00  8.638026e-03  3.713306e-01
 1.40000e+00  2.80000e+00       3.031e+09  6.488694e-01  0.000000e+00 -4.725351e-02  3.511306e-01
 2.10000e+00  2.80000e+00       1.834e+09  5.530808e-01  0.000000e+00 -1.508523e-01  4.469192e-01
 2.80000e+00  2.80000e+00       9.724e+08  4.754853e-01  0.000000e+00 -2.701579e-01  5.245147e-01
 3.50000e+00  2.80000e+00       4.028e+08  4.269000e-01  0.000000e+00 -3.640551e-01  5.731000e-01
 4.20000e+00  2.80000e+00       9.426e+07  3.823931e-01  0.000000e+00 -4.299176e-01  6.176069e-01
 4.90000e+00  2.80000e+00       9.678e+06  3.502976e-01  0.000000e+00 -4.698582e-01  6.497024e-01
 5.60000e+00  2.80000e+00       3.646e+05  3.354526e-01  0.000000e+00 -4.913077e-01  6.645474e-01
 6.30000e+00  2.80000e+00       4.333e+03  3.578282e-01  0.000000e+00 -4.842961e-01  6.421718e-01
 7.00000e+00  2.80000e+00       3.186e+01 -6.314995e-02  0.000000e+00  5.121280e-01  9.368501e-01
-7.00000e+00  3.20000e+00       1.891e+01 -4.486649e-01  0.000000e+00 -1.001694e+00  5.513351e-01
-6.30000e+00  3.20000e+00       6.123e+01 -2.056128e-01  0.000000e+00 -1.224528e+00  7.943872e-01
-5.60000e+00  3.20000e+00       3.882e+03  6.583858e-01  0.000000e+00  4.023388e-01  3.416142e-01
-4.90000e+00  3.20000e+00       2.932e+05  4.392922e-01  0.000000e+00  3.964454e-01  5.607078e-01
-4.20000e+00  3.20000e+00       5.947e+06  4.356439e-01  0.000000e+00  3.626349e-01  5.643561e-01
-3.50000e+00  3.20000e+00       5.202e+07  4.560663e-01  0.000000e+00  3.029963e-01  5.439337e-01
-2.80000e+00  3.20000e+00       2.645e+08  4.940335e-01  0.000000e+00  2.225714e-01  5.059665e-01
-2.10000e+00  3.20000e+00       8.616e+08  5.884905e-01  0.000000e+00  1.327966e-01  4.115095e-01
-1.40000e+00  3.20000e+00       1.693e+09  7.060056e-01  0.000000e+00  4.608964e-02  2.939944e-01
-7.00000e-01  3.20000e+00       1.464e+09  7.115057e-01  0.000000e+00 -1.262605e-02  2.884943e-01
 0.00000e+00  3.20000e+00       6.982e+08  5.355116e-01  0.000000e+00 -2.012105e-15  4.644884e-01
 7.00000e-01  3.20000e+00       1.464e+09  7.115057e-01  0.000000e+00  1.262605e-02  2.884943e-01
 1.40000e+00  3.20000e+00       1.693e+09  7.060056e-01  0.000000e+00 -4.608964e-02  2.939944e-01
 2.10000e+00  3.20000e+00       8.616e+08  5.884905e-01  0.000000e+00 -1.327966e-01  4.115095e-01
 2.80000e+00  3.20000e+00       2.645e+08  4.940335e-01  0.000000e+00 -2.225714e-01  5.059665e-01
 3.50000e+00  3.20000e+00       5.202e+07  4.560663e-01  0.000000e+00 -3.029963e-01  5.439337e-01
 4.20000e+00  3.20000e+00       5.947e+06  4.356439e-01  0.000000e+00 -3.626349e-01  5.643561e-01
 4.90000e+00  3.20000e+00       2.932e+05  4.392922e-01  0.000000e+00 -3.964454e-01  5.607078e-01
 5.60000e+00  3.20000e+00       3.882e+03  6.583858e-01  0.000000e+00 -4.023388e-01  3.416142e-01
 6.30000e+00  3.20000e+00       6.123e+01 -2.056128e-01  0.000000e+00  1.224528e+00  7.943872e-01
 7.00000e+00  3.20000e+00       1.891e+01 -4.486650e-01  0.000000e+00  1.001694e+00  5.513350e-01
-7.00000e+00  3.60000e+00       1.637e+01 -5.586670e-01  0.000000e+00 -8.316048e-01  4.413330e-01
-6.30000e+00  3.60000e+00       2.691e+01  3.129630e-01  0.000000e+00 -1.565950e+00  6.870370e-01
-5.60000e+00  3.60000e+00       4.891e+02 -6.600601e-01  0.000000e+00 -3.128282e-01  3.399399e-01
-4.90000e+00  3.60000e+00       8.585e+03  4.455696e-01  0.000000e+00  9.909200e-02  5.544304e-01
-4.20000e+00  3.60000e+00       1.324e+05  8.909058e-01  0.000000e+00  4.386885e-04  1.090942e-01
-3.50000e+00  3.60000e+00       1.320e+06  8.219464e-01  0.000000e+00  1.085111e-01  1.780536e-01
-2.80000e+00  3.60000e+00       1.477e+07  8.175821e-01  0.000000e+00  6.920938e-02  1.824179e-01
-2.10000e+00  3.60000e+00       1.579e+08  9.620974e-01  0.000000e+00 -1.664337e-02  3.790260e-02
-1.40000e+00  3.60000e+00       5.970e+08  9.933523e-01  0.000000e+00 -5.100318e-02  6.647680e-03
-7.00000e-01  3.60000e+00       5.868e+08  9.512541e-01  0.000000e+00 -9.718435e-02  4.874588e-02
 0.00000e+00  3.60000e+00       2.444e+08  6.013449e-01  0.000000e+00 -3.808075e-15  3.986551e-01
 7.00000e-01  3.60000e+00       5.868e+08  9.512541e-01  0.000000e+00  9.718435e-02  4.874588e-02
 1.40000e+00  3.60000e+00       5.970e+08  9.933523e-01  0.000000e+00  5.100318e-02  6.647680e-03
 2.10000e+00  3.60000e+00       1.579e+08  9.620974e-01  0.000000e+00  1.664337e-02  3.790260e-02
 2.80000e+00  3.60000e+00       1.477e+07  8.175821e-01  0.000000e+00 -6.920938e-02  1.824179e-01
 3.50000e+00  3.60000e+00       1.320e+06  8.219464e-01  0.000000e+00 -1.085111e-01  1.780536e-01
 4.20000e+00  3.60000e+00       1.324e+05  8.909058e-01  0.000000e+00 -4.386885e-04  1.090942e-01
 4.90000e+00  3.60000e+00       8.585e+03  4.455696e-01  0.000000e+00 -9.909200e-02  5.544304e-01
 5.60000e+00  3.60000e+00       4.891e+02 -6.600601e-01  0.000000e+00  3.128282e-01  3.399399e-01
 6.30000e+00  3.60000e+00       2.691e+01  3.129631e-01  0.000000e+00  1.565950e+00  6.870369e-01
 7.00000e+00  3.60000e+00       1.637e+01 -5.586670e-01  0.000000e+00  8.316048e-01  4.413330e-01
-7.00000e+00  4.00000e+00       1.323e+01 -6.972773e-01  0.000000e+00 -6.697511e-01  3.027227e-01
-6.30000e+00  4.00000e+00       1.423e+01  3.321815e-01  0.000000e+00 -1.900307e+00  6.678185e-01
-5.60000e+00  4.00000e+00       2.969e+02 -7.101951e-01  0.000000e+00 -2.093477e-01  2.898049e-01
-4.90000e+00  4.00000e+00       6.768e+03  4.648650e-01  0.000000e+00  1.000407e-01  5.351350e-01
-4.20000e+00  4.00000e+00       1.089e+05  8.882246e-01  0.000000e+00  3.479967e-03  1.117754e-01
-3.50000e+00  4.00000e+00       1.012e+06  8.500337e-01  0.000000e+00  8.957425e-02  1.499663e-01
-2.80000e+00  4.00000e+00       1.016e+07  8.975121e-01  0.000000e+00  4.470965e-02  1.024879e-01
-2.10000e+00  4.00000e+00       1.197e+08  9.507547e-01  0.000000e+00 -3.328860e-02  4.924527e-02
-1.40000e+00  4.00000e+00       4.816e+08  9.261008e-01  0.000000e+00 -5.542117e-02  7.389921e-02
-7.00000e-01  4.00000e+00       4.424e+08  9.605134e-01  0.000000e+00 -9.751835e-02  3.948663e-02
 0.00000e+00  4.00000e+00       1.286e+08  7.035907e-01  0.000000e+00 -5.980140e-15  2.964093e-01
 7.00000e-01  4.00000e+00       4.424e+08  9.605134e-01  0.000000e+00  9.751835e-02  3.948663e-02
 1.40000e+00  4.00000e+00       4.816e+08  9.261008e-01  0.000000e+00  5.542117e-02  7.389921e-02
 2.10000e+00  4.00000e+00       1.197e+08  9.507547e-01  0.000000e+00  3.328860e-02  4.924527e-02
 2.80000e+00  4.00000e+00       1.016e+07  8.975121e-01  0.000000e+00 -4.470965e-02  1.024879e-01
 3.50000e+00  4.00000e+00       1.012e+06  8.500337e-01  0.000000e+00 -8.957425e-02  1.499663e-01
 4.20000e+00  4.00000e+00       1.089e+05  8.882246e-01  0.000000e+00 -3.479967e-03  1.117754e-01
 4.90000e+00  4.00000e+00       6.768e+03  4.648650e-01  0.000000e+00 -1.000407e-01  5.351350e-01
 5.60000e+00  4.00000e+00       2.969e+02 -7.101951e-01  0.000000e+00  2.093477e-01  2.898049e-01
 6.30000e+00  4.00000e+00       1.423e+01  3.321815e-01  0.000000e+00  1.900307e+00  6.678185e-01
 7.00000e+00  4.00000e+00       1.323e+01 -6.972755e-01  0.000000e+00  6.697532e-01  3.027245e-01
