 EB(GeV)    EMITTANCEx EMITTANCEy SIZEx(m)   SIZEy(m)   DIVx(rad)  DIVy(rad)
 2.411e+00  5.499e-09  1.017e-12  8.711e-05  1.009e-06  6.313e-05  1.009e-06
 betax      alphax     betay      alphay     eta        deta       E_spread  
 1.380e+00  0.000e+00  1.000e+00  0.000e+00  0.000e+00  0.000e+00  8.600e-04
 Ibeam(A)   period(cm) #periods   Kx         Ky         Energy(eV)
 4.005e-01  1.900e+00         96  0.000e+00  1.780e+00  1.314e+04


           x            y       F.Density            PL            PC          PL45        1-|PL|
          mm           mm  ph/s/mr^2/0.1%             -             -             -             -
-7.00000e+00 -4.00000e+00       3.998e+04  9.999683e-01  0.000000e+00 -1.717535e-02  3.165040e-05
-6.30000e+00 -4.00000e+00       1.905e+06  9.265805e-01  0.000000e+00 -5.174772e-02  7.341946e-02
-5.60000e+00 -4.00000e+00       3.006e+07  8.358091e-01  0.000000e+00 -1.101360e-01  1.641909e-01
-4.90000e+00 -4.00000e+00       2.109e+08  7.182152e-01  0.000000e+00 -1.907696e-01  2.817848e-01
-4.20000e+00 -4.00000e+00       8.279e+08  6.594273e-01  0.000000e+00 -2.331659e-01  3.405727e-01
-3.50000e+00 -4.00000e+00       2.194e+09  7.089311e-01  0.000000e+00 -1.983689e-01  2.910689e-01
-2.80000e+00 -4.00000e+00       3.093e+09  6.866127e-01  0.000000e+00 -1.751660e-01  3.133873e-01
-2.10000e+00 -4.00000e+00       1.506e+09 -1.172687e-01  0.000000e+00  6.177093e-02  8.827313e-01
-1.40000e+00 -4.00000e+00       1.823e+09 -7.850943e-01  0.000000e+00  1.271611e+00  2.149057e-01
-7.00000e-01 -4.00000e+00       2.135e+10  7.355926e-01  0.000000e+00  1.382883e-01  2.644074e-01
 0.00000e+00 -4.00000e+00       3.437e+10  7.869712e-01  0.000000e+00  2.814632e-16  2.130288e-01
 7.00000e-01 -4.00000e+00       2.135e+10  7.355926e-01  0.000000e+00 -1.382883e-01  2.644074e-01
 1.40000e+00 -4.00000e+00       1.823e+09 -7.850943e-01  0.000000e+00 -1.271611e+00  2.149057e-01
 2.10000e+00 -4.00000e+00       1.506e+09 -1.172687e-01  0.000000e+00 -6.177093e-02  8.827313e-01
 2.80000e+00 -4.00000e+00       3.093e+09  6.866127e-01  0.000000e+00  1.751660e-01  3.133873e-01
 3.50000e+00 -4.00000e+00       2.194e+09  7.089311e-01  0.000000e+00  1.983689e-01  2.910689e-01
 4.20000e+00 -4.00000e+00       8.279e+08  6.594273e-01  0.000000e+00  2.331659e-01  3.405727e-01
 4.90000e+00 -4.00000e+00       2.109e+08  7.182152e-01  0.000000e+00  1.907696e-01  2.817848e-01
 5.60000e+00 -4.00000e+00       3.006e+07  8.358091e-01  0.000000e+00  1.101360e-01  1.641909e-01
 6.30000e+00 -4.00000e+00       1.905e+06  9.265805e-01  0.000000e+00  5.174772e-02  7.341946e-02
 7.00000e+00 -4.00000e+00       3.998e+04  9.999684e-01  0.000000e+00  1.717534e-02  3.164814e-05
-7.00000e+00 -3.60000e+00       2.865e+06 -4.533389e-01  0.000000e+00 -5.031820e-01  5.466611e-01
-6.30000e+00 -3.60000e+00       3.838e+07 -3.543829e-01  0.000000e+00 -4.997563e-01  6.456171e-01
-5.60000e+00 -3.60000e+00       2.202e+08 -1.355778e-01  0.000000e+00 -4.916618e-01  8.644222e-01
-4.90000e+00 -3.60000e+00       7.325e+08  1.344797e-01  0.000000e+00 -4.641869e-01  8.655203e-01
-4.20000e+00 -3.60000e+00       1.662e+09  3.807225e-01  0.000000e+00 -3.817951e-01  6.192775e-01
-3.50000e+00 -3.60000e+00       3.411e+09  5.989636e-01  0.000000e+00 -2.577575e-01  4.010364e-01
-2.80000e+00 -3.60000e+00       5.192e+09  6.053400e-01  0.000000e+00 -2.110981e-01  3.946600e-01
-2.10000e+00 -3.60000e+00       2.655e+09 -2.605553e-01  0.000000e+00 -8.523249e-02  7.394447e-01
-1.40000e+00 -3.60000e+00       5.347e+09 -6.226200e-02  0.000000e+00  5.782555e-01  9.377380e-01
-7.00000e-01 -3.60000e+00       2.934e+10  6.846470e-01  0.000000e+00  1.415487e-01  3.153530e-01
 0.00000e+00 -3.60000e+00       4.530e+10  7.411880e-01  0.000000e+00  2.052601e-16  2.588120e-01
 7.00000e-01 -3.60000e+00       2.934e+10  6.846470e-01  0.000000e+00 -1.415487e-01  3.153530e-01
 1.40000e+00 -3.60000e+00       5.347e+09 -6.226200e-02  0.000000e+00 -5.782555e-01  9.377380e-01
 2.10000e+00 -3.60000e+00       2.655e+09 -2.605553e-01  0.000000e+00  8.523249e-02  7.394447e-01
 2.80000e+00 -3.60000e+00       5.192e+09  6.053400e-01  0.000000e+00  2.110981e-01  3.946600e-01
 3.50000e+00 -3.60000e+00       3.411e+09  5.989636e-01  0.000000e+00  2.577575e-01  4.010364e-01
 4.20000e+00 -3.60000e+00       1.662e+09  3.807225e-01  0.000000e+00  3.817951e-01  6.192775e-01
 4.90000e+00 -3.60000e+00       7.325e+08  1.344797e-01  0.000000e+00  4.641869e-01  8.655203e-01
 5.60000e+00 -3.60000e+00       2.202e+08 -1.355778e-01  0.000000e+00  4.916618e-01  8.644222e-01
 6.30000e+00 -3.60000e+00       3.838e+07 -3.543829e-01  0.000000e+00  4.997563e-01  6.456171e-01
 7.00000e+00 -3.60000e+00       2.865e+06 -4.533389e-01  0.000000e+00  5.031820e-01  5.466611e-01
-7.00000e+00 -3.20000e+00       1.386e+07 -6.416349e-01  0.000000e+00 -2.805583e-01  3.583651e-01
-6.30000e+00 -3.20000e+00       9.515e+07 -5.259160e-01  0.000000e+00 -3.537069e-01  4.740840e-01
-5.60000e+00 -3.20000e+00       3.432e+08 -2.580547e-01  0.000000e+00 -4.263108e-01  7.419453e-01
-4.90000e+00 -3.20000e+00       9.231e+08  1.118837e-01  0.000000e+00 -4.360936e-01  8.881163e-01
-4.20000e+00 -3.20000e+00       2.155e+09  3.939369e-01  0.000000e+00 -3.727676e-01  6.060631e-01
-3.50000e+00 -3.20000e+00       4.445e+09  5.857455e-01  0.000000e+00 -2.636173e-01  4.142545e-01
-2.80000e+00 -3.20000e+00       6.474e+09  5.994956e-01  0.000000e+00 -1.951737e-01  4.005044e-01
-2.10000e+00 -3.20000e+00       3.651e+09 -2.278884e-01  0.000000e+00  2.207030e-02  7.721116e-01
-1.40000e+00 -3.20000e+00       7.730e+09 -7.060400e-02  0.000000e+00  6.322993e-01  9.293960e-01
-7.00000e-01 -3.20000e+00       3.844e+10  6.344185e-01  0.000000e+00  1.649360e-01  3.655815e-01
 0.00000e+00 -3.20000e+00       5.881e+10  6.948031e-01  0.000000e+00 -1.116643e-16  3.051969e-01
 7.00000e-01 -3.20000e+00       3.844e+10  6.344185e-01  0.000000e+00 -1.649360e-01  3.655815e-01
 1.40000e+00 -3.20000e+00       7.730e+09 -7.060400e-02  0.000000e+00 -6.322993e-01  9.293960e-01
 2.10000e+00 -3.20000e+00       3.651e+09 -2.278884e-01  0.000000e+00 -2.207030e-02  7.721116e-01
 2.80000e+00 -3.20000e+00       6.474e+09  5.994956e-01  0.000000e+00  1.951737e-01  4.005044e-01
 3.50000e+00 -3.20000e+00       4.445e+09  5.857455e-01  0.000000e+00  2.636173e-01  4.142545e-01
 4.20000e+00 -3.20000e+00       2.155e+09  3.939369e-01  0.000000e+00  3.727676e-01  6.060631e-01
 4.90000e+00 -3.20000e+00       9.231e+08  1.118837e-01  0.000000e+00  4.360936e-01  8.881163e-01
 5.60000e+00 -3.20000e+00       3.432e+08 -2.580547e-01  0.000000e+00  4.263108e-01  7.419453e-01
 6.30000e+00 -3.20000e+00       9.515e+07 -5.259160e-01  0.000000e+00  3.537069e-01  4.740840e-01
 7.00000e+00 -3.20000e+00       1.386e+07 -6.416349e-01  0.000000e+00  2.805583e-01  3.583651e-01
-7.00000e+00 -2.80000e+00       4.873e+07 -7.096034e-01  0.000000e+00  8.217365e-02  2.903966e-01
-6.30000e+00 -2.80000e+00       1.737e+08 -5.886883e-01  0.000000e+00 -1.531245e-01  4.113117e-01
-5.60000e+00 -2.80000e+00       4.924e+08 -2.756840e-01  0.000000e+00 -3.636641e-01  7.243160e-01
-4.90000e+00 -2.80000e+00       1.326e+09  1.162616e-01  0.000000e+00 -4.088058e-01  8.837384e-01
-4.20000e+00 -2.80000e+00       3.449e+09  3.817697e-01  0.000000e+00 -3.262240e-01  6.182303e-01
-3.50000e+00 -2.80000e+00       8.853e+09  4.996460e-01  0.000000e+00 -1.948814e-01  5.003540e-01
-2.80000e+00 -2.80000e+00       1.871e+10  4.558546e-01  0.000000e+00 -7.913744e-02  5.441454e-01
-2.10000e+00 -2.80000e+00       3.011e+10  2.957355e-01  0.000000e+00  1.417251e-01  7.042645e-01
-1.40000e+00 -2.80000e+00       5.583e+10  2.742877e-01  0.000000e+00  4.022700e-01  7.257123e-01
-7.00000e-01 -2.80000e+00       1.050e+11  3.743216e-01  0.000000e+00  2.942104e-01  6.256784e-01
 0.00000e+00 -2.80000e+00       1.284e+11  4.183721e-01  0.000000e+00  1.751797e-15  5.816279e-01
 7.00000e-01 -2.80000e+00       1.050e+11  3.743216e-01  0.000000e+00 -2.942104e-01  6.256784e-01
 1.40000e+00 -2.80000e+00       5.583e+10  2.742877e-01  0.000000e+00 -4.022700e-01  7.257123e-01
 2.10000e+00 -2.80000e+00       3.011e+10  2.957355e-01  0.000000e+00 -1.417251e-01  7.042645e-01
 2.80000e+00 -2.80000e+00       1.871e+10  4.558546e-01  0.000000e+00  7.913744e-02  5.441454e-01
 3.50000e+00 -2.80000e+00       8.853e+09  4.996460e-01  0.000000e+00  1.948814e-01  5.003540e-01
 4.20000e+00 -2.80000e+00       3.449e+09  3.817697e-01  0.000000e+00  3.262240e-01  6.182303e-01
 4.90000e+00 -2.80000e+00       1.326e+09  1.162616e-01  0.000000e+00  4.088058e-01  8.837384e-01
 5.60000e+00 -2.80000e+00       4.924e+08 -2.756840e-01  0.000000e+00  3.636641e-01  7.243160e-01
 6.30000e+00 -2.80000e+00       1.737e+08 -5.886883e-01  0.000000e+00  1.531245e-01  4.113117e-01
 7.00000e+00 -2.80000e+00       4.873e+07 -7.096034e-01  0.000000e+00 -8.217365e-02  2.903966e-01
-7.00000e+00 -2.40000e+00       6.366e+07 -6.390723e-01  0.000000e+00  2.420263e-01  3.609277e-01
-6.30000e+00 -2.40000e+00       2.303e+08 -5.136491e-01  0.000000e+00 -5.989616e-02  4.863509e-01
-5.60000e+00 -2.40000e+00       8.679e+08 -1.561392e-01  0.000000e+00 -2.607121e-01  8.438608e-01
-4.90000e+00 -2.40000e+00       4.307e+09  2.079584e-01  0.000000e+00 -2.470651e-01  7.920416e-01
-4.20000e+00 -2.40000e+00       2.298e+10  3.467254e-01  0.000000e+00 -1.076816e-01  6.532746e-01
-3.50000e+00 -2.40000e+00       9.866e+10  3.233811e-01  0.000000e+00 -2.369657e-02  6.766189e-01
-2.80000e+00 -2.40000e+00       3.069e+11  3.344302e-01  0.000000e+00  3.895834e-02  6.655698e-01
-2.10000e+00 -2.40000e+00       7.099e+11  4.287302e-01  0.000000e+00  1.922079e-01  5.712698e-01
-1.40000e+00 -2.40000e+00       1.251e+12  5.569956e-01  0.000000e+00  3.968378e-01  4.430044e-01
-7.00000e-01 -2.40000e+00       1.396e+12  5.816387e-01  0.000000e+00  4.702212e-01  4.183613e-01
 0.00000e+00 -2.40000e+00       1.176e+12  5.541710e-01  0.000000e+00  4.900158e-15  4.458290e-01
 7.00000e-01 -2.40000e+00       1.396e+12  5.816387e-01  0.000000e+00 -4.702212e-01  4.183613e-01
 1.40000e+00 -2.40000e+00       1.251e+12  5.569956e-01  0.000000e+00 -3.968378e-01  4.430044e-01
 2.10000e+00 -2.40000e+00       7.099e+11  4.287302e-01  0.000000e+00 -1.922079e-01  5.712698e-01
 2.80000e+00 -2.40000e+00       3.069e+11  3.344302e-01  0.000000e+00 -3.895834e-02  6.655698e-01
 3.50000e+00 -2.40000e+00       9.866e+10  3.233811e-01  0.000000e+00  2.369657e-02  6.766189e-01
 4.20000e+00 -2.40000e+00       2.298e+10  3.467254e-01  0.000000e+00  1.076816e-01  6.532746e-01
 4.90000e+00 -2.40000e+00       4.307e+09  2.079584e-01  0.000000e+00  2.470651e-01  7.920416e-01
 5.60000e+00 -2.40000e+00       8.679e+08 -1.561392e-01  0.000000e+00  2.607121e-01  8.438608e-01
 6.30000e+00 -2.40000e+00       2.303e+08 -5.136491e-01  0.000000e+00  5.989616e-02  4.863509e-01
 7.00000e+00 -2.40000e+00       6.366e+07 -6.390723e-01  0.000000e+00 -2.420263e-01  3.609277e-01
-7.00000e+00 -2.00000e+00       1.036e+08 -4.405376e-01  0.000000e+00  3.283012e-01  5.594624e-01
-6.30000e+00 -2.00000e+00       6.798e+08  1.241713e-01  0.000000e+00 -1.711956e-01  8.758287e-01
-5.60000e+00 -2.00000e+00       8.054e+09  5.414782e-01  0.000000e+00 -5.400107e-02  4.585218e-01
-4.90000e+00 -2.00000e+00       7.216e+10  4.417334e-01  0.000000e+00  1.140200e-01  5.582666e-01
-4.20000e+00 -2.00000e+00       4.314e+11  3.299634e-01  0.000000e+00  1.683544e-02  6.700366e-01
-3.50000e+00 -2.00000e+00       1.780e+12  3.882685e-01  0.000000e+00 -4.823484e-02  6.117315e-01
-2.80000e+00 -2.00000e+00       4.809e+12  3.953954e-01  0.000000e+00 -3.728973e-02  6.046046e-01
-2.10000e+00 -2.00000e+00       9.389e+12  3.121609e-01  0.000000e+00 -1.293324e-01  6.878391e-01
-1.40000e+00 -2.00000e+00       1.588e+13  3.248642e-01  0.000000e+00 -2.860557e-01  6.751358e-01
-7.00000e-01 -2.00000e+00       2.330e+13  5.499498e-01  0.000000e+00 -3.093642e-01  4.500502e-01
 0.00000e+00 -2.00000e+00       2.548e+13  6.752417e-01  0.000000e+00 -1.010832e-14  3.247583e-01
 7.00000e-01 -2.00000e+00       2.330e+13  5.499498e-01  0.000000e+00  3.093642e-01  4.500502e-01
 1.40000e+00 -2.00000e+00       1.588e+13  3.248642e-01  0.000000e+00  2.860557e-01  6.751358e-01
 2.10000e+00 -2.00000e+00       9.389e+12  3.121609e-01  0.000000e+00  1.293324e-01  6.878391e-01
 2.80000e+00 -2.00000e+00       4.809e+12  3.953954e-01  0.000000e+00  3.728973e-02  6.046046e-01
 3.50000e+00 -2.00000e+00       1.780e+12  3.882685e-01  0.000000e+00  4.823484e-02  6.117315e-01
 4.20000e+00 -2.00000e+00       4.314e+11  3.299634e-01  0.000000e+00 -1.683544e-02  6.700366e-01
 4.90000e+00 -2.00000e+00       7.216e+10  4.417334e-01  0.000000e+00 -1.140200e-01  5.582666e-01
 5.60000e+00 -2.00000e+00       8.054e+09  5.414782e-01  0.000000e+00  5.400107e-02  4.585218e-01
 6.30000e+00 -2.00000e+00       6.798e+08  1.241713e-01  0.000000e+00  1.711956e-01  8.758287e-01
 7.00000e+00 -2.00000e+00       1.036e+08 -4.405376e-01  0.000000e+00 -3.283012e-01  5.594624e-01
-7.00000e+00 -1.60000e+00       2.270e+08 -1.662907e-01  0.000000e+00  5.137585e-01  8.337093e-01
-6.30000e+00 -1.60000e+00       3.964e+09 -1.212761e-01  0.000000e+00 -3.882791e-02  8.787239e-01
-5.60000e+00 -1.60000e+00       7.133e+10  2.447388e-01  0.000000e+00 -3.624499e-01  7.552612e-01
-4.90000e+00 -1.60000e+00       7.844e+11  5.614289e-01  0.000000e+00 -2.567235e-01  4.385711e-01
-4.20000e+00 -1.60000e+00       4.480e+12  6.134714e-01  0.000000e+00 -2.980671e-02  3.865286e-01
-3.50000e+00 -1.60000e+00       1.507e+13  5.136701e-01  0.000000e+00  3.248917e-02  4.863299e-01
-2.80000e+00 -1.60000e+00       3.722e+13  4.753345e-01  0.000000e+00 -2.624120e-02  5.246655e-01
-2.10000e+00 -1.60000e+00       6.514e+13  3.649383e-01  0.000000e+00 -3.258749e-02  6.350617e-01
-1.40000e+00 -1.60000e+00       7.334e+13  2.787173e-02  0.000000e+00  5.718544e-02  9.721283e-01
-7.00000e-01 -1.60000e+00       4.998e+13 -3.490823e-01  0.000000e+00  2.226105e-01  6.509177e-01
 0.00000e+00 -1.60000e+00       3.013e+13 -5.048561e-01  0.000000e+00  9.871207e-15  4.951439e-01
 7.00000e-01 -1.60000e+00       4.998e+13 -3.490823e-01  0.000000e+00 -2.226105e-01  6.509177e-01
 1.40000e+00 -1.60000e+00       7.334e+13  2.787173e-02  0.000000e+00 -5.718544e-02  9.721283e-01
 2.10000e+00 -1.60000e+00       6.514e+13  3.649383e-01  0.000000e+00  3.258749e-02  6.350617e-01
 2.80000e+00 -1.60000e+00       3.722e+13  4.753345e-01  0.000000e+00  2.624120e-02  5.246655e-01
 3.50000e+00 -1.60000e+00       1.507e+13  5.136701e-01  0.000000e+00 -3.248917e-02  4.863299e-01
 4.20000e+00 -1.60000e+00       4.480e+12  6.134714e-01  0.000000e+00  2.980671e-02  3.865286e-01
 4.90000e+00 -1.60000e+00       7.844e+11  5.614289e-01  0.000000e+00  2.567235e-01  4.385711e-01
 5.60000e+00 -1.60000e+00       7.133e+10  2.447388e-01  0.000000e+00  3.624499e-01  7.552612e-01
 6.30000e+00 -1.60000e+00       3.964e+09 -1.212761e-01  0.000000e+00  3.882791e-02  8.787239e-01
 7.00000e+00 -1.60000e+00       2.270e+08 -1.662907e-01  0.000000e+00 -5.137585e-01  8.337093e-01
-7.00000e+00 -1.20000e+00       2.054e+09  7.950252e-01  0.000000e+00  3.872189e-01  2.049748e-01
-6.30000e+00 -1.20000e+00       3.945e+10  6.336588e-01  0.000000e+00  4.978287e-01  3.663412e-01
-5.60000e+00 -1.20000e+00       4.284e+11  3.593005e-01  0.000000e+00  3.758119e-01  6.406995e-01
-4.90000e+00 -1.20000e+00       3.473e+12  3.390995e-01  0.000000e+00 -5.588456e-02  6.609005e-01
-4.20000e+00 -1.20000e+00       2.179e+13  5.861869e-01  0.000000e+00 -1.957959e-01  4.138131e-01
-3.50000e+00 -1.20000e+00       7.886e+13  6.915630e-01  0.000000e+00 -6.558370e-02  3.084370e-01
-2.80000e+00 -1.20000e+00       1.749e+14  6.690151e-01  0.000000e+00 -1.091572e-03  3.309849e-01
-2.10000e+00 -1.20000e+00       3.137e+14  7.060118e-01  0.000000e+00 -6.677224e-02  2.939882e-01
-1.40000e+00 -1.20000e+00       4.259e+14  7.764014e-01  0.000000e+00 -2.143534e-01  2.235986e-01
-7.00000e-01 -1.20000e+00       3.198e+14  8.015673e-01  0.000000e+00 -3.455954e-01  1.984327e-01
 0.00000e+00 -1.20000e+00       1.839e+14  7.946195e-01  0.000000e+00  8.154160e-15  2.053805e-01
 7.00000e-01 -1.20000e+00       3.198e+14  8.015673e-01  0.000000e+00  3.455954e-01  1.984327e-01
 1.40000e+00 -1.20000e+00       4.259e+14  7.764014e-01  0.000000e+00  2.143534e-01  2.235986e-01
 2.10000e+00 -1.20000e+00       3.137e+14  7.060118e-01  0.000000e+00  6.677224e-02  2.939882e-01
 2.80000e+00 -1.20000e+00       1.749e+14  6.690151e-01  0.000000e+00  1.091572e-03  3.309849e-01
 3.50000e+00 -1.20000e+00       7.886e+13  6.915630e-01  0.000000e+00  6.558370e-02  3.084370e-01
 4.20000e+00 -1.20000e+00       2.179e+13  5.861869e-01  0.000000e+00  1.957959e-01  4.138131e-01
 4.90000e+00 -1.20000e+00       3.473e+12  3.390995e-01  0.000000e+00  5.588456e-02  6.609005e-01
 5.60000e+00 -1.20000e+00       4.284e+11  3.593005e-01  0.000000e+00 -3.758119e-01  6.406995e-01
 6.30000e+00 -1.20000e+00       3.945e+10  6.336588e-01  0.000000e+00 -4.978287e-01  3.663412e-01
 7.00000e+00 -1.20000e+00       2.054e+09  7.950252e-01  0.000000e+00 -3.872189e-01  2.049748e-01
-7.00000e+00 -8.00000e-01       1.182e+10  9.749895e-01  0.000000e+00 -7.843796e-03  2.501049e-02
-6.30000e+00 -8.00000e-01       2.507e+11  9.554450e-01  0.000000e+00  1.265059e-01  4.455497e-02
-5.60000e+00 -8.00000e-01       2.543e+12  8.813229e-01  0.000000e+00  2.646206e-01  1.186771e-01
-4.90000e+00 -8.00000e-01       1.345e+13  7.326423e-01  0.000000e+00  2.817486e-01  2.673577e-01
-4.20000e+00 -8.00000e-01       5.508e+13  6.697438e-01  0.000000e+00  1.788662e-02  3.302562e-01
-3.50000e+00 -8.00000e-01       2.036e+14  7.783111e-01  0.000000e+00 -9.688250e-02  2.216889e-01
-2.80000e+00 -8.00000e-01       4.726e+14  8.211574e-01  0.000000e+00 -3.813578e-02  1.788426e-01
-2.10000e+00 -8.00000e-01       7.472e+14  8.104286e-01  0.000000e+00 -8.355913e-02  1.895714e-01
-1.40000e+00 -8.00000e-01       8.692e+14  7.761204e-01  0.000000e+00 -2.763593e-01  2.238796e-01
-7.00000e-01 -8.00000e-01       6.053e+14  7.005992e-01  0.000000e+00 -4.630290e-01  2.994008e-01
 0.00000e+00 -8.00000e-01       3.582e+14  6.378700e-01  0.000000e+00 -1.823506e-16  3.621300e-01
 7.00000e-01 -8.00000e-01       6.053e+14  7.005992e-01  0.000000e+00  4.630290e-01  2.994008e-01
 1.40000e+00 -8.00000e-01       8.692e+14  7.761204e-01  0.000000e+00  2.763593e-01  2.238796e-01
 2.10000e+00 -8.00000e-01       7.472e+14  8.104286e-01  0.000000e+00  8.355913e-02  1.895714e-01
 2.80000e+00 -8.00000e-01       4.726e+14  8.211574e-01  0.000000e+00  3.813578e-02  1.788426e-01
 3.50000e+00 -8.00000e-01       2.036e+14  7.783111e-01  0.000000e+00  9.688250e-02  2.216889e-01
 4.20000e+00 -8.00000e-01       5.508e+13  6.697438e-01  0.000000e+00 -1.788662e-02  3.302562e-01
 4.90000e+00 -8.00000e-01       1.345e+13  7.326423e-01  0.000000e+00 -2.817486e-01  2.673577e-01
 5.60000e+00 -8.00000e-01       2.543e+12  8.813229e-01  0.000000e+00 -2.646206e-01  1.186771e-01
 6.30000e+00 -8.00000e-01       2.507e+11  9.554450e-01  0.000000e+00 -1.265059e-01  4.455497e-02
 7.00000e+00 -8.00000e-01       1.182e+10  9.749895e-01  0.000000e+00  7.843796e-03  2.501049e-02
-7.00000e+00 -4.00000e-01       2.905e+10  9.900122e-01  0.000000e+00 -9.492364e-02  9.987755e-03
-6.30000e+00 -4.00000e-01       6.582e+11  9.926522e-01  0.000000e+00 -2.411160e-02  7.347833e-03
-5.60000e+00 -4.00000e-01       7.149e+12  9.858333e-01  0.000000e+00  5.612727e-02  1.416666e-02
-4.90000e+00 -4.00000e-01       3.705e+13  9.606020e-01  0.000000e+00  1.291621e-01  3.939796e-02
-4.20000e+00 -4.00000e-01       1.114e+14  9.171345e-01  0.000000e+00  1.009659e-01  8.286545e-02
-3.50000e+00 -4.00000e-01       3.268e+14  9.209647e-01  0.000000e+00 -2.671636e-02  7.903531e-02
-2.80000e+00 -4.00000e-01       7.928e+14  9.445434e-01  0.000000e+00 -2.541344e-02  5.545659e-02
-2.10000e+00 -4.00000e-01       1.308e+15  9.503972e-01  0.000000e+00  1.308783e-02  4.960276e-02
-1.40000e+00 -4.00000e-01       1.756e+15  9.451036e-01  0.000000e+00  4.920259e-02  5.489640e-02
-7.00000e-01 -4.00000e-01       1.625e+15  8.827609e-01  0.000000e+00  9.791835e-02  1.172391e-01
 0.00000e+00 -4.00000e-01       1.315e+15  8.009763e-01  0.000000e+00  4.026291e-16  1.990237e-01
 7.00000e-01 -4.00000e-01       1.625e+15  8.827609e-01  0.000000e+00 -9.791835e-02  1.172391e-01
 1.40000e+00 -4.00000e-01       1.756e+15  9.451036e-01  0.000000e+00 -4.920259e-02  5.489640e-02
 2.10000e+00 -4.00000e-01       1.308e+15  9.503972e-01  0.000000e+00 -1.308783e-02  4.960276e-02
 2.80000e+00 -4.00000e-01       7.928e+14  9.445434e-01  0.000000e+00  2.541344e-02  5.545659e-02
 3.50000e+00 -4.00000e-01       3.268e+14  9.209647e-01  0.000000e+00  2.671636e-02  7.903531e-02
 4.20000e+00 -4.00000e-01       1.114e+14  9.171345e-01  0.000000e+00 -1.009659e-01  8.286545e-02
 4.90000e+00 -4.00000e-01       3.705e+13  9.606020e-01  0.000000e+00 -1.291621e-01  3.939796e-02
 5.60000e+00 -4.00000e-01       7.149e+12  9.858333e-01  0.000000e+00 -5.612727e-02  1.416666e-02
 6.30000e+00 -4.00000e-01       6.582e+11  9.926522e-01  0.000000e+00  2.411160e-02  7.347833e-03
 7.00000e+00 -4.00000e-01       2.905e+10  9.900122e-01  0.000000e+00  9.492364e-02  9.987755e-03
-7.00000e+00  0.00000e+00       3.772e+10  9.999913e-01  0.000000e+00 -8.599884e-16  8.686799e-06
-6.30000e+00  0.00000e+00       8.756e+11  9.999940e-01  0.000000e+00 -8.891336e-15  5.958938e-06
-5.60000e+00  0.00000e+00       9.795e+12  9.999898e-01  0.000000e+00 -1.901746e-14  1.016267e-05
-4.90000e+00  0.00000e+00       5.189e+13  9.999708e-01  0.000000e+00  6.523079e-14  2.921959e-05
-4.20000e+00  0.00000e+00       1.474e+14  9.999297e-01  0.000000e+00  5.144541e-13  7.031427e-05
-3.50000e+00  0.00000e+00       3.826e+14  9.999223e-01  0.000000e+00  8.813119e-13  7.769086e-05
-2.80000e+00  0.00000e+00       9.293e+14  9.999524e-01  0.000000e+00  6.854070e-13  4.760845e-05
-2.10000e+00  0.00000e+00       1.596e+15  9.999657e-01  0.000000e+00  4.445074e-13  3.429806e-05
-1.40000e+00  0.00000e+00       2.539e+15  9.999897e-01  0.000000e+00  1.957287e-13  1.034904e-05
-7.00000e-01  0.00000e+00       3.422e+15  9.999673e-01  0.000000e+00  7.554162e-14  3.268460e-05
 0.00000e+00  0.00000e+00       3.500e+15  9.999406e-01  0.000000e+00  9.528655e-18  5.943347e-05
 7.00000e-01  0.00000e+00       3.422e+15  9.999673e-01  0.000000e+00 -7.552171e-14  3.268460e-05
 1.40000e+00  0.00000e+00       2.539e+15  9.999897e-01  0.000000e+00 -1.957172e-13  1.034904e-05
 2.10000e+00  0.00000e+00       1.596e+15  9.999657e-01  0.000000e+00 -4.444961e-13  3.429806e-05
 2.80000e+00  0.00000e+00       9.293e+14  9.999524e-01  0.000000e+00 -6.853775e-13  4.760845e-05
 3.50000e+00  0.00000e+00       3.826e+14  9.999223e-01  0.000000e+00 -8.813213e-13  7.769086e-05
 4.20000e+00  0.00000e+00       1.474e+14  9.999297e-01  0.000000e+00 -5.146034e-13  7.031427e-05
 4.90000e+00  0.00000e+00       5.189e+13  9.999708e-01  0.000000e+00 -6.535573e-14  2.921959e-05
 5.60000e+00  0.00000e+00       9.795e+12  9.999898e-01  0.000000e+00  1.900162e-14  1.016267e-05
 6.30000e+00  0.00000e+00       8.756e+11  9.999940e-01  0.000000e+00  9.010106e-15  5.958938e-06
 7.00000e+00  0.00000e+00       3.772e+10  9.999913e-01  0.000000e+00  2.063878e-15  8.686799e-06
-7.00000e+00  4.00000e-01       2.905e+10  9.900122e-01  0.000000e+00  9.492364e-02  9.987755e-03
-6.30000e+00  4.00000e-01       6.582e+11  9.926522e-01  0.000000e+00  2.411160e-02  7.347833e-03
-5.60000e+00  4.00000e-01       7.149e+12  9.858333e-01  0.000000e+00 -5.612727e-02  1.416666e-02
-4.90000e+00  4.00000e-01       3.705e+13  9.606020e-01  0.000000e+00 -1.291621e-01  3.939796e-02
-4.20000e+00  4.00000e-01       1.114e+14  9.171345e-01  0.000000e+00 -1.009659e-01  8.286545e-02
-3.50000e+00  4.00000e-01       3.268e+14  9.209647e-01  0.000000e+00  2.671636e-02  7.903531e-02
-2.80000e+00  4.00000e-01       7.928e+14  9.445434e-01  0.000000e+00  2.541344e-02  5.545659e-02
-2.10000e+00  4.00000e-01       1.308e+15  9.503972e-01  0.000000e+00 -1.308783e-02  4.960276e-02
-1.40000e+00  4.00000e-01       1.756e+15  9.451036e-01  0.000000e+00 -4.920259e-02  5.489640e-02
-7.00000e-01  4.00000e-01       1.625e+15  8.827609e-01  0.000000e+00 -9.791835e-02  1.172391e-01
 0.00000e+00  4.00000e-01       1.315e+15  8.009763e-01  0.000000e+00 -3.988371e-16  1.990237e-01
 7.00000e-01  4.00000e-01       1.625e+15  8.827609e-01  0.000000e+00  9.791835e-02  1.172391e-01
 1.40000e+00  4.00000e-01       1.756e+15  9.451036e-01  0.000000e+00  4.920259e-02  5.489640e-02
 2.10000e+00  4.00000e-01       1.308e+15  9.503972e-01  0.000000e+00  1.308783e-02  4.960276e-02
 2.80000e+00  4.00000e-01       7.928e+14  9.445434e-01  0.000000e+00 -2.541344e-02  5.545659e-02
 3.50000e+00  4.00000e-01       3.268e+14  9.209647e-01  0.000000e+00 -2.671636e-02  7.903531e-02
 4.20000e+00  4.00000e-01       1.114e+14  9.171345e-01  0.000000e+00  1.009659e-01  8.286545e-02
 4.90000e+00  4.00000e-01       3.705e+13  9.606020e-01  0.000000e+00  1.291621e-01  3.939796e-02
 5.60000e+00  4.00000e-01       7.149e+12  9.858333e-01  0.000000e+00  5.612727e-02  1.416666e-02
 6.30000e+00  4.00000e-01       6.582e+11  9.926522e-01  0.000000e+00 -2.411160e-02  7.347833e-03
 7.00000e+00  4.00000e-01       2.905e+10  9.900122e-01  0.000000e+00 -9.492364e-02  9.987755e-03
-7.00000e+00  8.00000e-01       1.182e+10  9.749895e-01  0.000000e+00  7.843796e-03  2.501049e-02
-6.30000e+00  8.00000e-01       2.507e+11  9.554450e-01  0.000000e+00 -1.265059e-01  4.455497e-02
-5.60000e+00  8.00000e-01       2.543e+12  8.813229e-01  0.000000e+00 -2.646206e-01  1.186771e-01
-4.90000e+00  8.00000e-01       1.345e+13  7.326423e-01  0.000000e+00 -2.817486e-01  2.673577e-01
-4.20000e+00  8.00000e-01       5.508e+13  6.697438e-01  0.000000e+00 -1.788662e-02  3.302562e-01
-3.50000e+00  8.00000e-01       2.036e+14  7.783111e-01  0.000000e+00  9.688250e-02  2.216889e-01
-2.80000e+00  8.00000e-01       4.726e+14  8.211574e-01  0.000000e+00  3.813578e-02  1.788426e-01
-2.10000e+00  8.00000e-01       7.472e+14  8.104286e-01  0.000000e+00  8.355913e-02  1.895714e-01
-1.40000e+00  8.00000e-01       8.692e+14  7.761204e-01  0.000000e+00  2.763593e-01  2.238796e-01
-7.00000e-01  8.00000e-01       6.053e+14  7.005992e-01  0.000000e+00  4.630290e-01  2.994008e-01
 0.00000e+00  8.00000e-01       3.582e+14  6.378700e-01  0.000000e+00  6.611532e-17  3.621300e-01
 7.00000e-01  8.00000e-01       6.053e+14  7.005992e-01  0.000000e+00 -4.630290e-01  2.994008e-01
 1.40000e+00  8.00000e-01       8.692e+14  7.761204e-01  0.000000e+00 -2.763593e-01  2.238796e-01
 2.10000e+00  8.00000e-01       7.472e+14  8.104286e-01  0.000000e+00 -8.355913e-02  1.895714e-01
 2.80000e+00  8.00000e-01       4.726e+14  8.211574e-01  0.000000e+00 -3.813578e-02  1.788426e-01
 3.50000e+00  8.00000e-01       2.036e+14  7.783111e-01  0.000000e+00 -9.688250e-02  2.216889e-01
 4.20000e+00  8.00000e-01       5.508e+13  6.697438e-01  0.000000e+00  1.788662e-02  3.302562e-01
 4.90000e+00  8.00000e-01       1.345e+13  7.326423e-01  0.000000e+00  2.817486e-01  2.673577e-01
 5.60000e+00  8.00000e-01       2.543e+12  8.813229e-01  0.000000e+00  2.646206e-01  1.186771e-01
 6.30000e+00  8.00000e-01       2.507e+11  9.554450e-01  0.000000e+00  1.265059e-01  4.455497e-02
 7.00000e+00  8.00000e-01       1.182e+10  9.749895e-01  0.000000e+00 -7.843796e-03  2.501049e-02
-7.00000e+00  1.20000e+00       2.054e+09  7.950252e-01  0.000000e+00 -3.872189e-01  2.049748e-01
-6.30000e+00  1.20000e+00       3.945e+10  6.336588e-01  0.000000e+00 -4.978287e-01  3.663412e-01
-5.60000e+00  1.20000e+00       4.284e+11  3.593005e-01  0.000000e+00 -3.758119e-01  6.406995e-01
-4.90000e+00  1.20000e+00       3.473e+12  3.390995e-01  0.000000e+00  5.588456e-02  6.609005e-01
-4.20000e+00  1.20000e+00       2.179e+13  5.861869e-01  0.000000e+00  1.957959e-01  4.138131e-01
-3.50000e+00  1.20000e+00       7.886e+13  6.915630e-01  0.000000e+00  6.558370e-02  3.084370e-01
-2.80000e+00  1.20000e+00       1.749e+14  6.690151e-01  0.000000e+00  1.091572e-03  3.309849e-01
-2.10000e+00  1.20000e+00       3.137e+14  7.060118e-01  0.000000e+00  6.677224e-02  2.939882e-01
-1.40000e+00  1.20000e+00       4.259e+14  7.764014e-01  0.000000e+00  2.143534e-01  2.235986e-01
-7.00000e-01  1.20000e+00       3.198e+14  8.015673e-01  0.000000e+00  3.455954e-01  1.984327e-01
 0.00000e+00  1.20000e+00       1.839e+14  7.946195e-01  0.000000e+00 -9.134662e-15  2.053805e-01
 7.00000e-01  1.20000e+00       3.198e+14  8.015673e-01  0.000000e+00 -3.455954e-01  1.984327e-01
 1.40000e+00  1.20000e+00       4.259e+14  7.764014e-01  0.000000e+00 -2.143534e-01  2.235986e-01
 2.10000e+00  1.20000e+00       3.137e+14  7.060118e-01  0.000000e+00 -6.677224e-02  2.939882e-01
 2.80000e+00  1.20000e+00       1.749e+14  6.690151e-01  0.000000e+00 -1.091572e-03  3.309849e-01
 3.50000e+00  1.20000e+00       7.886e+13  6.915630e-01  0.000000e+00 -6.558370e-02  3.084370e-01
 4.20000e+00  1.20000e+00       2.179e+13  5.861869e-01  0.000000e+00 -1.957959e-01  4.138131e-01
 4.90000e+00  1.20000e+00       3.473e+12  3.390995e-01  0.000000e+00 -5.588456e-02  6.609005e-01
 5.60000e+00  1.20000e+00       4.284e+11  3.593005e-01  0.000000e+00  3.758119e-01  6.406995e-01
 6.30000e+00  1.20000e+00       3.945e+10  6.336588e-01  0.000000e+00  4.978287e-01  3.663412e-01
 7.00000e+00  1.20000e+00       2.054e+09  7.950252e-01  0.000000e+00  3.872189e-01  2.049748e-01
-7.00000e+00  1.60000e+00       2.270e+08 -1.662907e-01  0.000000e+00 -5.137585e-01  8.337093e-01
-6.30000e+00  1.60000e+00       3.964e+09 -1.212761e-01  0.000000e+00  3.882791e-02  8.787239e-01
-5.60000e+00  1.60000e+00       7.133e+10  2.447388e-01  0.000000e+00  3.624499e-01  7.552612e-01
-4.90000e+00  1.60000e+00       7.844e+11  5.614289e-01  0.000000e+00  2.567235e-01  4.385711e-01
-4.20000e+00  1.60000e+00       4.480e+12  6.134714e-01  0.000000e+00  2.980671e-02  3.865286e-01
-3.50000e+00  1.60000e+00       1.507e+13  5.136701e-01  0.000000e+00 -3.248917e-02  4.863299e-01
-2.80000e+00  1.60000e+00       3.722e+13  4.753345e-01  0.000000e+00  2.624120e-02  5.246655e-01
-2.10000e+00  1.60000e+00       6.514e+13  3.649383e-01  0.000000e+00  3.258749e-02  6.350617e-01
-1.40000e+00  1.60000e+00       7.334e+13  2.787173e-02  0.000000e+00 -5.718544e-02  9.721283e-01
-7.00000e-01  1.60000e+00       4.998e+13 -3.490823e-01  0.000000e+00 -2.226105e-01  6.509177e-01
 0.00000e+00  1.60000e+00       3.013e+13 -5.048561e-01  0.000000e+00 -9.911151e-15  4.951439e-01
 7.00000e-01  1.60000e+00       4.998e+13 -3.490823e-01  0.000000e+00  2.226105e-01  6.509177e-01
 1.40000e+00  1.60000e+00       7.334e+13  2.787173e-02  0.000000e+00  5.718544e-02  9.721283e-01
 2.10000e+00  1.60000e+00       6.514e+13  3.649383e-01  0.000000e+00 -3.258749e-02  6.350617e-01
 2.80000e+00  1.60000e+00       3.722e+13  4.753345e-01  0.000000e+00 -2.624120e-02  5.246655e-01
 3.50000e+00  1.60000e+00       1.507e+13  5.136701e-01  0.000000e+00  3.248917e-02  4.863299e-01
 4.20000e+00  1.60000e+00       4.480e+12  6.134714e-01  0.000000e+00 -2.980671e-02  3.865286e-01
 4.90000e+00  1.60000e+00       7.844e+11  5.614289e-01  0.000000e+00 -2.567235e-01  4.385711e-01
 5.60000e+00  1.60000e+00       7.133e+10  2.447388e-01  0.000000e+00 -3.624499e-01  7.552612e-01
 6.30000e+00  1.60000e+00       3.964e+09 -1.212761e-01  0.000000e+00 -3.882791e-02  8.787239e-01
 7.00000e+00  1.60000e+00       2.270e+08 -1.662907e-01  0.000000e+00  5.137585e-01  8.337093e-01
-7.00000e+00  2.00000e+00       1.036e+08 -4.405376e-01  0.000000e+00 -3.283012e-01  5.594624e-01
-6.30000e+00  2.00000e+00       6.798e+08  1.241713e-01  0.000000e+00  1.711956e-01  8.758287e-01
-5.60000e+00  2.00000e+00       8.054e+09  5.414782e-01  0.000000e+00  5.400107e-02  4.585218e-01
-4.90000e+00  2.00000e+00       7.216e+10  4.417334e-01  0.000000e+00 -1.140200e-01  5.582666e-01
-4.20000e+00  2.00000e+00       4.314e+11  3.299634e-01  0.000000e+00 -1.683544e-02  6.700366e-01
-3.50000e+00  2.00000e+00       1.780e+12  3.882685e-01  0.000000e+00  4.823484e-02  6.117315e-01
-2.80000e+00  2.00000e+00       4.809e+12  3.953954e-01  0.000000e+00  3.728973e-02  6.046046e-01
-2.10000e+00  2.00000e+00       9.389e+12  3.121609e-01  0.000000e+00  1.293324e-01  6.878391e-01
-1.40000e+00  2.00000e+00       1.588e+13  3.248642e-01  0.000000e+00  2.860557e-01  6.751358e-01
-7.00000e-01  2.00000e+00       2.330e+13  5.499498e-01  0.000000e+00  3.093642e-01  4.500502e-01
 0.00000e+00  2.00000e+00       2.548e+13  6.752417e-01  0.000000e+00  1.006062e-14  3.247583e-01
 7.00000e-01  2.00000e+00       2.330e+13  5.499498e-01  0.000000e+00 -3.093642e-01  4.500502e-01
 1.40000e+00  2.00000e+00       1.588e+13  3.248642e-01  0.000000e+00 -2.860557e-01  6.751358e-01
 2.10000e+00  2.00000e+00       9.389e+12  3.121609e-01  0.000000e+00 -1.293324e-01  6.878391e-01
 2.80000e+00  2.00000e+00       4.809e+12  3.953954e-01  0.000000e+00 -3.728973e-02  6.046046e-01
 3.50000e+00  2.00000e+00       1.780e+12  3.882685e-01  0.000000e+00 -4.823484e-02  6.117315e-01
 4.20000e+00  2.00000e+00       4.314e+11  3.299634e-01  0.000000e+00  1.683544e-02  6.700366e-01
 4.90000e+00  2.00000e+00       7.216e+10  4.417334e-01  0.000000e+00  1.140200e-01  5.582666e-01
 5.60000e+00  2.00000e+00       8.054e+09  5.414782e-01  0.000000e+00 -5.400107e-02  4.585218e-01
 6.30000e+00  2.00000e+00       6.798e+08  1.241713e-01  0.000000e+00 -1.711956e-01  8.758287e-01
 7.00000e+00  2.00000e+00       1.036e+08 -4.405376e-01  0.000000e+00  3.283012e-01  5.594624e-01
-7.00000e+00  2.40000e+00       6.366e+07 -6.390723e-01  0.000000e+00 -2.420263e-01  3.609277e-01
-6.30000e+00  2.40000e+00       2.303e+08 -5.136491e-01  0.000000e+00  5.989616e-02  4.863509e-01
-5.60000e+00  2.40000e+00       8.679e+08 -1.561392e-01  0.000000e+00  2.607121e-01  8.438608e-01
-4.90000e+00  2.40000e+00       4.307e+09  2.079584e-01  0.000000e+00  2.470651e-01  7.920416e-01
-4.20000e+00  2.40000e+00       2.298e+10  3.467254e-01  0.000000e+00  1.076816e-01  6.532746e-01
-3.50000e+00  2.40000e+00       9.866e+10  3.233811e-01  0.000000e+00  2.369658e-02  6.766189e-01
-2.80000e+00  2.40000e+00       3.069e+11  3.344302e-01  0.000000e+00 -3.895833e-02  6.655698e-01
-2.10000e+00  2.40000e+00       7.099e+11  4.287302e-01  0.000000e+00 -1.922079e-01  5.712698e-01
-1.40000e+00  2.40000e+00       1.251e+12  5.569956e-01  0.000000e+00 -3.968378e-01  4.430044e-01
-7.00000e-01  2.40000e+00       1.396e+12  5.816387e-01  0.000000e+00 -4.702212e-01  4.183613e-01
 0.00000e+00  2.40000e+00       1.176e+12  5.541710e-01  0.000000e+00 -4.964454e-15  4.458290e-01
 7.00000e-01  2.40000e+00       1.396e+12  5.816387e-01  0.000000e+00  4.702212e-01  4.183613e-01
 1.40000e+00  2.40000e+00       1.251e+12  5.569956e-01  0.000000e+00  3.968378e-01  4.430044e-01
 2.10000e+00  2.40000e+00       7.099e+11  4.287302e-01  0.000000e+00  1.922079e-01  5.712698e-01
 2.80000e+00  2.40000e+00       3.069e+11  3.344302e-01  0.000000e+00  3.895833e-02  6.655698e-01
 3.50000e+00  2.40000e+00       9.866e+10  3.233811e-01  0.000000e+00 -2.369658e-02  6.766189e-01
 4.20000e+00  2.40000e+00       2.298e+10  3.467254e-01  0.000000e+00 -1.076816e-01  6.532746e-01
 4.90000e+00  2.40000e+00       4.307e+09  2.079584e-01  0.000000e+00 -2.470651e-01  7.920416e-01
 5.60000e+00  2.40000e+00       8.679e+08 -1.561392e-01  0.000000e+00 -2.607121e-01  8.438608e-01
 6.30000e+00  2.40000e+00       2.303e+08 -5.136491e-01  0.000000e+00 -5.989616e-02  4.863509e-01
 7.00000e+00  2.40000e+00       6.366e+07 -6.390723e-01  0.000000e+00  2.420263e-01  3.609277e-01
-7.00000e+00  2.80000e+00       4.873e+07 -7.096034e-01  0.000000e+00 -8.217365e-02  2.903966e-01
-6.30000e+00  2.80000e+00       1.737e+08 -5.886883e-01  0.000000e+00  1.531245e-01  4.113117e-01
-5.60000e+00  2.80000e+00       4.924e+08 -2.756840e-01  0.000000e+00  3.636641e-01  7.243160e-01
-4.90000e+00  2.80000e+00       1.326e+09  1.162616e-01  0.000000e+00  4.088058e-01  8.837384e-01
-4.20000e+00  2.80000e+00       3.449e+09  3.817697e-01  0.000000e+00  3.262240e-01  6.182303e-01
-3.50000e+00  2.80000e+00       8.853e+09  4.996459e-01  0.000000e+00  1.948816e-01  5.003541e-01
-2.80000e+00  2.80000e+00       1.871e+10  4.558546e-01  0.000000e+00  7.913761e-02  5.441454e-01
-2.10000e+00  2.80000e+00       3.011e+10  2.957355e-01  0.000000e+00 -1.417249e-01  7.042645e-01
-1.40000e+00  2.80000e+00       5.583e+10  2.742878e-01  0.000000e+00 -4.022698e-01  7.257122e-01
-7.00000e-01  2.80000e+00       1.050e+11  3.743216e-01  0.000000e+00 -2.942104e-01  6.256784e-01
 0.00000e+00  2.80000e+00       1.284e+11  4.183721e-01  0.000000e+00 -1.732514e-15  5.816279e-01
 7.00000e-01  2.80000e+00       1.050e+11  3.743216e-01  0.000000e+00  2.942104e-01  6.256784e-01
 1.40000e+00  2.80000e+00       5.583e+10  2.742878e-01  0.000000e+00  4.022698e-01  7.257122e-01
 2.10000e+00  2.80000e+00       3.011e+10  2.957355e-01  0.000000e+00  1.417249e-01  7.042645e-01
 2.80000e+00  2.80000e+00       1.871e+10  4.558546e-01  0.000000e+00 -7.913761e-02  5.441454e-01
 3.50000e+00  2.80000e+00       8.853e+09  4.996459e-01  0.000000e+00 -1.948816e-01  5.003541e-01
 4.20000e+00  2.80000e+00       3.449e+09  3.817697e-01  0.000000e+00 -3.262240e-01  6.182303e-01
 4.90000e+00  2.80000e+00       1.326e+09  1.162616e-01  0.000000e+00 -4.088058e-01  8.837384e-01
 5.60000e+00  2.80000e+00       4.924e+08 -2.756840e-01  0.000000e+00 -3.636641e-01  7.243160e-01
 6.30000e+00  2.80000e+00       1.737e+08 -5.886883e-01  0.000000e+00 -1.531245e-01  4.113117e-01
 7.00000e+00  2.80000e+00       4.873e+07 -7.096034e-01  0.000000e+00  8.217365e-02  2.903966e-01
-7.00000e+00  3.20000e+00       1.386e+07 -6.416349e-01  0.000000e+00  2.805583e-01  3.583651e-01
-6.30000e+00  3.20000e+00       9.515e+07 -5.259160e-01  0.000000e+00  3.537069e-01  4.740840e-01
-5.60000e+00  3.20000e+00       3.432e+08 -2.580547e-01  0.000000e+00  4.263108e-01  7.419453e-01
-4.90000e+00  3.20000e+00       9.231e+08  1.118837e-01  0.000000e+00  4.360936e-01  8.881163e-01
-4.20000e+00  3.20000e+00       2.155e+09  3.939368e-01  0.000000e+00  3.727677e-01  6.060632e-01
-3.50000e+00  3.20000e+00       4.445e+09  5.857453e-01  0.000000e+00  2.636176e-01  4.142547e-01
-2.80000e+00  3.20000e+00       6.474e+09  5.994953e-01  0.000000e+00  1.951742e-01  4.005047e-01
-2.10000e+00  3.20000e+00       3.651e+09 -2.278851e-01  0.000000e+00 -2.206842e-02  7.721149e-01
-1.40000e+00  3.20000e+00       7.730e+09 -7.060235e-02  0.000000e+00 -6.322967e-01  9.293976e-01
-7.00000e-01  3.20000e+00       3.844e+10  6.344184e-01  0.000000e+00 -1.649359e-01  3.655816e-01
 0.00000e+00  3.20000e+00       5.881e+10  6.948030e-01  0.000000e+00  2.105785e-16  3.051970e-01
 7.00000e-01  3.20000e+00       3.844e+10  6.344184e-01  0.000000e+00  1.649359e-01  3.655816e-01
 1.40000e+00  3.20000e+00       7.730e+09 -7.060235e-02  0.000000e+00  6.322967e-01  9.293976e-01
 2.10000e+00  3.20000e+00       3.651e+09 -2.278851e-01  0.000000e+00  2.206842e-02  7.721149e-01
 2.80000e+00  3.20000e+00       6.474e+09  5.994953e-01  0.000000e+00 -1.951742e-01  4.005047e-01
 3.50000e+00  3.20000e+00       4.445e+09  5.857453e-01  0.000000e+00 -2.636176e-01  4.142547e-01
 4.20000e+00  3.20000e+00       2.155e+09  3.939368e-01  0.000000e+00 -3.727677e-01  6.060632e-01
 4.90000e+00  3.20000e+00       9.231e+08  1.118837e-01  0.000000e+00 -4.360936e-01  8.881163e-01
 5.60000e+00  3.20000e+00       3.432e+08 -2.580547e-01  0.000000e+00 -4.263108e-01  7.419453e-01
 6.30000e+00  3.20000e+00       9.515e+07 -5.259160e-01  0.000000e+00 -3.537069e-01  4.740840e-01
 7.00000e+00  3.20000e+00       1.386e+07 -6.416349e-01  0.000000e+00 -2.805583e-01  3.583651e-01
-7.00000e+00  3.60000e+00       2.865e+06 -4.533389e-01  0.000000e+00  5.031820e-01  5.466611e-01
-6.30000e+00  3.60000e+00       3.838e+07 -3.543829e-01  0.000000e+00  4.997563e-01  6.456171e-01
-5.60000e+00  3.60000e+00       2.202e+08 -1.355778e-01  0.000000e+00  4.916618e-01  8.644222e-01
-4.90000e+00  3.60000e+00       7.325e+08  1.344797e-01  0.000000e+00  4.641869e-01  8.655203e-01
-4.20000e+00  3.60000e+00       1.662e+09  3.807224e-01  0.000000e+00  3.817954e-01  6.192776e-01
-3.50000e+00  3.60000e+00       3.411e+09  5.989629e-01  0.000000e+00  2.577583e-01  4.010371e-01
-2.80000e+00  3.60000e+00       5.192e+09  6.053391e-01  0.000000e+00  2.110991e-01  3.946609e-01
-2.10000e+00  3.60000e+00       2.655e+09 -2.605449e-01  0.000000e+00  8.523597e-02  7.394551e-01
-1.40000e+00  3.60000e+00       5.347e+09 -6.225681e-02  0.000000e+00 -5.782482e-01  9.377432e-01
-7.00000e-01  3.60000e+00       2.934e+10  6.846467e-01  0.000000e+00 -1.415482e-01  3.153533e-01
 0.00000e+00  3.60000e+00       4.530e+10  7.411878e-01  0.000000e+00  1.965384e-16  2.588122e-01
 7.00000e-01  3.60000e+00       2.934e+10  6.846467e-01  0.000000e+00  1.415482e-01  3.153533e-01
 1.40000e+00  3.60000e+00       5.347e+09 -6.225681e-02  0.000000e+00  5.782482e-01  9.377432e-01
 2.10000e+00  3.60000e+00       2.655e+09 -2.605449e-01  0.000000e+00 -8.523597e-02  7.394551e-01
 2.80000e+00  3.60000e+00       5.192e+09  6.053391e-01  0.000000e+00 -2.110991e-01  3.946609e-01
 3.50000e+00  3.60000e+00       3.411e+09  5.989629e-01  0.000000e+00 -2.577583e-01  4.010371e-01
 4.20000e+00  3.60000e+00       1.662e+09  3.807224e-01  0.000000e+00 -3.817954e-01  6.192776e-01
 4.90000e+00  3.60000e+00       7.325e+08  1.344797e-01  0.000000e+00 -4.641869e-01  8.655203e-01
 5.60000e+00  3.60000e+00       2.202e+08 -1.355778e-01  0.000000e+00 -4.916618e-01  8.644222e-01
 6.30000e+00  3.60000e+00       3.838e+07 -3.543829e-01  0.000000e+00 -4.997563e-01  6.456171e-01
 7.00000e+00  3.60000e+00       2.865e+06 -4.533389e-01  0.000000e+00 -5.031820e-01  5.466611e-01
-7.00000e+00  4.00000e+00       3.998e+04  9.999684e-01  0.000000e+00  1.717530e-02  3.160941e-05
-6.30000e+00  4.00000e+00       1.905e+06  9.265806e-01  0.000000e+00  5.174767e-02  7.341941e-02
-5.60000e+00  4.00000e+00       3.006e+07  8.358090e-01  0.000000e+00  1.101361e-01  1.641910e-01
-4.90000e+00  4.00000e+00       2.109e+08  7.182141e-01  0.000000e+00  1.907705e-01  2.817859e-01
-4.20000e+00  4.00000e+00       8.279e+08  6.594244e-01  0.000000e+00  2.331686e-01  3.405756e-01
-3.50000e+00  4.00000e+00       2.194e+09  7.089260e-01  0.000000e+00  1.983732e-01  2.910740e-01
-2.80000e+00  4.00000e+00       3.093e+09  6.866062e-01  0.000000e+00  1.751715e-01  3.133938e-01
-2.10000e+00  4.00000e+00       1.506e+09 -1.173533e-01  0.000000e+00 -6.174910e-02  8.826467e-01
-1.40000e+00  4.00000e+00       1.823e+09 -7.849791e-01  0.000000e+00 -1.271479e+00  2.150209e-01
-7.00000e-01  4.00000e+00       2.136e+10  7.355907e-01  0.000000e+00 -1.382863e-01  2.644093e-01
 0.00000e+00  4.00000e+00       3.437e+10  7.869699e-01  0.000000e+00  2.640853e-16  2.130301e-01
 7.00000e-01  4.00000e+00       2.136e+10  7.355907e-01  0.000000e+00  1.382863e-01  2.644093e-01
 1.40000e+00  4.00000e+00       1.823e+09 -7.849791e-01  0.000000e+00  1.271479e+00  2.150209e-01
 2.10000e+00  4.00000e+00       1.506e+09 -1.173533e-01  0.000000e+00  6.174910e-02  8.826467e-01
 2.80000e+00  4.00000e+00       3.093e+09  6.866062e-01  0.000000e+00 -1.751715e-01  3.133938e-01
 3.50000e+00  4.00000e+00       2.194e+09  7.089260e-01  0.000000e+00 -1.983732e-01  2.910740e-01
 4.20000e+00  4.00000e+00       8.279e+08  6.594244e-01  0.000000e+00 -2.331686e-01  3.405756e-01
 4.90000e+00  4.00000e+00       2.109e+08  7.182141e-01  0.000000e+00 -1.907705e-01  2.817859e-01
 5.60000e+00  4.00000e+00       3.006e+07  8.358090e-01  0.000000e+00 -1.101361e-01  1.641910e-01
 6.30000e+00  4.00000e+00       1.905e+06  9.265806e-01  0.000000e+00 -5.174767e-02  7.341941e-02
 7.00000e+00  4.00000e+00       3.998e+04  9.999684e-01  0.000000e+00 -1.717529e-02  3.160715e-05
