 EB(GeV)    EMITTANCEx EMITTANCEy SIZEx(m)   SIZEy(m)   DIVx(rad)  DIVy(rad)
 2.411e+00  5.499e-09  1.017e-12  8.711e-05  1.009e-06  6.313e-05  1.009e-06
 betax      alphax     betay      alphay     eta        deta       E_spread  
 1.380e+00  0.000e+00  1.000e+00  0.000e+00  0.000e+00  0.000e+00  8.600e-04
 Ibeam(A)   period(cm) #periods   Kx         Ky         Energy(eV)
 4.005e-01  1.900e+00         96  0.000e+00  1.780e+00  3.940e+04


           x            y       F.Density            PL            PC          PL45        1-|PL|
          mm           mm  ph/s/mr^2/0.1%             -             -             -             -
-7.00000e+00 -4.00000e+00       2.200e+00 -8.595904e-01  0.000000e+00  5.129777e-01  1.404096e-01
-6.30000e+00 -4.00000e+00       1.447e+01 -3.569613e-01  0.000000e+00  3.079966e-01  6.430387e-01
-5.60000e+00 -4.00000e+00       3.815e+02  8.926663e-01  0.000000e+00  2.481117e-02  1.073337e-01
-4.90000e+00 -4.00000e+00       6.758e+03  9.948085e-01  0.000000e+00  9.630472e-03  5.191475e-03
-4.20000e+00 -4.00000e+00       2.130e+04  9.995920e-01  0.000000e+00  2.406295e-02  4.079661e-04
-3.50000e+00 -4.00000e+00       1.664e+05  9.870161e-01  0.000000e+00  5.023254e-03  1.298385e-02
-2.80000e+00 -4.00000e+00       4.529e+05  8.360635e-01  0.000000e+00 -5.185887e-02  1.639365e-01
-2.10000e+00 -4.00000e+00       5.181e+06  6.247024e-01  0.000000e+00 -6.021753e-02  3.752976e-01
-1.40000e+00 -4.00000e+00       1.729e+07 -1.614454e-01  0.000000e+00 -1.045935e-01  8.385546e-01
-7.00000e-01 -4.00000e+00       7.447e+07 -6.005369e-02  0.000000e+00 -4.798267e-02  9.399463e-01
 0.00000e+00 -4.00000e+00       1.362e+08  9.422454e-02  0.000000e+00 -9.782169e-16  9.057755e-01
 7.00000e-01 -4.00000e+00       7.447e+07 -6.005369e-02  0.000000e+00  4.798267e-02  9.399463e-01
 1.40000e+00 -4.00000e+00       1.729e+07 -1.614454e-01  0.000000e+00  1.045935e-01  8.385546e-01
 2.10000e+00 -4.00000e+00       5.181e+06  6.247024e-01  0.000000e+00  6.021753e-02  3.752976e-01
 2.80000e+00 -4.00000e+00       4.529e+05  8.360635e-01  0.000000e+00  5.185887e-02  1.639365e-01
 3.50000e+00 -4.00000e+00       1.664e+05  9.870161e-01  0.000000e+00 -5.023254e-03  1.298385e-02
 4.20000e+00 -4.00000e+00       2.130e+04  9.995920e-01  0.000000e+00 -2.406295e-02  4.079661e-04
 4.90000e+00 -4.00000e+00       6.758e+03  9.948085e-01  0.000000e+00 -9.630472e-03  5.191475e-03
 5.60000e+00 -4.00000e+00       3.815e+02  8.926663e-01  0.000000e+00 -2.481117e-02  1.073337e-01
 6.30000e+00 -4.00000e+00       1.447e+01 -3.569613e-01  0.000000e+00 -3.079966e-01  6.430387e-01
 7.00000e+00 -4.00000e+00       2.200e+00 -8.595842e-01  0.000000e+00 -5.129844e-01  1.404158e-01
-7.00000e+00 -3.60000e+00       1.186e+01 -6.182841e-01  0.000000e+00  7.729624e-01  3.817159e-01
-6.30000e+00 -3.60000e+00       2.166e+01 -7.463355e-01  0.000000e+00  6.784029e-01  2.536645e-01
-5.60000e+00 -3.60000e+00       4.413e+02  8.916352e-01  0.000000e+00  3.295953e-02  1.083648e-01
-4.90000e+00 -3.60000e+00       7.832e+03  9.964891e-01  0.000000e+00  1.271179e-02  3.510864e-03
-4.20000e+00 -3.60000e+00       2.478e+04  9.970714e-01  0.000000e+00  3.148965e-02  2.928576e-03
-3.50000e+00 -3.60000e+00       1.927e+05  9.871547e-01  0.000000e+00  6.430283e-03  1.284527e-02
-2.80000e+00 -3.60000e+00       5.151e+05  8.386381e-01  0.000000e+00 -6.077510e-02  1.613619e-01
-2.10000e+00 -3.60000e+00       6.043e+06  6.122040e-01  0.000000e+00 -5.989962e-02  3.877960e-01
-1.40000e+00 -3.60000e+00       1.748e+07 -5.610478e-01  0.000000e+00 -1.073344e-01  4.389522e-01
-7.00000e-01 -3.60000e+00       1.348e+08  1.184708e-01  0.000000e+00 -2.663600e-02  8.815292e-01
 0.00000e+00 -3.60000e+00       2.487e+08  2.223479e-01  0.000000e+00 -1.133394e-15  7.776521e-01
 7.00000e-01 -3.60000e+00       1.348e+08  1.184708e-01  0.000000e+00  2.663600e-02  8.815292e-01
 1.40000e+00 -3.60000e+00       1.748e+07 -5.610478e-01  0.000000e+00  1.073344e-01  4.389522e-01
 2.10000e+00 -3.60000e+00       6.043e+06  6.122040e-01  0.000000e+00  5.989962e-02  3.877960e-01
 2.80000e+00 -3.60000e+00       5.151e+05  8.386381e-01  0.000000e+00  6.077510e-02  1.613619e-01
 3.50000e+00 -3.60000e+00       1.927e+05  9.871547e-01  0.000000e+00 -6.430283e-03  1.284527e-02
 4.20000e+00 -3.60000e+00       2.478e+04  9.970714e-01  0.000000e+00 -3.148965e-02  2.928576e-03
 4.90000e+00 -3.60000e+00       7.832e+03  9.964891e-01  0.000000e+00 -1.271179e-02  3.510864e-03
 5.60000e+00 -3.60000e+00       4.413e+02  8.916352e-01  0.000000e+00 -3.295953e-02  1.083648e-01
 6.30000e+00 -3.60000e+00       2.166e+01 -7.463355e-01  0.000000e+00 -6.784029e-01  2.536645e-01
 7.00000e+00 -3.60000e+00       1.186e+01 -6.182841e-01  0.000000e+00 -7.729624e-01  3.817159e-01
-7.00000e+00 -3.20000e+00       1.555e+01 -4.198980e-01  0.000000e+00  8.824987e-01  5.801020e-01
-6.30000e+00 -3.20000e+00       2.041e+01 -6.956600e-01  0.000000e+00  7.476387e-01  3.043400e-01
-5.60000e+00 -3.20000e+00       5.259e+02  9.035021e-01  0.000000e+00  3.259757e-02  9.649793e-02
-4.90000e+00 -3.20000e+00       9.393e+03  9.984487e-01  0.000000e+00  1.703359e-02  1.551337e-03
-4.20000e+00 -3.20000e+00       2.993e+04  9.923011e-01  0.000000e+00  4.167726e-02  7.698928e-03
-3.50000e+00 -3.20000e+00       2.303e+05  9.882733e-01  0.000000e+00  8.223413e-03  1.172669e-02
-2.80000e+00 -3.20000e+00       5.255e+05  8.967487e-01  0.000000e+00 -8.150994e-02  1.032513e-01
-2.10000e+00 -3.20000e+00       8.937e+06  8.753489e-01  0.000000e+00 -4.348495e-02  1.246511e-01
-1.40000e+00 -3.20000e+00       3.974e+07  6.546945e-01  0.000000e+00 -3.180087e-02  3.453055e-01
-7.00000e-01 -3.20000e+00       5.132e+07 -3.884468e-01  0.000000e+00 -2.899430e-02  6.115532e-01
 0.00000e+00 -3.20000e+00       8.661e+07 -4.513083e-01  0.000000e+00 -2.027076e-15  5.486917e-01
 7.00000e-01 -3.20000e+00       5.132e+07 -3.884468e-01  0.000000e+00  2.899430e-02  6.115532e-01
 1.40000e+00 -3.20000e+00       3.974e+07  6.546945e-01  0.000000e+00  3.180087e-02  3.453055e-01
 2.10000e+00 -3.20000e+00       8.937e+06  8.753489e-01  0.000000e+00  4.348495e-02  1.246511e-01
 2.80000e+00 -3.20000e+00       5.255e+05  8.967487e-01  0.000000e+00  8.150994e-02  1.032513e-01
 3.50000e+00 -3.20000e+00       2.303e+05  9.882733e-01  0.000000e+00 -8.223413e-03  1.172669e-02
 4.20000e+00 -3.20000e+00       2.993e+04  9.923011e-01  0.000000e+00 -4.167726e-02  7.698928e-03
 4.90000e+00 -3.20000e+00       9.393e+03  9.984487e-01  0.000000e+00 -1.703359e-02  1.551337e-03
 5.60000e+00 -3.20000e+00       5.259e+02  9.035021e-01  0.000000e+00 -3.259757e-02  9.649793e-02
 6.30000e+00 -3.20000e+00       2.041e+01 -6.956600e-01  0.000000e+00 -7.476387e-01  3.043400e-01
 7.00000e+00 -3.20000e+00       1.555e+01 -4.198980e-01  0.000000e+00 -8.824987e-01  5.801020e-01
-7.00000e+00 -2.80000e+00       2.202e+01 -2.404693e-01  0.000000e+00  9.290108e-01  7.595307e-01
-6.30000e+00 -2.80000e+00       2.449e+01 -7.679730e-01  0.000000e+00  8.445637e-01  2.320270e-01
-5.60000e+00 -2.80000e+00       6.556e+02  9.082202e-01  0.000000e+00  4.569171e-02  9.177978e-02
-4.90000e+00 -2.80000e+00       1.182e+04  9.931054e-01  0.000000e+00  2.555230e-02  6.894623e-03
-4.20000e+00 -2.80000e+00       3.787e+04  9.823795e-01  0.000000e+00  5.816575e-02  1.762054e-02
-3.50000e+00 -2.80000e+00       2.961e+05  9.733280e-01  0.000000e+00  8.096281e-03  2.667202e-02
-2.80000e+00 -2.80000e+00       1.179e+06  7.161487e-01  0.000000e+00 -7.783012e-02  2.838513e-01
-2.10000e+00 -2.80000e+00       5.639e+06 -2.637008e-01  0.000000e+00 -1.922832e-01  7.362992e-01
-1.40000e+00 -2.80000e+00       4.597e+07 -2.396262e-01  0.000000e+00 -1.088502e-01  7.603738e-01
-7.00000e-01 -2.80000e+00       2.134e+08  1.371454e-01  0.000000e+00 -3.646813e-02  8.628546e-01
 0.00000e+00 -2.80000e+00       3.297e+08  1.863994e-01  0.000000e+00 -4.033229e-16  8.136006e-01
 7.00000e-01 -2.80000e+00       2.134e+08  1.371454e-01  0.000000e+00  3.646813e-02  8.628546e-01
 1.40000e+00 -2.80000e+00       4.597e+07 -2.396262e-01  0.000000e+00  1.088502e-01  7.603738e-01
 2.10000e+00 -2.80000e+00       5.639e+06 -2.637008e-01  0.000000e+00  1.922832e-01  7.362992e-01
 2.80000e+00 -2.80000e+00       1.179e+06  7.161487e-01  0.000000e+00  7.783012e-02  2.838513e-01
 3.50000e+00 -2.80000e+00       2.961e+05  9.733280e-01  0.000000e+00 -8.096281e-03  2.667202e-02
 4.20000e+00 -2.80000e+00       3.787e+04  9.823795e-01  0.000000e+00 -5.816575e-02  1.762054e-02
 4.90000e+00 -2.80000e+00       1.182e+04  9.931054e-01  0.000000e+00 -2.555230e-02  6.894623e-03
 5.60000e+00 -2.80000e+00       6.556e+02  9.082202e-01  0.000000e+00 -4.569171e-02  9.177978e-02
 6.30000e+00 -2.80000e+00       2.449e+01 -7.679730e-01  0.000000e+00 -8.445637e-01  2.320270e-01
 7.00000e+00 -2.80000e+00       2.202e+01 -2.404693e-01  0.000000e+00 -9.290108e-01  7.595307e-01
-7.00000e+00 -2.40000e+00       1.899e+01 -1.605488e-01  0.000000e+00  9.195763e-01  8.394512e-01
-6.30000e+00 -2.40000e+00       3.001e+01 -6.708201e-01  0.000000e+00  7.462387e-01  3.291799e-01
-5.60000e+00 -2.40000e+00       8.440e+02  8.476197e-01  0.000000e+00  4.358470e-02  1.523803e-01
-4.90000e+00 -2.40000e+00       7.952e+03  1.958108e-01  0.000000e+00 -2.471022e-01  8.041892e-01
-4.20000e+00 -2.40000e+00       8.720e+05  5.098406e-01  0.000000e+00 -1.825706e-01  4.901594e-01
-3.50000e+00 -2.40000e+00       2.036e+07  5.432192e-01  0.000000e+00 -1.615747e-01  4.567808e-01
-2.80000e+00 -2.40000e+00       1.591e+08  5.356607e-01  0.000000e+00 -1.450382e-01  4.643393e-01
-2.10000e+00 -2.40000e+00       5.220e+08  5.153946e-01  0.000000e+00 -1.193606e-01  4.846054e-01
-1.40000e+00 -2.40000e+00       9.720e+08  4.802549e-01  0.000000e+00 -7.892574e-02  5.197451e-01
-7.00000e-01 -2.40000e+00       1.535e+09  4.537168e-01  0.000000e+00 -3.149714e-02  5.462832e-01
 0.00000e+00 -2.40000e+00       1.928e+09  4.474724e-01  0.000000e+00 -8.148149e-17  5.525276e-01
 7.00000e-01 -2.40000e+00       1.535e+09  4.537168e-01  0.000000e+00  3.149714e-02  5.462832e-01
 1.40000e+00 -2.40000e+00       9.720e+08  4.802549e-01  0.000000e+00  7.892574e-02  5.197451e-01
 2.10000e+00 -2.40000e+00       5.220e+08  5.153946e-01  0.000000e+00  1.193606e-01  4.846054e-01
 2.80000e+00 -2.40000e+00       1.591e+08  5.356607e-01  0.000000e+00  1.450382e-01  4.643393e-01
 3.50000e+00 -2.40000e+00       2.036e+07  5.432192e-01  0.000000e+00  1.615747e-01  4.567808e-01
 4.20000e+00 -2.40000e+00       8.720e+05  5.098406e-01  0.000000e+00  1.825706e-01  4.901594e-01
 4.90000e+00 -2.40000e+00       7.952e+03  1.958108e-01  0.000000e+00  2.471022e-01  8.041892e-01
 5.60000e+00 -2.40000e+00       8.440e+02  8.476197e-01  0.000000e+00 -4.358470e-02  1.523803e-01
 6.30000e+00 -2.40000e+00       3.001e+01 -6.708201e-01  0.000000e+00 -7.462387e-01  3.291799e-01
 7.00000e+00 -2.40000e+00       1.899e+01 -1.605488e-01  0.000000e+00 -9.195763e-01  8.394512e-01
-7.00000e+00 -2.00000e+00       2.759e+01  1.412071e-02  0.000000e+00  8.274884e-01  9.858793e-01
-6.30000e+00 -2.00000e+00       7.520e+02  4.330681e-01  0.000000e+00 -3.324229e-01  5.669319e-01
-5.60000e+00 -2.00000e+00       7.798e+04  4.953264e-01  0.000000e+00 -3.862068e-01  5.046736e-01
-4.90000e+00 -2.00000e+00       2.849e+06  5.113984e-01  0.000000e+00 -3.624734e-01  4.886016e-01
-4.20000e+00 -2.00000e+00       3.813e+07  5.322547e-01  0.000000e+00 -3.215632e-01  4.677453e-01
-3.50000e+00 -2.00000e+00       2.200e+08  5.562246e-01  0.000000e+00 -2.597217e-01  4.437754e-01
-2.80000e+00 -2.00000e+00       6.852e+08  5.721467e-01  0.000000e+00 -1.835287e-01  4.278533e-01
-2.10000e+00 -2.00000e+00       1.446e+09  5.669116e-01  0.000000e+00 -1.138559e-01  4.330884e-01
-1.40000e+00 -2.00000e+00       2.259e+09  5.428938e-01  0.000000e+00 -6.744501e-02  4.571062e-01
-7.00000e-01 -2.00000e+00       2.580e+09  5.117257e-01  0.000000e+00 -3.490486e-02  4.882743e-01
 0.00000e+00 -2.00000e+00       2.494e+09  4.905848e-01  0.000000e+00 -6.168037e-16  5.094152e-01
 7.00000e-01 -2.00000e+00       2.580e+09  5.117257e-01  0.000000e+00  3.490486e-02  4.882743e-01
 1.40000e+00 -2.00000e+00       2.259e+09  5.428938e-01  0.000000e+00  6.744501e-02  4.571062e-01
 2.10000e+00 -2.00000e+00       1.446e+09  5.669116e-01  0.000000e+00  1.138559e-01  4.330884e-01
 2.80000e+00 -2.00000e+00       6.852e+08  5.721467e-01  0.000000e+00  1.835287e-01  4.278533e-01
 3.50000e+00 -2.00000e+00       2.200e+08  5.562246e-01  0.000000e+00  2.597217e-01  4.437754e-01
 4.20000e+00 -2.00000e+00       3.813e+07  5.322547e-01  0.000000e+00  3.215632e-01  4.677453e-01
 4.90000e+00 -2.00000e+00       2.849e+06  5.113984e-01  0.000000e+00  3.624734e-01  4.886016e-01
 5.60000e+00 -2.00000e+00       7.798e+04  4.953264e-01  0.000000e+00  3.862068e-01  5.046736e-01
 6.30000e+00 -2.00000e+00       7.520e+02  4.330681e-01  0.000000e+00  3.324229e-01  5.669319e-01
 7.00000e+00 -2.00000e+00       2.759e+01  1.412071e-02  0.000000e+00 -8.274884e-01  9.858793e-01
-7.00000e+00 -1.60000e+00       3.614e+01  2.442628e-01  0.000000e+00  7.388336e-01  7.557372e-01
-6.30000e+00 -1.60000e+00       1.780e+03  5.646617e-01  0.000000e+00 -3.238601e-01  4.353383e-01
-5.60000e+00 -1.60000e+00       1.788e+05  5.889088e-01  0.000000e+00 -3.408954e-01  4.110912e-01
-4.90000e+00 -1.60000e+00       6.197e+06  6.011628e-01  0.000000e+00 -3.165095e-01  3.988372e-01
-4.20000e+00 -1.60000e+00       7.963e+07  6.168733e-01  0.000000e+00 -2.754660e-01  3.831267e-01
-3.50000e+00 -1.60000e+00       4.496e+08  6.328168e-01  0.000000e+00 -2.139987e-01  3.671832e-01
-2.80000e+00 -1.60000e+00       1.395e+09  6.384133e-01  0.000000e+00 -1.422020e-01  3.615867e-01
-2.10000e+00 -1.60000e+00       2.897e+09  6.236281e-01  0.000000e+00 -7.742947e-02  3.763719e-01
-1.40000e+00 -1.60000e+00       4.432e+09  5.934549e-01  0.000000e+00 -3.205652e-02  4.065451e-01
-7.00000e-01 -1.60000e+00       4.823e+09  5.559341e-01  0.000000e+00 -1.348307e-02  4.440659e-01
 0.00000e+00 -1.60000e+00       4.363e+09  5.252563e-01  0.000000e+00 -1.503624e-14  4.747437e-01
 7.00000e-01 -1.60000e+00       4.823e+09  5.559341e-01  0.000000e+00  1.348307e-02  4.440659e-01
 1.40000e+00 -1.60000e+00       4.432e+09  5.934549e-01  0.000000e+00  3.205652e-02  4.065451e-01
 2.10000e+00 -1.60000e+00       2.897e+09  6.236281e-01  0.000000e+00  7.742947e-02  3.763719e-01
 2.80000e+00 -1.60000e+00       1.395e+09  6.384133e-01  0.000000e+00  1.422020e-01  3.615867e-01
 3.50000e+00 -1.60000e+00       4.496e+08  6.328168e-01  0.000000e+00  2.139987e-01  3.671832e-01
 4.20000e+00 -1.60000e+00       7.963e+07  6.168733e-01  0.000000e+00  2.754660e-01  3.831267e-01
 4.90000e+00 -1.60000e+00       6.197e+06  6.011628e-01  0.000000e+00  3.165095e-01  3.988372e-01
 5.60000e+00 -1.60000e+00       1.788e+05  5.889088e-01  0.000000e+00  3.408954e-01  4.110912e-01
 6.30000e+00 -1.60000e+00       1.780e+03  5.646617e-01  0.000000e+00  3.238601e-01  4.353383e-01
 7.00000e+00 -1.60000e+00       3.614e+01  2.442628e-01  0.000000e+00 -7.388336e-01  7.557372e-01
-7.00000e+00 -1.20000e+00       5.704e+01  5.163482e-01  0.000000e+00  4.520616e-01  4.836518e-01
-6.30000e+00 -1.20000e+00       4.693e+03  6.398849e-01  0.000000e+00 -1.667257e-01  3.601151e-01
-5.60000e+00 -1.20000e+00       3.651e+05  6.549022e-01  0.000000e+00 -1.777601e-01  3.450978e-01
-4.90000e+00 -1.20000e+00       1.163e+07  6.642702e-01  0.000000e+00 -1.486644e-01  3.357298e-01
-4.20000e+00 -1.20000e+00       1.718e+08  6.751634e-01  0.000000e+00 -9.948777e-02  3.248366e-01
-3.50000e+00 -1.20000e+00       1.375e+09  6.739442e-01  0.000000e+00 -5.375557e-02  3.260558e-01
-2.80000e+00 -1.20000e+00       6.492e+09  6.412066e-01  0.000000e+00 -2.878454e-02  3.587934e-01
-2.10000e+00 -1.20000e+00       1.888e+10  5.586622e-01  0.000000e+00 -2.026669e-02  4.413378e-01
-1.40000e+00 -1.20000e+00       3.576e+10  4.445960e-01  0.000000e+00 -4.028729e-02  5.554040e-01
-7.00000e-01 -1.20000e+00       4.703e+10  4.046281e-01  0.000000e+00 -7.351496e-02  5.953719e-01
 0.00000e+00 -1.20000e+00       4.879e+10  4.274614e-01  0.000000e+00  1.664328e-14  5.725386e-01
 7.00000e-01 -1.20000e+00       4.703e+10  4.046281e-01  0.000000e+00  7.351496e-02  5.953719e-01
 1.40000e+00 -1.20000e+00       3.576e+10  4.445960e-01  0.000000e+00  4.028729e-02  5.554040e-01
 2.10000e+00 -1.20000e+00       1.888e+10  5.586622e-01  0.000000e+00  2.026669e-02  4.413378e-01
 2.80000e+00 -1.20000e+00       6.492e+09  6.412066e-01  0.000000e+00  2.878454e-02  3.587934e-01
 3.50000e+00 -1.20000e+00       1.375e+09  6.739442e-01  0.000000e+00  5.375557e-02  3.260558e-01
 4.20000e+00 -1.20000e+00       1.718e+08  6.751634e-01  0.000000e+00  9.948777e-02  3.248366e-01
 4.90000e+00 -1.20000e+00       1.163e+07  6.642702e-01  0.000000e+00  1.486644e-01  3.357298e-01
 5.60000e+00 -1.20000e+00       3.651e+05  6.549022e-01  0.000000e+00  1.777601e-01  3.450978e-01
 6.30000e+00 -1.20000e+00       4.693e+03  6.398849e-01  0.000000e+00  1.667257e-01  3.601151e-01
 7.00000e+00 -1.20000e+00       5.704e+01  5.163482e-01  0.000000e+00 -4.520616e-01  4.836518e-01
-7.00000e+00 -8.00000e-01       9.506e+02  8.386770e-01  0.000000e+00 -6.268056e-02  1.613230e-01
-6.30000e+00 -8.00000e-01       1.115e+05  8.268794e-01  0.000000e+00 -5.607994e-02  1.731206e-01
-5.60000e+00 -8.00000e-01       6.509e+06  8.059501e-01  0.000000e+00 -5.228455e-02  1.940499e-01
-4.90000e+00 -8.00000e-01       1.896e+08  7.967787e-01  0.000000e+00 -4.431660e-02  2.032213e-01
-4.20000e+00 -8.00000e-01       2.740e+09  7.889805e-01  0.000000e+00 -3.452280e-02  2.110195e-01
-3.50000e+00 -8.00000e-01       2.132e+10  7.811676e-01  0.000000e+00 -2.143089e-02  2.188324e-01
-2.80000e+00 -8.00000e-01       1.018e+11  7.868111e-01  0.000000e+00  7.537095e-03  2.131889e-01
-2.10000e+00 -8.00000e-01       3.324e+11  8.151824e-01  0.000000e+00  2.449526e-02  1.848176e-01
-1.40000e+00 -8.00000e-01       8.044e+11  8.306663e-01  0.000000e+00  5.900333e-03  1.693337e-01
-7.00000e-01 -8.00000e-01       1.590e+12  8.024105e-01  0.000000e+00 -9.033159e-03  1.975895e-01
 0.00000e+00 -8.00000e-01       2.158e+12  7.860022e-01  0.000000e+00  3.793967e-15  2.139978e-01
 7.00000e-01 -8.00000e-01       1.590e+12  8.024105e-01  0.000000e+00  9.033159e-03  1.975895e-01
 1.40000e+00 -8.00000e-01       8.044e+11  8.306663e-01  0.000000e+00 -5.900333e-03  1.693337e-01
 2.10000e+00 -8.00000e-01       3.324e+11  8.151824e-01  0.000000e+00 -2.449526e-02  1.848176e-01
 2.80000e+00 -8.00000e-01       1.018e+11  7.868111e-01  0.000000e+00 -7.537095e-03  2.131889e-01
 3.50000e+00 -8.00000e-01       2.132e+10  7.811676e-01  0.000000e+00  2.143089e-02  2.188324e-01
 4.20000e+00 -8.00000e-01       2.740e+09  7.889805e-01  0.000000e+00  3.452280e-02  2.110195e-01
 4.90000e+00 -8.00000e-01       1.896e+08  7.967787e-01  0.000000e+00  4.431660e-02  2.032213e-01
 5.60000e+00 -8.00000e-01       6.509e+06  8.059501e-01  0.000000e+00  5.228455e-02  1.940499e-01
 6.30000e+00 -8.00000e-01       1.115e+05  8.268794e-01  0.000000e+00  5.607994e-02  1.731206e-01
 7.00000e+00 -8.00000e-01       9.506e+02  8.386771e-01  0.000000e+00  6.268055e-02  1.613229e-01
-7.00000e+00 -4.00000e-01       8.324e+03  9.224153e-01  0.000000e+00 -4.582784e-02  7.758474e-02
-6.30000e+00 -4.00000e-01       1.085e+06  9.390509e-01  0.000000e+00 -3.417020e-02  6.094915e-02
-5.60000e+00 -4.00000e-01       5.851e+07  9.413607e-01  0.000000e+00 -8.953000e-03  5.863930e-02
-4.90000e+00 -4.00000e-01       1.451e+09  9.379688e-01  0.000000e+00 -1.839448e-03  6.203119e-02
-4.20000e+00 -4.00000e-01       1.874e+10  9.369806e-01  0.000000e+00 -4.188663e-03  6.301945e-02
-3.50000e+00 -4.00000e-01       1.345e+11  9.375514e-01  0.000000e+00 -4.052644e-03  6.244858e-02
-2.80000e+00 -4.00000e-01       5.837e+11  9.400065e-01  0.000000e+00 -3.152908e-03  5.999349e-02
-2.10000e+00 -4.00000e-01       1.740e+12  9.495196e-01  0.000000e+00 -2.808487e-03  5.048042e-02
-1.40000e+00 -4.00000e-01       3.709e+12  9.627741e-01  0.000000e+00  5.477832e-03  3.722585e-02
-7.00000e-01 -4.00000e-01       5.005e+12  9.673372e-01  0.000000e+00  2.119302e-02  3.266279e-02
 0.00000e+00 -4.00000e-01       4.935e+12  9.654770e-01  0.000000e+00  5.762849e-16  3.452298e-02
 7.00000e-01 -4.00000e-01       5.005e+12  9.673372e-01  0.000000e+00 -2.119302e-02  3.266279e-02
 1.40000e+00 -4.00000e-01       3.709e+12  9.627741e-01  0.000000e+00 -5.477832e-03  3.722585e-02
 2.10000e+00 -4.00000e-01       1.740e+12  9.495196e-01  0.000000e+00  2.808487e-03  5.048042e-02
 2.80000e+00 -4.00000e-01       5.837e+11  9.400065e-01  0.000000e+00  3.152908e-03  5.999349e-02
 3.50000e+00 -4.00000e-01       1.345e+11  9.375514e-01  0.000000e+00  4.052644e-03  6.244858e-02
 4.20000e+00 -4.00000e-01       1.874e+10  9.369806e-01  0.000000e+00  4.188663e-03  6.301945e-02
 4.90000e+00 -4.00000e-01       1.451e+09  9.379688e-01  0.000000e+00  1.839448e-03  6.203119e-02
 5.60000e+00 -4.00000e-01       5.851e+07  9.413607e-01  0.000000e+00  8.953000e-03  5.863930e-02
 6.30000e+00 -4.00000e-01       1.085e+06  9.390509e-01  0.000000e+00  3.417020e-02  6.094915e-02
 7.00000e+00 -4.00000e-01       8.324e+03  9.224153e-01  0.000000e+00  4.582784e-02  7.758474e-02
-7.00000e+00  0.00000e+00       2.025e+04  9.999419e-01  0.000000e+00  1.491340e-12  5.807381e-05
-6.30000e+00  0.00000e+00       2.804e+06  9.999601e-01  0.000000e+00  5.109774e-15  3.985392e-05
-5.60000e+00  0.00000e+00       1.578e+08  9.999684e-01  0.000000e+00 -9.577689e-14  3.164459e-05
-4.90000e+00  0.00000e+00       3.559e+09  9.999665e-01  0.000000e+00 -9.223568e-13  3.346297e-05
-4.20000e+00  0.00000e+00       3.700e+10  9.999595e-01  0.000000e+00 -5.780503e-12  4.054569e-05
-3.50000e+00  0.00000e+00       2.208e+11  9.999531e-01  0.000000e+00 -1.914915e-11  4.692853e-05
-2.80000e+00  0.00000e+00       9.019e+11  9.999505e-01  0.000000e+00 -2.813887e-11  4.946668e-05
-2.10000e+00  0.00000e+00       2.623e+12  9.999459e-01  0.000000e+00 -1.710700e-11  5.410146e-05
-1.40000e+00  0.00000e+00       5.199e+12  9.999420e-01  0.000000e+00 -2.705400e-12  5.798676e-05
-7.00000e-01  0.00000e+00       8.297e+12  9.999669e-01  0.000000e+00  1.779002e-12  3.307457e-05
 0.00000e+00  0.00000e+00       1.045e+13  9.999874e-01  0.000000e+00  1.439304e-18  1.261245e-05
 7.00000e-01  0.00000e+00       8.297e+12  9.999669e-01  0.000000e+00 -1.779005e-12  3.307457e-05
 1.40000e+00  0.00000e+00       5.199e+12  9.999420e-01  0.000000e+00  2.705379e-12  5.798676e-05
 2.10000e+00  0.00000e+00       2.623e+12  9.999459e-01  0.000000e+00  1.710697e-11  5.410146e-05
 2.80000e+00  0.00000e+00       9.019e+11  9.999505e-01  0.000000e+00  2.813885e-11  4.946668e-05
 3.50000e+00  0.00000e+00       2.208e+11  9.999531e-01  0.000000e+00  1.914913e-11  4.692853e-05
 4.20000e+00  0.00000e+00       3.700e+10  9.999595e-01  0.000000e+00  5.780473e-12  4.054569e-05
 4.90000e+00  0.00000e+00       3.559e+09  9.999665e-01  0.000000e+00  9.222944e-13  3.346297e-05
 5.60000e+00  0.00000e+00       1.578e+08  9.999684e-01  0.000000e+00  9.610262e-14  3.164459e-05
 6.30000e+00  0.00000e+00       2.804e+06  9.999601e-01  0.000000e+00  2.380048e-14  3.985392e-05
 7.00000e+00  0.00000e+00       2.025e+04  9.999419e-01  0.000000e+00 -1.569095e-12  5.807381e-05
-7.00000e+00  4.00000e-01       8.324e+03  9.224153e-01  0.000000e+00  4.582784e-02  7.758474e-02
-6.30000e+00  4.00000e-01       1.085e+06  9.390509e-01  0.000000e+00  3.417020e-02  6.094915e-02
-5.60000e+00  4.00000e-01       5.851e+07  9.413607e-01  0.000000e+00  8.953000e-03  5.863930e-02
-4.90000e+00  4.00000e-01       1.451e+09  9.379688e-01  0.000000e+00  1.839448e-03  6.203119e-02
-4.20000e+00  4.00000e-01       1.874e+10  9.369806e-01  0.000000e+00  4.188663e-03  6.301945e-02
-3.50000e+00  4.00000e-01       1.345e+11  9.375514e-01  0.000000e+00  4.052643e-03  6.244858e-02
-2.80000e+00  4.00000e-01       5.837e+11  9.400065e-01  0.000000e+00  3.152908e-03  5.999349e-02
-2.10000e+00  4.00000e-01       1.740e+12  9.495196e-01  0.000000e+00  2.808487e-03  5.048042e-02
-1.40000e+00  4.00000e-01       3.709e+12  9.627741e-01  0.000000e+00 -5.477832e-03  3.722585e-02
-7.00000e-01  4.00000e-01       5.005e+12  9.673372e-01  0.000000e+00 -2.119302e-02  3.266279e-02
 0.00000e+00  4.00000e-01       4.935e+12  9.654770e-01  0.000000e+00 -5.776222e-16  3.452298e-02
 7.00000e-01  4.00000e-01       5.005e+12  9.673372e-01  0.000000e+00  2.119302e-02  3.266279e-02
 1.40000e+00  4.00000e-01       3.709e+12  9.627741e-01  0.000000e+00  5.477832e-03  3.722585e-02
 2.10000e+00  4.00000e-01       1.740e+12  9.495196e-01  0.000000e+00 -2.808487e-03  5.048042e-02
 2.80000e+00  4.00000e-01       5.837e+11  9.400065e-01  0.000000e+00 -3.152908e-03  5.999349e-02
 3.50000e+00  4.00000e-01       1.345e+11  9.375514e-01  0.000000e+00 -4.052643e-03  6.244858e-02
 4.20000e+00  4.00000e-01       1.874e+10  9.369806e-01  0.000000e+00 -4.188663e-03  6.301945e-02
 4.90000e+00  4.00000e-01       1.451e+09  9.379688e-01  0.000000e+00 -1.839448e-03  6.203119e-02
 5.60000e+00  4.00000e-01       5.851e+07  9.413607e-01  0.000000e+00 -8.953000e-03  5.863930e-02
 6.30000e+00  4.00000e-01       1.085e+06  9.390509e-01  0.000000e+00 -3.417020e-02  6.094915e-02
 7.00000e+00  4.00000e-01       8.324e+03  9.224153e-01  0.000000e+00 -4.582784e-02  7.758474e-02
-7.00000e+00  8.00000e-01       9.506e+02  8.386770e-01  0.000000e+00  6.268054e-02  1.613230e-01
-6.30000e+00  8.00000e-01       1.115e+05  8.268794e-01  0.000000e+00  5.607994e-02  1.731206e-01
-5.60000e+00  8.00000e-01       6.509e+06  8.059501e-01  0.000000e+00  5.228455e-02  1.940499e-01
-4.90000e+00  8.00000e-01       1.896e+08  7.967787e-01  0.000000e+00  4.431660e-02  2.032213e-01
-4.20000e+00  8.00000e-01       2.740e+09  7.889805e-01  0.000000e+00  3.452280e-02  2.110195e-01
-3.50000e+00  8.00000e-01       2.132e+10  7.811676e-01  0.000000e+00  2.143089e-02  2.188324e-01
-2.80000e+00  8.00000e-01       1.018e+11  7.868111e-01  0.000000e+00 -7.537096e-03  2.131889e-01
-2.10000e+00  8.00000e-01       3.324e+11  8.151824e-01  0.000000e+00 -2.449526e-02  1.848176e-01
-1.40000e+00  8.00000e-01       8.044e+11  8.306663e-01  0.000000e+00 -5.900333e-03  1.693337e-01
-7.00000e-01  8.00000e-01       1.590e+12  8.024105e-01  0.000000e+00  9.033159e-03  1.975895e-01
 0.00000e+00  8.00000e-01       2.158e+12  7.860022e-01  0.000000e+00 -1.825704e-15  2.139978e-01
 7.00000e-01  8.00000e-01       1.590e+12  8.024105e-01  0.000000e+00 -9.033159e-03  1.975895e-01
 1.40000e+00  8.00000e-01       8.044e+11  8.306663e-01  0.000000e+00  5.900333e-03  1.693337e-01
 2.10000e+00  8.00000e-01       3.324e+11  8.151824e-01  0.000000e+00  2.449526e-02  1.848176e-01
 2.80000e+00  8.00000e-01       1.018e+11  7.868111e-01  0.000000e+00  7.537096e-03  2.131889e-01
 3.50000e+00  8.00000e-01       2.132e+10  7.811676e-01  0.000000e+00 -2.143089e-02  2.188324e-01
 4.20000e+00  8.00000e-01       2.740e+09  7.889805e-01  0.000000e+00 -3.452280e-02  2.110195e-01
 4.90000e+00  8.00000e-01       1.896e+08  7.967787e-01  0.000000e+00 -4.431660e-02  2.032213e-01
 5.60000e+00  8.00000e-01       6.509e+06  8.059501e-01  0.000000e+00 -5.228455e-02  1.940499e-01
 6.30000e+00  8.00000e-01       1.115e+05  8.268794e-01  0.000000e+00 -5.607994e-02  1.731206e-01
 7.00000e+00  8.00000e-01       9.506e+02  8.386771e-01  0.000000e+00 -6.268054e-02  1.613229e-01
-7.00000e+00  1.20000e+00       5.704e+01  5.163482e-01  0.000000e+00 -4.520617e-01  4.836518e-01
-6.30000e+00  1.20000e+00       4.693e+03  6.398849e-01  0.000000e+00  1.667257e-01  3.601151e-01
-5.60000e+00  1.20000e+00       3.651e+05  6.549022e-01  0.000000e+00  1.777601e-01  3.450978e-01
-4.90000e+00  1.20000e+00       1.163e+07  6.642702e-01  0.000000e+00  1.486644e-01  3.357298e-01
-4.20000e+00  1.20000e+00       1.718e+08  6.751634e-01  0.000000e+00  9.948777e-02  3.248366e-01
-3.50000e+00  1.20000e+00       1.375e+09  6.739442e-01  0.000000e+00  5.375557e-02  3.260558e-01
-2.80000e+00  1.20000e+00       6.492e+09  6.412066e-01  0.000000e+00  2.878453e-02  3.587934e-01
-2.10000e+00  1.20000e+00       1.888e+10  5.586622e-01  0.000000e+00  2.026669e-02  4.413378e-01
-1.40000e+00  1.20000e+00       3.576e+10  4.445960e-01  0.000000e+00  4.028729e-02  5.554040e-01
-7.00000e-01  1.20000e+00       4.703e+10  4.046281e-01  0.000000e+00  7.351496e-02  5.953719e-01
 0.00000e+00  1.20000e+00       4.879e+10  4.274614e-01  0.000000e+00  4.603509e-14  5.725386e-01
 7.00000e-01  1.20000e+00       4.703e+10  4.046281e-01  0.000000e+00 -7.351496e-02  5.953719e-01
 1.40000e+00  1.20000e+00       3.576e+10  4.445960e-01  0.000000e+00 -4.028729e-02  5.554040e-01
 2.10000e+00  1.20000e+00       1.888e+10  5.586622e-01  0.000000e+00 -2.026669e-02  4.413378e-01
 2.80000e+00  1.20000e+00       6.492e+09  6.412066e-01  0.000000e+00 -2.878453e-02  3.587934e-01
 3.50000e+00  1.20000e+00       1.375e+09  6.739442e-01  0.000000e+00 -5.375557e-02  3.260558e-01
 4.20000e+00  1.20000e+00       1.718e+08  6.751634e-01  0.000000e+00 -9.948777e-02  3.248366e-01
 4.90000e+00  1.20000e+00       1.163e+07  6.642702e-01  0.000000e+00 -1.486644e-01  3.357298e-01
 5.60000e+00  1.20000e+00       3.651e+05  6.549022e-01  0.000000e+00 -1.777601e-01  3.450978e-01
 6.30000e+00  1.20000e+00       4.693e+03  6.398849e-01  0.000000e+00 -1.667257e-01  3.601151e-01
 7.00000e+00  1.20000e+00       5.704e+01  5.163482e-01  0.000000e+00  4.520616e-01  4.836518e-01
-7.00000e+00  1.60000e+00       3.614e+01  2.442628e-01  0.000000e+00 -7.388336e-01  7.557372e-01
-6.30000e+00  1.60000e+00       1.780e+03  5.646617e-01  0.000000e+00  3.238601e-01  4.353383e-01
-5.60000e+00  1.60000e+00       1.788e+05  5.889088e-01  0.000000e+00  3.408954e-01  4.110912e-01
-4.90000e+00  1.60000e+00       6.197e+06  6.011628e-01  0.000000e+00  3.165095e-01  3.988372e-01
-4.20000e+00  1.60000e+00       7.963e+07  6.168733e-01  0.000000e+00  2.754660e-01  3.831267e-01
-3.50000e+00  1.60000e+00       4.496e+08  6.328168e-01  0.000000e+00  2.139987e-01  3.671832e-01
-2.80000e+00  1.60000e+00       1.395e+09  6.384133e-01  0.000000e+00  1.422019e-01  3.615867e-01
-2.10000e+00  1.60000e+00       2.897e+09  6.236281e-01  0.000000e+00  7.742944e-02  3.763719e-01
-1.40000e+00  1.60000e+00       4.432e+09  5.934549e-01  0.000000e+00  3.205652e-02  4.065451e-01
-7.00000e-01  1.60000e+00       4.823e+09  5.559341e-01  0.000000e+00  1.348308e-02  4.440659e-01
 0.00000e+00  1.60000e+00       4.363e+09  5.252563e-01  0.000000e+00  1.356277e-14  4.747437e-01
 7.00000e-01  1.60000e+00       4.823e+09  5.559341e-01  0.000000e+00 -1.348308e-02  4.440659e-01
 1.40000e+00  1.60000e+00       4.432e+09  5.934549e-01  0.000000e+00 -3.205652e-02  4.065451e-01
 2.10000e+00  1.60000e+00       2.897e+09  6.236281e-01  0.000000e+00 -7.742944e-02  3.763719e-01
 2.80000e+00  1.60000e+00       1.395e+09  6.384133e-01  0.000000e+00 -1.422019e-01  3.615867e-01
 3.50000e+00  1.60000e+00       4.496e+08  6.328168e-01  0.000000e+00 -2.139987e-01  3.671832e-01
 4.20000e+00  1.60000e+00       7.963e+07  6.168733e-01  0.000000e+00 -2.754660e-01  3.831267e-01
 4.90000e+00  1.60000e+00       6.197e+06  6.011628e-01  0.000000e+00 -3.165095e-01  3.988372e-01
 5.60000e+00  1.60000e+00       1.788e+05  5.889088e-01  0.000000e+00 -3.408954e-01  4.110912e-01
 6.30000e+00  1.60000e+00       1.780e+03  5.646617e-01  0.000000e+00 -3.238601e-01  4.353383e-01
 7.00000e+00  1.60000e+00       3.614e+01  2.442628e-01  0.000000e+00  7.388336e-01  7.557372e-01
-7.00000e+00  2.00000e+00       2.759e+01  1.412071e-02  0.000000e+00 -8.274884e-01  9.858793e-01
-6.30000e+00  2.00000e+00       7.520e+02  4.330681e-01  0.000000e+00  3.324229e-01  5.669319e-01
-5.60000e+00  2.00000e+00       7.798e+04  4.953264e-01  0.000000e+00  3.862068e-01  5.046736e-01
-4.90000e+00  2.00000e+00       2.849e+06  5.113984e-01  0.000000e+00  3.624734e-01  4.886016e-01
-4.20000e+00  2.00000e+00       3.813e+07  5.322547e-01  0.000000e+00  3.215632e-01  4.677453e-01
-3.50000e+00  2.00000e+00       2.200e+08  5.562246e-01  0.000000e+00  2.597217e-01  4.437754e-01
-2.80000e+00  2.00000e+00       6.852e+08  5.721467e-01  0.000000e+00  1.835286e-01  4.278533e-01
-2.10000e+00  2.00000e+00       1.446e+09  5.669116e-01  0.000000e+00  1.138558e-01  4.330884e-01
-1.40000e+00  2.00000e+00       2.259e+09  5.428938e-01  0.000000e+00  6.744500e-02  4.571062e-01
-7.00000e-01  2.00000e+00       2.580e+09  5.117257e-01  0.000000e+00  3.490487e-02  4.882743e-01
 0.00000e+00  2.00000e+00       2.494e+09  4.905848e-01  0.000000e+00  5.297660e-17  5.094152e-01
 7.00000e-01  2.00000e+00       2.580e+09  5.117257e-01  0.000000e+00 -3.490487e-02  4.882743e-01
 1.40000e+00  2.00000e+00       2.259e+09  5.428938e-01  0.000000e+00 -6.744500e-02  4.571062e-01
 2.10000e+00  2.00000e+00       1.446e+09  5.669116e-01  0.000000e+00 -1.138558e-01  4.330884e-01
 2.80000e+00  2.00000e+00       6.852e+08  5.721467e-01  0.000000e+00 -1.835286e-01  4.278533e-01
 3.50000e+00  2.00000e+00       2.200e+08  5.562246e-01  0.000000e+00 -2.597217e-01  4.437754e-01
 4.20000e+00  2.00000e+00       3.813e+07  5.322547e-01  0.000000e+00 -3.215632e-01  4.677453e-01
 4.90000e+00  2.00000e+00       2.849e+06  5.113984e-01  0.000000e+00 -3.624734e-01  4.886016e-01
 5.60000e+00  2.00000e+00       7.798e+04  4.953264e-01  0.000000e+00 -3.862068e-01  5.046736e-01
 6.30000e+00  2.00000e+00       7.520e+02  4.330681e-01  0.000000e+00 -3.324229e-01  5.669319e-01
 7.00000e+00  2.00000e+00       2.759e+01  1.412071e-02  0.000000e+00  8.274884e-01  9.858793e-01
-7.00000e+00  2.40000e+00       1.899e+01 -1.605488e-01  0.000000e+00 -9.195763e-01  8.394512e-01
-6.30000e+00  2.40000e+00       3.001e+01 -6.708201e-01  0.000000e+00 -7.462387e-01  3.291799e-01
-5.60000e+00  2.40000e+00       8.440e+02  8.476197e-01  0.000000e+00 -4.358476e-02  1.523803e-01
-4.90000e+00  2.40000e+00       7.952e+03  1.958127e-01  0.000000e+00  2.471005e-01  8.041873e-01
-4.20000e+00  2.40000e+00       8.719e+05  5.098407e-01  0.000000e+00  1.825699e-01  4.901593e-01
-3.50000e+00  2.40000e+00       2.036e+07  5.432193e-01  0.000000e+00  1.615741e-01  4.567807e-01
-2.80000e+00  2.40000e+00       1.591e+08  5.356608e-01  0.000000e+00  1.450377e-01  4.643392e-01
-2.10000e+00  2.40000e+00       5.220e+08  5.153946e-01  0.000000e+00  1.193603e-01  4.846054e-01
-1.40000e+00  2.40000e+00       9.720e+08  4.802549e-01  0.000000e+00  7.892568e-02  5.197451e-01
-7.00000e-01  2.40000e+00       1.535e+09  4.537169e-01  0.000000e+00  3.149718e-02  5.462831e-01
 0.00000e+00  2.40000e+00       1.928e+09  4.474724e-01  0.000000e+00 -2.737299e-16  5.525276e-01
 7.00000e-01  2.40000e+00       1.535e+09  4.537169e-01  0.000000e+00 -3.149718e-02  5.462831e-01
 1.40000e+00  2.40000e+00       9.720e+08  4.802549e-01  0.000000e+00 -7.892568e-02  5.197451e-01
 2.10000e+00  2.40000e+00       5.220e+08  5.153946e-01  0.000000e+00 -1.193603e-01  4.846054e-01
 2.80000e+00  2.40000e+00       1.591e+08  5.356608e-01  0.000000e+00 -1.450377e-01  4.643392e-01
 3.50000e+00  2.40000e+00       2.036e+07  5.432193e-01  0.000000e+00 -1.615741e-01  4.567807e-01
 4.20000e+00  2.40000e+00       8.719e+05  5.098407e-01  0.000000e+00 -1.825699e-01  4.901593e-01
 4.90000e+00  2.40000e+00       7.952e+03  1.958127e-01  0.000000e+00 -2.471005e-01  8.041873e-01
 5.60000e+00  2.40000e+00       8.440e+02  8.476197e-01  0.000000e+00  4.358476e-02  1.523803e-01
 6.30000e+00  2.40000e+00       3.001e+01 -6.708201e-01  0.000000e+00  7.462387e-01  3.291799e-01
 7.00000e+00  2.40000e+00       1.899e+01 -1.605488e-01  0.000000e+00  9.195763e-01  8.394512e-01
-7.00000e+00  2.80000e+00       2.202e+01 -2.404693e-01  0.000000e+00 -9.290108e-01  7.595307e-01
-6.30000e+00  2.80000e+00       2.449e+01 -7.679730e-01  0.000000e+00 -8.445637e-01  2.320270e-01
-5.60000e+00  2.80000e+00       6.556e+02  9.082203e-01  0.000000e+00 -4.569181e-02  9.177969e-02
-4.90000e+00  2.80000e+00       1.182e+04  9.931042e-01  0.000000e+00 -2.555356e-02  6.895771e-03
-4.20000e+00  2.80000e+00       3.787e+04  9.823571e-01  0.000000e+00 -5.818980e-02  1.764293e-02
-3.50000e+00  2.80000e+00       2.961e+05  9.733805e-01  0.000000e+00 -8.163027e-03  2.661948e-02
-2.80000e+00  2.80000e+00       1.179e+06  7.161824e-01  0.000000e+00  7.774490e-02  2.838176e-01
-2.10000e+00  2.80000e+00       5.639e+06 -2.636874e-01  0.000000e+00  1.922514e-01  7.363126e-01
-1.40000e+00  2.80000e+00       4.597e+07 -2.396143e-01  0.000000e+00  1.088485e-01  7.603857e-01
-7.00000e-01  2.80000e+00       2.134e+08  1.371482e-01  0.000000e+00  3.646841e-02  8.628518e-01
 0.00000e+00  2.80000e+00       3.297e+08  1.864013e-01  0.000000e+00 -9.127914e-16  8.135987e-01
 7.00000e-01  2.80000e+00       2.134e+08  1.371482e-01  0.000000e+00 -3.646841e-02  8.628518e-01
 1.40000e+00  2.80000e+00       4.597e+07 -2.396143e-01  0.000000e+00 -1.088485e-01  7.603857e-01
 2.10000e+00  2.80000e+00       5.639e+06 -2.636874e-01  0.000000e+00 -1.922514e-01  7.363126e-01
 2.80000e+00  2.80000e+00       1.179e+06  7.161824e-01  0.000000e+00 -7.774490e-02  2.838176e-01
 3.50000e+00  2.80000e+00       2.961e+05  9.733805e-01  0.000000e+00  8.163027e-03  2.661948e-02
 4.20000e+00  2.80000e+00       3.787e+04  9.823571e-01  0.000000e+00  5.818980e-02  1.764293e-02
 4.90000e+00  2.80000e+00       1.182e+04  9.931042e-01  0.000000e+00  2.555356e-02  6.895771e-03
 5.60000e+00  2.80000e+00       6.556e+02  9.082203e-01  0.000000e+00  4.569181e-02  9.177969e-02
 6.30000e+00  2.80000e+00       2.449e+01 -7.679730e-01  0.000000e+00  8.445637e-01  2.320270e-01
 7.00000e+00  2.80000e+00       2.202e+01 -2.404693e-01  0.000000e+00  9.290108e-01  7.595307e-01
-7.00000e+00  3.20000e+00       1.555e+01 -4.198981e-01  0.000000e+00 -8.824987e-01  5.801019e-01
-6.30000e+00  3.20000e+00       2.041e+01 -6.956599e-01  0.000000e+00 -7.476387e-01  3.043401e-01
-5.60000e+00  3.20000e+00       5.259e+02  9.035023e-01  0.000000e+00 -3.259776e-02  9.649773e-02
-4.90000e+00  3.20000e+00       9.393e+03  9.984511e-01  0.000000e+00 -1.703591e-02  1.548918e-03
-4.20000e+00  3.20000e+00       2.993e+04  9.922537e-01  0.000000e+00 -4.172114e-02  7.746321e-03
-3.50000e+00  3.20000e+00       2.302e+05  9.883859e-01  0.000000e+00 -8.343993e-03  1.161413e-02
-2.80000e+00  3.20000e+00       5.252e+05  8.969470e-01  0.000000e+00  8.125464e-02  1.030530e-01
-2.10000e+00  3.20000e+00       8.937e+06  8.753521e-01  0.000000e+00  4.346078e-02  1.246479e-01
-1.40000e+00  3.20000e+00       3.974e+07  6.546710e-01  0.000000e+00  3.180289e-02  3.453290e-01
-7.00000e-01  3.20000e+00       5.131e+07 -3.885165e-01  0.000000e+00  2.899932e-02  6.114835e-01
 0.00000e+00  3.20000e+00       8.661e+07 -4.512690e-01  0.000000e+00 -1.663020e-15  5.487310e-01
 7.00000e-01  3.20000e+00       5.131e+07 -3.885165e-01  0.000000e+00 -2.899932e-02  6.114835e-01
 1.40000e+00  3.20000e+00       3.974e+07  6.546710e-01  0.000000e+00 -3.180289e-02  3.453290e-01
 2.10000e+00  3.20000e+00       8.937e+06  8.753521e-01  0.000000e+00 -4.346078e-02  1.246479e-01
 2.80000e+00  3.20000e+00       5.252e+05  8.969470e-01  0.000000e+00 -8.125464e-02  1.030530e-01
 3.50000e+00  3.20000e+00       2.302e+05  9.883859e-01  0.000000e+00  8.343993e-03  1.161413e-02
 4.20000e+00  3.20000e+00       2.993e+04  9.922537e-01  0.000000e+00  4.172114e-02  7.746321e-03
 4.90000e+00  3.20000e+00       9.393e+03  9.984511e-01  0.000000e+00  1.703591e-02  1.548918e-03
 5.60000e+00  3.20000e+00       5.259e+02  9.035023e-01  0.000000e+00  3.259776e-02  9.649773e-02
 6.30000e+00  3.20000e+00       2.041e+01 -6.956599e-01  0.000000e+00  7.476387e-01  3.043401e-01
 7.00000e+00  3.20000e+00       1.555e+01 -4.198980e-01  0.000000e+00  8.824987e-01  5.801020e-01
-7.00000e+00  3.60000e+00       1.186e+01 -6.182841e-01  0.000000e+00 -7.729624e-01  3.817159e-01
-6.30000e+00  3.60000e+00       2.166e+01 -7.463355e-01  0.000000e+00 -6.784029e-01  2.536645e-01
-5.60000e+00  3.60000e+00       4.413e+02  8.916357e-01  0.000000e+00 -3.295989e-02  1.083643e-01
-4.90000e+00  3.60000e+00       7.832e+03  9.964945e-01  0.000000e+00 -1.271634e-02  3.505482e-03
-4.20000e+00  3.60000e+00       2.479e+04  9.969658e-01  0.000000e+00 -3.157624e-02  3.034247e-03
-3.50000e+00  3.60000e+00       1.926e+05  9.873933e-01  0.000000e+00 -6.657640e-03  1.260666e-02
-2.80000e+00  3.60000e+00       5.147e+05  8.389218e-01  0.000000e+00  6.037447e-02  1.610782e-01
-2.10000e+00  3.60000e+00       6.043e+06  6.121731e-01  0.000000e+00  5.985977e-02  3.878269e-01
-1.40000e+00  3.60000e+00       1.748e+07 -5.613005e-01  0.000000e+00  1.073607e-01  4.386995e-01
-7.00000e-01  3.60000e+00       1.348e+08  1.184907e-01  0.000000e+00  2.663821e-02  8.815093e-01
 0.00000e+00  3.60000e+00       2.487e+08  2.223573e-01  0.000000e+00  3.427989e-17  7.776427e-01
 7.00000e-01  3.60000e+00       1.348e+08  1.184907e-01  0.000000e+00 -2.663821e-02  8.815093e-01
 1.40000e+00  3.60000e+00       1.748e+07 -5.613005e-01  0.000000e+00 -1.073607e-01  4.386995e-01
 2.10000e+00  3.60000e+00       6.043e+06  6.121731e-01  0.000000e+00 -5.985977e-02  3.878269e-01
 2.80000e+00  3.60000e+00       5.147e+05  8.389218e-01  0.000000e+00 -6.037447e-02  1.610782e-01
 3.50000e+00  3.60000e+00       1.926e+05  9.873933e-01  0.000000e+00  6.657640e-03  1.260666e-02
 4.20000e+00  3.60000e+00       2.479e+04  9.969658e-01  0.000000e+00  3.157624e-02  3.034247e-03
 4.90000e+00  3.60000e+00       7.832e+03  9.964945e-01  0.000000e+00  1.271634e-02  3.505482e-03
 5.60000e+00  3.60000e+00       4.413e+02  8.916357e-01  0.000000e+00  3.295989e-02  1.083643e-01
 6.30000e+00  3.60000e+00       2.166e+01 -7.463355e-01  0.000000e+00  6.784029e-01  2.536645e-01
 7.00000e+00  3.60000e+00       1.186e+01 -6.182841e-01  0.000000e+00  7.729624e-01  3.817159e-01
-7.00000e+00  4.00000e+00       2.200e+00 -8.595904e-01  0.000000e+00 -5.129776e-01  1.404096e-01
-6.30000e+00  4.00000e+00       1.447e+01 -3.569614e-01  0.000000e+00 -3.079965e-01  6.430386e-01
-5.60000e+00  4.00000e+00       3.815e+02  8.926675e-01  0.000000e+00 -2.481205e-02  1.073325e-01
-4.90000e+00  4.00000e+00       6.758e+03  9.948228e-01  0.000000e+00 -9.641374e-03  5.177213e-03
-4.20000e+00  4.00000e+00       2.130e+04  9.998655e-01  0.000000e+00 -2.427470e-02  1.344942e-04
-3.50000e+00  4.00000e+00       1.662e+05  9.875759e-01  0.000000e+00 -5.521820e-03  1.242412e-02
-2.80000e+00  4.00000e+00       4.525e+05  8.365028e-01  0.000000e+00  5.111326e-02  1.634972e-01
-2.10000e+00  4.00000e+00       5.179e+06  6.243406e-01  0.000000e+00  6.023723e-02  3.756594e-01
-1.40000e+00  4.00000e+00       1.729e+07 -1.622493e-01  0.000000e+00  1.047198e-01  8.377507e-01
-7.00000e-01  4.00000e+00       7.449e+07 -5.987531e-02  0.000000e+00  4.799048e-02  9.401247e-01
 0.00000e+00  4.00000e+00       1.363e+08  9.430847e-02  0.000000e+00 -4.909234e-16  9.056915e-01
 7.00000e-01  4.00000e+00       7.449e+07 -5.987531e-02  0.000000e+00 -4.799048e-02  9.401247e-01
 1.40000e+00  4.00000e+00       1.729e+07 -1.622493e-01  0.000000e+00 -1.047198e-01  8.377507e-01
 2.10000e+00  4.00000e+00       5.179e+06  6.243406e-01  0.000000e+00 -6.023723e-02  3.756594e-01
 2.80000e+00  4.00000e+00       4.525e+05  8.365028e-01  0.000000e+00 -5.111326e-02  1.634972e-01
 3.50000e+00  4.00000e+00       1.662e+05  9.875759e-01  0.000000e+00  5.521820e-03  1.242412e-02
 4.20000e+00  4.00000e+00       2.130e+04  9.998655e-01  0.000000e+00  2.427470e-02  1.344942e-04
 4.90000e+00  4.00000e+00       6.758e+03  9.948228e-01  0.000000e+00  9.641374e-03  5.177213e-03
 5.60000e+00  4.00000e+00       3.815e+02  8.926675e-01  0.000000e+00  2.481205e-02  1.073325e-01
 6.30000e+00  4.00000e+00       1.447e+01 -3.569614e-01  0.000000e+00  3.079965e-01  6.430386e-01
 7.00000e+00  4.00000e+00       2.200e+00 -8.595842e-01  0.000000e+00  5.129844e-01  1.404158e-01
