 EB(GeV)    EMITTANCEx EMITTANCEy SIZEx(m)   SIZEy(m)   DIVx(rad)  DIVy(rad)
 2.411e+00  5.499e-09  1.017e-12  8.711e-05  1.009e-06  6.313e-05  1.009e-06
 betax      alphax     betay      alphay     eta        deta       E_spread  
 1.380e+00  0.000e+00  1.000e+00  0.000e+00  0.000e+00  0.000e+00  8.600e-04
 Ibeam(A)   period(cm) #periods   Kx         Ky         Energy(eV)
 4.005e-01  1.900e+00         96  0.000e+00  1.780e+00  8.089e+03


           x            y       F.Density            PL            PC          PL45        1-|PL|
          mm           mm  ph/s/mr^2/0.1%             -             -             -             -
-7.00000e+00 -4.00000e+00       1.818e+08 -7.752107e-01  0.000000e+00 -7.947645e-02  2.247893e-01
-6.30000e+00 -4.00000e+00       3.355e+08 -6.703081e-01  0.000000e+00 -2.728559e-01  3.296919e-01
-5.60000e+00 -4.00000e+00       4.672e+08 -5.265562e-01  0.000000e+00 -4.518787e-01  4.734438e-01
-4.90000e+00 -4.00000e+00       5.929e+08 -1.772430e-01  0.000000e+00 -5.414234e-01  8.227570e-01
-4.20000e+00 -4.00000e+00       1.530e+09  1.828476e-01  0.000000e+00 -5.385465e-01  8.171524e-01
-3.50000e+00 -4.00000e+00       3.154e+09  2.640216e-01  0.000000e+00 -4.872627e-01  7.359784e-01
-2.80000e+00 -4.00000e+00       3.913e+09  8.390101e-02  0.000000e+00 -5.215195e-01  9.160990e-01
-2.10000e+00 -4.00000e+00       1.363e+10  2.189068e-01  0.000000e+00 -1.215112e-01  7.810932e-01
-1.40000e+00 -4.00000e+00       6.276e+10  5.195691e-01  0.000000e+00  6.354870e-02  4.804309e-01
-7.00000e-01 -4.00000e+00       1.066e+11  5.696227e-01  0.000000e+00  5.836429e-02  4.303773e-01
 0.00000e+00 -4.00000e+00       1.058e+11  5.594431e-01  0.000000e+00  6.377471e-16  4.405569e-01
 7.00000e-01 -4.00000e+00       1.066e+11  5.696227e-01  0.000000e+00 -5.836429e-02  4.303773e-01
 1.40000e+00 -4.00000e+00       6.276e+10  5.195691e-01  0.000000e+00 -6.354870e-02  4.804309e-01
 2.10000e+00 -4.00000e+00       1.363e+10  2.189068e-01  0.000000e+00  1.215112e-01  7.810932e-01
 2.80000e+00 -4.00000e+00       3.913e+09  8.390101e-02  0.000000e+00  5.215195e-01  9.160990e-01
 3.50000e+00 -4.00000e+00       3.154e+09  2.640216e-01  0.000000e+00  4.872627e-01  7.359784e-01
 4.20000e+00 -4.00000e+00       1.530e+09  1.828476e-01  0.000000e+00  5.385465e-01  8.171524e-01
 4.90000e+00 -4.00000e+00       5.929e+08 -1.772430e-01  0.000000e+00  5.414234e-01  8.227570e-01
 5.60000e+00 -4.00000e+00       4.672e+08 -5.265562e-01  0.000000e+00  4.518787e-01  4.734438e-01
 6.30000e+00 -4.00000e+00       3.355e+08 -6.703081e-01  0.000000e+00  2.728559e-01  3.296919e-01
 7.00000e+00 -4.00000e+00       1.818e+08 -7.752107e-01  0.000000e+00  7.947645e-02  2.247893e-01
-7.00000e+00 -3.60000e+00       1.762e+08 -7.523163e-01  0.000000e+00 -2.592081e-03  2.476837e-01
-6.30000e+00 -3.60000e+00       4.008e+08 -6.292431e-01  0.000000e+00 -2.617432e-01  3.707569e-01
-5.60000e+00 -3.60000e+00       8.631e+08 -3.949121e-01  0.000000e+00 -4.794438e-01  6.050879e-01
-4.90000e+00 -3.60000e+00       1.818e+09 -1.162319e-01  0.000000e+00 -5.496783e-01  8.837681e-01
-4.20000e+00 -3.60000e+00       3.683e+09  1.224523e-01  0.000000e+00 -4.691200e-01  8.775477e-01
-3.50000e+00 -3.60000e+00       7.415e+09  2.629203e-01  0.000000e+00 -3.264531e-01  7.370797e-01
-2.80000e+00 -3.60000e+00       1.378e+10  2.478310e-01  0.000000e+00 -1.812809e-01  7.521690e-01
-2.10000e+00 -3.60000e+00       1.456e+10 -5.221684e-01  0.000000e+00  7.857771e-03  4.778316e-01
-1.40000e+00 -3.60000e+00       5.946e+10  2.488651e-01  0.000000e+00  1.355404e-01  7.511349e-01
-7.00000e-01 -3.60000e+00       1.182e+11  4.843942e-01  0.000000e+00  8.001283e-02  5.156058e-01
 0.00000e+00 -3.60000e+00       1.243e+11  5.111158e-01  0.000000e+00 -9.500855e-17  4.888842e-01
 7.00000e-01 -3.60000e+00       1.182e+11  4.843942e-01  0.000000e+00 -8.001283e-02  5.156058e-01
 1.40000e+00 -3.60000e+00       5.946e+10  2.488651e-01  0.000000e+00 -1.355404e-01  7.511349e-01
 2.10000e+00 -3.60000e+00       1.456e+10 -5.221684e-01  0.000000e+00 -7.857771e-03  4.778316e-01
 2.80000e+00 -3.60000e+00       1.378e+10  2.478310e-01  0.000000e+00  1.812809e-01  7.521690e-01
 3.50000e+00 -3.60000e+00       7.415e+09  2.629203e-01  0.000000e+00  3.264531e-01  7.370797e-01
 4.20000e+00 -3.60000e+00       3.683e+09  1.224523e-01  0.000000e+00  4.691200e-01  8.775477e-01
 4.90000e+00 -3.60000e+00       1.818e+09 -1.162319e-01  0.000000e+00  5.496783e-01  8.837681e-01
 5.60000e+00 -3.60000e+00       8.631e+08 -3.949121e-01  0.000000e+00  4.794438e-01  6.050879e-01
 6.30000e+00 -3.60000e+00       4.008e+08 -6.292431e-01  0.000000e+00  2.617432e-01  3.707569e-01
 7.00000e+00 -3.60000e+00       1.762e+08 -7.523163e-01  0.000000e+00  2.592081e-03  2.476837e-01
-7.00000e+00 -3.20000e+00       2.524e+08 -7.176532e-01  0.000000e+00  1.310415e-01  2.823468e-01
-6.30000e+00 -3.20000e+00       5.812e+08 -5.735351e-01  0.000000e+00 -1.727313e-01  4.264649e-01
-5.60000e+00 -3.20000e+00       1.549e+09 -2.914242e-01  0.000000e+00 -3.067686e-01  7.085758e-01
-4.90000e+00 -3.20000e+00       5.240e+09 -4.168546e-02  0.000000e+00 -3.046371e-01  9.583145e-01
-4.20000e+00 -3.20000e+00       2.041e+10  2.077765e-01  0.000000e+00 -2.217967e-01  7.922235e-01
-3.50000e+00 -3.20000e+00       6.862e+10  2.683316e-01  0.000000e+00 -6.465909e-02  7.316684e-01
-2.80000e+00 -3.20000e+00       1.787e+11  2.013378e-01  0.000000e+00 -1.157037e-01  7.986622e-01
-2.10000e+00 -3.20000e+00       3.492e+11 -1.924762e-02  0.000000e+00 -3.701480e-01  9.807524e-01
-1.40000e+00 -3.20000e+00       4.890e+11 -4.761823e-01  0.000000e+00 -6.997769e-01  5.238177e-01
-7.00000e-01 -3.20000e+00       4.140e+11 -8.837348e-01  0.000000e+00 -8.549002e-01  1.162652e-01
 0.00000e+00 -3.20000e+00       3.130e+11 -8.527092e-01  0.000000e+00  8.830887e-15  1.472908e-01
 7.00000e-01 -3.20000e+00       4.140e+11 -8.837348e-01  0.000000e+00  8.549002e-01  1.162652e-01
 1.40000e+00 -3.20000e+00       4.890e+11 -4.761823e-01  0.000000e+00  6.997769e-01  5.238177e-01
 2.10000e+00 -3.20000e+00       3.492e+11 -1.924762e-02  0.000000e+00  3.701480e-01  9.807524e-01
 2.80000e+00 -3.20000e+00       1.787e+11  2.013378e-01  0.000000e+00  1.157037e-01  7.986622e-01
 3.50000e+00 -3.20000e+00       6.862e+10  2.683316e-01  0.000000e+00  6.465909e-02  7.316684e-01
 4.20000e+00 -3.20000e+00       2.041e+10  2.077765e-01  0.000000e+00  2.217967e-01  7.922235e-01
 4.90000e+00 -3.20000e+00       5.240e+09 -4.168546e-02  0.000000e+00  3.046371e-01  9.583145e-01
 5.60000e+00 -3.20000e+00       1.549e+09 -2.914242e-01  0.000000e+00  3.067686e-01  7.085758e-01
 6.30000e+00 -3.20000e+00       5.812e+08 -5.735351e-01  0.000000e+00  1.727313e-01  4.264649e-01
 7.00000e+00 -3.20000e+00       2.524e+08 -7.176532e-01  0.000000e+00 -1.310415e-01  2.823468e-01
-7.00000e+00 -2.80000e+00       3.493e+08 -6.301943e-01  0.000000e+00  1.587167e-01  3.698057e-01
-6.30000e+00 -2.80000e+00       1.435e+09 -1.906156e-01  0.000000e+00 -3.306343e-01  8.093844e-01
-5.60000e+00 -2.80000e+00       1.021e+10  4.006739e-01  0.000000e+00 -2.691666e-01  5.993261e-01
-4.90000e+00 -2.80000e+00       6.456e+10  4.543274e-01  0.000000e+00  7.506293e-02  5.456726e-01
-4.20000e+00 -2.80000e+00       2.857e+11  2.120893e-01  0.000000e+00  1.227415e-01  7.879107e-01
-3.50000e+00 -2.80000e+00       9.760e+11  1.936332e-01  0.000000e+00 -5.595727e-02  8.063668e-01
-2.80000e+00 -2.80000e+00       2.494e+12  2.356046e-01  0.000000e+00 -7.383323e-02  7.643954e-01
-2.10000e+00 -2.80000e+00       4.373e+12  2.193170e-03  0.000000e+00 -5.145895e-02  9.978068e-01
-1.40000e+00 -2.80000e+00       4.799e+12 -3.596692e-01  0.000000e+00  8.393511e-02  6.403308e-01
-7.00000e-01 -2.80000e+00       3.128e+12 -5.795610e-01  0.000000e+00  2.386441e-01  4.204390e-01
 0.00000e+00 -2.80000e+00       2.254e+12 -5.220956e-01  0.000000e+00  7.144941e-15  4.779044e-01
 7.00000e-01 -2.80000e+00       3.128e+12 -5.795610e-01  0.000000e+00 -2.386441e-01  4.204390e-01
 1.40000e+00 -2.80000e+00       4.799e+12 -3.596692e-01  0.000000e+00 -8.393511e-02  6.403308e-01
 2.10000e+00 -2.80000e+00       4.373e+12  2.193170e-03  0.000000e+00  5.145895e-02  9.978068e-01
 2.80000e+00 -2.80000e+00       2.494e+12  2.356046e-01  0.000000e+00  7.383323e-02  7.643954e-01
 3.50000e+00 -2.80000e+00       9.760e+11  1.936332e-01  0.000000e+00  5.595727e-02  8.063668e-01
 4.20000e+00 -2.80000e+00       2.857e+11  2.120893e-01  0.000000e+00 -1.227415e-01  7.879107e-01
 4.90000e+00 -2.80000e+00       6.456e+10  4.543274e-01  0.000000e+00 -7.506293e-02  5.456726e-01
 5.60000e+00 -2.80000e+00       1.021e+10  4.006739e-01  0.000000e+00  2.691666e-01  5.993261e-01
 6.30000e+00 -2.80000e+00       1.435e+09 -1.906156e-01  0.000000e+00  3.306343e-01  8.093844e-01
 7.00000e+00 -2.80000e+00       3.493e+08 -6.301943e-01  0.000000e+00 -1.587167e-01  3.698057e-01
-7.00000e+00 -2.40000e+00       9.178e+08 -2.943021e-01  0.000000e+00  5.359255e-01  7.056979e-01
-6.30000e+00 -2.40000e+00       9.189e+09 -3.901914e-01  0.000000e+00  2.176058e-01  6.098086e-01
-5.60000e+00 -2.40000e+00       9.336e+10 -2.079340e-01  0.000000e+00 -2.909513e-01  7.920660e-01
-4.90000e+00 -2.40000e+00       7.093e+11  2.596902e-01  0.000000e+00 -4.141194e-01  7.403098e-01
-4.20000e+00 -2.40000e+00       3.384e+12  5.091060e-01  0.000000e+00 -1.450537e-01  4.908940e-01
-3.50000e+00 -2.40000e+00       9.963e+12  4.036326e-01  0.000000e+00  7.048531e-02  5.963674e-01
-2.80000e+00 -2.40000e+00       2.206e+13  3.036008e-01  0.000000e+00 -3.827364e-02  6.963992e-01
-2.10000e+00 -2.40000e+00       4.045e+13  3.261152e-01  0.000000e+00 -2.800930e-01  6.738848e-01
-1.40000e+00 -2.40000e+00       6.481e+13  3.248598e-01  0.000000e+00 -6.107036e-01  6.751402e-01
-7.00000e-01 -2.40000e+00       8.824e+13  4.183773e-01  0.000000e+00 -6.379340e-01  5.816227e-01
 0.00000e+00 -2.40000e+00       8.953e+13  4.738658e-01  0.000000e+00  1.007092e-14  5.261342e-01
 7.00000e-01 -2.40000e+00       8.824e+13  4.183773e-01  0.000000e+00  6.379340e-01  5.816227e-01
 1.40000e+00 -2.40000e+00       6.481e+13  3.248598e-01  0.000000e+00  6.107036e-01  6.751402e-01
 2.10000e+00 -2.40000e+00       4.045e+13  3.261152e-01  0.000000e+00  2.800930e-01  6.738848e-01
 2.80000e+00 -2.40000e+00       2.206e+13  3.036008e-01  0.000000e+00  3.827364e-02  6.963992e-01
 3.50000e+00 -2.40000e+00       9.963e+12  4.036326e-01  0.000000e+00 -7.048531e-02  5.963674e-01
 4.20000e+00 -2.40000e+00       3.384e+12  5.091060e-01  0.000000e+00  1.450537e-01  4.908940e-01
 4.90000e+00 -2.40000e+00       7.093e+11  2.596902e-01  0.000000e+00  4.141194e-01  7.403098e-01
 5.60000e+00 -2.40000e+00       9.336e+10 -2.079340e-01  0.000000e+00  2.909513e-01  7.920660e-01
 6.30000e+00 -2.40000e+00       9.189e+09 -3.901914e-01  0.000000e+00 -2.176058e-01  6.098086e-01
 7.00000e+00 -2.40000e+00       9.178e+08 -2.943021e-01  0.000000e+00 -5.359255e-01  7.056979e-01
-7.00000e+00 -2.00000e+00       8.679e+09  7.863028e-01  0.000000e+00  3.214963e-01  2.136972e-01
-6.30000e+00 -2.00000e+00       1.093e+11  6.245095e-01  0.000000e+00  5.350978e-01  3.754905e-01
-5.60000e+00 -2.00000e+00       8.262e+11  2.482183e-01  0.000000e+00  5.874900e-01  7.517817e-01
-4.90000e+00 -2.00000e+00       4.304e+12 -6.635097e-02  0.000000e+00  2.114938e-01  9.336490e-01
-4.20000e+00 -2.00000e+00       1.878e+13  1.406366e-01  0.000000e+00 -2.387913e-01  8.593634e-01
-3.50000e+00 -2.00000e+00       6.096e+13  4.633027e-01  0.000000e+00 -1.881313e-01  5.366973e-01
-2.80000e+00 -2.00000e+00       1.274e+14  4.795945e-01  0.000000e+00  3.636699e-02  5.204055e-01
-2.10000e+00 -2.00000e+00       2.150e+14  4.999136e-01  0.000000e+00  1.880858e-01  5.000864e-01
-1.40000e+00 -2.00000e+00       3.521e+14  7.221912e-01  0.000000e+00  3.635416e-01  2.778088e-01
-7.00000e-01 -2.00000e+00       4.099e+14  8.381834e-01  0.000000e+00  3.836973e-01  1.618166e-01
 0.00000e+00 -2.00000e+00       3.499e+14  8.600366e-01  0.000000e+00  3.844234e-15  1.399634e-01
 7.00000e-01 -2.00000e+00       4.099e+14  8.381834e-01  0.000000e+00 -3.836973e-01  1.618166e-01
 1.40000e+00 -2.00000e+00       3.521e+14  7.221912e-01  0.000000e+00 -3.635416e-01  2.778088e-01
 2.10000e+00 -2.00000e+00       2.150e+14  4.999136e-01  0.000000e+00 -1.880858e-01  5.000864e-01
 2.80000e+00 -2.00000e+00       1.274e+14  4.795945e-01  0.000000e+00 -3.636699e-02  5.204055e-01
 3.50000e+00 -2.00000e+00       6.096e+13  4.633027e-01  0.000000e+00  1.881313e-01  5.366973e-01
 4.20000e+00 -2.00000e+00       1.878e+13  1.406366e-01  0.000000e+00  2.387913e-01  8.593634e-01
 4.90000e+00 -2.00000e+00       4.304e+12 -6.635097e-02  0.000000e+00 -2.114938e-01  9.336490e-01
 5.60000e+00 -2.00000e+00       8.262e+11  2.482183e-01  0.000000e+00 -5.874900e-01  7.517817e-01
 6.30000e+00 -2.00000e+00       1.093e+11  6.245095e-01  0.000000e+00 -5.350978e-01  3.754905e-01
 7.00000e+00 -2.00000e+00       8.679e+09  7.863028e-01  0.000000e+00 -3.214963e-01  2.136972e-01
-7.00000e+00 -1.60000e+00       6.140e+10  9.066131e-01  0.000000e+00 -2.785112e-01  9.338690e-02
-6.30000e+00 -1.60000e+00       8.383e+11  9.375468e-01  0.000000e+00 -5.753041e-02  6.245322e-02
-5.60000e+00 -1.60000e+00       6.409e+12  8.755307e-01  0.000000e+00  2.008854e-01  1.244693e-01
-4.90000e+00 -1.60000e+00       2.771e+13  6.574483e-01  0.000000e+00  4.181280e-01  3.425517e-01
-4.20000e+00 -1.60000e+00       7.786e+13  3.138028e-01  0.000000e+00  3.260707e-01  6.861972e-01
-3.50000e+00 -1.60000e+00       1.998e+14  3.088078e-01  0.000000e+00 -8.463326e-02  6.911922e-01
-2.80000e+00 -1.60000e+00       4.545e+14  5.541050e-01  0.000000e+00 -1.261619e-01  4.458950e-01
-2.10000e+00 -1.60000e+00       7.700e+14  6.681521e-01  0.000000e+00 -8.638910e-02  3.318479e-01
-1.40000e+00 -1.60000e+00       1.249e+15  8.101486e-01  0.000000e+00 -2.522332e-01  1.898514e-01
-7.00000e-01 -1.60000e+00       1.754e+15  9.043124e-01  0.000000e+00 -2.607773e-01  9.568765e-02
 0.00000e+00 -1.60000e+00       1.806e+15  9.243718e-01  0.000000e+00  1.496912e-15  7.562818e-02
 7.00000e-01 -1.60000e+00       1.754e+15  9.043124e-01  0.000000e+00  2.607773e-01  9.568765e-02
 1.40000e+00 -1.60000e+00       1.249e+15  8.101486e-01  0.000000e+00  2.522332e-01  1.898514e-01
 2.10000e+00 -1.60000e+00       7.700e+14  6.681521e-01  0.000000e+00  8.638910e-02  3.318479e-01
 2.80000e+00 -1.60000e+00       4.545e+14  5.541050e-01  0.000000e+00  1.261619e-01  4.458950e-01
 3.50000e+00 -1.60000e+00       1.998e+14  3.088078e-01  0.000000e+00  8.463326e-02  6.911922e-01
 4.20000e+00 -1.60000e+00       7.786e+13  3.138028e-01  0.000000e+00 -3.260707e-01  6.861972e-01
 4.90000e+00 -1.60000e+00       2.771e+13  6.574483e-01  0.000000e+00 -4.181280e-01  3.425517e-01
 5.60000e+00 -1.60000e+00       6.409e+12  8.755307e-01  0.000000e+00 -2.008854e-01  1.244693e-01
 6.30000e+00 -1.60000e+00       8.383e+11  9.375468e-01  0.000000e+00  5.753041e-02  6.245322e-02
 7.00000e+00 -1.60000e+00       6.140e+10  9.066131e-01  0.000000e+00  2.785112e-01  9.338690e-02
-7.00000e+00 -1.20000e+00       2.091e+11  7.739634e-01  0.000000e+00 -5.809812e-01  2.260366e-01
-6.30000e+00 -1.20000e+00       3.016e+12  8.725456e-01  0.000000e+00 -4.118051e-01  1.274544e-01
-5.60000e+00 -1.20000e+00       2.494e+13  9.315919e-01  0.000000e+00 -2.057034e-01  6.840805e-02
-4.90000e+00 -1.20000e+00       1.167e+14  9.255919e-01  0.000000e+00  3.125771e-02  7.440806e-02
-4.20000e+00 -1.20000e+00       3.077e+14  8.021192e-01  0.000000e+00  2.488829e-01  1.978808e-01
-3.50000e+00 -1.20000e+00       5.401e+14  5.680833e-01  0.000000e+00  2.156210e-01  4.319167e-01
-2.80000e+00 -1.20000e+00       9.912e+14  5.822408e-01  0.000000e+00 -6.389509e-02  4.177592e-01
-2.10000e+00 -1.20000e+00       1.684e+15  7.301320e-01  0.000000e+00 -1.081695e-01  2.698680e-01
-1.40000e+00 -1.20000e+00       1.807e+15  7.690278e-01  0.000000e+00 -2.174225e-01  2.309722e-01
-7.00000e-01 -1.20000e+00       9.902e+14  7.669584e-01  0.000000e+00 -3.734018e-01  2.330416e-01
 0.00000e+00 -1.20000e+00       4.325e+14  7.472539e-01  0.000000e+00  5.660407e-15  2.527461e-01
 7.00000e-01 -1.20000e+00       9.902e+14  7.669584e-01  0.000000e+00  3.734018e-01  2.330416e-01
 1.40000e+00 -1.20000e+00       1.807e+15  7.690278e-01  0.000000e+00  2.174225e-01  2.309722e-01
 2.10000e+00 -1.20000e+00       1.684e+15  7.301320e-01  0.000000e+00  1.081695e-01  2.698680e-01
 2.80000e+00 -1.20000e+00       9.912e+14  5.822408e-01  0.000000e+00  6.389509e-02  4.177592e-01
 3.50000e+00 -1.20000e+00       5.401e+14  5.680833e-01  0.000000e+00 -2.156210e-01  4.319167e-01
 4.20000e+00 -1.20000e+00       3.077e+14  8.021192e-01  0.000000e+00 -2.488829e-01  1.978808e-01
 4.90000e+00 -1.20000e+00       1.167e+14  9.255919e-01  0.000000e+00 -3.125771e-02  7.440806e-02
 5.60000e+00 -1.20000e+00       2.494e+13  9.315919e-01  0.000000e+00  2.057034e-01  6.840805e-02
 6.30000e+00 -1.20000e+00       3.016e+12  8.725456e-01  0.000000e+00  4.118051e-01  1.274544e-01
 7.00000e+00 -1.20000e+00       2.091e+11  7.739634e-01  0.000000e+00  5.809812e-01  2.260366e-01
-7.00000e+00 -8.00000e-01       3.800e+11  7.228205e-01  0.000000e+00 -6.523755e-01  2.771795e-01
-6.30000e+00 -8.00000e-01       5.800e+12  8.307997e-01  0.000000e+00 -5.104163e-01  1.692003e-01
-5.60000e+00 -8.00000e-01       5.176e+13  9.091537e-01  0.000000e+00 -3.489112e-01  9.084630e-02
-4.90000e+00 -8.00000e-01       2.679e+14  9.528574e-01  0.000000e+00 -1.701129e-01  4.714260e-02
-4.20000e+00 -8.00000e-01       7.795e+14  9.480149e-01  0.000000e+00  1.977477e-02  5.198513e-02
-3.50000e+00 -8.00000e-01       1.285e+15  8.645196e-01  0.000000e+00  1.617868e-01  1.354804e-01
-2.80000e+00 -8.00000e-01       1.689e+15  7.607573e-01  0.000000e+00  7.291557e-02  2.392427e-01
-2.10000e+00 -8.00000e-01       2.771e+15  8.265807e-01  0.000000e+00  3.477107e-02  1.734193e-01
-1.40000e+00 -8.00000e-01       4.395e+15  9.163115e-01  0.000000e+00  1.482015e-01  8.368852e-02
-7.00000e-01 -8.00000e-01       4.707e+15  9.639845e-01  0.000000e+00  1.422864e-01  3.601552e-02
 0.00000e+00 -8.00000e-01       3.650e+15  9.791784e-01  0.000000e+00 -1.307364e-15  2.082155e-02
 7.00000e-01 -8.00000e-01       4.707e+15  9.639845e-01  0.000000e+00 -1.422864e-01  3.601552e-02
 1.40000e+00 -8.00000e-01       4.395e+15  9.163115e-01  0.000000e+00 -1.482015e-01  8.368852e-02
 2.10000e+00 -8.00000e-01       2.771e+15  8.265807e-01  0.000000e+00 -3.477107e-02  1.734193e-01
 2.80000e+00 -8.00000e-01       1.689e+15  7.607573e-01  0.000000e+00 -7.291557e-02  2.392427e-01
 3.50000e+00 -8.00000e-01       1.285e+15  8.645196e-01  0.000000e+00 -1.617868e-01  1.354804e-01
 4.20000e+00 -8.00000e-01       7.795e+14  9.480149e-01  0.000000e+00 -1.977477e-02  5.198513e-02
 4.90000e+00 -8.00000e-01       2.679e+14  9.528574e-01  0.000000e+00  1.701129e-01  4.714260e-02
 5.60000e+00 -8.00000e-01       5.176e+13  9.091537e-01  0.000000e+00  3.489112e-01  9.084630e-02
 6.30000e+00 -8.00000e-01       5.800e+12  8.307997e-01  0.000000e+00  5.104163e-01  1.692003e-01
 7.00000e+00 -8.00000e-01       3.800e+11  7.228205e-01  0.000000e+00  6.523755e-01  2.771795e-01
-7.00000e+00 -4.00000e-01       4.337e+11  8.563917e-01  0.000000e+00 -4.876833e-01  1.436083e-01
-6.30000e+00 -4.00000e-01       7.160e+12  9.148866e-01  0.000000e+00 -3.746197e-01  8.511337e-02
-5.60000e+00 -4.00000e-01       6.908e+13  9.542414e-01  0.000000e+00 -2.644898e-01  4.575856e-02
-4.90000e+00 -4.00000e-01       3.886e+14  9.778489e-01  0.000000e+00 -1.564122e-01  2.215107e-02
-4.20000e+00 -4.00000e-01       1.237e+15  9.862411e-01  0.000000e+00 -4.864921e-02  1.375886e-02
-3.50000e+00 -4.00000e-01       2.154e+15  9.743168e-01  0.000000e+00  4.923281e-02  2.568319e-02
-2.80000e+00 -4.00000e-01       2.492e+15  9.418593e-01  0.000000e+00  5.502504e-02  5.814066e-02
-2.10000e+00 -4.00000e-01       3.325e+15  9.397444e-01  0.000000e+00 -5.939744e-02  6.025559e-02
-1.40000e+00 -4.00000e-01       3.353e+15  9.325746e-01  0.000000e+00 -1.460684e-01  6.742543e-02
-7.00000e-01 -4.00000e-01       1.542e+15  8.863758e-01  0.000000e+00 -2.655680e-01  1.136242e-01
 0.00000e+00 -4.00000e-01       5.817e+14  8.341006e-01  0.000000e+00  4.237600e-15  1.658994e-01
 7.00000e-01 -4.00000e-01       1.542e+15  8.863758e-01  0.000000e+00  2.655680e-01  1.136242e-01
 1.40000e+00 -4.00000e-01       3.353e+15  9.325746e-01  0.000000e+00  1.460684e-01  6.742543e-02
 2.10000e+00 -4.00000e-01       3.325e+15  9.397444e-01  0.000000e+00  5.939744e-02  6.025559e-02
 2.80000e+00 -4.00000e-01       2.492e+15  9.418593e-01  0.000000e+00 -5.502504e-02  5.814066e-02
 3.50000e+00 -4.00000e-01       2.154e+15  9.743168e-01  0.000000e+00 -4.923281e-02  2.568319e-02
 4.20000e+00 -4.00000e-01       1.237e+15  9.862411e-01  0.000000e+00  4.864921e-02  1.375886e-02
 4.90000e+00 -4.00000e-01       3.886e+14  9.778489e-01  0.000000e+00  1.564122e-01  2.215107e-02
 5.60000e+00 -4.00000e-01       6.908e+13  9.542414e-01  0.000000e+00  2.644898e-01  4.575856e-02
 6.30000e+00 -4.00000e-01       7.160e+12  9.148866e-01  0.000000e+00  3.746197e-01  8.511337e-02
 7.00000e+00 -4.00000e-01       4.337e+11  8.563917e-01  0.000000e+00  4.876833e-01  1.436083e-01
-7.00000e+00  0.00000e+00       4.191e+11  9.998746e-01  0.000000e+00  1.211831e-10  1.254141e-04
-6.30000e+00  0.00000e+00       7.280e+12  9.999286e-01  0.000000e+00  2.827257e-11  7.140998e-05
-5.60000e+00  0.00000e+00       7.318e+13  9.999624e-01  0.000000e+00  2.786846e-12  3.760248e-05
-4.90000e+00  0.00000e+00       4.277e+14  9.999821e-01  0.000000e+00  1.250842e-13  1.791603e-05
-4.20000e+00  0.00000e+00       1.415e+15  9.999902e-01  0.000000e+00  4.054316e-13  9.817350e-06
-3.50000e+00  0.00000e+00       2.539e+15  9.999848e-01  0.000000e+00  5.386483e-13  1.521271e-05
-2.80000e+00  0.00000e+00       2.825e+15  9.999621e-01  0.000000e+00  3.607768e-13  3.785367e-05
-2.10000e+00  0.00000e+00       3.227e+15  9.999404e-01  0.000000e+00  1.175346e-13  5.963545e-05
-1.40000e+00  0.00000e+00       2.640e+15  9.998669e-01  0.000000e+00  1.127268e-13  1.330507e-04
-7.00000e-01  0.00000e+00       8.389e+14  9.994257e-01  0.000000e+00  3.213445e-13  5.743144e-04
 0.00000e+00  0.00000e+00       2.049e+14  9.977056e-01  0.000000e+00  3.047374e-17  2.294442e-03
 7.00000e-01  0.00000e+00       8.389e+14  9.994257e-01  0.000000e+00 -3.214573e-13  5.743144e-04
 1.40000e+00  0.00000e+00       2.640e+15  9.998669e-01  0.000000e+00 -1.126781e-13  1.330507e-04
 2.10000e+00  0.00000e+00       3.227e+15  9.999404e-01  0.000000e+00 -1.175248e-13  5.963545e-05
 2.80000e+00  0.00000e+00       2.825e+15  9.999621e-01  0.000000e+00 -3.608379e-13  3.785367e-05
 3.50000e+00  0.00000e+00       2.539e+15  9.999848e-01  0.000000e+00 -5.386667e-13  1.521271e-05
 4.20000e+00  0.00000e+00       1.415e+15  9.999902e-01  0.000000e+00 -4.053281e-13  9.817350e-06
 4.90000e+00  0.00000e+00       4.277e+14  9.999821e-01  0.000000e+00 -1.248284e-13  1.791603e-05
 5.60000e+00  0.00000e+00       7.318e+13  9.999624e-01  0.000000e+00 -2.786425e-12  3.760248e-05
 6.30000e+00  0.00000e+00       7.280e+12  9.999286e-01  0.000000e+00 -2.827192e-11  7.140998e-05
 7.00000e+00  0.00000e+00       4.191e+11  9.998746e-01  0.000000e+00 -1.211821e-10  1.254141e-04
-7.00000e+00  4.00000e-01       4.337e+11  8.563917e-01  0.000000e+00  4.876833e-01  1.436083e-01
-6.30000e+00  4.00000e-01       7.160e+12  9.148866e-01  0.000000e+00  3.746197e-01  8.511337e-02
-5.60000e+00  4.00000e-01       6.908e+13  9.542414e-01  0.000000e+00  2.644898e-01  4.575856e-02
-4.90000e+00  4.00000e-01       3.886e+14  9.778489e-01  0.000000e+00  1.564122e-01  2.215107e-02
-4.20000e+00  4.00000e-01       1.237e+15  9.862411e-01  0.000000e+00  4.864921e-02  1.375886e-02
-3.50000e+00  4.00000e-01       2.154e+15  9.743168e-01  0.000000e+00 -4.923281e-02  2.568319e-02
-2.80000e+00  4.00000e-01       2.492e+15  9.418593e-01  0.000000e+00 -5.502504e-02  5.814066e-02
-2.10000e+00  4.00000e-01       3.325e+15  9.397444e-01  0.000000e+00  5.939744e-02  6.025559e-02
-1.40000e+00  4.00000e-01       3.353e+15  9.325746e-01  0.000000e+00  1.460684e-01  6.742543e-02
-7.00000e-01  4.00000e-01       1.542e+15  8.863758e-01  0.000000e+00  2.655680e-01  1.136242e-01
 0.00000e+00  4.00000e-01       5.817e+14  8.341006e-01  0.000000e+00 -4.232783e-15  1.658994e-01
 7.00000e-01  4.00000e-01       1.542e+15  8.863758e-01  0.000000e+00 -2.655680e-01  1.136242e-01
 1.40000e+00  4.00000e-01       3.353e+15  9.325746e-01  0.000000e+00 -1.460684e-01  6.742543e-02
 2.10000e+00  4.00000e-01       3.325e+15  9.397444e-01  0.000000e+00 -5.939744e-02  6.025559e-02
 2.80000e+00  4.00000e-01       2.492e+15  9.418593e-01  0.000000e+00  5.502504e-02  5.814066e-02
 3.50000e+00  4.00000e-01       2.154e+15  9.743168e-01  0.000000e+00  4.923281e-02  2.568319e-02
 4.20000e+00  4.00000e-01       1.237e+15  9.862411e-01  0.000000e+00 -4.864921e-02  1.375886e-02
 4.90000e+00  4.00000e-01       3.886e+14  9.778489e-01  0.000000e+00 -1.564122e-01  2.215107e-02
 5.60000e+00  4.00000e-01       6.908e+13  9.542414e-01  0.000000e+00 -2.644898e-01  4.575856e-02
 6.30000e+00  4.00000e-01       7.160e+12  9.148866e-01  0.000000e+00 -3.746197e-01  8.511337e-02
 7.00000e+00  4.00000e-01       4.337e+11  8.563917e-01  0.000000e+00 -4.876833e-01  1.436083e-01
-7.00000e+00  8.00000e-01       3.800e+11  7.228205e-01  0.000000e+00  6.523755e-01  2.771795e-01
-6.30000e+00  8.00000e-01       5.800e+12  8.307997e-01  0.000000e+00  5.104163e-01  1.692003e-01
-5.60000e+00  8.00000e-01       5.176e+13  9.091537e-01  0.000000e+00  3.489112e-01  9.084630e-02
-4.90000e+00  8.00000e-01       2.679e+14  9.528574e-01  0.000000e+00  1.701129e-01  4.714260e-02
-4.20000e+00  8.00000e-01       7.795e+14  9.480149e-01  0.000000e+00 -1.977477e-02  5.198513e-02
-3.50000e+00  8.00000e-01       1.285e+15  8.645196e-01  0.000000e+00 -1.617868e-01  1.354804e-01
-2.80000e+00  8.00000e-01       1.689e+15  7.607573e-01  0.000000e+00 -7.291557e-02  2.392427e-01
-2.10000e+00  8.00000e-01       2.771e+15  8.265807e-01  0.000000e+00 -3.477107e-02  1.734193e-01
-1.40000e+00  8.00000e-01       4.395e+15  9.163115e-01  0.000000e+00 -1.482015e-01  8.368852e-02
-7.00000e-01  8.00000e-01       4.707e+15  9.639845e-01  0.000000e+00 -1.422864e-01  3.601552e-02
 0.00000e+00  8.00000e-01       3.650e+15  9.791784e-01  0.000000e+00  9.629302e-16  2.082155e-02
 7.00000e-01  8.00000e-01       4.707e+15  9.639845e-01  0.000000e+00  1.422864e-01  3.601552e-02
 1.40000e+00  8.00000e-01       4.395e+15  9.163115e-01  0.000000e+00  1.482015e-01  8.368852e-02
 2.10000e+00  8.00000e-01       2.771e+15  8.265807e-01  0.000000e+00  3.477107e-02  1.734193e-01
 2.80000e+00  8.00000e-01       1.689e+15  7.607573e-01  0.000000e+00  7.291557e-02  2.392427e-01
 3.50000e+00  8.00000e-01       1.285e+15  8.645196e-01  0.000000e+00  1.617868e-01  1.354804e-01
 4.20000e+00  8.00000e-01       7.795e+14  9.480149e-01  0.000000e+00  1.977477e-02  5.198513e-02
 4.90000e+00  8.00000e-01       2.679e+14  9.528574e-01  0.000000e+00 -1.701129e-01  4.714260e-02
 5.60000e+00  8.00000e-01       5.176e+13  9.091537e-01  0.000000e+00 -3.489112e-01  9.084630e-02
 6.30000e+00  8.00000e-01       5.800e+12  8.307997e-01  0.000000e+00 -5.104163e-01  1.692003e-01
 7.00000e+00  8.00000e-01       3.800e+11  7.228205e-01  0.000000e+00 -6.523755e-01  2.771795e-01
-7.00000e+00  1.20000e+00       2.091e+11  7.739634e-01  0.000000e+00  5.809812e-01  2.260366e-01
-6.30000e+00  1.20000e+00       3.016e+12  8.725456e-01  0.000000e+00  4.118051e-01  1.274544e-01
-5.60000e+00  1.20000e+00       2.494e+13  9.315919e-01  0.000000e+00  2.057034e-01  6.840805e-02
-4.90000e+00  1.20000e+00       1.167e+14  9.255919e-01  0.000000e+00 -3.125771e-02  7.440806e-02
-4.20000e+00  1.20000e+00       3.077e+14  8.021192e-01  0.000000e+00 -2.488829e-01  1.978808e-01
-3.50000e+00  1.20000e+00       5.401e+14  5.680833e-01  0.000000e+00 -2.156210e-01  4.319167e-01
-2.80000e+00  1.20000e+00       9.912e+14  5.822408e-01  0.000000e+00  6.389509e-02  4.177592e-01
-2.10000e+00  1.20000e+00       1.684e+15  7.301320e-01  0.000000e+00  1.081695e-01  2.698680e-01
-1.40000e+00  1.20000e+00       1.807e+15  7.690278e-01  0.000000e+00  2.174225e-01  2.309722e-01
-7.00000e-01  1.20000e+00       9.902e+14  7.669584e-01  0.000000e+00  3.734018e-01  2.330416e-01
 0.00000e+00  1.20000e+00       4.325e+14  7.472539e-01  0.000000e+00 -9.192480e-15  2.527461e-01
 7.00000e-01  1.20000e+00       9.902e+14  7.669584e-01  0.000000e+00 -3.734018e-01  2.330416e-01
 1.40000e+00  1.20000e+00       1.807e+15  7.690278e-01  0.000000e+00 -2.174225e-01  2.309722e-01
 2.10000e+00  1.20000e+00       1.684e+15  7.301320e-01  0.000000e+00 -1.081695e-01  2.698680e-01
 2.80000e+00  1.20000e+00       9.912e+14  5.822408e-01  0.000000e+00 -6.389509e-02  4.177592e-01
 3.50000e+00  1.20000e+00       5.401e+14  5.680833e-01  0.000000e+00  2.156210e-01  4.319167e-01
 4.20000e+00  1.20000e+00       3.077e+14  8.021192e-01  0.000000e+00  2.488829e-01  1.978808e-01
 4.90000e+00  1.20000e+00       1.167e+14  9.255919e-01  0.000000e+00  3.125771e-02  7.440806e-02
 5.60000e+00  1.20000e+00       2.494e+13  9.315919e-01  0.000000e+00 -2.057034e-01  6.840805e-02
 6.30000e+00  1.20000e+00       3.016e+12  8.725456e-01  0.000000e+00 -4.118051e-01  1.274544e-01
 7.00000e+00  1.20000e+00       2.091e+11  7.739634e-01  0.000000e+00 -5.809812e-01  2.260366e-01
-7.00000e+00  1.60000e+00       6.140e+10  9.066131e-01  0.000000e+00  2.785112e-01  9.338690e-02
-6.30000e+00  1.60000e+00       8.383e+11  9.375468e-01  0.000000e+00  5.753041e-02  6.245322e-02
-5.60000e+00  1.60000e+00       6.409e+12  8.755307e-01  0.000000e+00 -2.008854e-01  1.244693e-01
-4.90000e+00  1.60000e+00       2.771e+13  6.574483e-01  0.000000e+00 -4.181280e-01  3.425517e-01
-4.20000e+00  1.60000e+00       7.786e+13  3.138028e-01  0.000000e+00 -3.260707e-01  6.861972e-01
-3.50000e+00  1.60000e+00       1.998e+14  3.088078e-01  0.000000e+00  8.463326e-02  6.911922e-01
-2.80000e+00  1.60000e+00       4.545e+14  5.541050e-01  0.000000e+00  1.261619e-01  4.458950e-01
-2.10000e+00  1.60000e+00       7.700e+14  6.681521e-01  0.000000e+00  8.638910e-02  3.318479e-01
-1.40000e+00  1.60000e+00       1.249e+15  8.101486e-01  0.000000e+00  2.522332e-01  1.898514e-01
-7.00000e-01  1.60000e+00       1.754e+15  9.043124e-01  0.000000e+00  2.607773e-01  9.568765e-02
 0.00000e+00  1.60000e+00       1.806e+15  9.243718e-01  0.000000e+00 -1.493572e-15  7.562818e-02
 7.00000e-01  1.60000e+00       1.754e+15  9.043124e-01  0.000000e+00 -2.607773e-01  9.568765e-02
 1.40000e+00  1.60000e+00       1.249e+15  8.101486e-01  0.000000e+00 -2.522332e-01  1.898514e-01
 2.10000e+00  1.60000e+00       7.700e+14  6.681521e-01  0.000000e+00 -8.638910e-02  3.318479e-01
 2.80000e+00  1.60000e+00       4.545e+14  5.541050e-01  0.000000e+00 -1.261619e-01  4.458950e-01
 3.50000e+00  1.60000e+00       1.998e+14  3.088078e-01  0.000000e+00 -8.463326e-02  6.911922e-01
 4.20000e+00  1.60000e+00       7.786e+13  3.138028e-01  0.000000e+00  3.260707e-01  6.861972e-01
 4.90000e+00  1.60000e+00       2.771e+13  6.574483e-01  0.000000e+00  4.181280e-01  3.425517e-01
 5.60000e+00  1.60000e+00       6.409e+12  8.755307e-01  0.000000e+00  2.008854e-01  1.244693e-01
 6.30000e+00  1.60000e+00       8.383e+11  9.375468e-01  0.000000e+00 -5.753041e-02  6.245322e-02
 7.00000e+00  1.60000e+00       6.140e+10  9.066131e-01  0.000000e+00 -2.785112e-01  9.338690e-02
-7.00000e+00  2.00000e+00       8.679e+09  7.863028e-01  0.000000e+00 -3.214963e-01  2.136972e-01
-6.30000e+00  2.00000e+00       1.093e+11  6.245095e-01  0.000000e+00 -5.350978e-01  3.754905e-01
-5.60000e+00  2.00000e+00       8.262e+11  2.482183e-01  0.000000e+00 -5.874900e-01  7.517817e-01
-4.90000e+00  2.00000e+00       4.304e+12 -6.635097e-02  0.000000e+00 -2.114938e-01  9.336490e-01
-4.20000e+00  2.00000e+00       1.878e+13  1.406366e-01  0.000000e+00  2.387913e-01  8.593634e-01
-3.50000e+00  2.00000e+00       6.096e+13  4.633027e-01  0.000000e+00  1.881313e-01  5.366973e-01
-2.80000e+00  2.00000e+00       1.274e+14  4.795945e-01  0.000000e+00 -3.636699e-02  5.204055e-01
-2.10000e+00  2.00000e+00       2.150e+14  4.999136e-01  0.000000e+00 -1.880858e-01  5.000864e-01
-1.40000e+00  2.00000e+00       3.521e+14  7.221912e-01  0.000000e+00 -3.635416e-01  2.778088e-01
-7.00000e-01  2.00000e+00       4.099e+14  8.381834e-01  0.000000e+00 -3.836973e-01  1.618166e-01
 0.00000e+00  2.00000e+00       3.499e+14  8.600366e-01  0.000000e+00 -3.839543e-15  1.399634e-01
 7.00000e-01  2.00000e+00       4.099e+14  8.381834e-01  0.000000e+00  3.836973e-01  1.618166e-01
 1.40000e+00  2.00000e+00       3.521e+14  7.221912e-01  0.000000e+00  3.635416e-01  2.778088e-01
 2.10000e+00  2.00000e+00       2.150e+14  4.999136e-01  0.000000e+00  1.880858e-01  5.000864e-01
 2.80000e+00  2.00000e+00       1.274e+14  4.795945e-01  0.000000e+00  3.636699e-02  5.204055e-01
 3.50000e+00  2.00000e+00       6.096e+13  4.633027e-01  0.000000e+00 -1.881313e-01  5.366973e-01
 4.20000e+00  2.00000e+00       1.878e+13  1.406366e-01  0.000000e+00 -2.387913e-01  8.593634e-01
 4.90000e+00  2.00000e+00       4.304e+12 -6.635097e-02  0.000000e+00  2.114938e-01  9.336490e-01
 5.60000e+00  2.00000e+00       8.262e+11  2.482183e-01  0.000000e+00  5.874900e-01  7.517817e-01
 6.30000e+00  2.00000e+00       1.093e+11  6.245095e-01  0.000000e+00  5.350978e-01  3.754905e-01
 7.00000e+00  2.00000e+00       8.679e+09  7.863028e-01  0.000000e+00  3.214963e-01  2.136972e-01
-7.00000e+00  2.40000e+00       9.178e+08 -2.943022e-01  0.000000e+00 -5.359251e-01  7.056978e-01
-6.30000e+00  2.40000e+00       9.189e+09 -3.901914e-01  0.000000e+00 -2.176057e-01  6.098086e-01
-5.60000e+00  2.40000e+00       9.336e+10 -2.079340e-01  0.000000e+00  2.909513e-01  7.920660e-01
-4.90000e+00  2.40000e+00       7.093e+11  2.596902e-01  0.000000e+00  4.141194e-01  7.403098e-01
-4.20000e+00  2.40000e+00       3.384e+12  5.091060e-01  0.000000e+00  1.450537e-01  4.908940e-01
-3.50000e+00  2.40000e+00       9.963e+12  4.036326e-01  0.000000e+00 -7.048531e-02  5.963674e-01
-2.80000e+00  2.40000e+00       2.206e+13  3.036008e-01  0.000000e+00  3.827364e-02  6.963992e-01
-2.10000e+00  2.40000e+00       4.045e+13  3.261152e-01  0.000000e+00  2.800930e-01  6.738848e-01
-1.40000e+00  2.40000e+00       6.481e+13  3.248598e-01  0.000000e+00  6.107036e-01  6.751402e-01
-7.00000e-01  2.40000e+00       8.824e+13  4.183773e-01  0.000000e+00  6.379340e-01  5.816227e-01
 0.00000e+00  2.40000e+00       8.953e+13  4.738658e-01  0.000000e+00 -1.005580e-14  5.261342e-01
 7.00000e-01  2.40000e+00       8.824e+13  4.183773e-01  0.000000e+00 -6.379340e-01  5.816227e-01
 1.40000e+00  2.40000e+00       6.481e+13  3.248598e-01  0.000000e+00 -6.107036e-01  6.751402e-01
 2.10000e+00  2.40000e+00       4.045e+13  3.261152e-01  0.000000e+00 -2.800930e-01  6.738848e-01
 2.80000e+00  2.40000e+00       2.206e+13  3.036008e-01  0.000000e+00 -3.827364e-02  6.963992e-01
 3.50000e+00  2.40000e+00       9.963e+12  4.036326e-01  0.000000e+00  7.048531e-02  5.963674e-01
 4.20000e+00  2.40000e+00       3.384e+12  5.091060e-01  0.000000e+00 -1.450537e-01  4.908940e-01
 4.90000e+00  2.40000e+00       7.093e+11  2.596902e-01  0.000000e+00 -4.141194e-01  7.403098e-01
 5.60000e+00  2.40000e+00       9.336e+10 -2.079340e-01  0.000000e+00 -2.909513e-01  7.920660e-01
 6.30000e+00  2.40000e+00       9.189e+09 -3.901914e-01  0.000000e+00  2.176057e-01  6.098086e-01
 7.00000e+00  2.40000e+00       9.178e+08 -2.943022e-01  0.000000e+00  5.359251e-01  7.056978e-01
-7.00000e+00  2.80000e+00       3.493e+08 -6.301943e-01  0.000000e+00 -1.587157e-01  3.698057e-01
-6.30000e+00  2.80000e+00       1.435e+09 -1.906161e-01  0.000000e+00  3.306347e-01  8.093839e-01
-5.60000e+00  2.80000e+00       1.021e+10  4.006736e-01  0.000000e+00  2.691667e-01  5.993264e-01
-4.90000e+00  2.80000e+00       6.456e+10  4.543273e-01  0.000000e+00 -7.506290e-02  5.456727e-01
-4.20000e+00  2.80000e+00       2.857e+11  2.120893e-01  0.000000e+00 -1.227414e-01  7.879107e-01
-3.50000e+00  2.80000e+00       9.760e+11  1.936332e-01  0.000000e+00  5.595728e-02  8.063668e-01
-2.80000e+00  2.80000e+00       2.494e+12  2.356046e-01  0.000000e+00  7.383323e-02  7.643954e-01
-2.10000e+00  2.80000e+00       4.373e+12  2.193172e-03  0.000000e+00  5.145895e-02  9.978068e-01
-1.40000e+00  2.80000e+00       4.799e+12 -3.596691e-01  0.000000e+00 -8.393511e-02  6.403309e-01
-7.00000e-01  2.80000e+00       3.128e+12 -5.795610e-01  0.000000e+00 -2.386441e-01  4.204390e-01
 0.00000e+00  2.80000e+00       2.254e+12 -5.220955e-01  0.000000e+00 -6.988658e-15  4.779045e-01
 7.00000e-01  2.80000e+00       3.128e+12 -5.795610e-01  0.000000e+00  2.386441e-01  4.204390e-01
 1.40000e+00  2.80000e+00       4.799e+12 -3.596691e-01  0.000000e+00  8.393511e-02  6.403309e-01
 2.10000e+00  2.80000e+00       4.373e+12  2.193172e-03  0.000000e+00 -5.145895e-02  9.978068e-01
 2.80000e+00  2.80000e+00       2.494e+12  2.356046e-01  0.000000e+00 -7.383323e-02  7.643954e-01
 3.50000e+00  2.80000e+00       9.760e+11  1.936332e-01  0.000000e+00 -5.595728e-02  8.063668e-01
 4.20000e+00  2.80000e+00       2.857e+11  2.120893e-01  0.000000e+00  1.227414e-01  7.879107e-01
 4.90000e+00  2.80000e+00       6.456e+10  4.543273e-01  0.000000e+00  7.506290e-02  5.456727e-01
 5.60000e+00  2.80000e+00       1.021e+10  4.006736e-01  0.000000e+00 -2.691667e-01  5.993264e-01
 6.30000e+00  2.80000e+00       1.435e+09 -1.906161e-01  0.000000e+00 -3.306347e-01  8.093839e-01
 7.00000e+00  2.80000e+00       3.493e+08 -6.301943e-01  0.000000e+00  1.587157e-01  3.698057e-01
-7.00000e+00  3.20000e+00       2.524e+08 -7.176529e-01  0.000000e+00 -1.310394e-01  2.823471e-01
-6.30000e+00  3.20000e+00       5.812e+08 -5.735352e-01  0.000000e+00  1.727337e-01  4.264648e-01
-5.60000e+00  3.20000e+00       1.550e+09 -2.914250e-01  0.000000e+00  3.067695e-01  7.085750e-01
-4.90000e+00  3.20000e+00       5.240e+09 -4.168566e-02  0.000000e+00  3.046375e-01  9.583143e-01
-4.20000e+00  3.20000e+00       2.041e+10  2.077764e-01  0.000000e+00  2.217970e-01  7.922236e-01
-3.50000e+00  3.20000e+00       6.862e+10  2.683316e-01  0.000000e+00  6.465932e-02  7.316684e-01
-2.80000e+00  3.20000e+00       1.787e+11  2.013378e-01  0.000000e+00  1.157038e-01  7.986622e-01
-2.10000e+00  3.20000e+00       3.492e+11 -1.924757e-02  0.000000e+00  3.701480e-01  9.807524e-01
-1.40000e+00  3.20000e+00       4.890e+11 -4.761822e-01  0.000000e+00  6.997769e-01  5.238178e-01
-7.00000e-01  3.20000e+00       4.140e+11 -8.837345e-01  0.000000e+00  8.549000e-01  1.162655e-01
 0.00000e+00  3.20000e+00       3.130e+11 -8.527096e-01  0.000000e+00  7.661738e-15  1.472904e-01
 7.00000e-01  3.20000e+00       4.140e+11 -8.837345e-01  0.000000e+00 -8.549000e-01  1.162655e-01
 1.40000e+00  3.20000e+00       4.890e+11 -4.761822e-01  0.000000e+00 -6.997769e-01  5.238178e-01
 2.10000e+00  3.20000e+00       3.492e+11 -1.924757e-02  0.000000e+00 -3.701480e-01  9.807524e-01
 2.80000e+00  3.20000e+00       1.787e+11  2.013378e-01  0.000000e+00 -1.157038e-01  7.986622e-01
 3.50000e+00  3.20000e+00       6.862e+10  2.683316e-01  0.000000e+00 -6.465932e-02  7.316684e-01
 4.20000e+00  3.20000e+00       2.041e+10  2.077764e-01  0.000000e+00 -2.217970e-01  7.922236e-01
 4.90000e+00  3.20000e+00       5.240e+09 -4.168566e-02  0.000000e+00 -3.046375e-01  9.583143e-01
 5.60000e+00  3.20000e+00       1.550e+09 -2.914250e-01  0.000000e+00 -3.067695e-01  7.085750e-01
 6.30000e+00  3.20000e+00       5.812e+08 -5.735352e-01  0.000000e+00 -1.727337e-01  4.264648e-01
 7.00000e+00  3.20000e+00       2.524e+08 -7.176529e-01  0.000000e+00  1.310394e-01  2.823471e-01
-7.00000e+00  3.60000e+00       1.762e+08 -7.523150e-01  0.000000e+00  2.596653e-03  2.476850e-01
-6.30000e+00  3.60000e+00       4.009e+08 -6.292421e-01  0.000000e+00  2.617481e-01  3.707579e-01
-5.60000e+00  3.60000e+00       8.631e+08 -3.949133e-01  0.000000e+00  4.794447e-01  6.050867e-01
-4.90000e+00  3.60000e+00       1.818e+09 -1.162325e-01  0.000000e+00  5.496784e-01  8.837675e-01
-4.20000e+00  3.60000e+00       3.683e+09  1.224521e-01  0.000000e+00  4.691213e-01  8.775479e-01
-3.50000e+00  3.60000e+00       7.415e+09  2.629202e-01  0.000000e+00  3.264552e-01  7.370798e-01
-2.80000e+00  3.60000e+00       1.378e+10  2.478317e-01  0.000000e+00  1.812825e-01  7.521683e-01
-2.10000e+00  3.60000e+00       1.456e+10 -5.221615e-01  0.000000e+00 -7.855800e-03  4.778385e-01
-1.40000e+00  3.60000e+00       5.946e+10  2.488630e-01  0.000000e+00 -1.355402e-01  7.511370e-01
-7.00000e-01  3.60000e+00       1.182e+11  4.843929e-01  0.000000e+00 -8.001278e-02  5.156071e-01
 0.00000e+00  3.60000e+00       1.243e+11  5.111145e-01  0.000000e+00  9.611647e-16  4.888855e-01
 7.00000e-01  3.60000e+00       1.182e+11  4.843929e-01  0.000000e+00  8.001278e-02  5.156071e-01
 1.40000e+00  3.60000e+00       5.946e+10  2.488630e-01  0.000000e+00  1.355402e-01  7.511370e-01
 2.10000e+00  3.60000e+00       1.456e+10 -5.221615e-01  0.000000e+00  7.855800e-03  4.778385e-01
 2.80000e+00  3.60000e+00       1.378e+10  2.478317e-01  0.000000e+00 -1.812825e-01  7.521683e-01
 3.50000e+00  3.60000e+00       7.415e+09  2.629202e-01  0.000000e+00 -3.264552e-01  7.370798e-01
 4.20000e+00  3.60000e+00       3.683e+09  1.224521e-01  0.000000e+00 -4.691213e-01  8.775479e-01
 4.90000e+00  3.60000e+00       1.818e+09 -1.162325e-01  0.000000e+00 -5.496784e-01  8.837675e-01
 5.60000e+00  3.60000e+00       8.631e+08 -3.949133e-01  0.000000e+00 -4.794447e-01  6.050867e-01
 6.30000e+00  3.60000e+00       4.009e+08 -6.292421e-01  0.000000e+00 -2.617481e-01  3.707579e-01
 7.00000e+00  3.60000e+00       1.762e+08 -7.523150e-01  0.000000e+00 -2.596653e-03  2.476850e-01
-7.00000e+00  4.00000e+00       1.818e+08 -7.752062e-01  0.000000e+00  7.948671e-02  2.247938e-01
-6.30000e+00  4.00000e+00       3.355e+08 -6.703005e-01  0.000000e+00  2.728719e-01  3.296995e-01
-5.60000e+00  4.00000e+00       4.673e+08 -5.265466e-01  0.000000e+00  4.518886e-01  4.734534e-01
-4.90000e+00  4.00000e+00       5.930e+08 -1.772410e-01  0.000000e+00  5.414311e-01  8.227590e-01
-4.20000e+00  4.00000e+00       1.530e+09  1.828393e-01  0.000000e+00  5.385519e-01  8.171607e-01
-3.50000e+00  4.00000e+00       3.154e+09  2.640209e-01  0.000000e+00  4.872659e-01  7.359791e-01
-2.80000e+00  4.00000e+00       3.914e+09  8.392389e-02  0.000000e+00  5.215108e-01  9.160761e-01
-2.10000e+00  4.00000e+00       1.363e+10  2.188804e-01  0.000000e+00  1.215208e-01  7.811196e-01
-1.40000e+00  4.00000e+00       6.276e+10  5.195628e-01  0.000000e+00 -6.354760e-02  4.804372e-01
-7.00000e-01  4.00000e+00       1.066e+11  5.696180e-01  0.000000e+00 -5.836401e-02  4.303820e-01
 0.00000e+00  4.00000e+00       1.058e+11  5.594379e-01  0.000000e+00  5.645950e-16  4.405621e-01
 7.00000e-01  4.00000e+00       1.066e+11  5.696180e-01  0.000000e+00  5.836401e-02  4.303820e-01
 1.40000e+00  4.00000e+00       6.276e+10  5.195628e-01  0.000000e+00  6.354760e-02  4.804372e-01
 2.10000e+00  4.00000e+00       1.363e+10  2.188804e-01  0.000000e+00 -1.215208e-01  7.811196e-01
 2.80000e+00  4.00000e+00       3.914e+09  8.392389e-02  0.000000e+00 -5.215108e-01  9.160761e-01
 3.50000e+00  4.00000e+00       3.154e+09  2.640209e-01  0.000000e+00 -4.872659e-01  7.359791e-01
 4.20000e+00  4.00000e+00       1.530e+09  1.828393e-01  0.000000e+00 -5.385519e-01  8.171607e-01
 4.90000e+00  4.00000e+00       5.930e+08 -1.772410e-01  0.000000e+00 -5.414311e-01  8.227590e-01
 5.60000e+00  4.00000e+00       4.673e+08 -5.265466e-01  0.000000e+00 -4.518886e-01  4.734534e-01
 6.30000e+00  4.00000e+00       3.355e+08 -6.703005e-01  0.000000e+00 -2.728719e-01  3.296995e-01
 7.00000e+00  4.00000e+00       1.818e+08 -7.752062e-01  0.000000e+00 -7.948671e-02  2.247938e-01
