 EB(GeV)    EMITTANCEx EMITTANCEy SIZEx(m)   SIZEy(m)   DIVx(rad)  DIVy(rad)
 2.411e+00  5.499e-09  1.017e-12  8.711e-05  1.009e-06  6.313e-05  1.009e-06
 betax      alphax     betay      alphay     eta        deta       E_spread  
 1.380e+00  0.000e+00  1.000e+00  0.000e+00  0.000e+00  0.000e+00  8.600e-04
 Ibeam(A)   period(cm) #periods   Kx         Ky         Energy(eV)
 4.005e-01  1.900e+00         96  0.000e+00  1.780e+00  6.069e+03


           x            y       F.Density            PL            PC          PL45        1-|PL|
          mm           mm  ph/s/mr^2/0.1%             -             -             -             -
-7.00000e+00 -4.00000e+00       3.474e+08 -7.549189e-01  0.000000e+00 -6.340991e-02  2.450811e-01
-6.30000e+00 -4.00000e+00       6.763e+08 -6.200684e-01  0.000000e+00 -3.141071e-01  3.799316e-01
-5.60000e+00 -4.00000e+00       1.303e+09 -3.810346e-01  0.000000e+00 -4.957131e-01  6.189654e-01
-4.90000e+00 -4.00000e+00       2.682e+09 -7.797010e-02  0.000000e+00 -5.417046e-01  9.220299e-01
-4.20000e+00 -4.00000e+00       5.783e+09  1.679193e-01  0.000000e+00 -4.093604e-01  8.320807e-01
-3.50000e+00 -4.00000e+00       1.210e+10  2.318591e-01  0.000000e+00 -2.523635e-01  7.681409e-01
-2.80000e+00 -4.00000e+00       2.324e+10  1.773761e-01  0.000000e+00 -2.379975e-01  8.226239e-01
-2.10000e+00 -4.00000e+00       4.222e+10  3.254949e-02  0.000000e+00 -1.188174e-01  9.674505e-01
-1.40000e+00 -4.00000e+00       1.345e+11  5.047117e-01  0.000000e+00  8.292457e-02  4.952883e-01
-7.00000e-01 -4.00000e+00       3.274e+11  6.915772e-01  0.000000e+00  4.007586e-02  3.084228e-01
 0.00000e+00 -4.00000e+00       4.060e+11  6.884625e-01  0.000000e+00 -4.127993e-16  3.115375e-01
 7.00000e-01 -4.00000e+00       3.274e+11  6.915772e-01  0.000000e+00 -4.007586e-02  3.084228e-01
 1.40000e+00 -4.00000e+00       1.345e+11  5.047117e-01  0.000000e+00 -8.292457e-02  4.952883e-01
 2.10000e+00 -4.00000e+00       4.222e+10  3.254949e-02  0.000000e+00  1.188174e-01  9.674505e-01
 2.80000e+00 -4.00000e+00       2.324e+10  1.773761e-01  0.000000e+00  2.379975e-01  8.226239e-01
 3.50000e+00 -4.00000e+00       1.210e+10  2.318591e-01  0.000000e+00  2.523635e-01  7.681409e-01
 4.20000e+00 -4.00000e+00       5.783e+09  1.679193e-01  0.000000e+00  4.093604e-01  8.320807e-01
 4.90000e+00 -4.00000e+00       2.682e+09 -7.797010e-02  0.000000e+00  5.417046e-01  9.220299e-01
 5.60000e+00 -4.00000e+00       1.303e+09 -3.810346e-01  0.000000e+00  4.957131e-01  6.189654e-01
 6.30000e+00 -4.00000e+00       6.763e+08 -6.200684e-01  0.000000e+00  3.141071e-01  3.799316e-01
 7.00000e+00 -4.00000e+00       3.474e+08 -7.549189e-01  0.000000e+00  6.340991e-02  2.450811e-01
-7.00000e+00 -3.60000e+00       4.486e+08 -7.210407e-01  0.000000e+00  2.834054e-02  2.789593e-01
-6.30000e+00 -3.60000e+00       9.937e+08 -4.664382e-01  0.000000e+00 -2.502090e-01  5.335618e-01
-5.60000e+00 -3.60000e+00       2.861e+09 -6.338049e-02  0.000000e+00 -2.143489e-01  9.366195e-01
-4.90000e+00 -3.60000e+00       1.010e+10  2.156109e-03  0.000000e+00 -5.159014e-02  9.978439e-01
-4.20000e+00 -3.60000e+00       3.660e+10  3.662620e-02  0.000000e+00 -1.562973e-01  9.633738e-01
-3.50000e+00 -3.60000e+00       1.156e+11  2.407643e-01  0.000000e+00 -1.334003e-01  7.592357e-01
-2.80000e+00 -3.60000e+00       2.797e+11  2.301110e-01  0.000000e+00 -1.195022e-01  7.698890e-01
-2.10000e+00 -3.60000e+00       5.296e+11  3.350612e-03  0.000000e+00 -3.931255e-01  9.966494e-01
-1.40000e+00 -3.60000e+00       7.912e+11 -2.199513e-01  0.000000e+00 -4.989108e-01  7.800487e-01
-7.00000e-01 -3.60000e+00       7.740e+11 -1.068249e-01  0.000000e+00 -3.424640e-01  8.931751e-01
 0.00000e+00 -3.60000e+00       6.163e+11  1.182730e-01  0.000000e+00  1.471894e-15  8.817270e-01
 7.00000e-01 -3.60000e+00       7.740e+11 -1.068249e-01  0.000000e+00  3.424640e-01  8.931751e-01
 1.40000e+00 -3.60000e+00       7.912e+11 -2.199513e-01  0.000000e+00  4.989108e-01  7.800487e-01
 2.10000e+00 -3.60000e+00       5.296e+11  3.350612e-03  0.000000e+00  3.931255e-01  9.966494e-01
 2.80000e+00 -3.60000e+00       2.797e+11  2.301110e-01  0.000000e+00  1.195022e-01  7.698890e-01
 3.50000e+00 -3.60000e+00       1.156e+11  2.407643e-01  0.000000e+00  1.334003e-01  7.592357e-01
 4.20000e+00 -3.60000e+00       3.660e+10  3.662620e-02  0.000000e+00  1.562973e-01  9.633738e-01
 4.90000e+00 -3.60000e+00       1.010e+10  2.156109e-03  0.000000e+00  5.159014e-02  9.978439e-01
 5.60000e+00 -3.60000e+00       2.861e+09 -6.338049e-02  0.000000e+00  2.143489e-01  9.366195e-01
 6.30000e+00 -3.60000e+00       9.937e+08 -4.664382e-01  0.000000e+00  2.502090e-01  5.335618e-01
 7.00000e+00 -3.60000e+00       4.486e+08 -7.210407e-01  0.000000e+00 -2.834054e-02  2.789593e-01
-7.00000e+00 -3.20000e+00       6.905e+08 -6.858989e-01  0.000000e+00  6.241450e-02  3.141011e-01
-6.30000e+00 -3.20000e+00       3.135e+09 -3.646827e-01  0.000000e+00 -4.121673e-01  6.353173e-01
-5.60000e+00 -3.20000e+00       2.122e+10  2.133106e-01  0.000000e+00 -5.091414e-01  7.866894e-01
-4.90000e+00 -3.20000e+00       1.206e+11  5.178924e-01  0.000000e+00 -1.675435e-01  4.821076e-01
-4.20000e+00 -3.20000e+00       4.629e+11  3.673558e-01  0.000000e+00  1.565803e-01  6.326442e-01
-3.50000e+00 -3.20000e+00       1.314e+12  1.291707e-01  0.000000e+00  7.446587e-02  8.708293e-01
-2.80000e+00 -3.20000e+00       3.143e+12  2.755244e-01  0.000000e+00 -7.702748e-02  7.244756e-01
-2.10000e+00 -3.20000e+00       5.833e+12  4.594041e-01  0.000000e+00 -1.949184e-01  5.405959e-01
-1.40000e+00 -3.20000e+00       6.744e+12  4.932598e-01  0.000000e+00 -4.613553e-01  5.067402e-01
-7.00000e-01 -3.20000e+00       3.802e+12  4.899178e-01  0.000000e+00 -5.613336e-01  5.100822e-01
 0.00000e+00 -3.20000e+00       1.815e+12  4.754366e-01  0.000000e+00 -1.064853e-14  5.245634e-01
 7.00000e-01 -3.20000e+00       3.802e+12  4.899178e-01  0.000000e+00  5.613336e-01  5.100822e-01
 1.40000e+00 -3.20000e+00       6.744e+12  4.932598e-01  0.000000e+00  4.613553e-01  5.067402e-01
 2.10000e+00 -3.20000e+00       5.833e+12  4.594041e-01  0.000000e+00  1.949184e-01  5.405959e-01
 2.80000e+00 -3.20000e+00       3.143e+12  2.755244e-01  0.000000e+00  7.702748e-02  7.244756e-01
 3.50000e+00 -3.20000e+00       1.314e+12  1.291707e-01  0.000000e+00 -7.446587e-02  8.708293e-01
 4.20000e+00 -3.20000e+00       4.629e+11  3.673558e-01  0.000000e+00 -1.565803e-01  6.326442e-01
 4.90000e+00 -3.20000e+00       1.206e+11  5.178924e-01  0.000000e+00  1.675435e-01  4.821076e-01
 5.60000e+00 -3.20000e+00       2.122e+10  2.133106e-01  0.000000e+00  5.091414e-01  7.866894e-01
 6.30000e+00 -3.20000e+00       3.135e+09 -3.646827e-01  0.000000e+00  4.121673e-01  6.353173e-01
 7.00000e+00 -3.20000e+00       6.905e+08 -6.858989e-01  0.000000e+00 -6.241450e-02  3.141011e-01
-7.00000e+00 -2.80000e+00       2.746e+09 -2.531946e-03  0.000000e+00  6.154235e-01  9.974681e-01
-6.30000e+00 -2.80000e+00       2.356e+10 -2.398241e-01  0.000000e+00  5.411410e-01  7.601759e-01
-5.60000e+00 -2.80000e+00       1.707e+11 -4.161090e-01  0.000000e+00  5.492027e-02  5.838910e-01
-4.90000e+00 -2.80000e+00       9.882e+11 -8.913470e-02  0.000000e+00 -3.991346e-01  9.108653e-01
-4.20000e+00 -2.80000e+00       4.200e+12  3.702629e-01  0.000000e+00 -3.356330e-01  6.297371e-01
-3.50000e+00 -2.80000e+00       1.172e+13  4.513598e-01  0.000000e+00 -4.433700e-03  5.486402e-01
-2.80000e+00 -2.80000e+00       2.297e+13  2.111566e-01  0.000000e+00  1.063053e-01  7.888434e-01
-2.10000e+00 -2.80000e+00       3.642e+13  1.434393e-01  0.000000e+00  2.027968e-01  8.565607e-01
-1.40000e+00 -2.80000e+00       3.835e+13  2.484259e-01  0.000000e+00  4.994900e-01  7.515741e-01
-7.00000e-01 -2.80000e+00       2.461e+13  4.048047e-01  0.000000e+00  4.655031e-01  5.951953e-01
 0.00000e+00 -2.80000e+00       1.971e+13  5.601769e-01  0.000000e+00  6.205239e-15  4.398231e-01
 7.00000e-01 -2.80000e+00       2.461e+13  4.048047e-01  0.000000e+00 -4.655031e-01  5.951953e-01
 1.40000e+00 -2.80000e+00       3.835e+13  2.484259e-01  0.000000e+00 -4.994900e-01  7.515741e-01
 2.10000e+00 -2.80000e+00       3.642e+13  1.434393e-01  0.000000e+00 -2.027968e-01  8.565607e-01
 2.80000e+00 -2.80000e+00       2.297e+13  2.111566e-01  0.000000e+00 -1.063053e-01  7.888434e-01
 3.50000e+00 -2.80000e+00       1.172e+13  4.513598e-01  0.000000e+00  4.433700e-03  5.486402e-01
 4.20000e+00 -2.80000e+00       4.200e+12  3.702629e-01  0.000000e+00  3.356330e-01  6.297371e-01
 4.90000e+00 -2.80000e+00       9.882e+11 -8.913470e-02  0.000000e+00  3.991346e-01  9.108653e-01
 5.60000e+00 -2.80000e+00       1.707e+11 -4.161090e-01  0.000000e+00 -5.492027e-02  5.838910e-01
 6.30000e+00 -2.80000e+00       2.356e+10 -2.398241e-01  0.000000e+00 -5.411410e-01  7.601759e-01
 7.00000e+00 -2.80000e+00       2.746e+09 -2.531946e-03  0.000000e+00 -6.154235e-01  9.974681e-01
-7.00000e+00 -2.40000e+00       2.571e+10  8.607667e-01  0.000000e+00  1.500945e-01  1.392333e-01
-6.30000e+00 -2.40000e+00       2.501e+11  7.506003e-01  0.000000e+00  4.216114e-01  2.493997e-01
-5.60000e+00 -2.40000e+00       1.519e+12  4.215337e-01  0.000000e+00  6.183873e-01  5.784663e-01
-4.90000e+00 -2.40000e+00       6.217e+12 -3.382036e-02  0.000000e+00  4.702460e-01  9.661796e-01
-4.20000e+00 -2.40000e+00       2.087e+13 -1.194758e-01  0.000000e+00 -7.566158e-02  8.805242e-01
-3.50000e+00 -2.40000e+00       6.073e+13  2.750383e-01  0.000000e+00 -2.853570e-01  7.249617e-01
-2.80000e+00 -2.40000e+00       1.281e+14  4.908658e-01  0.000000e+00 -5.284661e-02  5.091342e-01
-2.10000e+00 -2.40000e+00       1.971e+14  5.182051e-01  0.000000e+00 -3.188451e-02  4.817949e-01
-1.40000e+00 -2.40000e+00       2.050e+14  6.319338e-01  0.000000e+00 -2.848288e-01  3.680662e-01
-7.00000e-01 -2.40000e+00       1.019e+14  6.961051e-01  0.000000e+00 -3.954911e-01  3.038949e-01
 0.00000e+00 -2.40000e+00       4.233e+13  6.018983e-01  0.000000e+00  7.699064e-15  3.981017e-01
 7.00000e-01 -2.40000e+00       1.019e+14  6.961051e-01  0.000000e+00  3.954911e-01  3.038949e-01
 1.40000e+00 -2.40000e+00       2.050e+14  6.319338e-01  0.000000e+00  2.848288e-01  3.680662e-01
 2.10000e+00 -2.40000e+00       1.971e+14  5.182051e-01  0.000000e+00  3.188451e-02  4.817949e-01
 2.80000e+00 -2.40000e+00       1.281e+14  4.908658e-01  0.000000e+00  5.284661e-02  5.091342e-01
 3.50000e+00 -2.40000e+00       6.073e+13  2.750383e-01  0.000000e+00  2.853570e-01  7.249617e-01
 4.20000e+00 -2.40000e+00       2.087e+13 -1.194758e-01  0.000000e+00  7.566158e-02  8.805242e-01
 4.90000e+00 -2.40000e+00       6.217e+12 -3.382036e-02  0.000000e+00 -4.702460e-01  9.661796e-01
 5.60000e+00 -2.40000e+00       1.519e+12  4.215337e-01  0.000000e+00 -6.183873e-01  5.784663e-01
 6.30000e+00 -2.40000e+00       2.501e+11  7.506003e-01  0.000000e+00 -4.216114e-01  2.493997e-01
 7.00000e+00 -2.40000e+00       2.571e+10  8.607667e-01  0.000000e+00 -1.500945e-01  1.392333e-01
-7.00000e+00 -2.00000e+00       1.594e+11  8.269648e-01  0.000000e+00 -4.605023e-01  1.730352e-01
-6.30000e+00 -2.00000e+00       1.633e+12  9.102469e-01  0.000000e+00 -2.253800e-01  8.975306e-02
-5.60000e+00 -2.00000e+00       1.021e+13  9.026927e-01  0.000000e+00  6.655523e-02  9.730735e-02
-4.90000e+00 -2.00000e+00       3.910e+13  7.351847e-01  0.000000e+00  3.654441e-01  2.648153e-01
-4.20000e+00 -2.00000e+00       9.724e+13  3.530284e-01  0.000000e+00  4.652334e-01  6.469716e-01
-3.50000e+00 -2.00000e+00       2.017e+14  1.015842e-01  0.000000e+00  7.775488e-02  8.984158e-01
-2.80000e+00 -2.00000e+00       4.205e+14  3.736340e-01  0.000000e+00 -2.083132e-01  6.263660e-01
-2.10000e+00 -2.00000e+00       6.675e+14  5.060261e-01  0.000000e+00 -2.155737e-01  4.939739e-01
-1.40000e+00 -2.00000e+00       6.446e+14  2.962495e-01  0.000000e+00 -4.425467e-01  7.037505e-01
-7.00000e-01 -2.00000e+00       3.195e+14  7.338818e-02  0.000000e+00 -6.842460e-01  9.266118e-01
 0.00000e+00 -2.00000e+00       1.265e+14 -6.015118e-03  0.000000e+00 -1.696508e-14  9.939849e-01
 7.00000e-01 -2.00000e+00       3.195e+14  7.338818e-02  0.000000e+00  6.842460e-01  9.266118e-01
 1.40000e+00 -2.00000e+00       6.446e+14  2.962495e-01  0.000000e+00  4.425467e-01  7.037505e-01
 2.10000e+00 -2.00000e+00       6.675e+14  5.060261e-01  0.000000e+00  2.155737e-01  4.939739e-01
 2.80000e+00 -2.00000e+00       4.205e+14  3.736340e-01  0.000000e+00  2.083132e-01  6.263660e-01
 3.50000e+00 -2.00000e+00       2.017e+14  1.015842e-01  0.000000e+00 -7.775488e-02  8.984158e-01
 4.20000e+00 -2.00000e+00       9.724e+13  3.530284e-01  0.000000e+00 -4.652334e-01  6.469716e-01
 4.90000e+00 -2.00000e+00       3.910e+13  7.351847e-01  0.000000e+00 -3.654441e-01  2.648153e-01
 5.60000e+00 -2.00000e+00       1.021e+13  9.026927e-01  0.000000e+00 -6.655523e-02  9.730735e-02
 6.30000e+00 -2.00000e+00       1.633e+12  9.102469e-01  0.000000e+00  2.253800e-01  8.975306e-02
 7.00000e+00 -2.00000e+00       1.594e+11  8.269648e-01  0.000000e+00  4.605023e-01  1.730352e-01
-7.00000e+00 -1.60000e+00       5.366e+11  5.569693e-01  0.000000e+00 -7.812000e-01  4.430307e-01
-6.30000e+00 -1.60000e+00       5.653e+12  7.274087e-01  0.000000e+00 -6.186480e-01  2.725913e-01
-5.60000e+00 -1.60000e+00       3.738e+13  8.564787e-01  0.000000e+00 -3.957452e-01  1.435213e-01
-4.90000e+00 -1.60000e+00       1.544e+14  9.110426e-01  0.000000e+00 -1.164974e-01  8.895737e-02
-4.20000e+00 -1.60000e+00       3.924e+14  8.299090e-01  0.000000e+00  1.866258e-01  1.700910e-01
-3.50000e+00 -1.60000e+00       6.467e+14  5.475466e-01  0.000000e+00  3.357106e-01  4.524534e-01
-2.80000e+00 -1.60000e+00       9.747e+14  3.753975e-01  0.000000e+00  2.773085e-02  6.246025e-01
-2.10000e+00 -1.60000e+00       1.639e+15  5.814581e-01  0.000000e+00 -2.617868e-01  4.185419e-01
-1.40000e+00 -1.60000e+00       2.036e+15  5.499049e-01  0.000000e+00 -4.926637e-01  4.500951e-01
-7.00000e-01 -1.60000e+00       1.503e+15  3.536440e-01  0.000000e+00 -7.038298e-01  6.463560e-01
 0.00000e+00 -1.60000e+00       9.034e+14  2.577777e-01  0.000000e+00  5.530251e-15  7.422223e-01
 7.00000e-01 -1.60000e+00       1.503e+15  3.536440e-01  0.000000e+00  7.038298e-01  6.463560e-01
 1.40000e+00 -1.60000e+00       2.036e+15  5.499049e-01  0.000000e+00  4.926637e-01  4.500951e-01
 2.10000e+00 -1.60000e+00       1.639e+15  5.814581e-01  0.000000e+00  2.617868e-01  4.185419e-01
 2.80000e+00 -1.60000e+00       9.747e+14  3.753975e-01  0.000000e+00 -2.773085e-02  6.246025e-01
 3.50000e+00 -1.60000e+00       6.467e+14  5.475466e-01  0.000000e+00 -3.357106e-01  4.524534e-01
 4.20000e+00 -1.60000e+00       3.924e+14  8.299090e-01  0.000000e+00 -1.866258e-01  1.700910e-01
 4.90000e+00 -1.60000e+00       1.544e+14  9.110426e-01  0.000000e+00  1.164974e-01  8.895737e-02
 5.60000e+00 -1.60000e+00       3.738e+13  8.564787e-01  0.000000e+00  3.957452e-01  1.435213e-01
 6.30000e+00 -1.60000e+00       5.653e+12  7.274087e-01  0.000000e+00  6.186480e-01  2.725913e-01
 7.00000e+00 -1.60000e+00       5.366e+11  5.569693e-01  0.000000e+00  7.812000e-01  4.430307e-01
-7.00000e+00 -1.20000e+00       1.030e+12  3.178562e-01  0.000000e+00 -9.008969e-01  6.821438e-01
-6.30000e+00 -1.20000e+00       1.115e+13  5.401046e-01  0.000000e+00 -7.877433e-01  4.598954e-01
-5.60000e+00 -1.20000e+00       7.775e+13  7.278511e-01  0.000000e+00 -6.153078e-01  2.721489e-01
-4.90000e+00 -1.20000e+00       3.500e+14  8.622297e-01  0.000000e+00 -3.917788e-01  1.377703e-01
-4.20000e+00 -1.20000e+00       9.936e+14  9.195180e-01  0.000000e+00 -1.288097e-01  8.048204e-02
-3.50000e+00 -1.20000e+00       1.717e+15  8.554361e-01  0.000000e+00  1.345204e-01  1.445639e-01
-2.80000e+00 -1.20000e+00       2.028e+15  6.501135e-01  0.000000e+00  2.134942e-01  3.498865e-01
-2.10000e+00 -1.20000e+00       2.721e+15  6.681494e-01  0.000000e+00  3.124088e-02  3.318506e-01
-1.40000e+00 -1.20000e+00       3.203e+15  8.583900e-01  0.000000e+00  3.042304e-02  1.416100e-01
-7.00000e-01 -1.20000e+00       1.644e+15  9.252078e-01  0.000000e+00  7.434182e-02  7.479223e-02
 0.00000e+00 -1.20000e+00       6.392e+14  8.746381e-01  0.000000e+00  1.072819e-15  1.253619e-01
 7.00000e-01 -1.20000e+00       1.644e+15  9.252078e-01  0.000000e+00 -7.434182e-02  7.479223e-02
 1.40000e+00 -1.20000e+00       3.203e+15  8.583900e-01  0.000000e+00 -3.042304e-02  1.416100e-01
 2.10000e+00 -1.20000e+00       2.721e+15  6.681494e-01  0.000000e+00 -3.124088e-02  3.318506e-01
 2.80000e+00 -1.20000e+00       2.028e+15  6.501135e-01  0.000000e+00 -2.134942e-01  3.498865e-01
 3.50000e+00 -1.20000e+00       1.717e+15  8.554361e-01  0.000000e+00 -1.345204e-01  1.445639e-01
 4.20000e+00 -1.20000e+00       9.936e+14  9.195180e-01  0.000000e+00  1.288097e-01  8.048204e-02
 4.90000e+00 -1.20000e+00       3.500e+14  8.622297e-01  0.000000e+00  3.917788e-01  1.377703e-01
 5.60000e+00 -1.20000e+00       7.775e+13  7.278511e-01  0.000000e+00  6.153078e-01  2.721489e-01
 6.30000e+00 -1.20000e+00       1.115e+13  5.401046e-01  0.000000e+00  7.877433e-01  4.598954e-01
 7.00000e+00 -1.20000e+00       1.030e+12  3.178562e-01  0.000000e+00  9.008969e-01  6.821438e-01
-7.00000e+00 -8.00000e-01       1.174e+12  2.435804e-01  0.000000e+00 -9.073350e-01  7.564196e-01
-6.30000e+00 -8.00000e-01       1.354e+13  5.025215e-01  0.000000e+00 -8.058173e-01  4.974785e-01
-5.60000e+00 -8.00000e-01       1.024e+14  7.059799e-01  0.000000e+00 -6.475321e-01  2.940201e-01
-4.90000e+00 -8.00000e-01       5.084e+14  8.480361e-01  0.000000e+00 -4.563497e-01  1.519639e-01
-4.20000e+00 -8.00000e-01       1.622e+15  9.296080e-01  0.000000e+00 -2.484785e-01  7.039198e-02
-3.50000e+00 -8.00000e-01       3.154e+15  9.467565e-01  0.000000e+00 -3.648829e-02  5.324346e-02
-2.80000e+00 -8.00000e-01       3.660e+15  8.752481e-01  0.000000e+00  1.147640e-01  1.247519e-01
-2.10000e+00 -8.00000e-01       3.179e+15  7.055792e-01  0.000000e+00  9.415388e-04  2.944208e-01
-1.40000e+00 -8.00000e-01       2.683e+15  4.583197e-01  0.000000e+00 -9.671737e-03  5.416803e-01
-7.00000e-01 -8.00000e-01       1.840e+15  1.244240e-01  0.000000e+00  3.738698e-01  8.755760e-01
 0.00000e+00 -8.00000e-01       1.230e+15 -4.427904e-02  0.000000e+00 -2.289809e-15  9.557210e-01
 7.00000e-01 -8.00000e-01       1.840e+15  1.244240e-01  0.000000e+00 -3.738698e-01  8.755760e-01
 1.40000e+00 -8.00000e-01       2.683e+15  4.583197e-01  0.000000e+00  9.671737e-03  5.416803e-01
 2.10000e+00 -8.00000e-01       3.179e+15  7.055792e-01  0.000000e+00 -9.415388e-04  2.944208e-01
 2.80000e+00 -8.00000e-01       3.660e+15  8.752481e-01  0.000000e+00 -1.147640e-01  1.247519e-01
 3.50000e+00 -8.00000e-01       3.154e+15  9.467565e-01  0.000000e+00  3.648829e-02  5.324346e-02
 4.20000e+00 -8.00000e-01       1.622e+15  9.296080e-01  0.000000e+00  2.484785e-01  7.039198e-02
 4.90000e+00 -8.00000e-01       5.084e+14  8.480361e-01  0.000000e+00  4.563497e-01  1.519639e-01
 5.60000e+00 -8.00000e-01       1.024e+14  7.059799e-01  0.000000e+00  6.475321e-01  2.940201e-01
 6.30000e+00 -8.00000e-01       1.354e+13  5.025215e-01  0.000000e+00  8.058173e-01  4.974785e-01
 7.00000e+00 -8.00000e-01       1.174e+12  2.435804e-01  0.000000e+00  9.073350e-01  7.564196e-01
-7.00000e+00 -4.00000e-01       8.365e+11  5.245330e-01  0.000000e+00 -7.719831e-01  4.754670e-01
-6.30000e+00 -4.00000e-01       1.136e+13  7.316212e-01  0.000000e+00 -6.246715e-01  2.683788e-01
-5.60000e+00 -4.00000e-01       9.865e+13  8.577487e-01  0.000000e+00 -4.676460e-01  1.422513e-01
-4.90000e+00 -4.00000e-01       5.510e+14  9.307478e-01  0.000000e+00 -3.207994e-01  6.925217e-02
-4.20000e+00 -4.00000e-01       1.958e+15  9.695741e-01  0.000000e+00 -1.874715e-01  3.042590e-02
-3.50000e+00 -4.00000e-01       4.216e+15  9.840068e-01  0.000000e+00 -6.507863e-02  1.599324e-02
-2.80000e+00 -4.00000e-01       5.193e+15  9.734000e-01  0.000000e+00  4.204026e-02  2.659999e-02
-2.10000e+00 -4.00000e-01       4.873e+15  9.461198e-01  0.000000e+00  8.818743e-02  5.388016e-02
-1.40000e+00 -4.00000e-01       6.909e+15  9.689183e-01  0.000000e+00  7.795569e-02  3.108166e-02
-7.00000e-01 -4.00000e-01       6.177e+15  9.879421e-01  0.000000e+00  7.950452e-02  1.205790e-02
 0.00000e+00 -4.00000e-01       3.484e+15  9.929854e-01  0.000000e+00 -8.633553e-16  7.014607e-03
 7.00000e-01 -4.00000e-01       6.177e+15  9.879421e-01  0.000000e+00 -7.950452e-02  1.205790e-02
 1.40000e+00 -4.00000e-01       6.909e+15  9.689183e-01  0.000000e+00 -7.795569e-02  3.108166e-02
 2.10000e+00 -4.00000e-01       4.873e+15  9.461198e-01  0.000000e+00 -8.818743e-02  5.388016e-02
 2.80000e+00 -4.00000e-01       5.193e+15  9.734000e-01  0.000000e+00 -4.204026e-02  2.659999e-02
 3.50000e+00 -4.00000e-01       4.216e+15  9.840068e-01  0.000000e+00  6.507863e-02  1.599324e-02
 4.20000e+00 -4.00000e-01       1.958e+15  9.695741e-01  0.000000e+00  1.874715e-01  3.042590e-02
 4.90000e+00 -4.00000e-01       5.510e+14  9.307478e-01  0.000000e+00  3.207994e-01  6.925217e-02
 5.60000e+00 -4.00000e-01       9.865e+13  8.577487e-01  0.000000e+00  4.676460e-01  1.422513e-01
 6.30000e+00 -4.00000e-01       1.136e+13  7.316212e-01  0.000000e+00  6.246715e-01  2.683788e-01
 7.00000e+00 -4.00000e-01       8.365e+11  5.245330e-01  0.000000e+00  7.719831e-01  4.754670e-01
-7.00000e+00  0.00000e+00       5.826e+11  9.994719e-01  0.000000e+00  3.245708e-11  5.280991e-04
-6.30000e+00  0.00000e+00       9.420e+12  9.997491e-01  0.000000e+00  2.613762e-11  2.508715e-04
-5.60000e+00  0.00000e+00       9.090e+13  9.998794e-01  0.000000e+00  1.076683e-11  1.206446e-04
-4.90000e+00  0.00000e+00       5.438e+14  9.999441e-01  0.000000e+00  4.097701e-12  5.585029e-05
-4.20000e+00  0.00000e+00       2.031e+15  9.999761e-01  0.000000e+00  1.603836e-12  2.393112e-05
-3.50000e+00  0.00000e+00       4.559e+15  9.999885e-01  0.000000e+00  6.985278e-13  1.154010e-05
-2.80000e+00  0.00000e+00       5.828e+15  9.999836e-01  0.000000e+00  4.106827e-13  1.641745e-05
-2.10000e+00  0.00000e+00       5.697e+15  9.999685e-01  0.000000e+00  2.808970e-13  3.153286e-05
-1.40000e+00  0.00000e+00       7.803e+15  9.999841e-01  0.000000e+00  1.763955e-13  1.585352e-05
-7.00000e-01  0.00000e+00       6.244e+15  9.999809e-01  0.000000e+00  1.402814e-13  1.908313e-05
 0.00000e+00  0.00000e+00       3.146e+15  9.999285e-01  0.000000e+00  8.962419e-19  7.145223e-05
 7.00000e-01  0.00000e+00       6.244e+15  9.999809e-01  0.000000e+00 -1.402879e-13  1.908313e-05
 1.40000e+00  0.00000e+00       7.803e+15  9.999841e-01  0.000000e+00 -1.763939e-13  1.585352e-05
 2.10000e+00  0.00000e+00       5.697e+15  9.999685e-01  0.000000e+00 -2.809609e-13  3.153286e-05
 2.80000e+00  0.00000e+00       5.828e+15  9.999836e-01  0.000000e+00 -4.106918e-13  1.641745e-05
 3.50000e+00  0.00000e+00       4.559e+15  9.999885e-01  0.000000e+00 -6.984286e-13  1.154010e-05
 4.20000e+00  0.00000e+00       2.031e+15  9.999761e-01  0.000000e+00 -1.603598e-12  2.393112e-05
 4.90000e+00  0.00000e+00       5.438e+14  9.999441e-01  0.000000e+00 -4.097209e-12  5.585029e-05
 5.60000e+00  0.00000e+00       9.090e+13  9.998794e-01  0.000000e+00 -1.076603e-11  1.206446e-04
 6.30000e+00  0.00000e+00       9.420e+12  9.997491e-01  0.000000e+00 -2.613628e-11  2.508715e-04
 7.00000e+00  0.00000e+00       5.826e+11  9.994719e-01  0.000000e+00 -3.245539e-11  5.280991e-04
-7.00000e+00  4.00000e-01       8.365e+11  5.245330e-01  0.000000e+00  7.719831e-01  4.754670e-01
-6.30000e+00  4.00000e-01       1.136e+13  7.316212e-01  0.000000e+00  6.246715e-01  2.683788e-01
-5.60000e+00  4.00000e-01       9.865e+13  8.577487e-01  0.000000e+00  4.676460e-01  1.422513e-01
-4.90000e+00  4.00000e-01       5.510e+14  9.307478e-01  0.000000e+00  3.207994e-01  6.925217e-02
-4.20000e+00  4.00000e-01       1.958e+15  9.695741e-01  0.000000e+00  1.874715e-01  3.042590e-02
-3.50000e+00  4.00000e-01       4.216e+15  9.840068e-01  0.000000e+00  6.507863e-02  1.599324e-02
-2.80000e+00  4.00000e-01       5.193e+15  9.734000e-01  0.000000e+00 -4.204026e-02  2.659999e-02
-2.10000e+00  4.00000e-01       4.873e+15  9.461198e-01  0.000000e+00 -8.818743e-02  5.388016e-02
-1.40000e+00  4.00000e-01       6.909e+15  9.689183e-01  0.000000e+00 -7.795569e-02  3.108166e-02
-7.00000e-01  4.00000e-01       6.177e+15  9.879421e-01  0.000000e+00 -7.950452e-02  1.205790e-02
 0.00000e+00  4.00000e-01       3.484e+15  9.929854e-01  0.000000e+00  8.646729e-16  7.014607e-03
 7.00000e-01  4.00000e-01       6.177e+15  9.879421e-01  0.000000e+00  7.950452e-02  1.205790e-02
 1.40000e+00  4.00000e-01       6.909e+15  9.689183e-01  0.000000e+00  7.795569e-02  3.108166e-02
 2.10000e+00  4.00000e-01       4.873e+15  9.461198e-01  0.000000e+00  8.818743e-02  5.388016e-02
 2.80000e+00  4.00000e-01       5.193e+15  9.734000e-01  0.000000e+00  4.204026e-02  2.659999e-02
 3.50000e+00  4.00000e-01       4.216e+15  9.840068e-01  0.000000e+00 -6.507863e-02  1.599324e-02
 4.20000e+00  4.00000e-01       1.958e+15  9.695741e-01  0.000000e+00 -1.874715e-01  3.042590e-02
 4.90000e+00  4.00000e-01       5.510e+14  9.307478e-01  0.000000e+00 -3.207994e-01  6.925217e-02
 5.60000e+00  4.00000e-01       9.865e+13  8.577487e-01  0.000000e+00 -4.676460e-01  1.422513e-01
 6.30000e+00  4.00000e-01       1.136e+13  7.316212e-01  0.000000e+00 -6.246715e-01  2.683788e-01
 7.00000e+00  4.00000e-01       8.365e+11  5.245330e-01  0.000000e+00 -7.719831e-01  4.754670e-01
-7.00000e+00  8.00000e-01       1.174e+12  2.435804e-01  0.000000e+00  9.073350e-01  7.564196e-01
-6.30000e+00  8.00000e-01       1.354e+13  5.025215e-01  0.000000e+00  8.058173e-01  4.974785e-01
-5.60000e+00  8.00000e-01       1.024e+14  7.059799e-01  0.000000e+00  6.475321e-01  2.940201e-01
-4.90000e+00  8.00000e-01       5.084e+14  8.480361e-01  0.000000e+00  4.563497e-01  1.519639e-01
-4.20000e+00  8.00000e-01       1.622e+15  9.296080e-01  0.000000e+00  2.484785e-01  7.039198e-02
-3.50000e+00  8.00000e-01       3.154e+15  9.467565e-01  0.000000e+00  3.648829e-02  5.324346e-02
-2.80000e+00  8.00000e-01       3.660e+15  8.752481e-01  0.000000e+00 -1.147640e-01  1.247519e-01
-2.10000e+00  8.00000e-01       3.179e+15  7.055792e-01  0.000000e+00 -9.415388e-04  2.944208e-01
-1.40000e+00  8.00000e-01       2.683e+15  4.583197e-01  0.000000e+00  9.671737e-03  5.416803e-01
-7.00000e-01  8.00000e-01       1.840e+15  1.244240e-01  0.000000e+00 -3.738698e-01  8.755760e-01
 0.00000e+00  8.00000e-01       1.230e+15 -4.427904e-02  0.000000e+00 -2.980367e-15  9.557210e-01
 7.00000e-01  8.00000e-01       1.840e+15  1.244240e-01  0.000000e+00  3.738698e-01  8.755760e-01
 1.40000e+00  8.00000e-01       2.683e+15  4.583197e-01  0.000000e+00 -9.671737e-03  5.416803e-01
 2.10000e+00  8.00000e-01       3.179e+15  7.055792e-01  0.000000e+00  9.415388e-04  2.944208e-01
 2.80000e+00  8.00000e-01       3.660e+15  8.752481e-01  0.000000e+00  1.147640e-01  1.247519e-01
 3.50000e+00  8.00000e-01       3.154e+15  9.467565e-01  0.000000e+00 -3.648829e-02  5.324346e-02
 4.20000e+00  8.00000e-01       1.622e+15  9.296080e-01  0.000000e+00 -2.484785e-01  7.039198e-02
 4.90000e+00  8.00000e-01       5.084e+14  8.480361e-01  0.000000e+00 -4.563497e-01  1.519639e-01
 5.60000e+00  8.00000e-01       1.024e+14  7.059799e-01  0.000000e+00 -6.475321e-01  2.940201e-01
 6.30000e+00  8.00000e-01       1.354e+13  5.025215e-01  0.000000e+00 -8.058173e-01  4.974785e-01
 7.00000e+00  8.00000e-01       1.174e+12  2.435804e-01  0.000000e+00 -9.073350e-01  7.564196e-01
-7.00000e+00  1.20000e+00       1.030e+12  3.178562e-01  0.000000e+00  9.008969e-01  6.821438e-01
-6.30000e+00  1.20000e+00       1.115e+13  5.401046e-01  0.000000e+00  7.877433e-01  4.598954e-01
-5.60000e+00  1.20000e+00       7.775e+13  7.278511e-01  0.000000e+00  6.153078e-01  2.721489e-01
-4.90000e+00  1.20000e+00       3.500e+14  8.622297e-01  0.000000e+00  3.917788e-01  1.377703e-01
-4.20000e+00  1.20000e+00       9.936e+14  9.195180e-01  0.000000e+00  1.288097e-01  8.048204e-02
-3.50000e+00  1.20000e+00       1.717e+15  8.554361e-01  0.000000e+00 -1.345204e-01  1.445639e-01
-2.80000e+00  1.20000e+00       2.028e+15  6.501135e-01  0.000000e+00 -2.134942e-01  3.498865e-01
-2.10000e+00  1.20000e+00       2.721e+15  6.681494e-01  0.000000e+00 -3.124088e-02  3.318506e-01
-1.40000e+00  1.20000e+00       3.203e+15  8.583900e-01  0.000000e+00 -3.042304e-02  1.416100e-01
-7.00000e-01  1.20000e+00       1.644e+15  9.252078e-01  0.000000e+00 -7.434182e-02  7.479223e-02
 0.00000e+00  1.20000e+00       6.392e+14  8.746381e-01  0.000000e+00  6.977281e-16  1.253619e-01
 7.00000e-01  1.20000e+00       1.644e+15  9.252078e-01  0.000000e+00  7.434182e-02  7.479223e-02
 1.40000e+00  1.20000e+00       3.203e+15  8.583900e-01  0.000000e+00  3.042304e-02  1.416100e-01
 2.10000e+00  1.20000e+00       2.721e+15  6.681494e-01  0.000000e+00  3.124088e-02  3.318506e-01
 2.80000e+00  1.20000e+00       2.028e+15  6.501135e-01  0.000000e+00  2.134942e-01  3.498865e-01
 3.50000e+00  1.20000e+00       1.717e+15  8.554361e-01  0.000000e+00  1.345204e-01  1.445639e-01
 4.20000e+00  1.20000e+00       9.936e+14  9.195180e-01  0.000000e+00 -1.288097e-01  8.048204e-02
 4.90000e+00  1.20000e+00       3.500e+14  8.622297e-01  0.000000e+00 -3.917788e-01  1.377703e-01
 5.60000e+00  1.20000e+00       7.775e+13  7.278511e-01  0.000000e+00 -6.153078e-01  2.721489e-01
 6.30000e+00  1.20000e+00       1.115e+13  5.401046e-01  0.000000e+00 -7.877433e-01  4.598954e-01
 7.00000e+00  1.20000e+00       1.030e+12  3.178562e-01  0.000000e+00 -9.008969e-01  6.821438e-01
-7.00000e+00  1.60000e+00       5.366e+11  5.569693e-01  0.000000e+00  7.812000e-01  4.430307e-01
-6.30000e+00  1.60000e+00       5.653e+12  7.274087e-01  0.000000e+00  6.186480e-01  2.725913e-01
-5.60000e+00  1.60000e+00       3.738e+13  8.564787e-01  0.000000e+00  3.957452e-01  1.435213e-01
-4.90000e+00  1.60000e+00       1.544e+14  9.110426e-01  0.000000e+00  1.164974e-01  8.895737e-02
-4.20000e+00  1.60000e+00       3.924e+14  8.299090e-01  0.000000e+00 -1.866258e-01  1.700910e-01
-3.50000e+00  1.60000e+00       6.467e+14  5.475466e-01  0.000000e+00 -3.357106e-01  4.524534e-01
-2.80000e+00  1.60000e+00       9.747e+14  3.753975e-01  0.000000e+00 -2.773085e-02  6.246025e-01
-2.10000e+00  1.60000e+00       1.639e+15  5.814581e-01  0.000000e+00  2.617868e-01  4.185419e-01
-1.40000e+00  1.60000e+00       2.036e+15  5.499049e-01  0.000000e+00  4.926637e-01  4.500951e-01
-7.00000e-01  1.60000e+00       1.503e+15  3.536440e-01  0.000000e+00  7.038298e-01  6.463560e-01
 0.00000e+00  1.60000e+00       9.034e+14  2.577777e-01  0.000000e+00 -5.535851e-15  7.422223e-01
 7.00000e-01  1.60000e+00       1.503e+15  3.536440e-01  0.000000e+00 -7.038298e-01  6.463560e-01
 1.40000e+00  1.60000e+00       2.036e+15  5.499049e-01  0.000000e+00 -4.926637e-01  4.500951e-01
 2.10000e+00  1.60000e+00       1.639e+15  5.814581e-01  0.000000e+00 -2.617868e-01  4.185419e-01
 2.80000e+00  1.60000e+00       9.747e+14  3.753975e-01  0.000000e+00  2.773085e-02  6.246025e-01
 3.50000e+00  1.60000e+00       6.467e+14  5.475466e-01  0.000000e+00  3.357106e-01  4.524534e-01
 4.20000e+00  1.60000e+00       3.924e+14  8.299090e-01  0.000000e+00  1.866258e-01  1.700910e-01
 4.90000e+00  1.60000e+00       1.544e+14  9.110426e-01  0.000000e+00 -1.164974e-01  8.895737e-02
 5.60000e+00  1.60000e+00       3.738e+13  8.564787e-01  0.000000e+00 -3.957452e-01  1.435213e-01
 6.30000e+00  1.60000e+00       5.653e+12  7.274087e-01  0.000000e+00 -6.186480e-01  2.725913e-01
 7.00000e+00  1.60000e+00       5.366e+11  5.569693e-01  0.000000e+00 -7.812000e-01  4.430307e-01
-7.00000e+00  2.00000e+00       1.594e+11  8.269648e-01  0.000000e+00  4.605023e-01  1.730352e-01
-6.30000e+00  2.00000e+00       1.633e+12  9.102469e-01  0.000000e+00  2.253800e-01  8.975306e-02
-5.60000e+00  2.00000e+00       1.021e+13  9.026927e-01  0.000000e+00 -6.655522e-02  9.730735e-02
-4.90000e+00  2.00000e+00       3.910e+13  7.351847e-01  0.000000e+00 -3.654441e-01  2.648153e-01
-4.20000e+00  2.00000e+00       9.724e+13  3.530284e-01  0.000000e+00 -4.652334e-01  6.469716e-01
-3.50000e+00  2.00000e+00       2.017e+14  1.015842e-01  0.000000e+00 -7.775488e-02  8.984158e-01
-2.80000e+00  2.00000e+00       4.205e+14  3.736340e-01  0.000000e+00  2.083132e-01  6.263660e-01
-2.10000e+00  2.00000e+00       6.675e+14  5.060261e-01  0.000000e+00  2.155737e-01  4.939739e-01
-1.40000e+00  2.00000e+00       6.446e+14  2.962495e-01  0.000000e+00  4.425467e-01  7.037505e-01
-7.00000e-01  2.00000e+00       3.195e+14  7.338818e-02  0.000000e+00  6.842460e-01  9.266118e-01
 0.00000e+00  2.00000e+00       1.265e+14 -6.015118e-03  0.000000e+00  1.697216e-14  9.939849e-01
 7.00000e-01  2.00000e+00       3.195e+14  7.338818e-02  0.000000e+00 -6.842460e-01  9.266118e-01
 1.40000e+00  2.00000e+00       6.446e+14  2.962495e-01  0.000000e+00 -4.425467e-01  7.037505e-01
 2.10000e+00  2.00000e+00       6.675e+14  5.060261e-01  0.000000e+00 -2.155737e-01  4.939739e-01
 2.80000e+00  2.00000e+00       4.205e+14  3.736340e-01  0.000000e+00 -2.083132e-01  6.263660e-01
 3.50000e+00  2.00000e+00       2.017e+14  1.015842e-01  0.000000e+00  7.775488e-02  8.984158e-01
 4.20000e+00  2.00000e+00       9.724e+13  3.530284e-01  0.000000e+00  4.652334e-01  6.469716e-01
 4.90000e+00  2.00000e+00       3.910e+13  7.351847e-01  0.000000e+00  3.654441e-01  2.648153e-01
 5.60000e+00  2.00000e+00       1.021e+13  9.026927e-01  0.000000e+00  6.655522e-02  9.730735e-02
 6.30000e+00  2.00000e+00       1.633e+12  9.102469e-01  0.000000e+00 -2.253800e-01  8.975306e-02
 7.00000e+00  2.00000e+00       1.594e+11  8.269648e-01  0.000000e+00 -4.605023e-01  1.730352e-01
-7.00000e+00  2.40000e+00       2.571e+10  8.607666e-01  0.000000e+00 -1.500945e-01  1.392334e-01
-6.30000e+00  2.40000e+00       2.501e+11  7.506003e-01  0.000000e+00 -4.216114e-01  2.493997e-01
-5.60000e+00  2.40000e+00       1.519e+12  4.215337e-01  0.000000e+00 -6.183873e-01  5.784663e-01
-4.90000e+00  2.40000e+00       6.217e+12 -3.382036e-02  0.000000e+00 -4.702460e-01  9.661796e-01
-4.20000e+00  2.40000e+00       2.087e+13 -1.194758e-01  0.000000e+00  7.566158e-02  8.805242e-01
-3.50000e+00  2.40000e+00       6.073e+13  2.750383e-01  0.000000e+00  2.853570e-01  7.249617e-01
-2.80000e+00  2.40000e+00       1.281e+14  4.908658e-01  0.000000e+00  5.284661e-02  5.091342e-01
-2.10000e+00  2.40000e+00       1.971e+14  5.182051e-01  0.000000e+00  3.188451e-02  4.817949e-01
-1.40000e+00  2.40000e+00       2.050e+14  6.319338e-01  0.000000e+00  2.848288e-01  3.680662e-01
-7.00000e-01  2.40000e+00       1.019e+14  6.961051e-01  0.000000e+00  3.954911e-01  3.038949e-01
 0.00000e+00  2.40000e+00       4.233e+13  6.018983e-01  0.000000e+00 -7.642267e-15  3.981017e-01
 7.00000e-01  2.40000e+00       1.019e+14  6.961051e-01  0.000000e+00 -3.954911e-01  3.038949e-01
 1.40000e+00  2.40000e+00       2.050e+14  6.319338e-01  0.000000e+00 -2.848288e-01  3.680662e-01
 2.10000e+00  2.40000e+00       1.971e+14  5.182051e-01  0.000000e+00 -3.188451e-02  4.817949e-01
 2.80000e+00  2.40000e+00       1.281e+14  4.908658e-01  0.000000e+00 -5.284661e-02  5.091342e-01
 3.50000e+00  2.40000e+00       6.073e+13  2.750383e-01  0.000000e+00 -2.853570e-01  7.249617e-01
 4.20000e+00  2.40000e+00       2.087e+13 -1.194758e-01  0.000000e+00 -7.566158e-02  8.805242e-01
 4.90000e+00  2.40000e+00       6.217e+12 -3.382036e-02  0.000000e+00  4.702460e-01  9.661796e-01
 5.60000e+00  2.40000e+00       1.519e+12  4.215337e-01  0.000000e+00  6.183873e-01  5.784663e-01
 6.30000e+00  2.40000e+00       2.501e+11  7.506003e-01  0.000000e+00  4.216114e-01  2.493997e-01
 7.00000e+00  2.40000e+00       2.571e+10  8.607666e-01  0.000000e+00  1.500945e-01  1.392334e-01
-7.00000e+00  2.80000e+00       2.746e+09 -2.532679e-03  0.000000e+00 -6.154228e-01  9.974673e-01
-6.30000e+00  2.80000e+00       2.356e+10 -2.398242e-01  0.000000e+00 -5.411408e-01  7.601758e-01
-5.60000e+00  2.80000e+00       1.707e+11 -4.161090e-01  0.000000e+00 -5.492022e-02  5.838910e-01
-4.90000e+00  2.80000e+00       9.882e+11 -8.913470e-02  0.000000e+00  3.991346e-01  9.108653e-01
-4.20000e+00  2.80000e+00       4.200e+12  3.702629e-01  0.000000e+00  3.356330e-01  6.297371e-01
-3.50000e+00  2.80000e+00       1.172e+13  4.513598e-01  0.000000e+00  4.433702e-03  5.486402e-01
-2.80000e+00  2.80000e+00       2.297e+13  2.111566e-01  0.000000e+00 -1.063053e-01  7.888434e-01
-2.10000e+00  2.80000e+00       3.642e+13  1.434393e-01  0.000000e+00 -2.027968e-01  8.565607e-01
-1.40000e+00  2.80000e+00       3.835e+13  2.484259e-01  0.000000e+00 -4.994900e-01  7.515741e-01
-7.00000e-01  2.80000e+00       2.461e+13  4.048047e-01  0.000000e+00 -4.655031e-01  5.951953e-01
 0.00000e+00  2.80000e+00       1.971e+13  5.601769e-01  0.000000e+00 -6.189839e-15  4.398231e-01
 7.00000e-01  2.80000e+00       2.461e+13  4.048047e-01  0.000000e+00  4.655031e-01  5.951953e-01
 1.40000e+00  2.80000e+00       3.835e+13  2.484259e-01  0.000000e+00  4.994900e-01  7.515741e-01
 2.10000e+00  2.80000e+00       3.642e+13  1.434393e-01  0.000000e+00  2.027968e-01  8.565607e-01
 2.80000e+00  2.80000e+00       2.297e+13  2.111566e-01  0.000000e+00  1.063053e-01  7.888434e-01
 3.50000e+00  2.80000e+00       1.172e+13  4.513598e-01  0.000000e+00 -4.433702e-03  5.486402e-01
 4.20000e+00  2.80000e+00       4.200e+12  3.702629e-01  0.000000e+00 -3.356330e-01  6.297371e-01
 4.90000e+00  2.80000e+00       9.882e+11 -8.913470e-02  0.000000e+00 -3.991346e-01  9.108653e-01
 5.60000e+00  2.80000e+00       1.707e+11 -4.161090e-01  0.000000e+00  5.492022e-02  5.838910e-01
 6.30000e+00  2.80000e+00       2.356e+10 -2.398242e-01  0.000000e+00  5.411408e-01  7.601758e-01
 7.00000e+00  2.80000e+00       2.746e+09 -2.532679e-03  0.000000e+00  6.154228e-01  9.974673e-01
-7.00000e+00  3.20000e+00       6.905e+08 -6.858995e-01  0.000000e+00 -6.241305e-02  3.141005e-01
-6.30000e+00  3.20000e+00       3.135e+09 -3.646835e-01  0.000000e+00  4.121672e-01  6.353165e-01
-5.60000e+00  3.20000e+00       2.122e+10  2.133101e-01  0.000000e+00  5.091415e-01  7.866899e-01
-4.90000e+00  3.20000e+00       1.206e+11  5.178922e-01  0.000000e+00  1.675436e-01  4.821078e-01
-4.20000e+00  3.20000e+00       4.629e+11  3.673557e-01  0.000000e+00 -1.565802e-01  6.326443e-01
-3.50000e+00  3.20000e+00       1.314e+12  1.291707e-01  0.000000e+00 -7.446583e-02  8.708293e-01
-2.80000e+00  3.20000e+00       3.143e+12  2.755244e-01  0.000000e+00  7.702749e-02  7.244756e-01
-2.10000e+00  3.20000e+00       5.833e+12  4.594041e-01  0.000000e+00  1.949184e-01  5.405959e-01
-1.40000e+00  3.20000e+00       6.744e+12  4.932598e-01  0.000000e+00  4.613553e-01  5.067402e-01
-7.00000e-01  3.20000e+00       3.802e+12  4.899178e-01  0.000000e+00  5.613336e-01  5.100822e-01
 0.00000e+00  3.20000e+00       1.815e+12  4.754366e-01  0.000000e+00  8.892009e-15  5.245634e-01
 7.00000e-01  3.20000e+00       3.802e+12  4.899178e-01  0.000000e+00 -5.613336e-01  5.100822e-01
 1.40000e+00  3.20000e+00       6.744e+12  4.932598e-01  0.000000e+00 -4.613553e-01  5.067402e-01
 2.10000e+00  3.20000e+00       5.833e+12  4.594041e-01  0.000000e+00 -1.949184e-01  5.405959e-01
 2.80000e+00  3.20000e+00       3.143e+12  2.755244e-01  0.000000e+00 -7.702749e-02  7.244756e-01
 3.50000e+00  3.20000e+00       1.314e+12  1.291707e-01  0.000000e+00  7.446583e-02  8.708293e-01
 4.20000e+00  3.20000e+00       4.629e+11  3.673557e-01  0.000000e+00  1.565802e-01  6.326443e-01
 4.90000e+00  3.20000e+00       1.206e+11  5.178922e-01  0.000000e+00 -1.675436e-01  4.821078e-01
 5.60000e+00  3.20000e+00       2.122e+10  2.133101e-01  0.000000e+00 -5.091415e-01  7.866899e-01
 6.30000e+00  3.20000e+00       3.135e+09 -3.646835e-01  0.000000e+00 -4.121672e-01  6.353165e-01
 7.00000e+00  3.20000e+00       6.905e+08 -6.858995e-01  0.000000e+00  6.241305e-02  3.141005e-01
-7.00000e+00  3.60000e+00       4.486e+08 -7.210417e-01  0.000000e+00 -2.833582e-02  2.789583e-01
-6.30000e+00  3.60000e+00       9.937e+08 -4.664415e-01  0.000000e+00  2.502117e-01  5.335585e-01
-5.60000e+00  3.60000e+00       2.861e+09 -6.338503e-02  0.000000e+00  2.143541e-01  9.366150e-01
-4.90000e+00  3.60000e+00       1.010e+10  2.155069e-03  0.000000e+00  5.159455e-02  9.978449e-01
-4.20000e+00  3.60000e+00       3.660e+10  3.662630e-02  0.000000e+00  1.562988e-01  9.633737e-01
-3.50000e+00  3.60000e+00       1.156e+11  2.407643e-01  0.000000e+00  1.334008e-01  7.592357e-01
-2.80000e+00  3.60000e+00       2.797e+11  2.301111e-01  0.000000e+00  1.195024e-01  7.698889e-01
-2.10000e+00  3.60000e+00       5.296e+11  3.350815e-03  0.000000e+00  3.931254e-01  9.966492e-01
-1.40000e+00  3.60000e+00       7.912e+11 -2.199510e-01  0.000000e+00  4.989107e-01  7.800490e-01
-7.00000e-01  3.60000e+00       7.740e+11 -1.068246e-01  0.000000e+00  3.424638e-01  8.931754e-01
 0.00000e+00  3.60000e+00       6.163e+11  1.182732e-01  0.000000e+00  5.361060e-15  8.817268e-01
 7.00000e-01  3.60000e+00       7.740e+11 -1.068246e-01  0.000000e+00 -3.424638e-01  8.931754e-01
 1.40000e+00  3.60000e+00       7.912e+11 -2.199510e-01  0.000000e+00 -4.989107e-01  7.800490e-01
 2.10000e+00  3.60000e+00       5.296e+11  3.350815e-03  0.000000e+00 -3.931254e-01  9.966492e-01
 2.80000e+00  3.60000e+00       2.797e+11  2.301111e-01  0.000000e+00 -1.195024e-01  7.698889e-01
 3.50000e+00  3.60000e+00       1.156e+11  2.407643e-01  0.000000e+00 -1.334008e-01  7.592357e-01
 4.20000e+00  3.60000e+00       3.660e+10  3.662630e-02  0.000000e+00 -1.562988e-01  9.633737e-01
 4.90000e+00  3.60000e+00       1.010e+10  2.155069e-03  0.000000e+00 -5.159455e-02  9.978449e-01
 5.60000e+00  3.60000e+00       2.861e+09 -6.338503e-02  0.000000e+00 -2.143541e-01  9.366150e-01
 6.30000e+00  3.60000e+00       9.937e+08 -4.664415e-01  0.000000e+00 -2.502117e-01  5.335585e-01
 7.00000e+00  3.60000e+00       4.486e+08 -7.210417e-01  0.000000e+00  2.833582e-02  2.789583e-01
-7.00000e+00  4.00000e+00       3.474e+08 -7.549188e-01  0.000000e+00  6.342353e-02  2.450812e-01
-6.30000e+00  4.00000e+00       6.764e+08 -6.200682e-01  0.000000e+00  3.141145e-01  3.799318e-01
-5.60000e+00  4.00000e+00       1.303e+09 -3.810358e-01  0.000000e+00  4.957193e-01  6.189642e-01
-4.90000e+00  4.00000e+00       2.683e+09 -7.797594e-02  0.000000e+00  5.417128e-01  9.220241e-01
-4.20000e+00  4.00000e+00       5.784e+09  1.679130e-01  0.000000e+00  4.093738e-01  8.320870e-01
-3.50000e+00  4.00000e+00       1.210e+10  2.318597e-01  0.000000e+00  2.523754e-01  7.681403e-01
-2.80000e+00  4.00000e+00       2.324e+10  1.773817e-01  0.000000e+00  2.380022e-01  8.226183e-01
-2.10000e+00  4.00000e+00       4.222e+10  3.255791e-02  0.000000e+00  1.188203e-01  9.674421e-01
-1.40000e+00  4.00000e+00       1.345e+11  5.047115e-01  0.000000e+00 -8.292265e-02  4.952885e-01
-7.00000e-01  4.00000e+00       3.274e+11  6.915763e-01  0.000000e+00 -4.007541e-02  3.084237e-01
 0.00000e+00  4.00000e+00       4.060e+11  6.884617e-01  0.000000e+00 -1.044479e-16  3.115383e-01
 7.00000e-01  4.00000e+00       3.274e+11  6.915763e-01  0.000000e+00  4.007541e-02  3.084237e-01
 1.40000e+00  4.00000e+00       1.345e+11  5.047115e-01  0.000000e+00  8.292265e-02  4.952885e-01
 2.10000e+00  4.00000e+00       4.222e+10  3.255791e-02  0.000000e+00 -1.188203e-01  9.674421e-01
 2.80000e+00  4.00000e+00       2.324e+10  1.773817e-01  0.000000e+00 -2.380022e-01  8.226183e-01
 3.50000e+00  4.00000e+00       1.210e+10  2.318597e-01  0.000000e+00 -2.523754e-01  7.681403e-01
 4.20000e+00  4.00000e+00       5.784e+09  1.679130e-01  0.000000e+00 -4.093738e-01  8.320870e-01
 4.90000e+00  4.00000e+00       2.683e+09 -7.797594e-02  0.000000e+00 -5.417128e-01  9.220241e-01
 5.60000e+00  4.00000e+00       1.303e+09 -3.810358e-01  0.000000e+00 -4.957193e-01  6.189642e-01
 6.30000e+00  4.00000e+00       6.764e+08 -6.200682e-01  0.000000e+00 -3.141145e-01  3.799318e-01
 7.00000e+00  4.00000e+00       3.474e+08 -7.549188e-01  0.000000e+00 -6.342353e-02  2.450812e-01
