 EB(GeV)    EMITTANCEx EMITTANCEy SIZEx(m)   SIZEy(m)   DIVx(rad)  DIVy(rad)
 2.411e+00  5.499e-09  1.017e-12  8.711e-05  1.009e-06  6.313e-05  1.009e-06
 betax      alphax     betay      alphay     eta        deta       E_spread  
 1.380e+00  0.000e+00  1.000e+00  0.000e+00  0.000e+00  0.000e+00  8.600e-04
 Ibeam(A)   period(cm) #periods   Kx         Ky         Energy(eV)
 4.005e-01  1.900e+00         96  0.000e+00  1.780e+00  2.374e+04


           x            y       F.Density            PL            PC          PL45        1-|PL|
          mm           mm  ph/s/mr^2/0.1%             -             -             -             -
-7.00000e+00 -4.00000e+00       5.595e+01  1.412630e-02  0.000000e+00 -1.328385e-02  9.858737e-01
-6.30000e+00 -4.00000e+00       2.632e+03  9.078064e-01  0.000000e+00 -1.202425e-02  9.219356e-02
-5.60000e+00 -4.00000e+00       6.604e+04  9.864411e-01  0.000000e+00 -2.356218e-02  1.355888e-02
-4.90000e+00 -4.00000e+00       8.418e+05  9.694275e-01  0.000000e+00 -4.594137e-02  3.057250e-02
-4.20000e+00 -4.00000e+00       5.612e+06  9.374139e-01  0.000000e+00 -6.213899e-02  6.258606e-02
-3.50000e+00 -4.00000e+00       5.922e+06  5.215190e-01  0.000000e+00 -2.229899e-01  4.784810e-01
-2.80000e+00 -4.00000e+00       3.181e+07  6.216040e-01  0.000000e+00 -1.277451e-01  3.783960e-01
-2.10000e+00 -4.00000e+00       2.284e+08  9.912632e-01  0.000000e+00 -4.601919e-02  8.736794e-03
-1.40000e+00 -4.00000e+00       1.499e+09  9.807744e-01  0.000000e+00 -1.685541e-02  1.922562e-02
-7.00000e-01 -4.00000e+00       3.681e+09  9.186160e-01  0.000000e+00 -1.042471e-02  8.138400e-02
 0.00000e+00 -4.00000e+00       5.035e+09  8.643244e-01  0.000000e+00  7.659840e-18  1.356756e-01
 7.00000e-01 -4.00000e+00       3.681e+09  9.186160e-01  0.000000e+00  1.042471e-02  8.138400e-02
 1.40000e+00 -4.00000e+00       1.499e+09  9.807744e-01  0.000000e+00  1.685541e-02  1.922562e-02
 2.10000e+00 -4.00000e+00       2.284e+08  9.912632e-01  0.000000e+00  4.601919e-02  8.736794e-03
 2.80000e+00 -4.00000e+00       3.181e+07  6.216040e-01  0.000000e+00  1.277451e-01  3.783960e-01
 3.50000e+00 -4.00000e+00       5.922e+06  5.215190e-01  0.000000e+00  2.229899e-01  4.784810e-01
 4.20000e+00 -4.00000e+00       5.612e+06  9.374139e-01  0.000000e+00  6.213899e-02  6.258606e-02
 4.90000e+00 -4.00000e+00       8.418e+05  9.694275e-01  0.000000e+00  4.594137e-02  3.057250e-02
 5.60000e+00 -4.00000e+00       6.604e+04  9.864411e-01  0.000000e+00  2.356218e-02  1.355888e-02
 6.30000e+00 -4.00000e+00       2.632e+03  9.078064e-01  0.000000e+00  1.202425e-02  9.219356e-02
 7.00000e+00 -4.00000e+00       5.595e+01  1.412719e-02  0.000000e+00  1.328265e-02  9.858728e-01
-7.00000e+00 -3.60000e+00       5.912e+01  1.624917e-01  0.000000e+00  2.097670e-01  8.375083e-01
-6.30000e+00 -3.60000e+00       3.091e+03  8.766884e-01  0.000000e+00 -1.359780e-03  1.233116e-01
-5.60000e+00 -3.60000e+00       7.676e+04  9.992293e-01  0.000000e+00 -2.404313e-02  7.707351e-04
-4.90000e+00 -3.60000e+00       1.007e+06  9.720455e-01  0.000000e+00 -5.536550e-02  2.795446e-02
-4.20000e+00 -3.60000e+00       6.980e+06  9.305126e-01  0.000000e+00 -7.761385e-02  6.948739e-02
-3.50000e+00 -3.60000e+00       1.200e+07  5.523806e-01  0.000000e+00 -2.233843e-01  4.476194e-01
-2.80000e+00 -3.60000e+00       2.818e+07 -3.977770e-01  0.000000e+00 -5.222683e-01  6.022230e-01
-2.10000e+00 -3.60000e+00       4.980e+08  7.674485e-01  0.000000e+00 -1.049874e-01  2.325515e-01
-1.40000e+00 -3.60000e+00       2.183e+09  9.079916e-01  0.000000e+00 -4.327661e-02  9.200839e-02
-7.00000e-01 -3.60000e+00       4.790e+09  8.773558e-01  0.000000e+00 -1.928272e-02  1.226442e-01
 0.00000e+00 -3.60000e+00       6.296e+09  8.429648e-01  0.000000e+00 -1.198568e-16  1.570352e-01
 7.00000e-01 -3.60000e+00       4.790e+09  8.773558e-01  0.000000e+00  1.928272e-02  1.226442e-01
 1.40000e+00 -3.60000e+00       2.183e+09  9.079916e-01  0.000000e+00  4.327661e-02  9.200839e-02
 2.10000e+00 -3.60000e+00       4.980e+08  7.674485e-01  0.000000e+00  1.049874e-01  2.325515e-01
 2.80000e+00 -3.60000e+00       2.818e+07 -3.977770e-01  0.000000e+00  5.222683e-01  6.022230e-01
 3.50000e+00 -3.60000e+00       1.200e+07  5.523806e-01  0.000000e+00  2.233843e-01  4.476194e-01
 4.20000e+00 -3.60000e+00       6.980e+06  9.305126e-01  0.000000e+00  7.761385e-02  6.948739e-02
 4.90000e+00 -3.60000e+00       1.007e+06  9.720455e-01  0.000000e+00  5.536550e-02  2.795446e-02
 5.60000e+00 -3.60000e+00       7.676e+04  9.992293e-01  0.000000e+00  2.404313e-02  7.707351e-04
 6.30000e+00 -3.60000e+00       3.091e+03  8.766884e-01  0.000000e+00  1.359780e-03  1.233116e-01
 7.00000e+00 -3.60000e+00       5.912e+01  1.624917e-01  0.000000e+00 -2.097670e-01  8.375083e-01
-7.00000e+00 -3.20000e+00       8.634e+01 -1.699377e-01  0.000000e+00  2.115925e-01  8.300623e-01
-6.30000e+00 -3.20000e+00       3.877e+03  7.523354e-01  0.000000e+00  3.744994e-02  2.476646e-01
-5.60000e+00 -3.20000e+00       1.054e+05  9.619569e-01  0.000000e+00 -5.963549e-02  3.804308e-02
-4.90000e+00 -3.20000e+00       2.385e+06  7.176435e-01  0.000000e+00 -2.107699e-01  2.823565e-01
-4.20000e+00 -3.20000e+00       3.435e+07  5.597758e-01  0.000000e+00 -2.909068e-01  4.402242e-01
-3.50000e+00 -3.20000e+00       2.122e+08  4.505839e-01  0.000000e+00 -3.298312e-01  5.494161e-01
-2.80000e+00 -3.20000e+00       6.208e+08  4.089358e-01  0.000000e+00 -3.089315e-01  5.910642e-01
-2.10000e+00 -3.20000e+00       1.483e+09  5.944654e-01  0.000000e+00 -1.727016e-01  4.055346e-01
-1.40000e+00 -3.20000e+00       3.617e+09  7.967306e-01  0.000000e+00 -6.662567e-02  2.032694e-01
-7.00000e-01 -3.20000e+00       6.684e+09  8.305074e-01  0.000000e+00 -2.606931e-02  1.694926e-01
 0.00000e+00 -3.20000e+00       8.407e+09  8.160019e-01  0.000000e+00 -1.739793e-16  1.839981e-01
 7.00000e-01 -3.20000e+00       6.684e+09  8.305074e-01  0.000000e+00  2.606931e-02  1.694926e-01
 1.40000e+00 -3.20000e+00       3.617e+09  7.967306e-01  0.000000e+00  6.662567e-02  2.032694e-01
 2.10000e+00 -3.20000e+00       1.483e+09  5.944654e-01  0.000000e+00  1.727016e-01  4.055346e-01
 2.80000e+00 -3.20000e+00       6.208e+08  4.089358e-01  0.000000e+00  3.089315e-01  5.910642e-01
 3.50000e+00 -3.20000e+00       2.122e+08  4.505839e-01  0.000000e+00  3.298312e-01  5.494161e-01
 4.20000e+00 -3.20000e+00       3.435e+07  5.597758e-01  0.000000e+00  2.909068e-01  4.402242e-01
 4.90000e+00 -3.20000e+00       2.385e+06  7.176435e-01  0.000000e+00  2.107699e-01  2.823565e-01
 5.60000e+00 -3.20000e+00       1.054e+05  9.619569e-01  0.000000e+00  5.963549e-02  3.804308e-02
 6.30000e+00 -3.20000e+00       3.877e+03  7.523354e-01  0.000000e+00 -3.744994e-02  2.476646e-01
 7.00000e+00 -3.20000e+00       8.634e+01 -1.699377e-01  0.000000e+00 -2.115925e-01  8.300623e-01
-7.00000e+00 -2.80000e+00       1.418e+04  3.497203e-02  0.000000e+00 -6.193649e-01  9.650280e-01
-6.30000e+00 -2.80000e+00       1.078e+06  4.349913e-02  0.000000e+00 -6.081731e-01  9.565009e-01
-5.60000e+00 -2.80000e+00       2.649e+07  7.387547e-02  0.000000e+00 -5.980439e-01  9.261245e-01
-4.90000e+00 -2.80000e+00       2.325e+08  1.336847e-01  0.000000e+00 -5.745960e-01  8.663153e-01
-4.20000e+00 -2.80000e+00       8.727e+08  2.361351e-01  0.000000e+00 -5.207234e-01  7.638649e-01
-3.50000e+00 -2.80000e+00       1.824e+09  3.531514e-01  0.000000e+00 -4.308650e-01  6.468486e-01
-2.80000e+00 -2.80000e+00       2.580e+09  4.269460e-01  0.000000e+00 -3.333985e-01  5.730540e-01
-2.10000e+00 -2.80000e+00       3.062e+09  5.563724e-01  0.000000e+00 -2.022155e-01  4.436276e-01
-1.40000e+00 -2.80000e+00       5.766e+09  7.410548e-01  0.000000e+00 -6.217265e-02  2.589452e-01
-7.00000e-01 -2.80000e+00       1.141e+10  7.500486e-01  0.000000e+00 -2.322783e-02  2.499514e-01
 0.00000e+00 -2.80000e+00       1.462e+10  7.358378e-01  0.000000e+00 -2.163995e-16  2.641622e-01
 7.00000e-01 -2.80000e+00       1.141e+10  7.500486e-01  0.000000e+00  2.322783e-02  2.499514e-01
 1.40000e+00 -2.80000e+00       5.766e+09  7.410548e-01  0.000000e+00  6.217265e-02  2.589452e-01
 2.10000e+00 -2.80000e+00       3.062e+09  5.563724e-01  0.000000e+00  2.022155e-01  4.436276e-01
 2.80000e+00 -2.80000e+00       2.580e+09  4.269460e-01  0.000000e+00  3.333985e-01  5.730540e-01
 3.50000e+00 -2.80000e+00       1.824e+09  3.531514e-01  0.000000e+00  4.308650e-01  6.468486e-01
 4.20000e+00 -2.80000e+00       8.727e+08  2.361351e-01  0.000000e+00  5.207234e-01  7.638649e-01
 4.90000e+00 -2.80000e+00       2.325e+08  1.336847e-01  0.000000e+00  5.745960e-01  8.663153e-01
 5.60000e+00 -2.80000e+00       2.649e+07  7.387547e-02  0.000000e+00  5.980439e-01  9.261245e-01
 6.30000e+00 -2.80000e+00       1.078e+06  4.349913e-02  0.000000e+00  6.081731e-01  9.565009e-01
 7.00000e+00 -2.80000e+00       1.418e+04  3.497203e-02  0.000000e+00  6.193649e-01  9.650280e-01
-7.00000e+00 -2.40000e+00       1.252e+05 -3.136989e-01  0.000000e+00 -5.185293e-01  6.863011e-01
-6.30000e+00 -2.40000e+00       3.285e+06 -2.563248e-01  0.000000e+00 -5.319655e-01  7.436752e-01
-5.60000e+00 -2.40000e+00       3.295e+07 -1.363953e-01  0.000000e+00 -5.457250e-01  8.636047e-01
-4.90000e+00 -2.40000e+00       1.654e+08  7.691043e-02  0.000000e+00 -5.345369e-01  9.230896e-01
-4.20000e+00 -2.40000e+00       5.621e+08  3.050101e-01  0.000000e+00 -4.646562e-01  6.949899e-01
-3.50000e+00 -2.40000e+00       1.399e+09  4.361846e-01  0.000000e+00 -3.598426e-01  5.638154e-01
-2.80000e+00 -2.40000e+00       2.680e+09  4.847443e-01  0.000000e+00 -2.511090e-01  5.152557e-01
-2.10000e+00 -2.40000e+00       4.969e+09  5.820175e-01  0.000000e+00 -1.375832e-01  4.179825e-01
-1.40000e+00 -2.40000e+00       9.695e+09  7.171188e-01  0.000000e+00 -6.295259e-02  2.828812e-01
-7.00000e-01 -2.40000e+00       1.664e+10  7.536912e-01  0.000000e+00 -2.857419e-02  2.463088e-01
 0.00000e+00 -2.40000e+00       2.087e+10  7.454166e-01  0.000000e+00 -3.486012e-16  2.545834e-01
 7.00000e-01 -2.40000e+00       1.664e+10  7.536912e-01  0.000000e+00  2.857419e-02  2.463088e-01
 1.40000e+00 -2.40000e+00       9.695e+09  7.171188e-01  0.000000e+00  6.295259e-02  2.828812e-01
 2.10000e+00 -2.40000e+00       4.969e+09  5.820175e-01  0.000000e+00  1.375832e-01  4.179825e-01
 2.80000e+00 -2.40000e+00       2.680e+09  4.847443e-01  0.000000e+00  2.511090e-01  5.152557e-01
 3.50000e+00 -2.40000e+00       1.399e+09  4.361846e-01  0.000000e+00  3.598426e-01  5.638154e-01
 4.20000e+00 -2.40000e+00       5.621e+08  3.050101e-01  0.000000e+00  4.646562e-01  6.949899e-01
 4.90000e+00 -2.40000e+00       1.654e+08  7.691043e-02  0.000000e+00  5.345369e-01  9.230896e-01
 5.60000e+00 -2.40000e+00       3.295e+07 -1.363953e-01  0.000000e+00  5.457250e-01  8.636047e-01
 6.30000e+00 -2.40000e+00       3.285e+06 -2.563248e-01  0.000000e+00  5.319655e-01  7.436752e-01
 7.00000e+00 -2.40000e+00       1.252e+05 -3.136989e-01  0.000000e+00  5.185293e-01  6.863011e-01
-7.00000e+00 -2.00000e+00       1.224e+06 -5.829963e-01  0.000000e+00 -7.811179e-02  4.170037e-01
-6.30000e+00 -2.00000e+00       1.179e+07 -4.611546e-01  0.000000e+00 -2.257876e-01  5.388454e-01
-5.60000e+00 -2.00000e+00       6.490e+07 -1.891177e-01  0.000000e+00 -4.115721e-01  8.108823e-01
-4.90000e+00 -2.00000e+00       2.837e+08  1.429685e-01  0.000000e+00 -4.799170e-01  8.570315e-01
-4.20000e+00 -2.00000e+00       1.044e+09  3.815330e-01  0.000000e+00 -3.845787e-01  6.184670e-01
-3.50000e+00 -2.00000e+00       3.208e+09  4.749999e-01  0.000000e+00 -2.345376e-01  5.250001e-01
-2.80000e+00 -2.00000e+00       8.607e+09  4.638730e-01  0.000000e+00 -1.021273e-01  5.361270e-01
-2.10000e+00 -2.00000e+00       2.047e+10  4.542038e-01  0.000000e+00  1.791238e-02  5.457962e-01
-1.40000e+00 -2.00000e+00       4.011e+10  5.079486e-01  0.000000e+00  5.985503e-02  4.920514e-01
-7.00000e-01 -2.00000e+00       5.846e+10  5.955803e-01  0.000000e+00 -9.424260e-03  4.044197e-01
 0.00000e+00 -2.00000e+00       6.446e+10  6.404105e-01  0.000000e+00 -2.656708e-15  3.595895e-01
 7.00000e-01 -2.00000e+00       5.846e+10  5.955803e-01  0.000000e+00  9.424260e-03  4.044197e-01
 1.40000e+00 -2.00000e+00       4.011e+10  5.079486e-01  0.000000e+00 -5.985503e-02  4.920514e-01
 2.10000e+00 -2.00000e+00       2.047e+10  4.542038e-01  0.000000e+00 -1.791238e-02  5.457962e-01
 2.80000e+00 -2.00000e+00       8.607e+09  4.638730e-01  0.000000e+00  1.021273e-01  5.361270e-01
 3.50000e+00 -2.00000e+00       3.208e+09  4.749999e-01  0.000000e+00  2.345376e-01  5.250001e-01
 4.20000e+00 -2.00000e+00       1.044e+09  3.815330e-01  0.000000e+00  3.845787e-01  6.184670e-01
 4.90000e+00 -2.00000e+00       2.837e+08  1.429685e-01  0.000000e+00  4.799170e-01  8.570315e-01
 5.60000e+00 -2.00000e+00       6.490e+07 -1.891177e-01  0.000000e+00  4.115721e-01  8.108823e-01
 6.30000e+00 -2.00000e+00       1.179e+07 -4.611546e-01  0.000000e+00  2.257876e-01  5.388454e-01
 7.00000e+00 -2.00000e+00       1.224e+06 -5.829963e-01  0.000000e+00  7.811179e-02  4.170037e-01
-7.00000e+00 -1.60000e+00       5.645e+05 -3.783508e-01  0.000000e+00 -2.210952e-01  6.216492e-01
-6.30000e+00 -1.60000e+00       1.018e+07 -1.827807e-01  0.000000e+00 -3.291391e-01  8.172193e-01
-5.60000e+00 -1.60000e+00       1.098e+08  1.456197e-01  0.000000e+00 -3.329954e-01  8.543803e-01
-4.90000e+00 -1.60000e+00       1.015e+09  4.144944e-01  0.000000e+00 -1.679600e-01  5.855056e-01
-4.20000e+00 -1.60000e+00       8.245e+09  4.897076e-01  0.000000e+00 -6.647674e-02  5.102924e-01
-3.50000e+00 -1.60000e+00       4.740e+10  4.983554e-01  0.000000e+00 -3.365918e-02  5.016446e-01
-2.80000e+00 -1.60000e+00       1.791e+11  4.766819e-01  0.000000e+00 -3.676580e-02  5.233181e-01
-2.10000e+00 -1.60000e+00       4.459e+11  3.723476e-01  0.000000e+00 -1.007401e-01  6.276524e-01
-1.40000e+00 -1.60000e+00       7.877e+11  1.639108e-01  0.000000e+00 -2.125860e-01  8.360892e-01
-7.00000e-01 -1.60000e+00       1.191e+12  9.911222e-02  0.000000e+00 -2.095000e-01  9.008878e-01
 0.00000e+00 -1.60000e+00       1.430e+12  1.461779e-01  0.000000e+00 -3.480253e-15  8.538221e-01
 7.00000e-01 -1.60000e+00       1.191e+12  9.911222e-02  0.000000e+00  2.095000e-01  9.008878e-01
 1.40000e+00 -1.60000e+00       7.877e+11  1.639108e-01  0.000000e+00  2.125860e-01  8.360892e-01
 2.10000e+00 -1.60000e+00       4.459e+11  3.723476e-01  0.000000e+00  1.007401e-01  6.276524e-01
 2.80000e+00 -1.60000e+00       1.791e+11  4.766819e-01  0.000000e+00  3.676580e-02  5.233181e-01
 3.50000e+00 -1.60000e+00       4.740e+10  4.983554e-01  0.000000e+00  3.365918e-02  5.016446e-01
 4.20000e+00 -1.60000e+00       8.245e+09  4.897076e-01  0.000000e+00  6.647674e-02  5.102924e-01
 4.90000e+00 -1.60000e+00       1.015e+09  4.144944e-01  0.000000e+00  1.679600e-01  5.855056e-01
 5.60000e+00 -1.60000e+00       1.098e+08  1.456197e-01  0.000000e+00  3.329954e-01  8.543803e-01
 6.30000e+00 -1.60000e+00       1.018e+07 -1.827807e-01  0.000000e+00  3.291391e-01  8.172193e-01
 7.00000e+00 -1.60000e+00       5.645e+05 -3.783508e-01  0.000000e+00  2.210952e-01  6.216492e-01
-7.00000e+00 -1.20000e+00       1.068e+06  2.140228e-01  0.000000e+00  1.981888e-01  7.859772e-01
-6.30000e+00 -1.20000e+00       3.271e+07  5.506546e-01  0.000000e+00  7.298619e-02  4.493454e-01
-5.60000e+00 -1.20000e+00       8.676e+08  5.323649e-01  0.000000e+00 -4.796553e-03  4.676351e-01
-4.90000e+00 -1.20000e+00       1.490e+10  5.853876e-01  0.000000e+00 -5.968572e-02  4.146124e-01
-4.20000e+00 -1.20000e+00       1.413e+11  6.398579e-01  0.000000e+00 -3.402934e-02  3.601421e-01
-3.50000e+00 -1.20000e+00       7.413e+11  6.329110e-01  0.000000e+00 -1.722343e-02  3.670890e-01
-2.80000e+00 -1.20000e+00       2.509e+12  6.089275e-01  0.000000e+00 -3.023241e-02  3.910725e-01
-2.10000e+00 -1.20000e+00       5.872e+12  5.580074e-01  0.000000e+00 -1.005902e-01  4.419926e-01
-1.40000e+00 -1.20000e+00       9.294e+12  3.989912e-01  0.000000e+00 -2.375759e-01  6.010088e-01
-7.00000e-01 -1.20000e+00       1.116e+13  1.895374e-01  0.000000e+00 -2.368952e-01  8.104626e-01
 0.00000e+00 -1.20000e+00       1.176e+13  1.187561e-01  0.000000e+00  3.880842e-16  8.812439e-01
 7.00000e-01 -1.20000e+00       1.116e+13  1.895374e-01  0.000000e+00  2.368952e-01  8.104626e-01
 1.40000e+00 -1.20000e+00       9.294e+12  3.989912e-01  0.000000e+00  2.375759e-01  6.010088e-01
 2.10000e+00 -1.20000e+00       5.872e+12  5.580074e-01  0.000000e+00  1.005902e-01  4.419926e-01
 2.80000e+00 -1.20000e+00       2.509e+12  6.089275e-01  0.000000e+00  3.023241e-02  3.910725e-01
 3.50000e+00 -1.20000e+00       7.413e+11  6.329110e-01  0.000000e+00  1.722343e-02  3.670890e-01
 4.20000e+00 -1.20000e+00       1.413e+11  6.398579e-01  0.000000e+00  3.402934e-02  3.601421e-01
 4.90000e+00 -1.20000e+00       1.490e+10  5.853876e-01  0.000000e+00  5.968572e-02  4.146124e-01
 5.60000e+00 -1.20000e+00       8.676e+08  5.323649e-01  0.000000e+00  4.796553e-03  4.676351e-01
 6.30000e+00 -1.20000e+00       3.271e+07  5.506546e-01  0.000000e+00 -7.298619e-02  4.493454e-01
 7.00000e+00 -1.20000e+00       1.068e+06  2.140228e-01  0.000000e+00 -1.981888e-01  7.859772e-01
-7.00000e+00 -8.00000e-01       6.135e+06  7.064774e-01  0.000000e+00 -2.797953e-01  2.935226e-01
-6.30000e+00 -8.00000e-01       3.968e+08  8.500371e-01  0.000000e+00 -1.471534e-01  1.499629e-01
-5.60000e+00 -8.00000e-01       1.097e+10  8.606441e-01  0.000000e+00 -3.557662e-03  1.393559e-01
-4.90000e+00 -8.00000e-01       1.412e+11  8.081894e-01  0.000000e+00  4.882547e-02  1.918106e-01
-4.20000e+00 -8.00000e-01       1.078e+12  7.806029e-01  0.000000e+00  3.638033e-03  2.193971e-01
-3.50000e+00 -8.00000e-01       5.287e+12  7.915026e-01  0.000000e+00 -1.698033e-02  2.084974e-01
-2.80000e+00 -8.00000e-01       1.628e+13  7.915474e-01  0.000000e+00 -1.869063e-02  2.084526e-01
-2.10000e+00 -8.00000e-01       3.319e+13  7.668699e-01  0.000000e+00 -6.323428e-02  2.331301e-01
-1.40000e+00 -8.00000e-01       4.616e+13  7.188401e-01  0.000000e+00 -1.819460e-01  2.811599e-01
-7.00000e-01 -8.00000e-01       4.519e+13  7.186255e-01  0.000000e+00 -2.683005e-01  2.813745e-01
 0.00000e+00 -8.00000e-01       3.847e+13  7.555258e-01  0.000000e+00  3.567084e-15  2.444742e-01
 7.00000e-01 -8.00000e-01       4.519e+13  7.186255e-01  0.000000e+00  2.683005e-01  2.813745e-01
 1.40000e+00 -8.00000e-01       4.616e+13  7.188401e-01  0.000000e+00  1.819460e-01  2.811599e-01
 2.10000e+00 -8.00000e-01       3.319e+13  7.668699e-01  0.000000e+00  6.323428e-02  2.331301e-01
 2.80000e+00 -8.00000e-01       1.628e+13  7.915474e-01  0.000000e+00  1.869063e-02  2.084526e-01
 3.50000e+00 -8.00000e-01       5.287e+12  7.915026e-01  0.000000e+00  1.698033e-02  2.084974e-01
 4.20000e+00 -8.00000e-01       1.078e+12  7.806029e-01  0.000000e+00 -3.638033e-03  2.193971e-01
 4.90000e+00 -8.00000e-01       1.412e+11  8.081894e-01  0.000000e+00 -4.882547e-02  1.918106e-01
 5.60000e+00 -8.00000e-01       1.097e+10  8.606441e-01  0.000000e+00  3.557662e-03  1.393559e-01
 6.30000e+00 -8.00000e-01       3.968e+08  8.500371e-01  0.000000e+00  1.471534e-01  1.499629e-01
 7.00000e+00 -8.00000e-01       6.135e+06  7.064774e-01  0.000000e+00  2.797953e-01  2.935226e-01
-7.00000e+00 -4.00000e-01       1.347e+07  8.180288e-01  0.000000e+00 -1.461665e-01  1.819712e-01
-6.30000e+00 -4.00000e-01       1.113e+09  9.087123e-01  0.000000e+00 -1.677649e-01  9.128770e-02
-5.60000e+00 -4.00000e-01       3.896e+10  9.496204e-01  0.000000e+00 -9.102846e-02  5.037964e-02
-4.90000e+00 -4.00000e-01       5.468e+11  9.548202e-01  0.000000e+00 -1.568650e-02  4.517983e-02
-4.20000e+00 -4.00000e-01       3.662e+12  9.428760e-01  0.000000e+00  1.102879e-02  5.712397e-02
-3.50000e+00 -4.00000e-01       1.553e+13  9.374595e-01  0.000000e+00 -2.895131e-03  6.254052e-02
-2.80000e+00 -4.00000e-01       4.467e+13  9.378193e-01  0.000000e+00 -3.772742e-03  6.218068e-02
-2.10000e+00 -4.00000e-01       8.566e+13  9.307189e-01  0.000000e+00  1.600703e-02  6.928113e-02
-1.40000e+00 -4.00000e-01       1.108e+14  9.100809e-01  0.000000e+00  4.349098e-02  8.991907e-02
-7.00000e-01 -4.00000e-01       9.296e+13  8.763549e-01  0.000000e+00  1.792452e-02  1.236451e-01
 0.00000e+00 -4.00000e-01       6.846e+13  8.487366e-01  0.000000e+00 -8.849635e-15  1.512634e-01
 7.00000e-01 -4.00000e-01       9.296e+13  8.763549e-01  0.000000e+00 -1.792452e-02  1.236451e-01
 1.40000e+00 -4.00000e-01       1.108e+14  9.100809e-01  0.000000e+00 -4.349098e-02  8.991907e-02
 2.10000e+00 -4.00000e-01       8.566e+13  9.307189e-01  0.000000e+00 -1.600703e-02  6.928113e-02
 2.80000e+00 -4.00000e-01       4.467e+13  9.378193e-01  0.000000e+00  3.772742e-03  6.218068e-02
 3.50000e+00 -4.00000e-01       1.553e+13  9.374595e-01  0.000000e+00  2.895131e-03  6.254052e-02
 4.20000e+00 -4.00000e-01       3.662e+12  9.428760e-01  0.000000e+00 -1.102879e-02  5.712397e-02
 4.90000e+00 -4.00000e-01       5.468e+11  9.548202e-01  0.000000e+00  1.568650e-02  4.517983e-02
 5.60000e+00 -4.00000e-01       3.896e+10  9.496204e-01  0.000000e+00  9.102846e-02  5.037964e-02
 6.30000e+00 -4.00000e-01       1.113e+09  9.087123e-01  0.000000e+00  1.677649e-01  9.128770e-02
 7.00000e+00 -4.00000e-01       1.347e+07  8.180288e-01  0.000000e+00  1.461665e-01  1.819712e-01
-7.00000e+00  0.00000e+00       1.766e+07  9.998241e-01  0.000000e+00 -4.506387e-13  1.759259e-04
-6.30000e+00  0.00000e+00       1.413e+09  9.998929e-01  0.000000e+00 -1.795907e-14  1.071268e-04
-5.60000e+00  0.00000e+00       5.404e+10  9.999432e-01  0.000000e+00 -4.425053e-16  5.684787e-05
-4.90000e+00  0.00000e+00       8.181e+11  9.999571e-01  0.000000e+00 -3.532278e-17  4.290344e-05
-4.20000e+00  0.00000e+00       5.496e+12  9.999513e-01  0.000000e+00 -3.140482e-17  4.872422e-05
-3.50000e+00  0.00000e+00       2.214e+13  9.999513e-01  0.000000e+00 -7.651962e-17  4.874560e-05
-2.80000e+00  0.00000e+00       6.332e+13  9.999617e-01  0.000000e+00 -1.538880e-15  3.830845e-05
-2.10000e+00  0.00000e+00       1.372e+14  9.999779e-01  0.000000e+00 -1.304705e-14  2.212522e-05
-1.40000e+00  0.00000e+00       2.325e+14  9.999999e-01  0.000000e+00 -3.984471e-14  1.397441e-07
-7.00000e-01  0.00000e+00       2.422e+14  9.999985e-01  0.000000e+00 -5.199284e-14  1.486440e-06
 0.00000e+00  0.00000e+00       1.890e+14  9.999830e-01  0.000000e+00  1.024704e-17  1.703733e-05
 7.00000e-01  0.00000e+00       2.422e+14  9.999985e-01  0.000000e+00  5.201055e-14  1.486440e-06
 1.40000e+00  0.00000e+00       2.325e+14  9.999999e-01  0.000000e+00  3.985320e-14  1.397441e-07
 2.10000e+00  0.00000e+00       1.372e+14  9.999779e-01  0.000000e+00  1.304835e-14  2.212522e-05
 2.80000e+00  0.00000e+00       6.332e+13  9.999617e-01  0.000000e+00  1.539721e-15  3.830845e-05
 3.50000e+00  0.00000e+00       2.214e+13  9.999513e-01  0.000000e+00  7.140812e-17  4.874560e-05
 4.20000e+00  0.00000e+00       5.496e+12  9.999513e-01  0.000000e+00  2.751032e-17  4.872422e-05
 4.90000e+00  0.00000e+00       8.181e+11  9.999571e-01  0.000000e+00  9.083986e-17  4.290344e-05
 5.60000e+00  0.00000e+00       5.404e+10  9.999432e-01  0.000000e+00  6.206385e-16  5.684787e-05
 6.30000e+00  0.00000e+00       1.413e+09  9.998929e-01  0.000000e+00  1.830404e-14  1.071268e-04
 7.00000e+00  0.00000e+00       1.766e+07  9.998241e-01  0.000000e+00  5.258185e-13  1.759259e-04
-7.00000e+00  4.00000e-01       1.347e+07  8.180288e-01  0.000000e+00  1.461665e-01  1.819712e-01
-6.30000e+00  4.00000e-01       1.113e+09  9.087123e-01  0.000000e+00  1.677649e-01  9.128770e-02
-5.60000e+00  4.00000e-01       3.896e+10  9.496204e-01  0.000000e+00  9.102846e-02  5.037964e-02
-4.90000e+00  4.00000e-01       5.468e+11  9.548202e-01  0.000000e+00  1.568650e-02  4.517983e-02
-4.20000e+00  4.00000e-01       3.662e+12  9.428760e-01  0.000000e+00 -1.102879e-02  5.712397e-02
-3.50000e+00  4.00000e-01       1.553e+13  9.374595e-01  0.000000e+00  2.895131e-03  6.254052e-02
-2.80000e+00  4.00000e-01       4.467e+13  9.378193e-01  0.000000e+00  3.772742e-03  6.218068e-02
-2.10000e+00  4.00000e-01       8.566e+13  9.307189e-01  0.000000e+00 -1.600703e-02  6.928113e-02
-1.40000e+00  4.00000e-01       1.108e+14  9.100809e-01  0.000000e+00 -4.349098e-02  8.991907e-02
-7.00000e-01  4.00000e-01       9.296e+13  8.763549e-01  0.000000e+00 -1.792452e-02  1.236451e-01
 0.00000e+00  4.00000e-01       6.846e+13  8.487366e-01  0.000000e+00  8.862668e-15  1.512634e-01
 7.00000e-01  4.00000e-01       9.296e+13  8.763549e-01  0.000000e+00  1.792452e-02  1.236451e-01
 1.40000e+00  4.00000e-01       1.108e+14  9.100809e-01  0.000000e+00  4.349098e-02  8.991907e-02
 2.10000e+00  4.00000e-01       8.566e+13  9.307189e-01  0.000000e+00  1.600703e-02  6.928113e-02
 2.80000e+00  4.00000e-01       4.467e+13  9.378193e-01  0.000000e+00 -3.772742e-03  6.218068e-02
 3.50000e+00  4.00000e-01       1.553e+13  9.374595e-01  0.000000e+00 -2.895131e-03  6.254052e-02
 4.20000e+00  4.00000e-01       3.662e+12  9.428760e-01  0.000000e+00  1.102879e-02  5.712397e-02
 4.90000e+00  4.00000e-01       5.468e+11  9.548202e-01  0.000000e+00 -1.568650e-02  4.517983e-02
 5.60000e+00  4.00000e-01       3.896e+10  9.496204e-01  0.000000e+00 -9.102846e-02  5.037964e-02
 6.30000e+00  4.00000e-01       1.113e+09  9.087123e-01  0.000000e+00 -1.677649e-01  9.128770e-02
 7.00000e+00  4.00000e-01       1.347e+07  8.180288e-01  0.000000e+00 -1.461665e-01  1.819712e-01
-7.00000e+00  8.00000e-01       6.135e+06  7.064774e-01  0.000000e+00  2.797953e-01  2.935226e-01
-6.30000e+00  8.00000e-01       3.968e+08  8.500371e-01  0.000000e+00  1.471534e-01  1.499629e-01
-5.60000e+00  8.00000e-01       1.097e+10  8.606441e-01  0.000000e+00  3.557662e-03  1.393559e-01
-4.90000e+00  8.00000e-01       1.412e+11  8.081894e-01  0.000000e+00 -4.882547e-02  1.918106e-01
-4.20000e+00  8.00000e-01       1.078e+12  7.806029e-01  0.000000e+00 -3.638033e-03  2.193971e-01
-3.50000e+00  8.00000e-01       5.287e+12  7.915026e-01  0.000000e+00  1.698033e-02  2.084974e-01
-2.80000e+00  8.00000e-01       1.628e+13  7.915474e-01  0.000000e+00  1.869063e-02  2.084526e-01
-2.10000e+00  8.00000e-01       3.319e+13  7.668699e-01  0.000000e+00  6.323428e-02  2.331301e-01
-1.40000e+00  8.00000e-01       4.616e+13  7.188401e-01  0.000000e+00  1.819460e-01  2.811599e-01
-7.00000e-01  8.00000e-01       4.519e+13  7.186255e-01  0.000000e+00  2.683005e-01  2.813745e-01
 0.00000e+00  8.00000e-01       3.847e+13  7.555258e-01  0.000000e+00 -3.354916e-15  2.444742e-01
 7.00000e-01  8.00000e-01       4.519e+13  7.186255e-01  0.000000e+00 -2.683005e-01  2.813745e-01
 1.40000e+00  8.00000e-01       4.616e+13  7.188401e-01  0.000000e+00 -1.819460e-01  2.811599e-01
 2.10000e+00  8.00000e-01       3.319e+13  7.668699e-01  0.000000e+00 -6.323428e-02  2.331301e-01
 2.80000e+00  8.00000e-01       1.628e+13  7.915474e-01  0.000000e+00 -1.869063e-02  2.084526e-01
 3.50000e+00  8.00000e-01       5.287e+12  7.915026e-01  0.000000e+00 -1.698033e-02  2.084974e-01
 4.20000e+00  8.00000e-01       1.078e+12  7.806029e-01  0.000000e+00  3.638033e-03  2.193971e-01
 4.90000e+00  8.00000e-01       1.412e+11  8.081894e-01  0.000000e+00  4.882547e-02  1.918106e-01
 5.60000e+00  8.00000e-01       1.097e+10  8.606441e-01  0.000000e+00 -3.557662e-03  1.393559e-01
 6.30000e+00  8.00000e-01       3.968e+08  8.500371e-01  0.000000e+00 -1.471534e-01  1.499629e-01
 7.00000e+00  8.00000e-01       6.135e+06  7.064774e-01  0.000000e+00 -2.797953e-01  2.935226e-01
-7.00000e+00  1.20000e+00       1.068e+06  2.140228e-01  0.000000e+00 -1.981888e-01  7.859772e-01
-6.30000e+00  1.20000e+00       3.271e+07  5.506546e-01  0.000000e+00 -7.298619e-02  4.493454e-01
-5.60000e+00  1.20000e+00       8.676e+08  5.323649e-01  0.000000e+00  4.796553e-03  4.676351e-01
-4.90000e+00  1.20000e+00       1.490e+10  5.853876e-01  0.000000e+00  5.968572e-02  4.146124e-01
-4.20000e+00  1.20000e+00       1.413e+11  6.398579e-01  0.000000e+00  3.402934e-02  3.601421e-01
-3.50000e+00  1.20000e+00       7.413e+11  6.329110e-01  0.000000e+00  1.722343e-02  3.670890e-01
-2.80000e+00  1.20000e+00       2.509e+12  6.089275e-01  0.000000e+00  3.023241e-02  3.910725e-01
-2.10000e+00  1.20000e+00       5.872e+12  5.580074e-01  0.000000e+00  1.005902e-01  4.419926e-01
-1.40000e+00  1.20000e+00       9.294e+12  3.989912e-01  0.000000e+00  2.375759e-01  6.010088e-01
-7.00000e-01  1.20000e+00       1.116e+13  1.895374e-01  0.000000e+00  2.368952e-01  8.104626e-01
 0.00000e+00  1.20000e+00       1.176e+13  1.187561e-01  0.000000e+00  3.463802e-15  8.812439e-01
 7.00000e-01  1.20000e+00       1.116e+13  1.895374e-01  0.000000e+00 -2.368952e-01  8.104626e-01
 1.40000e+00  1.20000e+00       9.294e+12  3.989912e-01  0.000000e+00 -2.375759e-01  6.010088e-01
 2.10000e+00  1.20000e+00       5.872e+12  5.580074e-01  0.000000e+00 -1.005902e-01  4.419926e-01
 2.80000e+00  1.20000e+00       2.509e+12  6.089275e-01  0.000000e+00 -3.023241e-02  3.910725e-01
 3.50000e+00  1.20000e+00       7.413e+11  6.329110e-01  0.000000e+00 -1.722343e-02  3.670890e-01
 4.20000e+00  1.20000e+00       1.413e+11  6.398579e-01  0.000000e+00 -3.402934e-02  3.601421e-01
 4.90000e+00  1.20000e+00       1.490e+10  5.853876e-01  0.000000e+00 -5.968572e-02  4.146124e-01
 5.60000e+00  1.20000e+00       8.676e+08  5.323649e-01  0.000000e+00 -4.796553e-03  4.676351e-01
 6.30000e+00  1.20000e+00       3.271e+07  5.506546e-01  0.000000e+00  7.298619e-02  4.493454e-01
 7.00000e+00  1.20000e+00       1.068e+06  2.140228e-01  0.000000e+00  1.981888e-01  7.859772e-01
-7.00000e+00  1.60000e+00       5.645e+05 -3.783508e-01  0.000000e+00  2.210952e-01  6.216492e-01
-6.30000e+00  1.60000e+00       1.018e+07 -1.827807e-01  0.000000e+00  3.291391e-01  8.172193e-01
-5.60000e+00  1.60000e+00       1.098e+08  1.456197e-01  0.000000e+00  3.329954e-01  8.543803e-01
-4.90000e+00  1.60000e+00       1.015e+09  4.144944e-01  0.000000e+00  1.679600e-01  5.855056e-01
-4.20000e+00  1.60000e+00       8.245e+09  4.897076e-01  0.000000e+00  6.647674e-02  5.102924e-01
-3.50000e+00  1.60000e+00       4.740e+10  4.983554e-01  0.000000e+00  3.365918e-02  5.016446e-01
-2.80000e+00  1.60000e+00       1.791e+11  4.766819e-01  0.000000e+00  3.676580e-02  5.233181e-01
-2.10000e+00  1.60000e+00       4.459e+11  3.723476e-01  0.000000e+00  1.007401e-01  6.276524e-01
-1.40000e+00  1.60000e+00       7.877e+11  1.639108e-01  0.000000e+00  2.125860e-01  8.360892e-01
-7.00000e-01  1.60000e+00       1.191e+12  9.911222e-02  0.000000e+00  2.095000e-01  9.008878e-01
 0.00000e+00  1.60000e+00       1.430e+12  1.461779e-01  0.000000e+00  3.472977e-15  8.538221e-01
 7.00000e-01  1.60000e+00       1.191e+12  9.911222e-02  0.000000e+00 -2.095000e-01  9.008878e-01
 1.40000e+00  1.60000e+00       7.877e+11  1.639108e-01  0.000000e+00 -2.125860e-01  8.360892e-01
 2.10000e+00  1.60000e+00       4.459e+11  3.723476e-01  0.000000e+00 -1.007401e-01  6.276524e-01
 2.80000e+00  1.60000e+00       1.791e+11  4.766819e-01  0.000000e+00 -3.676580e-02  5.233181e-01
 3.50000e+00  1.60000e+00       4.740e+10  4.983554e-01  0.000000e+00 -3.365918e-02  5.016446e-01
 4.20000e+00  1.60000e+00       8.245e+09  4.897076e-01  0.000000e+00 -6.647674e-02  5.102924e-01
 4.90000e+00  1.60000e+00       1.015e+09  4.144944e-01  0.000000e+00 -1.679600e-01  5.855056e-01
 5.60000e+00  1.60000e+00       1.098e+08  1.456197e-01  0.000000e+00 -3.329954e-01  8.543803e-01
 6.30000e+00  1.60000e+00       1.018e+07 -1.827807e-01  0.000000e+00 -3.291391e-01  8.172193e-01
 7.00000e+00  1.60000e+00       5.645e+05 -3.783508e-01  0.000000e+00 -2.210952e-01  6.216492e-01
-7.00000e+00  2.00000e+00       1.224e+06 -5.829963e-01  0.000000e+00  7.811179e-02  4.170037e-01
-6.30000e+00  2.00000e+00       1.179e+07 -4.611546e-01  0.000000e+00  2.257876e-01  5.388454e-01
-5.60000e+00  2.00000e+00       6.490e+07 -1.891177e-01  0.000000e+00  4.115721e-01  8.108823e-01
-4.90000e+00  2.00000e+00       2.837e+08  1.429685e-01  0.000000e+00  4.799170e-01  8.570315e-01
-4.20000e+00  2.00000e+00       1.044e+09  3.815330e-01  0.000000e+00  3.845787e-01  6.184670e-01
-3.50000e+00  2.00000e+00       3.208e+09  4.749999e-01  0.000000e+00  2.345376e-01  5.250001e-01
-2.80000e+00  2.00000e+00       8.607e+09  4.638730e-01  0.000000e+00  1.021273e-01  5.361270e-01
-2.10000e+00  2.00000e+00       2.047e+10  4.542038e-01  0.000000e+00 -1.791238e-02  5.457962e-01
-1.40000e+00  2.00000e+00       4.011e+10  5.079486e-01  0.000000e+00 -5.985503e-02  4.920514e-01
-7.00000e-01  2.00000e+00       5.846e+10  5.955803e-01  0.000000e+00  9.424259e-03  4.044197e-01
 0.00000e+00  2.00000e+00       6.446e+10  6.404104e-01  0.000000e+00  2.771523e-15  3.595896e-01
 7.00000e-01  2.00000e+00       5.846e+10  5.955803e-01  0.000000e+00 -9.424259e-03  4.044197e-01
 1.40000e+00  2.00000e+00       4.011e+10  5.079486e-01  0.000000e+00  5.985503e-02  4.920514e-01
 2.10000e+00  2.00000e+00       2.047e+10  4.542038e-01  0.000000e+00  1.791238e-02  5.457962e-01
 2.80000e+00  2.00000e+00       8.607e+09  4.638730e-01  0.000000e+00 -1.021273e-01  5.361270e-01
 3.50000e+00  2.00000e+00       3.208e+09  4.749999e-01  0.000000e+00 -2.345376e-01  5.250001e-01
 4.20000e+00  2.00000e+00       1.044e+09  3.815330e-01  0.000000e+00 -3.845787e-01  6.184670e-01
 4.90000e+00  2.00000e+00       2.837e+08  1.429685e-01  0.000000e+00 -4.799170e-01  8.570315e-01
 5.60000e+00  2.00000e+00       6.490e+07 -1.891177e-01  0.000000e+00 -4.115721e-01  8.108823e-01
 6.30000e+00  2.00000e+00       1.179e+07 -4.611546e-01  0.000000e+00 -2.257876e-01  5.388454e-01
 7.00000e+00  2.00000e+00       1.224e+06 -5.829963e-01  0.000000e+00 -7.811179e-02  4.170037e-01
-7.00000e+00  2.40000e+00       1.252e+05 -3.136989e-01  0.000000e+00  5.185293e-01  6.863011e-01
-6.30000e+00  2.40000e+00       3.285e+06 -2.563248e-01  0.000000e+00  5.319655e-01  7.436752e-01
-5.60000e+00  2.40000e+00       3.295e+07 -1.363953e-01  0.000000e+00  5.457250e-01  8.636047e-01
-4.90000e+00  2.40000e+00       1.654e+08  7.691043e-02  0.000000e+00  5.345369e-01  9.230896e-01
-4.20000e+00  2.40000e+00       5.621e+08  3.050101e-01  0.000000e+00  4.646562e-01  6.949899e-01
-3.50000e+00  2.40000e+00       1.399e+09  4.361846e-01  0.000000e+00  3.598426e-01  5.638154e-01
-2.80000e+00  2.40000e+00       2.680e+09  4.847443e-01  0.000000e+00  2.511090e-01  5.152557e-01
-2.10000e+00  2.40000e+00       4.969e+09  5.820175e-01  0.000000e+00  1.375832e-01  4.179825e-01
-1.40000e+00  2.40000e+00       9.695e+09  7.171188e-01  0.000000e+00  6.295258e-02  2.828812e-01
-7.00000e-01  2.40000e+00       1.664e+10  7.536912e-01  0.000000e+00  2.857419e-02  2.463088e-01
 0.00000e+00  2.40000e+00       2.087e+10  7.454165e-01  0.000000e+00  7.405847e-16  2.545835e-01
 7.00000e-01  2.40000e+00       1.664e+10  7.536912e-01  0.000000e+00 -2.857419e-02  2.463088e-01
 1.40000e+00  2.40000e+00       9.695e+09  7.171188e-01  0.000000e+00 -6.295258e-02  2.828812e-01
 2.10000e+00  2.40000e+00       4.969e+09  5.820175e-01  0.000000e+00 -1.375832e-01  4.179825e-01
 2.80000e+00  2.40000e+00       2.680e+09  4.847443e-01  0.000000e+00 -2.511090e-01  5.152557e-01
 3.50000e+00  2.40000e+00       1.399e+09  4.361846e-01  0.000000e+00 -3.598426e-01  5.638154e-01
 4.20000e+00  2.40000e+00       5.621e+08  3.050101e-01  0.000000e+00 -4.646562e-01  6.949899e-01
 4.90000e+00  2.40000e+00       1.654e+08  7.691043e-02  0.000000e+00 -5.345369e-01  9.230896e-01
 5.60000e+00  2.40000e+00       3.295e+07 -1.363953e-01  0.000000e+00 -5.457250e-01  8.636047e-01
 6.30000e+00  2.40000e+00       3.285e+06 -2.563248e-01  0.000000e+00 -5.319655e-01  7.436752e-01
 7.00000e+00  2.40000e+00       1.252e+05 -3.136989e-01  0.000000e+00 -5.185293e-01  6.863011e-01
-7.00000e+00  2.80000e+00       1.418e+04  3.497202e-02  0.000000e+00  6.193649e-01  9.650280e-01
-6.30000e+00  2.80000e+00       1.078e+06  4.349913e-02  0.000000e+00  6.081731e-01  9.565009e-01
-5.60000e+00  2.80000e+00       2.649e+07  7.387547e-02  0.000000e+00  5.980439e-01  9.261245e-01
-4.90000e+00  2.80000e+00       2.325e+08  1.336847e-01  0.000000e+00  5.745960e-01  8.663153e-01
-4.20000e+00  2.80000e+00       8.727e+08  2.361351e-01  0.000000e+00  5.207234e-01  7.638649e-01
-3.50000e+00  2.80000e+00       1.824e+09  3.531514e-01  0.000000e+00  4.308650e-01  6.468486e-01
-2.80000e+00  2.80000e+00       2.580e+09  4.269460e-01  0.000000e+00  3.333985e-01  5.730540e-01
-2.10000e+00  2.80000e+00       3.062e+09  5.563724e-01  0.000000e+00  2.022155e-01  4.436276e-01
-1.40000e+00  2.80000e+00       5.766e+09  7.410548e-01  0.000000e+00  6.217264e-02  2.589452e-01
-7.00000e-01  2.80000e+00       1.141e+10  7.500486e-01  0.000000e+00  2.322782e-02  2.499514e-01
 0.00000e+00  2.80000e+00       1.462e+10  7.358378e-01  0.000000e+00  6.952532e-16  2.641622e-01
 7.00000e-01  2.80000e+00       1.141e+10  7.500486e-01  0.000000e+00 -2.322782e-02  2.499514e-01
 1.40000e+00  2.80000e+00       5.766e+09  7.410548e-01  0.000000e+00 -6.217264e-02  2.589452e-01
 2.10000e+00  2.80000e+00       3.062e+09  5.563724e-01  0.000000e+00 -2.022155e-01  4.436276e-01
 2.80000e+00  2.80000e+00       2.580e+09  4.269460e-01  0.000000e+00 -3.333985e-01  5.730540e-01
 3.50000e+00  2.80000e+00       1.824e+09  3.531514e-01  0.000000e+00 -4.308650e-01  6.468486e-01
 4.20000e+00  2.80000e+00       8.727e+08  2.361351e-01  0.000000e+00 -5.207234e-01  7.638649e-01
 4.90000e+00  2.80000e+00       2.325e+08  1.336847e-01  0.000000e+00 -5.745960e-01  8.663153e-01
 5.60000e+00  2.80000e+00       2.649e+07  7.387547e-02  0.000000e+00 -5.980439e-01  9.261245e-01
 6.30000e+00  2.80000e+00       1.078e+06  4.349913e-02  0.000000e+00 -6.081731e-01  9.565009e-01
 7.00000e+00  2.80000e+00       1.418e+04  3.497202e-02  0.000000e+00 -6.193649e-01  9.650280e-01
-7.00000e+00  3.20000e+00       8.634e+01 -1.699361e-01  0.000000e+00 -2.115937e-01  8.300639e-01
-6.30000e+00  3.20000e+00       3.877e+03  7.523357e-01  0.000000e+00 -3.745000e-02  2.476643e-01
-5.60000e+00  3.20000e+00       1.054e+05  9.619569e-01  0.000000e+00  5.963549e-02  3.804310e-02
-4.90000e+00  3.20000e+00       2.385e+06  7.176435e-01  0.000000e+00  2.107699e-01  2.823565e-01
-4.20000e+00  3.20000e+00       3.435e+07  5.597758e-01  0.000000e+00  2.909068e-01  4.402242e-01
-3.50000e+00  3.20000e+00       2.122e+08  4.505839e-01  0.000000e+00  3.298312e-01  5.494161e-01
-2.80000e+00  3.20000e+00       6.208e+08  4.089358e-01  0.000000e+00  3.089315e-01  5.910642e-01
-2.10000e+00  3.20000e+00       1.483e+09  5.944654e-01  0.000000e+00  1.727016e-01  4.055346e-01
-1.40000e+00  3.20000e+00       3.617e+09  7.967306e-01  0.000000e+00  6.662565e-02  2.032694e-01
-7.00000e-01  3.20000e+00       6.684e+09  8.305073e-01  0.000000e+00  2.606930e-02  1.694927e-01
 0.00000e+00  3.20000e+00       8.407e+09  8.160017e-01  0.000000e+00  8.927501e-16  1.839983e-01
 7.00000e-01  3.20000e+00       6.684e+09  8.305073e-01  0.000000e+00 -2.606930e-02  1.694927e-01
 1.40000e+00  3.20000e+00       3.617e+09  7.967306e-01  0.000000e+00 -6.662565e-02  2.032694e-01
 2.10000e+00  3.20000e+00       1.483e+09  5.944654e-01  0.000000e+00 -1.727016e-01  4.055346e-01
 2.80000e+00  3.20000e+00       6.208e+08  4.089358e-01  0.000000e+00 -3.089315e-01  5.910642e-01
 3.50000e+00  3.20000e+00       2.122e+08  4.505839e-01  0.000000e+00 -3.298312e-01  5.494161e-01
 4.20000e+00  3.20000e+00       3.435e+07  5.597758e-01  0.000000e+00 -2.909068e-01  4.402242e-01
 4.90000e+00  3.20000e+00       2.385e+06  7.176435e-01  0.000000e+00 -2.107699e-01  2.823565e-01
 5.60000e+00  3.20000e+00       1.054e+05  9.619569e-01  0.000000e+00 -5.963549e-02  3.804310e-02
 6.30000e+00  3.20000e+00       3.877e+03  7.523357e-01  0.000000e+00  3.745000e-02  2.476643e-01
 7.00000e+00  3.20000e+00       8.634e+01 -1.699361e-01  0.000000e+00  2.115937e-01  8.300639e-01
-7.00000e+00  3.60000e+00       5.912e+01  1.624985e-01  0.000000e+00 -2.097703e-01  8.375015e-01
-6.30000e+00  3.60000e+00       3.091e+03  8.766893e-01  0.000000e+00  1.359655e-03  1.233107e-01
-5.60000e+00  3.60000e+00       7.676e+04  9.992292e-01  0.000000e+00  2.404312e-02  7.708088e-04
-4.90000e+00  3.60000e+00       1.007e+06  9.720455e-01  0.000000e+00  5.536550e-02  2.795446e-02
-4.20000e+00  3.60000e+00       6.980e+06  9.305126e-01  0.000000e+00  7.761385e-02  6.948738e-02
-3.50000e+00  3.60000e+00       1.200e+07  5.523806e-01  0.000000e+00  2.233843e-01  4.476194e-01
-2.80000e+00  3.60000e+00       2.818e+07 -3.977770e-01  0.000000e+00  5.222682e-01  6.022230e-01
-2.10000e+00  3.60000e+00       4.980e+08  7.674484e-01  0.000000e+00  1.049874e-01  2.325516e-01
-1.40000e+00  3.60000e+00       2.183e+09  9.079913e-01  0.000000e+00  4.327657e-02  9.200870e-02
-7.00000e-01  3.60000e+00       4.790e+09  8.773552e-01  0.000000e+00  1.928270e-02  1.226448e-01
 0.00000e+00  3.60000e+00       6.296e+09  8.429640e-01  0.000000e+00  9.276464e-16  1.570360e-01
 7.00000e-01  3.60000e+00       4.790e+09  8.773552e-01  0.000000e+00 -1.928270e-02  1.226448e-01
 1.40000e+00  3.60000e+00       2.183e+09  9.079913e-01  0.000000e+00 -4.327657e-02  9.200870e-02
 2.10000e+00  3.60000e+00       4.980e+08  7.674484e-01  0.000000e+00 -1.049874e-01  2.325516e-01
 2.80000e+00  3.60000e+00       2.818e+07 -3.977770e-01  0.000000e+00 -5.222682e-01  6.022230e-01
 3.50000e+00  3.60000e+00       1.200e+07  5.523806e-01  0.000000e+00 -2.233843e-01  4.476194e-01
 4.20000e+00  3.60000e+00       6.980e+06  9.305126e-01  0.000000e+00 -7.761385e-02  6.948738e-02
 4.90000e+00  3.60000e+00       1.007e+06  9.720455e-01  0.000000e+00 -5.536550e-02  2.795446e-02
 5.60000e+00  3.60000e+00       7.676e+04  9.992292e-01  0.000000e+00 -2.404312e-02  7.708088e-04
 6.30000e+00  3.60000e+00       3.091e+03  8.766893e-01  0.000000e+00 -1.359655e-03  1.233107e-01
 7.00000e+00  3.60000e+00       5.912e+01  1.624984e-01  0.000000e+00  2.097703e-01  8.375016e-01
-7.00000e+00  4.00000e+00       5.595e+01  1.414435e-02  0.000000e+00  1.327782e-02  9.858556e-01
-6.30000e+00  4.00000e+00       2.632e+03  9.078095e-01  0.000000e+00  1.202389e-02  9.219048e-02
-5.60000e+00  4.00000e+00       6.604e+04  9.864409e-01  0.000000e+00  2.356216e-02  1.355914e-02
-4.90000e+00  4.00000e+00       8.418e+05  9.694275e-01  0.000000e+00  4.594136e-02  3.057252e-02
-4.20000e+00  4.00000e+00       5.612e+06  9.374139e-01  0.000000e+00  6.213899e-02  6.258606e-02
-3.50000e+00  4.00000e+00       5.922e+06  5.215190e-01  0.000000e+00  2.229899e-01  4.784810e-01
-2.80000e+00  4.00000e+00       3.181e+07  6.216038e-01  0.000000e+00  1.277451e-01  3.783962e-01
-2.10000e+00  4.00000e+00       2.284e+08  9.912643e-01  0.000000e+00  4.601915e-02  8.735707e-03
-1.40000e+00  4.00000e+00       1.499e+09  9.807768e-01  0.000000e+00  1.685546e-02  1.922323e-02
-7.00000e-01  4.00000e+00       3.681e+09  9.186124e-01  0.000000e+00  1.042475e-02  8.138756e-02
 0.00000e+00  4.00000e+00       5.035e+09  8.643208e-01  0.000000e+00  8.789416e-16  1.356792e-01
 7.00000e-01  4.00000e+00       3.681e+09  9.186124e-01  0.000000e+00 -1.042475e-02  8.138756e-02
 1.40000e+00  4.00000e+00       1.499e+09  9.807768e-01  0.000000e+00 -1.685546e-02  1.922323e-02
 2.10000e+00  4.00000e+00       2.284e+08  9.912643e-01  0.000000e+00 -4.601915e-02  8.735707e-03
 2.80000e+00  4.00000e+00       3.181e+07  6.216038e-01  0.000000e+00 -1.277451e-01  3.783962e-01
 3.50000e+00  4.00000e+00       5.922e+06  5.215190e-01  0.000000e+00 -2.229899e-01  4.784810e-01
 4.20000e+00  4.00000e+00       5.612e+06  9.374139e-01  0.000000e+00 -6.213899e-02  6.258606e-02
 4.90000e+00  4.00000e+00       8.418e+05  9.694275e-01  0.000000e+00 -4.594136e-02  3.057252e-02
 5.60000e+00  4.00000e+00       6.604e+04  9.864409e-01  0.000000e+00 -2.356216e-02  1.355914e-02
 6.30000e+00  4.00000e+00       2.632e+03  9.078095e-01  0.000000e+00 -1.202389e-02  9.219048e-02
 7.00000e+00  4.00000e+00       5.595e+01  1.414524e-02  0.000000e+00 -1.327662e-02  9.858548e-01
