 EB(GeV)    EMITTANCEx EMITTANCEy SIZEx(m)   SIZEy(m)   DIVx(rad)  DIVy(rad)
 2.411e+00  5.499e-09  1.017e-12  8.711e-05  1.009e-06  6.313e-05  1.009e-06
 betax      alphax     betay      alphay     eta        deta       E_spread  
 1.380e+00  0.000e+00  1.000e+00  0.000e+00  0.000e+00  0.000e+00  8.600e-04
 Ibeam(A)   period(cm) #periods   Kx         Ky         Energy(eV)
 4.005e-01  1.900e+00         96  0.000e+00  1.780e+00  4.798e+04


           x            y       F.Density            PL            PC          PL45        1-|PL|
          mm           mm  ph/s/mr^2/0.1%             -             -             -             -
-7.00000e+00 -4.00000e+00       1.274e+00 -9.176821e-01  0.000000e+00  5.000365e-01  8.231791e-02
-6.30000e+00 -4.00000e+00       9.914e+00 -9.104610e-01  0.000000e+00  4.387106e-01  8.953902e-02
-5.60000e+00 -4.00000e+00       3.216e+01 -8.104907e-01  0.000000e+00  3.331702e-01  1.895093e-01
-4.90000e+00 -4.00000e+00       4.950e+02  8.165061e-01  0.000000e+00  7.354411e-03  1.834939e-01
-4.20000e+00 -4.00000e+00       6.086e+03  9.528950e-01  0.000000e+00 -4.223714e-03  4.710500e-02
-3.50000e+00 -4.00000e+00       3.062e+04  9.026772e-01  0.000000e+00  1.102883e-02  9.732276e-02
-2.80000e+00 -4.00000e+00       3.336e+05  6.552166e-01  0.000000e+00 -3.401534e-02  3.447834e-01
-2.10000e+00 -4.00000e+00       5.689e+06  5.375573e-01  0.000000e+00 -5.929661e-02  4.624427e-01
-1.40000e+00 -4.00000e+00       4.633e+07  5.158054e-01  0.000000e+00 -5.196988e-02  4.841946e-01
-7.00000e-01 -4.00000e+00       1.523e+08  5.165878e-01  0.000000e+00 -3.088769e-02  4.834122e-01
 0.00000e+00 -4.00000e+00       2.216e+08  5.193239e-01  0.000000e+00 -2.444292e-16  4.806761e-01
 7.00000e-01 -4.00000e+00       1.523e+08  5.165878e-01  0.000000e+00  3.088769e-02  4.834122e-01
 1.40000e+00 -4.00000e+00       4.633e+07  5.158054e-01  0.000000e+00  5.196988e-02  4.841946e-01
 2.10000e+00 -4.00000e+00       5.689e+06  5.375573e-01  0.000000e+00  5.929661e-02  4.624427e-01
 2.80000e+00 -4.00000e+00       3.336e+05  6.552166e-01  0.000000e+00  3.401534e-02  3.447834e-01
 3.50000e+00 -4.00000e+00       3.062e+04  9.026772e-01  0.000000e+00 -1.102883e-02  9.732276e-02
 4.20000e+00 -4.00000e+00       6.086e+03  9.528950e-01  0.000000e+00  4.223714e-03  4.710500e-02
 4.90000e+00 -4.00000e+00       4.950e+02  8.165061e-01  0.000000e+00 -7.354411e-03  1.834939e-01
 5.60000e+00 -4.00000e+00       3.216e+01 -8.104907e-01  0.000000e+00 -3.331702e-01  1.895093e-01
 6.30000e+00 -4.00000e+00       9.914e+00 -9.104610e-01  0.000000e+00 -4.387106e-01  8.953902e-02
 7.00000e+00 -4.00000e+00       1.274e+00 -9.176820e-01  0.000000e+00 -5.000365e-01  8.231803e-02
-7.00000e+00 -3.60000e+00       7.308e+00 -6.733849e-01  0.000000e+00  7.302195e-01  3.266151e-01
-6.30000e+00 -3.60000e+00       1.920e+01 -8.297234e-01  0.000000e+00  6.849237e-01  1.702766e-01
-5.60000e+00 -3.60000e+00       3.143e+01 -7.033401e-01  0.000000e+00  4.386252e-01  2.966599e-01
-4.90000e+00 -3.60000e+00       5.585e+02  8.718406e-01  0.000000e+00 -3.572356e-04  1.281594e-01
-4.20000e+00 -3.60000e+00       6.999e+03  9.599759e-01  0.000000e+00 -2.817399e-03  4.002412e-02
-3.50000e+00 -3.60000e+00       3.249e+04  9.375628e-01  0.000000e+00  2.982146e-02  6.243723e-02
-2.80000e+00 -3.60000e+00       2.486e+05  7.336888e-01  0.000000e+00  1.130593e-02  2.663112e-01
-2.10000e+00 -3.60000e+00       4.339e+06  5.450493e-01  0.000000e+00 -2.931424e-02  4.549507e-01
-1.40000e+00 -3.60000e+00       4.610e+07  5.063126e-01  0.000000e+00 -2.774328e-02  4.936874e-01
-7.00000e-01 -3.60000e+00       1.914e+08  5.038107e-01  0.000000e+00 -1.578315e-02  4.961893e-01
 0.00000e+00 -3.60000e+00       3.055e+08  5.050036e-01  0.000000e+00 -4.578178e-16  4.949964e-01
 7.00000e-01 -3.60000e+00       1.914e+08  5.038107e-01  0.000000e+00  1.578315e-02  4.961893e-01
 1.40000e+00 -3.60000e+00       4.610e+07  5.063126e-01  0.000000e+00  2.774328e-02  4.936874e-01
 2.10000e+00 -3.60000e+00       4.339e+06  5.450493e-01  0.000000e+00  2.931424e-02  4.549507e-01
 2.80000e+00 -3.60000e+00       2.486e+05  7.336888e-01  0.000000e+00 -1.130593e-02  2.663112e-01
 3.50000e+00 -3.60000e+00       3.249e+04  9.375628e-01  0.000000e+00 -2.982146e-02  6.243723e-02
 4.20000e+00 -3.60000e+00       6.999e+03  9.599759e-01  0.000000e+00  2.817399e-03  4.002412e-02
 4.90000e+00 -3.60000e+00       5.585e+02  8.718406e-01  0.000000e+00  3.572356e-04  1.281594e-01
 5.60000e+00 -3.60000e+00       3.143e+01 -7.033401e-01  0.000000e+00 -4.386252e-01  2.966599e-01
 6.30000e+00 -3.60000e+00       1.920e+01 -8.297234e-01  0.000000e+00 -6.849237e-01  1.702766e-01
 7.00000e+00 -3.60000e+00       7.308e+00 -6.733849e-01  0.000000e+00 -7.302195e-01  3.266151e-01
-7.00000e+00 -3.20000e+00       9.037e+00 -4.192851e-01  0.000000e+00  8.767667e-01  5.807149e-01
-6.30000e+00 -3.20000e+00       1.410e+01 -7.228287e-01  0.000000e+00  7.993911e-01  2.771713e-01
-5.60000e+00 -3.20000e+00       2.023e+01 -5.308221e-01  0.000000e+00  3.262902e-01  4.691779e-01
-4.90000e+00 -3.20000e+00       6.616e+02  9.013008e-01  0.000000e+00 -2.026701e-02  9.869919e-02
-4.20000e+00 -3.20000e+00       8.364e+03  9.578048e-01  0.000000e+00 -3.641533e-03  4.219521e-02
-3.50000e+00 -3.20000e+00       3.781e+04  9.438187e-01  0.000000e+00  4.170675e-02  5.618127e-02
-2.80000e+00 -3.20000e+00       2.789e+05  7.451548e-01  0.000000e+00  2.906238e-02  2.548452e-01
-2.10000e+00 -3.20000e+00       5.202e+06  5.402340e-01  0.000000e+00 -1.779403e-02  4.597660e-01
-1.40000e+00 -3.20000e+00       6.228e+07  4.997697e-01  0.000000e+00 -1.796998e-02  5.002303e-01
-7.00000e-01 -3.20000e+00       2.832e+08  4.966876e-01  0.000000e+00 -9.933226e-03  5.033124e-01
 0.00000e+00 -3.20000e+00       4.677e+08  4.973199e-01  0.000000e+00  1.008968e-16  5.026801e-01
 7.00000e-01 -3.20000e+00       2.832e+08  4.966876e-01  0.000000e+00  9.933226e-03  5.033124e-01
 1.40000e+00 -3.20000e+00       6.228e+07  4.997697e-01  0.000000e+00  1.796998e-02  5.002303e-01
 2.10000e+00 -3.20000e+00       5.202e+06  5.402340e-01  0.000000e+00  1.779403e-02  4.597660e-01
 2.80000e+00 -3.20000e+00       2.789e+05  7.451548e-01  0.000000e+00 -2.906238e-02  2.548452e-01
 3.50000e+00 -3.20000e+00       3.781e+04  9.438187e-01  0.000000e+00 -4.170675e-02  5.618127e-02
 4.20000e+00 -3.20000e+00       8.364e+03  9.578048e-01  0.000000e+00  3.641533e-03  4.219521e-02
 4.90000e+00 -3.20000e+00       6.616e+02  9.013008e-01  0.000000e+00  2.026701e-02  9.869919e-02
 5.60000e+00 -3.20000e+00       2.023e+01 -5.308221e-01  0.000000e+00 -3.262902e-01  4.691779e-01
 6.30000e+00 -3.20000e+00       1.410e+01 -7.228287e-01  0.000000e+00 -7.993911e-01  2.771713e-01
 7.00000e+00 -3.20000e+00       9.037e+00 -4.192851e-01  0.000000e+00 -8.767667e-01  5.807149e-01
-7.00000e+00 -2.80000e+00       2.381e+01 -1.916082e-01  0.000000e+00  9.568562e-01  8.083918e-01
-6.30000e+00 -2.80000e+00       2.505e+01 -5.027344e-01  0.000000e+00  8.789822e-01  4.972656e-01
-5.60000e+00 -2.80000e+00       3.267e+01 -5.311172e-01  0.000000e+00  3.955650e-01  4.688828e-01
-4.90000e+00 -2.80000e+00       8.342e+02  8.936986e-01  0.000000e+00 -1.635379e-02  1.063014e-01
-4.20000e+00 -2.80000e+00       1.031e+04  9.626276e-01  0.000000e+00 -1.844664e-03  3.737238e-02
-3.50000e+00 -2.80000e+00       4.421e+04  9.618432e-01  0.000000e+00  6.223038e-02  3.815680e-02
-2.80000e+00 -2.80000e+00       2.469e+05  8.435943e-01  0.000000e+00  7.164132e-02  1.564057e-01
-2.10000e+00 -2.80000e+00       3.307e+06  5.936443e-01  0.000000e+00 -1.600979e-04  4.063557e-01
-1.40000e+00 -2.80000e+00       4.632e+07  5.133352e-01  0.000000e+00 -6.874527e-03  4.866648e-01
-7.00000e-01 -2.80000e+00       2.551e+08  5.059707e-01  0.000000e+00 -3.252627e-03  4.940293e-01
 0.00000e+00 -2.80000e+00       4.533e+08  5.059694e-01  0.000000e+00  3.096243e-17  4.940306e-01
 7.00000e-01 -2.80000e+00       2.551e+08  5.059707e-01  0.000000e+00  3.252627e-03  4.940293e-01
 1.40000e+00 -2.80000e+00       4.632e+07  5.133352e-01  0.000000e+00  6.874527e-03  4.866648e-01
 2.10000e+00 -2.80000e+00       3.307e+06  5.936443e-01  0.000000e+00  1.600979e-04  4.063557e-01
 2.80000e+00 -2.80000e+00       2.469e+05  8.435943e-01  0.000000e+00 -7.164132e-02  1.564057e-01
 3.50000e+00 -2.80000e+00       4.421e+04  9.618432e-01  0.000000e+00 -6.223038e-02  3.815680e-02
 4.20000e+00 -2.80000e+00       1.031e+04  9.626276e-01  0.000000e+00  1.844664e-03  3.737238e-02
 4.90000e+00 -2.80000e+00       8.342e+02  8.936986e-01  0.000000e+00  1.635380e-02  1.063014e-01
 5.60000e+00 -2.80000e+00       3.267e+01 -5.311172e-01  0.000000e+00 -3.955650e-01  4.688828e-01
 6.30000e+00 -2.80000e+00       2.505e+01 -5.027344e-01  0.000000e+00 -8.789822e-01  4.972656e-01
 7.00000e+00 -2.80000e+00       2.381e+01 -1.916082e-01  0.000000e+00 -9.568562e-01  8.083918e-01
-7.00000e+00 -2.40000e+00       2.825e+01 -7.634668e-02  0.000000e+00  9.591232e-01  9.236533e-01
-6.30000e+00 -2.40000e+00       3.968e+01 -4.062463e-01  0.000000e+00  9.209727e-01  5.937537e-01
-5.60000e+00 -2.40000e+00       5.280e+01 -4.289994e-01  0.000000e+00  5.087915e-01  5.710006e-01
-4.90000e+00 -2.40000e+00       1.103e+03  8.879107e-01  0.000000e+00 -2.176871e-02  1.120893e-01
-4.20000e+00 -2.40000e+00       1.298e+04  9.741040e-01  0.000000e+00  6.375676e-03  2.589597e-02
-3.50000e+00 -2.40000e+00       6.417e+04  8.991508e-01  0.000000e+00  8.176444e-02  1.008492e-01
-2.80000e+00 -2.40000e+00       9.885e+05  6.242648e-01  0.000000e+00  8.923448e-04  3.757352e-01
-2.10000e+00 -2.40000e+00       1.444e+07  5.472775e-01  0.000000e+00 -3.330952e-02  4.527225e-01
-1.40000e+00 -2.40000e+00       9.477e+07  5.299145e-01  0.000000e+00 -2.986115e-02  4.700855e-01
-7.00000e-01 -2.40000e+00       2.862e+08  5.306059e-01  0.000000e+00 -1.588914e-02  4.693941e-01
 0.00000e+00 -2.40000e+00       4.157e+08  5.332638e-01  0.000000e+00  1.793931e-16  4.667362e-01
 7.00000e-01 -2.40000e+00       2.862e+08  5.306059e-01  0.000000e+00  1.588914e-02  4.693941e-01
 1.40000e+00 -2.40000e+00       9.477e+07  5.299145e-01  0.000000e+00  2.986115e-02  4.700855e-01
 2.10000e+00 -2.40000e+00       1.444e+07  5.472775e-01  0.000000e+00  3.330952e-02  4.527225e-01
 2.80000e+00 -2.40000e+00       9.885e+05  6.242648e-01  0.000000e+00 -8.923448e-04  3.757352e-01
 3.50000e+00 -2.40000e+00       6.417e+04  8.991508e-01  0.000000e+00 -8.176444e-02  1.008492e-01
 4.20000e+00 -2.40000e+00       1.298e+04  9.741040e-01  0.000000e+00 -6.375676e-03  2.589597e-02
 4.90000e+00 -2.40000e+00       1.103e+03  8.879107e-01  0.000000e+00  2.176871e-02  1.120893e-01
 5.60000e+00 -2.40000e+00       5.280e+01 -4.289994e-01  0.000000e+00 -5.087915e-01  5.710006e-01
 6.30000e+00 -2.40000e+00       3.968e+01 -4.062463e-01  0.000000e+00 -9.209727e-01  5.937537e-01
 7.00000e+00 -2.40000e+00       2.825e+01 -7.634668e-02  0.000000e+00 -9.591232e-01  9.236533e-01
-7.00000e+00 -2.00000e+00       2.782e+01  1.277323e-01  0.000000e+00  9.432345e-01  8.722677e-01
-6.30000e+00 -2.00000e+00       3.800e+01 -3.497145e-01  0.000000e+00  8.678322e-01  6.502855e-01
-5.60000e+00 -2.00000e+00       3.676e+02  3.710126e-01  0.000000e+00 -7.284547e-02  6.289874e-01
-4.90000e+00 -2.00000e+00       4.334e+04  5.953854e-01  0.000000e+00 -1.807432e-01  4.046146e-01
-4.20000e+00 -2.00000e+00       1.889e+06  5.886162e-01  0.000000e+00 -1.789666e-01  4.113838e-01
-3.50000e+00 -2.00000e+00       2.787e+07  5.854482e-01  0.000000e+00 -1.677894e-01  4.145518e-01
-2.80000e+00 -2.00000e+00       1.583e+08  5.830570e-01  0.000000e+00 -1.411559e-01  4.169430e-01
-2.10000e+00 -2.00000e+00       4.704e+08  5.773248e-01  0.000000e+00 -9.538009e-02  4.226752e-01
-1.40000e+00 -2.00000e+00       1.035e+09  5.688212e-01  0.000000e+00 -5.004207e-02  4.311788e-01
-7.00000e-01 -2.00000e+00       1.877e+09  5.634506e-01  0.000000e+00 -1.939087e-02  4.365494e-01
 0.00000e+00 -2.00000e+00       2.409e+09  5.623887e-01  0.000000e+00 -3.580720e-16  4.376113e-01
 7.00000e-01 -2.00000e+00       1.877e+09  5.634506e-01  0.000000e+00  1.939087e-02  4.365494e-01
 1.40000e+00 -2.00000e+00       1.035e+09  5.688212e-01  0.000000e+00  5.004207e-02  4.311788e-01
 2.10000e+00 -2.00000e+00       4.704e+08  5.773248e-01  0.000000e+00  9.538009e-02  4.226752e-01
 2.80000e+00 -2.00000e+00       1.583e+08  5.830570e-01  0.000000e+00  1.411559e-01  4.169430e-01
 3.50000e+00 -2.00000e+00       2.787e+07  5.854482e-01  0.000000e+00  1.677894e-01  4.145518e-01
 4.20000e+00 -2.00000e+00       1.889e+06  5.886162e-01  0.000000e+00  1.789666e-01  4.113838e-01
 4.90000e+00 -2.00000e+00       4.334e+04  5.953854e-01  0.000000e+00  1.807432e-01  4.046146e-01
 5.60000e+00 -2.00000e+00       3.676e+02  3.710126e-01  0.000000e+00  7.284547e-02  6.289874e-01
 6.30000e+00 -2.00000e+00       3.800e+01 -3.497145e-01  0.000000e+00 -8.678322e-01  6.502855e-01
 7.00000e+00 -2.00000e+00       2.782e+01  1.277323e-01  0.000000e+00 -9.432345e-01  8.722677e-01
-7.00000e+00 -1.60000e+00       3.233e+01  2.872649e-01  0.000000e+00  9.025157e-01  7.127351e-01
-6.30000e+00 -1.60000e+00       4.755e+01 -1.188348e-01  0.000000e+00  9.211622e-01  8.811652e-01
-5.60000e+00 -1.60000e+00       1.164e+03  6.122504e-01  0.000000e+00 -1.351030e-01  3.877496e-01
-4.90000e+00 -1.60000e+00       1.189e+05  6.606995e-01  0.000000e+00 -1.702525e-01  3.393005e-01
-4.20000e+00 -1.60000e+00       4.323e+06  6.567526e-01  0.000000e+00 -1.567845e-01  3.432474e-01
-3.50000e+00 -1.60000e+00       5.943e+07  6.543634e-01  0.000000e+00 -1.350156e-01  3.456366e-01
-2.80000e+00 -1.60000e+00       3.516e+08  6.511066e-01  0.000000e+00 -1.055532e-01  3.488934e-01
-2.10000e+00 -1.60000e+00       1.063e+09  6.449797e-01  0.000000e+00 -7.303823e-02  3.550203e-01
-1.40000e+00 -1.60000e+00       1.961e+09  6.367749e-01  0.000000e+00 -4.424746e-02  3.632251e-01
-7.00000e-01 -1.60000e+00       2.537e+09  6.309220e-01  0.000000e+00 -2.170671e-02  3.690780e-01
 0.00000e+00 -1.60000e+00       2.651e+09  6.297491e-01  0.000000e+00  1.336072e-15  3.702509e-01
 7.00000e-01 -1.60000e+00       2.537e+09  6.309220e-01  0.000000e+00  2.170671e-02  3.690780e-01
 1.40000e+00 -1.60000e+00       1.961e+09  6.367749e-01  0.000000e+00  4.424746e-02  3.632251e-01
 2.10000e+00 -1.60000e+00       1.063e+09  6.449797e-01  0.000000e+00  7.303823e-02  3.550203e-01
 2.80000e+00 -1.60000e+00       3.516e+08  6.511066e-01  0.000000e+00  1.055532e-01  3.488934e-01
 3.50000e+00 -1.60000e+00       5.943e+07  6.543634e-01  0.000000e+00  1.350156e-01  3.456366e-01
 4.20000e+00 -1.60000e+00       4.323e+06  6.567526e-01  0.000000e+00  1.567845e-01  3.432474e-01
 4.90000e+00 -1.60000e+00       1.189e+05  6.606995e-01  0.000000e+00  1.702525e-01  3.393005e-01
 5.60000e+00 -1.60000e+00       1.164e+03  6.122504e-01  0.000000e+00  1.351030e-01  3.877496e-01
 6.30000e+00 -1.60000e+00       4.755e+01 -1.188348e-01  0.000000e+00 -9.211622e-01  8.811652e-01
 7.00000e+00 -1.60000e+00       3.233e+01  2.872649e-01  0.000000e+00 -9.025157e-01  7.127351e-01
-7.00000e+00 -1.20000e+00       3.978e+01  5.000957e-01  0.000000e+00  8.256630e-01  4.999043e-01
-6.30000e+00 -1.20000e+00       7.586e+01  3.674380e-01  0.000000e+00  6.268813e-01  6.325620e-01
-5.60000e+00 -1.20000e+00       4.158e+03  6.751436e-01  0.000000e+00 -3.833384e-02  3.248564e-01
-4.90000e+00 -1.20000e+00       3.001e+05  7.077948e-01  0.000000e+00 -6.784382e-02  2.922052e-01
-4.20000e+00 -1.20000e+00       9.918e+06  7.205406e-01  0.000000e+00 -7.928896e-02  2.794594e-01
-3.50000e+00 -1.20000e+00       1.388e+08  7.232848e-01  0.000000e+00 -7.469468e-02  2.767152e-01
-2.80000e+00 -1.20000e+00       8.521e+08  7.154522e-01  0.000000e+00 -5.680924e-02  2.845478e-01
-2.10000e+00 -1.20000e+00       2.626e+09  6.906436e-01  0.000000e+00 -2.929106e-02  3.093564e-01
-1.40000e+00 -1.20000e+00       5.183e+09  6.517421e-01  0.000000e+00 -2.451572e-03  3.482579e-01
-7.00000e-01 -1.20000e+00       8.281e+09  6.334989e-01  0.000000e+00  4.460549e-03  3.665011e-01
 0.00000e+00 -1.20000e+00       1.010e+10  6.345412e-01  0.000000e+00 -1.457457e-14  3.654588e-01
 7.00000e-01 -1.20000e+00       8.281e+09  6.334989e-01  0.000000e+00 -4.460549e-03  3.665011e-01
 1.40000e+00 -1.20000e+00       5.183e+09  6.517421e-01  0.000000e+00  2.451572e-03  3.482579e-01
 2.10000e+00 -1.20000e+00       2.626e+09  6.906436e-01  0.000000e+00  2.929106e-02  3.093564e-01
 2.80000e+00 -1.20000e+00       8.521e+08  7.154522e-01  0.000000e+00  5.680924e-02  2.845478e-01
 3.50000e+00 -1.20000e+00       1.388e+08  7.232848e-01  0.000000e+00  7.469468e-02  2.767152e-01
 4.20000e+00 -1.20000e+00       9.918e+06  7.205406e-01  0.000000e+00  7.928896e-02  2.794594e-01
 4.90000e+00 -1.20000e+00       3.001e+05  7.077948e-01  0.000000e+00  6.784382e-02  2.922052e-01
 5.60000e+00 -1.20000e+00       4.158e+03  6.751436e-01  0.000000e+00  3.833384e-02  3.248564e-01
 6.30000e+00 -1.20000e+00       7.586e+01  3.674380e-01  0.000000e+00 -6.268813e-01  6.325620e-01
 7.00000e+00 -1.20000e+00       3.978e+01  5.000957e-01  0.000000e+00 -8.256630e-01  4.999043e-01
-7.00000e+00 -8.00000e-01       3.858e+01  6.755197e-01  0.000000e+00  6.457517e-01  3.244803e-01
-6.30000e+00 -8.00000e-01       9.395e+02  4.699218e-01  0.000000e+00  3.705428e-01  5.300782e-01
-5.60000e+00 -8.00000e-01       9.534e+04  6.717943e-01  0.000000e+00  1.903836e-01  3.282057e-01
-4.90000e+00 -8.00000e-01       5.596e+06  8.491245e-01  0.000000e+00  4.211707e-02  1.508755e-01
-4.20000e+00 -8.00000e-01       1.500e+08  8.951420e-01  0.000000e+00 -5.017843e-02  1.048580e-01
-3.50000e+00 -8.00000e-01       1.587e+09  8.796960e-01  0.000000e+00 -1.251734e-01  1.203040e-01
-2.80000e+00 -8.00000e-01       7.567e+09  8.741629e-01  0.000000e+00 -1.618597e-01  1.258371e-01
-2.10000e+00 -8.00000e-01       2.831e+10  9.181767e-01  0.000000e+00 -5.148093e-02  8.182333e-02
-1.40000e+00 -8.00000e-01       9.656e+10  9.479722e-01  0.000000e+00  6.509185e-02  5.202785e-02
-7.00000e-01 -8.00000e-01       2.131e+11  9.605649e-01  0.000000e+00  6.889267e-02  3.943511e-02
 0.00000e+00 -8.00000e-01       2.783e+11  9.661307e-01  0.000000e+00 -1.146451e-15  3.386926e-02
 7.00000e-01 -8.00000e-01       2.131e+11  9.605649e-01  0.000000e+00 -6.889267e-02  3.943511e-02
 1.40000e+00 -8.00000e-01       9.656e+10  9.479722e-01  0.000000e+00 -6.509185e-02  5.202785e-02
 2.10000e+00 -8.00000e-01       2.831e+10  9.181767e-01  0.000000e+00  5.148093e-02  8.182333e-02
 2.80000e+00 -8.00000e-01       7.567e+09  8.741629e-01  0.000000e+00  1.618597e-01  1.258371e-01
 3.50000e+00 -8.00000e-01       1.587e+09  8.796960e-01  0.000000e+00  1.251734e-01  1.203040e-01
 4.20000e+00 -8.00000e-01       1.500e+08  8.951420e-01  0.000000e+00  5.017843e-02  1.048580e-01
 4.90000e+00 -8.00000e-01       5.596e+06  8.491245e-01  0.000000e+00 -4.211707e-02  1.508755e-01
 5.60000e+00 -8.00000e-01       9.534e+04  6.717943e-01  0.000000e+00 -1.903836e-01  3.282057e-01
 6.30000e+00 -8.00000e-01       9.395e+02  4.699217e-01  0.000000e+00 -3.705428e-01  5.300783e-01
 7.00000e+00 -8.00000e-01       3.858e+01  6.755197e-01  0.000000e+00 -6.457516e-01  3.244803e-01
-7.00000e+00 -4.00000e-01       2.210e+02  9.360792e-01  0.000000e+00  7.271736e-02  6.392081e-02
-6.30000e+00 -4.00000e-01       2.797e+04  9.340863e-01  0.000000e+00  1.554071e-02  6.591367e-02
-5.60000e+00 -4.00000e-01       1.909e+06  9.355721e-01  0.000000e+00  2.273425e-02  6.442790e-02
-4.90000e+00 -4.00000e-01       6.152e+07  9.350542e-01  0.000000e+00  3.398721e-02  6.494578e-02
-4.20000e+00 -4.00000e-01       1.032e+09  9.349382e-01  0.000000e+00  2.759494e-02  6.506176e-02
-3.50000e+00 -4.00000e-01       9.443e+09  9.372183e-01  0.000000e+00  7.187500e-03  6.278168e-02
-2.80000e+00 -4.00000e-01       4.906e+10  9.385271e-01  0.000000e+00 -1.537450e-02  6.147291e-02
-2.10000e+00 -4.00000e-01       1.590e+11  9.382096e-01  0.000000e+00 -4.319690e-02  6.179038e-02
-1.40000e+00 -4.00000e-01       3.408e+11  9.418371e-01  0.000000e+00 -7.193668e-02  5.816292e-02
-7.00000e-01 -4.00000e-01       4.690e+11  9.521295e-01  0.000000e+00 -6.448385e-02  4.787046e-02
 0.00000e+00 -4.00000e-01       4.738e+11  9.592669e-01  0.000000e+00 -7.327052e-17  4.073309e-02
 7.00000e-01 -4.00000e-01       4.690e+11  9.521295e-01  0.000000e+00  6.448385e-02  4.787046e-02
 1.40000e+00 -4.00000e-01       3.408e+11  9.418371e-01  0.000000e+00  7.193668e-02  5.816292e-02
 2.10000e+00 -4.00000e-01       1.590e+11  9.382096e-01  0.000000e+00  4.319690e-02  6.179038e-02
 2.80000e+00 -4.00000e-01       4.906e+10  9.385271e-01  0.000000e+00  1.537450e-02  6.147291e-02
 3.50000e+00 -4.00000e-01       9.443e+09  9.372183e-01  0.000000e+00 -7.187500e-03  6.278168e-02
 4.20000e+00 -4.00000e-01       1.032e+09  9.349382e-01  0.000000e+00 -2.759494e-02  6.506176e-02
 4.90000e+00 -4.00000e-01       6.152e+07  9.350542e-01  0.000000e+00 -3.398721e-02  6.494578e-02
 5.60000e+00 -4.00000e-01       1.909e+06  9.355721e-01  0.000000e+00 -2.273425e-02  6.442790e-02
 6.30000e+00 -4.00000e-01       2.797e+04  9.340863e-01  0.000000e+00 -1.554071e-02  6.591367e-02
 7.00000e+00 -4.00000e-01       2.210e+02  9.360792e-01  0.000000e+00 -7.271736e-02  6.392082e-02
-7.00000e+00  0.00000e+00       4.689e+03  9.999957e-01  0.000000e+00 -1.435695e-12  4.275883e-06
-6.30000e+00  0.00000e+00       1.917e+05  9.999843e-01  0.000000e+00 -2.033577e-14  1.566076e-05
-5.60000e+00  0.00000e+00       5.448e+06  9.999635e-01  0.000000e+00  9.169788e-14  3.654888e-05
-4.90000e+00  0.00000e+00       1.378e+08  9.999555e-01  0.000000e+00  2.425497e-13  4.452542e-05
-4.20000e+00  0.00000e+00       2.193e+09  9.999546e-01  0.000000e+00 -2.207540e-12  4.538062e-05
-3.50000e+00  0.00000e+00       1.973e+10  9.999541e-01  0.000000e+00 -1.456479e-11  4.588442e-05
-2.80000e+00  0.00000e+00       1.012e+11  9.999547e-01  0.000000e+00 -3.166351e-11  4.533924e-05
-2.10000e+00  0.00000e+00       3.259e+11  9.999596e-01  0.000000e+00 -2.448463e-11  4.040662e-05
-1.40000e+00  0.00000e+00       7.083e+11  9.999587e-01  0.000000e+00  2.090920e-12  4.127355e-05
-7.00000e-01  0.00000e+00       1.042e+12  9.999297e-01  0.000000e+00  1.106899e-11  7.033504e-05
 0.00000e+00  0.00000e+00       1.146e+12  9.999027e-01  0.000000e+00  4.063752e-19  9.734491e-05
 7.00000e-01  0.00000e+00       1.042e+12  9.999297e-01  0.000000e+00 -1.106899e-11  7.033504e-05
 1.40000e+00  0.00000e+00       7.083e+11  9.999587e-01  0.000000e+00 -2.090927e-12  4.127355e-05
 2.10000e+00  0.00000e+00       3.259e+11  9.999596e-01  0.000000e+00  2.448460e-11  4.040662e-05
 2.80000e+00  0.00000e+00       1.012e+11  9.999547e-01  0.000000e+00  3.166349e-11  4.533924e-05
 3.50000e+00  0.00000e+00       1.973e+10  9.999541e-01  0.000000e+00  1.456481e-11  4.588442e-05
 4.20000e+00  0.00000e+00       2.193e+09  9.999546e-01  0.000000e+00  2.207583e-12  4.538062e-05
 4.90000e+00  0.00000e+00       1.378e+08  9.999555e-01  0.000000e+00 -2.424828e-13  4.452542e-05
 5.60000e+00  0.00000e+00       5.448e+06  9.999635e-01  0.000000e+00 -9.181987e-14  3.654888e-05
 6.30000e+00  0.00000e+00       1.917e+05  9.999843e-01  0.000000e+00 -1.661316e-14  1.566076e-05
 7.00000e+00  0.00000e+00       4.689e+03  9.999957e-01  0.000000e+00  8.247912e-13  4.275884e-06
-7.00000e+00  4.00000e-01       2.210e+02  9.360792e-01  0.000000e+00 -7.271736e-02  6.392081e-02
-6.30000e+00  4.00000e-01       2.797e+04  9.340863e-01  0.000000e+00 -1.554071e-02  6.591367e-02
-5.60000e+00  4.00000e-01       1.909e+06  9.355721e-01  0.000000e+00 -2.273425e-02  6.442790e-02
-4.90000e+00  4.00000e-01       6.152e+07  9.350542e-01  0.000000e+00 -3.398721e-02  6.494578e-02
-4.20000e+00  4.00000e-01       1.032e+09  9.349382e-01  0.000000e+00 -2.759494e-02  6.506176e-02
-3.50000e+00  4.00000e-01       9.443e+09  9.372183e-01  0.000000e+00 -7.187501e-03  6.278168e-02
-2.80000e+00  4.00000e-01       4.906e+10  9.385271e-01  0.000000e+00  1.537450e-02  6.147291e-02
-2.10000e+00  4.00000e-01       1.590e+11  9.382096e-01  0.000000e+00  4.319690e-02  6.179038e-02
-1.40000e+00  4.00000e-01       3.408e+11  9.418371e-01  0.000000e+00  7.193668e-02  5.816292e-02
-7.00000e-01  4.00000e-01       4.690e+11  9.521295e-01  0.000000e+00  6.448385e-02  4.787046e-02
 0.00000e+00  4.00000e-01       4.738e+11  9.592669e-01  0.000000e+00  6.449826e-17  4.073309e-02
 7.00000e-01  4.00000e-01       4.690e+11  9.521295e-01  0.000000e+00 -6.448385e-02  4.787046e-02
 1.40000e+00  4.00000e-01       3.408e+11  9.418371e-01  0.000000e+00 -7.193668e-02  5.816292e-02
 2.10000e+00  4.00000e-01       1.590e+11  9.382096e-01  0.000000e+00 -4.319690e-02  6.179038e-02
 2.80000e+00  4.00000e-01       4.906e+10  9.385271e-01  0.000000e+00 -1.537450e-02  6.147291e-02
 3.50000e+00  4.00000e-01       9.443e+09  9.372183e-01  0.000000e+00  7.187501e-03  6.278168e-02
 4.20000e+00  4.00000e-01       1.032e+09  9.349382e-01  0.000000e+00  2.759494e-02  6.506176e-02
 4.90000e+00  4.00000e-01       6.152e+07  9.350542e-01  0.000000e+00  3.398721e-02  6.494578e-02
 5.60000e+00  4.00000e-01       1.909e+06  9.355721e-01  0.000000e+00  2.273425e-02  6.442790e-02
 6.30000e+00  4.00000e-01       2.797e+04  9.340863e-01  0.000000e+00  1.554071e-02  6.591367e-02
 7.00000e+00  4.00000e-01       2.210e+02  9.360792e-01  0.000000e+00  7.271736e-02  6.392082e-02
-7.00000e+00  8.00000e-01       3.858e+01  6.755199e-01  0.000000e+00 -6.457513e-01  3.244801e-01
-6.30000e+00  8.00000e-01       9.395e+02  4.699218e-01  0.000000e+00 -3.705428e-01  5.300782e-01
-5.60000e+00  8.00000e-01       9.534e+04  6.717943e-01  0.000000e+00 -1.903836e-01  3.282057e-01
-4.90000e+00  8.00000e-01       5.596e+06  8.491245e-01  0.000000e+00 -4.211707e-02  1.508755e-01
-4.20000e+00  8.00000e-01       1.500e+08  8.951420e-01  0.000000e+00  5.017843e-02  1.048580e-01
-3.50000e+00  8.00000e-01       1.587e+09  8.796960e-01  0.000000e+00  1.251734e-01  1.203040e-01
-2.80000e+00  8.00000e-01       7.567e+09  8.741629e-01  0.000000e+00  1.618597e-01  1.258371e-01
-2.10000e+00  8.00000e-01       2.831e+10  9.181767e-01  0.000000e+00  5.148092e-02  8.182333e-02
-1.40000e+00  8.00000e-01       9.656e+10  9.479722e-01  0.000000e+00 -6.509185e-02  5.202785e-02
-7.00000e-01  8.00000e-01       2.131e+11  9.605649e-01  0.000000e+00 -6.889267e-02  3.943511e-02
 0.00000e+00  8.00000e-01       2.783e+11  9.661307e-01  0.000000e+00  1.121351e-14  3.386926e-02
 7.00000e-01  8.00000e-01       2.131e+11  9.605649e-01  0.000000e+00  6.889267e-02  3.943511e-02
 1.40000e+00  8.00000e-01       9.656e+10  9.479722e-01  0.000000e+00  6.509185e-02  5.202785e-02
 2.10000e+00  8.00000e-01       2.831e+10  9.181767e-01  0.000000e+00 -5.148092e-02  8.182333e-02
 2.80000e+00  8.00000e-01       7.567e+09  8.741629e-01  0.000000e+00 -1.618597e-01  1.258371e-01
 3.50000e+00  8.00000e-01       1.587e+09  8.796960e-01  0.000000e+00 -1.251734e-01  1.203040e-01
 4.20000e+00  8.00000e-01       1.500e+08  8.951420e-01  0.000000e+00 -5.017843e-02  1.048580e-01
 4.90000e+00  8.00000e-01       5.596e+06  8.491245e-01  0.000000e+00  4.211707e-02  1.508755e-01
 5.60000e+00  8.00000e-01       9.534e+04  6.717943e-01  0.000000e+00  1.903836e-01  3.282057e-01
 6.30000e+00  8.00000e-01       9.395e+02  4.699218e-01  0.000000e+00  3.705428e-01  5.300782e-01
 7.00000e+00  8.00000e-01       3.858e+01  6.755200e-01  0.000000e+00  6.457512e-01  3.244800e-01
-7.00000e+00  1.20000e+00       3.978e+01  5.000957e-01  0.000000e+00 -8.256630e-01  4.999043e-01
-6.30000e+00  1.20000e+00       7.586e+01  3.674380e-01  0.000000e+00 -6.268813e-01  6.325620e-01
-5.60000e+00  1.20000e+00       4.158e+03  6.751436e-01  0.000000e+00  3.833384e-02  3.248564e-01
-4.90000e+00  1.20000e+00       3.001e+05  7.077948e-01  0.000000e+00  6.784382e-02  2.922052e-01
-4.20000e+00  1.20000e+00       9.918e+06  7.205406e-01  0.000000e+00  7.928896e-02  2.794594e-01
-3.50000e+00  1.20000e+00       1.388e+08  7.232848e-01  0.000000e+00  7.469467e-02  2.767152e-01
-2.80000e+00  1.20000e+00       8.521e+08  7.154522e-01  0.000000e+00  5.680923e-02  2.845478e-01
-2.10000e+00  1.20000e+00       2.626e+09  6.906436e-01  0.000000e+00  2.929105e-02  3.093564e-01
-1.40000e+00  1.20000e+00       5.183e+09  6.517421e-01  0.000000e+00  2.451574e-03  3.482579e-01
-7.00000e-01  1.20000e+00       8.281e+09  6.334989e-01  0.000000e+00 -4.460545e-03  3.665011e-01
 0.00000e+00  1.20000e+00       1.010e+10  6.345412e-01  0.000000e+00  2.343806e-14  3.654588e-01
 7.00000e-01  1.20000e+00       8.281e+09  6.334989e-01  0.000000e+00  4.460545e-03  3.665011e-01
 1.40000e+00  1.20000e+00       5.183e+09  6.517421e-01  0.000000e+00 -2.451574e-03  3.482579e-01
 2.10000e+00  1.20000e+00       2.626e+09  6.906436e-01  0.000000e+00 -2.929105e-02  3.093564e-01
 2.80000e+00  1.20000e+00       8.521e+08  7.154522e-01  0.000000e+00 -5.680923e-02  2.845478e-01
 3.50000e+00  1.20000e+00       1.388e+08  7.232848e-01  0.000000e+00 -7.469467e-02  2.767152e-01
 4.20000e+00  1.20000e+00       9.918e+06  7.205406e-01  0.000000e+00 -7.928896e-02  2.794594e-01
 4.90000e+00  1.20000e+00       3.001e+05  7.077948e-01  0.000000e+00 -6.784382e-02  2.922052e-01
 5.60000e+00  1.20000e+00       4.158e+03  6.751436e-01  0.000000e+00 -3.833384e-02  3.248564e-01
 6.30000e+00  1.20000e+00       7.586e+01  3.674380e-01  0.000000e+00  6.268813e-01  6.325620e-01
 7.00000e+00  1.20000e+00       3.978e+01  5.000957e-01  0.000000e+00  8.256630e-01  4.999043e-01
-7.00000e+00  1.60000e+00       3.233e+01  2.872649e-01  0.000000e+00 -9.025157e-01  7.127351e-01
-6.30000e+00  1.60000e+00       4.755e+01 -1.188348e-01  0.000000e+00 -9.211622e-01  8.811652e-01
-5.60000e+00  1.60000e+00       1.164e+03  6.122504e-01  0.000000e+00  1.351030e-01  3.877496e-01
-4.90000e+00  1.60000e+00       1.189e+05  6.606995e-01  0.000000e+00  1.702525e-01  3.393005e-01
-4.20000e+00  1.60000e+00       4.323e+06  6.567526e-01  0.000000e+00  1.567845e-01  3.432474e-01
-3.50000e+00  1.60000e+00       5.943e+07  6.543634e-01  0.000000e+00  1.350156e-01  3.456366e-01
-2.80000e+00  1.60000e+00       3.516e+08  6.511066e-01  0.000000e+00  1.055532e-01  3.488934e-01
-2.10000e+00  1.60000e+00       1.063e+09  6.449797e-01  0.000000e+00  7.303822e-02  3.550203e-01
-1.40000e+00  1.60000e+00       1.961e+09  6.367749e-01  0.000000e+00  4.424746e-02  3.632251e-01
-7.00000e-01  1.60000e+00       2.537e+09  6.309220e-01  0.000000e+00  2.170672e-02  3.690780e-01
 0.00000e+00  1.60000e+00       2.651e+09  6.297490e-01  0.000000e+00 -1.600167e-15  3.702510e-01
 7.00000e-01  1.60000e+00       2.537e+09  6.309220e-01  0.000000e+00 -2.170672e-02  3.690780e-01
 1.40000e+00  1.60000e+00       1.961e+09  6.367749e-01  0.000000e+00 -4.424746e-02  3.632251e-01
 2.10000e+00  1.60000e+00       1.063e+09  6.449797e-01  0.000000e+00 -7.303822e-02  3.550203e-01
 2.80000e+00  1.60000e+00       3.516e+08  6.511066e-01  0.000000e+00 -1.055532e-01  3.488934e-01
 3.50000e+00  1.60000e+00       5.943e+07  6.543634e-01  0.000000e+00 -1.350156e-01  3.456366e-01
 4.20000e+00  1.60000e+00       4.323e+06  6.567526e-01  0.000000e+00 -1.567845e-01  3.432474e-01
 4.90000e+00  1.60000e+00       1.189e+05  6.606995e-01  0.000000e+00 -1.702525e-01  3.393005e-01
 5.60000e+00  1.60000e+00       1.164e+03  6.122504e-01  0.000000e+00 -1.351030e-01  3.877496e-01
 6.30000e+00  1.60000e+00       4.755e+01 -1.188348e-01  0.000000e+00  9.211622e-01  8.811652e-01
 7.00000e+00  1.60000e+00       3.233e+01  2.872649e-01  0.000000e+00  9.025157e-01  7.127351e-01
-7.00000e+00  2.00000e+00       2.782e+01  1.277323e-01  0.000000e+00 -9.432345e-01  8.722677e-01
-6.30000e+00  2.00000e+00       3.800e+01 -3.497145e-01  0.000000e+00 -8.678322e-01  6.502855e-01
-5.60000e+00  2.00000e+00       3.676e+02  3.710126e-01  0.000000e+00  7.284547e-02  6.289874e-01
-4.90000e+00  2.00000e+00       4.334e+04  5.953854e-01  0.000000e+00  1.807432e-01  4.046146e-01
-4.20000e+00  2.00000e+00       1.889e+06  5.886162e-01  0.000000e+00  1.789666e-01  4.113838e-01
-3.50000e+00  2.00000e+00       2.787e+07  5.854482e-01  0.000000e+00  1.677894e-01  4.145518e-01
-2.80000e+00  2.00000e+00       1.583e+08  5.830570e-01  0.000000e+00  1.411558e-01  4.169430e-01
-2.10000e+00  2.00000e+00       4.704e+08  5.773247e-01  0.000000e+00  9.538005e-02  4.226753e-01
-1.40000e+00  2.00000e+00       1.035e+09  5.688212e-01  0.000000e+00  5.004208e-02  4.311788e-01
-7.00000e-01  2.00000e+00       1.877e+09  5.634506e-01  0.000000e+00  1.939089e-02  4.365494e-01
 0.00000e+00  2.00000e+00       2.409e+09  5.623887e-01  0.000000e+00  2.280007e-16  4.376113e-01
 7.00000e-01  2.00000e+00       1.877e+09  5.634506e-01  0.000000e+00 -1.939089e-02  4.365494e-01
 1.40000e+00  2.00000e+00       1.035e+09  5.688212e-01  0.000000e+00 -5.004208e-02  4.311788e-01
 2.10000e+00  2.00000e+00       4.704e+08  5.773247e-01  0.000000e+00 -9.538005e-02  4.226753e-01
 2.80000e+00  2.00000e+00       1.583e+08  5.830570e-01  0.000000e+00 -1.411558e-01  4.169430e-01
 3.50000e+00  2.00000e+00       2.787e+07  5.854482e-01  0.000000e+00 -1.677894e-01  4.145518e-01
 4.20000e+00  2.00000e+00       1.889e+06  5.886162e-01  0.000000e+00 -1.789666e-01  4.113838e-01
 4.90000e+00  2.00000e+00       4.334e+04  5.953854e-01  0.000000e+00 -1.807432e-01  4.046146e-01
 5.60000e+00  2.00000e+00       3.676e+02  3.710126e-01  0.000000e+00 -7.284547e-02  6.289874e-01
 6.30000e+00  2.00000e+00       3.800e+01 -3.497145e-01  0.000000e+00  8.678322e-01  6.502855e-01
 7.00000e+00  2.00000e+00       2.782e+01  1.277323e-01  0.000000e+00  9.432345e-01  8.722677e-01
-7.00000e+00  2.40000e+00       2.825e+01 -7.634668e-02  0.000000e+00 -9.591232e-01  9.236533e-01
-6.30000e+00  2.40000e+00       3.968e+01 -4.062463e-01  0.000000e+00 -9.209727e-01  5.937537e-01
-5.60000e+00  2.40000e+00       5.280e+01 -4.289992e-01  0.000000e+00 -5.087913e-01  5.710008e-01
-4.90000e+00  2.40000e+00       1.103e+03  8.879098e-01  0.000000e+00  2.176922e-02  1.120902e-01
-4.20000e+00  2.40000e+00       1.298e+04  9.740984e-01  0.000000e+00 -6.374190e-03  2.590155e-02
-3.50000e+00  2.40000e+00       6.418e+04  8.991332e-01  0.000000e+00 -8.176451e-02  1.008668e-01
-2.80000e+00  2.40000e+00       9.885e+05  6.242615e-01  0.000000e+00 -8.973566e-04  3.757385e-01
-2.10000e+00  2.40000e+00       1.444e+07  5.472770e-01  0.000000e+00  3.330865e-02  4.527230e-01
-1.40000e+00  2.40000e+00       9.477e+07  5.299144e-01  0.000000e+00  2.986137e-02  4.700856e-01
-7.00000e-01  2.40000e+00       2.862e+08  5.306059e-01  0.000000e+00  1.588931e-02  4.693941e-01
 0.00000e+00  2.40000e+00       4.157e+08  5.332637e-01  0.000000e+00 -6.442827e-16  4.667363e-01
 7.00000e-01  2.40000e+00       2.862e+08  5.306059e-01  0.000000e+00 -1.588931e-02  4.693941e-01
 1.40000e+00  2.40000e+00       9.477e+07  5.299144e-01  0.000000e+00 -2.986137e-02  4.700856e-01
 2.10000e+00  2.40000e+00       1.444e+07  5.472770e-01  0.000000e+00 -3.330865e-02  4.527230e-01
 2.80000e+00  2.40000e+00       9.885e+05  6.242615e-01  0.000000e+00  8.973566e-04  3.757385e-01
 3.50000e+00  2.40000e+00       6.418e+04  8.991332e-01  0.000000e+00  8.176451e-02  1.008668e-01
 4.20000e+00  2.40000e+00       1.298e+04  9.740984e-01  0.000000e+00  6.374190e-03  2.590155e-02
 4.90000e+00  2.40000e+00       1.103e+03  8.879098e-01  0.000000e+00 -2.176922e-02  1.120902e-01
 5.60000e+00  2.40000e+00       5.280e+01 -4.289992e-01  0.000000e+00  5.087913e-01  5.710008e-01
 6.30000e+00  2.40000e+00       3.968e+01 -4.062463e-01  0.000000e+00  9.209727e-01  5.937537e-01
 7.00000e+00  2.40000e+00       2.825e+01 -7.634668e-02  0.000000e+00  9.591232e-01  9.236533e-01
-7.00000e+00  2.80000e+00       2.381e+01 -1.916082e-01  0.000000e+00 -9.568562e-01  8.083918e-01
-6.30000e+00  2.80000e+00       2.505e+01 -5.027344e-01  0.000000e+00 -8.789822e-01  4.972656e-01
-5.60000e+00  2.80000e+00       3.267e+01 -5.311165e-01  0.000000e+00 -3.955645e-01  4.688835e-01
-4.90000e+00  2.80000e+00       8.342e+02  8.936964e-01  0.000000e+00  1.635512e-02  1.063036e-01
-4.20000e+00  2.80000e+00       1.031e+04  9.626150e-01  0.000000e+00  1.849601e-03  3.738505e-02
-3.50000e+00  2.80000e+00       4.422e+04  9.617871e-01  0.000000e+00 -6.221518e-02  3.821287e-02
-2.80000e+00  2.80000e+00       2.469e+05  8.435362e-01  0.000000e+00 -7.163640e-02  1.564638e-01
-2.10000e+00  2.80000e+00       3.307e+06  5.936383e-01  0.000000e+00  1.609869e-04  4.063617e-01
-1.40000e+00  2.80000e+00       4.632e+07  5.133352e-01  0.000000e+00  6.875736e-03  4.866648e-01
-7.00000e-01  2.80000e+00       2.551e+08  5.059707e-01  0.000000e+00  3.252963e-03  4.940293e-01
 0.00000e+00  2.80000e+00       4.533e+08  5.059695e-01  0.000000e+00 -3.302710e-16  4.940305e-01
 7.00000e-01  2.80000e+00       2.551e+08  5.059707e-01  0.000000e+00 -3.252963e-03  4.940293e-01
 1.40000e+00  2.80000e+00       4.632e+07  5.133352e-01  0.000000e+00 -6.875736e-03  4.866648e-01
 2.10000e+00  2.80000e+00       3.307e+06  5.936383e-01  0.000000e+00 -1.609869e-04  4.063617e-01
 2.80000e+00  2.80000e+00       2.469e+05  8.435362e-01  0.000000e+00  7.163640e-02  1.564638e-01
 3.50000e+00  2.80000e+00       4.422e+04  9.617871e-01  0.000000e+00  6.221518e-02  3.821287e-02
 4.20000e+00  2.80000e+00       1.031e+04  9.626150e-01  0.000000e+00 -1.849601e-03  3.738505e-02
 4.90000e+00  2.80000e+00       8.342e+02  8.936964e-01  0.000000e+00 -1.635512e-02  1.063036e-01
 5.60000e+00  2.80000e+00       3.267e+01 -5.311165e-01  0.000000e+00  3.955645e-01  4.688835e-01
 6.30000e+00  2.80000e+00       2.505e+01 -5.027344e-01  0.000000e+00  8.789822e-01  4.972656e-01
 7.00000e+00  2.80000e+00       2.381e+01 -1.916082e-01  0.000000e+00  9.568562e-01  8.083918e-01
-7.00000e+00  3.20000e+00       9.037e+00 -4.192851e-01  0.000000e+00 -8.767667e-01  5.807149e-01
-6.30000e+00  3.20000e+00       1.410e+01 -7.228287e-01  0.000000e+00 -7.993911e-01  2.771713e-01
-5.60000e+00  3.20000e+00       2.023e+01 -5.308202e-01  0.000000e+00 -3.262889e-01  4.691798e-01
-4.90000e+00  3.20000e+00       6.616e+02  9.012950e-01  0.000000e+00  2.027060e-02  9.870499e-02
-4.20000e+00  3.20000e+00       8.365e+03  9.577722e-01  0.000000e+00  3.657708e-03  4.222778e-02
-3.50000e+00  3.20000e+00       3.782e+04  9.436778e-01  0.000000e+00 -4.164102e-02  5.632219e-02
-2.80000e+00  3.20000e+00       2.790e+05  7.450676e-01  0.000000e+00 -2.901809e-02  2.549324e-01
-2.10000e+00  3.20000e+00       5.202e+06  5.402301e-01  0.000000e+00  1.780028e-02  4.597699e-01
-1.40000e+00  3.20000e+00       6.229e+07  4.997699e-01  0.000000e+00  1.797175e-02  5.002301e-01
-7.00000e-01  3.20000e+00       2.832e+08  4.966877e-01  0.000000e+00  9.933711e-03  5.033123e-01
 0.00000e+00  3.20000e+00       4.677e+08  4.973200e-01  0.000000e+00 -2.697007e-16  5.026800e-01
 7.00000e-01  3.20000e+00       2.832e+08  4.966877e-01  0.000000e+00 -9.933711e-03  5.033123e-01
 1.40000e+00  3.20000e+00       6.229e+07  4.997699e-01  0.000000e+00 -1.797175e-02  5.002301e-01
 2.10000e+00  3.20000e+00       5.202e+06  5.402301e-01  0.000000e+00 -1.780028e-02  4.597699e-01
 2.80000e+00  3.20000e+00       2.790e+05  7.450676e-01  0.000000e+00  2.901809e-02  2.549324e-01
 3.50000e+00  3.20000e+00       3.782e+04  9.436778e-01  0.000000e+00  4.164102e-02  5.632219e-02
 4.20000e+00  3.20000e+00       8.365e+03  9.577722e-01  0.000000e+00 -3.657708e-03  4.222778e-02
 4.90000e+00  3.20000e+00       6.616e+02  9.012950e-01  0.000000e+00 -2.027060e-02  9.870499e-02
 5.60000e+00  3.20000e+00       2.023e+01 -5.308202e-01  0.000000e+00  3.262889e-01  4.691798e-01
 6.30000e+00  3.20000e+00       1.410e+01 -7.228287e-01  0.000000e+00  7.993911e-01  2.771713e-01
 7.00000e+00  3.20000e+00       9.037e+00 -4.192851e-01  0.000000e+00  8.767667e-01  5.807149e-01
-7.00000e+00  3.60000e+00       7.308e+00 -6.733849e-01  0.000000e+00 -7.302195e-01  3.266151e-01
-6.30000e+00  3.60000e+00       1.920e+01 -8.297234e-01  0.000000e+00 -6.849237e-01  1.702766e-01
-5.60000e+00  3.60000e+00       3.143e+01 -7.033364e-01  0.000000e+00 -4.386227e-01  2.966636e-01
-4.90000e+00  3.60000e+00       5.585e+02  8.718244e-01  0.000000e+00  3.694914e-04  1.281756e-01
-4.20000e+00  3.60000e+00       7.000e+03  9.598724e-01  0.000000e+00  2.877055e-03  4.012759e-02
-3.50000e+00  3.60000e+00       3.252e+04  9.371093e-01  0.000000e+00 -2.954878e-02  6.289069e-02
-2.80000e+00  3.60000e+00       2.488e+05  7.334217e-01  0.000000e+00 -1.108252e-02  2.665783e-01
-2.10000e+00  3.60000e+00       4.340e+06  5.450360e-01  0.000000e+00  2.934706e-02  4.549640e-01
-1.40000e+00  3.60000e+00       4.610e+07  5.063127e-01  0.000000e+00  2.774936e-02  4.936873e-01
-7.00000e-01  3.60000e+00       1.914e+08  5.038110e-01  0.000000e+00  1.578460e-02  4.961890e-01
 0.00000e+00  3.60000e+00       3.055e+08  5.050038e-01  0.000000e+00  1.075395e-16  4.949962e-01
 7.00000e-01  3.60000e+00       1.914e+08  5.038110e-01  0.000000e+00 -1.578460e-02  4.961890e-01
 1.40000e+00  3.60000e+00       4.610e+07  5.063127e-01  0.000000e+00 -2.774936e-02  4.936873e-01
 2.10000e+00  3.60000e+00       4.340e+06  5.450360e-01  0.000000e+00 -2.934706e-02  4.549640e-01
 2.80000e+00  3.60000e+00       2.488e+05  7.334217e-01  0.000000e+00  1.108252e-02  2.665783e-01
 3.50000e+00  3.60000e+00       3.252e+04  9.371093e-01  0.000000e+00  2.954878e-02  6.289069e-02
 4.20000e+00  3.60000e+00       7.000e+03  9.598724e-01  0.000000e+00 -2.877055e-03  4.012759e-02
 4.90000e+00  3.60000e+00       5.585e+02  8.718244e-01  0.000000e+00 -3.694914e-04  1.281756e-01
 5.60000e+00  3.60000e+00       3.143e+01 -7.033364e-01  0.000000e+00  4.386227e-01  2.966636e-01
 6.30000e+00  3.60000e+00       1.920e+01 -8.297234e-01  0.000000e+00  6.849237e-01  1.702766e-01
 7.00000e+00  3.60000e+00       7.308e+00 -6.733849e-01  0.000000e+00  7.302195e-01  3.266151e-01
-7.00000e+00  4.00000e+00       1.274e+00 -9.176821e-01  0.000000e+00 -5.000365e-01  8.231789e-02
-6.30000e+00  4.00000e+00       9.914e+00 -9.104610e-01  0.000000e+00 -4.387105e-01  8.953895e-02
-5.60000e+00  4.00000e+00       3.216e+01 -8.104756e-01  0.000000e+00 -3.331622e-01  1.895244e-01
-4.90000e+00  4.00000e+00       4.951e+02  8.164438e-01  0.000000e+00 -7.295728e-03  1.835562e-01
-4.20000e+00  4.00000e+00       6.092e+03  9.524092e-01  0.000000e+00  4.534043e-03  4.759084e-02
-3.50000e+00  4.00000e+00       3.076e+04  9.007310e-01  0.000000e+00 -9.650796e-03  9.926902e-02
-2.80000e+00  4.00000e+00       3.347e+05  6.545994e-01  0.000000e+00  3.480414e-02  3.454006e-01
-2.10000e+00  4.00000e+00       5.694e+06  5.375217e-01  0.000000e+00  5.941491e-02  4.624783e-01
-1.40000e+00  4.00000e+00       4.634e+07  5.158039e-01  0.000000e+00  5.199079e-02  4.841961e-01
-7.00000e-01  4.00000e+00       1.524e+08  5.165880e-01  0.000000e+00  3.089249e-02  4.834120e-01
 0.00000e+00  4.00000e+00       2.216e+08  5.193241e-01  0.000000e+00 -1.069789e-16  4.806759e-01
 7.00000e-01  4.00000e+00       1.524e+08  5.165880e-01  0.000000e+00 -3.089249e-02  4.834120e-01
 1.40000e+00  4.00000e+00       4.634e+07  5.158039e-01  0.000000e+00 -5.199079e-02  4.841961e-01
 2.10000e+00  4.00000e+00       5.694e+06  5.375217e-01  0.000000e+00 -5.941491e-02  4.624783e-01
 2.80000e+00  4.00000e+00       3.347e+05  6.545994e-01  0.000000e+00 -3.480414e-02  3.454006e-01
 3.50000e+00  4.00000e+00       3.076e+04  9.007310e-01  0.000000e+00  9.650796e-03  9.926902e-02
 4.20000e+00  4.00000e+00       6.092e+03  9.524092e-01  0.000000e+00 -4.534043e-03  4.759084e-02
 4.90000e+00  4.00000e+00       4.951e+02  8.164438e-01  0.000000e+00  7.295728e-03  1.835562e-01
 5.60000e+00  4.00000e+00       3.216e+01 -8.104756e-01  0.000000e+00  3.331622e-01  1.895244e-01
 6.30000e+00  4.00000e+00       9.914e+00 -9.104611e-01  0.000000e+00  4.387105e-01  8.953895e-02
 7.00000e+00  4.00000e+00       1.274e+00 -9.176820e-01  0.000000e+00  5.000365e-01  8.231804e-02
