 EB(GeV)    EMITTANCEx EMITTANCEy SIZEx(m)   SIZEy(m)   DIVx(rad)  DIVy(rad)
 2.411e+00  5.499e-09  1.017e-12  8.711e-05  1.009e-06  6.313e-05  1.009e-06
 betax      alphax     betay      alphay     eta        deta       E_spread  
 1.380e+00  0.000e+00  1.000e+00  0.000e+00  0.000e+00  0.000e+00  8.600e-04
 Ibeam(A)   period(cm) #periods   Kx         Ky         Energy(eV)
 4.005e-01  1.900e+00         96  0.000e+00  1.780e+00  4.748e+04


           x            y       F.Density            PL            PC          PL45        1-|PL|
          mm           mm  ph/s/mr^2/0.1%             -             -             -             -
-7.00000e+00 -4.00000e+00       1.646e+00 -9.560241e-01  0.000000e+00  4.621681e-01  4.397590e-02
-6.30000e+00 -4.00000e+00       1.347e+01 -8.957417e-01  0.000000e+00  3.750033e-01  1.042583e-01
-5.60000e+00 -4.00000e+00       5.791e+01 -4.018641e-01  0.000000e+00  2.129239e-01  5.981359e-01
-4.90000e+00 -4.00000e+00       4.565e+02  7.817824e-01  0.000000e+00  1.958870e-02  2.182176e-01
-4.20000e+00 -4.00000e+00       5.855e+03  9.983872e-01  0.000000e+00 -2.175627e-03  1.612802e-03
-3.50000e+00 -4.00000e+00       3.460e+04  9.516340e-01  0.000000e+00 -8.708742e-03  4.836604e-02
-2.80000e+00 -4.00000e+00       6.687e+04 -6.596909e-01  0.000000e+00 -2.521987e-01  3.403091e-01
-2.10000e+00 -4.00000e+00       4.564e+06  4.172496e-01  0.000000e+00 -7.588270e-02  5.827504e-01
-1.40000e+00 -4.00000e+00       4.319e+07  4.727174e-01  0.000000e+00 -5.552184e-02  5.272826e-01
-7.00000e-01 -4.00000e+00       1.457e+08  4.888099e-01  0.000000e+00 -3.218352e-02  5.111901e-01
 0.00000e+00 -4.00000e+00       2.116e+08  4.923369e-01  0.000000e+00 -1.607995e-16  5.076631e-01
 7.00000e-01 -4.00000e+00       1.457e+08  4.888099e-01  0.000000e+00  3.218352e-02  5.111901e-01
 1.40000e+00 -4.00000e+00       4.319e+07  4.727174e-01  0.000000e+00  5.552184e-02  5.272826e-01
 2.10000e+00 -4.00000e+00       4.564e+06  4.172496e-01  0.000000e+00  7.588270e-02  5.827504e-01
 2.80000e+00 -4.00000e+00       6.687e+04 -6.596909e-01  0.000000e+00  2.521987e-01  3.403091e-01
 3.50000e+00 -4.00000e+00       3.460e+04  9.516340e-01  0.000000e+00  8.708742e-03  4.836604e-02
 4.20000e+00 -4.00000e+00       5.855e+03  9.983872e-01  0.000000e+00  2.175627e-03  1.612802e-03
 4.90000e+00 -4.00000e+00       4.565e+02  7.817824e-01  0.000000e+00 -1.958870e-02  2.182176e-01
 5.60000e+00 -4.00000e+00       5.791e+01 -4.018641e-01  0.000000e+00 -2.129239e-01  5.981359e-01
 6.30000e+00 -4.00000e+00       1.347e+01 -8.957417e-01  0.000000e+00 -3.750033e-01  1.042583e-01
 7.00000e+00 -4.00000e+00       1.646e+00 -9.560240e-01  0.000000e+00 -4.621682e-01  4.397600e-02
-7.00000e+00 -3.60000e+00       1.229e+01 -6.909463e-01  0.000000e+00  7.216362e-01  3.090537e-01
-6.30000e+00 -3.60000e+00       3.153e+01 -8.111661e-01  0.000000e+00  6.861848e-01  1.888339e-01
-5.60000e+00 -3.60000e+00       5.294e+01 -3.286580e-01  0.000000e+00  3.859541e-01  6.713420e-01
-4.90000e+00 -3.60000e+00       4.942e+02  9.046790e-01  0.000000e+00  6.737892e-03  9.532101e-02
-4.20000e+00 -3.60000e+00       6.821e+03  9.984924e-01  0.000000e+00 -4.965928e-03  1.507561e-03
-3.50000e+00 -3.60000e+00       4.177e+04  9.843027e-01  0.000000e+00 -1.368917e-03  1.569730e-02
-2.80000e+00 -3.60000e+00       1.238e+05  5.138464e-01  0.000000e+00 -3.951099e-02  4.861536e-01
-2.10000e+00 -3.60000e+00       2.986e+06  3.359747e-01  0.000000e+00 -4.432519e-02  6.640253e-01
-1.40000e+00 -3.60000e+00       4.231e+07  4.544874e-01  0.000000e+00 -2.876574e-02  5.455126e-01
-7.00000e-01 -3.60000e+00       1.840e+08  4.776094e-01  0.000000e+00 -1.583592e-02  5.223906e-01
 0.00000e+00 -3.60000e+00       2.951e+08  4.817794e-01  0.000000e+00 -3.784913e-16  5.182206e-01
 7.00000e-01 -3.60000e+00       1.840e+08  4.776094e-01  0.000000e+00  1.583592e-02  5.223906e-01
 1.40000e+00 -3.60000e+00       4.231e+07  4.544874e-01  0.000000e+00  2.876574e-02  5.455126e-01
 2.10000e+00 -3.60000e+00       2.986e+06  3.359747e-01  0.000000e+00  4.432519e-02  6.640253e-01
 2.80000e+00 -3.60000e+00       1.238e+05  5.138464e-01  0.000000e+00  3.951099e-02  4.861536e-01
 3.50000e+00 -3.60000e+00       4.177e+04  9.843027e-01  0.000000e+00  1.368917e-03  1.569730e-02
 4.20000e+00 -3.60000e+00       6.821e+03  9.984924e-01  0.000000e+00  4.965928e-03  1.507561e-03
 4.90000e+00 -3.60000e+00       4.942e+02  9.046790e-01  0.000000e+00 -6.737892e-03  9.532101e-02
 5.60000e+00 -3.60000e+00       5.294e+01 -3.286580e-01  0.000000e+00 -3.859541e-01  6.713420e-01
 6.30000e+00 -3.60000e+00       3.153e+01 -8.111661e-01  0.000000e+00 -6.861848e-01  1.888339e-01
 7.00000e+00 -3.60000e+00       1.229e+01 -6.909463e-01  0.000000e+00 -7.216362e-01  3.090537e-01
-7.00000e+00 -3.20000e+00       1.327e+01 -4.790183e-01  0.000000e+00  8.534028e-01  5.209817e-01
-6.30000e+00 -3.20000e+00       2.390e+01 -7.384910e-01  0.000000e+00  7.678479e-01  2.615090e-01
-5.60000e+00 -3.20000e+00       4.936e+01 -9.062408e-02  0.000000e+00  2.636409e-01  9.093759e-01
-4.90000e+00 -3.20000e+00       5.943e+02  8.964470e-01  0.000000e+00 -1.389642e-02  1.035530e-01
-4.20000e+00 -3.20000e+00       8.221e+03  9.956221e-01  0.000000e+00 -7.011915e-03  4.377857e-03
-3.50000e+00 -3.20000e+00       5.080e+04  9.886974e-01  0.000000e+00 -3.327783e-04  1.130255e-02
-2.80000e+00 -3.20000e+00       1.594e+05  5.997589e-01  0.000000e+00 -2.162158e-02  4.002411e-01
-2.10000e+00 -3.20000e+00       3.583e+06  3.296059e-01  0.000000e+00 -2.736192e-02  6.703941e-01
-1.40000e+00 -3.20000e+00       5.793e+07  4.540401e-01  0.000000e+00 -1.741107e-02  5.459599e-01
-7.00000e-01 -3.20000e+00       2.756e+08  4.754699e-01  0.000000e+00 -9.489725e-03  5.245301e-01
 0.00000e+00 -3.20000e+00       4.575e+08  4.790797e-01  0.000000e+00  2.010551e-16  5.209203e-01
 7.00000e-01 -3.20000e+00       2.756e+08  4.754699e-01  0.000000e+00  9.489725e-03  5.245301e-01
 1.40000e+00 -3.20000e+00       5.793e+07  4.540401e-01  0.000000e+00  1.741107e-02  5.459599e-01
 2.10000e+00 -3.20000e+00       3.583e+06  3.296059e-01  0.000000e+00  2.736192e-02  6.703941e-01
 2.80000e+00 -3.20000e+00       1.594e+05  5.997589e-01  0.000000e+00  2.162158e-02  4.002411e-01
 3.50000e+00 -3.20000e+00       5.080e+04  9.886974e-01  0.000000e+00  3.327783e-04  1.130255e-02
 4.20000e+00 -3.20000e+00       8.221e+03  9.956221e-01  0.000000e+00  7.011915e-03  4.377857e-03
 4.90000e+00 -3.20000e+00       5.943e+02  8.964470e-01  0.000000e+00  1.389642e-02  1.035530e-01
 5.60000e+00 -3.20000e+00       4.936e+01 -9.062408e-02  0.000000e+00 -2.636409e-01  9.093759e-01
 6.30000e+00 -3.20000e+00       2.390e+01 -7.384910e-01  0.000000e+00 -7.678479e-01  2.615090e-01
 7.00000e+00 -3.20000e+00       1.327e+01 -4.790183e-01  0.000000e+00 -8.534028e-01  5.209817e-01
-7.00000e+00 -2.80000e+00       2.002e+01 -2.302026e-01  0.000000e+00  9.454796e-01  7.697974e-01
-6.30000e+00 -2.80000e+00       2.387e+01 -6.005261e-01  0.000000e+00  8.755863e-01  3.994739e-01
-5.60000e+00 -2.80000e+00       5.359e+01  3.595675e-02  0.000000e+00  2.690085e-01  9.640432e-01
-4.90000e+00 -2.80000e+00       7.298e+02  9.120024e-01  0.000000e+00 -1.614313e-02  8.799758e-02
-4.20000e+00 -2.80000e+00       1.029e+04  9.939163e-01  0.000000e+00 -1.102839e-02  6.083659e-03
-3.50000e+00 -2.80000e+00       6.497e+04  9.978360e-01  0.000000e+00 -5.369096e-04  2.164049e-03
-2.80000e+00 -2.80000e+00       2.576e+05  9.153423e-01  0.000000e+00 -2.603117e-03  8.465772e-02
-2.10000e+00 -2.80000e+00       5.022e+05 -8.983812e-01  0.000000e+00  4.278891e-03  1.016188e-01
-1.40000e+00 -2.80000e+00       2.899e+07  4.119570e-01  0.000000e+00 -5.421616e-04  5.880430e-01
-7.00000e-01 -2.80000e+00       1.864e+08  4.722037e-01  0.000000e+00 -9.043348e-04  5.277963e-01
 0.00000e+00 -2.80000e+00       3.398e+08  4.800733e-01  0.000000e+00 -7.839876e-17  5.199267e-01
 7.00000e-01 -2.80000e+00       1.864e+08  4.722037e-01  0.000000e+00  9.043348e-04  5.277963e-01
 1.40000e+00 -2.80000e+00       2.899e+07  4.119570e-01  0.000000e+00  5.421616e-04  5.880430e-01
 2.10000e+00 -2.80000e+00       5.022e+05 -8.983812e-01  0.000000e+00 -4.278891e-03  1.016188e-01
 2.80000e+00 -2.80000e+00       2.576e+05  9.153423e-01  0.000000e+00  2.603117e-03  8.465772e-02
 3.50000e+00 -2.80000e+00       6.497e+04  9.978360e-01  0.000000e+00  5.369096e-04  2.164049e-03
 4.20000e+00 -2.80000e+00       1.029e+04  9.939163e-01  0.000000e+00  1.102839e-02  6.083659e-03
 4.90000e+00 -2.80000e+00       7.298e+02  9.120024e-01  0.000000e+00  1.614313e-02  8.799758e-02
 5.60000e+00 -2.80000e+00       5.359e+01  3.595675e-02  0.000000e+00 -2.690085e-01  9.640432e-01
 6.30000e+00 -2.80000e+00       2.387e+01 -6.005261e-01  0.000000e+00 -8.755863e-01  3.994739e-01
 7.00000e+00 -2.80000e+00       2.002e+01 -2.302026e-01  0.000000e+00 -9.454796e-01  7.697974e-01
-7.00000e+00 -2.40000e+00       2.582e+01 -7.603828e-02  0.000000e+00  9.621945e-01  9.239617e-01
-6.30000e+00 -2.40000e+00       3.316e+01 -4.803117e-01  0.000000e+00  9.164574e-01  5.196883e-01
-5.60000e+00 -2.40000e+00       6.994e+01 -5.376668e-02  0.000000e+00  3.192154e-01  9.462333e-01
-4.90000e+00 -2.40000e+00       9.353e+02  8.591104e-01  0.000000e+00 -4.193870e-02  1.408896e-01
-4.20000e+00 -2.40000e+00       1.152e+04  8.206539e-01  0.000000e+00 -6.171521e-02  1.793461e-01
-3.50000e+00 -2.40000e+00       1.503e+05  2.565057e-01  0.000000e+00 -1.452856e-01  7.434943e-01
-2.80000e+00 -2.40000e+00       4.790e+06  4.927171e-01  0.000000e+00 -8.917852e-02  5.072829e-01
-2.10000e+00 -2.40000e+00       3.851e+07  5.049540e-01  0.000000e+00 -7.464444e-02  4.950460e-01
-1.40000e+00 -2.40000e+00       1.244e+08  5.005450e-01  0.000000e+00 -5.570378e-02  4.994550e-01
-7.00000e-01 -2.40000e+00       2.230e+08  4.978453e-01  0.000000e+00 -2.730154e-02  5.021547e-01
 0.00000e+00 -2.40000e+00       2.745e+08  4.973930e-01  0.000000e+00 -1.522584e-16  5.026070e-01
 7.00000e-01 -2.40000e+00       2.230e+08  4.978453e-01  0.000000e+00  2.730154e-02  5.021547e-01
 1.40000e+00 -2.40000e+00       1.244e+08  5.005450e-01  0.000000e+00  5.570378e-02  4.994550e-01
 2.10000e+00 -2.40000e+00       3.851e+07  5.049540e-01  0.000000e+00  7.464444e-02  4.950460e-01
 2.80000e+00 -2.40000e+00       4.790e+06  4.927171e-01  0.000000e+00  8.917852e-02  5.072829e-01
 3.50000e+00 -2.40000e+00       1.503e+05  2.565057e-01  0.000000e+00  1.452856e-01  7.434943e-01
 4.20000e+00 -2.40000e+00       1.152e+04  8.206539e-01  0.000000e+00  6.171521e-02  1.793461e-01
 4.90000e+00 -2.40000e+00       9.353e+02  8.591104e-01  0.000000e+00  4.193870e-02  1.408896e-01
 5.60000e+00 -2.40000e+00       6.994e+01 -5.376668e-02  0.000000e+00 -3.192154e-01  9.462333e-01
 6.30000e+00 -2.40000e+00       3.316e+01 -4.803117e-01  0.000000e+00 -9.164574e-01  5.196883e-01
 7.00000e+00 -2.40000e+00       2.582e+01 -7.603828e-02  0.000000e+00 -9.621945e-01  9.239617e-01
-7.00000e+00 -2.00000e+00       2.706e+01  1.129170e-01  0.000000e+00  9.382927e-01  8.870830e-01
-6.30000e+00 -2.00000e+00       3.960e+01 -4.978486e-01  0.000000e+00  8.158555e-01  5.021514e-01
-5.60000e+00 -2.00000e+00       2.534e+02  2.365679e-02  0.000000e+00  1.131486e-03  9.763432e-01
-4.90000e+00 -2.00000e+00       3.704e+04  5.671088e-01  0.000000e+00 -1.722201e-01  4.328912e-01
-4.20000e+00 -2.00000e+00       2.056e+06  5.823195e-01  0.000000e+00 -1.636076e-01  4.176805e-01
-3.50000e+00 -2.00000e+00       3.545e+07  5.846050e-01  0.000000e+00 -1.574859e-01  4.153950e-01
-2.80000e+00 -2.00000e+00       1.997e+08  5.838496e-01  0.000000e+00 -1.473936e-01  4.161504e-01
-2.10000e+00 -2.00000e+00       4.614e+08  5.771267e-01  0.000000e+00 -1.151636e-01  4.228733e-01
-1.40000e+00 -2.00000e+00       7.852e+08  5.639707e-01  0.000000e+00 -5.900878e-02  4.360293e-01
-7.00000e-01 -2.00000e+00       1.033e+09  5.571659e-01  0.000000e+00 -2.942775e-02  4.428341e-01
 0.00000e+00 -2.00000e+00       9.764e+08  5.543975e-01  0.000000e+00 -9.599889e-17  4.456025e-01
 7.00000e-01 -2.00000e+00       1.033e+09  5.571659e-01  0.000000e+00  2.942775e-02  4.428341e-01
 1.40000e+00 -2.00000e+00       7.852e+08  5.639707e-01  0.000000e+00  5.900878e-02  4.360293e-01
 2.10000e+00 -2.00000e+00       4.614e+08  5.771267e-01  0.000000e+00  1.151636e-01  4.228733e-01
 2.80000e+00 -2.00000e+00       1.997e+08  5.838496e-01  0.000000e+00  1.473936e-01  4.161504e-01
 3.50000e+00 -2.00000e+00       3.545e+07  5.846050e-01  0.000000e+00  1.574859e-01  4.153950e-01
 4.20000e+00 -2.00000e+00       2.056e+06  5.823195e-01  0.000000e+00  1.636076e-01  4.176805e-01
 4.90000e+00 -2.00000e+00       3.704e+04  5.671088e-01  0.000000e+00  1.722201e-01  4.328912e-01
 5.60000e+00 -2.00000e+00       2.534e+02  2.365679e-02  0.000000e+00 -1.131486e-03  9.763432e-01
 6.30000e+00 -2.00000e+00       3.960e+01 -4.978486e-01  0.000000e+00 -8.158555e-01  5.021514e-01
 7.00000e+00 -2.00000e+00       2.706e+01  1.129170e-01  0.000000e+00 -9.382926e-01  8.870830e-01
-7.00000e+00 -1.60000e+00       3.661e+01  2.753092e-01  0.000000e+00  9.145809e-01  7.246908e-01
-6.30000e+00 -1.60000e+00       5.788e+01 -1.889467e-02  0.000000e+00  8.121602e-01  9.811053e-01
-5.60000e+00 -1.60000e+00       3.096e+03  6.265772e-01  0.000000e+00 -1.822715e-01  3.734228e-01
-4.90000e+00 -1.60000e+00       2.949e+05  6.511370e-01  0.000000e+00 -1.889757e-01  3.488630e-01
-4.20000e+00 -1.60000e+00       9.271e+06  6.527162e-01  0.000000e+00 -1.760435e-01  3.472838e-01
-3.50000e+00 -1.60000e+00       1.055e+08  6.527709e-01  0.000000e+00 -1.537441e-01  3.472291e-01
-2.80000e+00 -1.60000e+00       5.145e+08  6.504314e-01  0.000000e+00 -1.199283e-01  3.495686e-01
-2.10000e+00 -1.60000e+00       1.324e+09  6.439995e-01  0.000000e+00 -8.171679e-02  3.560005e-01
-1.40000e+00 -1.60000e+00       2.233e+09  6.338779e-01  0.000000e+00 -4.670301e-02  3.661221e-01
-7.00000e-01 -1.60000e+00       3.155e+09  6.260148e-01  0.000000e+00 -1.828730e-02  3.739852e-01
 0.00000e+00 -1.60000e+00       3.720e+09  6.239204e-01  0.000000e+00  6.049992e-15  3.760796e-01
 7.00000e-01 -1.60000e+00       3.155e+09  6.260148e-01  0.000000e+00  1.828730e-02  3.739852e-01
 1.40000e+00 -1.60000e+00       2.233e+09  6.338779e-01  0.000000e+00  4.670301e-02  3.661221e-01
 2.10000e+00 -1.60000e+00       1.324e+09  6.439995e-01  0.000000e+00  8.171679e-02  3.560005e-01
 2.80000e+00 -1.60000e+00       5.145e+08  6.504314e-01  0.000000e+00  1.199283e-01  3.495686e-01
 3.50000e+00 -1.60000e+00       1.055e+08  6.527709e-01  0.000000e+00  1.537441e-01  3.472291e-01
 4.20000e+00 -1.60000e+00       9.271e+06  6.527162e-01  0.000000e+00  1.760435e-01  3.472838e-01
 4.90000e+00 -1.60000e+00       2.949e+05  6.511370e-01  0.000000e+00  1.889757e-01  3.488630e-01
 5.60000e+00 -1.60000e+00       3.096e+03  6.265772e-01  0.000000e+00  1.822715e-01  3.734228e-01
 6.30000e+00 -1.60000e+00       5.788e+01 -1.889467e-02  0.000000e+00 -8.121602e-01  9.811053e-01
 7.00000e+00 -1.60000e+00       3.661e+01  2.753092e-01  0.000000e+00 -9.145809e-01  7.246908e-01
-7.00000e+00 -1.20000e+00       4.665e+01  4.957796e-01  0.000000e+00  8.251673e-01  5.042204e-01
-6.30000e+00 -1.20000e+00       1.234e+02  5.003439e-01  0.000000e+00  4.500118e-01  4.996561e-01
-5.60000e+00 -1.20000e+00       1.563e+04  7.594487e-01  0.000000e+00 -1.224596e-01  2.405513e-01
-4.90000e+00 -1.20000e+00       1.351e+06  7.560975e-01  0.000000e+00 -1.513413e-01  2.439025e-01
-4.20000e+00 -1.20000e+00       3.984e+07  7.554049e-01  0.000000e+00 -1.423417e-01  2.445951e-01
-3.50000e+00 -1.20000e+00       4.247e+08  7.579930e-01  0.000000e+00 -1.107899e-01  2.420070e-01
-2.80000e+00 -1.20000e+00       2.014e+09  7.648030e-01  0.000000e+00 -6.216243e-02  2.351970e-01
-2.10000e+00 -1.20000e+00       5.263e+09  7.752597e-01  0.000000e+00 -2.911149e-02  2.247403e-01
-1.40000e+00 -1.20000e+00       8.241e+09  7.827615e-01  0.000000e+00 -3.635601e-02  2.172385e-01
-7.00000e-01 -1.20000e+00       1.011e+10  7.756963e-01  0.000000e+00 -5.587400e-02  2.243037e-01
 0.00000e+00 -1.20000e+00       1.147e+10  7.686065e-01  0.000000e+00 -2.675324e-14  2.313935e-01
 7.00000e-01 -1.20000e+00       1.011e+10  7.756963e-01  0.000000e+00  5.587400e-02  2.243037e-01
 1.40000e+00 -1.20000e+00       8.241e+09  7.827615e-01  0.000000e+00  3.635601e-02  2.172385e-01
 2.10000e+00 -1.20000e+00       5.263e+09  7.752597e-01  0.000000e+00  2.911149e-02  2.247403e-01
 2.80000e+00 -1.20000e+00       2.014e+09  7.648030e-01  0.000000e+00  6.216243e-02  2.351970e-01
 3.50000e+00 -1.20000e+00       4.247e+08  7.579930e-01  0.000000e+00  1.107899e-01  2.420070e-01
 4.20000e+00 -1.20000e+00       3.984e+07  7.554049e-01  0.000000e+00  1.423417e-01  2.445951e-01
 4.90000e+00 -1.20000e+00       1.351e+06  7.560975e-01  0.000000e+00  1.513413e-01  2.439025e-01
 5.60000e+00 -1.20000e+00       1.563e+04  7.594487e-01  0.000000e+00  1.224596e-01  2.405513e-01
 6.30000e+00 -1.20000e+00       1.234e+02  5.003439e-01  0.000000e+00 -4.500118e-01  4.996561e-01
 7.00000e+00 -1.20000e+00       4.665e+01  4.957796e-01  0.000000e+00 -8.251673e-01  5.042204e-01
-7.00000e+00 -8.00000e-01       5.129e+01  7.400356e-01  0.000000e+00  4.484278e-01  2.599644e-01
-6.30000e+00 -8.00000e-01       2.815e+03  7.838007e-01  0.000000e+00 -5.964742e-03  2.161993e-01
-5.60000e+00 -8.00000e-01       2.208e+05  7.907896e-01  0.000000e+00 -1.298941e-02  2.092104e-01
-4.90000e+00 -8.00000e-01       8.238e+06  7.910204e-01  0.000000e+00 -1.457472e-02  2.089796e-01
-4.20000e+00 -8.00000e-01       1.519e+08  7.919094e-01  0.000000e+00 -1.414884e-02  2.080906e-01
-3.50000e+00 -8.00000e-01       1.487e+09  7.920557e-01  0.000000e+00 -1.222474e-02  2.079443e-01
-2.80000e+00 -8.00000e-01       8.255e+09  7.862853e-01  0.000000e+00 -1.634740e-02  2.137147e-01
-2.10000e+00 -8.00000e-01       2.700e+10  7.634419e-01  0.000000e+00 -3.051147e-02  2.365581e-01
-1.40000e+00 -8.00000e-01       5.676e+10  7.382799e-01  0.000000e+00 -3.375139e-02  2.617201e-01
-7.00000e-01 -8.00000e-01       8.454e+10  7.479684e-01  0.000000e+00 -1.030482e-02  2.520316e-01
 0.00000e+00 -8.00000e-01       9.385e+10  7.622579e-01  0.000000e+00  1.368684e-14  2.377421e-01
 7.00000e-01 -8.00000e-01       8.454e+10  7.479684e-01  0.000000e+00  1.030482e-02  2.520316e-01
 1.40000e+00 -8.00000e-01       5.676e+10  7.382799e-01  0.000000e+00  3.375139e-02  2.617201e-01
 2.10000e+00 -8.00000e-01       2.700e+10  7.634419e-01  0.000000e+00  3.051147e-02  2.365581e-01
 2.80000e+00 -8.00000e-01       8.255e+09  7.862853e-01  0.000000e+00  1.634740e-02  2.137147e-01
 3.50000e+00 -8.00000e-01       1.487e+09  7.920557e-01  0.000000e+00  1.222474e-02  2.079443e-01
 4.20000e+00 -8.00000e-01       1.519e+08  7.919094e-01  0.000000e+00  1.414884e-02  2.080906e-01
 4.90000e+00 -8.00000e-01       8.238e+06  7.910204e-01  0.000000e+00  1.457472e-02  2.089796e-01
 5.60000e+00 -8.00000e-01       2.208e+05  7.907896e-01  0.000000e+00  1.298941e-02  2.092104e-01
 6.30000e+00 -8.00000e-01       2.815e+03  7.838007e-01  0.000000e+00  5.964742e-03  2.161993e-01
 7.00000e+00 -8.00000e-01       5.129e+01  7.400355e-01  0.000000e+00 -4.484279e-01  2.599645e-01
-7.00000e+00 -4.00000e-01       2.928e+02  9.232383e-01  0.000000e+00  6.961583e-02  7.676175e-02
-6.30000e+00 -4.00000e-01       3.734e+04  9.313039e-01  0.000000e+00  3.795289e-03  6.869612e-02
-5.60000e+00 -4.00000e-01       2.727e+06  9.349010e-01  0.000000e+00 -8.602243e-03  6.509897e-02
-4.90000e+00 -4.00000e-01       9.276e+07  9.386106e-01  0.000000e+00 -1.312890e-02  6.138940e-02
-4.20000e+00 -4.00000e-01       1.480e+09  9.401064e-01  0.000000e+00 -1.296557e-02  5.989364e-02
-3.50000e+00 -4.00000e-01       1.205e+10  9.388507e-01  0.000000e+00 -4.714331e-03  6.114926e-02
-2.80000e+00 -4.00000e-01       5.813e+10  9.384445e-01  0.000000e+00  8.892197e-03  6.155547e-02
-2.10000e+00 -4.00000e-01       1.958e+11  9.462454e-01  0.000000e+00  1.972358e-02  5.375455e-02
-1.40000e+00 -4.00000e-01       4.754e+11  9.542506e-01  0.000000e+00  1.486541e-02  4.574943e-02
-7.00000e-01 -4.00000e-01       7.935e+11  9.491427e-01  0.000000e+00  2.013387e-04  5.085729e-02
 0.00000e+00 -4.00000e-01       9.372e+11  9.429768e-01  0.000000e+00 -1.286248e-15  5.702322e-02
 7.00000e-01 -4.00000e-01       7.935e+11  9.491427e-01  0.000000e+00 -2.013387e-04  5.085729e-02
 1.40000e+00 -4.00000e-01       4.754e+11  9.542506e-01  0.000000e+00 -1.486541e-02  4.574943e-02
 2.10000e+00 -4.00000e-01       1.958e+11  9.462454e-01  0.000000e+00 -1.972358e-02  5.375455e-02
 2.80000e+00 -4.00000e-01       5.813e+10  9.384445e-01  0.000000e+00 -8.892197e-03  6.155547e-02
 3.50000e+00 -4.00000e-01       1.205e+10  9.388507e-01  0.000000e+00  4.714331e-03  6.114926e-02
 4.20000e+00 -4.00000e-01       1.480e+09  9.401064e-01  0.000000e+00  1.296557e-02  5.989364e-02
 4.90000e+00 -4.00000e-01       9.276e+07  9.386106e-01  0.000000e+00  1.312890e-02  6.138940e-02
 5.60000e+00 -4.00000e-01       2.727e+06  9.349010e-01  0.000000e+00  8.602243e-03  6.509897e-02
 6.30000e+00 -4.00000e-01       3.734e+04  9.313039e-01  0.000000e+00 -3.795289e-03  6.869612e-02
 7.00000e+00 -4.00000e-01       2.928e+02  9.232382e-01  0.000000e+00 -6.961584e-02  7.676176e-02
-7.00000e+00  0.00000e+00       2.837e+04  9.996886e-01  0.000000e+00 -3.472955e-14  3.114380e-04
-6.30000e+00  0.00000e+00       4.427e+05  9.997859e-01  0.000000e+00 -1.318696e-13  2.140871e-04
-5.60000e+00  0.00000e+00       7.884e+06  9.999352e-01  0.000000e+00 -3.653086e-12  6.478747e-05
-4.90000e+00  0.00000e+00       2.000e+08  9.999631e-01  0.000000e+00 -2.267202e-11  3.694872e-05
-4.20000e+00  0.00000e+00       3.098e+09  9.999620e-01  0.000000e+00 -7.020350e-11  3.804104e-05
-3.50000e+00  0.00000e+00       2.608e+10  9.999596e-01  0.000000e+00 -1.228312e-10  4.036292e-05
-2.80000e+00  0.00000e+00       1.265e+11  9.999569e-01  0.000000e+00 -1.146607e-10  4.306214e-05
-2.10000e+00  0.00000e+00       3.650e+11  9.999487e-01  0.000000e+00 -4.924851e-11  5.132317e-05
-1.40000e+00  0.00000e+00       6.485e+11  9.999387e-01  0.000000e+00  6.811340e-12  6.126317e-05
-7.00000e-01  0.00000e+00       6.987e+11  9.999517e-01  0.000000e+00  2.277670e-11  4.829501e-05
 0.00000e+00  0.00000e+00       5.985e+11  9.999801e-01  0.000000e+00 -1.694740e-17  1.987770e-05
 7.00000e-01  0.00000e+00       6.987e+11  9.999517e-01  0.000000e+00 -2.277673e-11  4.829501e-05
 1.40000e+00  0.00000e+00       6.485e+11  9.999387e-01  0.000000e+00 -6.811365e-12  6.126317e-05
 2.10000e+00  0.00000e+00       3.650e+11  9.999487e-01  0.000000e+00  4.924850e-11  5.132317e-05
 2.80000e+00  0.00000e+00       1.265e+11  9.999569e-01  0.000000e+00  1.146607e-10  4.306214e-05
 3.50000e+00  0.00000e+00       2.608e+10  9.999596e-01  0.000000e+00  1.228312e-10  4.036292e-05
 4.20000e+00  0.00000e+00       3.098e+09  9.999620e-01  0.000000e+00  7.020352e-11  3.804104e-05
 4.90000e+00  0.00000e+00       2.000e+08  9.999631e-01  0.000000e+00  2.267213e-11  3.694872e-05
 5.60000e+00  0.00000e+00       7.884e+06  9.999352e-01  0.000000e+00  3.653522e-12  6.478747e-05
 6.30000e+00  0.00000e+00       4.427e+05  9.997859e-01  0.000000e+00  1.207025e-13  2.140871e-04
 7.00000e+00  0.00000e+00       2.837e+04  9.996886e-01  0.000000e+00  1.231348e-13  3.114380e-04
-7.00000e+00  4.00000e-01       2.928e+02  9.232383e-01  0.000000e+00 -6.961583e-02  7.676175e-02
-6.30000e+00  4.00000e-01       3.734e+04  9.313039e-01  0.000000e+00 -3.795289e-03  6.869612e-02
-5.60000e+00  4.00000e-01       2.727e+06  9.349010e-01  0.000000e+00  8.602243e-03  6.509897e-02
-4.90000e+00  4.00000e-01       9.276e+07  9.386106e-01  0.000000e+00  1.312890e-02  6.138940e-02
-4.20000e+00  4.00000e-01       1.480e+09  9.401064e-01  0.000000e+00  1.296557e-02  5.989364e-02
-3.50000e+00  4.00000e-01       1.205e+10  9.388507e-01  0.000000e+00  4.714330e-03  6.114926e-02
-2.80000e+00  4.00000e-01       5.813e+10  9.384445e-01  0.000000e+00 -8.892197e-03  6.155547e-02
-2.10000e+00  4.00000e-01       1.958e+11  9.462454e-01  0.000000e+00 -1.972358e-02  5.375455e-02
-1.40000e+00  4.00000e-01       4.754e+11  9.542506e-01  0.000000e+00 -1.486541e-02  4.574943e-02
-7.00000e-01  4.00000e-01       7.935e+11  9.491427e-01  0.000000e+00 -2.013386e-04  5.085729e-02
 0.00000e+00  4.00000e-01       9.372e+11  9.429768e-01  0.000000e+00  1.284034e-15  5.702322e-02
 7.00000e-01  4.00000e-01       7.935e+11  9.491427e-01  0.000000e+00  2.013386e-04  5.085729e-02
 1.40000e+00  4.00000e-01       4.754e+11  9.542506e-01  0.000000e+00  1.486541e-02  4.574943e-02
 2.10000e+00  4.00000e-01       1.958e+11  9.462454e-01  0.000000e+00  1.972358e-02  5.375455e-02
 2.80000e+00  4.00000e-01       5.813e+10  9.384445e-01  0.000000e+00  8.892197e-03  6.155547e-02
 3.50000e+00  4.00000e-01       1.205e+10  9.388507e-01  0.000000e+00 -4.714330e-03  6.114926e-02
 4.20000e+00  4.00000e-01       1.480e+09  9.401064e-01  0.000000e+00 -1.296557e-02  5.989364e-02
 4.90000e+00  4.00000e-01       9.276e+07  9.386106e-01  0.000000e+00 -1.312890e-02  6.138940e-02
 5.60000e+00  4.00000e-01       2.727e+06  9.349010e-01  0.000000e+00 -8.602243e-03  6.509897e-02
 6.30000e+00  4.00000e-01       3.734e+04  9.313039e-01  0.000000e+00  3.795289e-03  6.869612e-02
 7.00000e+00  4.00000e-01       2.928e+02  9.232382e-01  0.000000e+00  6.961584e-02  7.676176e-02
-7.00000e+00  8.00000e-01       5.129e+01  7.400355e-01  0.000000e+00 -4.484278e-01  2.599645e-01
-6.30000e+00  8.00000e-01       2.815e+03  7.838007e-01  0.000000e+00  5.964742e-03  2.161993e-01
-5.60000e+00  8.00000e-01       2.208e+05  7.907896e-01  0.000000e+00  1.298941e-02  2.092104e-01
-4.90000e+00  8.00000e-01       8.238e+06  7.910204e-01  0.000000e+00  1.457472e-02  2.089796e-01
-4.20000e+00  8.00000e-01       1.519e+08  7.919094e-01  0.000000e+00  1.414884e-02  2.080906e-01
-3.50000e+00  8.00000e-01       1.487e+09  7.920557e-01  0.000000e+00  1.222473e-02  2.079443e-01
-2.80000e+00  8.00000e-01       8.255e+09  7.862853e-01  0.000000e+00  1.634740e-02  2.137147e-01
-2.10000e+00  8.00000e-01       2.700e+10  7.634419e-01  0.000000e+00  3.051147e-02  2.365581e-01
-1.40000e+00  8.00000e-01       5.676e+10  7.382799e-01  0.000000e+00  3.375139e-02  2.617201e-01
-7.00000e-01  8.00000e-01       8.454e+10  7.479684e-01  0.000000e+00  1.030482e-02  2.520316e-01
 0.00000e+00  8.00000e-01       9.385e+10  7.622579e-01  0.000000e+00  9.201296e-15  2.377421e-01
 7.00000e-01  8.00000e-01       8.454e+10  7.479684e-01  0.000000e+00 -1.030482e-02  2.520316e-01
 1.40000e+00  8.00000e-01       5.676e+10  7.382799e-01  0.000000e+00 -3.375139e-02  2.617201e-01
 2.10000e+00  8.00000e-01       2.700e+10  7.634419e-01  0.000000e+00 -3.051147e-02  2.365581e-01
 2.80000e+00  8.00000e-01       8.255e+09  7.862853e-01  0.000000e+00 -1.634740e-02  2.137147e-01
 3.50000e+00  8.00000e-01       1.487e+09  7.920557e-01  0.000000e+00 -1.222473e-02  2.079443e-01
 4.20000e+00  8.00000e-01       1.519e+08  7.919094e-01  0.000000e+00 -1.414884e-02  2.080906e-01
 4.90000e+00  8.00000e-01       8.238e+06  7.910204e-01  0.000000e+00 -1.457472e-02  2.089796e-01
 5.60000e+00  8.00000e-01       2.208e+05  7.907896e-01  0.000000e+00 -1.298941e-02  2.092104e-01
 6.30000e+00  8.00000e-01       2.815e+03  7.838007e-01  0.000000e+00 -5.964742e-03  2.161993e-01
 7.00000e+00  8.00000e-01       5.129e+01  7.400356e-01  0.000000e+00  4.484278e-01  2.599644e-01
-7.00000e+00  1.20000e+00       4.665e+01  4.957796e-01  0.000000e+00 -8.251673e-01  5.042204e-01
-6.30000e+00  1.20000e+00       1.234e+02  5.003439e-01  0.000000e+00 -4.500118e-01  4.996561e-01
-5.60000e+00  1.20000e+00       1.563e+04  7.594487e-01  0.000000e+00  1.224596e-01  2.405513e-01
-4.90000e+00  1.20000e+00       1.351e+06  7.560975e-01  0.000000e+00  1.513413e-01  2.439025e-01
-4.20000e+00  1.20000e+00       3.984e+07  7.554049e-01  0.000000e+00  1.423417e-01  2.445951e-01
-3.50000e+00  1.20000e+00       4.247e+08  7.579930e-01  0.000000e+00  1.107899e-01  2.420070e-01
-2.80000e+00  1.20000e+00       2.014e+09  7.648030e-01  0.000000e+00  6.216241e-02  2.351970e-01
-2.10000e+00  1.20000e+00       5.263e+09  7.752597e-01  0.000000e+00  2.911148e-02  2.247403e-01
-1.40000e+00  1.20000e+00       8.241e+09  7.827615e-01  0.000000e+00  3.635601e-02  2.172385e-01
-7.00000e-01  1.20000e+00       1.011e+10  7.756963e-01  0.000000e+00  5.587400e-02  2.243037e-01
 0.00000e+00  1.20000e+00       1.147e+10  7.686065e-01  0.000000e+00  3.477945e-14  2.313935e-01
 7.00000e-01  1.20000e+00       1.011e+10  7.756963e-01  0.000000e+00 -5.587400e-02  2.243037e-01
 1.40000e+00  1.20000e+00       8.241e+09  7.827615e-01  0.000000e+00 -3.635601e-02  2.172385e-01
 2.10000e+00  1.20000e+00       5.263e+09  7.752597e-01  0.000000e+00 -2.911148e-02  2.247403e-01
 2.80000e+00  1.20000e+00       2.014e+09  7.648030e-01  0.000000e+00 -6.216241e-02  2.351970e-01
 3.50000e+00  1.20000e+00       4.247e+08  7.579930e-01  0.000000e+00 -1.107899e-01  2.420070e-01
 4.20000e+00  1.20000e+00       3.984e+07  7.554049e-01  0.000000e+00 -1.423417e-01  2.445951e-01
 4.90000e+00  1.20000e+00       1.351e+06  7.560975e-01  0.000000e+00 -1.513413e-01  2.439025e-01
 5.60000e+00  1.20000e+00       1.563e+04  7.594487e-01  0.000000e+00 -1.224596e-01  2.405513e-01
 6.30000e+00  1.20000e+00       1.234e+02  5.003439e-01  0.000000e+00  4.500118e-01  4.996561e-01
 7.00000e+00  1.20000e+00       4.665e+01  4.957796e-01  0.000000e+00  8.251673e-01  5.042204e-01
-7.00000e+00  1.60000e+00       3.661e+01  2.753092e-01  0.000000e+00 -9.145809e-01  7.246908e-01
-6.30000e+00  1.60000e+00       5.788e+01 -1.889467e-02  0.000000e+00 -8.121602e-01  9.811053e-01
-5.60000e+00  1.60000e+00       3.096e+03  6.265772e-01  0.000000e+00  1.822715e-01  3.734228e-01
-4.90000e+00  1.60000e+00       2.949e+05  6.511370e-01  0.000000e+00  1.889757e-01  3.488630e-01
-4.20000e+00  1.60000e+00       9.271e+06  6.527162e-01  0.000000e+00  1.760434e-01  3.472838e-01
-3.50000e+00  1.60000e+00       1.055e+08  6.527710e-01  0.000000e+00  1.537441e-01  3.472290e-01
-2.80000e+00  1.60000e+00       5.145e+08  6.504314e-01  0.000000e+00  1.199282e-01  3.495686e-01
-2.10000e+00  1.60000e+00       1.324e+09  6.439995e-01  0.000000e+00  8.171676e-02  3.560005e-01
-1.40000e+00  1.60000e+00       2.233e+09  6.338779e-01  0.000000e+00  4.670301e-02  3.661221e-01
-7.00000e-01  1.60000e+00       3.155e+09  6.260148e-01  0.000000e+00  1.828732e-02  3.739852e-01
 0.00000e+00  1.60000e+00       3.720e+09  6.239204e-01  0.000000e+00 -6.171053e-15  3.760796e-01
 7.00000e-01  1.60000e+00       3.155e+09  6.260148e-01  0.000000e+00 -1.828732e-02  3.739852e-01
 1.40000e+00  1.60000e+00       2.233e+09  6.338779e-01  0.000000e+00 -4.670301e-02  3.661221e-01
 2.10000e+00  1.60000e+00       1.324e+09  6.439995e-01  0.000000e+00 -8.171676e-02  3.560005e-01
 2.80000e+00  1.60000e+00       5.145e+08  6.504314e-01  0.000000e+00 -1.199282e-01  3.495686e-01
 3.50000e+00  1.60000e+00       1.055e+08  6.527710e-01  0.000000e+00 -1.537441e-01  3.472290e-01
 4.20000e+00  1.60000e+00       9.271e+06  6.527162e-01  0.000000e+00 -1.760434e-01  3.472838e-01
 4.90000e+00  1.60000e+00       2.949e+05  6.511370e-01  0.000000e+00 -1.889757e-01  3.488630e-01
 5.60000e+00  1.60000e+00       3.096e+03  6.265772e-01  0.000000e+00 -1.822715e-01  3.734228e-01
 6.30000e+00  1.60000e+00       5.788e+01 -1.889467e-02  0.000000e+00  8.121602e-01  9.811053e-01
 7.00000e+00  1.60000e+00       3.661e+01  2.753092e-01  0.000000e+00  9.145809e-01  7.246908e-01
-7.00000e+00  2.00000e+00       2.706e+01  1.129170e-01  0.000000e+00 -9.382927e-01  8.870830e-01
-6.30000e+00  2.00000e+00       3.960e+01 -4.978486e-01  0.000000e+00 -8.158555e-01  5.021514e-01
-5.60000e+00  2.00000e+00       2.534e+02  2.365665e-02  0.000000e+00 -1.131821e-03  9.763433e-01
-4.90000e+00  2.00000e+00       3.704e+04  5.671088e-01  0.000000e+00  1.722198e-01  4.328912e-01
-4.20000e+00  2.00000e+00       2.056e+06  5.823196e-01  0.000000e+00  1.636074e-01  4.176804e-01
-3.50000e+00  2.00000e+00       3.545e+07  5.846050e-01  0.000000e+00  1.574856e-01  4.153950e-01
-2.80000e+00  2.00000e+00       1.997e+08  5.838496e-01  0.000000e+00  1.473934e-01  4.161504e-01
-2.10000e+00  2.00000e+00       4.614e+08  5.771267e-01  0.000000e+00  1.151635e-01  4.228733e-01
-1.40000e+00  2.00000e+00       7.852e+08  5.639706e-01  0.000000e+00  5.900879e-02  4.360294e-01
-7.00000e-01  2.00000e+00       1.033e+09  5.571659e-01  0.000000e+00  2.942779e-02  4.428341e-01
 0.00000e+00  2.00000e+00       9.764e+08  5.543975e-01  0.000000e+00 -1.219294e-16  4.456025e-01
 7.00000e-01  2.00000e+00       1.033e+09  5.571659e-01  0.000000e+00 -2.942779e-02  4.428341e-01
 1.40000e+00  2.00000e+00       7.852e+08  5.639706e-01  0.000000e+00 -5.900879e-02  4.360294e-01
 2.10000e+00  2.00000e+00       4.614e+08  5.771267e-01  0.000000e+00 -1.151635e-01  4.228733e-01
 2.80000e+00  2.00000e+00       1.997e+08  5.838496e-01  0.000000e+00 -1.473934e-01  4.161504e-01
 3.50000e+00  2.00000e+00       3.545e+07  5.846050e-01  0.000000e+00 -1.574856e-01  4.153950e-01
 4.20000e+00  2.00000e+00       2.056e+06  5.823196e-01  0.000000e+00 -1.636074e-01  4.176804e-01
 4.90000e+00  2.00000e+00       3.704e+04  5.671088e-01  0.000000e+00 -1.722198e-01  4.328912e-01
 5.60000e+00  2.00000e+00       2.534e+02  2.365665e-02  0.000000e+00  1.131821e-03  9.763433e-01
 6.30000e+00  2.00000e+00       3.960e+01 -4.978486e-01  0.000000e+00  8.158555e-01  5.021514e-01
 7.00000e+00  2.00000e+00       2.706e+01  1.129170e-01  0.000000e+00  9.382926e-01  8.870830e-01
-7.00000e+00  2.40000e+00       2.582e+01 -7.603828e-02  0.000000e+00 -9.621945e-01  9.239617e-01
-6.30000e+00  2.40000e+00       3.316e+01 -4.803117e-01  0.000000e+00 -9.164574e-01  5.196883e-01
-5.60000e+00  2.40000e+00       6.994e+01 -5.376487e-02  0.000000e+00 -3.192166e-01  9.462351e-01
-4.90000e+00  2.40000e+00       9.353e+02  8.591230e-01  0.000000e+00  4.192116e-02  1.408770e-01
-4.20000e+00  2.40000e+00       1.152e+04  8.207007e-01  0.000000e+00  6.164752e-02  1.792993e-01
-3.50000e+00  2.40000e+00       1.503e+05  2.564929e-01  0.000000e+00  1.452239e-01  7.435071e-01
-2.80000e+00  2.40000e+00       4.790e+06  4.927176e-01  0.000000e+00  8.916945e-02  5.072824e-01
-2.10000e+00  2.40000e+00       3.851e+07  5.049541e-01  0.000000e+00  7.464312e-02  4.950459e-01
-1.40000e+00  2.40000e+00       1.244e+08  5.005451e-01  0.000000e+00  5.570394e-02  4.994549e-01
-7.00000e-01  2.40000e+00       2.230e+08  4.978454e-01  0.000000e+00  2.730179e-02  5.021546e-01
 0.00000e+00  2.40000e+00       2.745e+08  4.973930e-01  0.000000e+00 -3.241799e-16  5.026070e-01
 7.00000e-01  2.40000e+00       2.230e+08  4.978454e-01  0.000000e+00 -2.730179e-02  5.021546e-01
 1.40000e+00  2.40000e+00       1.244e+08  5.005451e-01  0.000000e+00 -5.570394e-02  4.994549e-01
 2.10000e+00  2.40000e+00       3.851e+07  5.049541e-01  0.000000e+00 -7.464312e-02  4.950459e-01
 2.80000e+00  2.40000e+00       4.790e+06  4.927176e-01  0.000000e+00 -8.916945e-02  5.072824e-01
 3.50000e+00  2.40000e+00       1.503e+05  2.564929e-01  0.000000e+00 -1.452239e-01  7.435071e-01
 4.20000e+00  2.40000e+00       1.152e+04  8.207007e-01  0.000000e+00 -6.164752e-02  1.792993e-01
 4.90000e+00  2.40000e+00       9.353e+02  8.591230e-01  0.000000e+00 -4.192116e-02  1.408770e-01
 5.60000e+00  2.40000e+00       6.994e+01 -5.376487e-02  0.000000e+00  3.192166e-01  9.462351e-01
 6.30000e+00  2.40000e+00       3.316e+01 -4.803117e-01  0.000000e+00  9.164574e-01  5.196883e-01
 7.00000e+00  2.40000e+00       2.582e+01 -7.603828e-02  0.000000e+00  9.621945e-01  9.239617e-01
-7.00000e+00  2.80000e+00       2.002e+01 -2.302026e-01  0.000000e+00 -9.454796e-01  7.697974e-01
-6.30000e+00  2.80000e+00       2.387e+01 -6.005261e-01  0.000000e+00 -8.755864e-01  3.994739e-01
-5.60000e+00  2.80000e+00       5.359e+01  3.596022e-02  0.000000e+00 -2.690106e-01  9.640398e-01
-4.90000e+00  2.80000e+00       7.298e+02  9.120259e-01  0.000000e+00  1.611461e-02  8.797408e-02
-4.20000e+00  2.80000e+00       1.029e+04  9.939858e-01  0.000000e+00  1.093434e-02  6.014183e-03
-3.50000e+00  2.80000e+00       6.498e+04  9.979730e-01  0.000000e+00  3.290115e-04  2.027023e-03
-2.80000e+00  2.80000e+00       2.577e+05  9.154359e-01  0.000000e+00  2.389190e-03  8.456407e-02
-2.10000e+00  2.80000e+00       5.023e+05 -8.979733e-01  0.000000e+00 -4.365020e-03  1.020267e-01
-1.40000e+00  2.80000e+00       2.899e+07  4.119594e-01  0.000000e+00  5.447447e-04  5.880406e-01
-7.00000e-01  2.80000e+00       1.864e+08  4.722040e-01  0.000000e+00  9.049245e-04  5.277960e-01
 0.00000e+00  2.80000e+00       3.398e+08  4.800734e-01  0.000000e+00 -1.902836e-16  5.199266e-01
 7.00000e-01  2.80000e+00       1.864e+08  4.722040e-01  0.000000e+00 -9.049245e-04  5.277960e-01
 1.40000e+00  2.80000e+00       2.899e+07  4.119594e-01  0.000000e+00 -5.447447e-04  5.880406e-01
 2.10000e+00  2.80000e+00       5.023e+05 -8.979733e-01  0.000000e+00  4.365020e-03  1.020267e-01
 2.80000e+00  2.80000e+00       2.577e+05  9.154359e-01  0.000000e+00 -2.389190e-03  8.456407e-02
 3.50000e+00  2.80000e+00       6.498e+04  9.979730e-01  0.000000e+00 -3.290115e-04  2.027023e-03
 4.20000e+00  2.80000e+00       1.029e+04  9.939858e-01  0.000000e+00 -1.093434e-02  6.014183e-03
 4.90000e+00  2.80000e+00       7.298e+02  9.120259e-01  0.000000e+00 -1.611461e-02  8.797408e-02
 5.60000e+00  2.80000e+00       5.359e+01  3.596022e-02  0.000000e+00  2.690106e-01  9.640398e-01
 6.30000e+00  2.80000e+00       2.387e+01 -6.005261e-01  0.000000e+00  8.755864e-01  3.994739e-01
 7.00000e+00  2.80000e+00       2.002e+01 -2.302026e-01  0.000000e+00  9.454796e-01  7.697974e-01
-7.00000e+00  3.20000e+00       1.327e+01 -4.790183e-01  0.000000e+00 -8.534028e-01  5.209817e-01
-6.30000e+00  3.20000e+00       2.390e+01 -7.384910e-01  0.000000e+00 -7.678480e-01  2.615090e-01
-5.60000e+00  3.20000e+00       4.936e+01 -9.061762e-02  0.000000e+00 -2.636440e-01  9.093824e-01
-4.90000e+00  3.20000e+00       5.943e+02  8.964938e-01  0.000000e+00  1.384783e-02  1.035062e-01
-4.20000e+00  3.20000e+00       8.222e+03  9.957585e-01  0.000000e+00  6.851722e-03  4.241511e-03
-3.50000e+00  3.20000e+00       5.081e+04  9.889595e-01  0.000000e+00 -1.745168e-05  1.104049e-02
-2.80000e+00  3.20000e+00       1.595e+05  5.999470e-01  0.000000e+00  2.120186e-02  4.000530e-01
-2.10000e+00  3.20000e+00       3.583e+06  3.296234e-01  0.000000e+00  2.735196e-02  6.703766e-01
-1.40000e+00  3.20000e+00       5.793e+07  4.540414e-01  0.000000e+00  1.741334e-02  5.459586e-01
-7.00000e-01  3.20000e+00       2.756e+08  4.754702e-01  0.000000e+00  9.490335e-03  5.245298e-01
 0.00000e+00  3.20000e+00       4.575e+08  4.790799e-01  0.000000e+00 -2.957366e-16  5.209201e-01
 7.00000e-01  3.20000e+00       2.756e+08  4.754702e-01  0.000000e+00 -9.490335e-03  5.245298e-01
 1.40000e+00  3.20000e+00       5.793e+07  4.540414e-01  0.000000e+00 -1.741334e-02  5.459586e-01
 2.10000e+00  3.20000e+00       3.583e+06  3.296234e-01  0.000000e+00 -2.735196e-02  6.703766e-01
 2.80000e+00  3.20000e+00       1.595e+05  5.999470e-01  0.000000e+00 -2.120186e-02  4.000530e-01
 3.50000e+00  3.20000e+00       5.081e+04  9.889595e-01  0.000000e+00  1.745168e-05  1.104049e-02
 4.20000e+00  3.20000e+00       8.222e+03  9.957585e-01  0.000000e+00 -6.851722e-03  4.241511e-03
 4.90000e+00  3.20000e+00       5.943e+02  8.964938e-01  0.000000e+00 -1.384783e-02  1.035062e-01
 5.60000e+00  3.20000e+00       4.936e+01 -9.061762e-02  0.000000e+00  2.636440e-01  9.093824e-01
 6.30000e+00  3.20000e+00       2.390e+01 -7.384910e-01  0.000000e+00  7.678480e-01  2.615090e-01
 7.00000e+00  3.20000e+00       1.327e+01 -4.790183e-01  0.000000e+00  8.534028e-01  5.209817e-01
-7.00000e+00  3.60000e+00       1.229e+01 -6.909463e-01  0.000000e+00 -7.216362e-01  3.090537e-01
-6.30000e+00  3.60000e+00       3.153e+01 -8.111661e-01  0.000000e+00 -6.861849e-01  1.888339e-01
-5.60000e+00  3.60000e+00       5.294e+01 -3.286462e-01  0.000000e+00 -3.859579e-01  6.713538e-01
-4.90000e+00  3.60000e+00       4.942e+02  9.047769e-01  0.000000e+00 -6.827077e-03  9.522311e-02
-4.20000e+00  3.60000e+00       6.824e+03  9.982213e-01  0.000000e+00  4.677015e-03  1.778708e-03
-3.50000e+00  3.60000e+00       4.178e+04  9.847630e-01  0.000000e+00  7.809091e-04  1.523700e-02
-2.80000e+00  3.60000e+00       1.238e+05  5.137571e-01  0.000000e+00  3.893366e-02  4.862429e-01
-2.10000e+00  3.60000e+00       2.987e+06  3.360295e-01  0.000000e+00  4.433367e-02  6.639705e-01
-1.40000e+00  3.60000e+00       4.232e+07  4.544914e-01  0.000000e+00  2.877306e-02  5.455086e-01
-7.00000e-01  3.60000e+00       1.840e+08  4.776104e-01  0.000000e+00  1.583769e-02  5.223896e-01
 0.00000e+00  3.60000e+00       2.951e+08  4.817800e-01  0.000000e+00  1.085967e-16  5.182200e-01
 7.00000e-01  3.60000e+00       1.840e+08  4.776104e-01  0.000000e+00 -1.583769e-02  5.223896e-01
 1.40000e+00  3.60000e+00       4.232e+07  4.544914e-01  0.000000e+00 -2.877306e-02  5.455086e-01
 2.10000e+00  3.60000e+00       2.987e+06  3.360295e-01  0.000000e+00 -4.433367e-02  6.639705e-01
 2.80000e+00  3.60000e+00       1.238e+05  5.137571e-01  0.000000e+00 -3.893366e-02  4.862429e-01
 3.50000e+00  3.60000e+00       4.178e+04  9.847630e-01  0.000000e+00 -7.809091e-04  1.523700e-02
 4.20000e+00  3.60000e+00       6.824e+03  9.982213e-01  0.000000e+00 -4.677015e-03  1.778708e-03
 4.90000e+00  3.60000e+00       4.942e+02  9.047769e-01  0.000000e+00  6.827077e-03  9.522311e-02
 5.60000e+00  3.60000e+00       5.294e+01 -3.286462e-01  0.000000e+00  3.859579e-01  6.713538e-01
 6.30000e+00  3.60000e+00       3.153e+01 -8.111661e-01  0.000000e+00  6.861849e-01  1.888339e-01
 7.00000e+00  3.60000e+00       1.229e+01 -6.909463e-01  0.000000e+00  7.216362e-01  3.090537e-01
-7.00000e+00  4.00000e+00       1.646e+00 -9.560241e-01  0.000000e+00 -4.621681e-01  4.397590e-02
-6.30000e+00  4.00000e+00       1.347e+01 -8.957414e-01  0.000000e+00 -3.750033e-01  1.042586e-01
-5.60000e+00  4.00000e+00       5.791e+01 -4.018410e-01  0.000000e+00 -2.129318e-01  5.981590e-01
-4.90000e+00  4.00000e+00       4.566e+02  7.820026e-01  0.000000e+00 -1.975928e-02  2.179974e-01
-4.20000e+00  4.00000e+00       5.857e+03  9.988856e-01  0.000000e+00  1.650144e-03  1.114423e-03
-3.50000e+00  4.00000e+00       3.460e+04  9.519194e-01  0.000000e+00  7.924877e-03  4.808058e-02
-2.80000e+00  4.00000e+00       6.748e+04 -6.489844e-01  0.000000e+00  2.505464e-01  3.510156e-01
-2.10000e+00  4.00000e+00       4.568e+06  4.173273e-01  0.000000e+00  7.597163e-02  5.826727e-01
-1.40000e+00  4.00000e+00       4.320e+07  4.727268e-01  0.000000e+00  5.554485e-02  5.272732e-01
-7.00000e-01  4.00000e+00       1.457e+08  4.888133e-01  0.000000e+00  3.218906e-02  5.111867e-01
 0.00000e+00  4.00000e+00       2.116e+08  4.923395e-01  0.000000e+00 -9.833294e-17  5.076605e-01
 7.00000e-01  4.00000e+00       1.457e+08  4.888133e-01  0.000000e+00 -3.218906e-02  5.111867e-01
 1.40000e+00  4.00000e+00       4.320e+07  4.727268e-01  0.000000e+00 -5.554485e-02  5.272732e-01
 2.10000e+00  4.00000e+00       4.568e+06  4.173273e-01  0.000000e+00 -7.597163e-02  5.826727e-01
 2.80000e+00  4.00000e+00       6.748e+04 -6.489844e-01  0.000000e+00 -2.505464e-01  3.510156e-01
 3.50000e+00  4.00000e+00       3.460e+04  9.519194e-01  0.000000e+00 -7.924877e-03  4.808058e-02
 4.20000e+00  4.00000e+00       5.857e+03  9.988856e-01  0.000000e+00 -1.650144e-03  1.114423e-03
 4.90000e+00  4.00000e+00       4.566e+02  7.820026e-01  0.000000e+00  1.975928e-02  2.179974e-01
 5.60000e+00  4.00000e+00       5.791e+01 -4.018410e-01  0.000000e+00  2.129318e-01  5.981590e-01
 6.30000e+00  4.00000e+00       1.347e+01 -8.957414e-01  0.000000e+00  3.750033e-01  1.042586e-01
 7.00000e+00  4.00000e+00       1.646e+00 -9.560240e-01  0.000000e+00  4.621682e-01  4.397601e-02
