 EB(GeV)    EMITTANCEx EMITTANCEy SIZEx(m)   SIZEy(m)   DIVx(rad)  DIVy(rad)
 2.411e+00  5.499e-09  1.017e-12  8.711e-05  1.009e-06  6.313e-05  1.009e-06
 betax      alphax     betay      alphay     eta        deta       E_spread  
 1.380e+00  0.000e+00  1.000e+00  0.000e+00  0.000e+00  0.000e+00  8.600e-04
 Ibeam(A)   period(cm) #periods   Kx         Ky         Energy(eV)
 4.005e-01  1.900e+00         96  0.000e+00  1.780e+00  4.445e+04


           x            y       F.Density            PL            PC          PL45        1-|PL|
          mm           mm  ph/s/mr^2/0.1%             -             -             -             -
-7.00000e+00 -4.00000e+00       9.324e-01 -4.426381e-01  0.000000e+00  5.225862e-01  5.573619e-01
-6.30000e+00 -4.00000e+00       5.561e+00  7.163255e-02  0.000000e+00  4.402525e-01  9.283675e-01
-5.60000e+00 -4.00000e+00       2.401e+01  6.746654e-01  0.000000e+00  1.589982e-01  3.253346e-01
-4.90000e+00 -4.00000e+00       8.301e+02  9.660017e-01  0.000000e+00  5.146646e-04  3.399827e-02
-4.20000e+00 -4.00000e+00       6.034e+03  9.934200e-01  0.000000e+00  2.075575e-02  6.579952e-03
-3.50000e+00 -4.00000e+00       3.095e+03  8.976970e-01  0.000000e+00  5.258784e-01  1.023030e-01
-2.80000e+00 -4.00000e+00       1.881e+05  4.158336e-01  0.000000e+00 -3.201786e-02  5.841664e-01
-2.10000e+00 -4.00000e+00       6.355e+06  5.319844e-01  0.000000e+00 -5.692695e-02  4.680156e-01
-1.40000e+00 -4.00000e+00       5.394e+07  5.174666e-01  0.000000e+00 -5.073489e-02  4.825334e-01
-7.00000e-01 -4.00000e+00       1.735e+08  5.056180e-01  0.000000e+00 -3.125218e-02  4.943820e-01
 0.00000e+00 -4.00000e+00       2.491e+08  5.017153e-01  0.000000e+00  2.007984e-16  4.982847e-01
 7.00000e-01 -4.00000e+00       1.735e+08  5.056180e-01  0.000000e+00  3.125218e-02  4.943820e-01
 1.40000e+00 -4.00000e+00       5.394e+07  5.174666e-01  0.000000e+00  5.073489e-02  4.825334e-01
 2.10000e+00 -4.00000e+00       6.355e+06  5.319844e-01  0.000000e+00  5.692695e-02  4.680156e-01
 2.80000e+00 -4.00000e+00       1.881e+05  4.158336e-01  0.000000e+00  3.201786e-02  5.841664e-01
 3.50000e+00 -4.00000e+00       3.095e+03  8.976970e-01  0.000000e+00 -5.258784e-01  1.023030e-01
 4.20000e+00 -4.00000e+00       6.034e+03  9.934200e-01  0.000000e+00 -2.075575e-02  6.579952e-03
 4.90000e+00 -4.00000e+00       8.301e+02  9.660017e-01  0.000000e+00 -5.146646e-04  3.399827e-02
 5.60000e+00 -4.00000e+00       2.401e+01  6.746654e-01  0.000000e+00 -1.589982e-01  3.253346e-01
 6.30000e+00 -4.00000e+00       5.561e+00  7.163255e-02  0.000000e+00 -4.402525e-01  9.283674e-01
 7.00000e+00 -4.00000e+00       9.324e-01 -4.426383e-01  0.000000e+00 -5.225864e-01  5.573617e-01
-7.00000e+00 -3.60000e+00       3.488e+00 -7.596723e-01  0.000000e+00  9.328390e-01  2.403277e-01
-6.30000e+00 -3.60000e+00       6.241e+00 -1.746439e-01  0.000000e+00  9.438250e-01  8.253561e-01
-5.60000e+00 -3.60000e+00       2.504e+01  8.869026e-01  0.000000e+00  1.424285e-01  1.130974e-01
-4.90000e+00 -3.60000e+00       9.670e+02  9.717645e-01  0.000000e+00 -1.639828e-03  2.823552e-02
-4.20000e+00 -3.60000e+00       7.044e+03  9.924067e-01  0.000000e+00  2.583125e-02  7.593299e-03
-3.50000e+00 -3.60000e+00       2.149e+03  6.620190e-01  0.000000e+00  1.205499e+00  3.379810e-01
-2.80000e+00 -3.60000e+00       6.923e+04  2.109473e-01  0.000000e+00  1.498407e-01  7.890527e-01
-2.10000e+00 -3.60000e+00       4.783e+06  5.374871e-01  0.000000e+00 -2.401658e-02  4.625129e-01
-1.40000e+00 -3.60000e+00       5.378e+07  5.085534e-01  0.000000e+00 -2.606510e-02  4.914466e-01
-7.00000e-01 -3.60000e+00       2.188e+08  4.934804e-01  0.000000e+00 -1.569236e-02  5.065196e-01
 0.00000e+00 -3.60000e+00       3.460e+08  4.898011e-01  0.000000e+00 -7.838668e-17  5.101989e-01
 7.00000e-01 -3.60000e+00       2.188e+08  4.934804e-01  0.000000e+00  1.569236e-02  5.065196e-01
 1.40000e+00 -3.60000e+00       5.378e+07  5.085534e-01  0.000000e+00  2.606510e-02  4.914466e-01
 2.10000e+00 -3.60000e+00       4.783e+06  5.374871e-01  0.000000e+00  2.401658e-02  4.625129e-01
 2.80000e+00 -3.60000e+00       6.923e+04  2.109473e-01  0.000000e+00 -1.498407e-01  7.890527e-01
 3.50000e+00 -3.60000e+00       2.149e+03  6.620190e-01  0.000000e+00 -1.205499e+00  3.379810e-01
 4.20000e+00 -3.60000e+00       7.044e+03  9.924067e-01  0.000000e+00 -2.583125e-02  7.593299e-03
 4.90000e+00 -3.60000e+00       9.670e+02  9.717645e-01  0.000000e+00  1.639828e-03  2.823552e-02
 5.60000e+00 -3.60000e+00       2.504e+01  8.869026e-01  0.000000e+00 -1.424285e-01  1.130974e-01
 6.30000e+00 -3.60000e+00       6.241e+00 -1.746439e-01  0.000000e+00 -9.438250e-01  8.253561e-01
 7.00000e+00 -3.60000e+00       3.488e+00 -7.596723e-01  0.000000e+00 -9.328390e-01  2.403277e-01
-7.00000e+00 -3.20000e+00       5.707e+00 -5.609736e-01  0.000000e+00  9.755978e-01  4.390264e-01
-6.30000e+00 -3.20000e+00       8.614e+00 -3.628004e-01  0.000000e+00  9.817253e-01  6.371996e-01
-5.60000e+00 -3.20000e+00       3.022e+01  9.020665e-01  0.000000e+00  2.072220e-01  9.793350e-02
-4.90000e+00 -3.20000e+00       1.175e+03  9.709836e-01  0.000000e+00 -2.269827e-03  2.901637e-02
-4.20000e+00 -3.20000e+00       8.563e+03  9.884652e-01  0.000000e+00  2.967286e-02  1.153482e-02
-3.50000e+00 -3.20000e+00       2.265e+03  4.550141e-01  0.000000e+00  1.698093e+00  5.449859e-01
-2.80000e+00 -3.20000e+00       3.003e+04  4.650357e-01  0.000000e+00  7.311282e-01  5.349643e-01
-2.10000e+00 -3.20000e+00       3.030e+06  5.757732e-01  0.000000e+00  9.863006e-03  4.242268e-01
-1.40000e+00 -3.20000e+00       4.401e+07  5.122912e-01  0.000000e+00 -7.469249e-03  4.877088e-01
-7.00000e-01 -3.20000e+00       2.227e+08  4.891169e-01  0.000000e+00 -5.020013e-03  5.108831e-01
 0.00000e+00 -3.20000e+00       3.840e+08  4.848215e-01  0.000000e+00  4.505824e-16  5.151785e-01
 7.00000e-01 -3.20000e+00       2.227e+08  4.891169e-01  0.000000e+00  5.020013e-03  5.108831e-01
 1.40000e+00 -3.20000e+00       4.401e+07  5.122912e-01  0.000000e+00  7.469249e-03  4.877088e-01
 2.10000e+00 -3.20000e+00       3.030e+06  5.757732e-01  0.000000e+00 -9.863006e-03  4.242268e-01
 2.80000e+00 -3.20000e+00       3.003e+04  4.650357e-01  0.000000e+00 -7.311282e-01  5.349643e-01
 3.50000e+00 -3.20000e+00       2.265e+03  4.550141e-01  0.000000e+00 -1.698093e+00  5.449859e-01
 4.20000e+00 -3.20000e+00       8.563e+03  9.884652e-01  0.000000e+00 -2.967286e-02  1.153482e-02
 4.90000e+00 -3.20000e+00       1.175e+03  9.709836e-01  0.000000e+00  2.269827e-03  2.901637e-02
 5.60000e+00 -3.20000e+00       3.022e+01  9.020665e-01  0.000000e+00 -2.072220e-01  9.793350e-02
 6.30000e+00 -3.20000e+00       8.614e+00 -3.628004e-01  0.000000e+00 -9.817253e-01  6.371996e-01
 7.00000e+00 -3.20000e+00       5.707e+00 -5.609735e-01  0.000000e+00 -9.755978e-01  4.390265e-01
-7.00000e+00 -2.80000e+00       1.684e+01 -2.665173e-01  0.000000e+00  1.006956e+00  7.334827e-01
-6.30000e+00 -2.80000e+00       1.001e+01 -8.814518e-01  0.000000e+00  1.739175e+00  1.185482e-01
-5.60000e+00 -2.80000e+00       3.872e+01  9.359494e-01  0.000000e+00  1.663835e-01  6.405060e-02
-4.90000e+00 -2.80000e+00       1.524e+03  9.414809e-01  0.000000e+00 -1.380474e-02  5.851908e-02
-4.20000e+00 -2.80000e+00       1.105e+04  9.718799e-01  0.000000e+00  3.030383e-02  2.812011e-02
-3.50000e+00 -2.80000e+00       3.630e+03  7.515344e-01  0.000000e+00  1.571945e+00  2.484656e-01
-2.80000e+00 -2.80000e+00       5.040e+04  9.189167e-01  0.000000e+00  6.850433e-01  8.108329e-02
-2.10000e+00 -2.80000e+00       2.129e+06  6.530101e-01  0.000000e+00  4.259931e-02  3.469899e-01
-1.40000e+00 -2.80000e+00       3.003e+07  5.407754e-01  0.000000e+00 -1.248164e-03  4.592246e-01
-7.00000e-01 -2.80000e+00       1.546e+08  4.983498e-01  0.000000e+00 -3.015802e-03  5.016502e-01
 0.00000e+00 -2.80000e+00       2.701e+08  4.906572e-01  0.000000e+00  3.558959e-17  5.093428e-01
 7.00000e-01 -2.80000e+00       1.546e+08  4.983498e-01  0.000000e+00  3.015802e-03  5.016502e-01
 1.40000e+00 -2.80000e+00       3.003e+07  5.407754e-01  0.000000e+00  1.248164e-03  4.592246e-01
 2.10000e+00 -2.80000e+00       2.129e+06  6.530101e-01  0.000000e+00 -4.259931e-02  3.469899e-01
 2.80000e+00 -2.80000e+00       5.040e+04  9.189167e-01  0.000000e+00 -6.850433e-01  8.108329e-02
 3.50000e+00 -2.80000e+00       3.630e+03  7.515344e-01  0.000000e+00 -1.571945e+00  2.484656e-01
 4.20000e+00 -2.80000e+00       1.105e+04  9.718799e-01  0.000000e+00 -3.030383e-02  2.812011e-02
 4.90000e+00 -2.80000e+00       1.524e+03  9.414809e-01  0.000000e+00  1.380474e-02  5.851908e-02
 5.60000e+00 -2.80000e+00       3.872e+01  9.359494e-01  0.000000e+00 -1.663835e-01  6.405060e-02
 6.30000e+00 -2.80000e+00       1.001e+01 -8.814518e-01  0.000000e+00 -1.739175e+00  1.185482e-01
 7.00000e+00 -2.80000e+00       1.684e+01 -2.665173e-01  0.000000e+00 -1.006956e+00  7.334827e-01
-7.00000e+00 -2.40000e+00       2.014e+01 -9.368771e-02  0.000000e+00  1.035669e+00  9.063123e-01
-6.30000e+00 -2.40000e+00       1.053e+01 -8.656421e-01  0.000000e+00  2.114434e+00  1.343579e-01
-5.60000e+00 -2.40000e+00       5.833e+01  8.356646e-01  0.000000e+00  9.565462e-02  1.643354e-01
-4.90000e+00 -2.40000e+00       2.283e+03  8.825503e-01  0.000000e+00 -4.373279e-02  1.174497e-01
-4.20000e+00 -2.40000e+00       2.929e+04  7.505963e-01  0.000000e+00 -4.524348e-02  2.494037e-01
-3.50000e+00 -2.40000e+00       7.649e+05  5.345335e-01  0.000000e+00 -8.064817e-02  4.654665e-01
-2.80000e+00 -2.40000e+00       1.657e+07  5.265992e-01  0.000000e+00 -7.729145e-02  4.734008e-01
-2.10000e+00 -2.40000e+00       1.381e+08  5.291433e-01  0.000000e+00 -6.700193e-02  4.708567e-01
-1.40000e+00 -2.40000e+00       4.740e+08  5.263189e-01  0.000000e+00 -5.111834e-02  4.736811e-01
-7.00000e-01 -2.40000e+00       8.308e+08  5.199071e-01  0.000000e+00 -2.850956e-02  4.800929e-01
 0.00000e+00 -2.40000e+00       9.558e+08  5.160363e-01  0.000000e+00  2.056405e-16  4.839637e-01
 7.00000e-01 -2.40000e+00       8.308e+08  5.199071e-01  0.000000e+00  2.850956e-02  4.800929e-01
 1.40000e+00 -2.40000e+00       4.740e+08  5.263189e-01  0.000000e+00  5.111834e-02  4.736811e-01
 2.10000e+00 -2.40000e+00       1.381e+08  5.291433e-01  0.000000e+00  6.700193e-02  4.708567e-01
 2.80000e+00 -2.40000e+00       1.657e+07  5.265992e-01  0.000000e+00  7.729145e-02  4.734008e-01
 3.50000e+00 -2.40000e+00       7.649e+05  5.345335e-01  0.000000e+00  8.064817e-02  4.654665e-01
 4.20000e+00 -2.40000e+00       2.929e+04  7.505963e-01  0.000000e+00  4.524348e-02  2.494037e-01
 4.90000e+00 -2.40000e+00       2.283e+03  8.825503e-01  0.000000e+00  4.373279e-02  1.174497e-01
 5.60000e+00 -2.40000e+00       5.833e+01  8.356646e-01  0.000000e+00 -9.565462e-02  1.643354e-01
 6.30000e+00 -2.40000e+00       1.053e+01 -8.656421e-01  0.000000e+00 -2.114434e+00  1.343579e-01
 7.00000e+00 -2.40000e+00       2.014e+01 -9.368771e-02  0.000000e+00 -1.035669e+00  9.063123e-01
-7.00000e+00 -2.00000e+00       2.167e+01  5.688615e-02  0.000000e+00  1.056239e+00  9.431139e-01
-6.30000e+00 -2.00000e+00       5.016e+01  2.524368e-01  0.000000e+00  3.228178e-01  7.475632e-01
-5.60000e+00 -2.00000e+00       8.514e+03  5.595740e-01  0.000000e+00 -2.947030e-01  4.404260e-01
-4.90000e+00 -2.00000e+00       5.228e+05  5.601005e-01  0.000000e+00 -2.854774e-01  4.398995e-01
-4.20000e+00 -2.00000e+00       1.114e+07  5.645251e-01  0.000000e+00 -2.605635e-01  4.354749e-01
-3.50000e+00 -2.00000e+00       9.636e+07  5.723287e-01  0.000000e+00 -2.161401e-01  4.276713e-01
-2.80000e+00 -2.00000e+00       4.042e+08  5.784216e-01  0.000000e+00 -1.619109e-01  4.215784e-01
-2.10000e+00 -2.00000e+00       9.575e+08  5.778565e-01  0.000000e+00 -1.089721e-01  4.221435e-01
-1.40000e+00 -2.00000e+00       1.552e+09  5.713169e-01  0.000000e+00 -6.192493e-02  4.286831e-01
-7.00000e-01 -2.00000e+00       1.967e+09  5.631361e-01  0.000000e+00 -2.776572e-02  4.368639e-01
 0.00000e+00 -2.00000e+00       2.080e+09  5.590801e-01  0.000000e+00  3.336820e-17  4.409199e-01
 7.00000e-01 -2.00000e+00       1.967e+09  5.631361e-01  0.000000e+00  2.776572e-02  4.368639e-01
 1.40000e+00 -2.00000e+00       1.552e+09  5.713169e-01  0.000000e+00  6.192493e-02  4.286831e-01
 2.10000e+00 -2.00000e+00       9.575e+08  5.778565e-01  0.000000e+00  1.089721e-01  4.221435e-01
 2.80000e+00 -2.00000e+00       4.042e+08  5.784216e-01  0.000000e+00  1.619109e-01  4.215784e-01
 3.50000e+00 -2.00000e+00       9.636e+07  5.723287e-01  0.000000e+00  2.161401e-01  4.276713e-01
 4.20000e+00 -2.00000e+00       1.114e+07  5.645251e-01  0.000000e+00  2.605635e-01  4.354749e-01
 4.90000e+00 -2.00000e+00       5.228e+05  5.601005e-01  0.000000e+00  2.854774e-01  4.398995e-01
 5.60000e+00 -2.00000e+00       8.514e+03  5.595740e-01  0.000000e+00  2.947030e-01  4.404260e-01
 6.30000e+00 -2.00000e+00       5.016e+01  2.524368e-01  0.000000e+00 -3.228178e-01  7.475632e-01
 7.00000e+00 -2.00000e+00       2.167e+01  5.688615e-02  0.000000e+00 -1.056239e+00  9.431138e-01
-7.00000e+00 -1.60000e+00       1.923e+01  3.444341e-01  0.000000e+00  1.186816e+00  6.555659e-01
-6.30000e+00 -1.60000e+00       1.735e+01 -7.370059e-01  0.000000e+00  1.501540e+00  2.629941e-01
-5.60000e+00 -1.60000e+00       4.450e+03  6.915562e-01  0.000000e+00 -1.910961e-01  3.084438e-01
-4.90000e+00 -1.60000e+00       4.365e+05  6.554133e-01  0.000000e+00 -1.802796e-01  3.445867e-01
-4.20000e+00 -1.60000e+00       1.374e+07  6.540779e-01  0.000000e+00 -1.720258e-01  3.459221e-01
-3.50000e+00 -1.60000e+00       1.472e+08  6.536423e-01  0.000000e+00 -1.589377e-01  3.463577e-01
-2.80000e+00 -1.60000e+00       5.978e+08  6.517772e-01  0.000000e+00 -1.342850e-01  3.482228e-01
-2.10000e+00 -1.60000e+00       1.331e+09  6.454353e-01  0.000000e+00 -8.552248e-02  3.545647e-01
-1.40000e+00 -1.60000e+00       2.609e+09  6.364663e-01  0.000000e+00 -3.935122e-02  3.635337e-01
-7.00000e-01 -1.60000e+00       4.135e+09  6.288161e-01  0.000000e+00 -1.584995e-02  3.711839e-01
 0.00000e+00 -1.60000e+00       4.818e+09  6.254173e-01  0.000000e+00 -4.443013e-15  3.745827e-01
 7.00000e-01 -1.60000e+00       4.135e+09  6.288161e-01  0.000000e+00  1.584995e-02  3.711839e-01
 1.40000e+00 -1.60000e+00       2.609e+09  6.364663e-01  0.000000e+00  3.935122e-02  3.635337e-01
 2.10000e+00 -1.60000e+00       1.331e+09  6.454353e-01  0.000000e+00  8.552248e-02  3.545647e-01
 2.80000e+00 -1.60000e+00       5.978e+08  6.517772e-01  0.000000e+00  1.342850e-01  3.482228e-01
 3.50000e+00 -1.60000e+00       1.472e+08  6.536423e-01  0.000000e+00  1.589377e-01  3.463577e-01
 4.20000e+00 -1.60000e+00       1.374e+07  6.540779e-01  0.000000e+00  1.720258e-01  3.459221e-01
 4.90000e+00 -1.60000e+00       4.365e+05  6.554133e-01  0.000000e+00  1.802796e-01  3.445867e-01
 5.60000e+00 -1.60000e+00       4.450e+03  6.915562e-01  0.000000e+00  1.910961e-01  3.084438e-01
 6.30000e+00 -1.60000e+00       1.735e+01 -7.370059e-01  0.000000e+00 -1.501540e+00  2.629941e-01
 7.00000e+00 -1.60000e+00       1.923e+01  3.444342e-01  0.000000e+00 -1.186816e+00  6.555658e-01
-7.00000e+00 -1.20000e+00       1.718e+01  3.014871e-01  0.000000e+00  1.247244e+00  6.985129e-01
-6.30000e+00 -1.20000e+00       1.630e+02 -3.408825e-01  0.000000e+00  3.001723e-03  6.591175e-01
-5.60000e+00 -1.20000e+00       1.893e+04  7.312340e-01  0.000000e+00 -3.461123e-02  2.687660e-01
-4.90000e+00 -1.20000e+00       1.100e+06  7.064788e-01  0.000000e+00 -6.320860e-02  2.935212e-01
-4.20000e+00 -1.20000e+00       2.822e+07  7.081725e-01  0.000000e+00 -7.342983e-02  2.918275e-01
-3.50000e+00 -1.20000e+00       3.160e+08  7.025016e-01  0.000000e+00 -6.317268e-02  2.974984e-01
-2.80000e+00 -1.20000e+00       1.701e+09  6.852230e-01  0.000000e+00 -4.658993e-02  3.147770e-01
-2.10000e+00 -1.20000e+00       5.187e+09  6.516714e-01  0.000000e+00 -3.743444e-02  3.483286e-01
-1.40000e+00 -1.20000e+00       1.051e+10  6.315898e-01  0.000000e+00 -3.499686e-02  3.684102e-01
-7.00000e-01 -1.20000e+00       1.584e+10  6.684519e-01  0.000000e+00 -2.618997e-02  3.315481e-01
 0.00000e+00 -1.20000e+00       1.809e+10  6.995658e-01  0.000000e+00 -3.889018e-15  3.004342e-01
 7.00000e-01 -1.20000e+00       1.584e+10  6.684519e-01  0.000000e+00  2.618997e-02  3.315481e-01
 1.40000e+00 -1.20000e+00       1.051e+10  6.315898e-01  0.000000e+00  3.499686e-02  3.684102e-01
 2.10000e+00 -1.20000e+00       5.187e+09  6.516714e-01  0.000000e+00  3.743444e-02  3.483286e-01
 2.80000e+00 -1.20000e+00       1.701e+09  6.852230e-01  0.000000e+00  4.658993e-02  3.147770e-01
 3.50000e+00 -1.20000e+00       3.160e+08  7.025016e-01  0.000000e+00  6.317268e-02  2.974984e-01
 4.20000e+00 -1.20000e+00       2.822e+07  7.081725e-01  0.000000e+00  7.342983e-02  2.918275e-01
 4.90000e+00 -1.20000e+00       1.100e+06  7.064788e-01  0.000000e+00  6.320860e-02  2.935212e-01
 5.60000e+00 -1.20000e+00       1.893e+04  7.312340e-01  0.000000e+00  3.461123e-02  2.687660e-01
 6.30000e+00 -1.20000e+00       1.630e+02 -3.408825e-01  0.000000e+00 -3.001723e-03  6.591175e-01
 7.00000e+00 -1.20000e+00       1.718e+01  3.014872e-01  0.000000e+00 -1.247244e+00  6.985128e-01
-7.00000e+00 -8.00000e-01       3.759e+04 -9.088119e-02  0.000000e+00  1.342413e-01  9.091188e-01
-6.30000e+00 -8.00000e-01       4.303e+05 -6.974267e-02  0.000000e+00  1.299281e-01  9.302573e-01
-5.60000e+00 -8.00000e-01       2.223e+06  2.344941e-01  0.000000e+00  7.188365e-02  7.655059e-01
-4.90000e+00 -8.00000e-01       2.857e+07  7.446839e-01  0.000000e+00 -2.391245e-02  2.553161e-01
-4.20000e+00 -8.00000e-01       4.527e+08  7.834955e-01  0.000000e+00 -1.937477e-02  2.165045e-01
-3.50000e+00 -8.00000e-01       4.080e+09  7.807651e-01  0.000000e+00 -1.000344e-02  2.192349e-01
-2.80000e+00 -8.00000e-01       2.081e+10  7.714178e-01  0.000000e+00 -1.917214e-02  2.285822e-01
-2.10000e+00 -8.00000e-01       6.462e+10  7.528146e-01  0.000000e+00 -4.898989e-02  2.471854e-01
-1.40000e+00 -8.00000e-01       1.386e+11  7.398273e-01  0.000000e+00 -6.780671e-02  2.601727e-01
-7.00000e-01 -8.00000e-01       2.268e+11  7.615422e-01  0.000000e+00 -3.874606e-02  2.384578e-01
 0.00000e+00 -8.00000e-01       2.705e+11  7.792665e-01  0.000000e+00 -6.590961e-15  2.207335e-01
 7.00000e-01 -8.00000e-01       2.268e+11  7.615422e-01  0.000000e+00  3.874606e-02  2.384578e-01
 1.40000e+00 -8.00000e-01       1.386e+11  7.398273e-01  0.000000e+00  6.780671e-02  2.601727e-01
 2.10000e+00 -8.00000e-01       6.462e+10  7.528146e-01  0.000000e+00  4.898989e-02  2.471854e-01
 2.80000e+00 -8.00000e-01       2.081e+10  7.714178e-01  0.000000e+00  1.917214e-02  2.285822e-01
 3.50000e+00 -8.00000e-01       4.080e+09  7.807651e-01  0.000000e+00  1.000344e-02  2.192349e-01
 4.20000e+00 -8.00000e-01       4.527e+08  7.834955e-01  0.000000e+00  1.937477e-02  2.165045e-01
 4.90000e+00 -8.00000e-01       2.857e+07  7.446839e-01  0.000000e+00  2.391245e-02  2.553161e-01
 5.60000e+00 -8.00000e-01       2.223e+06  2.344941e-01  0.000000e+00 -7.188365e-02  7.655059e-01
 6.30000e+00 -8.00000e-01       4.303e+05 -6.974267e-02  0.000000e+00 -1.299281e-01  9.302573e-01
 7.00000e+00 -8.00000e-01       3.759e+04 -9.088119e-02  0.000000e+00 -1.342413e-01  9.091188e-01
-7.00000e+00 -4.00000e-01       9.811e+02  9.698564e-01  0.000000e+00 -6.897409e-03  3.014356e-02
-6.30000e+00 -4.00000e-01       1.205e+05  9.325159e-01  0.000000e+00 -1.105001e-03  6.748407e-02
-5.60000e+00 -4.00000e-01       6.745e+06  9.195480e-01  0.000000e+00 -7.138122e-03  8.045197e-02
-4.90000e+00 -4.00000e-01       2.000e+08  9.206349e-01  0.000000e+00 -1.255043e-02  7.936514e-02
-4.20000e+00 -4.00000e-01       3.290e+09  9.288022e-01  0.000000e+00 -1.479267e-02  7.119785e-02
-3.50000e+00 -4.00000e-01       2.925e+10  9.355334e-01  0.000000e+00 -1.881125e-02  6.446659e-02
-2.80000e+00 -4.00000e-01       1.439e+11  9.374244e-01  0.000000e+00 -1.054082e-02  6.257563e-02
-2.10000e+00 -4.00000e-01       4.240e+11  9.350799e-01  0.000000e+00  3.068289e-02  6.492007e-02
-1.40000e+00 -4.00000e-01       8.526e+11  9.358703e-01  0.000000e+00  8.467947e-02  6.412974e-02
-7.00000e-01 -4.00000e-01       1.303e+12  9.421860e-01  0.000000e+00  7.406176e-02  5.781404e-02
 0.00000e+00 -4.00000e-01       1.515e+12  9.451882e-01  0.000000e+00 -4.652863e-15  5.481177e-02
 7.00000e-01 -4.00000e-01       1.303e+12  9.421860e-01  0.000000e+00 -7.406176e-02  5.781404e-02
 1.40000e+00 -4.00000e-01       8.526e+11  9.358703e-01  0.000000e+00 -8.467947e-02  6.412974e-02
 2.10000e+00 -4.00000e-01       4.240e+11  9.350799e-01  0.000000e+00 -3.068289e-02  6.492007e-02
 2.80000e+00 -4.00000e-01       1.439e+11  9.374244e-01  0.000000e+00  1.054082e-02  6.257563e-02
 3.50000e+00 -4.00000e-01       2.925e+10  9.355334e-01  0.000000e+00  1.881125e-02  6.446659e-02
 4.20000e+00 -4.00000e-01       3.290e+09  9.288022e-01  0.000000e+00  1.479267e-02  7.119785e-02
 4.90000e+00 -4.00000e-01       2.000e+08  9.206349e-01  0.000000e+00  1.255043e-02  7.936514e-02
 5.60000e+00 -4.00000e-01       6.745e+06  9.195480e-01  0.000000e+00  7.138122e-03  8.045197e-02
 6.30000e+00 -4.00000e-01       1.205e+05  9.325159e-01  0.000000e+00  1.105001e-03  6.748407e-02
 7.00000e+00 -4.00000e-01       9.811e+02  9.698564e-01  0.000000e+00  6.897409e-03  3.014355e-02
-7.00000e+00  0.00000e+00       2.273e+03  9.942224e-01  0.000000e+00 -1.687434e-12  5.777628e-03
-6.30000e+00  0.00000e+00       2.975e+05  9.995435e-01  0.000000e+00 -2.833326e-14  4.564774e-04
-5.60000e+00  0.00000e+00       1.731e+07  9.999853e-01  0.000000e+00 -2.053390e-13  1.472618e-05
-4.90000e+00  0.00000e+00       4.937e+08  9.999576e-01  0.000000e+00 -1.321930e-12  4.237618e-05
-4.20000e+00  0.00000e+00       7.187e+09  9.999577e-01  0.000000e+00 -5.072459e-12  4.230314e-05
-3.50000e+00  0.00000e+00       5.613e+10  9.999580e-01  0.000000e+00 -1.130521e-11  4.201782e-05
-2.80000e+00  0.00000e+00       2.525e+11  9.999575e-01  0.000000e+00 -1.393089e-11  4.246066e-05
-2.10000e+00  0.00000e+00       6.905e+11  9.999541e-01  0.000000e+00 -7.582348e-12  4.589955e-05
-1.40000e+00  0.00000e+00       1.289e+12  9.999457e-01  0.000000e+00  4.165984e-12  5.428206e-05
-7.00000e-01  0.00000e+00       1.913e+12  9.999400e-01  0.000000e+00  7.462930e-12  5.997811e-05
 0.00000e+00  0.00000e+00       2.184e+12  9.999389e-01  0.000000e+00  5.822093e-18  6.106463e-05
 7.00000e-01  0.00000e+00       1.913e+12  9.999400e-01  0.000000e+00 -7.462918e-12  5.997811e-05
 1.40000e+00  0.00000e+00       1.289e+12  9.999457e-01  0.000000e+00 -4.165971e-12  5.428206e-05
 2.10000e+00  0.00000e+00       6.905e+11  9.999541e-01  0.000000e+00  7.582355e-12  4.589955e-05
 2.80000e+00  0.00000e+00       2.525e+11  9.999575e-01  0.000000e+00  1.393090e-11  4.246066e-05
 3.50000e+00  0.00000e+00       5.613e+10  9.999580e-01  0.000000e+00  1.130523e-11  4.201782e-05
 4.20000e+00  0.00000e+00       7.187e+09  9.999577e-01  0.000000e+00  5.072485e-12  4.230314e-05
 4.90000e+00  0.00000e+00       4.937e+08  9.999576e-01  0.000000e+00  1.321924e-12  4.237618e-05
 5.60000e+00  0.00000e+00       1.731e+07  9.999853e-01  0.000000e+00  2.043732e-13  1.472618e-05
 6.30000e+00  0.00000e+00       2.975e+05  9.995435e-01  0.000000e+00 -1.034658e-14  4.564774e-04
 7.00000e+00  0.00000e+00       2.273e+03  9.942224e-01  0.000000e+00 -3.697165e-12  5.777628e-03
-7.00000e+00  4.00000e-01       9.811e+02  9.698564e-01  0.000000e+00  6.897409e-03  3.014356e-02
-6.30000e+00  4.00000e-01       1.205e+05  9.325159e-01  0.000000e+00  1.105001e-03  6.748407e-02
-5.60000e+00  4.00000e-01       6.745e+06  9.195480e-01  0.000000e+00  7.138122e-03  8.045197e-02
-4.90000e+00  4.00000e-01       2.000e+08  9.206349e-01  0.000000e+00  1.255043e-02  7.936514e-02
-4.20000e+00  4.00000e-01       3.290e+09  9.288022e-01  0.000000e+00  1.479267e-02  7.119785e-02
-3.50000e+00  4.00000e-01       2.925e+10  9.355334e-01  0.000000e+00  1.881125e-02  6.446659e-02
-2.80000e+00  4.00000e-01       1.439e+11  9.374244e-01  0.000000e+00  1.054082e-02  6.257563e-02
-2.10000e+00  4.00000e-01       4.240e+11  9.350799e-01  0.000000e+00 -3.068289e-02  6.492007e-02
-1.40000e+00  4.00000e-01       8.526e+11  9.358703e-01  0.000000e+00 -8.467947e-02  6.412974e-02
-7.00000e-01  4.00000e-01       1.303e+12  9.421860e-01  0.000000e+00 -7.406176e-02  5.781404e-02
 0.00000e+00  4.00000e-01       1.515e+12  9.451882e-01  0.000000e+00  4.658997e-15  5.481177e-02
 7.00000e-01  4.00000e-01       1.303e+12  9.421860e-01  0.000000e+00  7.406176e-02  5.781404e-02
 1.40000e+00  4.00000e-01       8.526e+11  9.358703e-01  0.000000e+00  8.467947e-02  6.412974e-02
 2.10000e+00  4.00000e-01       4.240e+11  9.350799e-01  0.000000e+00  3.068289e-02  6.492007e-02
 2.80000e+00  4.00000e-01       1.439e+11  9.374244e-01  0.000000e+00 -1.054082e-02  6.257563e-02
 3.50000e+00  4.00000e-01       2.925e+10  9.355334e-01  0.000000e+00 -1.881125e-02  6.446659e-02
 4.20000e+00  4.00000e-01       3.290e+09  9.288022e-01  0.000000e+00 -1.479267e-02  7.119785e-02
 4.90000e+00  4.00000e-01       2.000e+08  9.206349e-01  0.000000e+00 -1.255043e-02  7.936514e-02
 5.60000e+00  4.00000e-01       6.745e+06  9.195480e-01  0.000000e+00 -7.138122e-03  8.045197e-02
 6.30000e+00  4.00000e-01       1.205e+05  9.325159e-01  0.000000e+00 -1.105001e-03  6.748407e-02
 7.00000e+00  4.00000e-01       9.811e+02  9.698564e-01  0.000000e+00 -6.897409e-03  3.014355e-02
-7.00000e+00  8.00000e-01       3.759e+04 -9.088119e-02  0.000000e+00 -1.342413e-01  9.091188e-01
-6.30000e+00  8.00000e-01       4.303e+05 -6.974267e-02  0.000000e+00 -1.299281e-01  9.302573e-01
-5.60000e+00  8.00000e-01       2.223e+06  2.344941e-01  0.000000e+00 -7.188365e-02  7.655059e-01
-4.90000e+00  8.00000e-01       2.857e+07  7.446839e-01  0.000000e+00  2.391245e-02  2.553161e-01
-4.20000e+00  8.00000e-01       4.527e+08  7.834955e-01  0.000000e+00  1.937477e-02  2.165045e-01
-3.50000e+00  8.00000e-01       4.080e+09  7.807651e-01  0.000000e+00  1.000344e-02  2.192349e-01
-2.80000e+00  8.00000e-01       2.081e+10  7.714178e-01  0.000000e+00  1.917214e-02  2.285822e-01
-2.10000e+00  8.00000e-01       6.462e+10  7.528146e-01  0.000000e+00  4.898989e-02  2.471854e-01
-1.40000e+00  8.00000e-01       1.386e+11  7.398273e-01  0.000000e+00  6.780671e-02  2.601727e-01
-7.00000e-01  8.00000e-01       2.268e+11  7.615422e-01  0.000000e+00  3.874606e-02  2.384578e-01
 0.00000e+00  8.00000e-01       2.705e+11  7.792665e-01  0.000000e+00 -6.864771e-15  2.207335e-01
 7.00000e-01  8.00000e-01       2.268e+11  7.615422e-01  0.000000e+00 -3.874606e-02  2.384578e-01
 1.40000e+00  8.00000e-01       1.386e+11  7.398273e-01  0.000000e+00 -6.780671e-02  2.601727e-01
 2.10000e+00  8.00000e-01       6.462e+10  7.528146e-01  0.000000e+00 -4.898989e-02  2.471854e-01
 2.80000e+00  8.00000e-01       2.081e+10  7.714178e-01  0.000000e+00 -1.917214e-02  2.285822e-01
 3.50000e+00  8.00000e-01       4.080e+09  7.807651e-01  0.000000e+00 -1.000344e-02  2.192349e-01
 4.20000e+00  8.00000e-01       4.527e+08  7.834955e-01  0.000000e+00 -1.937477e-02  2.165045e-01
 4.90000e+00  8.00000e-01       2.857e+07  7.446839e-01  0.000000e+00 -2.391245e-02  2.553161e-01
 5.60000e+00  8.00000e-01       2.223e+06  2.344941e-01  0.000000e+00  7.188365e-02  7.655059e-01
 6.30000e+00  8.00000e-01       4.303e+05 -6.974267e-02  0.000000e+00  1.299281e-01  9.302573e-01
 7.00000e+00  8.00000e-01       3.759e+04 -9.088119e-02  0.000000e+00  1.342413e-01  9.091188e-01
-7.00000e+00  1.20000e+00       1.718e+01  3.014871e-01  0.000000e+00 -1.247244e+00  6.985129e-01
-6.30000e+00  1.20000e+00       1.630e+02 -3.408825e-01  0.000000e+00 -3.001723e-03  6.591175e-01
-5.60000e+00  1.20000e+00       1.893e+04  7.312340e-01  0.000000e+00  3.461123e-02  2.687660e-01
-4.90000e+00  1.20000e+00       1.100e+06  7.064788e-01  0.000000e+00  6.320860e-02  2.935212e-01
-4.20000e+00  1.20000e+00       2.822e+07  7.081725e-01  0.000000e+00  7.342983e-02  2.918275e-01
-3.50000e+00  1.20000e+00       3.160e+08  7.025016e-01  0.000000e+00  6.317267e-02  2.974984e-01
-2.80000e+00  1.20000e+00       1.701e+09  6.852230e-01  0.000000e+00  4.658992e-02  3.147770e-01
-2.10000e+00  1.20000e+00       5.187e+09  6.516714e-01  0.000000e+00  3.743444e-02  3.483286e-01
-1.40000e+00  1.20000e+00       1.051e+10  6.315898e-01  0.000000e+00  3.499686e-02  3.684102e-01
-7.00000e-01  1.20000e+00       1.584e+10  6.684519e-01  0.000000e+00  2.618997e-02  3.315481e-01
 0.00000e+00  1.20000e+00       1.809e+10  6.995658e-01  0.000000e+00 -2.386917e-14  3.004342e-01
 7.00000e-01  1.20000e+00       1.584e+10  6.684519e-01  0.000000e+00 -2.618997e-02  3.315481e-01
 1.40000e+00  1.20000e+00       1.051e+10  6.315898e-01  0.000000e+00 -3.499686e-02  3.684102e-01
 2.10000e+00  1.20000e+00       5.187e+09  6.516714e-01  0.000000e+00 -3.743444e-02  3.483286e-01
 2.80000e+00  1.20000e+00       1.701e+09  6.852230e-01  0.000000e+00 -4.658992e-02  3.147770e-01
 3.50000e+00  1.20000e+00       3.160e+08  7.025016e-01  0.000000e+00 -6.317267e-02  2.974984e-01
 4.20000e+00  1.20000e+00       2.822e+07  7.081725e-01  0.000000e+00 -7.342983e-02  2.918275e-01
 4.90000e+00  1.20000e+00       1.100e+06  7.064788e-01  0.000000e+00 -6.320860e-02  2.935212e-01
 5.60000e+00  1.20000e+00       1.893e+04  7.312340e-01  0.000000e+00 -3.461123e-02  2.687660e-01
 6.30000e+00  1.20000e+00       1.630e+02 -3.408825e-01  0.000000e+00  3.001724e-03  6.591175e-01
 7.00000e+00  1.20000e+00       1.718e+01  3.014872e-01  0.000000e+00  1.247244e+00  6.985128e-01
-7.00000e+00  1.60000e+00       1.923e+01  3.444341e-01  0.000000e+00 -1.186816e+00  6.555659e-01
-6.30000e+00  1.60000e+00       1.735e+01 -7.370059e-01  0.000000e+00 -1.501540e+00  2.629941e-01
-5.60000e+00  1.60000e+00       4.450e+03  6.915562e-01  0.000000e+00  1.910961e-01  3.084438e-01
-4.90000e+00  1.60000e+00       4.365e+05  6.554133e-01  0.000000e+00  1.802796e-01  3.445867e-01
-4.20000e+00  1.60000e+00       1.374e+07  6.540779e-01  0.000000e+00  1.720258e-01  3.459221e-01
-3.50000e+00  1.60000e+00       1.472e+08  6.536423e-01  0.000000e+00  1.589377e-01  3.463577e-01
-2.80000e+00  1.60000e+00       5.978e+08  6.517772e-01  0.000000e+00  1.342849e-01  3.482228e-01
-2.10000e+00  1.60000e+00       1.331e+09  6.454353e-01  0.000000e+00  8.552247e-02  3.545647e-01
-1.40000e+00  1.60000e+00       2.609e+09  6.364663e-01  0.000000e+00  3.935123e-02  3.635337e-01
-7.00000e-01  1.60000e+00       4.135e+09  6.288161e-01  0.000000e+00  1.584996e-02  3.711839e-01
 0.00000e+00  1.60000e+00       4.818e+09  6.254173e-01  0.000000e+00  4.831647e-15  3.745827e-01
 7.00000e-01  1.60000e+00       4.135e+09  6.288161e-01  0.000000e+00 -1.584996e-02  3.711839e-01
 1.40000e+00  1.60000e+00       2.609e+09  6.364663e-01  0.000000e+00 -3.935123e-02  3.635337e-01
 2.10000e+00  1.60000e+00       1.331e+09  6.454353e-01  0.000000e+00 -8.552247e-02  3.545647e-01
 2.80000e+00  1.60000e+00       5.978e+08  6.517772e-01  0.000000e+00 -1.342849e-01  3.482228e-01
 3.50000e+00  1.60000e+00       1.472e+08  6.536423e-01  0.000000e+00 -1.589377e-01  3.463577e-01
 4.20000e+00  1.60000e+00       1.374e+07  6.540779e-01  0.000000e+00 -1.720258e-01  3.459221e-01
 4.90000e+00  1.60000e+00       4.365e+05  6.554133e-01  0.000000e+00 -1.802796e-01  3.445867e-01
 5.60000e+00  1.60000e+00       4.450e+03  6.915562e-01  0.000000e+00 -1.910961e-01  3.084438e-01
 6.30000e+00  1.60000e+00       1.735e+01 -7.370059e-01  0.000000e+00  1.501540e+00  2.629941e-01
 7.00000e+00  1.60000e+00       1.923e+01  3.444342e-01  0.000000e+00  1.186816e+00  6.555658e-01
-7.00000e+00  2.00000e+00       2.167e+01  5.688615e-02  0.000000e+00 -1.056239e+00  9.431139e-01
-6.30000e+00  2.00000e+00       5.016e+01  2.524368e-01  0.000000e+00 -3.228178e-01  7.475632e-01
-5.60000e+00  2.00000e+00       8.514e+03  5.595740e-01  0.000000e+00  2.947030e-01  4.404260e-01
-4.90000e+00  2.00000e+00       5.228e+05  5.601005e-01  0.000000e+00  2.854774e-01  4.398995e-01
-4.20000e+00  2.00000e+00       1.114e+07  5.645251e-01  0.000000e+00  2.605635e-01  4.354749e-01
-3.50000e+00  2.00000e+00       9.636e+07  5.723287e-01  0.000000e+00  2.161401e-01  4.276713e-01
-2.80000e+00  2.00000e+00       4.042e+08  5.784216e-01  0.000000e+00  1.619109e-01  4.215784e-01
-2.10000e+00  2.00000e+00       9.575e+08  5.778565e-01  0.000000e+00  1.089720e-01  4.221435e-01
-1.40000e+00  2.00000e+00       1.552e+09  5.713169e-01  0.000000e+00  6.192494e-02  4.286831e-01
-7.00000e-01  2.00000e+00       1.967e+09  5.631360e-01  0.000000e+00  2.776574e-02  4.368640e-01
 0.00000e+00  2.00000e+00       2.080e+09  5.590801e-01  0.000000e+00  2.613379e-16  4.409199e-01
 7.00000e-01  2.00000e+00       1.967e+09  5.631360e-01  0.000000e+00 -2.776574e-02  4.368640e-01
 1.40000e+00  2.00000e+00       1.552e+09  5.713169e-01  0.000000e+00 -6.192494e-02  4.286831e-01
 2.10000e+00  2.00000e+00       9.575e+08  5.778565e-01  0.000000e+00 -1.089720e-01  4.221435e-01
 2.80000e+00  2.00000e+00       4.042e+08  5.784216e-01  0.000000e+00 -1.619109e-01  4.215784e-01
 3.50000e+00  2.00000e+00       9.636e+07  5.723287e-01  0.000000e+00 -2.161401e-01  4.276713e-01
 4.20000e+00  2.00000e+00       1.114e+07  5.645251e-01  0.000000e+00 -2.605635e-01  4.354749e-01
 4.90000e+00  2.00000e+00       5.228e+05  5.601005e-01  0.000000e+00 -2.854774e-01  4.398995e-01
 5.60000e+00  2.00000e+00       8.514e+03  5.595740e-01  0.000000e+00 -2.947030e-01  4.404260e-01
 6.30000e+00  2.00000e+00       5.016e+01  2.524368e-01  0.000000e+00  3.228178e-01  7.475632e-01
 7.00000e+00  2.00000e+00       2.167e+01  5.688615e-02  0.000000e+00  1.056239e+00  9.431138e-01
-7.00000e+00  2.40000e+00       2.014e+01 -9.368771e-02  0.000000e+00 -1.035669e+00  9.063123e-01
-6.30000e+00  2.40000e+00       1.053e+01 -8.656421e-01  0.000000e+00 -2.114434e+00  1.343579e-01
-5.60000e+00  2.40000e+00       5.833e+01  8.356646e-01  0.000000e+00 -9.565481e-02  1.643354e-01
-4.90000e+00  2.40000e+00       2.283e+03  8.825504e-01  0.000000e+00  4.373201e-02  1.174496e-01
-4.20000e+00  2.40000e+00       2.929e+04  7.505961e-01  0.000000e+00  4.524033e-02  2.494039e-01
-3.50000e+00  2.40000e+00       7.649e+05  5.345334e-01  0.000000e+00  8.064624e-02  4.654666e-01
-2.80000e+00  2.40000e+00       1.657e+07  5.265991e-01  0.000000e+00  7.729103e-02  4.734009e-01
-2.10000e+00  2.40000e+00       1.381e+08  5.291433e-01  0.000000e+00  6.700189e-02  4.708567e-01
-1.40000e+00  2.40000e+00       4.740e+08  5.263189e-01  0.000000e+00  5.111840e-02  4.736811e-01
-7.00000e-01  2.40000e+00       8.308e+08  5.199071e-01  0.000000e+00  2.850962e-02  4.800929e-01
 0.00000e+00  2.40000e+00       9.558e+08  5.160363e-01  0.000000e+00  1.728275e-16  4.839637e-01
 7.00000e-01  2.40000e+00       8.308e+08  5.199071e-01  0.000000e+00 -2.850962e-02  4.800929e-01
 1.40000e+00  2.40000e+00       4.740e+08  5.263189e-01  0.000000e+00 -5.111840e-02  4.736811e-01
 2.10000e+00  2.40000e+00       1.381e+08  5.291433e-01  0.000000e+00 -6.700189e-02  4.708567e-01
 2.80000e+00  2.40000e+00       1.657e+07  5.265991e-01  0.000000e+00 -7.729103e-02  4.734009e-01
 3.50000e+00  2.40000e+00       7.649e+05  5.345334e-01  0.000000e+00 -8.064624e-02  4.654666e-01
 4.20000e+00  2.40000e+00       2.929e+04  7.505961e-01  0.000000e+00 -4.524033e-02  2.494039e-01
 4.90000e+00  2.40000e+00       2.283e+03  8.825504e-01  0.000000e+00 -4.373201e-02  1.174496e-01
 5.60000e+00  2.40000e+00       5.833e+01  8.356646e-01  0.000000e+00  9.565481e-02  1.643354e-01
 6.30000e+00  2.40000e+00       1.053e+01 -8.656421e-01  0.000000e+00  2.114434e+00  1.343579e-01
 7.00000e+00  2.40000e+00       2.014e+01 -9.368771e-02  0.000000e+00  1.035669e+00  9.063123e-01
-7.00000e+00  2.80000e+00       1.684e+01 -2.665173e-01  0.000000e+00 -1.006956e+00  7.334827e-01
-6.30000e+00  2.80000e+00       1.001e+01 -8.814518e-01  0.000000e+00 -1.739175e+00  1.185482e-01
-5.60000e+00  2.80000e+00       3.872e+01  9.359495e-01  0.000000e+00 -1.663839e-01  6.405054e-02
-4.90000e+00  2.80000e+00       1.524e+03  9.414810e-01  0.000000e+00  1.380348e-02  5.851904e-02
-4.20000e+00  2.80000e+00       1.105e+04  9.718761e-01  0.000000e+00 -3.031148e-02  2.812394e-02
-3.50000e+00  2.80000e+00       3.631e+03  7.522459e-01  0.000000e+00 -1.571402e+00  2.477541e-01
-2.80000e+00  2.80000e+00       5.037e+04  9.183573e-01  0.000000e+00 -6.853774e-01  8.164268e-02
-2.10000e+00  2.80000e+00       2.129e+06  6.529904e-01  0.000000e+00 -4.258346e-02  3.470096e-01
-1.40000e+00  2.80000e+00       3.003e+07  5.407745e-01  0.000000e+00  1.251045e-03  4.592255e-01
-7.00000e-01  2.80000e+00       1.546e+08  4.983500e-01  0.000000e+00  3.016476e-03  5.016500e-01
 0.00000e+00  2.80000e+00       2.701e+08  4.906573e-01  0.000000e+00  8.933734e-16  5.093427e-01
 7.00000e-01  2.80000e+00       1.546e+08  4.983500e-01  0.000000e+00 -3.016476e-03  5.016500e-01
 1.40000e+00  2.80000e+00       3.003e+07  5.407745e-01  0.000000e+00 -1.251045e-03  4.592255e-01
 2.10000e+00  2.80000e+00       2.129e+06  6.529904e-01  0.000000e+00  4.258346e-02  3.470096e-01
 2.80000e+00  2.80000e+00       5.037e+04  9.183573e-01  0.000000e+00  6.853774e-01  8.164268e-02
 3.50000e+00  2.80000e+00       3.631e+03  7.522459e-01  0.000000e+00  1.571402e+00  2.477541e-01
 4.20000e+00  2.80000e+00       1.105e+04  9.718761e-01  0.000000e+00  3.031148e-02  2.812394e-02
 4.90000e+00  2.80000e+00       1.524e+03  9.414810e-01  0.000000e+00 -1.380348e-02  5.851904e-02
 5.60000e+00  2.80000e+00       3.872e+01  9.359495e-01  0.000000e+00  1.663839e-01  6.405054e-02
 6.30000e+00  2.80000e+00       1.001e+01 -8.814518e-01  0.000000e+00  1.739175e+00  1.185482e-01
 7.00000e+00  2.80000e+00       1.684e+01 -2.665173e-01  0.000000e+00  1.006956e+00  7.334827e-01
-7.00000e+00  3.20000e+00       5.707e+00 -5.609736e-01  0.000000e+00 -9.755978e-01  4.390264e-01
-6.30000e+00  3.20000e+00       8.614e+00 -3.628004e-01  0.000000e+00 -9.817253e-01  6.371996e-01
-5.60000e+00  3.20000e+00       3.022e+01  9.020665e-01  0.000000e+00 -2.072224e-01  9.793348e-02
-4.90000e+00  3.20000e+00       1.175e+03  9.709829e-01  0.000000e+00  2.268331e-03  2.901706e-02
-4.20000e+00  3.20000e+00       8.563e+03  9.884483e-01  0.000000e+00 -2.967777e-02  1.155167e-02
-3.50000e+00  3.20000e+00       2.269e+03  4.584749e-01  0.000000e+00 -1.694422e+00  5.415251e-01
-2.80000e+00  3.20000e+00       2.998e+04  4.621364e-01  0.000000e+00 -7.319892e-01  5.378636e-01
-2.10000e+00  3.20000e+00       3.030e+06  5.757583e-01  0.000000e+00 -9.836966e-03  4.242417e-01
-1.40000e+00  3.20000e+00       4.401e+07  5.122910e-01  0.000000e+00  7.473058e-03  4.877090e-01
-7.00000e-01  3.20000e+00       2.227e+08  4.891171e-01  0.000000e+00  5.020807e-03  5.108829e-01
 0.00000e+00  3.20000e+00       3.840e+08  4.848217e-01  0.000000e+00  1.305369e-16  5.151783e-01
 7.00000e-01  3.20000e+00       2.227e+08  4.891171e-01  0.000000e+00 -5.020807e-03  5.108829e-01
 1.40000e+00  3.20000e+00       4.401e+07  5.122910e-01  0.000000e+00 -7.473058e-03  4.877090e-01
 2.10000e+00  3.20000e+00       3.030e+06  5.757583e-01  0.000000e+00  9.836966e-03  4.242417e-01
 2.80000e+00  3.20000e+00       2.998e+04  4.621364e-01  0.000000e+00  7.319892e-01  5.378636e-01
 3.50000e+00  3.20000e+00       2.269e+03  4.584749e-01  0.000000e+00  1.694422e+00  5.415251e-01
 4.20000e+00  3.20000e+00       8.563e+03  9.884483e-01  0.000000e+00  2.967777e-02  1.155167e-02
 4.90000e+00  3.20000e+00       1.175e+03  9.709829e-01  0.000000e+00 -2.268331e-03  2.901706e-02
 5.60000e+00  3.20000e+00       3.022e+01  9.020665e-01  0.000000e+00  2.072224e-01  9.793348e-02
 6.30000e+00  3.20000e+00       8.614e+00 -3.628004e-01  0.000000e+00  9.817253e-01  6.371996e-01
 7.00000e+00  3.20000e+00       5.707e+00 -5.609736e-01  0.000000e+00  9.755978e-01  4.390264e-01
-7.00000e+00  3.60000e+00       3.488e+00 -7.596723e-01  0.000000e+00 -9.328390e-01  2.403277e-01
-6.30000e+00  3.60000e+00       6.241e+00 -1.746440e-01  0.000000e+00 -9.438250e-01  8.253560e-01
-5.60000e+00  3.60000e+00       2.504e+01  8.869032e-01  0.000000e+00 -1.424287e-01  1.130968e-01
-4.90000e+00  3.60000e+00       9.671e+02  9.717594e-01  0.000000e+00  1.640046e-03  2.824062e-02
-4.20000e+00  3.60000e+00       7.045e+03  9.923305e-01  0.000000e+00 -2.580679e-02  7.669470e-03
-3.50000e+00  3.60000e+00       2.164e+03  6.718714e-01  0.000000e+00 -1.194628e+00  3.281286e-01
-2.80000e+00  3.60000e+00       6.955e+04  2.121484e-01  0.000000e+00 -1.482444e-01  7.878516e-01
-2.10000e+00  3.60000e+00       4.785e+06  5.374739e-01  0.000000e+00  2.406154e-02  4.625261e-01
-1.40000e+00  3.60000e+00       5.378e+07  5.085533e-01  0.000000e+00  2.607198e-02  4.914467e-01
-7.00000e-01  3.60000e+00       2.188e+08  4.934810e-01  0.000000e+00  1.569387e-02  5.065190e-01
 0.00000e+00  3.60000e+00       3.460e+08  4.898016e-01  0.000000e+00  4.365296e-16  5.101984e-01
 7.00000e-01  3.60000e+00       2.188e+08  4.934810e-01  0.000000e+00 -1.569387e-02  5.065190e-01
 1.40000e+00  3.60000e+00       5.378e+07  5.085533e-01  0.000000e+00 -2.607198e-02  4.914467e-01
 2.10000e+00  3.60000e+00       4.785e+06  5.374739e-01  0.000000e+00 -2.406154e-02  4.625261e-01
 2.80000e+00  3.60000e+00       6.955e+04  2.121484e-01  0.000000e+00  1.482444e-01  7.878516e-01
 3.50000e+00  3.60000e+00       2.164e+03  6.718714e-01  0.000000e+00  1.194628e+00  3.281286e-01
 4.20000e+00  3.60000e+00       7.045e+03  9.923305e-01  0.000000e+00  2.580679e-02  7.669470e-03
 4.90000e+00  3.60000e+00       9.671e+02  9.717594e-01  0.000000e+00 -1.640046e-03  2.824062e-02
 5.60000e+00  3.60000e+00       2.504e+01  8.869032e-01  0.000000e+00  1.424287e-01  1.130968e-01
 6.30000e+00  3.60000e+00       6.241e+00 -1.746440e-01  0.000000e+00  9.438250e-01  8.253560e-01
 7.00000e+00  3.60000e+00       3.488e+00 -7.596723e-01  0.000000e+00  9.328390e-01  2.403277e-01
-7.00000e+00  4.00000e+00       9.324e-01 -4.426381e-01  0.000000e+00 -5.225862e-01  5.573619e-01
-6.30000e+00  4.00000e+00       5.561e+00  7.163244e-02  0.000000e+00 -4.402524e-01  9.283676e-01
-5.60000e+00  4.00000e+00       2.401e+01  6.746632e-01  0.000000e+00 -1.589945e-01  3.253368e-01
-4.90000e+00  4.00000e+00       8.302e+02  9.659631e-01  0.000000e+00 -4.944182e-04  3.403693e-02
-4.20000e+00  4.00000e+00       6.039e+03  9.929421e-01  0.000000e+00 -2.048767e-02  7.057898e-03
-3.50000e+00  4.00000e+00       3.243e+03  8.782504e-01  0.000000e+00 -4.893683e-01  1.217496e-01
-2.80000e+00  4.00000e+00       1.895e+05  4.162893e-01  0.000000e+00  3.367447e-02  5.837107e-01
-2.10000e+00  4.00000e+00       6.361e+06  5.319501e-01  0.000000e+00  5.706470e-02  4.680499e-01
-1.40000e+00  4.00000e+00       5.396e+07  5.174645e-01  0.000000e+00  5.075742e-02  4.825355e-01
-7.00000e-01  4.00000e+00       1.736e+08  5.056193e-01  0.000000e+00  3.125712e-02  4.943807e-01
 0.00000e+00  4.00000e+00       2.491e+08  5.017169e-01  0.000000e+00  2.877260e-16  4.982831e-01
 7.00000e-01  4.00000e+00       1.736e+08  5.056193e-01  0.000000e+00 -3.125712e-02  4.943807e-01
 1.40000e+00  4.00000e+00       5.396e+07  5.174645e-01  0.000000e+00 -5.075742e-02  4.825355e-01
 2.10000e+00  4.00000e+00       6.361e+06  5.319501e-01  0.000000e+00 -5.706470e-02  4.680499e-01
 2.80000e+00  4.00000e+00       1.895e+05  4.162893e-01  0.000000e+00 -3.367447e-02  5.837107e-01
 3.50000e+00  4.00000e+00       3.243e+03  8.782504e-01  0.000000e+00  4.893683e-01  1.217496e-01
 4.20000e+00  4.00000e+00       6.039e+03  9.929421e-01  0.000000e+00  2.048767e-02  7.057898e-03
 4.90000e+00  4.00000e+00       8.302e+02  9.659631e-01  0.000000e+00  4.944182e-04  3.403693e-02
 5.60000e+00  4.00000e+00       2.401e+01  6.746632e-01  0.000000e+00  1.589945e-01  3.253368e-01
 6.30000e+00  4.00000e+00       5.561e+00  7.163244e-02  0.000000e+00  4.402524e-01  9.283676e-01
 7.00000e+00  4.00000e+00       9.324e-01 -4.426383e-01  0.000000e+00  5.225864e-01  5.573617e-01
