 EB(GeV)    EMITTANCEx EMITTANCEy SIZEx(m)   SIZEy(m)   DIVx(rad)  DIVy(rad)
 2.411e+00  5.499e-09  1.017e-12  8.711e-05  1.009e-06  6.313e-05  1.009e-06
 betax      alphax     betay      alphay     eta        deta       E_spread  
 1.380e+00  0.000e+00  1.000e+00  0.000e+00  0.000e+00  0.000e+00  8.600e-04
 Ibeam(A)   period(cm) #periods   Kx         Ky         Energy(eV)
 4.005e-01  1.900e+00         96  0.000e+00  1.780e+00  1.112e+04


           x            y       F.Density            PL            PC          PL45        1-|PL|
          mm           mm  ph/s/mr^2/0.1%             -             -             -             -
-7.00000e+00 -4.00000e+00       2.106e+06 -4.319268e-01  0.000000e+00 -5.250858e-01  5.680732e-01
-6.30000e+00 -4.00000e+00       2.390e+07 -5.296010e-01  0.000000e+00 -6.182366e-01  4.703990e-01
-5.60000e+00 -4.00000e+00       1.116e+08 -5.880429e-01  0.000000e+00 -7.235918e-01  4.119571e-01
-4.90000e+00 -4.00000e+00       4.493e+08  8.346615e-02  0.000000e+00 -4.860661e-01  9.165339e-01
-4.20000e+00 -4.00000e+00       1.560e+09  5.795574e-01  0.000000e+00 -2.541233e-01  4.204426e-01
-3.50000e+00 -4.00000e+00       2.691e+09  6.478009e-01  0.000000e+00 -2.233312e-01  3.521991e-01
-2.80000e+00 -4.00000e+00       3.879e+09  6.819365e-01  0.000000e+00 -2.353704e-01  3.180635e-01
-2.10000e+00 -4.00000e+00       4.725e+09  4.335537e-01  0.000000e+00 -5.467810e-01  5.664463e-01
-1.40000e+00 -4.00000e+00       9.648e+09 -7.245387e-02  0.000000e+00 -7.570160e-01  9.275461e-01
-7.00000e-01 -4.00000e+00       6.386e+10  6.955490e-01  0.000000e+00 -1.349174e-01  3.044510e-01
 0.00000e+00 -4.00000e+00       1.167e+11  8.264108e-01  0.000000e+00  4.936211e-16  1.735892e-01
 7.00000e-01 -4.00000e+00       6.386e+10  6.955490e-01  0.000000e+00  1.349174e-01  3.044510e-01
 1.40000e+00 -4.00000e+00       9.648e+09 -7.245387e-02  0.000000e+00  7.570160e-01  9.275461e-01
 2.10000e+00 -4.00000e+00       4.725e+09  4.335537e-01  0.000000e+00  5.467810e-01  5.664463e-01
 2.80000e+00 -4.00000e+00       3.879e+09  6.819365e-01  0.000000e+00  2.353704e-01  3.180635e-01
 3.50000e+00 -4.00000e+00       2.691e+09  6.478009e-01  0.000000e+00  2.233312e-01  3.521991e-01
 4.20000e+00 -4.00000e+00       1.560e+09  5.795574e-01  0.000000e+00  2.541233e-01  4.204426e-01
 4.90000e+00 -4.00000e+00       4.493e+08  8.346615e-02  0.000000e+00  4.860661e-01  9.165339e-01
 5.60000e+00 -4.00000e+00       1.116e+08 -5.880429e-01  0.000000e+00  7.235918e-01  4.119571e-01
 6.30000e+00 -4.00000e+00       2.390e+07 -5.296010e-01  0.000000e+00  6.182366e-01  4.703990e-01
 7.00000e+00 -4.00000e+00       2.106e+06 -4.319268e-01  0.000000e+00  5.250858e-01  5.680732e-01
-7.00000e+00 -3.60000e+00       1.763e+07 -6.529795e-01  0.000000e+00 -3.086971e-01  3.470205e-01
-6.30000e+00 -3.60000e+00       9.824e+07 -6.001431e-01  0.000000e+00 -4.105632e-01  3.998569e-01
-5.60000e+00 -3.60000e+00       2.937e+08 -5.111203e-01  0.000000e+00 -5.641291e-01  4.888797e-01
-4.90000e+00 -3.60000e+00       8.339e+08 -1.002667e-02  0.000000e+00 -5.075989e-01  9.899733e-01
-4.20000e+00 -3.60000e+00       2.338e+09  4.678914e-01  0.000000e+00 -3.150943e-01  5.321086e-01
-3.50000e+00 -3.60000e+00       3.949e+09  5.724693e-01  0.000000e+00 -2.631944e-01  4.275307e-01
-2.80000e+00 -3.60000e+00       5.783e+09  6.204128e-01  0.000000e+00 -2.550702e-01  3.795872e-01
-2.10000e+00 -3.60000e+00       7.156e+09  4.198507e-01  0.000000e+00 -5.439791e-01  5.801493e-01
-1.40000e+00 -3.60000e+00       1.274e+10 -7.372983e-02  0.000000e+00 -8.435351e-01  9.262702e-01
-7.00000e-01 -3.60000e+00       7.505e+10  6.718007e-01  0.000000e+00 -1.674340e-01  3.281993e-01
 0.00000e+00 -3.60000e+00       1.357e+11  8.139240e-01  0.000000e+00  5.100000e-16  1.860760e-01
 7.00000e-01 -3.60000e+00       7.505e+10  6.718007e-01  0.000000e+00  1.674340e-01  3.281993e-01
 1.40000e+00 -3.60000e+00       1.274e+10 -7.372983e-02  0.000000e+00  8.435351e-01  9.262702e-01
 2.10000e+00 -3.60000e+00       7.156e+09  4.198507e-01  0.000000e+00  5.439791e-01  5.801493e-01
 2.80000e+00 -3.60000e+00       5.783e+09  6.204128e-01  0.000000e+00  2.550702e-01  3.795872e-01
 3.50000e+00 -3.60000e+00       3.949e+09  5.724693e-01  0.000000e+00  2.631944e-01  4.275307e-01
 4.20000e+00 -3.60000e+00       2.338e+09  4.678914e-01  0.000000e+00  3.150943e-01  5.321086e-01
 4.90000e+00 -3.60000e+00       8.339e+08 -1.002667e-02  0.000000e+00  5.075989e-01  9.899733e-01
 5.60000e+00 -3.60000e+00       2.937e+08 -5.111203e-01  0.000000e+00  5.641291e-01  4.888797e-01
 6.30000e+00 -3.60000e+00       9.824e+07 -6.001431e-01  0.000000e+00  4.105632e-01  3.998569e-01
 7.00000e+00 -3.60000e+00       1.763e+07 -6.529795e-01  0.000000e+00  3.086971e-01  3.470205e-01
-7.00000e+00 -3.20000e+00       6.232e+07 -7.305148e-01  0.000000e+00 -3.864351e-02  2.694852e-01
-6.30000e+00 -3.20000e+00       2.084e+08 -6.495744e-01  0.000000e+00 -2.381446e-01  3.504256e-01
-5.60000e+00 -3.20000e+00       4.892e+08 -5.049455e-01  0.000000e+00 -4.724321e-01  4.950545e-01
-4.90000e+00 -3.20000e+00       1.270e+09 -1.755821e-02  0.000000e+00 -4.897502e-01  9.824418e-01
-4.20000e+00 -3.20000e+00       3.510e+09  4.215191e-01  0.000000e+00 -3.330587e-01  5.784809e-01
-3.50000e+00 -3.20000e+00       6.358e+09  5.235955e-01  0.000000e+00 -2.667061e-01  4.764045e-01
-2.80000e+00 -3.20000e+00       1.038e+10  5.761325e-01  0.000000e+00 -2.280949e-01  4.238675e-01
-2.10000e+00 -3.20000e+00       1.600e+10  4.441833e-01  0.000000e+00 -4.453918e-01  5.558167e-01
-1.40000e+00 -3.20000e+00       2.930e+10  1.735509e-01  0.000000e+00 -6.545359e-01  8.264491e-01
-7.00000e-01 -3.20000e+00       1.122e+11  6.382262e-01  0.000000e+00 -1.828008e-01  3.617738e-01
 0.00000e+00 -3.20000e+00       1.885e+11  7.743831e-01  0.000000e+00 -4.459458e-16  2.256169e-01
 7.00000e-01 -3.20000e+00       1.122e+11  6.382262e-01  0.000000e+00  1.828008e-01  3.617738e-01
 1.40000e+00 -3.20000e+00       2.930e+10  1.735509e-01  0.000000e+00  6.545359e-01  8.264491e-01
 2.10000e+00 -3.20000e+00       1.600e+10  4.441833e-01  0.000000e+00  4.453918e-01  5.558167e-01
 2.80000e+00 -3.20000e+00       1.038e+10  5.761325e-01  0.000000e+00  2.280949e-01  4.238675e-01
 3.50000e+00 -3.20000e+00       6.358e+09  5.235955e-01  0.000000e+00  2.667061e-01  4.764045e-01
 4.20000e+00 -3.20000e+00       3.510e+09  4.215191e-01  0.000000e+00  3.330587e-01  5.784809e-01
 4.90000e+00 -3.20000e+00       1.270e+09 -1.755821e-02  0.000000e+00  4.897502e-01  9.824418e-01
 5.60000e+00 -3.20000e+00       4.892e+08 -5.049455e-01  0.000000e+00  4.724321e-01  4.950545e-01
 6.30000e+00 -3.20000e+00       2.084e+08 -6.495744e-01  0.000000e+00  2.381446e-01  3.504256e-01
 7.00000e+00 -3.20000e+00       6.232e+07 -7.305148e-01  0.000000e+00  3.864351e-02  2.694852e-01
-7.00000e+00 -2.80000e+00       9.687e+07 -6.901502e-01  0.000000e+00  1.583530e-01  3.098498e-01
-6.30000e+00 -2.80000e+00       2.914e+08 -6.213002e-01  0.000000e+00 -1.503949e-01  3.786998e-01
-5.60000e+00 -2.80000e+00       7.779e+08 -4.197676e-01  0.000000e+00 -4.032929e-01  5.802324e-01
-4.90000e+00 -2.80000e+00       2.701e+09  8.495186e-02  0.000000e+00 -3.620378e-01  9.150481e-01
-4.20000e+00 -2.80000e+00       1.082e+10  3.406607e-01  0.000000e+00 -1.453789e-01  6.593393e-01
-3.50000e+00 -2.80000e+00       3.453e+10  3.022852e-01  0.000000e+00 -5.625422e-02  6.977148e-01
-2.80000e+00 -2.80000e+00       9.553e+10  3.366703e-01  0.000000e+00 -5.608345e-02  6.633297e-01
-2.10000e+00 -2.80000e+00       2.208e+11  4.727765e-01  0.000000e+00 -1.643151e-01  5.272235e-01
-1.40000e+00 -2.80000e+00       4.106e+11  6.414844e-01  0.000000e+00 -2.626744e-01  3.585156e-01
-7.00000e-01 -2.80000e+00       5.832e+11  7.734468e-01  0.000000e+00 -1.663135e-01  2.265532e-01
 0.00000e+00 -2.80000e+00       6.199e+11  8.236847e-01  0.000000e+00 -5.114174e-15  1.763153e-01
 7.00000e-01 -2.80000e+00       5.832e+11  7.734468e-01  0.000000e+00  1.663135e-01  2.265532e-01
 1.40000e+00 -2.80000e+00       4.106e+11  6.414844e-01  0.000000e+00  2.626744e-01  3.585156e-01
 2.10000e+00 -2.80000e+00       2.208e+11  4.727765e-01  0.000000e+00  1.643151e-01  5.272235e-01
 2.80000e+00 -2.80000e+00       9.553e+10  3.366703e-01  0.000000e+00  5.608345e-02  6.633297e-01
 3.50000e+00 -2.80000e+00       3.453e+10  3.022852e-01  0.000000e+00  5.625422e-02  6.977148e-01
 4.20000e+00 -2.80000e+00       1.082e+10  3.406607e-01  0.000000e+00  1.453789e-01  6.593393e-01
 4.90000e+00 -2.80000e+00       2.701e+09  8.495186e-02  0.000000e+00  3.620378e-01  9.150481e-01
 5.60000e+00 -2.80000e+00       7.779e+08 -4.197676e-01  0.000000e+00  4.032929e-01  5.802324e-01
 6.30000e+00 -2.80000e+00       2.914e+08 -6.213002e-01  0.000000e+00  1.503949e-01  3.786998e-01
 7.00000e+00 -2.80000e+00       9.687e+07 -6.901502e-01  0.000000e+00 -1.583530e-01  3.098498e-01
-7.00000e+00 -2.40000e+00       1.326e+08 -5.727131e-01  0.000000e+00  2.675890e-01  4.272869e-01
-6.30000e+00 -2.40000e+00       5.400e+08 -2.234363e-01  0.000000e+00 -9.897164e-02  7.765637e-01
-5.60000e+00 -2.40000e+00       3.607e+09  2.505543e-01  0.000000e+00  1.060011e-02  7.494457e-01
-4.90000e+00 -2.40000e+00       2.685e+10  2.332704e-01  0.000000e+00  1.126908e-01  7.667296e-01
-4.20000e+00 -2.40000e+00       1.544e+11  2.362859e-01  0.000000e+00 -4.386908e-02  7.637141e-01
-3.50000e+00 -2.40000e+00       6.132e+11  3.192907e-01  0.000000e+00 -6.110265e-02  6.807093e-01
-2.80000e+00 -2.40000e+00       1.645e+12  2.813218e-01  0.000000e+00  1.322392e-02  7.186782e-01
-2.10000e+00 -2.40000e+00       3.319e+12  1.822545e-01  0.000000e+00  9.103438e-02  8.177455e-01
-1.40000e+00 -2.40000e+00       5.771e+12  8.534075e-02  0.000000e+00 -1.743100e-02  9.146592e-01
-7.00000e-01 -2.40000e+00       8.747e+12  4.325583e-02  0.000000e+00 -2.689706e-01  9.567442e-01
 0.00000e+00 -2.40000e+00       9.966e+12  4.267738e-02  0.000000e+00  2.843952e-15  9.573226e-01
 7.00000e-01 -2.40000e+00       8.747e+12  4.325583e-02  0.000000e+00  2.689706e-01  9.567442e-01
 1.40000e+00 -2.40000e+00       5.771e+12  8.534075e-02  0.000000e+00  1.743100e-02  9.146592e-01
 2.10000e+00 -2.40000e+00       3.319e+12  1.822545e-01  0.000000e+00 -9.103438e-02  8.177455e-01
 2.80000e+00 -2.40000e+00       1.645e+12  2.813218e-01  0.000000e+00 -1.322392e-02  7.186782e-01
 3.50000e+00 -2.40000e+00       6.132e+11  3.192907e-01  0.000000e+00  6.110265e-02  6.807093e-01
 4.20000e+00 -2.40000e+00       1.544e+11  2.362859e-01  0.000000e+00  4.386908e-02  7.637141e-01
 4.90000e+00 -2.40000e+00       2.685e+10  2.332704e-01  0.000000e+00 -1.126908e-01  7.667296e-01
 5.60000e+00 -2.40000e+00       3.607e+09  2.505543e-01  0.000000e+00 -1.060011e-02  7.494457e-01
 6.30000e+00 -2.40000e+00       5.400e+08 -2.234363e-01  0.000000e+00  9.897164e-02  7.765637e-01
 7.00000e+00 -2.40000e+00       1.326e+08 -5.727131e-01  0.000000e+00 -2.675890e-01  4.272869e-01
-7.00000e+00 -2.00000e+00       2.532e+08 -4.364853e-01  0.000000e+00  3.603954e-01  5.635147e-01
-6.30000e+00 -2.00000e+00       2.858e+09 -2.038132e-01  0.000000e+00 -2.697638e-01  7.961868e-01
-5.60000e+00 -2.00000e+00       4.241e+10  2.814664e-01  0.000000e+00 -4.339401e-01  7.185336e-01
-4.90000e+00 -2.00000e+00       3.976e+11  5.584657e-01  0.000000e+00 -2.023045e-01  4.415343e-01
-4.20000e+00 -2.00000e+00       2.048e+12  5.152163e-01  0.000000e+00  4.351515e-02  4.847837e-01
-3.50000e+00 -2.00000e+00       6.803e+12  3.750908e-01  0.000000e+00  4.000697e-02  6.249092e-01
-2.80000e+00 -2.00000e+00       1.734e+13  3.846514e-01  0.000000e+00  6.953966e-03  6.153486e-01
-2.10000e+00 -2.00000e+00       3.405e+13  4.534043e-01  0.000000e+00  1.692333e-01  5.465957e-01
-1.40000e+00 -2.00000e+00       5.075e+13  6.106374e-01  0.000000e+00  3.732204e-01  3.893626e-01
-7.00000e-01 -2.00000e+00       4.396e+13  7.491967e-01  0.000000e+00  4.222002e-01  2.508033e-01
 0.00000e+00 -2.00000e+00       2.825e+13  8.029420e-01  0.000000e+00 -7.874846e-17  1.970580e-01
 7.00000e-01 -2.00000e+00       4.396e+13  7.491967e-01  0.000000e+00 -4.222002e-01  2.508033e-01
 1.40000e+00 -2.00000e+00       5.075e+13  6.106374e-01  0.000000e+00 -3.732204e-01  3.893626e-01
 2.10000e+00 -2.00000e+00       3.405e+13  4.534043e-01  0.000000e+00 -1.692333e-01  5.465957e-01
 2.80000e+00 -2.00000e+00       1.734e+13  3.846514e-01  0.000000e+00 -6.953966e-03  6.153486e-01
 3.50000e+00 -2.00000e+00       6.803e+12  3.750908e-01  0.000000e+00 -4.000697e-02  6.249092e-01
 4.20000e+00 -2.00000e+00       2.048e+12  5.152163e-01  0.000000e+00 -4.351515e-02  4.847837e-01
 4.90000e+00 -2.00000e+00       3.976e+11  5.584657e-01  0.000000e+00  2.023045e-01  4.415343e-01
 5.60000e+00 -2.00000e+00       4.241e+10  2.814664e-01  0.000000e+00  4.339401e-01  7.185336e-01
 6.30000e+00 -2.00000e+00       2.858e+09 -2.038132e-01  0.000000e+00  2.697638e-01  7.961868e-01
 7.00000e+00 -2.00000e+00       2.532e+08 -4.364853e-01  0.000000e+00 -3.603954e-01  5.635147e-01
-7.00000e+00 -1.60000e+00       1.771e+09  5.810286e-01  0.000000e+00  5.382176e-01  4.189714e-01
-6.30000e+00 -1.60000e+00       2.875e+10  3.510630e-01  0.000000e+00  5.905180e-01  6.489370e-01
-5.60000e+00 -1.60000e+00       3.027e+11  4.739000e-02  0.000000e+00  3.011948e-01  9.526100e-01
-4.90000e+00 -1.60000e+00       2.447e+12  1.599659e-01  0.000000e+00 -1.796283e-01  8.400341e-01
-4.20000e+00 -1.60000e+00       1.423e+13  4.901126e-01  0.000000e+00 -2.391257e-01  5.098874e-01
-3.50000e+00 -1.60000e+00       4.803e+13  5.880835e-01  0.000000e+00 -5.208982e-02  4.119165e-01
-2.80000e+00 -1.60000e+00       1.025e+14  5.025892e-01  0.000000e+00  1.067036e-02  4.974108e-01
-2.10000e+00 -1.60000e+00       1.633e+14  3.912027e-01  0.000000e+00  2.554366e-02  6.087973e-01
-1.40000e+00 -1.60000e+00       1.751e+14  2.061263e-01  0.000000e+00  2.294211e-01  7.938737e-01
-7.00000e-01 -1.60000e+00       1.105e+14  7.973682e-02  0.000000e+00  4.606880e-01  9.202632e-01
 0.00000e+00 -1.60000e+00       6.300e+13  9.389939e-02  0.000000e+00  9.052740e-15  9.061006e-01
 7.00000e-01 -1.60000e+00       1.105e+14  7.973682e-02  0.000000e+00 -4.606880e-01  9.202632e-01
 1.40000e+00 -1.60000e+00       1.751e+14  2.061263e-01  0.000000e+00 -2.294211e-01  7.938737e-01
 2.10000e+00 -1.60000e+00       1.633e+14  3.912027e-01  0.000000e+00 -2.554366e-02  6.087973e-01
 2.80000e+00 -1.60000e+00       1.025e+14  5.025892e-01  0.000000e+00 -1.067036e-02  4.974108e-01
 3.50000e+00 -1.60000e+00       4.803e+13  5.880835e-01  0.000000e+00  5.208982e-02  4.119165e-01
 4.20000e+00 -1.60000e+00       1.423e+13  4.901126e-01  0.000000e+00  2.391257e-01  5.098874e-01
 4.90000e+00 -1.60000e+00       2.447e+12  1.599659e-01  0.000000e+00  1.796283e-01  8.400341e-01
 5.60000e+00 -1.60000e+00       3.027e+11  4.739000e-02  0.000000e+00 -3.011948e-01  9.526100e-01
 6.30000e+00 -1.60000e+00       2.875e+10  3.510630e-01  0.000000e+00 -5.905180e-01  6.489370e-01
 7.00000e+00 -1.60000e+00       1.771e+09  5.810286e-01  0.000000e+00 -5.382176e-01  4.189714e-01
-7.00000e+00 -1.20000e+00       1.471e+10  9.510041e-01  0.000000e+00 -3.085804e-03  4.899588e-02
-6.30000e+00 -1.20000e+00       2.652e+11  9.164893e-01  0.000000e+00  1.822760e-01  8.351066e-02
-5.60000e+00 -1.20000e+00       2.431e+12  7.806964e-01  0.000000e+00  3.666227e-01  2.193036e-01
-4.90000e+00 -1.20000e+00       1.230e+13  5.234127e-01  0.000000e+00  3.750577e-01  4.765873e-01
-4.20000e+00 -1.20000e+00       4.807e+13  4.150470e-01  0.000000e+00  2.066932e-02  5.849530e-01
-3.50000e+00 -1.20000e+00       1.674e+14  6.034602e-01  0.000000e+00 -1.419192e-01  3.965398e-01
-2.80000e+00 -1.20000e+00       3.810e+14  6.870939e-01  0.000000e+00 -3.040914e-02  3.129061e-01
-2.10000e+00 -1.20000e+00       6.277e+14  7.148842e-01  0.000000e+00  4.646408e-02  2.851158e-01
-1.40000e+00 -1.20000e+00       8.435e+14  8.264925e-01  0.000000e+00  5.252318e-02  1.735075e-01
-7.00000e-01 -1.20000e+00       6.352e+14  9.115355e-01  0.000000e+00  1.451096e-02  8.846452e-02
 0.00000e+00 -1.20000e+00       3.529e+14  9.402049e-01  0.000000e+00  1.268130e-15  5.979506e-02
 7.00000e-01 -1.20000e+00       6.352e+14  9.115355e-01  0.000000e+00 -1.451096e-02  8.846452e-02
 1.40000e+00 -1.20000e+00       8.435e+14  8.264925e-01  0.000000e+00 -5.252318e-02  1.735075e-01
 2.10000e+00 -1.20000e+00       6.277e+14  7.148842e-01  0.000000e+00 -4.646408e-02  2.851158e-01
 2.80000e+00 -1.20000e+00       3.810e+14  6.870939e-01  0.000000e+00  3.040914e-02  3.129061e-01
 3.50000e+00 -1.20000e+00       1.674e+14  6.034602e-01  0.000000e+00  1.419192e-01  3.965398e-01
 4.20000e+00 -1.20000e+00       4.807e+13  4.150470e-01  0.000000e+00 -2.066932e-02  5.849530e-01
 4.90000e+00 -1.20000e+00       1.230e+13  5.234127e-01  0.000000e+00 -3.750577e-01  4.765873e-01
 5.60000e+00 -1.20000e+00       2.431e+12  7.806964e-01  0.000000e+00 -3.666227e-01  2.193036e-01
 6.30000e+00 -1.20000e+00       2.652e+11  9.164893e-01  0.000000e+00 -1.822760e-01  8.351066e-02
 7.00000e+00 -1.20000e+00       1.471e+10  9.510041e-01  0.000000e+00  3.085804e-03  4.899588e-02
-7.00000e+00 -8.00000e-01       5.308e+10  9.491884e-01  0.000000e+00 -2.498973e-01  5.081159e-02
-6.30000e+00 -8.00000e-01       1.037e+12  9.710241e-01  0.000000e+00 -1.166986e-01  2.897594e-02
-5.60000e+00 -8.00000e-01       1.034e+13  9.642255e-01  0.000000e+00  3.674361e-02  3.577454e-02
-4.90000e+00 -8.00000e-01       5.192e+13  9.048032e-01  0.000000e+00  1.914455e-01  9.519678e-02
-4.20000e+00 -8.00000e-01       1.450e+14  7.698208e-01  0.000000e+00  2.242783e-01  2.301792e-01
-3.50000e+00 -8.00000e-01       3.521e+14  7.192729e-01  0.000000e+00 -1.010158e-03  2.807271e-01
-2.80000e+00 -8.00000e-01       8.197e+14  8.031824e-01  0.000000e+00 -5.593115e-02  1.968176e-01
-2.10000e+00 -8.00000e-01       1.394e+15  8.474352e-01  0.000000e+00  4.031570e-02  1.525648e-01
-1.40000e+00 -8.00000e-01       2.083e+15  9.147127e-01  0.000000e+00  9.449923e-02  8.528733e-02
-7.00000e-01 -8.00000e-01       2.073e+15  9.664955e-01  0.000000e+00  8.352427e-02  3.350449e-02
 0.00000e+00 -8.00000e-01       1.510e+15  9.836445e-01  0.000000e+00  6.743708e-16  1.635554e-02
 7.00000e-01 -8.00000e-01       2.073e+15  9.664955e-01  0.000000e+00 -8.352427e-02  3.350449e-02
 1.40000e+00 -8.00000e-01       2.083e+15  9.147127e-01  0.000000e+00 -9.449923e-02  8.528733e-02
 2.10000e+00 -8.00000e-01       1.394e+15  8.474352e-01  0.000000e+00 -4.031570e-02  1.525648e-01
 2.80000e+00 -8.00000e-01       8.197e+14  8.031824e-01  0.000000e+00  5.593115e-02  1.968176e-01
 3.50000e+00 -8.00000e-01       3.521e+14  7.192729e-01  0.000000e+00  1.010158e-03  2.807271e-01
 4.20000e+00 -8.00000e-01       1.450e+14  7.698208e-01  0.000000e+00 -2.242783e-01  2.301792e-01
 4.90000e+00 -8.00000e-01       5.192e+13  9.048032e-01  0.000000e+00 -1.914455e-01  9.519678e-02
 5.60000e+00 -8.00000e-01       1.034e+13  9.642255e-01  0.000000e+00 -3.674361e-02  3.577454e-02
 6.30000e+00 -8.00000e-01       1.037e+12  9.710241e-01  0.000000e+00  1.166986e-01  2.897594e-02
 7.00000e+00 -8.00000e-01       5.308e+10  9.491884e-01  0.000000e+00  2.498973e-01  5.081159e-02
-7.00000e+00 -4.00000e-01       9.709e+10  9.695541e-01  0.000000e+00 -2.202245e-01  3.044594e-02
-6.30000e+00 -4.00000e-01       2.003e+12  9.834580e-01  0.000000e+00 -1.434580e-01  1.654200e-02
-5.60000e+00 -4.00000e-01       2.141e+13  9.901250e-01  0.000000e+00 -6.002701e-02  9.874964e-03
-4.90000e+00 -4.00000e-01       1.158e+14  9.857340e-01  0.000000e+00  2.965181e-02  1.426602e-02
-4.20000e+00 -4.00000e-01       3.179e+14  9.609046e-01  0.000000e+00  1.038500e-01  3.909540e-02
-3.50000e+00 -4.00000e-01       5.869e+14  9.237795e-01  0.000000e+00  5.980755e-02  7.622046e-02
-2.80000e+00 -4.00000e-01       1.181e+15  9.330441e-01  0.000000e+00 -3.256806e-02  6.695589e-02
-2.10000e+00 -4.00000e-01       1.750e+15  9.352464e-01  0.000000e+00 -2.632665e-02  6.475359e-02
-1.40000e+00 -4.00000e-01       1.519e+15  8.906491e-01  0.000000e+00  4.408331e-03  1.093509e-01
-7.00000e-01 -4.00000e-01       1.357e+15  8.321119e-01  0.000000e+00  5.683001e-02  1.678881e-01
 0.00000e+00 -4.00000e-01       1.643e+15  8.293295e-01  0.000000e+00  6.665596e-16  1.706705e-01
 7.00000e-01 -4.00000e-01       1.357e+15  8.321119e-01  0.000000e+00 -5.683001e-02  1.678881e-01
 1.40000e+00 -4.00000e-01       1.519e+15  8.906491e-01  0.000000e+00 -4.408331e-03  1.093509e-01
 2.10000e+00 -4.00000e-01       1.750e+15  9.352464e-01  0.000000e+00  2.632665e-02  6.475359e-02
 2.80000e+00 -4.00000e-01       1.181e+15  9.330441e-01  0.000000e+00  3.256806e-02  6.695589e-02
 3.50000e+00 -4.00000e-01       5.869e+14  9.237795e-01  0.000000e+00 -5.980755e-02  7.622046e-02
 4.20000e+00 -4.00000e-01       3.179e+14  9.609046e-01  0.000000e+00 -1.038500e-01  3.909540e-02
 4.90000e+00 -4.00000e-01       1.158e+14  9.857340e-01  0.000000e+00 -2.965181e-02  1.426602e-02
 5.60000e+00 -4.00000e-01       2.141e+13  9.901250e-01  0.000000e+00  6.002701e-02  9.874964e-03
 6.30000e+00 -4.00000e-01       2.003e+12  9.834580e-01  0.000000e+00  1.434580e-01  1.654200e-02
 7.00000e+00 -4.00000e-01       9.709e+10  9.695541e-01  0.000000e+00  2.202245e-01  3.044594e-02
-7.00000e+00  0.00000e+00       1.141e+11  9.999694e-01  0.000000e+00  4.328527e-15  3.058920e-05
-6.30000e+00  0.00000e+00       2.411e+12  9.999842e-01  0.000000e+00  1.907625e-14  1.576189e-05
-5.60000e+00  0.00000e+00       2.647e+13  9.999921e-01  0.000000e+00  5.199350e-14  7.944898e-06
-4.90000e+00  0.00000e+00       1.479e+14  9.999907e-01  0.000000e+00  9.526025e-14  9.347320e-06
-4.20000e+00  0.00000e+00       4.137e+14  9.999749e-01  0.000000e+00  2.474145e-13  2.511717e-05
-3.50000e+00  0.00000e+00       7.153e+14  9.999451e-01  0.000000e+00  7.153184e-13  5.492943e-05
-2.80000e+00  0.00000e+00       1.326e+15  9.999467e-01  0.000000e+00  7.773001e-13  5.329809e-05
-2.10000e+00  0.00000e+00       2.049e+15  9.999516e-01  0.000000e+00  4.535947e-13  4.839558e-05
-1.40000e+00  0.00000e+00       2.314e+15  9.999206e-01  0.000000e+00  2.326229e-13  7.939956e-05
-7.00000e-01  0.00000e+00       2.894e+15  9.999085e-01  0.000000e+00  8.352664e-14  9.150090e-05
 0.00000e+00  0.00000e+00       3.431e+15  9.999264e-01  0.000000e+00  1.983448e-17  7.364486e-05
 7.00000e-01  0.00000e+00       2.894e+15  9.999085e-01  0.000000e+00 -8.351037e-14  9.150090e-05
 1.40000e+00  0.00000e+00       2.314e+15  9.999206e-01  0.000000e+00 -2.326283e-13  7.939956e-05
 2.10000e+00  0.00000e+00       2.049e+15  9.999516e-01  0.000000e+00 -4.535838e-13  4.839558e-05
 2.80000e+00  0.00000e+00       1.326e+15  9.999467e-01  0.000000e+00 -7.772955e-13  5.329809e-05
 3.50000e+00  0.00000e+00       7.153e+14  9.999451e-01  0.000000e+00 -7.154184e-13  5.492943e-05
 4.20000e+00  0.00000e+00       4.137e+14  9.999749e-01  0.000000e+00 -2.475089e-13  2.511717e-05
 4.90000e+00  0.00000e+00       1.479e+14  9.999907e-01  0.000000e+00 -9.525074e-14  9.347320e-06
 5.60000e+00  0.00000e+00       2.647e+13  9.999921e-01  0.000000e+00 -5.185586e-14  7.944898e-06
 6.30000e+00  0.00000e+00       2.411e+12  9.999842e-01  0.000000e+00 -1.877644e-14  1.576189e-05
 7.00000e+00  0.00000e+00       1.141e+11  9.999694e-01  0.000000e+00 -4.260961e-15  3.058920e-05
-7.00000e+00  4.00000e-01       9.709e+10  9.695541e-01  0.000000e+00  2.202245e-01  3.044594e-02
-6.30000e+00  4.00000e-01       2.003e+12  9.834580e-01  0.000000e+00  1.434580e-01  1.654200e-02
-5.60000e+00  4.00000e-01       2.141e+13  9.901250e-01  0.000000e+00  6.002701e-02  9.874964e-03
-4.90000e+00  4.00000e-01       1.158e+14  9.857340e-01  0.000000e+00 -2.965181e-02  1.426602e-02
-4.20000e+00  4.00000e-01       3.179e+14  9.609046e-01  0.000000e+00 -1.038500e-01  3.909540e-02
-3.50000e+00  4.00000e-01       5.869e+14  9.237795e-01  0.000000e+00 -5.980755e-02  7.622046e-02
-2.80000e+00  4.00000e-01       1.181e+15  9.330441e-01  0.000000e+00  3.256806e-02  6.695589e-02
-2.10000e+00  4.00000e-01       1.750e+15  9.352464e-01  0.000000e+00  2.632665e-02  6.475359e-02
-1.40000e+00  4.00000e-01       1.519e+15  8.906491e-01  0.000000e+00 -4.408331e-03  1.093509e-01
-7.00000e-01  4.00000e-01       1.357e+15  8.321119e-01  0.000000e+00 -5.683001e-02  1.678881e-01
 0.00000e+00  4.00000e-01       1.643e+15  8.293295e-01  0.000000e+00 -6.586967e-16  1.706705e-01
 7.00000e-01  4.00000e-01       1.357e+15  8.321119e-01  0.000000e+00  5.683001e-02  1.678881e-01
 1.40000e+00  4.00000e-01       1.519e+15  8.906491e-01  0.000000e+00  4.408331e-03  1.093509e-01
 2.10000e+00  4.00000e-01       1.750e+15  9.352464e-01  0.000000e+00 -2.632665e-02  6.475359e-02
 2.80000e+00  4.00000e-01       1.181e+15  9.330441e-01  0.000000e+00 -3.256806e-02  6.695589e-02
 3.50000e+00  4.00000e-01       5.869e+14  9.237795e-01  0.000000e+00  5.980755e-02  7.622046e-02
 4.20000e+00  4.00000e-01       3.179e+14  9.609046e-01  0.000000e+00  1.038500e-01  3.909540e-02
 4.90000e+00  4.00000e-01       1.158e+14  9.857340e-01  0.000000e+00  2.965181e-02  1.426602e-02
 5.60000e+00  4.00000e-01       2.141e+13  9.901250e-01  0.000000e+00 -6.002701e-02  9.874964e-03
 6.30000e+00  4.00000e-01       2.003e+12  9.834580e-01  0.000000e+00 -1.434580e-01  1.654200e-02
 7.00000e+00  4.00000e-01       9.709e+10  9.695541e-01  0.000000e+00 -2.202245e-01  3.044594e-02
-7.00000e+00  8.00000e-01       5.308e+10  9.491884e-01  0.000000e+00  2.498973e-01  5.081159e-02
-6.30000e+00  8.00000e-01       1.037e+12  9.710241e-01  0.000000e+00  1.166986e-01  2.897594e-02
-5.60000e+00  8.00000e-01       1.034e+13  9.642255e-01  0.000000e+00 -3.674361e-02  3.577454e-02
-4.90000e+00  8.00000e-01       5.192e+13  9.048032e-01  0.000000e+00 -1.914455e-01  9.519678e-02
-4.20000e+00  8.00000e-01       1.450e+14  7.698208e-01  0.000000e+00 -2.242783e-01  2.301792e-01
-3.50000e+00  8.00000e-01       3.521e+14  7.192729e-01  0.000000e+00  1.010158e-03  2.807271e-01
-2.80000e+00  8.00000e-01       8.197e+14  8.031824e-01  0.000000e+00  5.593115e-02  1.968176e-01
-2.10000e+00  8.00000e-01       1.394e+15  8.474352e-01  0.000000e+00 -4.031570e-02  1.525648e-01
-1.40000e+00  8.00000e-01       2.083e+15  9.147127e-01  0.000000e+00 -9.449923e-02  8.528733e-02
-7.00000e-01  8.00000e-01       2.073e+15  9.664955e-01  0.000000e+00 -8.352427e-02  3.350449e-02
 0.00000e+00  8.00000e-01       1.510e+15  9.836445e-01  0.000000e+00 -1.818260e-15  1.635554e-02
 7.00000e-01  8.00000e-01       2.073e+15  9.664955e-01  0.000000e+00  8.352427e-02  3.350449e-02
 1.40000e+00  8.00000e-01       2.083e+15  9.147127e-01  0.000000e+00  9.449923e-02  8.528733e-02
 2.10000e+00  8.00000e-01       1.394e+15  8.474352e-01  0.000000e+00  4.031570e-02  1.525648e-01
 2.80000e+00  8.00000e-01       8.197e+14  8.031824e-01  0.000000e+00 -5.593115e-02  1.968176e-01
 3.50000e+00  8.00000e-01       3.521e+14  7.192729e-01  0.000000e+00 -1.010158e-03  2.807271e-01
 4.20000e+00  8.00000e-01       1.450e+14  7.698208e-01  0.000000e+00  2.242783e-01  2.301792e-01
 4.90000e+00  8.00000e-01       5.192e+13  9.048032e-01  0.000000e+00  1.914455e-01  9.519678e-02
 5.60000e+00  8.00000e-01       1.034e+13  9.642255e-01  0.000000e+00  3.674361e-02  3.577454e-02
 6.30000e+00  8.00000e-01       1.037e+12  9.710241e-01  0.000000e+00 -1.166986e-01  2.897594e-02
 7.00000e+00  8.00000e-01       5.308e+10  9.491884e-01  0.000000e+00 -2.498973e-01  5.081159e-02
-7.00000e+00  1.20000e+00       1.471e+10  9.510041e-01  0.000000e+00  3.085804e-03  4.899588e-02
-6.30000e+00  1.20000e+00       2.652e+11  9.164893e-01  0.000000e+00 -1.822760e-01  8.351066e-02
-5.60000e+00  1.20000e+00       2.431e+12  7.806964e-01  0.000000e+00 -3.666227e-01  2.193036e-01
-4.90000e+00  1.20000e+00       1.230e+13  5.234127e-01  0.000000e+00 -3.750577e-01  4.765873e-01
-4.20000e+00  1.20000e+00       4.807e+13  4.150470e-01  0.000000e+00 -2.066932e-02  5.849530e-01
-3.50000e+00  1.20000e+00       1.674e+14  6.034602e-01  0.000000e+00  1.419192e-01  3.965398e-01
-2.80000e+00  1.20000e+00       3.810e+14  6.870939e-01  0.000000e+00  3.040914e-02  3.129061e-01
-2.10000e+00  1.20000e+00       6.277e+14  7.148842e-01  0.000000e+00 -4.646408e-02  2.851158e-01
-1.40000e+00  1.20000e+00       8.435e+14  8.264925e-01  0.000000e+00 -5.252318e-02  1.735075e-01
-7.00000e-01  1.20000e+00       6.352e+14  9.115355e-01  0.000000e+00 -1.451096e-02  8.846452e-02
 0.00000e+00  1.20000e+00       3.529e+14  9.402049e-01  0.000000e+00 -7.102991e-16  5.979506e-02
 7.00000e-01  1.20000e+00       6.352e+14  9.115355e-01  0.000000e+00  1.451096e-02  8.846452e-02
 1.40000e+00  1.20000e+00       8.435e+14  8.264925e-01  0.000000e+00  5.252318e-02  1.735075e-01
 2.10000e+00  1.20000e+00       6.277e+14  7.148842e-01  0.000000e+00  4.646408e-02  2.851158e-01
 2.80000e+00  1.20000e+00       3.810e+14  6.870939e-01  0.000000e+00 -3.040914e-02  3.129061e-01
 3.50000e+00  1.20000e+00       1.674e+14  6.034602e-01  0.000000e+00 -1.419192e-01  3.965398e-01
 4.20000e+00  1.20000e+00       4.807e+13  4.150470e-01  0.000000e+00  2.066932e-02  5.849530e-01
 4.90000e+00  1.20000e+00       1.230e+13  5.234127e-01  0.000000e+00  3.750577e-01  4.765873e-01
 5.60000e+00  1.20000e+00       2.431e+12  7.806964e-01  0.000000e+00  3.666227e-01  2.193036e-01
 6.30000e+00  1.20000e+00       2.652e+11  9.164893e-01  0.000000e+00  1.822760e-01  8.351066e-02
 7.00000e+00  1.20000e+00       1.471e+10  9.510041e-01  0.000000e+00 -3.085804e-03  4.899588e-02
-7.00000e+00  1.60000e+00       1.771e+09  5.810286e-01  0.000000e+00 -5.382176e-01  4.189714e-01
-6.30000e+00  1.60000e+00       2.875e+10  3.510630e-01  0.000000e+00 -5.905180e-01  6.489370e-01
-5.60000e+00  1.60000e+00       3.027e+11  4.739000e-02  0.000000e+00 -3.011948e-01  9.526100e-01
-4.90000e+00  1.60000e+00       2.447e+12  1.599659e-01  0.000000e+00  1.796283e-01  8.400341e-01
-4.20000e+00  1.60000e+00       1.423e+13  4.901126e-01  0.000000e+00  2.391257e-01  5.098874e-01
-3.50000e+00  1.60000e+00       4.803e+13  5.880835e-01  0.000000e+00  5.208982e-02  4.119165e-01
-2.80000e+00  1.60000e+00       1.025e+14  5.025892e-01  0.000000e+00 -1.067036e-02  4.974108e-01
-2.10000e+00  1.60000e+00       1.633e+14  3.912027e-01  0.000000e+00 -2.554366e-02  6.087973e-01
-1.40000e+00  1.60000e+00       1.751e+14  2.061263e-01  0.000000e+00 -2.294211e-01  7.938737e-01
-7.00000e-01  1.60000e+00       1.105e+14  7.973682e-02  0.000000e+00 -4.606880e-01  9.202632e-01
 0.00000e+00  1.60000e+00       6.300e+13  9.389939e-02  0.000000e+00 -9.016873e-15  9.061006e-01
 7.00000e-01  1.60000e+00       1.105e+14  7.973682e-02  0.000000e+00  4.606880e-01  9.202632e-01
 1.40000e+00  1.60000e+00       1.751e+14  2.061263e-01  0.000000e+00  2.294211e-01  7.938737e-01
 2.10000e+00  1.60000e+00       1.633e+14  3.912027e-01  0.000000e+00  2.554366e-02  6.087973e-01
 2.80000e+00  1.60000e+00       1.025e+14  5.025892e-01  0.000000e+00  1.067036e-02  4.974108e-01
 3.50000e+00  1.60000e+00       4.803e+13  5.880835e-01  0.000000e+00 -5.208982e-02  4.119165e-01
 4.20000e+00  1.60000e+00       1.423e+13  4.901126e-01  0.000000e+00 -2.391257e-01  5.098874e-01
 4.90000e+00  1.60000e+00       2.447e+12  1.599659e-01  0.000000e+00 -1.796283e-01  8.400341e-01
 5.60000e+00  1.60000e+00       3.027e+11  4.739000e-02  0.000000e+00  3.011948e-01  9.526100e-01
 6.30000e+00  1.60000e+00       2.875e+10  3.510630e-01  0.000000e+00  5.905180e-01  6.489370e-01
 7.00000e+00  1.60000e+00       1.771e+09  5.810286e-01  0.000000e+00  5.382176e-01  4.189714e-01
-7.00000e+00  2.00000e+00       2.532e+08 -4.364853e-01  0.000000e+00 -3.603954e-01  5.635147e-01
-6.30000e+00  2.00000e+00       2.858e+09 -2.038132e-01  0.000000e+00  2.697638e-01  7.961868e-01
-5.60000e+00  2.00000e+00       4.241e+10  2.814664e-01  0.000000e+00  4.339401e-01  7.185336e-01
-4.90000e+00  2.00000e+00       3.976e+11  5.584657e-01  0.000000e+00  2.023045e-01  4.415343e-01
-4.20000e+00  2.00000e+00       2.048e+12  5.152163e-01  0.000000e+00 -4.351515e-02  4.847837e-01
-3.50000e+00  2.00000e+00       6.803e+12  3.750908e-01  0.000000e+00 -4.000697e-02  6.249092e-01
-2.80000e+00  2.00000e+00       1.734e+13  3.846514e-01  0.000000e+00 -6.953966e-03  6.153486e-01
-2.10000e+00  2.00000e+00       3.405e+13  4.534043e-01  0.000000e+00 -1.692333e-01  5.465957e-01
-1.40000e+00  2.00000e+00       5.075e+13  6.106374e-01  0.000000e+00 -3.732204e-01  3.893626e-01
-7.00000e-01  2.00000e+00       4.396e+13  7.491967e-01  0.000000e+00 -4.222002e-01  2.508033e-01
 0.00000e+00  2.00000e+00       2.825e+13  8.029420e-01  0.000000e+00  5.077870e-17  1.970580e-01
 7.00000e-01  2.00000e+00       4.396e+13  7.491967e-01  0.000000e+00  4.222002e-01  2.508033e-01
 1.40000e+00  2.00000e+00       5.075e+13  6.106374e-01  0.000000e+00  3.732204e-01  3.893626e-01
 2.10000e+00  2.00000e+00       3.405e+13  4.534043e-01  0.000000e+00  1.692333e-01  5.465957e-01
 2.80000e+00  2.00000e+00       1.734e+13  3.846514e-01  0.000000e+00  6.953966e-03  6.153486e-01
 3.50000e+00  2.00000e+00       6.803e+12  3.750908e-01  0.000000e+00  4.000697e-02  6.249092e-01
 4.20000e+00  2.00000e+00       2.048e+12  5.152163e-01  0.000000e+00  4.351515e-02  4.847837e-01
 4.90000e+00  2.00000e+00       3.976e+11  5.584657e-01  0.000000e+00 -2.023045e-01  4.415343e-01
 5.60000e+00  2.00000e+00       4.241e+10  2.814664e-01  0.000000e+00 -4.339401e-01  7.185336e-01
 6.30000e+00  2.00000e+00       2.858e+09 -2.038132e-01  0.000000e+00 -2.697638e-01  7.961868e-01
 7.00000e+00  2.00000e+00       2.532e+08 -4.364853e-01  0.000000e+00  3.603954e-01  5.635147e-01
-7.00000e+00  2.40000e+00       1.326e+08 -5.727131e-01  0.000000e+00 -2.675890e-01  4.272869e-01
-6.30000e+00  2.40000e+00       5.400e+08 -2.234363e-01  0.000000e+00  9.897164e-02  7.765637e-01
-5.60000e+00  2.40000e+00       3.607e+09  2.505543e-01  0.000000e+00 -1.060011e-02  7.494457e-01
-4.90000e+00  2.40000e+00       2.685e+10  2.332704e-01  0.000000e+00 -1.126908e-01  7.667296e-01
-4.20000e+00  2.40000e+00       1.544e+11  2.362859e-01  0.000000e+00  4.386908e-02  7.637141e-01
-3.50000e+00  2.40000e+00       6.132e+11  3.192907e-01  0.000000e+00  6.110266e-02  6.807093e-01
-2.80000e+00  2.40000e+00       1.645e+12  2.813218e-01  0.000000e+00 -1.322392e-02  7.186782e-01
-2.10000e+00  2.40000e+00       3.319e+12  1.822545e-01  0.000000e+00 -9.103437e-02  8.177455e-01
-1.40000e+00  2.40000e+00       5.771e+12  8.534075e-02  0.000000e+00  1.743100e-02  9.146592e-01
-7.00000e-01  2.40000e+00       8.747e+12  4.325583e-02  0.000000e+00  2.689706e-01  9.567442e-01
 0.00000e+00  2.40000e+00       9.966e+12  4.267738e-02  0.000000e+00 -2.857918e-15  9.573226e-01
 7.00000e-01  2.40000e+00       8.747e+12  4.325583e-02  0.000000e+00 -2.689706e-01  9.567442e-01
 1.40000e+00  2.40000e+00       5.771e+12  8.534075e-02  0.000000e+00 -1.743100e-02  9.146592e-01
 2.10000e+00  2.40000e+00       3.319e+12  1.822545e-01  0.000000e+00  9.103437e-02  8.177455e-01
 2.80000e+00  2.40000e+00       1.645e+12  2.813218e-01  0.000000e+00  1.322392e-02  7.186782e-01
 3.50000e+00  2.40000e+00       6.132e+11  3.192907e-01  0.000000e+00 -6.110266e-02  6.807093e-01
 4.20000e+00  2.40000e+00       1.544e+11  2.362859e-01  0.000000e+00 -4.386908e-02  7.637141e-01
 4.90000e+00  2.40000e+00       2.685e+10  2.332704e-01  0.000000e+00  1.126908e-01  7.667296e-01
 5.60000e+00  2.40000e+00       3.607e+09  2.505543e-01  0.000000e+00  1.060011e-02  7.494457e-01
 6.30000e+00  2.40000e+00       5.400e+08 -2.234363e-01  0.000000e+00 -9.897164e-02  7.765637e-01
 7.00000e+00  2.40000e+00       1.326e+08 -5.727131e-01  0.000000e+00  2.675890e-01  4.272869e-01
-7.00000e+00  2.80000e+00       9.687e+07 -6.901502e-01  0.000000e+00 -1.583530e-01  3.098498e-01
-6.30000e+00  2.80000e+00       2.914e+08 -6.213002e-01  0.000000e+00  1.503949e-01  3.786998e-01
-5.60000e+00  2.80000e+00       7.779e+08 -4.197676e-01  0.000000e+00  4.032929e-01  5.802324e-01
-4.90000e+00  2.80000e+00       2.701e+09  8.495187e-02  0.000000e+00  3.620379e-01  9.150481e-01
-4.20000e+00  2.80000e+00       1.082e+10  3.406607e-01  0.000000e+00  1.453789e-01  6.593393e-01
-3.50000e+00  2.80000e+00       3.453e+10  3.022852e-01  0.000000e+00  5.625431e-02  6.977148e-01
-2.80000e+00  2.80000e+00       9.553e+10  3.366703e-01  0.000000e+00  5.608351e-02  6.633297e-01
-2.10000e+00  2.80000e+00       2.208e+11  4.727765e-01  0.000000e+00  1.643151e-01  5.272235e-01
-1.40000e+00  2.80000e+00       4.106e+11  6.414844e-01  0.000000e+00  2.626744e-01  3.585156e-01
-7.00000e-01  2.80000e+00       5.832e+11  7.734468e-01  0.000000e+00  1.663135e-01  2.265532e-01
 0.00000e+00  2.80000e+00       6.199e+11  8.236847e-01  0.000000e+00  5.371267e-15  1.763153e-01
 7.00000e-01  2.80000e+00       5.832e+11  7.734468e-01  0.000000e+00 -1.663135e-01  2.265532e-01
 1.40000e+00  2.80000e+00       4.106e+11  6.414844e-01  0.000000e+00 -2.626744e-01  3.585156e-01
 2.10000e+00  2.80000e+00       2.208e+11  4.727765e-01  0.000000e+00 -1.643151e-01  5.272235e-01
 2.80000e+00  2.80000e+00       9.553e+10  3.366703e-01  0.000000e+00 -5.608351e-02  6.633297e-01
 3.50000e+00  2.80000e+00       3.453e+10  3.022852e-01  0.000000e+00 -5.625431e-02  6.977148e-01
 4.20000e+00  2.80000e+00       1.082e+10  3.406607e-01  0.000000e+00 -1.453789e-01  6.593393e-01
 4.90000e+00  2.80000e+00       2.701e+09  8.495187e-02  0.000000e+00 -3.620379e-01  9.150481e-01
 5.60000e+00  2.80000e+00       7.779e+08 -4.197676e-01  0.000000e+00 -4.032929e-01  5.802324e-01
 6.30000e+00  2.80000e+00       2.914e+08 -6.213002e-01  0.000000e+00 -1.503949e-01  3.786998e-01
 7.00000e+00  2.80000e+00       9.687e+07 -6.901502e-01  0.000000e+00  1.583530e-01  3.098498e-01
-7.00000e+00  3.20000e+00       6.232e+07 -7.305148e-01  0.000000e+00  3.864351e-02  2.694852e-01
-6.30000e+00  3.20000e+00       2.084e+08 -6.495744e-01  0.000000e+00  2.381446e-01  3.504256e-01
-5.60000e+00  3.20000e+00       4.892e+08 -5.049455e-01  0.000000e+00  4.724321e-01  4.950545e-01
-4.90000e+00  3.20000e+00       1.270e+09 -1.755817e-02  0.000000e+00  4.897502e-01  9.824418e-01
-4.20000e+00  3.20000e+00       3.510e+09  4.215190e-01  0.000000e+00  3.330588e-01  5.784810e-01
-3.50000e+00  3.20000e+00       6.358e+09  5.235953e-01  0.000000e+00  2.667065e-01  4.764047e-01
-2.80000e+00  3.20000e+00       1.038e+10  5.761321e-01  0.000000e+00  2.280954e-01  4.238679e-01
-2.10000e+00  3.20000e+00       1.600e+10  4.441833e-01  0.000000e+00  4.453917e-01  5.558167e-01
-1.40000e+00  3.20000e+00       2.930e+10  1.735512e-01  0.000000e+00  6.545355e-01  8.264488e-01
-7.00000e-01  3.20000e+00       1.122e+11  6.382262e-01  0.000000e+00  1.828008e-01  3.617738e-01
 0.00000e+00  3.20000e+00       1.885e+11  7.743831e-01  0.000000e+00 -3.123144e-16  2.256169e-01
 7.00000e-01  3.20000e+00       1.122e+11  6.382262e-01  0.000000e+00 -1.828008e-01  3.617738e-01
 1.40000e+00  3.20000e+00       2.930e+10  1.735512e-01  0.000000e+00 -6.545355e-01  8.264488e-01
 2.10000e+00  3.20000e+00       1.600e+10  4.441833e-01  0.000000e+00 -4.453917e-01  5.558167e-01
 2.80000e+00  3.20000e+00       1.038e+10  5.761321e-01  0.000000e+00 -2.280954e-01  4.238679e-01
 3.50000e+00  3.20000e+00       6.358e+09  5.235953e-01  0.000000e+00 -2.667065e-01  4.764047e-01
 4.20000e+00  3.20000e+00       3.510e+09  4.215190e-01  0.000000e+00 -3.330588e-01  5.784810e-01
 4.90000e+00  3.20000e+00       1.270e+09 -1.755817e-02  0.000000e+00 -4.897502e-01  9.824418e-01
 5.60000e+00  3.20000e+00       4.892e+08 -5.049455e-01  0.000000e+00 -4.724321e-01  4.950545e-01
 6.30000e+00  3.20000e+00       2.084e+08 -6.495744e-01  0.000000e+00 -2.381446e-01  3.504256e-01
 7.00000e+00  3.20000e+00       6.232e+07 -7.305148e-01  0.000000e+00 -3.864351e-02  2.694852e-01
-7.00000e+00  3.60000e+00       1.763e+07 -6.529795e-01  0.000000e+00  3.086971e-01  3.470205e-01
-6.30000e+00  3.60000e+00       9.824e+07 -6.001431e-01  0.000000e+00  4.105632e-01  3.998569e-01
-5.60000e+00  3.60000e+00       2.937e+08 -5.111202e-01  0.000000e+00  5.641291e-01  4.888798e-01
-4.90000e+00  3.60000e+00       8.339e+08 -1.002654e-02  0.000000e+00  5.075990e-01  9.899735e-01
-4.20000e+00  3.60000e+00       2.338e+09  4.678910e-01  0.000000e+00  3.150948e-01  5.321090e-01
-3.50000e+00  3.60000e+00       3.949e+09  5.724681e-01  0.000000e+00  2.631957e-01  4.275319e-01
-2.80000e+00  3.60000e+00       5.783e+09  6.204109e-01  0.000000e+00  2.550717e-01  3.795891e-01
-2.10000e+00  3.60000e+00       7.156e+09  4.198509e-01  0.000000e+00  5.439771e-01  5.801491e-01
-1.40000e+00  3.60000e+00       1.274e+10 -7.372705e-02  0.000000e+00  8.435320e-01  9.262729e-01
-7.00000e-01  3.60000e+00       7.505e+10  6.718006e-01  0.000000e+00  1.674340e-01  3.281994e-01
 0.00000e+00  3.60000e+00       1.357e+11  8.139240e-01  0.000000e+00  4.616501e-16  1.860760e-01
 7.00000e-01  3.60000e+00       7.505e+10  6.718006e-01  0.000000e+00 -1.674340e-01  3.281994e-01
 1.40000e+00  3.60000e+00       1.274e+10 -7.372705e-02  0.000000e+00 -8.435320e-01  9.262729e-01
 2.10000e+00  3.60000e+00       7.156e+09  4.198509e-01  0.000000e+00 -5.439771e-01  5.801491e-01
 2.80000e+00  3.60000e+00       5.783e+09  6.204109e-01  0.000000e+00 -2.550717e-01  3.795891e-01
 3.50000e+00  3.60000e+00       3.949e+09  5.724681e-01  0.000000e+00 -2.631957e-01  4.275319e-01
 4.20000e+00  3.60000e+00       2.338e+09  4.678910e-01  0.000000e+00 -3.150948e-01  5.321090e-01
 4.90000e+00  3.60000e+00       8.339e+08 -1.002654e-02  0.000000e+00 -5.075990e-01  9.899735e-01
 5.60000e+00  3.60000e+00       2.937e+08 -5.111202e-01  0.000000e+00 -5.641291e-01  4.888798e-01
 6.30000e+00  3.60000e+00       9.824e+07 -6.001431e-01  0.000000e+00 -4.105632e-01  3.998569e-01
 7.00000e+00  3.60000e+00       1.763e+07 -6.529795e-01  0.000000e+00 -3.086971e-01  3.470205e-01
-7.00000e+00  4.00000e+00       2.106e+06 -4.319267e-01  0.000000e+00  5.250858e-01  5.680733e-01
-6.30000e+00  4.00000e+00       2.390e+07 -5.296009e-01  0.000000e+00  6.182366e-01  4.703991e-01
-5.60000e+00  4.00000e+00       1.116e+08 -5.880420e-01  0.000000e+00  7.235917e-01  4.119580e-01
-4.90000e+00  4.00000e+00       4.493e+08  8.346662e-02  0.000000e+00  4.860666e-01  9.165334e-01
-4.20000e+00  4.00000e+00       1.560e+09  5.795544e-01  0.000000e+00  2.541261e-01  4.204456e-01
-3.50000e+00  4.00000e+00       2.691e+09  6.477930e-01  0.000000e+00  2.233380e-01  3.522070e-01
-2.80000e+00  4.00000e+00       3.879e+09  6.819249e-01  0.000000e+00  2.353775e-01  3.180751e-01
-2.10000e+00  4.00000e+00       4.725e+09  4.335543e-01  0.000000e+00  5.467701e-01  5.664457e-01
-1.40000e+00  4.00000e+00       9.648e+09 -7.244078e-02  0.000000e+00  7.570030e-01  9.275592e-01
-7.00000e-01  4.00000e+00       6.386e+10  6.955486e-01  0.000000e+00  1.349175e-01  3.044514e-01
 0.00000e+00  4.00000e+00       1.167e+11  8.264107e-01  0.000000e+00  4.454062e-16  1.735893e-01
 7.00000e-01  4.00000e+00       6.386e+10  6.955486e-01  0.000000e+00 -1.349175e-01  3.044514e-01
 1.40000e+00  4.00000e+00       9.648e+09 -7.244078e-02  0.000000e+00 -7.570030e-01  9.275592e-01
 2.10000e+00  4.00000e+00       4.725e+09  4.335543e-01  0.000000e+00 -5.467701e-01  5.664457e-01
 2.80000e+00  4.00000e+00       3.879e+09  6.819249e-01  0.000000e+00 -2.353775e-01  3.180751e-01
 3.50000e+00  4.00000e+00       2.691e+09  6.477930e-01  0.000000e+00 -2.233380e-01  3.522070e-01
 4.20000e+00  4.00000e+00       1.560e+09  5.795544e-01  0.000000e+00 -2.541261e-01  4.204456e-01
 4.90000e+00  4.00000e+00       4.493e+08  8.346662e-02  0.000000e+00 -4.860666e-01  9.165334e-01
 5.60000e+00  4.00000e+00       1.116e+08 -5.880420e-01  0.000000e+00 -7.235917e-01  4.119580e-01
 6.30000e+00  4.00000e+00       2.390e+07 -5.296009e-01  0.000000e+00 -6.182366e-01  4.703991e-01
 7.00000e+00  4.00000e+00       2.106e+06 -4.319267e-01  0.000000e+00 -5.250858e-01  5.680733e-01
