 EB(GeV)    EMITTANCEx EMITTANCEy SIZEx(m)   SIZEy(m)   DIVx(rad)  DIVy(rad)
 2.411e+00  5.499e-09  1.017e-12  8.711e-05  1.009e-06  6.313e-05  1.009e-06
 betax      alphax     betay      alphay     eta        deta       E_spread  
 1.380e+00  0.000e+00  1.000e+00  0.000e+00  0.000e+00  0.000e+00  8.600e-04
 Ibeam(A)   period(cm) #periods   Kx         Ky         Energy(eV)
 4.005e-01  1.900e+00         96  0.000e+00  1.780e+00  3.435e+04


           x            y       F.Density            PL            PC          PL45        1-|PL|
          mm           mm  ph/s/mr^2/0.1%             -             -             -             -
-7.00000e+00 -4.00000e+00       5.348e+00 -6.128933e-01  0.000000e+00  5.417303e-01  3.871067e-01
-6.30000e+00 -4.00000e+00       2.214e+01 -1.953018e-02  0.000000e+00  3.569268e-01  9.804698e-01
-5.60000e+00 -4.00000e+00       1.854e+02  8.613073e-01  0.000000e+00  1.794345e-01  1.386927e-01
-4.90000e+00 -4.00000e+00       5.489e+03  9.245338e-01  0.000000e+00  7.639976e-02  7.546619e-02
-4.20000e+00 -4.00000e+00       7.559e+04  9.916463e-01  0.000000e+00  6.101901e-02  8.353719e-03
-3.50000e+00 -4.00000e+00       1.834e+05  8.070752e-01  0.000000e+00  1.371899e-01  1.929248e-01
-2.80000e+00 -4.00000e+00       1.353e+06  8.085803e-01  0.000000e+00  7.912498e-02  1.914197e-01
-2.10000e+00 -4.00000e+00       3.160e+06  2.604840e-01  0.000000e+00  1.733600e-01  7.395160e-01
-1.40000e+00 -4.00000e+00       4.002e+07  3.871329e-01  0.000000e+00  3.790550e-02  6.128671e-01
-7.00000e-01 -4.00000e+00       2.322e+08  5.718231e-01  0.000000e+00  5.495018e-03  4.281769e-01
 0.00000e+00 -4.00000e+00       4.069e+08  6.200461e-01  0.000000e+00  2.392321e-16  3.799539e-01
 7.00000e-01 -4.00000e+00       2.322e+08  5.718231e-01  0.000000e+00 -5.495018e-03  4.281769e-01
 1.40000e+00 -4.00000e+00       4.002e+07  3.871329e-01  0.000000e+00 -3.790550e-02  6.128671e-01
 2.10000e+00 -4.00000e+00       3.160e+06  2.604840e-01  0.000000e+00 -1.733600e-01  7.395160e-01
 2.80000e+00 -4.00000e+00       1.353e+06  8.085803e-01  0.000000e+00 -7.912498e-02  1.914197e-01
 3.50000e+00 -4.00000e+00       1.834e+05  8.070752e-01  0.000000e+00 -1.371899e-01  1.929248e-01
 4.20000e+00 -4.00000e+00       7.559e+04  9.916463e-01  0.000000e+00 -6.101901e-02  8.353719e-03
 4.90000e+00 -4.00000e+00       5.489e+03  9.245338e-01  0.000000e+00 -7.639976e-02  7.546619e-02
 5.60000e+00 -4.00000e+00       1.854e+02  8.613073e-01  0.000000e+00 -1.794345e-01  1.386927e-01
 6.30000e+00 -4.00000e+00       2.214e+01 -1.953018e-02  0.000000e+00 -3.569268e-01  9.804698e-01
 7.00000e+00 -4.00000e+00       5.348e+00 -6.128975e-01  0.000000e+00 -5.417361e-01  3.871025e-01
-7.00000e+00 -3.60000e+00       8.910e+00 -9.242131e-01  0.000000e+00  9.364180e-01  7.578689e-02
-6.30000e+00 -3.60000e+00       2.495e+01 -4.055432e-02  0.000000e+00  5.155956e-01  9.594457e-01
-5.60000e+00 -3.60000e+00       2.388e+02  7.601563e-01  0.000000e+00  2.218306e-01  2.398437e-01
-4.90000e+00 -3.60000e+00       6.431e+03  9.106570e-01  0.000000e+00  9.802561e-02  8.934304e-02
-4.20000e+00 -3.60000e+00       8.730e+04  9.898602e-01  0.000000e+00  7.631402e-02  1.013981e-02
-3.50000e+00 -3.60000e+00       2.096e+05  8.008700e-01  0.000000e+00  1.749102e-01  1.991300e-01
-2.80000e+00 -3.60000e+00       1.507e+06  8.290230e-01  0.000000e+00  1.072623e-01  1.709770e-01
-2.10000e+00 -3.60000e+00       1.234e+06 -1.962442e-01  0.000000e+00  8.034576e-01  8.037558e-01
-1.40000e+00 -3.60000e+00       5.636e+07  6.529690e-01  0.000000e+00  7.155149e-02  3.470310e-01
-7.00000e-01 -3.60000e+00       2.905e+08  6.525203e-01  0.000000e+00  2.106072e-02  3.474797e-01
 0.00000e+00 -3.60000e+00       4.910e+08  6.489279e-01  0.000000e+00  1.880938e-16  3.510721e-01
 7.00000e-01 -3.60000e+00       2.905e+08  6.525203e-01  0.000000e+00 -2.106072e-02  3.474797e-01
 1.40000e+00 -3.60000e+00       5.636e+07  6.529690e-01  0.000000e+00 -7.155149e-02  3.470310e-01
 2.10000e+00 -3.60000e+00       1.234e+06 -1.962442e-01  0.000000e+00 -8.034576e-01  8.037558e-01
 2.80000e+00 -3.60000e+00       1.507e+06  8.290230e-01  0.000000e+00 -1.072623e-01  1.709770e-01
 3.50000e+00 -3.60000e+00       2.096e+05  8.008700e-01  0.000000e+00 -1.749102e-01  1.991300e-01
 4.20000e+00 -3.60000e+00       8.730e+04  9.898602e-01  0.000000e+00 -7.631402e-02  1.013981e-02
 4.90000e+00 -3.60000e+00       6.431e+03  9.106570e-01  0.000000e+00 -9.802561e-02  8.934304e-02
 5.60000e+00 -3.60000e+00       2.388e+02  7.601563e-01  0.000000e+00 -2.218306e-01  2.398437e-01
 6.30000e+00 -3.60000e+00       2.495e+01 -4.055433e-02  0.000000e+00 -5.155956e-01  9.594457e-01
 7.00000e+00 -3.60000e+00       8.910e+00 -9.242131e-01  0.000000e+00 -9.364180e-01  7.578688e-02
-7.00000e+00 -3.20000e+00       1.621e+01 -6.183172e-01  0.000000e+00  9.910972e-01  3.816828e-01
-6.30000e+00 -3.20000e+00       3.018e+01 -5.138840e-02  0.000000e+00  6.386388e-01  9.486116e-01
-5.60000e+00 -3.20000e+00       3.178e+02  7.329351e-01  0.000000e+00  2.792251e-01  2.670649e-01
-4.90000e+00 -3.20000e+00       7.820e+03  9.029704e-01  0.000000e+00  1.269770e-01  9.702958e-02
-4.20000e+00 -3.20000e+00       1.045e+05  9.903904e-01  0.000000e+00  9.808073e-02  9.609551e-03
-3.50000e+00 -3.20000e+00       2.473e+05  8.021605e-01  0.000000e+00  2.314265e-01  1.978395e-01
-2.80000e+00 -3.20000e+00       1.839e+06  8.356130e-01  0.000000e+00  1.331766e-01  1.643870e-01
-2.10000e+00 -3.20000e+00       1.442e+06 -1.581200e-01  0.000000e+00  1.020901e+00  8.418800e-01
-1.40000e+00 -3.20000e+00       6.742e+07  6.413337e-01  0.000000e+00  9.185856e-02  3.586663e-01
-7.00000e-01 -3.20000e+00       3.417e+08  6.093763e-01  0.000000e+00  2.895425e-02  3.906237e-01
 0.00000e+00 -3.20000e+00       5.725e+08  5.916806e-01  0.000000e+00  5.750374e-16  4.083194e-01
 7.00000e-01 -3.20000e+00       3.417e+08  6.093763e-01  0.000000e+00 -2.895425e-02  3.906237e-01
 1.40000e+00 -3.20000e+00       6.742e+07  6.413337e-01  0.000000e+00 -9.185856e-02  3.586663e-01
 2.10000e+00 -3.20000e+00       1.442e+06 -1.581200e-01  0.000000e+00 -1.020901e+00  8.418800e-01
 2.80000e+00 -3.20000e+00       1.839e+06  8.356130e-01  0.000000e+00 -1.331766e-01  1.643870e-01
 3.50000e+00 -3.20000e+00       2.473e+05  8.021605e-01  0.000000e+00 -2.314265e-01  1.978395e-01
 4.20000e+00 -3.20000e+00       1.045e+05  9.903904e-01  0.000000e+00 -9.808073e-02  9.609551e-03
 4.90000e+00 -3.20000e+00       7.820e+03  9.029704e-01  0.000000e+00 -1.269770e-01  9.702958e-02
 5.60000e+00 -3.20000e+00       3.178e+02  7.329351e-01  0.000000e+00 -2.792251e-01  2.670649e-01
 6.30000e+00 -3.20000e+00       3.018e+01 -5.138840e-02  0.000000e+00 -6.386388e-01  9.486116e-01
 7.00000e+00 -3.20000e+00       1.621e+01 -6.183172e-01  0.000000e+00 -9.910972e-01  3.816828e-01
-7.00000e+00 -2.80000e+00       1.766e+01 -4.761895e-01  0.000000e+00  1.059174e+00  5.238105e-01
-6.30000e+00 -2.80000e+00       3.026e+01 -5.770712e-01  0.000000e+00  3.896491e-01  4.229288e-01
-5.60000e+00 -2.80000e+00       6.147e+03  4.180324e-01  0.000000e+00 -3.989846e-01  5.819676e-01
-4.90000e+00 -2.80000e+00       3.289e+05  4.139434e-01  0.000000e+00 -4.029658e-01  5.860566e-01
-4.20000e+00 -2.80000e+00       5.128e+06  4.143601e-01  0.000000e+00 -3.970057e-01  5.856399e-01
-3.50000e+00 -2.80000e+00       2.788e+07  4.335582e-01  0.000000e+00 -3.539761e-01  5.664418e-01
-2.80000e+00 -2.80000e+00       9.368e+07  4.863146e-01  0.000000e+00 -2.181619e-01  5.136854e-01
-2.10000e+00 -2.80000e+00       3.121e+08  4.950980e-01  0.000000e+00 -1.169287e-01  5.049020e-01
-1.40000e+00 -2.80000e+00       6.509e+08  4.103833e-01  0.000000e+00 -7.563632e-02  5.896167e-01
-7.00000e-01 -2.80000e+00       6.225e+08  1.533951e-02  0.000000e+00 -4.731526e-02  9.846605e-01
 0.00000e+00 -2.80000e+00       3.869e+08 -8.180268e-01  0.000000e+00  1.016221e-15  1.819732e-01
 7.00000e-01 -2.80000e+00       6.225e+08  1.533951e-02  0.000000e+00  4.731526e-02  9.846605e-01
 1.40000e+00 -2.80000e+00       6.509e+08  4.103833e-01  0.000000e+00  7.563632e-02  5.896167e-01
 2.10000e+00 -2.80000e+00       3.121e+08  4.950980e-01  0.000000e+00  1.169287e-01  5.049020e-01
 2.80000e+00 -2.80000e+00       9.368e+07  4.863146e-01  0.000000e+00  2.181619e-01  5.136854e-01
 3.50000e+00 -2.80000e+00       2.788e+07  4.335582e-01  0.000000e+00  3.539761e-01  5.664418e-01
 4.20000e+00 -2.80000e+00       5.128e+06  4.143601e-01  0.000000e+00  3.970057e-01  5.856399e-01
 4.90000e+00 -2.80000e+00       3.289e+05  4.139434e-01  0.000000e+00  4.029658e-01  5.860566e-01
 5.60000e+00 -2.80000e+00       6.147e+03  4.180324e-01  0.000000e+00  3.989846e-01  5.819676e-01
 6.30000e+00 -2.80000e+00       3.026e+01 -5.770712e-01  0.000000e+00 -3.896491e-01  4.229288e-01
 7.00000e+00 -2.80000e+00       1.766e+01 -4.761895e-01  0.000000e+00 -1.059174e+00  5.238105e-01
-7.00000e+00 -2.40000e+00       1.772e+01 -4.286586e-01  0.000000e+00  1.159007e+00  5.713414e-01
-6.30000e+00 -2.40000e+00       2.192e+01 -1.406955e-01  0.000000e+00  2.040196e+00  8.593045e-01
-5.60000e+00 -2.40000e+00       1.110e+04  5.288093e-01  0.000000e+00 -2.877764e-01  4.711907e-01
-4.90000e+00 -2.40000e+00       8.861e+05  5.013094e-01  0.000000e+00 -3.014114e-01  4.986906e-01
-4.20000e+00 -2.40000e+00       2.157e+07  5.059222e-01  0.000000e+00 -2.852580e-01  4.940778e-01
-3.50000e+00 -2.40000e+00       1.862e+08  5.148476e-01  0.000000e+00 -2.574931e-01  4.851524e-01
-2.80000e+00 -2.40000e+00       6.673e+08  5.247288e-01  0.000000e+00 -2.101586e-01  4.752712e-01
-2.10000e+00 -2.40000e+00       1.304e+09  5.262447e-01  0.000000e+00 -1.431749e-01  4.737553e-01
-1.40000e+00 -2.40000e+00       1.723e+09  4.824862e-01  0.000000e+00 -8.195112e-02  5.175138e-01
-7.00000e-01 -2.40000e+00       1.370e+09  2.419406e-01  0.000000e+00 -4.201321e-02  7.580594e-01
 0.00000e+00 -2.40000e+00       8.459e+08 -2.476277e-01  0.000000e+00  2.868692e-17  7.523723e-01
 7.00000e-01 -2.40000e+00       1.370e+09  2.419406e-01  0.000000e+00  4.201321e-02  7.580594e-01
 1.40000e+00 -2.40000e+00       1.723e+09  4.824862e-01  0.000000e+00  8.195112e-02  5.175138e-01
 2.10000e+00 -2.40000e+00       1.304e+09  5.262447e-01  0.000000e+00  1.431749e-01  4.737553e-01
 2.80000e+00 -2.40000e+00       6.673e+08  5.247288e-01  0.000000e+00  2.101586e-01  4.752712e-01
 3.50000e+00 -2.40000e+00       1.862e+08  5.148476e-01  0.000000e+00  2.574931e-01  4.851524e-01
 4.20000e+00 -2.40000e+00       2.157e+07  5.059222e-01  0.000000e+00  2.852580e-01  4.940778e-01
 4.90000e+00 -2.40000e+00       8.861e+05  5.013094e-01  0.000000e+00  3.014114e-01  4.986906e-01
 5.60000e+00 -2.40000e+00       1.110e+04  5.288093e-01  0.000000e+00  2.877764e-01  4.711907e-01
 6.30000e+00 -2.40000e+00       2.192e+01 -1.406955e-01  0.000000e+00 -2.040196e+00  8.593045e-01
 7.00000e+00 -2.40000e+00       1.772e+01 -4.286586e-01  0.000000e+00 -1.159007e+00  5.713414e-01
-7.00000e+00 -2.00000e+00       1.785e+03  1.102795e-01  0.000000e+00 -5.681637e-01  8.897205e-01
-6.30000e+00 -2.00000e+00       1.307e+05  1.380888e-01  0.000000e+00 -5.825306e-01  8.619112e-01
-5.60000e+00 -2.00000e+00       3.287e+06  1.892885e-01  0.000000e+00 -5.620642e-01  8.107115e-01
-4.90000e+00 -2.00000e+00       3.265e+07  2.844388e-01  0.000000e+00 -5.162809e-01  7.155612e-01
-4.20000e+00 -2.00000e+00       1.579e+08  4.030507e-01  0.000000e+00 -4.391530e-01  5.969493e-01
-3.50000e+00 -2.00000e+00       4.567e+08  5.022139e-01  0.000000e+00 -3.284021e-01  4.977861e-01
-2.80000e+00 -2.00000e+00       1.016e+09  5.605835e-01  0.000000e+00 -2.004609e-01  4.394165e-01
-2.10000e+00 -2.00000e+00       2.006e+09  5.712793e-01  0.000000e+00 -1.056906e-01  4.287207e-01
-1.40000e+00 -2.00000e+00       3.162e+09  5.373379e-01  0.000000e+00 -5.299214e-02  4.626621e-01
-7.00000e-01 -2.00000e+00       3.122e+09  3.999146e-01  0.000000e+00 -2.441544e-02  6.000854e-01
 0.00000e+00 -2.00000e+00       2.374e+09  1.968853e-01  0.000000e+00 -9.059892e-16  8.031147e-01
 7.00000e-01 -2.00000e+00       3.122e+09  3.999146e-01  0.000000e+00  2.441544e-02  6.000854e-01
 1.40000e+00 -2.00000e+00       3.162e+09  5.373379e-01  0.000000e+00  5.299214e-02  4.626621e-01
 2.10000e+00 -2.00000e+00       2.006e+09  5.712793e-01  0.000000e+00  1.056906e-01  4.287207e-01
 2.80000e+00 -2.00000e+00       1.016e+09  5.605835e-01  0.000000e+00  2.004609e-01  4.394165e-01
 3.50000e+00 -2.00000e+00       4.567e+08  5.022139e-01  0.000000e+00  3.284021e-01  4.977861e-01
 4.20000e+00 -2.00000e+00       1.579e+08  4.030507e-01  0.000000e+00  4.391530e-01  5.969493e-01
 4.90000e+00 -2.00000e+00       3.265e+07  2.844388e-01  0.000000e+00  5.162809e-01  7.155612e-01
 5.60000e+00 -2.00000e+00       3.287e+06  1.892885e-01  0.000000e+00  5.620642e-01  8.107115e-01
 6.30000e+00 -2.00000e+00       1.307e+05  1.380888e-01  0.000000e+00  5.825306e-01  8.619112e-01
 7.00000e+00 -2.00000e+00       1.785e+03  1.102795e-01  0.000000e+00  5.681637e-01  8.897205e-01
-7.00000e+00 -1.60000e+00       8.169e+01  3.567095e-01  0.000000e+00  1.315591e-01  6.432905e-01
-6.30000e+00 -1.60000e+00       1.181e+04  5.343196e-01  0.000000e+00 -3.968195e-01  4.656804e-01
-5.60000e+00 -1.60000e+00       8.315e+05  5.458567e-01  0.000000e+00 -3.847408e-01  4.541433e-01
-4.90000e+00 -1.60000e+00       2.023e+07  5.620734e-01  0.000000e+00 -3.513267e-01  4.379266e-01
-4.20000e+00 -1.60000e+00       1.958e+08  5.858680e-01  0.000000e+00 -2.881773e-01  4.141320e-01
-3.50000e+00 -1.60000e+00       9.545e+08  6.062748e-01  0.000000e+00 -1.977564e-01  3.937252e-01
-2.80000e+00 -1.60000e+00       2.970e+09  6.008126e-01  0.000000e+00 -1.202072e-01  3.991874e-01
-2.10000e+00 -1.60000e+00       6.708e+09  5.528283e-01  0.000000e+00 -1.028540e-01  4.471717e-01
-1.40000e+00 -1.60000e+00       1.142e+10  4.629489e-01  0.000000e+00 -1.229947e-01  5.370511e-01
-7.00000e-01 -1.60000e+00       1.422e+10  3.791921e-01  0.000000e+00 -9.073162e-02  6.208079e-01
 0.00000e+00 -1.60000e+00       1.443e+10  3.489959e-01  0.000000e+00  4.492931e-15  6.510041e-01
 7.00000e-01 -1.60000e+00       1.422e+10  3.791921e-01  0.000000e+00  9.073162e-02  6.208079e-01
 1.40000e+00 -1.60000e+00       1.142e+10  4.629489e-01  0.000000e+00  1.229947e-01  5.370511e-01
 2.10000e+00 -1.60000e+00       6.708e+09  5.528283e-01  0.000000e+00  1.028540e-01  4.471717e-01
 2.80000e+00 -1.60000e+00       2.970e+09  6.008126e-01  0.000000e+00  1.202072e-01  3.991874e-01
 3.50000e+00 -1.60000e+00       9.545e+08  6.062748e-01  0.000000e+00  1.977564e-01  3.937252e-01
 4.20000e+00 -1.60000e+00       1.958e+08  5.858680e-01  0.000000e+00  2.881773e-01  4.141320e-01
 4.90000e+00 -1.60000e+00       2.023e+07  5.620734e-01  0.000000e+00  3.513267e-01  4.379266e-01
 5.60000e+00 -1.60000e+00       8.315e+05  5.458567e-01  0.000000e+00  3.847408e-01  4.541433e-01
 6.30000e+00 -1.60000e+00       1.181e+04  5.343196e-01  0.000000e+00  3.968195e-01  4.656804e-01
 7.00000e+00 -1.60000e+00       8.169e+01  3.567095e-01  0.000000e+00 -1.315591e-01  6.432905e-01
-7.00000e+00 -1.20000e+00       6.748e+02  6.406326e-01  0.000000e+00 -1.018618e-01  3.593674e-01
-6.30000e+00 -1.20000e+00       8.251e+04  6.217619e-01  0.000000e+00 -1.610109e-01  3.782381e-01
-5.60000e+00 -1.20000e+00       4.261e+06  6.156320e-01  0.000000e+00 -1.590437e-01  3.843680e-01
-4.90000e+00 -1.20000e+00       9.892e+07  6.274054e-01  0.000000e+00 -1.100126e-01  3.725946e-01
-4.20000e+00 -1.20000e+00       1.222e+09  6.347512e-01  0.000000e+00 -5.166073e-02  3.652488e-01
-3.50000e+00 -1.20000e+00       9.048e+09  6.335016e-01  0.000000e+00 -2.261440e-02  3.664984e-01
-2.80000e+00 -1.20000e+00       4.101e+10  6.162149e-01  0.000000e+00 -6.473386e-03  3.837851e-01
-2.10000e+00 -1.20000e+00       1.146e+11  5.526194e-01  0.000000e+00  4.214735e-02  4.473806e-01
-1.40000e+00 -1.20000e+00       2.060e+11  4.634643e-01  0.000000e+00  1.620585e-01  5.365357e-01
-7.00000e-01 -1.20000e+00       2.503e+11  4.638649e-01  0.000000e+00  2.297715e-01  5.361351e-01
 0.00000e+00 -1.20000e+00       2.418e+11  5.108148e-01  0.000000e+00 -1.159219e-14  4.891852e-01
 7.00000e-01 -1.20000e+00       2.503e+11  4.638649e-01  0.000000e+00 -2.297715e-01  5.361351e-01
 1.40000e+00 -1.20000e+00       2.060e+11  4.634643e-01  0.000000e+00 -1.620585e-01  5.365357e-01
 2.10000e+00 -1.20000e+00       1.146e+11  5.526194e-01  0.000000e+00 -4.214735e-02  4.473806e-01
 2.80000e+00 -1.20000e+00       4.101e+10  6.162149e-01  0.000000e+00  6.473386e-03  3.837851e-01
 3.50000e+00 -1.20000e+00       9.048e+09  6.335016e-01  0.000000e+00  2.261440e-02  3.664984e-01
 4.20000e+00 -1.20000e+00       1.222e+09  6.347512e-01  0.000000e+00  5.166073e-02  3.652488e-01
 4.90000e+00 -1.20000e+00       9.892e+07  6.274054e-01  0.000000e+00  1.100126e-01  3.725946e-01
 5.60000e+00 -1.20000e+00       4.261e+06  6.156320e-01  0.000000e+00  1.590437e-01  3.843680e-01
 6.30000e+00 -1.20000e+00       8.251e+04  6.217619e-01  0.000000e+00  1.610109e-01  3.782381e-01
 7.00000e+00 -1.20000e+00       6.748e+02  6.406326e-01  0.000000e+00  1.018618e-01  3.593674e-01
-7.00000e+00 -8.00000e-01       1.123e+04  7.302353e-01  0.000000e+00 -4.228895e-02  2.697647e-01
-6.30000e+00 -8.00000e-01       1.325e+06  7.908860e-01  0.000000e+00 -7.206246e-02  2.091140e-01
-5.60000e+00 -8.00000e-01       6.665e+07  8.087400e-01  0.000000e+00 -4.171120e-02  1.912600e-01
-4.90000e+00 -8.00000e-01       1.504e+09  7.963688e-01  0.000000e+00 -4.099904e-02  2.036312e-01
-4.20000e+00 -8.00000e-01       1.764e+10  7.881286e-01  0.000000e+00 -6.294010e-02  2.118714e-01
-3.50000e+00 -8.00000e-01       1.190e+11  7.882045e-01  0.000000e+00 -5.879960e-02  2.117955e-01
-2.80000e+00 -8.00000e-01       4.861e+11  7.827795e-01  0.000000e+00 -3.548527e-02  2.172205e-01
-2.10000e+00 -8.00000e-01       1.267e+12  7.575146e-01  0.000000e+00  1.338320e-02  2.424854e-01
-1.40000e+00 -8.00000e-01       2.259e+12  7.392382e-01  0.000000e+00  9.149104e-02  2.607618e-01
-7.00000e-01 -8.00000e-01       2.822e+12  7.899186e-01  0.000000e+00  1.034547e-01  2.100814e-01
 0.00000e+00 -8.00000e-01       2.747e+12  8.421243e-01  0.000000e+00 -3.244237e-15  1.578757e-01
 7.00000e-01 -8.00000e-01       2.822e+12  7.899186e-01  0.000000e+00 -1.034547e-01  2.100814e-01
 1.40000e+00 -8.00000e-01       2.259e+12  7.392382e-01  0.000000e+00 -9.149104e-02  2.607618e-01
 2.10000e+00 -8.00000e-01       1.267e+12  7.575146e-01  0.000000e+00 -1.338320e-02  2.424854e-01
 2.80000e+00 -8.00000e-01       4.861e+11  7.827795e-01  0.000000e+00  3.548527e-02  2.172205e-01
 3.50000e+00 -8.00000e-01       1.190e+11  7.882045e-01  0.000000e+00  5.879960e-02  2.117955e-01
 4.20000e+00 -8.00000e-01       1.764e+10  7.881286e-01  0.000000e+00  6.294010e-02  2.118714e-01
 4.90000e+00 -8.00000e-01       1.504e+09  7.963688e-01  0.000000e+00  4.099904e-02  2.036312e-01
 5.60000e+00 -8.00000e-01       6.665e+07  8.087400e-01  0.000000e+00  4.171120e-02  1.912600e-01
 6.30000e+00 -8.00000e-01       1.325e+06  7.908860e-01  0.000000e+00  7.206246e-02  2.091140e-01
 7.00000e+00 -8.00000e-01       1.123e+04  7.302353e-01  0.000000e+00  4.228895e-02  2.697647e-01
-7.00000e+00 -4.00000e-01       1.022e+05  9.319114e-01  0.000000e+00  8.089625e-02  6.808855e-02
-6.30000e+00 -4.00000e-01       8.639e+06  9.175414e-01  0.000000e+00  2.514899e-02  8.245858e-02
-5.60000e+00 -4.00000e-01       4.037e+08  9.279012e-01  0.000000e+00 -2.063903e-02  7.209882e-02
-4.90000e+00 -4.00000e-01       9.350e+09  9.377837e-01  0.000000e+00 -1.694666e-02  6.221634e-02
-4.20000e+00 -4.00000e-01       1.057e+11  9.392946e-01  0.000000e+00 -3.817023e-03  6.070536e-02
-3.50000e+00 -4.00000e-01       6.388e+11  9.388148e-01  0.000000e+00 -3.294859e-04  6.118520e-02
-2.80000e+00 -4.00000e-01       2.300e+12  9.369797e-01  0.000000e+00 -6.513140e-03  6.302030e-02
-2.10000e+00 -4.00000e-01       5.632e+12  9.316606e-01  0.000000e+00 -3.168158e-02  6.833938e-02
-1.40000e+00 -4.00000e-01       1.166e+13  9.292596e-01  0.000000e+00 -5.813507e-02  7.074038e-02
-7.00000e-01 -4.00000e-01       2.602e+13  9.386321e-01  0.000000e+00 -3.265742e-02  6.136791e-02
 0.00000e+00 -4.00000e-01       3.809e+13  9.424367e-01  0.000000e+00 -8.383856e-16  5.756332e-02
 7.00000e-01 -4.00000e-01       2.602e+13  9.386321e-01  0.000000e+00  3.265742e-02  6.136791e-02
 1.40000e+00 -4.00000e-01       1.166e+13  9.292596e-01  0.000000e+00  5.813507e-02  7.074038e-02
 2.10000e+00 -4.00000e-01       5.632e+12  9.316606e-01  0.000000e+00  3.168158e-02  6.833938e-02
 2.80000e+00 -4.00000e-01       2.300e+12  9.369797e-01  0.000000e+00  6.513140e-03  6.302030e-02
 3.50000e+00 -4.00000e-01       6.388e+11  9.388148e-01  0.000000e+00  3.294859e-04  6.118520e-02
 4.20000e+00 -4.00000e-01       1.057e+11  9.392946e-01  0.000000e+00  3.817023e-03  6.070536e-02
 4.90000e+00 -4.00000e-01       9.350e+09  9.377837e-01  0.000000e+00  1.694666e-02  6.221634e-02
 5.60000e+00 -4.00000e-01       4.037e+08  9.279012e-01  0.000000e+00  2.063903e-02  7.209882e-02
 6.30000e+00 -4.00000e-01       8.639e+06  9.175414e-01  0.000000e+00 -2.514899e-02  8.245858e-02
 7.00000e+00 -4.00000e-01       1.022e+05  9.319114e-01  0.000000e+00 -8.089625e-02  6.808855e-02
-7.00000e+00  0.00000e+00       3.921e+05  9.999819e-01  0.000000e+00 -8.534199e-13  1.807893e-05
-6.30000e+00  0.00000e+00       1.777e+07  9.999549e-01  0.000000e+00 -4.853277e-15  4.508119e-05
-5.60000e+00  0.00000e+00       7.029e+08  9.999506e-01  0.000000e+00 -1.157931e-14  4.942328e-05
-4.90000e+00  0.00000e+00       1.566e+10  9.999575e-01  0.000000e+00 -1.302067e-13  4.248972e-05
-4.20000e+00  0.00000e+00       1.725e+11  9.999596e-01  0.000000e+00 -8.886439e-13  4.044865e-05
-3.50000e+00  0.00000e+00       1.033e+12  9.999575e-01  0.000000e+00 -3.453355e-12  4.248734e-05
-2.80000e+00  0.00000e+00       3.865e+12  9.999570e-01  0.000000e+00 -6.821716e-12  4.298141e-05
-2.10000e+00  0.00000e+00       1.042e+13  9.999637e-01  0.000000e+00 -6.159049e-12  3.631644e-05
-1.40000e+00  0.00000e+00       2.182e+13  9.999756e-01  0.000000e+00 -2.400914e-12  2.435263e-05
-7.00000e-01  0.00000e+00       3.063e+13  9.999913e-01  0.000000e+00 -3.482689e-13  8.661045e-06
 0.00000e+00  0.00000e+00       3.119e+13  9.999935e-01  0.000000e+00 -2.248303e-19  6.529270e-06
 7.00000e-01  0.00000e+00       3.063e+13  9.999913e-01  0.000000e+00  3.482667e-13  8.661045e-06
 1.40000e+00  0.00000e+00       2.182e+13  9.999756e-01  0.000000e+00  2.400912e-12  2.435263e-05
 2.10000e+00  0.00000e+00       1.042e+13  9.999637e-01  0.000000e+00  6.159049e-12  3.631644e-05
 2.80000e+00  0.00000e+00       3.865e+12  9.999570e-01  0.000000e+00  6.821718e-12  4.298141e-05
 3.50000e+00  0.00000e+00       1.033e+12  9.999575e-01  0.000000e+00  3.453359e-12  4.248734e-05
 4.20000e+00  0.00000e+00       1.725e+11  9.999596e-01  0.000000e+00  8.886522e-13  4.044865e-05
 4.90000e+00  0.00000e+00       1.566e+10  9.999575e-01  0.000000e+00  1.302194e-13  4.248972e-05
 5.60000e+00  0.00000e+00       7.029e+08  9.999506e-01  0.000000e+00  1.178416e-14  4.942328e-05
 6.30000e+00  0.00000e+00       1.777e+07  9.999549e-01  0.000000e+00 -2.598779e-15  4.508119e-05
 7.00000e+00  0.00000e+00       3.921e+05  9.999819e-01  0.000000e+00  5.134690e-13  1.807893e-05
-7.00000e+00  4.00000e-01       1.022e+05  9.319114e-01  0.000000e+00 -8.089625e-02  6.808855e-02
-6.30000e+00  4.00000e-01       8.639e+06  9.175414e-01  0.000000e+00 -2.514899e-02  8.245858e-02
-5.60000e+00  4.00000e-01       4.037e+08  9.279012e-01  0.000000e+00  2.063903e-02  7.209882e-02
-4.90000e+00  4.00000e-01       9.350e+09  9.377837e-01  0.000000e+00  1.694666e-02  6.221634e-02
-4.20000e+00  4.00000e-01       1.057e+11  9.392946e-01  0.000000e+00  3.817023e-03  6.070536e-02
-3.50000e+00  4.00000e-01       6.388e+11  9.388148e-01  0.000000e+00  3.294859e-04  6.118520e-02
-2.80000e+00  4.00000e-01       2.300e+12  9.369797e-01  0.000000e+00  6.513140e-03  6.302030e-02
-2.10000e+00  4.00000e-01       5.632e+12  9.316606e-01  0.000000e+00  3.168158e-02  6.833938e-02
-1.40000e+00  4.00000e-01       1.166e+13  9.292596e-01  0.000000e+00  5.813507e-02  7.074038e-02
-7.00000e-01  4.00000e-01       2.602e+13  9.386321e-01  0.000000e+00  3.265742e-02  6.136791e-02
 0.00000e+00  4.00000e-01       3.809e+13  9.424367e-01  0.000000e+00  8.390347e-16  5.756332e-02
 7.00000e-01  4.00000e-01       2.602e+13  9.386321e-01  0.000000e+00 -3.265742e-02  6.136791e-02
 1.40000e+00  4.00000e-01       1.166e+13  9.292596e-01  0.000000e+00 -5.813507e-02  7.074038e-02
 2.10000e+00  4.00000e-01       5.632e+12  9.316606e-01  0.000000e+00 -3.168158e-02  6.833938e-02
 2.80000e+00  4.00000e-01       2.300e+12  9.369797e-01  0.000000e+00 -6.513140e-03  6.302030e-02
 3.50000e+00  4.00000e-01       6.388e+11  9.388148e-01  0.000000e+00 -3.294859e-04  6.118520e-02
 4.20000e+00  4.00000e-01       1.057e+11  9.392946e-01  0.000000e+00 -3.817023e-03  6.070536e-02
 4.90000e+00  4.00000e-01       9.350e+09  9.377837e-01  0.000000e+00 -1.694666e-02  6.221634e-02
 5.60000e+00  4.00000e-01       4.037e+08  9.279012e-01  0.000000e+00 -2.063903e-02  7.209882e-02
 6.30000e+00  4.00000e-01       8.639e+06  9.175414e-01  0.000000e+00  2.514899e-02  8.245858e-02
 7.00000e+00  4.00000e-01       1.022e+05  9.319114e-01  0.000000e+00  8.089625e-02  6.808855e-02
-7.00000e+00  8.00000e-01       1.123e+04  7.302353e-01  0.000000e+00  4.228896e-02  2.697647e-01
-6.30000e+00  8.00000e-01       1.325e+06  7.908860e-01  0.000000e+00  7.206246e-02  2.091140e-01
-5.60000e+00  8.00000e-01       6.665e+07  8.087400e-01  0.000000e+00  4.171120e-02  1.912600e-01
-4.90000e+00  8.00000e-01       1.504e+09  7.963688e-01  0.000000e+00  4.099904e-02  2.036312e-01
-4.20000e+00  8.00000e-01       1.764e+10  7.881286e-01  0.000000e+00  6.294010e-02  2.118714e-01
-3.50000e+00  8.00000e-01       1.190e+11  7.882045e-01  0.000000e+00  5.879960e-02  2.117955e-01
-2.80000e+00  8.00000e-01       4.861e+11  7.827795e-01  0.000000e+00  3.548527e-02  2.172205e-01
-2.10000e+00  8.00000e-01       1.267e+12  7.575146e-01  0.000000e+00 -1.338320e-02  2.424854e-01
-1.40000e+00  8.00000e-01       2.259e+12  7.392382e-01  0.000000e+00 -9.149104e-02  2.607618e-01
-7.00000e-01  8.00000e-01       2.822e+12  7.899186e-01  0.000000e+00 -1.034547e-01  2.100814e-01
 0.00000e+00  8.00000e-01       2.747e+12  8.421243e-01  0.000000e+00  7.393018e-15  1.578757e-01
 7.00000e-01  8.00000e-01       2.822e+12  7.899186e-01  0.000000e+00  1.034547e-01  2.100814e-01
 1.40000e+00  8.00000e-01       2.259e+12  7.392382e-01  0.000000e+00  9.149104e-02  2.607618e-01
 2.10000e+00  8.00000e-01       1.267e+12  7.575146e-01  0.000000e+00  1.338320e-02  2.424854e-01
 2.80000e+00  8.00000e-01       4.861e+11  7.827795e-01  0.000000e+00 -3.548527e-02  2.172205e-01
 3.50000e+00  8.00000e-01       1.190e+11  7.882045e-01  0.000000e+00 -5.879960e-02  2.117955e-01
 4.20000e+00  8.00000e-01       1.764e+10  7.881286e-01  0.000000e+00 -6.294010e-02  2.118714e-01
 4.90000e+00  8.00000e-01       1.504e+09  7.963688e-01  0.000000e+00 -4.099904e-02  2.036312e-01
 5.60000e+00  8.00000e-01       6.665e+07  8.087400e-01  0.000000e+00 -4.171120e-02  1.912600e-01
 6.30000e+00  8.00000e-01       1.325e+06  7.908860e-01  0.000000e+00 -7.206246e-02  2.091140e-01
 7.00000e+00  8.00000e-01       1.123e+04  7.302353e-01  0.000000e+00 -4.228895e-02  2.697647e-01
-7.00000e+00  1.20000e+00       6.748e+02  6.406326e-01  0.000000e+00  1.018618e-01  3.593674e-01
-6.30000e+00  1.20000e+00       8.251e+04  6.217619e-01  0.000000e+00  1.610109e-01  3.782381e-01
-5.60000e+00  1.20000e+00       4.261e+06  6.156320e-01  0.000000e+00  1.590437e-01  3.843680e-01
-4.90000e+00  1.20000e+00       9.892e+07  6.274054e-01  0.000000e+00  1.100126e-01  3.725946e-01
-4.20000e+00  1.20000e+00       1.222e+09  6.347512e-01  0.000000e+00  5.166073e-02  3.652488e-01
-3.50000e+00  1.20000e+00       9.048e+09  6.335016e-01  0.000000e+00  2.261440e-02  3.664984e-01
-2.80000e+00  1.20000e+00       4.101e+10  6.162149e-01  0.000000e+00  6.473384e-03  3.837851e-01
-2.10000e+00  1.20000e+00       1.146e+11  5.526194e-01  0.000000e+00 -4.214735e-02  4.473806e-01
-1.40000e+00  1.20000e+00       2.060e+11  4.634643e-01  0.000000e+00 -1.620585e-01  5.365357e-01
-7.00000e-01  1.20000e+00       2.503e+11  4.638649e-01  0.000000e+00 -2.297715e-01  5.361351e-01
 0.00000e+00  1.20000e+00       2.418e+11  5.108148e-01  0.000000e+00  1.589828e-15  4.891852e-01
 7.00000e-01  1.20000e+00       2.503e+11  4.638649e-01  0.000000e+00  2.297715e-01  5.361351e-01
 1.40000e+00  1.20000e+00       2.060e+11  4.634643e-01  0.000000e+00  1.620585e-01  5.365357e-01
 2.10000e+00  1.20000e+00       1.146e+11  5.526194e-01  0.000000e+00  4.214735e-02  4.473806e-01
 2.80000e+00  1.20000e+00       4.101e+10  6.162149e-01  0.000000e+00 -6.473384e-03  3.837851e-01
 3.50000e+00  1.20000e+00       9.048e+09  6.335016e-01  0.000000e+00 -2.261440e-02  3.664984e-01
 4.20000e+00  1.20000e+00       1.222e+09  6.347512e-01  0.000000e+00 -5.166073e-02  3.652488e-01
 4.90000e+00  1.20000e+00       9.892e+07  6.274054e-01  0.000000e+00 -1.100126e-01  3.725946e-01
 5.60000e+00  1.20000e+00       4.261e+06  6.156320e-01  0.000000e+00 -1.590437e-01  3.843680e-01
 6.30000e+00  1.20000e+00       8.251e+04  6.217619e-01  0.000000e+00 -1.610109e-01  3.782381e-01
 7.00000e+00  1.20000e+00       6.748e+02  6.406326e-01  0.000000e+00 -1.018618e-01  3.593674e-01
-7.00000e+00  1.60000e+00       8.169e+01  3.567095e-01  0.000000e+00 -1.315591e-01  6.432905e-01
-6.30000e+00  1.60000e+00       1.181e+04  5.343196e-01  0.000000e+00  3.968195e-01  4.656804e-01
-5.60000e+00  1.60000e+00       8.315e+05  5.458567e-01  0.000000e+00  3.847408e-01  4.541433e-01
-4.90000e+00  1.60000e+00       2.023e+07  5.620734e-01  0.000000e+00  3.513267e-01  4.379266e-01
-4.20000e+00  1.60000e+00       1.958e+08  5.858680e-01  0.000000e+00  2.881773e-01  4.141320e-01
-3.50000e+00  1.60000e+00       9.545e+08  6.062748e-01  0.000000e+00  1.977564e-01  3.937252e-01
-2.80000e+00  1.60000e+00       2.970e+09  6.008126e-01  0.000000e+00  1.202072e-01  3.991874e-01
-2.10000e+00  1.60000e+00       6.708e+09  5.528283e-01  0.000000e+00  1.028539e-01  4.471717e-01
-1.40000e+00  1.60000e+00       1.142e+10  4.629489e-01  0.000000e+00  1.229947e-01  5.370511e-01
-7.00000e-01  1.60000e+00       1.422e+10  3.791921e-01  0.000000e+00  9.073161e-02  6.208079e-01
 0.00000e+00  1.60000e+00       1.443e+10  3.489959e-01  0.000000e+00 -4.732667e-15  6.510041e-01
 7.00000e-01  1.60000e+00       1.422e+10  3.791921e-01  0.000000e+00 -9.073161e-02  6.208079e-01
 1.40000e+00  1.60000e+00       1.142e+10  4.629489e-01  0.000000e+00 -1.229947e-01  5.370511e-01
 2.10000e+00  1.60000e+00       6.708e+09  5.528283e-01  0.000000e+00 -1.028539e-01  4.471717e-01
 2.80000e+00  1.60000e+00       2.970e+09  6.008126e-01  0.000000e+00 -1.202072e-01  3.991874e-01
 3.50000e+00  1.60000e+00       9.545e+08  6.062748e-01  0.000000e+00 -1.977564e-01  3.937252e-01
 4.20000e+00  1.60000e+00       1.958e+08  5.858680e-01  0.000000e+00 -2.881773e-01  4.141320e-01
 4.90000e+00  1.60000e+00       2.023e+07  5.620734e-01  0.000000e+00 -3.513267e-01  4.379266e-01
 5.60000e+00  1.60000e+00       8.315e+05  5.458567e-01  0.000000e+00 -3.847408e-01  4.541433e-01
 6.30000e+00  1.60000e+00       1.181e+04  5.343196e-01  0.000000e+00 -3.968195e-01  4.656804e-01
 7.00000e+00  1.60000e+00       8.169e+01  3.567095e-01  0.000000e+00  1.315591e-01  6.432905e-01
-7.00000e+00  2.00000e+00       1.785e+03  1.102795e-01  0.000000e+00  5.681637e-01  8.897205e-01
-6.30000e+00  2.00000e+00       1.307e+05  1.380888e-01  0.000000e+00  5.825306e-01  8.619112e-01
-5.60000e+00  2.00000e+00       3.287e+06  1.892885e-01  0.000000e+00  5.620642e-01  8.107115e-01
-4.90000e+00  2.00000e+00       3.265e+07  2.844388e-01  0.000000e+00  5.162809e-01  7.155612e-01
-4.20000e+00  2.00000e+00       1.579e+08  4.030507e-01  0.000000e+00  4.391530e-01  5.969493e-01
-3.50000e+00  2.00000e+00       4.567e+08  5.022139e-01  0.000000e+00  3.284021e-01  4.977861e-01
-2.80000e+00  2.00000e+00       1.016e+09  5.605835e-01  0.000000e+00  2.004608e-01  4.394165e-01
-2.10000e+00  2.00000e+00       2.006e+09  5.712794e-01  0.000000e+00  1.056905e-01  4.287206e-01
-1.40000e+00  2.00000e+00       3.162e+09  5.373379e-01  0.000000e+00  5.299209e-02  4.626621e-01
-7.00000e-01  2.00000e+00       3.122e+09  3.999147e-01  0.000000e+00  2.441543e-02  6.000853e-01
 0.00000e+00  2.00000e+00       2.374e+09  1.968854e-01  0.000000e+00  7.408503e-16  8.031146e-01
 7.00000e-01  2.00000e+00       3.122e+09  3.999147e-01  0.000000e+00 -2.441543e-02  6.000853e-01
 1.40000e+00  2.00000e+00       3.162e+09  5.373379e-01  0.000000e+00 -5.299209e-02  4.626621e-01
 2.10000e+00  2.00000e+00       2.006e+09  5.712794e-01  0.000000e+00 -1.056905e-01  4.287206e-01
 2.80000e+00  2.00000e+00       1.016e+09  5.605835e-01  0.000000e+00 -2.004608e-01  4.394165e-01
 3.50000e+00  2.00000e+00       4.567e+08  5.022139e-01  0.000000e+00 -3.284021e-01  4.977861e-01
 4.20000e+00  2.00000e+00       1.579e+08  4.030507e-01  0.000000e+00 -4.391530e-01  5.969493e-01
 4.90000e+00  2.00000e+00       3.265e+07  2.844388e-01  0.000000e+00 -5.162809e-01  7.155612e-01
 5.60000e+00  2.00000e+00       3.287e+06  1.892885e-01  0.000000e+00 -5.620642e-01  8.107115e-01
 6.30000e+00  2.00000e+00       1.307e+05  1.380888e-01  0.000000e+00 -5.825306e-01  8.619112e-01
 7.00000e+00  2.00000e+00       1.785e+03  1.102795e-01  0.000000e+00 -5.681637e-01  8.897205e-01
-7.00000e+00  2.40000e+00       1.772e+01 -4.286586e-01  0.000000e+00 -1.159007e+00  5.713414e-01
-6.30000e+00  2.40000e+00       2.192e+01 -1.406956e-01  0.000000e+00 -2.040196e+00  8.593044e-01
-5.60000e+00  2.40000e+00       1.110e+04  5.288093e-01  0.000000e+00  2.877764e-01  4.711907e-01
-4.90000e+00  2.40000e+00       8.861e+05  5.013094e-01  0.000000e+00  3.014114e-01  4.986906e-01
-4.20000e+00  2.40000e+00       2.157e+07  5.059222e-01  0.000000e+00  2.852580e-01  4.940778e-01
-3.50000e+00  2.40000e+00       1.862e+08  5.148476e-01  0.000000e+00  2.574930e-01  4.851524e-01
-2.80000e+00  2.40000e+00       6.673e+08  5.247288e-01  0.000000e+00  2.101585e-01  4.752712e-01
-2.10000e+00  2.40000e+00       1.304e+09  5.262448e-01  0.000000e+00  1.431748e-01  4.737552e-01
-1.40000e+00  2.40000e+00       1.723e+09  4.824862e-01  0.000000e+00  8.195102e-02  5.175138e-01
-7.00000e-01  2.40000e+00       1.370e+09  2.419407e-01  0.000000e+00  4.201317e-02  7.580593e-01
 0.00000e+00  2.40000e+00       8.459e+08 -2.476266e-01  0.000000e+00 -1.838107e-16  7.523734e-01
 7.00000e-01  2.40000e+00       1.370e+09  2.419407e-01  0.000000e+00 -4.201317e-02  7.580593e-01
 1.40000e+00  2.40000e+00       1.723e+09  4.824862e-01  0.000000e+00 -8.195102e-02  5.175138e-01
 2.10000e+00  2.40000e+00       1.304e+09  5.262448e-01  0.000000e+00 -1.431748e-01  4.737552e-01
 2.80000e+00  2.40000e+00       6.673e+08  5.247288e-01  0.000000e+00 -2.101585e-01  4.752712e-01
 3.50000e+00  2.40000e+00       1.862e+08  5.148476e-01  0.000000e+00 -2.574930e-01  4.851524e-01
 4.20000e+00  2.40000e+00       2.157e+07  5.059222e-01  0.000000e+00 -2.852580e-01  4.940778e-01
 4.90000e+00  2.40000e+00       8.861e+05  5.013094e-01  0.000000e+00 -3.014114e-01  4.986906e-01
 5.60000e+00  2.40000e+00       1.110e+04  5.288093e-01  0.000000e+00 -2.877764e-01  4.711907e-01
 6.30000e+00  2.40000e+00       2.192e+01 -1.406956e-01  0.000000e+00  2.040196e+00  8.593044e-01
 7.00000e+00  2.40000e+00       1.772e+01 -4.286586e-01  0.000000e+00  1.159007e+00  5.713414e-01
-7.00000e+00  2.80000e+00       1.766e+01 -4.761895e-01  0.000000e+00 -1.059174e+00  5.238105e-01
-6.30000e+00  2.80000e+00       3.026e+01 -5.770713e-01  0.000000e+00 -3.896491e-01  4.229287e-01
-5.60000e+00  2.80000e+00       6.147e+03  4.180324e-01  0.000000e+00  3.989846e-01  5.819676e-01
-4.90000e+00  2.80000e+00       3.289e+05  4.139434e-01  0.000000e+00  4.029658e-01  5.860566e-01
-4.20000e+00  2.80000e+00       5.128e+06  4.143601e-01  0.000000e+00  3.970056e-01  5.856399e-01
-3.50000e+00  2.80000e+00       2.788e+07  4.335582e-01  0.000000e+00  3.539759e-01  5.664418e-01
-2.80000e+00  2.80000e+00       9.368e+07  4.863146e-01  0.000000e+00  2.181611e-01  5.136854e-01
-2.10000e+00  2.80000e+00       3.121e+08  4.950980e-01  0.000000e+00  1.169279e-01  5.049020e-01
-1.40000e+00  2.80000e+00       6.509e+08  4.103834e-01  0.000000e+00  7.563599e-02  5.896166e-01
-7.00000e-01  2.80000e+00       6.225e+08  1.534055e-02  0.000000e+00  4.731514e-02  9.846595e-01
 0.00000e+00  2.80000e+00       3.870e+08 -8.180199e-01  0.000000e+00 -1.151702e-15  1.819801e-01
 7.00000e-01  2.80000e+00       6.225e+08  1.534055e-02  0.000000e+00 -4.731514e-02  9.846595e-01
 1.40000e+00  2.80000e+00       6.509e+08  4.103834e-01  0.000000e+00 -7.563599e-02  5.896166e-01
 2.10000e+00  2.80000e+00       3.121e+08  4.950980e-01  0.000000e+00 -1.169279e-01  5.049020e-01
 2.80000e+00  2.80000e+00       9.368e+07  4.863146e-01  0.000000e+00 -2.181611e-01  5.136854e-01
 3.50000e+00  2.80000e+00       2.788e+07  4.335582e-01  0.000000e+00 -3.539759e-01  5.664418e-01
 4.20000e+00  2.80000e+00       5.128e+06  4.143601e-01  0.000000e+00 -3.970056e-01  5.856399e-01
 4.90000e+00  2.80000e+00       3.289e+05  4.139434e-01  0.000000e+00 -4.029658e-01  5.860566e-01
 5.60000e+00  2.80000e+00       6.147e+03  4.180324e-01  0.000000e+00 -3.989846e-01  5.819676e-01
 6.30000e+00  2.80000e+00       3.026e+01 -5.770713e-01  0.000000e+00  3.896491e-01  4.229287e-01
 7.00000e+00  2.80000e+00       1.766e+01 -4.761895e-01  0.000000e+00  1.059174e+00  5.238105e-01
-7.00000e+00  3.20000e+00       1.621e+01 -6.183172e-01  0.000000e+00 -9.910972e-01  3.816828e-01
-6.30000e+00  3.20000e+00       3.018e+01 -5.138863e-02  0.000000e+00 -6.386386e-01  9.486114e-01
-5.60000e+00  3.20000e+00       3.178e+02  7.329352e-01  0.000000e+00 -2.792252e-01  2.670648e-01
-4.90000e+00  3.20000e+00       7.820e+03  9.029689e-01  0.000000e+00 -1.269783e-01  9.703112e-02
-4.20000e+00  3.20000e+00       1.045e+05  9.904013e-01  0.000000e+00 -9.808977e-02  9.598728e-03
-3.50000e+00  3.20000e+00       2.474e+05  8.022835e-01  0.000000e+00 -2.315021e-01  1.977165e-01
-2.80000e+00  3.20000e+00       1.838e+06  8.356819e-01  0.000000e+00 -1.332967e-01  1.643181e-01
-2.10000e+00  3.20000e+00       1.441e+06 -1.584351e-01  0.000000e+00 -1.021685e+00  8.415649e-01
-1.40000e+00  3.20000e+00       6.742e+07  6.413316e-01  0.000000e+00 -9.186275e-02  3.586684e-01
-7.00000e-01  3.20000e+00       3.417e+08  6.093712e-01  0.000000e+00 -2.895432e-02  3.906288e-01
 0.00000e+00  3.20000e+00       5.725e+08  5.916760e-01  0.000000e+00 -5.592362e-16  4.083240e-01
 7.00000e-01  3.20000e+00       3.417e+08  6.093712e-01  0.000000e+00  2.895432e-02  3.906288e-01
 1.40000e+00  3.20000e+00       6.742e+07  6.413316e-01  0.000000e+00  9.186275e-02  3.586684e-01
 2.10000e+00  3.20000e+00       1.441e+06 -1.584351e-01  0.000000e+00  1.021685e+00  8.415649e-01
 2.80000e+00  3.20000e+00       1.838e+06  8.356819e-01  0.000000e+00  1.332967e-01  1.643181e-01
 3.50000e+00  3.20000e+00       2.474e+05  8.022835e-01  0.000000e+00  2.315021e-01  1.977165e-01
 4.20000e+00  3.20000e+00       1.045e+05  9.904013e-01  0.000000e+00  9.808977e-02  9.598728e-03
 4.90000e+00  3.20000e+00       7.820e+03  9.029689e-01  0.000000e+00  1.269783e-01  9.703112e-02
 5.60000e+00  3.20000e+00       3.178e+02  7.329352e-01  0.000000e+00  2.792252e-01  2.670648e-01
 6.30000e+00  3.20000e+00       3.018e+01 -5.138863e-02  0.000000e+00  6.386386e-01  9.486114e-01
 7.00000e+00  3.20000e+00       1.621e+01 -6.183172e-01  0.000000e+00  9.910972e-01  3.816828e-01
-7.00000e+00  3.60000e+00       8.910e+00 -9.242131e-01  0.000000e+00 -9.364179e-01  7.578688e-02
-6.30000e+00  3.60000e+00       2.495e+01 -4.055491e-02  0.000000e+00 -5.155954e-01  9.594451e-01
-5.60000e+00  3.60000e+00       2.388e+02  7.601567e-01  0.000000e+00 -2.218309e-01  2.398433e-01
-4.90000e+00  3.60000e+00       6.431e+03  9.106534e-01  0.000000e+00 -9.802836e-02  8.934660e-02
-4.20000e+00  3.60000e+00       8.730e+04  9.898843e-01  0.000000e+00 -7.633193e-02  1.011569e-02
-3.50000e+00  3.60000e+00       2.096e+05  8.011383e-01  0.000000e+00 -1.750614e-01  1.988617e-01
-2.80000e+00  3.60000e+00       1.507e+06  8.291722e-01  0.000000e+00 -1.074926e-01  1.708278e-01
-2.10000e+00  3.60000e+00       1.233e+06 -1.968770e-01  0.000000e+00 -8.047184e-01  8.031230e-01
-1.40000e+00  3.60000e+00       5.636e+07  6.529574e-01  0.000000e+00 -7.155831e-02  3.470426e-01
-7.00000e-01  3.60000e+00       2.905e+08  6.525068e-01  0.000000e+00 -2.106054e-02  3.474932e-01
 0.00000e+00  3.60000e+00       4.910e+08  6.489161e-01  0.000000e+00 -1.771409e-16  3.510839e-01
 7.00000e-01  3.60000e+00       2.905e+08  6.525068e-01  0.000000e+00  2.106054e-02  3.474932e-01
 1.40000e+00  3.60000e+00       5.636e+07  6.529574e-01  0.000000e+00  7.155831e-02  3.470426e-01
 2.10000e+00  3.60000e+00       1.233e+06 -1.968770e-01  0.000000e+00  8.047184e-01  8.031230e-01
 2.80000e+00  3.60000e+00       1.507e+06  8.291722e-01  0.000000e+00  1.074926e-01  1.708278e-01
 3.50000e+00  3.60000e+00       2.096e+05  8.011383e-01  0.000000e+00  1.750614e-01  1.988617e-01
 4.20000e+00  3.60000e+00       8.730e+04  9.898843e-01  0.000000e+00  7.633193e-02  1.011569e-02
 4.90000e+00  3.60000e+00       6.431e+03  9.106534e-01  0.000000e+00  9.802836e-02  8.934660e-02
 5.60000e+00  3.60000e+00       2.388e+02  7.601567e-01  0.000000e+00  2.218309e-01  2.398433e-01
 6.30000e+00  3.60000e+00       2.495e+01 -4.055491e-02  0.000000e+00  5.155954e-01  9.594451e-01
 7.00000e+00  3.60000e+00       8.910e+00 -9.242131e-01  0.000000e+00  9.364179e-01  7.578687e-02
-7.00000e+00  4.00000e+00       5.348e+00 -6.128936e-01  0.000000e+00 -5.417301e-01  3.871064e-01
-6.30000e+00  4.00000e+00       2.214e+01 -1.953212e-02  0.000000e+00 -3.569262e-01  9.804679e-01
-5.60000e+00  4.00000e+00       1.854e+02  8.613085e-01  0.000000e+00 -1.794352e-01  1.386915e-01
-4.90000e+00  4.00000e+00       5.490e+03  9.245238e-01  0.000000e+00 -7.640678e-02  7.547620e-02
-4.20000e+00  4.00000e+00       7.559e+04  9.917106e-01  0.000000e+00 -6.106260e-02  8.289371e-03
-3.50000e+00  4.00000e+00       1.835e+05  8.077665e-01  0.000000e+00 -1.375565e-01  1.922335e-01
-2.80000e+00  4.00000e+00       1.352e+06  8.089152e-01  0.000000e+00 -7.961138e-02  1.910848e-01
-2.10000e+00  4.00000e+00       3.158e+06  2.603829e-01  0.000000e+00 -1.737942e-01  7.396171e-01
-1.40000e+00  4.00000e+00       4.001e+07  3.870150e-01  0.000000e+00 -3.791356e-02  6.129850e-01
-7.00000e-01  4.00000e+00       2.322e+08  5.717582e-01  0.000000e+00 -5.492031e-03  4.282418e-01
 0.00000e+00  4.00000e+00       4.069e+08  6.199957e-01  0.000000e+00 -2.411450e-16  3.800043e-01
 7.00000e-01  4.00000e+00       2.322e+08  5.717582e-01  0.000000e+00  5.492031e-03  4.282418e-01
 1.40000e+00  4.00000e+00       4.001e+07  3.870150e-01  0.000000e+00  3.791356e-02  6.129850e-01
 2.10000e+00  4.00000e+00       3.158e+06  2.603829e-01  0.000000e+00  1.737942e-01  7.396171e-01
 2.80000e+00  4.00000e+00       1.352e+06  8.089152e-01  0.000000e+00  7.961138e-02  1.910848e-01
 3.50000e+00  4.00000e+00       1.835e+05  8.077665e-01  0.000000e+00  1.375565e-01  1.922335e-01
 4.20000e+00  4.00000e+00       7.559e+04  9.917106e-01  0.000000e+00  6.106260e-02  8.289371e-03
 4.90000e+00  4.00000e+00       5.490e+03  9.245238e-01  0.000000e+00  7.640678e-02  7.547620e-02
 5.60000e+00  4.00000e+00       1.854e+02  8.613085e-01  0.000000e+00  1.794352e-01  1.386915e-01
 6.30000e+00  4.00000e+00       2.214e+01 -1.953212e-02  0.000000e+00  3.569262e-01  9.804679e-01
 7.00000e+00  4.00000e+00       5.348e+00 -6.128977e-01  0.000000e+00  5.417358e-01  3.871023e-01
