 EB(GeV)    EMITTANCEx EMITTANCEy SIZEx(m)   SIZEy(m)   DIVx(rad)  DIVy(rad)
 2.411e+00  5.499e-09  1.017e-12  8.711e-05  1.009e-06  6.313e-05  1.009e-06
 betax      alphax     betay      alphay     eta        deta       E_spread  
 1.380e+00  0.000e+00  1.000e+00  0.000e+00  0.000e+00  0.000e+00  8.600e-04
 Ibeam(A)   period(cm) #periods   Kx         Ky         Energy(eV)
 4.005e-01  1.900e+00         96  0.000e+00  1.780e+00  4.899e+04


           x            y       F.Density            PL            PC          PL45        1-|PL|
          mm           mm  ph/s/mr^2/0.1%             -             -             -             -
-7.00000e+00 -4.00000e+00       4.795e-01 -9.304615e-01  0.000000e+00  3.712538e-01  6.953851e-02
-6.30000e+00 -4.00000e+00       5.088e+00 -7.631008e-01  0.000000e+00  2.617800e-01  2.368992e-01
-5.60000e+00 -4.00000e+00       2.690e+01 -2.330538e-01  0.000000e+00  1.347304e-01  7.669462e-01
-4.90000e+00 -4.00000e+00       4.863e+02  8.953265e-01  0.000000e+00 -5.548664e-05  1.046735e-01
-4.20000e+00 -4.00000e+00       5.660e+03  9.874436e-01  0.000000e+00 -9.801222e-03  1.255637e-02
-3.50000e+00 -4.00000e+00       2.476e+04  9.431373e-01  0.000000e+00 -2.254783e-02  5.686266e-02
-2.80000e+00 -4.00000e+00       1.906e+05  4.826355e-01  0.000000e+00 -7.551978e-02  5.173645e-01
-2.10000e+00 -4.00000e+00       4.654e+06  4.704826e-01  0.000000e+00 -6.770790e-02  5.295174e-01
-1.40000e+00 -4.00000e+00       4.238e+07  4.969519e-01  0.000000e+00 -5.285653e-02  5.030481e-01
-7.00000e-01 -4.00000e+00       1.434e+08  5.111542e-01  0.000000e+00 -3.073029e-02  4.888458e-01
 0.00000e+00 -4.00000e+00       2.095e+08  5.162612e-01  0.000000e+00 -1.394092e-16  4.837388e-01
 7.00000e-01 -4.00000e+00       1.434e+08  5.111542e-01  0.000000e+00  3.073029e-02  4.888458e-01
 1.40000e+00 -4.00000e+00       4.238e+07  4.969519e-01  0.000000e+00  5.285653e-02  5.030481e-01
 2.10000e+00 -4.00000e+00       4.654e+06  4.704826e-01  0.000000e+00  6.770790e-02  5.295174e-01
 2.80000e+00 -4.00000e+00       1.906e+05  4.826355e-01  0.000000e+00  7.551978e-02  5.173645e-01
 3.50000e+00 -4.00000e+00       2.476e+04  9.431373e-01  0.000000e+00  2.254783e-02  5.686266e-02
 4.20000e+00 -4.00000e+00       5.660e+03  9.874436e-01  0.000000e+00  9.801222e-03  1.255637e-02
 4.90000e+00 -4.00000e+00       4.863e+02  8.953265e-01  0.000000e+00  5.548664e-05  1.046735e-01
 5.60000e+00 -4.00000e+00       2.690e+01 -2.330538e-01  0.000000e+00 -1.347304e-01  7.669462e-01
 6.30000e+00 -4.00000e+00       5.088e+00 -7.631008e-01  0.000000e+00 -2.617800e-01  2.368992e-01
 7.00000e+00 -4.00000e+00       4.795e-01 -9.304619e-01  0.000000e+00 -3.712542e-01  6.953811e-02
-7.00000e+00 -3.60000e+00       3.145e+00 -7.088599e-01  0.000000e+00  7.073681e-01  2.911401e-01
-6.30000e+00 -3.60000e+00       1.008e+01 -9.367649e-01  0.000000e+00  6.078962e-01  6.323509e-02
-5.60000e+00 -3.60000e+00       3.282e+01 -2.163773e-01  0.000000e+00  2.205501e-01  7.836227e-01
-4.90000e+00 -3.60000e+00       5.657e+02  8.945355e-01  0.000000e+00 -5.859800e-03  1.054645e-01
-4.20000e+00 -3.60000e+00       6.583e+03  9.838374e-01  0.000000e+00 -1.361348e-02  1.616259e-02
-3.50000e+00 -3.60000e+00       2.663e+04  9.752530e-01  0.000000e+00 -2.128293e-02  2.474696e-02
-2.80000e+00 -3.60000e+00       9.410e+04  4.402495e-01  0.000000e+00 -4.318714e-02  5.597505e-01
-2.10000e+00 -3.60000e+00       3.252e+06  4.362504e-01  0.000000e+00 -3.556170e-02  5.637496e-01
-1.40000e+00 -3.60000e+00       4.188e+07  4.840574e-01  0.000000e+00 -2.706709e-02  5.159426e-01
-7.00000e-01 -3.60000e+00       1.804e+08  4.988546e-01  0.000000e+00 -1.521199e-02  5.011454e-01
 0.00000e+00 -3.60000e+00       2.895e+08  5.024963e-01  0.000000e+00 -3.504072e-16  4.975037e-01
 7.00000e-01 -3.60000e+00       1.804e+08  4.988546e-01  0.000000e+00  1.521199e-02  5.011454e-01
 1.40000e+00 -3.60000e+00       4.188e+07  4.840574e-01  0.000000e+00  2.706709e-02  5.159426e-01
 2.10000e+00 -3.60000e+00       3.252e+06  4.362504e-01  0.000000e+00  3.556170e-02  5.637496e-01
 2.80000e+00 -3.60000e+00       9.410e+04  4.402495e-01  0.000000e+00  4.318714e-02  5.597505e-01
 3.50000e+00 -3.60000e+00       2.663e+04  9.752530e-01  0.000000e+00  2.128293e-02  2.474696e-02
 4.20000e+00 -3.60000e+00       6.583e+03  9.838374e-01  0.000000e+00  1.361348e-02  1.616259e-02
 4.90000e+00 -3.60000e+00       5.657e+02  8.945355e-01  0.000000e+00  5.859800e-03  1.054645e-01
 5.60000e+00 -3.60000e+00       3.282e+01 -2.163773e-01  0.000000e+00 -2.205501e-01  7.836227e-01
 6.30000e+00 -3.60000e+00       1.008e+01 -9.367649e-01  0.000000e+00 -6.078962e-01  6.323509e-02
 7.00000e+00 -3.60000e+00       3.145e+00 -7.088599e-01  0.000000e+00 -7.073681e-01  2.911401e-01
-7.00000e+00 -3.20000e+00       1.574e+01 -4.109887e-01  0.000000e+00  9.000392e-01  5.890113e-01
-6.30000e+00 -3.20000e+00       2.131e+01 -6.287491e-01  0.000000e+00  8.054692e-01  3.712509e-01
-5.60000e+00 -3.20000e+00       3.880e+01 -1.458456e-01  0.000000e+00  3.057735e-01  8.541544e-01
-4.90000e+00 -3.20000e+00       6.734e+02  9.158774e-01  0.000000e+00 -5.669030e-03  8.412260e-02
-4.20000e+00 -3.20000e+00       7.913e+03  9.856204e-01  0.000000e+00 -1.631635e-02  1.437956e-02
-3.50000e+00 -3.20000e+00       3.117e+04  9.872550e-01  0.000000e+00 -2.457006e-02  1.274502e-02
-2.80000e+00 -3.20000e+00       5.163e+04  3.675180e-01  0.000000e+00 -1.992113e-02  6.324820e-01
-2.10000e+00 -3.20000e+00       2.461e+06  3.984479e-01  0.000000e+00 -1.212082e-02  6.015521e-01
-1.40000e+00 -3.20000e+00       4.258e+07  4.780144e-01  0.000000e+00 -1.108263e-02  5.219856e-01
-7.00000e-01 -3.20000e+00       2.197e+08  4.941110e-01  0.000000e+00 -6.280525e-03  5.058890e-01
 0.00000e+00 -3.20000e+00       3.765e+08  4.970164e-01  0.000000e+00  2.168699e-16  5.029836e-01
 7.00000e-01 -3.20000e+00       2.197e+08  4.941110e-01  0.000000e+00  6.280525e-03  5.058890e-01
 1.40000e+00 -3.20000e+00       4.258e+07  4.780144e-01  0.000000e+00  1.108263e-02  5.219856e-01
 2.10000e+00 -3.20000e+00       2.461e+06  3.984479e-01  0.000000e+00  1.212082e-02  6.015521e-01
 2.80000e+00 -3.20000e+00       5.163e+04  3.675180e-01  0.000000e+00  1.992113e-02  6.324820e-01
 3.50000e+00 -3.20000e+00       3.117e+04  9.872550e-01  0.000000e+00  2.457006e-02  1.274502e-02
 4.20000e+00 -3.20000e+00       7.913e+03  9.856204e-01  0.000000e+00  1.631635e-02  1.437956e-02
 4.90000e+00 -3.20000e+00       6.734e+02  9.158774e-01  0.000000e+00  5.669030e-03  8.412260e-02
 5.60000e+00 -3.20000e+00       3.880e+01 -1.458456e-01  0.000000e+00 -3.057735e-01  8.541544e-01
 6.30000e+00 -3.20000e+00       2.131e+01 -6.287491e-01  0.000000e+00 -8.054692e-01  3.712509e-01
 7.00000e+00 -3.20000e+00       1.574e+01 -4.109887e-01  0.000000e+00 -9.000392e-01  5.890113e-01
-7.00000e+00 -2.80000e+00       1.725e+01 -2.459680e-01  0.000000e+00  9.430273e-01  7.540320e-01
-6.30000e+00 -2.80000e+00       2.172e+01 -5.775233e-01  0.000000e+00  8.315016e-01  4.224767e-01
-5.60000e+00 -2.80000e+00       4.633e+01 -1.031597e-01  0.000000e+00  2.931605e-01  8.968403e-01
-4.90000e+00 -2.80000e+00       8.469e+02  9.164666e-01  0.000000e+00 -8.331513e-03  8.353340e-02
-4.20000e+00 -2.80000e+00       9.959e+03  9.833451e-01  0.000000e+00 -2.210389e-02  1.665492e-02
-3.50000e+00 -2.80000e+00       3.827e+04  9.940218e-01  0.000000e+00 -3.166906e-02  5.978222e-03
-2.80000e+00 -2.80000e+00       9.290e+03  2.068580e-01  0.000000e+00  4.044250e-02  7.931420e-01
-2.10000e+00 -2.80000e+00       3.317e+05 -3.114036e-01  0.000000e+00  7.649803e-02  6.885964e-01
-1.40000e+00 -2.80000e+00       1.605e+07  4.656227e-01  0.000000e+00  4.059945e-03  5.343773e-01
-7.00000e-01 -2.80000e+00       1.060e+08  5.123364e-01  0.000000e+00  3.682004e-05  4.876636e-01
 0.00000e+00 -2.80000e+00       1.951e+08  5.178305e-01  0.000000e+00 -5.450702e-16  4.821695e-01
 7.00000e-01 -2.80000e+00       1.060e+08  5.123364e-01  0.000000e+00 -3.682004e-05  4.876636e-01
 1.40000e+00 -2.80000e+00       1.605e+07  4.656227e-01  0.000000e+00 -4.059945e-03  5.343773e-01
 2.10000e+00 -2.80000e+00       3.317e+05 -3.114036e-01  0.000000e+00 -7.649803e-02  6.885964e-01
 2.80000e+00 -2.80000e+00       9.290e+03  2.068580e-01  0.000000e+00 -4.044250e-02  7.931420e-01
 3.50000e+00 -2.80000e+00       3.827e+04  9.940218e-01  0.000000e+00  3.166906e-02  5.978222e-03
 4.20000e+00 -2.80000e+00       9.959e+03  9.833451e-01  0.000000e+00  2.210389e-02  1.665492e-02
 4.90000e+00 -2.80000e+00       8.469e+02  9.164666e-01  0.000000e+00  8.331513e-03  8.353340e-02
 5.60000e+00 -2.80000e+00       4.633e+01 -1.031597e-01  0.000000e+00 -2.931605e-01  8.968403e-01
 6.30000e+00 -2.80000e+00       2.172e+01 -5.775233e-01  0.000000e+00 -8.315016e-01  4.224767e-01
 7.00000e+00 -2.80000e+00       1.725e+01 -2.459680e-01  0.000000e+00 -9.430273e-01  7.540320e-01
-7.00000e+00 -2.40000e+00       1.985e+01 -8.347932e-02  0.000000e+00  9.561298e-01  9.165207e-01
-6.30000e+00 -2.40000e+00       2.510e+01 -5.061378e-01  0.000000e+00  8.744297e-01  4.938622e-01
-5.60000e+00 -2.40000e+00       5.862e+01 -1.490153e-02  0.000000e+00  3.038545e-01  9.850985e-01
-4.90000e+00 -2.40000e+00       1.163e+03  9.013918e-01  0.000000e+00 -2.476269e-02  9.860816e-02
-4.20000e+00 -2.40000e+00       1.728e+04  8.743206e-01  0.000000e+00 -4.923263e-02  1.256794e-01
-3.50000e+00 -2.40000e+00       2.685e+05  6.188227e-01  0.000000e+00 -8.864540e-02  3.811773e-01
-2.80000e+00 -2.40000e+00       4.293e+06  5.275983e-01  0.000000e+00 -8.667594e-02  4.724017e-01
-2.10000e+00 -2.40000e+00       3.501e+07  5.170771e-01  0.000000e+00 -6.721052e-02  4.829229e-01
-1.40000e+00 -2.40000e+00       1.359e+08  5.186628e-01  0.000000e+00 -4.713617e-02  4.813372e-01
-7.00000e-01 -2.40000e+00       2.602e+08  5.295990e-01  0.000000e+00 -2.744607e-02  4.704010e-01
 0.00000e+00 -2.40000e+00       3.004e+08  5.386491e-01  0.000000e+00  4.051900e-17  4.613509e-01
 7.00000e-01 -2.40000e+00       2.602e+08  5.295990e-01  0.000000e+00  2.744607e-02  4.704010e-01
 1.40000e+00 -2.40000e+00       1.359e+08  5.186628e-01  0.000000e+00  4.713617e-02  4.813372e-01
 2.10000e+00 -2.40000e+00       3.501e+07  5.170771e-01  0.000000e+00  6.721052e-02  4.829229e-01
 2.80000e+00 -2.40000e+00       4.293e+06  5.275983e-01  0.000000e+00  8.667594e-02  4.724017e-01
 3.50000e+00 -2.40000e+00       2.685e+05  6.188227e-01  0.000000e+00  8.864540e-02  3.811773e-01
 4.20000e+00 -2.40000e+00       1.728e+04  8.743206e-01  0.000000e+00  4.923263e-02  1.256794e-01
 4.90000e+00 -2.40000e+00       1.163e+03  9.013918e-01  0.000000e+00  2.476269e-02  9.860816e-02
 5.60000e+00 -2.40000e+00       5.862e+01 -1.490153e-02  0.000000e+00 -3.038545e-01  9.850985e-01
 6.30000e+00 -2.40000e+00       2.510e+01 -5.061378e-01  0.000000e+00 -8.744297e-01  4.938622e-01
 7.00000e+00 -2.40000e+00       1.985e+01 -8.347932e-02  0.000000e+00 -9.561298e-01  9.165207e-01
-7.00000e+00 -2.00000e+00       2.229e+01  5.088614e-02  0.000000e+00  9.428264e-01  9.491139e-01
-6.30000e+00 -2.00000e+00       3.773e+01 -3.668010e-01  0.000000e+00  7.486315e-01  6.331990e-01
-5.60000e+00 -2.00000e+00       1.154e+03  5.135603e-01  0.000000e+00 -1.926508e-01  4.864397e-01
-4.90000e+00 -2.00000e+00       1.019e+05  5.821023e-01  0.000000e+00 -2.295275e-01  4.178977e-01
-4.20000e+00 -2.00000e+00       3.114e+06  5.809114e-01  0.000000e+00 -2.197146e-01  4.190886e-01
-3.50000e+00 -2.00000e+00       3.448e+07  5.808389e-01  0.000000e+00 -1.948933e-01  4.191611e-01
-2.80000e+00 -2.00000e+00       1.706e+08  5.802356e-01  0.000000e+00 -1.496807e-01  4.197644e-01
-2.10000e+00 -2.00000e+00       4.940e+08  5.758980e-01  0.000000e+00 -9.712680e-02  4.241020e-01
-1.40000e+00 -2.00000e+00       9.748e+08  5.689717e-01  0.000000e+00 -5.539487e-02  4.310283e-01
-7.00000e-01 -2.00000e+00       1.461e+09  5.650371e-01  0.000000e+00 -2.361055e-02  4.349629e-01
 0.00000e+00 -2.00000e+00       1.711e+09  5.646212e-01  0.000000e+00 -1.456458e-16  4.353788e-01
 7.00000e-01 -2.00000e+00       1.461e+09  5.650371e-01  0.000000e+00  2.361055e-02  4.349629e-01
 1.40000e+00 -2.00000e+00       9.748e+08  5.689717e-01  0.000000e+00  5.539487e-02  4.310283e-01
 2.10000e+00 -2.00000e+00       4.940e+08  5.758980e-01  0.000000e+00  9.712680e-02  4.241020e-01
 2.80000e+00 -2.00000e+00       1.706e+08  5.802356e-01  0.000000e+00  1.496807e-01  4.197644e-01
 3.50000e+00 -2.00000e+00       3.448e+07  5.808389e-01  0.000000e+00  1.948933e-01  4.191611e-01
 4.20000e+00 -2.00000e+00       3.114e+06  5.809114e-01  0.000000e+00  2.197146e-01  4.190886e-01
 4.90000e+00 -2.00000e+00       1.019e+05  5.821023e-01  0.000000e+00  2.295275e-01  4.178977e-01
 5.60000e+00 -2.00000e+00       1.154e+03  5.135603e-01  0.000000e+00  1.926508e-01  4.864397e-01
 6.30000e+00 -2.00000e+00       3.773e+01 -3.668010e-01  0.000000e+00 -7.486315e-01  6.331990e-01
 7.00000e+00 -2.00000e+00       2.229e+01  5.088614e-02  0.000000e+00 -9.428264e-01  9.491139e-01
-7.00000e+00 -1.60000e+00       2.601e+01  2.238134e-01  0.000000e+00  9.163117e-01  7.761866e-01
-6.30000e+00 -1.60000e+00       4.167e+01 -2.285333e-01  0.000000e+00  9.413720e-01  7.714667e-01
-5.60000e+00 -1.60000e+00       7.579e+02  5.977282e-01  0.000000e+00 -7.805304e-02  4.022718e-01
-4.90000e+00 -1.60000e+00       8.917e+04  6.644055e-01  0.000000e+00 -1.491923e-01  3.355945e-01
-4.20000e+00 -1.60000e+00       3.840e+06  6.586627e-01  0.000000e+00 -1.428700e-01  3.413373e-01
-3.50000e+00 -1.60000e+00       5.845e+07  6.555985e-01  0.000000e+00 -1.291726e-01  3.444015e-01
-2.80000e+00 -1.60000e+00       3.512e+08  6.518066e-01  0.000000e+00 -1.067548e-01  3.481934e-01
-2.10000e+00 -1.60000e+00       1.020e+09  6.454003e-01  0.000000e+00 -7.607011e-02  3.545997e-01
-1.40000e+00 -1.60000e+00       1.860e+09  6.373798e-01  0.000000e+00 -4.417560e-02  3.626202e-01
-7.00000e-01 -1.60000e+00       2.577e+09  6.327304e-01  0.000000e+00 -1.914174e-02  3.672696e-01
 0.00000e+00 -1.60000e+00       2.859e+09  6.320980e-01  0.000000e+00  5.780122e-16  3.679020e-01
 7.00000e-01 -1.60000e+00       2.577e+09  6.327304e-01  0.000000e+00  1.914174e-02  3.672696e-01
 1.40000e+00 -1.60000e+00       1.860e+09  6.373798e-01  0.000000e+00  4.417560e-02  3.626202e-01
 2.10000e+00 -1.60000e+00       1.020e+09  6.454003e-01  0.000000e+00  7.607011e-02  3.545997e-01
 2.80000e+00 -1.60000e+00       3.512e+08  6.518066e-01  0.000000e+00  1.067548e-01  3.481934e-01
 3.50000e+00 -1.60000e+00       5.845e+07  6.555985e-01  0.000000e+00  1.291726e-01  3.444015e-01
 4.20000e+00 -1.60000e+00       3.840e+06  6.586627e-01  0.000000e+00  1.428700e-01  3.413373e-01
 4.90000e+00 -1.60000e+00       8.917e+04  6.644055e-01  0.000000e+00  1.491923e-01  3.355945e-01
 5.60000e+00 -1.60000e+00       7.579e+02  5.977282e-01  0.000000e+00  7.805304e-02  4.022718e-01
 6.30000e+00 -1.60000e+00       4.167e+01 -2.285333e-01  0.000000e+00 -9.413720e-01  7.714667e-01
 7.00000e+00 -1.60000e+00       2.601e+01  2.238134e-01  0.000000e+00 -9.163117e-01  7.761866e-01
-7.00000e+00 -1.20000e+00       3.705e+01  4.496704e-01  0.000000e+00  8.509111e-01  5.503296e-01
-6.30000e+00 -1.20000e+00       6.333e+01  2.162597e-01  0.000000e+00  8.833934e-01  7.837403e-01
-5.60000e+00 -1.20000e+00       1.271e+03  5.935160e-01  0.000000e+00  1.432872e-01  4.064840e-01
-4.90000e+00 -1.20000e+00       7.916e+04  6.162423e-01  0.000000e+00 -9.151843e-03  3.837577e-01
-4.20000e+00 -1.20000e+00       3.384e+06  6.520123e-01  0.000000e+00 -5.001815e-02  3.479877e-01
-3.50000e+00 -1.20000e+00       6.687e+07  6.856849e-01  0.000000e+00 -3.999925e-02  3.143151e-01
-2.80000e+00 -1.20000e+00       5.267e+08  7.057755e-01  0.000000e+00 -3.429492e-02  2.942245e-01
-2.10000e+00 -1.20000e+00       1.944e+09  7.205837e-01  0.000000e+00 -4.157709e-02  2.794163e-01
-1.40000e+00 -1.20000e+00       4.549e+09  7.513072e-01  0.000000e+00 -5.296911e-02  2.486928e-01
-7.00000e-01 -1.20000e+00       7.810e+09  8.155293e-01  0.000000e+00 -4.004298e-02  1.844707e-01
 0.00000e+00 -1.20000e+00       9.522e+09  8.552223e-01  0.000000e+00  1.968605e-14  1.447777e-01
 7.00000e-01 -1.20000e+00       7.810e+09  8.155293e-01  0.000000e+00  4.004298e-02  1.844707e-01
 1.40000e+00 -1.20000e+00       4.549e+09  7.513072e-01  0.000000e+00  5.296911e-02  2.486928e-01
 2.10000e+00 -1.20000e+00       1.944e+09  7.205837e-01  0.000000e+00  4.157709e-02  2.794163e-01
 2.80000e+00 -1.20000e+00       5.267e+08  7.057755e-01  0.000000e+00  3.429492e-02  2.942245e-01
 3.50000e+00 -1.20000e+00       6.687e+07  6.856849e-01  0.000000e+00  3.999925e-02  3.143151e-01
 4.20000e+00 -1.20000e+00       3.384e+06  6.520123e-01  0.000000e+00  5.001815e-02  3.479877e-01
 4.90000e+00 -1.20000e+00       7.916e+04  6.162423e-01  0.000000e+00  9.151843e-03  3.837577e-01
 5.60000e+00 -1.20000e+00       1.271e+03  5.935160e-01  0.000000e+00 -1.432872e-01  4.064840e-01
 6.30000e+00 -1.20000e+00       6.333e+01  2.162597e-01  0.000000e+00 -8.833934e-01  7.837403e-01
 7.00000e+00 -1.20000e+00       3.705e+01  4.496704e-01  0.000000e+00 -8.509111e-01  5.503296e-01
-7.00000e+00 -8.00000e-01       4.189e+01  7.411410e-01  0.000000e+00  5.398155e-01  2.588590e-01
-6.30000e+00 -8.00000e-01       1.353e+03  7.861979e-01  0.000000e+00  5.932976e-03  2.138021e-01
-5.60000e+00 -8.00000e-01       1.033e+05  7.935721e-01  0.000000e+00 -5.048567e-03  2.064279e-01
-4.90000e+00 -8.00000e-01       3.934e+06  7.958346e-01  0.000000e+00  1.279717e-02  2.041654e-01
-4.20000e+00 -8.00000e-01       7.950e+07  7.986113e-01  0.000000e+00  1.896802e-02  2.013887e-01
-3.50000e+00 -8.00000e-01       8.667e+08  7.981954e-01  0.000000e+00  1.127530e-03  2.018046e-01
-2.80000e+00 -8.00000e-01       5.138e+09  7.879282e-01  0.000000e+00 -2.658386e-02  2.120718e-01
-2.10000e+00 -8.00000e-01       1.736e+10  7.544789e-01  0.000000e+00 -5.429954e-02  2.455211e-01
-1.40000e+00 -8.00000e-01       4.017e+10  7.135791e-01  0.000000e+00 -6.639951e-02  2.864209e-01
-7.00000e-01 -8.00000e-01       8.423e+10  7.308305e-01  0.000000e+00 -3.578422e-02  2.691695e-01
 0.00000e+00 -8.00000e-01       1.192e+11  7.512057e-01  0.000000e+00  9.837348e-17  2.487943e-01
 7.00000e-01 -8.00000e-01       8.423e+10  7.308305e-01  0.000000e+00  3.578422e-02  2.691695e-01
 1.40000e+00 -8.00000e-01       4.017e+10  7.135791e-01  0.000000e+00  6.639951e-02  2.864209e-01
 2.10000e+00 -8.00000e-01       1.736e+10  7.544789e-01  0.000000e+00  5.429954e-02  2.455211e-01
 2.80000e+00 -8.00000e-01       5.138e+09  7.879282e-01  0.000000e+00  2.658386e-02  2.120718e-01
 3.50000e+00 -8.00000e-01       8.667e+08  7.981954e-01  0.000000e+00 -1.127530e-03  2.018046e-01
 4.20000e+00 -8.00000e-01       7.950e+07  7.986113e-01  0.000000e+00 -1.896802e-02  2.013887e-01
 4.90000e+00 -8.00000e-01       3.934e+06  7.958346e-01  0.000000e+00 -1.279717e-02  2.041654e-01
 5.60000e+00 -8.00000e-01       1.033e+05  7.935721e-01  0.000000e+00  5.048567e-03  2.064279e-01
 6.30000e+00 -8.00000e-01       1.353e+03  7.861979e-01  0.000000e+00 -5.932976e-03  2.138021e-01
 7.00000e+00 -8.00000e-01       4.189e+01  7.411409e-01  0.000000e+00 -5.398155e-01  2.588591e-01
-7.00000e+00 -4.00000e-01       1.503e+02  9.317477e-01  0.000000e+00  8.794861e-02  6.825231e-02
-6.30000e+00 -4.00000e-01       1.938e+04  9.334446e-01  0.000000e+00 -4.020676e-03  6.655538e-02
-5.60000e+00 -4.00000e-01       1.436e+06  9.361811e-01  0.000000e+00 -7.409262e-03  6.381891e-02
-4.90000e+00 -4.00000e-01       4.930e+07  9.369087e-01  0.000000e+00 -4.874634e-03  6.309129e-02
-4.20000e+00 -4.00000e-01       8.362e+08  9.369150e-01  0.000000e+00 -3.868646e-03  6.308499e-02
-3.50000e+00 -4.00000e-01       7.561e+09  9.373372e-01  0.000000e+00 -3.176448e-03  6.266283e-02
-2.80000e+00 -4.00000e-01       3.997e+10  9.399736e-01  0.000000e+00 -1.954323e-03  6.002637e-02
-2.10000e+00 -4.00000e-01       1.377e+11  9.487286e-01  0.000000e+00  6.874386e-04  5.127136e-02
-1.40000e+00 -4.00000e-01       3.103e+11  9.598970e-01  0.000000e+00  9.652550e-03  4.010302e-02
-7.00000e-01 -4.00000e-01       4.068e+11  9.642092e-01  0.000000e+00  2.084712e-02  3.579083e-02
 0.00000e+00 -4.00000e-01       3.848e+11  9.632021e-01  0.000000e+00  5.203589e-17  3.679788e-02
 7.00000e-01 -4.00000e-01       4.068e+11  9.642092e-01  0.000000e+00 -2.084712e-02  3.579083e-02
 1.40000e+00 -4.00000e-01       3.103e+11  9.598970e-01  0.000000e+00 -9.652550e-03  4.010302e-02
 2.10000e+00 -4.00000e-01       1.377e+11  9.487286e-01  0.000000e+00 -6.874386e-04  5.127136e-02
 2.80000e+00 -4.00000e-01       3.997e+10  9.399736e-01  0.000000e+00  1.954323e-03  6.002637e-02
 3.50000e+00 -4.00000e-01       7.561e+09  9.373372e-01  0.000000e+00  3.176448e-03  6.266283e-02
 4.20000e+00 -4.00000e-01       8.362e+08  9.369150e-01  0.000000e+00  3.868646e-03  6.308499e-02
 4.90000e+00 -4.00000e-01       4.930e+07  9.369087e-01  0.000000e+00  4.874634e-03  6.309129e-02
 5.60000e+00 -4.00000e-01       1.436e+06  9.361811e-01  0.000000e+00  7.409262e-03  6.381891e-02
 6.30000e+00 -4.00000e-01       1.938e+04  9.334446e-01  0.000000e+00  4.020676e-03  6.655538e-02
 7.00000e+00 -4.00000e-01       1.503e+02  9.317477e-01  0.000000e+00 -8.794859e-02  6.825230e-02
-7.00000e+00  0.00000e+00       4.812e+03  9.999947e-01  0.000000e+00  3.345757e-13  5.334872e-06
-6.30000e+00  0.00000e+00       1.639e+05  9.999771e-01  0.000000e+00  2.521867e-14  2.294656e-05
-5.60000e+00  0.00000e+00       3.975e+06  9.999435e-01  0.000000e+00  1.208730e-13  5.647187e-05
-4.90000e+00  0.00000e+00       9.894e+07  9.999394e-01  0.000000e+00  3.232842e-13  6.062402e-05
-4.20000e+00  0.00000e+00       1.597e+09  9.999469e-01  0.000000e+00 -2.908287e-12  5.313369e-05
-3.50000e+00  0.00000e+00       1.450e+10  9.999501e-01  0.000000e+00 -1.901057e-11  4.988638e-05
-2.80000e+00  0.00000e+00       7.552e+10  9.999492e-01  0.000000e+00 -4.069524e-11  5.080387e-05
-2.10000e+00  0.00000e+00       2.494e+11  9.999489e-01  0.000000e+00 -3.067913e-11  5.112049e-05
-1.40000e+00  0.00000e+00       5.539e+11  9.999469e-01  0.000000e+00  2.565280e-12  5.306272e-05
-7.00000e-01  0.00000e+00       7.915e+11  9.999336e-01  0.000000e+00  1.397596e-11  6.643875e-05
 0.00000e+00  0.00000e+00       8.321e+11  9.999196e-01  0.000000e+00 -4.544119e-18  8.038411e-05
 7.00000e-01  0.00000e+00       7.915e+11  9.999336e-01  0.000000e+00 -1.397597e-11  6.643875e-05
 1.40000e+00  0.00000e+00       5.539e+11  9.999469e-01  0.000000e+00 -2.565287e-12  5.306272e-05
 2.10000e+00  0.00000e+00       2.494e+11  9.999489e-01  0.000000e+00  3.067914e-11  5.112049e-05
 2.80000e+00  0.00000e+00       7.552e+10  9.999492e-01  0.000000e+00  4.069526e-11  5.080387e-05
 3.50000e+00  0.00000e+00       1.450e+10  9.999501e-01  0.000000e+00  1.901058e-11  4.988638e-05
 4.20000e+00  0.00000e+00       1.597e+09  9.999469e-01  0.000000e+00  2.908280e-12  5.313369e-05
 4.90000e+00  0.00000e+00       9.894e+07  9.999394e-01  0.000000e+00 -3.232938e-13  6.062402e-05
 5.60000e+00  0.00000e+00       3.975e+06  9.999435e-01  0.000000e+00 -1.192628e-13  5.647187e-05
 6.30000e+00  0.00000e+00       1.639e+05  9.999771e-01  0.000000e+00 -6.045280e-15  2.294656e-05
 7.00000e+00  0.00000e+00       4.812e+03  9.999947e-01  0.000000e+00 -1.036902e-12  5.334871e-06
-7.00000e+00  4.00000e-01       1.503e+02  9.317477e-01  0.000000e+00 -8.794861e-02  6.825231e-02
-6.30000e+00  4.00000e-01       1.938e+04  9.334446e-01  0.000000e+00  4.020676e-03  6.655538e-02
-5.60000e+00  4.00000e-01       1.436e+06  9.361811e-01  0.000000e+00  7.409262e-03  6.381891e-02
-4.90000e+00  4.00000e-01       4.930e+07  9.369087e-01  0.000000e+00  4.874634e-03  6.309129e-02
-4.20000e+00  4.00000e-01       8.362e+08  9.369150e-01  0.000000e+00  3.868646e-03  6.308499e-02
-3.50000e+00  4.00000e-01       7.561e+09  9.373372e-01  0.000000e+00  3.176448e-03  6.266283e-02
-2.80000e+00  4.00000e-01       3.997e+10  9.399736e-01  0.000000e+00  1.954323e-03  6.002637e-02
-2.10000e+00  4.00000e-01       1.377e+11  9.487286e-01  0.000000e+00 -6.874387e-04  5.127136e-02
-1.40000e+00  4.00000e-01       3.103e+11  9.598970e-01  0.000000e+00 -9.652550e-03  4.010302e-02
-7.00000e-01  4.00000e-01       4.068e+11  9.642092e-01  0.000000e+00 -2.084712e-02  3.579083e-02
 0.00000e+00  4.00000e-01       3.848e+11  9.632021e-01  0.000000e+00 -6.201442e-17  3.679788e-02
 7.00000e-01  4.00000e-01       4.068e+11  9.642092e-01  0.000000e+00  2.084712e-02  3.579083e-02
 1.40000e+00  4.00000e-01       3.103e+11  9.598970e-01  0.000000e+00  9.652550e-03  4.010302e-02
 2.10000e+00  4.00000e-01       1.377e+11  9.487286e-01  0.000000e+00  6.874387e-04  5.127136e-02
 2.80000e+00  4.00000e-01       3.997e+10  9.399736e-01  0.000000e+00 -1.954323e-03  6.002637e-02
 3.50000e+00  4.00000e-01       7.561e+09  9.373372e-01  0.000000e+00 -3.176448e-03  6.266283e-02
 4.20000e+00  4.00000e-01       8.362e+08  9.369150e-01  0.000000e+00 -3.868646e-03  6.308499e-02
 4.90000e+00  4.00000e-01       4.930e+07  9.369087e-01  0.000000e+00 -4.874634e-03  6.309129e-02
 5.60000e+00  4.00000e-01       1.436e+06  9.361811e-01  0.000000e+00 -7.409262e-03  6.381891e-02
 6.30000e+00  4.00000e-01       1.938e+04  9.334446e-01  0.000000e+00 -4.020676e-03  6.655538e-02
 7.00000e+00  4.00000e-01       1.503e+02  9.317477e-01  0.000000e+00  8.794859e-02  6.825230e-02
-7.00000e+00  8.00000e-01       4.189e+01  7.411409e-01  0.000000e+00 -5.398155e-01  2.588591e-01
-6.30000e+00  8.00000e-01       1.353e+03  7.861979e-01  0.000000e+00 -5.932976e-03  2.138021e-01
-5.60000e+00  8.00000e-01       1.033e+05  7.935721e-01  0.000000e+00  5.048567e-03  2.064279e-01
-4.90000e+00  8.00000e-01       3.934e+06  7.958346e-01  0.000000e+00 -1.279717e-02  2.041654e-01
-4.20000e+00  8.00000e-01       7.950e+07  7.986113e-01  0.000000e+00 -1.896802e-02  2.013887e-01
-3.50000e+00  8.00000e-01       8.667e+08  7.981954e-01  0.000000e+00 -1.127530e-03  2.018046e-01
-2.80000e+00  8.00000e-01       5.138e+09  7.879282e-01  0.000000e+00  2.658386e-02  2.120718e-01
-2.10000e+00  8.00000e-01       1.736e+10  7.544789e-01  0.000000e+00  5.429954e-02  2.455211e-01
-1.40000e+00  8.00000e-01       4.017e+10  7.135791e-01  0.000000e+00  6.639951e-02  2.864209e-01
-7.00000e-01  8.00000e-01       8.423e+10  7.308305e-01  0.000000e+00  3.578422e-02  2.691695e-01
 0.00000e+00  8.00000e-01       1.192e+11  7.512057e-01  0.000000e+00  9.287464e-15  2.487943e-01
 7.00000e-01  8.00000e-01       8.423e+10  7.308305e-01  0.000000e+00 -3.578422e-02  2.691695e-01
 1.40000e+00  8.00000e-01       4.017e+10  7.135791e-01  0.000000e+00 -6.639951e-02  2.864209e-01
 2.10000e+00  8.00000e-01       1.736e+10  7.544789e-01  0.000000e+00 -5.429954e-02  2.455211e-01
 2.80000e+00  8.00000e-01       5.138e+09  7.879282e-01  0.000000e+00 -2.658386e-02  2.120718e-01
 3.50000e+00  8.00000e-01       8.667e+08  7.981954e-01  0.000000e+00  1.127530e-03  2.018046e-01
 4.20000e+00  8.00000e-01       7.950e+07  7.986113e-01  0.000000e+00  1.896802e-02  2.013887e-01
 4.90000e+00  8.00000e-01       3.934e+06  7.958346e-01  0.000000e+00  1.279717e-02  2.041654e-01
 5.60000e+00  8.00000e-01       1.033e+05  7.935721e-01  0.000000e+00 -5.048567e-03  2.064279e-01
 6.30000e+00  8.00000e-01       1.353e+03  7.861979e-01  0.000000e+00  5.932976e-03  2.138021e-01
 7.00000e+00  8.00000e-01       4.189e+01  7.411409e-01  0.000000e+00  5.398155e-01  2.588591e-01
-7.00000e+00  1.20000e+00       3.705e+01  4.496704e-01  0.000000e+00 -8.509111e-01  5.503296e-01
-6.30000e+00  1.20000e+00       6.333e+01  2.162597e-01  0.000000e+00 -8.833934e-01  7.837403e-01
-5.60000e+00  1.20000e+00       1.271e+03  5.935160e-01  0.000000e+00 -1.432872e-01  4.064840e-01
-4.90000e+00  1.20000e+00       7.916e+04  6.162423e-01  0.000000e+00  9.151845e-03  3.837577e-01
-4.20000e+00  1.20000e+00       3.384e+06  6.520123e-01  0.000000e+00  5.001814e-02  3.479877e-01
-3.50000e+00  1.20000e+00       6.687e+07  6.856849e-01  0.000000e+00  3.999924e-02  3.143151e-01
-2.80000e+00  1.20000e+00       5.267e+08  7.057755e-01  0.000000e+00  3.429491e-02  2.942245e-01
-2.10000e+00  1.20000e+00       1.944e+09  7.205837e-01  0.000000e+00  4.157708e-02  2.794163e-01
-1.40000e+00  1.20000e+00       4.549e+09  7.513072e-01  0.000000e+00  5.296912e-02  2.486928e-01
-7.00000e-01  1.20000e+00       7.810e+09  8.155293e-01  0.000000e+00  4.004299e-02  1.844707e-01
 0.00000e+00  1.20000e+00       9.522e+09  8.552223e-01  0.000000e+00 -2.194203e-14  1.447777e-01
 7.00000e-01  1.20000e+00       7.810e+09  8.155293e-01  0.000000e+00 -4.004299e-02  1.844707e-01
 1.40000e+00  1.20000e+00       4.549e+09  7.513072e-01  0.000000e+00 -5.296912e-02  2.486928e-01
 2.10000e+00  1.20000e+00       1.944e+09  7.205837e-01  0.000000e+00 -4.157708e-02  2.794163e-01
 2.80000e+00  1.20000e+00       5.267e+08  7.057755e-01  0.000000e+00 -3.429491e-02  2.942245e-01
 3.50000e+00  1.20000e+00       6.687e+07  6.856849e-01  0.000000e+00 -3.999924e-02  3.143151e-01
 4.20000e+00  1.20000e+00       3.384e+06  6.520123e-01  0.000000e+00 -5.001814e-02  3.479877e-01
 4.90000e+00  1.20000e+00       7.916e+04  6.162423e-01  0.000000e+00 -9.151845e-03  3.837577e-01
 5.60000e+00  1.20000e+00       1.271e+03  5.935160e-01  0.000000e+00  1.432872e-01  4.064840e-01
 6.30000e+00  1.20000e+00       6.333e+01  2.162597e-01  0.000000e+00  8.833934e-01  7.837403e-01
 7.00000e+00  1.20000e+00       3.705e+01  4.496704e-01  0.000000e+00  8.509111e-01  5.503296e-01
-7.00000e+00  1.60000e+00       2.601e+01  2.238134e-01  0.000000e+00 -9.163117e-01  7.761866e-01
-6.30000e+00  1.60000e+00       4.167e+01 -2.285333e-01  0.000000e+00 -9.413720e-01  7.714667e-01
-5.60000e+00  1.60000e+00       7.579e+02  5.977282e-01  0.000000e+00  7.805304e-02  4.022718e-01
-4.90000e+00  1.60000e+00       8.917e+04  6.644055e-01  0.000000e+00  1.491923e-01  3.355945e-01
-4.20000e+00  1.60000e+00       3.840e+06  6.586627e-01  0.000000e+00  1.428700e-01  3.413373e-01
-3.50000e+00  1.60000e+00       5.845e+07  6.555985e-01  0.000000e+00  1.291726e-01  3.444015e-01
-2.80000e+00  1.60000e+00       3.512e+08  6.518066e-01  0.000000e+00  1.067548e-01  3.481934e-01
-2.10000e+00  1.60000e+00       1.020e+09  6.454003e-01  0.000000e+00  7.607009e-02  3.545997e-01
-1.40000e+00  1.60000e+00       1.860e+09  6.373798e-01  0.000000e+00  4.417560e-02  3.626202e-01
-7.00000e-01  1.60000e+00       2.577e+09  6.327304e-01  0.000000e+00  1.914176e-02  3.672696e-01
 0.00000e+00  1.60000e+00       2.859e+09  6.320980e-01  0.000000e+00 -7.280730e-16  3.679020e-01
 7.00000e-01  1.60000e+00       2.577e+09  6.327304e-01  0.000000e+00 -1.914176e-02  3.672696e-01
 1.40000e+00  1.60000e+00       1.860e+09  6.373798e-01  0.000000e+00 -4.417560e-02  3.626202e-01
 2.10000e+00  1.60000e+00       1.020e+09  6.454003e-01  0.000000e+00 -7.607009e-02  3.545997e-01
 2.80000e+00  1.60000e+00       3.512e+08  6.518066e-01  0.000000e+00 -1.067548e-01  3.481934e-01
 3.50000e+00  1.60000e+00       5.845e+07  6.555985e-01  0.000000e+00 -1.291726e-01  3.444015e-01
 4.20000e+00  1.60000e+00       3.840e+06  6.586627e-01  0.000000e+00 -1.428700e-01  3.413373e-01
 4.90000e+00  1.60000e+00       8.917e+04  6.644055e-01  0.000000e+00 -1.491923e-01  3.355945e-01
 5.60000e+00  1.60000e+00       7.579e+02  5.977282e-01  0.000000e+00 -7.805304e-02  4.022718e-01
 6.30000e+00  1.60000e+00       4.167e+01 -2.285333e-01  0.000000e+00  9.413720e-01  7.714667e-01
 7.00000e+00  1.60000e+00       2.601e+01  2.238134e-01  0.000000e+00  9.163117e-01  7.761866e-01
-7.00000e+00  2.00000e+00       2.229e+01  5.088614e-02  0.000000e+00 -9.428264e-01  9.491139e-01
-6.30000e+00  2.00000e+00       3.773e+01 -3.668010e-01  0.000000e+00 -7.486315e-01  6.331990e-01
-5.60000e+00  2.00000e+00       1.154e+03  5.135603e-01  0.000000e+00  1.926508e-01  4.864397e-01
-4.90000e+00  2.00000e+00       1.019e+05  5.821023e-01  0.000000e+00  2.295275e-01  4.178977e-01
-4.20000e+00  2.00000e+00       3.114e+06  5.809114e-01  0.000000e+00  2.197146e-01  4.190886e-01
-3.50000e+00  2.00000e+00       3.448e+07  5.808389e-01  0.000000e+00  1.948932e-01  4.191611e-01
-2.80000e+00  2.00000e+00       1.706e+08  5.802356e-01  0.000000e+00  1.496807e-01  4.197644e-01
-2.10000e+00  2.00000e+00       4.940e+08  5.758980e-01  0.000000e+00  9.712676e-02  4.241020e-01
-1.40000e+00  2.00000e+00       9.748e+08  5.689717e-01  0.000000e+00  5.539487e-02  4.310283e-01
-7.00000e-01  2.00000e+00       1.461e+09  5.650370e-01  0.000000e+00  2.361057e-02  4.349630e-01
 0.00000e+00  2.00000e+00       1.711e+09  5.646212e-01  0.000000e+00  4.623859e-17  4.353788e-01
 7.00000e-01  2.00000e+00       1.461e+09  5.650370e-01  0.000000e+00 -2.361057e-02  4.349630e-01
 1.40000e+00  2.00000e+00       9.748e+08  5.689717e-01  0.000000e+00 -5.539487e-02  4.310283e-01
 2.10000e+00  2.00000e+00       4.940e+08  5.758980e-01  0.000000e+00 -9.712676e-02  4.241020e-01
 2.80000e+00  2.00000e+00       1.706e+08  5.802356e-01  0.000000e+00 -1.496807e-01  4.197644e-01
 3.50000e+00  2.00000e+00       3.448e+07  5.808389e-01  0.000000e+00 -1.948932e-01  4.191611e-01
 4.20000e+00  2.00000e+00       3.114e+06  5.809114e-01  0.000000e+00 -2.197146e-01  4.190886e-01
 4.90000e+00  2.00000e+00       1.019e+05  5.821023e-01  0.000000e+00 -2.295275e-01  4.178977e-01
 5.60000e+00  2.00000e+00       1.154e+03  5.135603e-01  0.000000e+00 -1.926508e-01  4.864397e-01
 6.30000e+00  2.00000e+00       3.773e+01 -3.668010e-01  0.000000e+00  7.486315e-01  6.331990e-01
 7.00000e+00  2.00000e+00       2.229e+01  5.088614e-02  0.000000e+00  9.428264e-01  9.491139e-01
-7.00000e+00  2.40000e+00       1.985e+01 -8.347932e-02  0.000000e+00 -9.561298e-01  9.165207e-01
-6.30000e+00  2.40000e+00       2.510e+01 -5.061378e-01  0.000000e+00 -8.744297e-01  4.938622e-01
-5.60000e+00  2.40000e+00       5.862e+01 -1.490145e-02  0.000000e+00 -3.038544e-01  9.850986e-01
-4.90000e+00  2.40000e+00       1.163e+03  9.013910e-01  0.000000e+00  2.476315e-02  9.860904e-02
-4.20000e+00  2.40000e+00       1.728e+04  8.743173e-01  0.000000e+00  4.923328e-02  1.256827e-01
-3.50000e+00  2.40000e+00       2.685e+05  6.188211e-01  0.000000e+00  8.864392e-02  3.811789e-01
-2.80000e+00  2.40000e+00       4.293e+06  5.275980e-01  0.000000e+00  8.667448e-02  4.724020e-01
-2.10000e+00  2.40000e+00       3.501e+07  5.170770e-01  0.000000e+00  6.721008e-02  4.829230e-01
-1.40000e+00  2.40000e+00       1.359e+08  5.186628e-01  0.000000e+00  4.713627e-02  4.813372e-01
-7.00000e-01  2.40000e+00       2.602e+08  5.295990e-01  0.000000e+00  2.744622e-02  4.704010e-01
 0.00000e+00  2.40000e+00       3.004e+08  5.386491e-01  0.000000e+00 -4.015027e-16  4.613509e-01
 7.00000e-01  2.40000e+00       2.602e+08  5.295990e-01  0.000000e+00 -2.744622e-02  4.704010e-01
 1.40000e+00  2.40000e+00       1.359e+08  5.186628e-01  0.000000e+00 -4.713627e-02  4.813372e-01
 2.10000e+00  2.40000e+00       3.501e+07  5.170770e-01  0.000000e+00 -6.721008e-02  4.829230e-01
 2.80000e+00  2.40000e+00       4.293e+06  5.275980e-01  0.000000e+00 -8.667448e-02  4.724020e-01
 3.50000e+00  2.40000e+00       2.685e+05  6.188211e-01  0.000000e+00 -8.864392e-02  3.811789e-01
 4.20000e+00  2.40000e+00       1.728e+04  8.743173e-01  0.000000e+00 -4.923328e-02  1.256827e-01
 4.90000e+00  2.40000e+00       1.163e+03  9.013910e-01  0.000000e+00 -2.476315e-02  9.860904e-02
 5.60000e+00  2.40000e+00       5.862e+01 -1.490144e-02  0.000000e+00  3.038544e-01  9.850986e-01
 6.30000e+00  2.40000e+00       2.510e+01 -5.061378e-01  0.000000e+00  8.744297e-01  4.938622e-01
 7.00000e+00  2.40000e+00       1.985e+01 -8.347932e-02  0.000000e+00  9.561298e-01  9.165207e-01
-7.00000e+00  2.80000e+00       1.725e+01 -2.459680e-01  0.000000e+00 -9.430273e-01  7.540320e-01
-6.30000e+00  2.80000e+00       2.172e+01 -5.775232e-01  0.000000e+00 -8.315016e-01  4.224768e-01
-5.60000e+00  2.80000e+00       4.633e+01 -1.031594e-01  0.000000e+00 -2.931603e-01  8.968406e-01
-4.90000e+00  2.80000e+00       8.470e+02  9.164644e-01  0.000000e+00  8.332801e-03  8.353562e-02
-4.20000e+00  2.80000e+00       9.959e+03  9.833320e-01  0.000000e+00  2.210830e-02  1.666797e-02
-3.50000e+00  2.80000e+00       3.828e+04  9.939559e-01  0.000000e+00  3.167474e-02  6.044110e-03
-2.80000e+00  2.80000e+00       9.274e+03  2.034222e-01  0.000000e+00 -4.065820e-02  7.965778e-01
-2.10000e+00  2.80000e+00       3.319e+05 -3.109816e-01  0.000000e+00 -7.644897e-02  6.890184e-01
-1.40000e+00  2.80000e+00       1.605e+07  4.656242e-01  0.000000e+00 -4.056208e-03  5.343758e-01
-7.00000e-01  2.80000e+00       1.060e+08  5.123364e-01  0.000000e+00 -3.601138e-05  4.876636e-01
 0.00000e+00  2.80000e+00       1.951e+08  5.178304e-01  0.000000e+00  1.465091e-16  4.821696e-01
 7.00000e-01  2.80000e+00       1.060e+08  5.123364e-01  0.000000e+00  3.601138e-05  4.876636e-01
 1.40000e+00  2.80000e+00       1.605e+07  4.656242e-01  0.000000e+00  4.056208e-03  5.343758e-01
 2.10000e+00  2.80000e+00       3.319e+05 -3.109816e-01  0.000000e+00  7.644897e-02  6.890184e-01
 2.80000e+00  2.80000e+00       9.274e+03  2.034222e-01  0.000000e+00  4.065820e-02  7.965778e-01
 3.50000e+00  2.80000e+00       3.828e+04  9.939559e-01  0.000000e+00 -3.167474e-02  6.044110e-03
 4.20000e+00  2.80000e+00       9.959e+03  9.833320e-01  0.000000e+00 -2.210830e-02  1.666797e-02
 4.90000e+00  2.80000e+00       8.470e+02  9.164644e-01  0.000000e+00 -8.332801e-03  8.353562e-02
 5.60000e+00  2.80000e+00       4.633e+01 -1.031594e-01  0.000000e+00  2.931603e-01  8.968406e-01
 6.30000e+00  2.80000e+00       2.172e+01 -5.775232e-01  0.000000e+00  8.315016e-01  4.224768e-01
 7.00000e+00  2.80000e+00       1.725e+01 -2.459680e-01  0.000000e+00  9.430273e-01  7.540320e-01
-7.00000e+00  3.20000e+00       1.574e+01 -4.109887e-01  0.000000e+00 -9.000392e-01  5.890113e-01
-6.30000e+00  3.20000e+00       2.131e+01 -6.287491e-01  0.000000e+00 -8.054692e-01  3.712509e-01
-5.60000e+00  3.20000e+00       3.880e+01 -1.458450e-01  0.000000e+00 -3.057728e-01  8.541550e-01
-4.90000e+00  3.20000e+00       6.734e+02  9.158718e-01  0.000000e+00  5.672587e-03  8.412823e-02
-4.20000e+00  3.20000e+00       7.913e+03  9.855856e-01  0.000000e+00  1.633193e-02  1.441435e-02
-3.50000e+00  3.20000e+00       3.118e+04  9.870768e-01  0.000000e+00  2.462461e-02  1.292319e-02
-2.80000e+00  3.20000e+00       5.172e+04  3.676656e-01  0.000000e+00  2.007262e-02  6.323344e-01
-2.10000e+00  3.20000e+00       2.461e+06  3.984614e-01  0.000000e+00  1.213434e-02  6.015386e-01
-1.40000e+00  3.20000e+00       4.258e+07  4.780151e-01  0.000000e+00  1.108530e-02  5.219849e-01
-7.00000e-01  3.20000e+00       2.197e+08  4.941111e-01  0.000000e+00  6.281156e-03  5.058889e-01
 0.00000e+00  3.20000e+00       3.765e+08  4.970165e-01  0.000000e+00 -3.201733e-16  5.029835e-01
 7.00000e-01  3.20000e+00       2.197e+08  4.941111e-01  0.000000e+00 -6.281156e-03  5.058889e-01
 1.40000e+00  3.20000e+00       4.258e+07  4.780151e-01  0.000000e+00 -1.108530e-02  5.219849e-01
 2.10000e+00  3.20000e+00       2.461e+06  3.984614e-01  0.000000e+00 -1.213434e-02  6.015386e-01
 2.80000e+00  3.20000e+00       5.172e+04  3.676656e-01  0.000000e+00 -2.007262e-02  6.323344e-01
 3.50000e+00  3.20000e+00       3.118e+04  9.870768e-01  0.000000e+00 -2.462461e-02  1.292319e-02
 4.20000e+00  3.20000e+00       7.913e+03  9.855856e-01  0.000000e+00 -1.633193e-02  1.441435e-02
 4.90000e+00  3.20000e+00       6.734e+02  9.158718e-01  0.000000e+00 -5.672587e-03  8.412823e-02
 5.60000e+00  3.20000e+00       3.880e+01 -1.458450e-01  0.000000e+00  3.057728e-01  8.541550e-01
 6.30000e+00  3.20000e+00       2.131e+01 -6.287491e-01  0.000000e+00  8.054692e-01  3.712509e-01
 7.00000e+00  3.20000e+00       1.574e+01 -4.109887e-01  0.000000e+00  9.000392e-01  5.890113e-01
-7.00000e+00  3.60000e+00       3.145e+00 -7.088599e-01  0.000000e+00 -7.073681e-01  2.911401e-01
-6.30000e+00  3.60000e+00       1.008e+01 -9.367649e-01  0.000000e+00 -6.078962e-01  6.323510e-02
-5.60000e+00  3.60000e+00       3.282e+01 -2.163754e-01  0.000000e+00 -2.205485e-01  7.836246e-01
-4.90000e+00  3.60000e+00       5.658e+02  8.945193e-01  0.000000e+00  5.871200e-03  1.054807e-01
-4.20000e+00  3.60000e+00       6.584e+03  9.837270e-01  0.000000e+00  1.367206e-02  1.627299e-02
-3.50000e+00  3.60000e+00       2.666e+04  9.746814e-01  0.000000e+00  2.154560e-02  2.531859e-02
-2.80000e+00  3.60000e+00       9.434e+04  4.403190e-01  0.000000e+00  4.361391e-02  5.596810e-01
-2.10000e+00  3.60000e+00       3.253e+06  4.362666e-01  0.000000e+00  3.560179e-02  5.637334e-01
-1.40000e+00  3.60000e+00       4.188e+07  4.840588e-01  0.000000e+00  2.707355e-02  5.159412e-01
-7.00000e-01  3.60000e+00       1.804e+08  4.988550e-01  0.000000e+00  1.521348e-02  5.011450e-01
 0.00000e+00  3.60000e+00       2.895e+08  5.024966e-01  0.000000e+00  1.064791e-16  4.975034e-01
 7.00000e-01  3.60000e+00       1.804e+08  4.988550e-01  0.000000e+00 -1.521348e-02  5.011450e-01
 1.40000e+00  3.60000e+00       4.188e+07  4.840588e-01  0.000000e+00 -2.707355e-02  5.159412e-01
 2.10000e+00  3.60000e+00       3.253e+06  4.362666e-01  0.000000e+00 -3.560179e-02  5.637334e-01
 2.80000e+00  3.60000e+00       9.434e+04  4.403190e-01  0.000000e+00 -4.361391e-02  5.596810e-01
 3.50000e+00  3.60000e+00       2.666e+04  9.746814e-01  0.000000e+00 -2.154560e-02  2.531859e-02
 4.20000e+00  3.60000e+00       6.584e+03  9.837270e-01  0.000000e+00 -1.367206e-02  1.627299e-02
 4.90000e+00  3.60000e+00       5.658e+02  8.945193e-01  0.000000e+00 -5.871200e-03  1.054807e-01
 5.60000e+00  3.60000e+00       3.282e+01 -2.163754e-01  0.000000e+00  2.205485e-01  7.836246e-01
 6.30000e+00  3.60000e+00       1.008e+01 -9.367649e-01  0.000000e+00  6.078962e-01  6.323510e-02
 7.00000e+00  3.60000e+00       3.145e+00 -7.088599e-01  0.000000e+00  7.073681e-01  2.911401e-01
-7.00000e+00  4.00000e+00       4.795e-01 -9.304615e-01  0.000000e+00 -3.712538e-01  6.953849e-02
-6.30000e+00  4.00000e+00       5.088e+00 -7.631010e-01  0.000000e+00 -2.617800e-01  2.368990e-01
-5.60000e+00  4.00000e+00       2.690e+01 -2.330444e-01  0.000000e+00 -1.347239e-01  7.669556e-01
-4.90000e+00  4.00000e+00       4.864e+02  8.952524e-01  0.000000e+00  1.115162e-04  1.047476e-01
-4.20000e+00  4.00000e+00       5.666e+03  9.869079e-01  0.000000e+00  1.011553e-02  1.309206e-02
-3.50000e+00  4.00000e+00       2.489e+04  9.406196e-01  0.000000e+00  2.400468e-02  5.938037e-02
-2.80000e+00  4.00000e+00       1.917e+05  4.825846e-01  0.000000e+00  7.660450e-02  5.174154e-01
-2.10000e+00  4.00000e+00       4.658e+06  4.705009e-01  0.000000e+00  6.783909e-02  5.294991e-01
-1.40000e+00  4.00000e+00       4.239e+07  4.969546e-01  0.000000e+00  5.287826e-02  5.030454e-01
-7.00000e-01  4.00000e+00       1.434e+08  5.111550e-01  0.000000e+00  3.073520e-02  4.888450e-01
 0.00000e+00  4.00000e+00       2.095e+08  5.162616e-01  0.000000e+00 -8.930876e-17  4.837384e-01
 7.00000e-01  4.00000e+00       1.434e+08  5.111550e-01  0.000000e+00 -3.073520e-02  4.888450e-01
 1.40000e+00  4.00000e+00       4.239e+07  4.969546e-01  0.000000e+00 -5.287826e-02  5.030454e-01
 2.10000e+00  4.00000e+00       4.658e+06  4.705009e-01  0.000000e+00 -6.783909e-02  5.294991e-01
 2.80000e+00  4.00000e+00       1.917e+05  4.825846e-01  0.000000e+00 -7.660450e-02  5.174154e-01
 3.50000e+00  4.00000e+00       2.489e+04  9.406196e-01  0.000000e+00 -2.400468e-02  5.938037e-02
 4.20000e+00  4.00000e+00       5.666e+03  9.869079e-01  0.000000e+00 -1.011553e-02  1.309206e-02
 4.90000e+00  4.00000e+00       4.864e+02  8.952524e-01  0.000000e+00 -1.115162e-04  1.047476e-01
 5.60000e+00  4.00000e+00       2.690e+01 -2.330444e-01  0.000000e+00  1.347239e-01  7.669556e-01
 6.30000e+00  4.00000e+00       5.088e+00 -7.631010e-01  0.000000e+00  2.617800e-01  2.368990e-01
 7.00000e+00  4.00000e+00       4.795e-01 -9.304619e-01  0.000000e+00  3.712542e-01  6.953814e-02
