 EB(GeV)    EMITTANCEx EMITTANCEy SIZEx(m)   SIZEy(m)   DIVx(rad)  DIVy(rad)
 2.411e+00  5.499e-09  1.017e-12  8.711e-05  1.009e-06  6.313e-05  1.009e-06
 betax      alphax     betay      alphay     eta        deta       E_spread  
 1.380e+00  0.000e+00  1.000e+00  0.000e+00  0.000e+00  0.000e+00  8.600e-04
 Ibeam(A)   period(cm) #periods   Kx         Ky         Energy(eV)
 4.005e-01  1.900e+00         96  0.000e+00  1.780e+00  4.344e+04


           x            y       F.Density            PL            PC          PL45        1-|PL|
          mm           mm  ph/s/mr^2/0.1%             -             -             -             -
-7.00000e+00 -4.00000e+00       2.450e+00 -9.043547e-01  0.000000e+00  4.494788e-01  9.564526e-02
-6.30000e+00 -4.00000e+00       1.610e+01 -8.805111e-01  0.000000e+00  3.832959e-01  1.194889e-01
-5.60000e+00 -4.00000e+00       9.805e+01  2.814343e-01  0.000000e+00  1.229635e-01  7.185657e-01
-4.90000e+00 -4.00000e+00       1.345e+03  9.605653e-01  0.000000e+00  2.551629e-03  3.943467e-02
-4.20000e+00 -4.00000e+00       4.764e+03  9.745352e-01  0.000000e+00 -4.182047e-03  2.546477e-02
-3.50000e+00 -4.00000e+00       8.562e+04  9.959606e-01  0.000000e+00 -3.174673e-03  4.039395e-03
-2.80000e+00 -4.00000e+00       8.015e+05  8.591980e-01  0.000000e+00 -2.337152e-02  1.408020e-01
-2.10000e+00 -4.00000e+00       6.623e+06  5.254432e-01  0.000000e+00 -6.535215e-02  4.745568e-01
-1.40000e+00 -4.00000e+00       5.235e+07  4.726380e-01  0.000000e+00 -5.718431e-02  5.273620e-01
-7.00000e-01 -4.00000e+00       1.858e+08  5.092933e-01  0.000000e+00 -3.090364e-02  4.907067e-01
 0.00000e+00 -4.00000e+00       2.787e+08  5.261387e-01  0.000000e+00 -3.639669e-16  4.738613e-01
 7.00000e-01 -4.00000e+00       1.858e+08  5.092933e-01  0.000000e+00  3.090364e-02  4.907067e-01
 1.40000e+00 -4.00000e+00       5.235e+07  4.726380e-01  0.000000e+00  5.718431e-02  5.273620e-01
 2.10000e+00 -4.00000e+00       6.623e+06  5.254432e-01  0.000000e+00  6.535215e-02  4.745568e-01
 2.80000e+00 -4.00000e+00       8.015e+05  8.591980e-01  0.000000e+00  2.337152e-02  1.408020e-01
 3.50000e+00 -4.00000e+00       8.562e+04  9.959606e-01  0.000000e+00  3.174673e-03  4.039395e-03
 4.20000e+00 -4.00000e+00       4.764e+03  9.745352e-01  0.000000e+00  4.182047e-03  2.546477e-02
 4.90000e+00 -4.00000e+00       1.345e+03  9.605653e-01  0.000000e+00 -2.551629e-03  3.943467e-02
 5.60000e+00 -4.00000e+00       9.805e+01  2.814343e-01  0.000000e+00 -1.229635e-01  7.185657e-01
 6.30000e+00 -4.00000e+00       1.610e+01 -8.805111e-01  0.000000e+00 -3.832959e-01  1.194889e-01
 7.00000e+00 -4.00000e+00       2.450e+00 -9.043546e-01  0.000000e+00 -4.494789e-01  9.564535e-02
-7.00000e+00 -3.60000e+00       9.573e+00 -6.571742e-01  0.000000e+00  7.520861e-01  3.428258e-01
-6.30000e+00 -3.60000e+00       1.845e+01 -8.719996e-01  0.000000e+00  7.620644e-01  1.280004e-01
-5.60000e+00 -3.60000e+00       9.007e+01  6.079512e-01  0.000000e+00  1.082785e-01  3.920488e-01
-4.90000e+00 -3.60000e+00       1.537e+03  9.926405e-01  0.000000e+00 -6.232875e-04  7.359469e-03
-4.20000e+00 -3.60000e+00       5.598e+03  9.620451e-01  0.000000e+00 -2.455569e-03  3.795486e-02
-3.50000e+00 -3.60000e+00       9.795e+04  9.807647e-01  0.000000e+00 -4.719719e-04  1.923527e-02
-2.80000e+00 -3.60000e+00       7.710e+05  9.310607e-01  0.000000e+00 -8.866354e-03  6.893931e-02
-2.10000e+00 -3.60000e+00       4.967e+06  5.279284e-01  0.000000e+00 -4.003559e-02  4.720716e-01
-1.40000e+00 -3.60000e+00       5.153e+07  4.550840e-01  0.000000e+00 -3.215495e-02  5.449160e-01
-7.00000e-01 -3.60000e+00       2.340e+08  4.971795e-01  0.000000e+00 -1.578266e-02  5.028205e-01
 0.00000e+00 -3.60000e+00       3.833e+08  5.110991e-01  0.000000e+00 -5.812900e-16  4.889009e-01
 7.00000e-01 -3.60000e+00       2.340e+08  4.971795e-01  0.000000e+00  1.578266e-02  5.028205e-01
 1.40000e+00 -3.60000e+00       5.153e+07  4.550840e-01  0.000000e+00  3.215495e-02  5.449160e-01
 2.10000e+00 -3.60000e+00       4.967e+06  5.279284e-01  0.000000e+00  4.003559e-02  4.720716e-01
 2.80000e+00 -3.60000e+00       7.710e+05  9.310607e-01  0.000000e+00  8.866354e-03  6.893931e-02
 3.50000e+00 -3.60000e+00       9.795e+04  9.807647e-01  0.000000e+00  4.719719e-04  1.923527e-02
 4.20000e+00 -3.60000e+00       5.598e+03  9.620451e-01  0.000000e+00  2.455569e-03  3.795486e-02
 4.90000e+00 -3.60000e+00       1.537e+03  9.926405e-01  0.000000e+00  6.232875e-04  7.359469e-03
 5.60000e+00 -3.60000e+00       9.007e+01  6.079512e-01  0.000000e+00 -1.082785e-01  3.920488e-01
 6.30000e+00 -3.60000e+00       1.845e+01 -8.719996e-01  0.000000e+00 -7.620644e-01  1.280004e-01
 7.00000e+00 -3.60000e+00       9.573e+00 -6.571742e-01  0.000000e+00 -7.520861e-01  3.428258e-01
-7.00000e+00 -3.20000e+00       2.079e+01 -3.967775e-01  0.000000e+00  9.043446e-01  6.032225e-01
-6.30000e+00 -3.20000e+00       2.203e+01 -6.899832e-01  0.000000e+00  8.726203e-01  3.100168e-01
-5.60000e+00 -3.20000e+00       1.054e+02  6.485892e-01  0.000000e+00  9.308020e-02  3.514108e-01
-4.90000e+00 -3.20000e+00       1.846e+03  9.915683e-01  0.000000e+00 -2.119575e-03  8.431677e-03
-4.20000e+00 -3.20000e+00       6.818e+03  9.544371e-01  0.000000e+00 -1.415205e-03  4.556286e-02
-3.50000e+00 -3.20000e+00       1.164e+05  9.705615e-01  0.000000e+00  1.062886e-03  2.943854e-02
-2.80000e+00 -3.20000e+00       7.967e+05  9.959054e-01  0.000000e+00 -2.923311e-03  4.094574e-03
-2.10000e+00 -3.20000e+00       2.094e+06  5.955253e-01  0.000000e+00 -3.153953e-02  4.044747e-01
-1.40000e+00 -3.20000e+00       2.665e+07  4.035828e-01  0.000000e+00 -1.505207e-02  5.964172e-01
-7.00000e-01 -3.20000e+00       1.774e+08  4.966178e-01  0.000000e+00 -3.908887e-03  5.033822e-01
 0.00000e+00 -3.20000e+00       3.270e+08  5.151395e-01  0.000000e+00 -2.660525e-16  4.848605e-01
 7.00000e-01 -3.20000e+00       1.774e+08  4.966178e-01  0.000000e+00  3.908887e-03  5.033822e-01
 1.40000e+00 -3.20000e+00       2.665e+07  4.035828e-01  0.000000e+00  1.505207e-02  5.964172e-01
 2.10000e+00 -3.20000e+00       2.094e+06  5.955253e-01  0.000000e+00  3.153953e-02  4.044747e-01
 2.80000e+00 -3.20000e+00       7.967e+05  9.959054e-01  0.000000e+00  2.923311e-03  4.094574e-03
 3.50000e+00 -3.20000e+00       1.164e+05  9.705615e-01  0.000000e+00 -1.062886e-03  2.943854e-02
 4.20000e+00 -3.20000e+00       6.818e+03  9.544371e-01  0.000000e+00  1.415205e-03  4.556286e-02
 4.90000e+00 -3.20000e+00       1.846e+03  9.915683e-01  0.000000e+00  2.119575e-03  8.431677e-03
 5.60000e+00 -3.20000e+00       1.054e+02  6.485892e-01  0.000000e+00 -9.308020e-02  3.514108e-01
 6.30000e+00 -3.20000e+00       2.203e+01 -6.899832e-01  0.000000e+00 -8.726203e-01  3.100168e-01
 7.00000e+00 -3.20000e+00       2.079e+01 -3.967775e-01  0.000000e+00 -9.043446e-01  6.032225e-01
-7.00000e+00 -2.80000e+00       1.827e+01 -2.537411e-01  0.000000e+00  9.327712e-01  7.462589e-01
-6.30000e+00 -2.80000e+00       2.142e+01 -7.344186e-01  0.000000e+00  8.537032e-01  2.655814e-01
-5.60000e+00 -2.80000e+00       1.379e+02  5.701376e-01  0.000000e+00  8.730783e-02  4.298624e-01
-4.90000e+00 -2.80000e+00       2.334e+03  9.769818e-01  0.000000e+00 -3.832599e-03  2.301816e-02
-4.20000e+00 -2.80000e+00       8.873e+03  9.389920e-01  0.000000e+00  4.928432e-03  6.100804e-02
-3.50000e+00 -2.80000e+00       1.436e+05  9.579960e-01  0.000000e+00  5.047926e-03  4.200399e-02
-2.80000e+00 -2.80000e+00       9.708e+05  9.693116e-01  0.000000e+00 -1.317568e-03  3.068835e-02
-2.10000e+00 -2.80000e+00       7.206e+05  9.016605e-01  0.000000e+00 -1.105100e-01  9.833954e-02
-1.40000e+00 -2.80000e+00       2.299e+06 -2.972648e-01  0.000000e+00 -1.718196e-01  7.027352e-01
-7.00000e-01 -2.80000e+00       4.032e+07  5.561760e-01  0.000000e+00 -1.050014e-02  4.438240e-01
 0.00000e+00 -2.80000e+00       8.755e+07  6.312928e-01  0.000000e+00 -2.649794e-15  3.687072e-01
 7.00000e-01 -2.80000e+00       4.032e+07  5.561760e-01  0.000000e+00  1.050014e-02  4.438240e-01
 1.40000e+00 -2.80000e+00       2.299e+06 -2.972648e-01  0.000000e+00  1.718196e-01  7.027352e-01
 2.10000e+00 -2.80000e+00       7.206e+05  9.016605e-01  0.000000e+00  1.105100e-01  9.833954e-02
 2.80000e+00 -2.80000e+00       9.708e+05  9.693116e-01  0.000000e+00  1.317568e-03  3.068835e-02
 3.50000e+00 -2.80000e+00       1.436e+05  9.579960e-01  0.000000e+00 -5.047926e-03  4.200399e-02
 4.20000e+00 -2.80000e+00       8.873e+03  9.389920e-01  0.000000e+00 -4.928432e-03  6.100804e-02
 4.90000e+00 -2.80000e+00       2.334e+03  9.769818e-01  0.000000e+00  3.832599e-03  2.301816e-02
 5.60000e+00 -2.80000e+00       1.379e+02  5.701376e-01  0.000000e+00 -8.730783e-02  4.298624e-01
 6.30000e+00 -2.80000e+00       2.142e+01 -7.344186e-01  0.000000e+00 -8.537032e-01  2.655814e-01
 7.00000e+00 -2.80000e+00       1.827e+01 -2.537411e-01  0.000000e+00 -9.327712e-01  7.462589e-01
-7.00000e+00 -2.40000e+00       2.445e+01 -1.014918e-01  0.000000e+00  9.518714e-01  8.985082e-01
-6.30000e+00 -2.40000e+00       2.908e+01 -6.149599e-01  0.000000e+00  8.855358e-01  3.850401e-01
-5.60000e+00 -2.40000e+00       1.660e+02  3.781213e-01  0.000000e+00  4.464794e-02  6.218787e-01
-4.90000e+00 -2.40000e+00       2.462e+03 -8.130605e-02  0.000000e+00 -4.806204e-01  9.186940e-01
-4.20000e+00 -2.40000e+00       2.785e+05  5.155894e-01  0.000000e+00 -2.034909e-01  4.844106e-01
-3.50000e+00 -2.40000e+00       6.252e+06  5.478552e-01  0.000000e+00 -1.592661e-01  4.521448e-01
-2.80000e+00 -2.40000e+00       5.995e+07  5.425385e-01  0.000000e+00 -1.238709e-01  4.574615e-01
-2.10000e+00 -2.40000e+00       2.767e+08  5.308288e-01  0.000000e+00 -9.501890e-02  4.691712e-01
-1.40000e+00 -2.40000e+00       6.370e+08  5.199560e-01  0.000000e+00 -6.908830e-02  4.800440e-01
-7.00000e-01 -2.40000e+00       8.294e+08  5.241152e-01  0.000000e+00 -3.982313e-02  4.758848e-01
 0.00000e+00 -2.40000e+00       8.182e+08  5.364651e-01  0.000000e+00 -4.610118e-16  4.635349e-01
 7.00000e-01 -2.40000e+00       8.294e+08  5.241152e-01  0.000000e+00  3.982313e-02  4.758848e-01
 1.40000e+00 -2.40000e+00       6.370e+08  5.199560e-01  0.000000e+00  6.908830e-02  4.800440e-01
 2.10000e+00 -2.40000e+00       2.767e+08  5.308288e-01  0.000000e+00  9.501890e-02  4.691712e-01
 2.80000e+00 -2.40000e+00       5.995e+07  5.425385e-01  0.000000e+00  1.238709e-01  4.574615e-01
 3.50000e+00 -2.40000e+00       6.252e+06  5.478552e-01  0.000000e+00  1.592661e-01  4.521448e-01
 4.20000e+00 -2.40000e+00       2.785e+05  5.155894e-01  0.000000e+00  2.034909e-01  4.844106e-01
 4.90000e+00 -2.40000e+00       2.462e+03 -8.130605e-02  0.000000e+00  4.806204e-01  9.186940e-01
 5.60000e+00 -2.40000e+00       1.660e+02  3.781213e-01  0.000000e+00 -4.464794e-02  6.218787e-01
 6.30000e+00 -2.40000e+00       2.908e+01 -6.149599e-01  0.000000e+00 -8.855358e-01  3.850401e-01
 7.00000e+00 -2.40000e+00       2.445e+01 -1.014918e-01  0.000000e+00 -9.518714e-01  8.985082e-01
-7.00000e+00 -2.00000e+00       2.447e+01  1.560823e-02  0.000000e+00  9.311726e-01  9.843918e-01
-6.30000e+00 -2.00000e+00       8.038e+01  2.926966e-02  0.000000e+00  2.527991e-01  9.707303e-01
-5.60000e+00 -2.00000e+00       8.866e+03  5.392472e-01  0.000000e+00 -2.904399e-01  4.607528e-01
-4.90000e+00 -2.00000e+00       5.823e+05  5.578812e-01  0.000000e+00 -2.811712e-01  4.421188e-01
-4.20000e+00 -2.00000e+00       1.286e+07  5.652166e-01  0.000000e+00 -2.596304e-01  4.347834e-01
-3.50000e+00 -2.00000e+00       1.072e+08  5.730884e-01  0.000000e+00 -2.230758e-01  4.269116e-01
-2.80000e+00 -2.00000e+00       4.135e+08  5.791945e-01  0.000000e+00 -1.691611e-01  4.208055e-01
-2.10000e+00 -2.00000e+00       9.426e+08  5.769086e-01  0.000000e+00 -1.102843e-01  4.230914e-01
-1.40000e+00 -2.00000e+00       1.520e+09  5.668783e-01  0.000000e+00 -6.382420e-02  4.331217e-01
-7.00000e-01 -2.00000e+00       1.788e+09  5.652640e-01  0.000000e+00 -3.195625e-02  4.347360e-01
 0.00000e+00 -2.00000e+00       1.740e+09  5.713893e-01  0.000000e+00 -3.833301e-16  4.286107e-01
 7.00000e-01 -2.00000e+00       1.788e+09  5.652640e-01  0.000000e+00  3.195625e-02  4.347360e-01
 1.40000e+00 -2.00000e+00       1.520e+09  5.668783e-01  0.000000e+00  6.382420e-02  4.331217e-01
 2.10000e+00 -2.00000e+00       9.426e+08  5.769086e-01  0.000000e+00  1.102843e-01  4.230914e-01
 2.80000e+00 -2.00000e+00       4.135e+08  5.791945e-01  0.000000e+00  1.691611e-01  4.208055e-01
 3.50000e+00 -2.00000e+00       1.072e+08  5.730884e-01  0.000000e+00  2.230758e-01  4.269116e-01
 4.20000e+00 -2.00000e+00       1.286e+07  5.652166e-01  0.000000e+00  2.596304e-01  4.347834e-01
 4.90000e+00 -2.00000e+00       5.823e+05  5.578812e-01  0.000000e+00  2.811712e-01  4.421188e-01
 5.60000e+00 -2.00000e+00       8.866e+03  5.392472e-01  0.000000e+00  2.904399e-01  4.607528e-01
 6.30000e+00 -2.00000e+00       8.038e+01  2.926967e-02  0.000000e+00 -2.527991e-01  9.707303e-01
 7.00000e+00 -2.00000e+00       2.447e+01  1.560824e-02  0.000000e+00 -9.311725e-01  9.843918e-01
-7.00000e+00 -1.60000e+00       2.892e+01  2.153101e-01  0.000000e+00  9.216299e-01  7.846899e-01
-6.30000e+00 -1.60000e+00       8.247e+01  2.279339e-01  0.000000e+00  3.558410e-01  7.720661e-01
-5.60000e+00 -1.60000e+00       1.088e+04  6.332378e-01  0.000000e+00 -2.223216e-01  3.667622e-01
-4.90000e+00 -1.60000e+00       8.370e+05  6.454890e-01  0.000000e+00 -2.119277e-01  3.545110e-01
-4.20000e+00 -1.60000e+00       2.138e+07  6.492895e-01  0.000000e+00 -1.955287e-01  3.507105e-01
-3.50000e+00 -1.60000e+00       1.987e+08  6.512248e-01  0.000000e+00 -1.700221e-01  3.487752e-01
-2.80000e+00 -1.60000e+00       8.013e+08  6.499542e-01  0.000000e+00 -1.309008e-01  3.500458e-01
-2.10000e+00 -1.60000e+00       1.806e+09  6.413583e-01  0.000000e+00 -8.498209e-02  3.586417e-01
-1.40000e+00 -1.60000e+00       2.905e+09  6.263819e-01  0.000000e+00 -4.675229e-02  3.736181e-01
-7.00000e-01 -1.60000e+00       3.837e+09  6.213359e-01  0.000000e+00 -2.096175e-02  3.786641e-01
 0.00000e+00 -1.60000e+00       4.186e+09  6.246647e-01  0.000000e+00 -7.426202e-15  3.753353e-01
 7.00000e-01 -1.60000e+00       3.837e+09  6.213359e-01  0.000000e+00  2.096175e-02  3.786641e-01
 1.40000e+00 -1.60000e+00       2.905e+09  6.263819e-01  0.000000e+00  4.675229e-02  3.736181e-01
 2.10000e+00 -1.60000e+00       1.806e+09  6.413583e-01  0.000000e+00  8.498209e-02  3.586417e-01
 2.80000e+00 -1.60000e+00       8.013e+08  6.499542e-01  0.000000e+00  1.309008e-01  3.500458e-01
 3.50000e+00 -1.60000e+00       1.987e+08  6.512248e-01  0.000000e+00  1.700221e-01  3.487752e-01
 4.20000e+00 -1.60000e+00       2.138e+07  6.492895e-01  0.000000e+00  1.955287e-01  3.507105e-01
 4.90000e+00 -1.60000e+00       8.370e+05  6.454890e-01  0.000000e+00  2.119277e-01  3.545110e-01
 5.60000e+00 -1.60000e+00       1.088e+04  6.332378e-01  0.000000e+00  2.223216e-01  3.667622e-01
 6.30000e+00 -1.60000e+00       8.247e+01  2.279339e-01  0.000000e+00 -3.558410e-01  7.720661e-01
 7.00000e+00 -1.60000e+00       2.892e+01  2.153101e-01  0.000000e+00 -9.216298e-01  7.846899e-01
-7.00000e+00 -1.20000e+00       3.030e+01  4.739879e-01  0.000000e+00  7.943217e-01  5.260121e-01
-6.30000e+00 -1.20000e+00       5.260e+02  6.329536e-01  0.000000e+00 -3.821190e-02  3.670464e-01
-5.60000e+00 -1.20000e+00       5.518e+04  6.764669e-01  0.000000e+00 -1.486353e-01  3.235331e-01
-4.90000e+00 -1.20000e+00       2.391e+06  6.848166e-01  0.000000e+00 -1.523135e-01  3.151834e-01
-4.20000e+00 -1.20000e+00       4.107e+07  6.848234e-01  0.000000e+00 -1.223402e-01  3.151766e-01
-3.50000e+00 -1.20000e+00       3.481e+08  6.820152e-01  0.000000e+00 -6.569508e-02  3.179848e-01
-2.80000e+00 -1.20000e+00       1.869e+09  6.866900e-01  0.000000e+00 -1.283866e-02  3.133100e-01
-2.10000e+00 -1.20000e+00       6.484e+09  6.975245e-01  0.000000e+00  2.755968e-02  3.024755e-01
-1.40000e+00 -1.20000e+00       1.406e+10  6.908340e-01  0.000000e+00  5.773066e-02  3.091660e-01
-7.00000e-01 -1.20000e+00       1.997e+10  6.513621e-01  0.000000e+00  4.772605e-02  3.486379e-01
 0.00000e+00 -1.20000e+00       2.157e+10  6.268039e-01  0.000000e+00  1.629015e-14  3.731961e-01
 7.00000e-01 -1.20000e+00       1.997e+10  6.513621e-01  0.000000e+00 -4.772605e-02  3.486379e-01
 1.40000e+00 -1.20000e+00       1.406e+10  6.908340e-01  0.000000e+00 -5.773066e-02  3.091660e-01
 2.10000e+00 -1.20000e+00       6.484e+09  6.975245e-01  0.000000e+00 -2.755968e-02  3.024755e-01
 2.80000e+00 -1.20000e+00       1.869e+09  6.866900e-01  0.000000e+00  1.283866e-02  3.133100e-01
 3.50000e+00 -1.20000e+00       3.481e+08  6.820152e-01  0.000000e+00  6.569508e-02  3.179848e-01
 4.20000e+00 -1.20000e+00       4.107e+07  6.848234e-01  0.000000e+00  1.223402e-01  3.151766e-01
 4.90000e+00 -1.20000e+00       2.391e+06  6.848166e-01  0.000000e+00  1.523135e-01  3.151834e-01
 5.60000e+00 -1.20000e+00       5.518e+04  6.764669e-01  0.000000e+00  1.486353e-01  3.235331e-01
 6.30000e+00 -1.20000e+00       5.260e+02  6.329536e-01  0.000000e+00  3.821190e-02  3.670464e-01
 7.00000e+00 -1.20000e+00       3.030e+01  4.739879e-01  0.000000e+00 -7.943217e-01  5.260121e-01
-7.00000e+00 -8.00000e-01       1.588e+02  7.784451e-01  0.000000e+00  1.932905e-01  2.215549e-01
-6.30000e+00 -8.00000e-01       1.899e+04  7.958385e-01  0.000000e+00  4.335906e-02  2.041615e-01
-5.60000e+00 -8.00000e-01       1.336e+06  8.082522e-01  0.000000e+00  3.851160e-02  1.917478e-01
-4.90000e+00 -8.00000e-01       4.297e+07  8.088454e-01  0.000000e+00  2.753348e-02  1.911546e-01
-4.20000e+00 -8.00000e-01       6.918e+08  8.026047e-01  0.000000e+00  7.167617e-03  1.973953e-01
-3.50000e+00 -8.00000e-01       6.109e+09  7.981539e-01  0.000000e+00 -2.329343e-05  2.018461e-01
-2.80000e+00 -8.00000e-01       3.082e+10  7.936296e-01  0.000000e+00  9.215066e-03  2.063704e-01
-2.10000e+00 -8.00000e-01       9.466e+10  7.843227e-01  0.000000e+00  4.102604e-02  2.156773e-01
-1.40000e+00 -8.00000e-01       2.022e+11  7.772509e-01  0.000000e+00  7.367237e-02  2.227491e-01
-7.00000e-01 -8.00000e-01       3.298e+11  7.766425e-01  0.000000e+00  4.248470e-02  2.233575e-01
 0.00000e+00 -8.00000e-01       3.935e+11  7.760572e-01  0.000000e+00  4.242987e-15  2.239428e-01
 7.00000e-01 -8.00000e-01       3.298e+11  7.766425e-01  0.000000e+00 -4.248470e-02  2.233575e-01
 1.40000e+00 -8.00000e-01       2.022e+11  7.772509e-01  0.000000e+00 -7.367237e-02  2.227491e-01
 2.10000e+00 -8.00000e-01       9.466e+10  7.843227e-01  0.000000e+00 -4.102604e-02  2.156773e-01
 2.80000e+00 -8.00000e-01       3.082e+10  7.936296e-01  0.000000e+00 -9.215066e-03  2.063704e-01
 3.50000e+00 -8.00000e-01       6.109e+09  7.981539e-01  0.000000e+00  2.329343e-05  2.018461e-01
 4.20000e+00 -8.00000e-01       6.918e+08  8.026047e-01  0.000000e+00 -7.167617e-03  1.973953e-01
 4.90000e+00 -8.00000e-01       4.297e+07  8.088454e-01  0.000000e+00 -2.753348e-02  1.911546e-01
 5.60000e+00 -8.00000e-01       1.336e+06  8.082522e-01  0.000000e+00 -3.851160e-02  1.917478e-01
 6.30000e+00 -8.00000e-01       1.899e+04  7.958385e-01  0.000000e+00 -4.335906e-02  2.041615e-01
 7.00000e+00 -8.00000e-01       1.588e+02  7.784450e-01  0.000000e+00 -1.932905e-01  2.215550e-01
-7.00000e+00 -4.00000e-01       1.689e+03  9.441051e-01  0.000000e+00 -2.951203e-02  5.589495e-02
-6.30000e+00 -4.00000e-01       2.293e+05  9.412515e-01  0.000000e+00 -2.345687e-02  5.874847e-02
-5.60000e+00 -4.00000e-01       1.398e+07  9.387567e-01  0.000000e+00 -2.856588e-02  6.124332e-02
-4.90000e+00 -4.00000e-01       3.909e+08  9.390682e-01  0.000000e+00 -2.857654e-02  6.093178e-02
-4.20000e+00 -4.00000e-01       5.224e+09  9.364779e-01  0.000000e+00 -1.708209e-02  6.352207e-02
-3.50000e+00 -4.00000e-01       3.751e+10  9.311047e-01  0.000000e+00 -4.500304e-03  6.889526e-02
-2.80000e+00 -4.00000e-01       1.692e+11  9.314844e-01  0.000000e+00  2.891932e-03  6.851562e-02
-2.10000e+00 -4.00000e-01       5.517e+11  9.454678e-01  0.000000e+00  6.398015e-03  5.453221e-02
-1.40000e+00 -4.00000e-01       1.260e+12  9.635522e-01  0.000000e+00  2.114085e-03  3.644778e-02
-7.00000e-01 -4.00000e-01       1.652e+12  9.721755e-01  0.000000e+00 -6.679458e-03  2.782454e-02
 0.00000e+00 -4.00000e-01       1.532e+12  9.730746e-01  0.000000e+00  1.137155e-15  2.692537e-02
 7.00000e-01 -4.00000e-01       1.652e+12  9.721755e-01  0.000000e+00  6.679458e-03  2.782454e-02
 1.40000e+00 -4.00000e-01       1.260e+12  9.635522e-01  0.000000e+00 -2.114085e-03  3.644778e-02
 2.10000e+00 -4.00000e-01       5.517e+11  9.454678e-01  0.000000e+00 -6.398015e-03  5.453221e-02
 2.80000e+00 -4.00000e-01       1.692e+11  9.314844e-01  0.000000e+00 -2.891932e-03  6.851562e-02
 3.50000e+00 -4.00000e-01       3.751e+10  9.311047e-01  0.000000e+00  4.500304e-03  6.889526e-02
 4.20000e+00 -4.00000e-01       5.224e+09  9.364779e-01  0.000000e+00  1.708209e-02  6.352207e-02
 4.90000e+00 -4.00000e-01       3.909e+08  9.390682e-01  0.000000e+00  2.857654e-02  6.093178e-02
 5.60000e+00 -4.00000e-01       1.398e+07  9.387567e-01  0.000000e+00  2.856588e-02  6.124332e-02
 6.30000e+00 -4.00000e-01       2.293e+05  9.412515e-01  0.000000e+00  2.345687e-02  5.874847e-02
 7.00000e+00 -4.00000e-01       1.689e+03  9.441050e-01  0.000000e+00  2.951203e-02  5.589495e-02
-7.00000e+00  0.00000e+00       6.211e+03  9.999770e-01  0.000000e+00 -1.388122e-12  2.297216e-05
-6.30000e+00  0.00000e+00       5.992e+05  9.999688e-01  0.000000e+00 -2.140655e-14  3.121214e-05
-5.60000e+00  0.00000e+00       2.926e+07  9.999587e-01  0.000000e+00 -1.267743e-13  4.126770e-05
-4.90000e+00  0.00000e+00       7.575e+08  9.999543e-01  0.000000e+00 -9.020858e-13  4.574327e-05
-4.20000e+00  0.00000e+00       1.017e+10  9.999535e-01  0.000000e+00 -3.753076e-12  4.652999e-05
-3.50000e+00  0.00000e+00       7.433e+10  9.999515e-01  0.000000e+00 -8.940292e-12  4.845216e-05
-2.80000e+00  0.00000e+00       3.232e+11  9.999485e-01  0.000000e+00 -1.139672e-11  5.154396e-05
-2.10000e+00  0.00000e+00       9.121e+11  9.999423e-01  0.000000e+00 -6.011094e-12  5.765694e-05
-1.40000e+00  0.00000e+00       1.837e+12  9.999282e-01  0.000000e+00  3.059888e-12  7.179207e-05
-7.00000e-01  0.00000e+00       2.716e+12  9.999085e-01  0.000000e+00  5.503274e-12  9.154829e-05
 0.00000e+00  0.00000e+00       3.040e+12  9.998966e-01  0.000000e+00 -2.967961e-18  1.034317e-04
 7.00000e-01  0.00000e+00       2.716e+12  9.999085e-01  0.000000e+00 -5.503289e-12  9.154829e-05
 1.40000e+00  0.00000e+00       1.837e+12  9.999282e-01  0.000000e+00 -3.059905e-12  7.179207e-05
 2.10000e+00  0.00000e+00       9.121e+11  9.999423e-01  0.000000e+00  6.011098e-12  5.765694e-05
 2.80000e+00  0.00000e+00       3.232e+11  9.999485e-01  0.000000e+00  1.139674e-11  5.154396e-05
 3.50000e+00  0.00000e+00       7.433e+10  9.999515e-01  0.000000e+00  8.940313e-12  4.845216e-05
 4.20000e+00  0.00000e+00       1.017e+10  9.999535e-01  0.000000e+00  3.753086e-12  4.652999e-05
 4.90000e+00  0.00000e+00       7.575e+08  9.999543e-01  0.000000e+00  9.021213e-13  4.574327e-05
 5.60000e+00  0.00000e+00       2.926e+07  9.999587e-01  0.000000e+00  1.275962e-13  4.126770e-05
 6.30000e+00  0.00000e+00       5.992e+05  9.999688e-01  0.000000e+00  3.371474e-14  3.121214e-05
 7.00000e+00  0.00000e+00       6.211e+03  9.999770e-01  0.000000e+00  3.726451e-12  2.297216e-05
-7.00000e+00  4.00000e-01       1.689e+03  9.441051e-01  0.000000e+00  2.951203e-02  5.589495e-02
-6.30000e+00  4.00000e-01       2.293e+05  9.412515e-01  0.000000e+00  2.345687e-02  5.874847e-02
-5.60000e+00  4.00000e-01       1.398e+07  9.387567e-01  0.000000e+00  2.856588e-02  6.124332e-02
-4.90000e+00  4.00000e-01       3.909e+08  9.390682e-01  0.000000e+00  2.857654e-02  6.093178e-02
-4.20000e+00  4.00000e-01       5.224e+09  9.364779e-01  0.000000e+00  1.708209e-02  6.352207e-02
-3.50000e+00  4.00000e-01       3.751e+10  9.311047e-01  0.000000e+00  4.500304e-03  6.889526e-02
-2.80000e+00  4.00000e-01       1.692e+11  9.314844e-01  0.000000e+00 -2.891932e-03  6.851562e-02
-2.10000e+00  4.00000e-01       5.517e+11  9.454678e-01  0.000000e+00 -6.398015e-03  5.453221e-02
-1.40000e+00  4.00000e-01       1.260e+12  9.635522e-01  0.000000e+00 -2.114085e-03  3.644778e-02
-7.00000e-01  4.00000e-01       1.652e+12  9.721755e-01  0.000000e+00  6.679458e-03  2.782454e-02
 0.00000e+00  4.00000e-01       1.532e+12  9.730746e-01  0.000000e+00 -1.139712e-15  2.692537e-02
 7.00000e-01  4.00000e-01       1.652e+12  9.721755e-01  0.000000e+00 -6.679458e-03  2.782454e-02
 1.40000e+00  4.00000e-01       1.260e+12  9.635522e-01  0.000000e+00  2.114085e-03  3.644778e-02
 2.10000e+00  4.00000e-01       5.517e+11  9.454678e-01  0.000000e+00  6.398015e-03  5.453221e-02
 2.80000e+00  4.00000e-01       1.692e+11  9.314844e-01  0.000000e+00  2.891932e-03  6.851562e-02
 3.50000e+00  4.00000e-01       3.751e+10  9.311047e-01  0.000000e+00 -4.500304e-03  6.889526e-02
 4.20000e+00  4.00000e-01       5.224e+09  9.364779e-01  0.000000e+00 -1.708209e-02  6.352207e-02
 4.90000e+00  4.00000e-01       3.909e+08  9.390682e-01  0.000000e+00 -2.857654e-02  6.093178e-02
 5.60000e+00  4.00000e-01       1.398e+07  9.387567e-01  0.000000e+00 -2.856588e-02  6.124332e-02
 6.30000e+00  4.00000e-01       2.293e+05  9.412515e-01  0.000000e+00 -2.345687e-02  5.874847e-02
 7.00000e+00  4.00000e-01       1.689e+03  9.441050e-01  0.000000e+00 -2.951203e-02  5.589495e-02
-7.00000e+00  8.00000e-01       1.588e+02  7.784450e-01  0.000000e+00 -1.932905e-01  2.215550e-01
-6.30000e+00  8.00000e-01       1.899e+04  7.958385e-01  0.000000e+00 -4.335906e-02  2.041615e-01
-5.60000e+00  8.00000e-01       1.336e+06  8.082522e-01  0.000000e+00 -3.851160e-02  1.917478e-01
-4.90000e+00  8.00000e-01       4.297e+07  8.088454e-01  0.000000e+00 -2.753348e-02  1.911546e-01
-4.20000e+00  8.00000e-01       6.918e+08  8.026047e-01  0.000000e+00 -7.167617e-03  1.973953e-01
-3.50000e+00  8.00000e-01       6.109e+09  7.981539e-01  0.000000e+00  2.329321e-05  2.018461e-01
-2.80000e+00  8.00000e-01       3.082e+10  7.936296e-01  0.000000e+00 -9.215067e-03  2.063704e-01
-2.10000e+00  8.00000e-01       9.466e+10  7.843227e-01  0.000000e+00 -4.102604e-02  2.156773e-01
-1.40000e+00  8.00000e-01       2.022e+11  7.772509e-01  0.000000e+00 -7.367237e-02  2.227491e-01
-7.00000e-01  8.00000e-01       3.298e+11  7.766425e-01  0.000000e+00 -4.248470e-02  2.233575e-01
 0.00000e+00  8.00000e-01       3.935e+11  7.760572e-01  0.000000e+00  1.208740e-15  2.239428e-01
 7.00000e-01  8.00000e-01       3.298e+11  7.766425e-01  0.000000e+00  4.248470e-02  2.233575e-01
 1.40000e+00  8.00000e-01       2.022e+11  7.772509e-01  0.000000e+00  7.367237e-02  2.227491e-01
 2.10000e+00  8.00000e-01       9.466e+10  7.843227e-01  0.000000e+00  4.102604e-02  2.156773e-01
 2.80000e+00  8.00000e-01       3.082e+10  7.936296e-01  0.000000e+00  9.215067e-03  2.063704e-01
 3.50000e+00  8.00000e-01       6.109e+09  7.981539e-01  0.000000e+00 -2.329321e-05  2.018461e-01
 4.20000e+00  8.00000e-01       6.918e+08  8.026047e-01  0.000000e+00  7.167617e-03  1.973953e-01
 4.90000e+00  8.00000e-01       4.297e+07  8.088454e-01  0.000000e+00  2.753348e-02  1.911546e-01
 5.60000e+00  8.00000e-01       1.336e+06  8.082522e-01  0.000000e+00  3.851160e-02  1.917478e-01
 6.30000e+00  8.00000e-01       1.899e+04  7.958385e-01  0.000000e+00  4.335906e-02  2.041615e-01
 7.00000e+00  8.00000e-01       1.588e+02  7.784451e-01  0.000000e+00  1.932904e-01  2.215549e-01
-7.00000e+00  1.20000e+00       3.030e+01  4.739879e-01  0.000000e+00 -7.943217e-01  5.260121e-01
-6.30000e+00  1.20000e+00       5.260e+02  6.329536e-01  0.000000e+00  3.821190e-02  3.670464e-01
-5.60000e+00  1.20000e+00       5.518e+04  6.764669e-01  0.000000e+00  1.486353e-01  3.235331e-01
-4.90000e+00  1.20000e+00       2.391e+06  6.848166e-01  0.000000e+00  1.523135e-01  3.151834e-01
-4.20000e+00  1.20000e+00       4.107e+07  6.848234e-01  0.000000e+00  1.223402e-01  3.151766e-01
-3.50000e+00  1.20000e+00       3.481e+08  6.820152e-01  0.000000e+00  6.569508e-02  3.179848e-01
-2.80000e+00  1.20000e+00       1.869e+09  6.866900e-01  0.000000e+00  1.283865e-02  3.133100e-01
-2.10000e+00  1.20000e+00       6.484e+09  6.975245e-01  0.000000e+00 -2.755968e-02  3.024755e-01
-1.40000e+00  1.20000e+00       1.406e+10  6.908340e-01  0.000000e+00 -5.773066e-02  3.091660e-01
-7.00000e-01  1.20000e+00       1.997e+10  6.513621e-01  0.000000e+00 -4.772605e-02  3.486379e-01
 0.00000e+00  1.20000e+00       2.157e+10  6.268039e-01  0.000000e+00  2.757512e-16  3.731961e-01
 7.00000e-01  1.20000e+00       1.997e+10  6.513621e-01  0.000000e+00  4.772605e-02  3.486379e-01
 1.40000e+00  1.20000e+00       1.406e+10  6.908340e-01  0.000000e+00  5.773066e-02  3.091660e-01
 2.10000e+00  1.20000e+00       6.484e+09  6.975245e-01  0.000000e+00  2.755968e-02  3.024755e-01
 2.80000e+00  1.20000e+00       1.869e+09  6.866900e-01  0.000000e+00 -1.283865e-02  3.133100e-01
 3.50000e+00  1.20000e+00       3.481e+08  6.820152e-01  0.000000e+00 -6.569508e-02  3.179848e-01
 4.20000e+00  1.20000e+00       4.107e+07  6.848234e-01  0.000000e+00 -1.223402e-01  3.151766e-01
 4.90000e+00  1.20000e+00       2.391e+06  6.848166e-01  0.000000e+00 -1.523135e-01  3.151834e-01
 5.60000e+00  1.20000e+00       5.518e+04  6.764669e-01  0.000000e+00 -1.486353e-01  3.235331e-01
 6.30000e+00  1.20000e+00       5.260e+02  6.329536e-01  0.000000e+00 -3.821190e-02  3.670464e-01
 7.00000e+00  1.20000e+00       3.030e+01  4.739879e-01  0.000000e+00  7.943217e-01  5.260121e-01
-7.00000e+00  1.60000e+00       2.892e+01  2.153101e-01  0.000000e+00 -9.216299e-01  7.846899e-01
-6.30000e+00  1.60000e+00       8.247e+01  2.279339e-01  0.000000e+00 -3.558410e-01  7.720661e-01
-5.60000e+00  1.60000e+00       1.088e+04  6.332378e-01  0.000000e+00  2.223216e-01  3.667622e-01
-4.90000e+00  1.60000e+00       8.370e+05  6.454890e-01  0.000000e+00  2.119277e-01  3.545110e-01
-4.20000e+00  1.60000e+00       2.138e+07  6.492895e-01  0.000000e+00  1.955287e-01  3.507105e-01
-3.50000e+00  1.60000e+00       1.987e+08  6.512248e-01  0.000000e+00  1.700221e-01  3.487752e-01
-2.80000e+00  1.60000e+00       8.013e+08  6.499542e-01  0.000000e+00  1.309008e-01  3.500458e-01
-2.10000e+00  1.60000e+00       1.806e+09  6.413583e-01  0.000000e+00  8.498209e-02  3.586417e-01
-1.40000e+00  1.60000e+00       2.905e+09  6.263819e-01  0.000000e+00  4.675229e-02  3.736181e-01
-7.00000e-01  1.60000e+00       3.837e+09  6.213359e-01  0.000000e+00  2.096176e-02  3.786641e-01
 0.00000e+00  1.60000e+00       4.186e+09  6.246647e-01  0.000000e+00  6.908059e-15  3.753353e-01
 7.00000e-01  1.60000e+00       3.837e+09  6.213359e-01  0.000000e+00 -2.096176e-02  3.786641e-01
 1.40000e+00  1.60000e+00       2.905e+09  6.263819e-01  0.000000e+00 -4.675229e-02  3.736181e-01
 2.10000e+00  1.60000e+00       1.806e+09  6.413583e-01  0.000000e+00 -8.498209e-02  3.586417e-01
 2.80000e+00  1.60000e+00       8.013e+08  6.499542e-01  0.000000e+00 -1.309008e-01  3.500458e-01
 3.50000e+00  1.60000e+00       1.987e+08  6.512248e-01  0.000000e+00 -1.700221e-01  3.487752e-01
 4.20000e+00  1.60000e+00       2.138e+07  6.492895e-01  0.000000e+00 -1.955287e-01  3.507105e-01
 4.90000e+00  1.60000e+00       8.370e+05  6.454890e-01  0.000000e+00 -2.119277e-01  3.545110e-01
 5.60000e+00  1.60000e+00       1.088e+04  6.332378e-01  0.000000e+00 -2.223216e-01  3.667622e-01
 6.30000e+00  1.60000e+00       8.247e+01  2.279339e-01  0.000000e+00  3.558410e-01  7.720661e-01
 7.00000e+00  1.60000e+00       2.892e+01  2.153101e-01  0.000000e+00  9.216298e-01  7.846899e-01
-7.00000e+00  2.00000e+00       2.447e+01  1.560823e-02  0.000000e+00 -9.311726e-01  9.843918e-01
-6.30000e+00  2.00000e+00       8.038e+01  2.926966e-02  0.000000e+00 -2.527991e-01  9.707303e-01
-5.60000e+00  2.00000e+00       8.866e+03  5.392472e-01  0.000000e+00  2.904399e-01  4.607528e-01
-4.90000e+00  2.00000e+00       5.823e+05  5.578812e-01  0.000000e+00  2.811712e-01  4.421188e-01
-4.20000e+00  2.00000e+00       1.286e+07  5.652166e-01  0.000000e+00  2.596304e-01  4.347834e-01
-3.50000e+00  2.00000e+00       1.072e+08  5.730884e-01  0.000000e+00  2.230758e-01  4.269116e-01
-2.80000e+00  2.00000e+00       4.135e+08  5.791945e-01  0.000000e+00  1.691611e-01  4.208055e-01
-2.10000e+00  2.00000e+00       9.426e+08  5.769086e-01  0.000000e+00  1.102843e-01  4.230914e-01
-1.40000e+00  2.00000e+00       1.520e+09  5.668783e-01  0.000000e+00  6.382421e-02  4.331217e-01
-7.00000e-01  2.00000e+00       1.788e+09  5.652640e-01  0.000000e+00  3.195627e-02  4.347360e-01
 0.00000e+00  2.00000e+00       1.740e+09  5.713893e-01  0.000000e+00  1.109731e-16  4.286107e-01
 7.00000e-01  2.00000e+00       1.788e+09  5.652640e-01  0.000000e+00 -3.195627e-02  4.347360e-01
 1.40000e+00  2.00000e+00       1.520e+09  5.668783e-01  0.000000e+00 -6.382421e-02  4.331217e-01
 2.10000e+00  2.00000e+00       9.426e+08  5.769086e-01  0.000000e+00 -1.102843e-01  4.230914e-01
 2.80000e+00  2.00000e+00       4.135e+08  5.791945e-01  0.000000e+00 -1.691611e-01  4.208055e-01
 3.50000e+00  2.00000e+00       1.072e+08  5.730884e-01  0.000000e+00 -2.230758e-01  4.269116e-01
 4.20000e+00  2.00000e+00       1.286e+07  5.652166e-01  0.000000e+00 -2.596304e-01  4.347834e-01
 4.90000e+00  2.00000e+00       5.823e+05  5.578812e-01  0.000000e+00 -2.811712e-01  4.421188e-01
 5.60000e+00  2.00000e+00       8.866e+03  5.392472e-01  0.000000e+00 -2.904399e-01  4.607528e-01
 6.30000e+00  2.00000e+00       8.038e+01  2.926967e-02  0.000000e+00  2.527991e-01  9.707303e-01
 7.00000e+00  2.00000e+00       2.447e+01  1.560824e-02  0.000000e+00  9.311725e-01  9.843918e-01
-7.00000e+00  2.40000e+00       2.445e+01 -1.014918e-01  0.000000e+00 -9.518714e-01  8.985082e-01
-6.30000e+00  2.40000e+00       2.908e+01 -6.149599e-01  0.000000e+00 -8.855358e-01  3.850401e-01
-5.60000e+00  2.40000e+00       1.660e+02  3.781213e-01  0.000000e+00 -4.464801e-02  6.218787e-01
-4.90000e+00  2.40000e+00       2.462e+03 -8.130615e-02  0.000000e+00  4.806197e-01  9.186939e-01
-4.20000e+00  2.40000e+00       2.785e+05  5.155894e-01  0.000000e+00  2.034905e-01  4.844106e-01
-3.50000e+00  2.40000e+00       6.252e+06  5.478551e-01  0.000000e+00  1.592658e-01  4.521449e-01
-2.80000e+00  2.40000e+00       5.995e+07  5.425385e-01  0.000000e+00  1.238708e-01  4.574615e-01
-2.10000e+00  2.40000e+00       2.767e+08  5.308287e-01  0.000000e+00  9.501886e-02  4.691713e-01
-1.40000e+00  2.40000e+00       6.370e+08  5.199559e-01  0.000000e+00  6.908833e-02  4.800441e-01
-7.00000e-01  2.40000e+00       8.294e+08  5.241152e-01  0.000000e+00  3.982318e-02  4.758848e-01
 0.00000e+00  2.40000e+00       8.182e+08  5.364650e-01  0.000000e+00  1.633996e-16  4.635350e-01
 7.00000e-01  2.40000e+00       8.294e+08  5.241152e-01  0.000000e+00 -3.982318e-02  4.758848e-01
 1.40000e+00  2.40000e+00       6.370e+08  5.199559e-01  0.000000e+00 -6.908833e-02  4.800441e-01
 2.10000e+00  2.40000e+00       2.767e+08  5.308287e-01  0.000000e+00 -9.501886e-02  4.691713e-01
 2.80000e+00  2.40000e+00       5.995e+07  5.425385e-01  0.000000e+00 -1.238708e-01  4.574615e-01
 3.50000e+00  2.40000e+00       6.252e+06  5.478551e-01  0.000000e+00 -1.592658e-01  4.521449e-01
 4.20000e+00  2.40000e+00       2.785e+05  5.155894e-01  0.000000e+00 -2.034905e-01  4.844106e-01
 4.90000e+00  2.40000e+00       2.462e+03 -8.130615e-02  0.000000e+00 -4.806197e-01  9.186939e-01
 5.60000e+00  2.40000e+00       1.660e+02  3.781213e-01  0.000000e+00  4.464801e-02  6.218787e-01
 6.30000e+00  2.40000e+00       2.908e+01 -6.149599e-01  0.000000e+00  8.855358e-01  3.850401e-01
 7.00000e+00  2.40000e+00       2.445e+01 -1.014918e-01  0.000000e+00  9.518714e-01  8.985082e-01
-7.00000e+00  2.80000e+00       1.827e+01 -2.537411e-01  0.000000e+00 -9.327712e-01  7.462589e-01
-6.30000e+00  2.80000e+00       2.142e+01 -7.344186e-01  0.000000e+00 -8.537032e-01  2.655814e-01
-5.60000e+00  2.80000e+00       1.379e+02  5.701376e-01  0.000000e+00 -8.730792e-02  4.298624e-01
-4.90000e+00  2.80000e+00       2.334e+03  9.769819e-01  0.000000e+00  3.831732e-03  2.301812e-02
-4.20000e+00  2.80000e+00       8.873e+03  9.389966e-01  0.000000e+00 -4.938774e-03  6.100338e-02
-3.50000e+00  2.80000e+00       1.436e+05  9.580120e-01  0.000000e+00 -5.055074e-03  4.198797e-02
-2.80000e+00  2.80000e+00       9.708e+05  9.693408e-01  0.000000e+00  1.316885e-03  3.065921e-02
-2.10000e+00  2.80000e+00       7.208e+05  9.015073e-01  0.000000e+00  1.105023e-01  9.849272e-02
-1.40000e+00  2.80000e+00       2.298e+06 -2.976497e-01  0.000000e+00  1.718885e-01  7.023503e-01
-7.00000e-01  2.80000e+00       4.033e+07  5.561746e-01  0.000000e+00  1.050260e-02  4.438254e-01
 0.00000e+00  2.80000e+00       8.755e+07  6.312908e-01  0.000000e+00  8.269952e-16  3.687092e-01
 7.00000e-01  2.80000e+00       4.033e+07  5.561746e-01  0.000000e+00 -1.050260e-02  4.438254e-01
 1.40000e+00  2.80000e+00       2.298e+06 -2.976497e-01  0.000000e+00 -1.718885e-01  7.023503e-01
 2.10000e+00  2.80000e+00       7.208e+05  9.015073e-01  0.000000e+00 -1.105023e-01  9.849272e-02
 2.80000e+00  2.80000e+00       9.708e+05  9.693408e-01  0.000000e+00 -1.316885e-03  3.065921e-02
 3.50000e+00  2.80000e+00       1.436e+05  9.580120e-01  0.000000e+00  5.055074e-03  4.198797e-02
 4.20000e+00  2.80000e+00       8.873e+03  9.389966e-01  0.000000e+00  4.938774e-03  6.100338e-02
 4.90000e+00  2.80000e+00       2.334e+03  9.769819e-01  0.000000e+00 -3.831732e-03  2.301812e-02
 5.60000e+00  2.80000e+00       1.379e+02  5.701376e-01  0.000000e+00  8.730792e-02  4.298624e-01
 6.30000e+00  2.80000e+00       2.142e+01 -7.344186e-01  0.000000e+00  8.537032e-01  2.655814e-01
 7.00000e+00  2.80000e+00       1.827e+01 -2.537411e-01  0.000000e+00  9.327712e-01  7.462589e-01
-7.00000e+00  3.20000e+00       2.079e+01 -3.967775e-01  0.000000e+00 -9.043446e-01  6.032225e-01
-6.30000e+00  3.20000e+00       2.203e+01 -6.899832e-01  0.000000e+00 -8.726203e-01  3.100168e-01
-5.60000e+00  3.20000e+00       1.054e+02  6.485892e-01  0.000000e+00 -9.308033e-02  3.514108e-01
-4.90000e+00  3.20000e+00       1.846e+03  9.915678e-01  0.000000e+00  2.118582e-03  8.432172e-03
-4.20000e+00  3.20000e+00       6.817e+03  9.544579e-01  0.000000e+00  1.407533e-03  4.554214e-02
-3.50000e+00  3.20000e+00       1.164e+05  9.706103e-01  0.000000e+00 -1.059861e-03  2.938969e-02
-2.80000e+00  3.20000e+00       7.968e+05  9.959827e-01  0.000000e+00  2.940206e-03  4.017298e-03
-2.10000e+00  3.20000e+00       2.095e+06  5.954975e-01  0.000000e+00  3.156816e-02  4.045025e-01
-1.40000e+00  3.20000e+00       2.665e+07  4.035885e-01  0.000000e+00  1.505824e-02  5.964115e-01
-7.00000e-01  3.20000e+00       1.774e+08  4.966181e-01  0.000000e+00  3.909947e-03  5.033819e-01
 0.00000e+00  3.20000e+00       3.270e+08  5.151395e-01  0.000000e+00 -3.536288e-17  4.848605e-01
 7.00000e-01  3.20000e+00       1.774e+08  4.966181e-01  0.000000e+00 -3.909947e-03  5.033819e-01
 1.40000e+00  3.20000e+00       2.665e+07  4.035885e-01  0.000000e+00 -1.505824e-02  5.964115e-01
 2.10000e+00  3.20000e+00       2.095e+06  5.954975e-01  0.000000e+00 -3.156816e-02  4.045025e-01
 2.80000e+00  3.20000e+00       7.968e+05  9.959827e-01  0.000000e+00 -2.940206e-03  4.017298e-03
 3.50000e+00  3.20000e+00       1.164e+05  9.706103e-01  0.000000e+00  1.059861e-03  2.938969e-02
 4.20000e+00  3.20000e+00       6.817e+03  9.544579e-01  0.000000e+00 -1.407533e-03  4.554214e-02
 4.90000e+00  3.20000e+00       1.846e+03  9.915678e-01  0.000000e+00 -2.118582e-03  8.432172e-03
 5.60000e+00  3.20000e+00       1.054e+02  6.485892e-01  0.000000e+00  9.308033e-02  3.514108e-01
 6.30000e+00  3.20000e+00       2.203e+01 -6.899832e-01  0.000000e+00  8.726203e-01  3.100168e-01
 7.00000e+00  3.20000e+00       2.079e+01 -3.967775e-01  0.000000e+00  9.043446e-01  6.032225e-01
-7.00000e+00  3.60000e+00       9.573e+00 -6.571742e-01  0.000000e+00 -7.520861e-01  3.428258e-01
-6.30000e+00  3.60000e+00       1.845e+01 -8.719996e-01  0.000000e+00 -7.620644e-01  1.280004e-01
-5.60000e+00  3.60000e+00       9.007e+01  6.079510e-01  0.000000e+00 -1.082786e-01  3.920490e-01
-4.90000e+00  3.60000e+00       1.537e+03  9.926369e-01  0.000000e+00  6.234444e-04  7.363052e-03
-4.20000e+00  3.60000e+00       5.597e+03  9.621398e-01  0.000000e+00  2.483317e-03  3.786020e-02
-3.50000e+00  3.60000e+00       9.797e+04  9.809430e-01  0.000000e+00  5.350954e-04  1.905702e-02
-2.80000e+00  3.60000e+00       7.713e+05  9.308671e-01  0.000000e+00  8.949460e-03  6.913292e-02
-2.10000e+00  3.60000e+00       4.968e+06  5.279177e-01  0.000000e+00  4.007641e-02  4.720823e-01
-1.40000e+00  3.60000e+00       5.154e+07  4.550874e-01  0.000000e+00  3.216206e-02  5.449126e-01
-7.00000e-01  3.60000e+00       2.340e+08  4.971800e-01  0.000000e+00  1.578414e-02  5.028200e-01
 0.00000e+00  3.60000e+00       3.833e+08  5.110992e-01  0.000000e+00  2.671185e-16  4.889008e-01
 7.00000e-01  3.60000e+00       2.340e+08  4.971800e-01  0.000000e+00 -1.578414e-02  5.028200e-01
 1.40000e+00  3.60000e+00       5.154e+07  4.550874e-01  0.000000e+00 -3.216206e-02  5.449126e-01
 2.10000e+00  3.60000e+00       4.968e+06  5.279177e-01  0.000000e+00 -4.007641e-02  4.720823e-01
 2.80000e+00  3.60000e+00       7.713e+05  9.308671e-01  0.000000e+00 -8.949460e-03  6.913292e-02
 3.50000e+00  3.60000e+00       9.797e+04  9.809430e-01  0.000000e+00 -5.350954e-04  1.905702e-02
 4.20000e+00  3.60000e+00       5.597e+03  9.621398e-01  0.000000e+00 -2.483317e-03  3.786020e-02
 4.90000e+00  3.60000e+00       1.537e+03  9.926369e-01  0.000000e+00 -6.234444e-04  7.363052e-03
 5.60000e+00  3.60000e+00       9.007e+01  6.079510e-01  0.000000e+00  1.082786e-01  3.920490e-01
 6.30000e+00  3.60000e+00       1.845e+01 -8.719996e-01  0.000000e+00  7.620644e-01  1.280004e-01
 7.00000e+00  3.60000e+00       9.573e+00 -6.571742e-01  0.000000e+00  7.520861e-01  3.428258e-01
-7.00000e+00  4.00000e+00       2.450e+00 -9.043547e-01  0.000000e+00 -4.494788e-01  9.564527e-02
-6.30000e+00  4.00000e+00       1.610e+01 -8.805111e-01  0.000000e+00 -3.832959e-01  1.194889e-01
-5.60000e+00  4.00000e+00       9.805e+01  2.814322e-01  0.000000e+00 -1.229630e-01  7.185678e-01
-4.90000e+00  4.00000e+00       1.345e+03  9.605377e-01  0.000000e+00 -2.538624e-03  3.946233e-02
-4.20000e+00  4.00000e+00       4.758e+03  9.751481e-01  0.000000e+00  4.518316e-03  2.485191e-02
-3.50000e+00  4.00000e+00       8.570e+04  9.969206e-01  0.000000e+00  3.668000e-03  3.079408e-03
-2.80000e+00  4.00000e+00       8.029e+05  8.585118e-01  0.000000e+00  2.379658e-02  1.414882e-01
-2.10000e+00  4.00000e+00       6.629e+06  5.254142e-01  0.000000e+00  6.548340e-02  4.745858e-01
-1.40000e+00  4.00000e+00       5.236e+07  4.726463e-01  0.000000e+00  5.720710e-02  5.273537e-01
-7.00000e-01  4.00000e+00       1.858e+08  5.092942e-01  0.000000e+00  3.090850e-02  4.907058e-01
 0.00000e+00  4.00000e+00       2.787e+08  5.261383e-01  0.000000e+00  5.960796e-17  4.738617e-01
 7.00000e-01  4.00000e+00       1.858e+08  5.092942e-01  0.000000e+00 -3.090850e-02  4.907058e-01
 1.40000e+00  4.00000e+00       5.236e+07  4.726463e-01  0.000000e+00 -5.720710e-02  5.273537e-01
 2.10000e+00  4.00000e+00       6.629e+06  5.254142e-01  0.000000e+00 -6.548340e-02  4.745858e-01
 2.80000e+00  4.00000e+00       8.029e+05  8.585118e-01  0.000000e+00 -2.379658e-02  1.414882e-01
 3.50000e+00  4.00000e+00       8.570e+04  9.969206e-01  0.000000e+00 -3.668000e-03  3.079408e-03
 4.20000e+00  4.00000e+00       4.758e+03  9.751481e-01  0.000000e+00 -4.518316e-03  2.485191e-02
 4.90000e+00  4.00000e+00       1.345e+03  9.605377e-01  0.000000e+00  2.538624e-03  3.946233e-02
 5.60000e+00  4.00000e+00       9.805e+01  2.814322e-01  0.000000e+00  1.229630e-01  7.185678e-01
 6.30000e+00  4.00000e+00       1.610e+01 -8.805111e-01  0.000000e+00  3.832959e-01  1.194889e-01
 7.00000e+00  4.00000e+00       2.450e+00 -9.043547e-01  0.000000e+00  4.494789e-01  9.564534e-02
