 EB(GeV)    EMITTANCEx EMITTANCEy SIZEx(m)   SIZEy(m)   DIVx(rad)  DIVy(rad)
 2.411e+00  5.499e-09  1.017e-12  8.711e-05  1.009e-06  6.313e-05  1.009e-06
 betax      alphax     betay      alphay     eta        deta       E_spread  
 1.380e+00  0.000e+00  1.000e+00  0.000e+00  0.000e+00  0.000e+00  8.600e-04
 Ibeam(A)   period(cm) #periods   Kx         Ky         Energy(eV)
 4.005e-01  1.900e+00         96  0.000e+00  1.780e+00  3.182e+04


           x            y       F.Density            PL            PC          PL45        1-|PL|
          mm           mm  ph/s/mr^2/0.1%             -             -             -             -
-7.00000e+00 -4.00000e+00       7.612e+00 -4.974145e-01  0.000000e+00  5.607351e-01  5.025855e-01
-6.30000e+00 -4.00000e+00       2.432e+01 -1.006801e-01  0.000000e+00  3.866160e-01  8.993199e-01
-5.60000e+00 -4.00000e+00       2.696e+01  4.969517e-02  0.000000e+00  1.855594e+00  9.503048e-01
-4.90000e+00 -4.00000e+00       2.784e+03  6.546146e-01  0.000000e+00  1.343642e-01  3.453854e-01
-4.20000e+00 -4.00000e+00       2.265e+04  5.778245e-01  0.000000e+00 -1.250373e-01  4.221755e-01
-3.50000e+00 -4.00000e+00       1.688e+05  6.383257e-01  0.000000e+00 -2.504593e-01  3.616743e-01
-2.80000e+00 -4.00000e+00       1.436e+06  9.817281e-01  0.000000e+00 -7.463072e-02  1.827192e-02
-2.10000e+00 -4.00000e+00       3.899e+07  9.386195e-01  0.000000e+00 -2.783368e-04  6.138047e-02
-1.40000e+00 -4.00000e+00       1.898e+08  8.774607e-01  0.000000e+00 -9.678636e-03  1.225393e-01
-7.00000e-01 -4.00000e+00       3.018e+08  6.857284e-01  0.000000e+00 -1.986264e-02  3.142716e-01
 0.00000e+00 -4.00000e+00       2.680e+08  4.424480e-01  0.000000e+00 -3.265423e-15  5.575520e-01
 7.00000e-01 -4.00000e+00       3.018e+08  6.857284e-01  0.000000e+00  1.986264e-02  3.142716e-01
 1.40000e+00 -4.00000e+00       1.898e+08  8.774607e-01  0.000000e+00  9.678636e-03  1.225393e-01
 2.10000e+00 -4.00000e+00       3.899e+07  9.386195e-01  0.000000e+00  2.783368e-04  6.138047e-02
 2.80000e+00 -4.00000e+00       1.436e+06  9.817281e-01  0.000000e+00  7.463072e-02  1.827192e-02
 3.50000e+00 -4.00000e+00       1.688e+05  6.383257e-01  0.000000e+00  2.504593e-01  3.616743e-01
 4.20000e+00 -4.00000e+00       2.265e+04  5.778245e-01  0.000000e+00  1.250373e-01  4.221755e-01
 4.90000e+00 -4.00000e+00       2.784e+03  6.546146e-01  0.000000e+00 -1.343642e-01  3.453854e-01
 5.60000e+00 -4.00000e+00       2.696e+01  4.969517e-02  0.000000e+00 -1.855594e+00  9.503048e-01
 6.30000e+00 -4.00000e+00       2.432e+01 -1.006801e-01  0.000000e+00 -3.866160e-01  8.993199e-01
 7.00000e+00 -4.00000e+00       7.612e+00 -4.974180e-01  0.000000e+00 -5.607398e-01  5.025820e-01
-7.00000e+00 -3.60000e+00       1.148e+01 -9.025407e-01  0.000000e+00  8.876723e-01  9.745927e-02
-6.30000e+00 -3.60000e+00       3.289e+01 -2.488510e-01  0.000000e+00  4.991313e-01  7.511490e-01
-5.60000e+00 -3.60000e+00       3.952e+01 -4.790183e-01  0.000000e+00  2.312264e+00  5.209817e-01
-4.90000e+00 -3.60000e+00       3.153e+03  5.148155e-01  0.000000e+00  2.249370e-01  4.851845e-01
-4.20000e+00 -3.60000e+00       2.617e+04  4.943155e-01  0.000000e+00 -1.274558e-01  5.056845e-01
-3.50000e+00 -3.60000e+00       2.094e+05  6.276542e-01  0.000000e+00 -2.849616e-01  3.723458e-01
-2.80000e+00 -3.60000e+00       1.553e+06  9.917438e-01  0.000000e+00 -9.448474e-02  8.256176e-03
-2.10000e+00 -3.60000e+00       4.326e+07  9.546035e-01  0.000000e+00  4.691062e-03  4.539653e-02
-1.40000e+00 -3.60000e+00       2.101e+08  8.890325e-01  0.000000e+00 -3.658483e-03  1.109675e-01
-7.00000e-01 -3.60000e+00       3.564e+08  6.668579e-01  0.000000e+00 -1.255548e-02  3.331421e-01
 0.00000e+00 -3.60000e+00       3.539e+08  4.239078e-01  0.000000e+00 -3.611007e-15  5.760922e-01
 7.00000e-01 -3.60000e+00       3.564e+08  6.668579e-01  0.000000e+00  1.255548e-02  3.331421e-01
 1.40000e+00 -3.60000e+00       2.101e+08  8.890325e-01  0.000000e+00  3.658483e-03  1.109675e-01
 2.10000e+00 -3.60000e+00       4.326e+07  9.546035e-01  0.000000e+00 -4.691062e-03  4.539653e-02
 2.80000e+00 -3.60000e+00       1.553e+06  9.917438e-01  0.000000e+00  9.448474e-02  8.256176e-03
 3.50000e+00 -3.60000e+00       2.094e+05  6.276542e-01  0.000000e+00  2.849616e-01  3.723458e-01
 4.20000e+00 -3.60000e+00       2.617e+04  4.943155e-01  0.000000e+00  1.274558e-01  5.056845e-01
 4.90000e+00 -3.60000e+00       3.153e+03  5.148155e-01  0.000000e+00 -2.249370e-01  4.851845e-01
 5.60000e+00 -3.60000e+00       3.952e+01 -4.790183e-01  0.000000e+00 -2.312264e+00  5.209817e-01
 6.30000e+00 -3.60000e+00       3.289e+01 -2.488510e-01  0.000000e+00 -4.991313e-01  7.511490e-01
 7.00000e+00 -3.60000e+00       1.148e+01 -9.025407e-01  0.000000e+00 -8.876723e-01  9.745926e-02
-7.00000e+00 -3.20000e+00       1.406e+01 -7.972980e-01  0.000000e+00  1.115995e+00  2.027020e-01
-6.30000e+00 -3.20000e+00       3.204e+01  4.438553e-03  0.000000e+00  6.465824e-01  9.955614e-01
-5.60000e+00 -3.20000e+00       1.488e+02 -1.477333e-01  0.000000e+00  1.132637e+00  8.522667e-01
-4.90000e+00 -3.20000e+00       5.716e+03  9.181905e-01  0.000000e+00  5.306068e-02  8.180953e-02
-4.20000e+00 -3.20000e+00       2.475e+05  5.770550e-01  0.000000e+00 -2.723052e-01  4.229450e-01
-3.50000e+00 -3.20000e+00       3.524e+06  4.620069e-01  0.000000e+00 -3.102562e-01  5.379931e-01
-2.80000e+00 -3.20000e+00       2.126e+07  5.198223e-01  0.000000e+00 -2.451709e-01  4.801777e-01
-2.10000e+00 -3.20000e+00       8.246e+07  7.745660e-01  0.000000e+00 -9.343676e-02  2.254340e-01
-1.40000e+00 -3.20000e+00       2.408e+08  9.016164e-01  0.000000e+00 -1.819135e-02  9.838355e-02
-7.00000e-01 -3.20000e+00       3.156e+08  7.161729e-01  0.000000e+00 -1.399087e-02  2.838271e-01
 0.00000e+00 -3.20000e+00       2.517e+08  3.526611e-01  0.000000e+00 -5.532986e-15  6.473389e-01
 7.00000e-01 -3.20000e+00       3.156e+08  7.161729e-01  0.000000e+00  1.399087e-02  2.838271e-01
 1.40000e+00 -3.20000e+00       2.408e+08  9.016164e-01  0.000000e+00  1.819135e-02  9.838355e-02
 2.10000e+00 -3.20000e+00       8.246e+07  7.745660e-01  0.000000e+00  9.343676e-02  2.254340e-01
 2.80000e+00 -3.20000e+00       2.126e+07  5.198223e-01  0.000000e+00  2.451709e-01  4.801777e-01
 3.50000e+00 -3.20000e+00       3.524e+06  4.620069e-01  0.000000e+00  3.102562e-01  5.379931e-01
 4.20000e+00 -3.20000e+00       2.475e+05  5.770550e-01  0.000000e+00  2.723052e-01  4.229450e-01
 4.90000e+00 -3.20000e+00       5.716e+03  9.181905e-01  0.000000e+00 -5.306068e-02  8.180953e-02
 5.60000e+00 -3.20000e+00       1.488e+02 -1.477333e-01  0.000000e+00 -1.132637e+00  8.522667e-01
 6.30000e+00 -3.20000e+00       3.204e+01  4.438548e-03  0.000000e+00 -6.465824e-01  9.955615e-01
 7.00000e+00 -3.20000e+00       1.406e+01 -7.972980e-01  0.000000e+00 -1.115995e+00  2.027020e-01
-7.00000e+00 -2.80000e+00       1.656e+01 -6.904089e-01  0.000000e+00  1.158793e+00  3.095911e-01
-6.30000e+00 -2.80000e+00       4.338e+01  4.146243e-02  0.000000e+00  7.517432e-01  9.585376e-01
-5.60000e+00 -2.80000e+00       9.244e+02  6.577346e-01  0.000000e+00 -3.449056e-02  3.422654e-01
-4.90000e+00 -2.80000e+00       1.393e+05  5.090670e-01  0.000000e+00 -2.825148e-01  4.909330e-01
-4.20000e+00 -2.80000e+00       4.518e+06  4.868610e-01  0.000000e+00 -2.851369e-01  5.131390e-01
-3.50000e+00 -2.80000e+00       5.454e+07  4.864937e-01  0.000000e+00 -2.532990e-01  5.135063e-01
-2.80000e+00 -2.80000e+00       2.991e+08  4.993157e-01  0.000000e+00 -2.018834e-01  5.006843e-01
-2.10000e+00 -2.80000e+00       8.710e+08  5.326498e-01  0.000000e+00 -1.406434e-01  4.673502e-01
-1.40000e+00 -2.80000e+00       1.583e+09  5.734610e-01  0.000000e+00 -8.146687e-02  4.265390e-01
-7.00000e-01 -2.80000e+00       1.976e+09  5.349468e-01  0.000000e+00 -3.954838e-02  4.650532e-01
 0.00000e+00 -2.80000e+00       1.999e+09  4.655497e-01  0.000000e+00 -1.092067e-15  5.344503e-01
 7.00000e-01 -2.80000e+00       1.976e+09  5.349468e-01  0.000000e+00  3.954838e-02  4.650532e-01
 1.40000e+00 -2.80000e+00       1.583e+09  5.734610e-01  0.000000e+00  8.146687e-02  4.265390e-01
 2.10000e+00 -2.80000e+00       8.710e+08  5.326498e-01  0.000000e+00  1.406434e-01  4.673502e-01
 2.80000e+00 -2.80000e+00       2.991e+08  4.993157e-01  0.000000e+00  2.018834e-01  5.006843e-01
 3.50000e+00 -2.80000e+00       5.454e+07  4.864937e-01  0.000000e+00  2.532990e-01  5.135063e-01
 4.20000e+00 -2.80000e+00       4.518e+06  4.868610e-01  0.000000e+00  2.851369e-01  5.131390e-01
 4.90000e+00 -2.80000e+00       1.393e+05  5.090670e-01  0.000000e+00  2.825148e-01  4.909330e-01
 5.60000e+00 -2.80000e+00       9.244e+02  6.577346e-01  0.000000e+00  3.449056e-02  3.422654e-01
 6.30000e+00 -2.80000e+00       4.338e+01  4.146243e-02  0.000000e+00 -7.517432e-01  9.585376e-01
 7.00000e+00 -2.80000e+00       1.656e+01 -6.904089e-01  0.000000e+00 -1.158793e+00  3.095911e-01
-7.00000e+00 -2.40000e+00       5.444e+01 -2.196459e-02  0.000000e+00  1.491530e-01  9.780354e-01
-6.30000e+00 -2.40000e+00       7.590e+03  3.490072e-01  0.000000e+00 -4.831230e-01  6.509928e-01
-5.60000e+00 -2.40000e+00       5.506e+05  3.695090e-01  0.000000e+00 -4.768672e-01  6.304910e-01
-4.90000e+00 -2.40000e+00       1.326e+07  3.881388e-01  0.000000e+00 -4.575844e-01  6.118612e-01
-4.20000e+00 -2.40000e+00       1.139e+08  4.158350e-01  0.000000e+00 -4.231652e-01  5.841650e-01
-3.50000e+00 -2.40000e+00       4.132e+08  4.566093e-01  0.000000e+00 -3.572807e-01  5.433907e-01
-2.80000e+00 -2.40000e+00       8.866e+08  5.035281e-01  0.000000e+00 -2.498723e-01  4.964719e-01
-2.10000e+00 -2.40000e+00       1.626e+09  5.444192e-01  0.000000e+00 -1.383331e-01  4.555808e-01
-1.40000e+00 -2.40000e+00       2.758e+09  5.735393e-01  0.000000e+00 -6.684049e-02  4.264607e-01
-7.00000e-01 -2.40000e+00       3.687e+09  5.397113e-01  0.000000e+00 -3.083728e-02  4.602887e-01
 0.00000e+00 -2.40000e+00       3.926e+09  4.919656e-01  0.000000e+00 -1.034295e-15  5.080344e-01
 7.00000e-01 -2.40000e+00       3.687e+09  5.397113e-01  0.000000e+00  3.083728e-02  4.602887e-01
 1.40000e+00 -2.40000e+00       2.758e+09  5.735393e-01  0.000000e+00  6.684049e-02  4.264607e-01
 2.10000e+00 -2.40000e+00       1.626e+09  5.444192e-01  0.000000e+00  1.383331e-01  4.555808e-01
 2.80000e+00 -2.40000e+00       8.866e+08  5.035281e-01  0.000000e+00  2.498723e-01  4.964719e-01
 3.50000e+00 -2.40000e+00       4.132e+08  4.566093e-01  0.000000e+00  3.572807e-01  5.433907e-01
 4.20000e+00 -2.40000e+00       1.139e+08  4.158350e-01  0.000000e+00  4.231652e-01  5.841650e-01
 4.90000e+00 -2.40000e+00       1.326e+07  3.881388e-01  0.000000e+00  4.575844e-01  6.118612e-01
 5.60000e+00 -2.40000e+00       5.506e+05  3.695090e-01  0.000000e+00  4.768672e-01  6.304910e-01
 6.30000e+00 -2.40000e+00       7.590e+03  3.490072e-01  0.000000e+00  4.831230e-01  6.509928e-01
 7.00000e+00 -2.40000e+00       5.444e+01 -2.196458e-02  0.000000e+00 -1.491530e-01  9.780354e-01
-7.00000e+00 -2.00000e+00       1.542e+03  2.137338e-01  0.000000e+00 -5.462054e-01  7.862662e-01
-6.30000e+00 -2.00000e+00       1.538e+05  2.423611e-01  0.000000e+00 -5.593589e-01  7.576389e-01
-5.60000e+00 -2.00000e+00       5.199e+06  2.805046e-01  0.000000e+00 -5.374079e-01  7.194954e-01
-4.90000e+00 -2.00000e+00       6.608e+07  3.459911e-01  0.000000e+00 -4.945782e-01  6.540089e-01
-4.20000e+00 -2.00000e+00       3.685e+08  4.287629e-01  0.000000e+00 -4.277986e-01  5.712371e-01
-3.50000e+00 -2.00000e+00       1.064e+09  5.039336e-01  0.000000e+00 -3.367578e-01  4.960664e-01
-2.80000e+00 -2.00000e+00       2.018e+09  5.546761e-01  0.000000e+00 -2.224063e-01  4.453239e-01
-2.10000e+00 -2.00000e+00       3.430e+09  5.782518e-01  0.000000e+00 -1.140497e-01  4.217482e-01
-1.40000e+00 -2.00000e+00       5.674e+09  5.863414e-01  0.000000e+00 -5.191687e-02  4.136586e-01
-7.00000e-01 -2.00000e+00       6.755e+09  5.554303e-01  0.000000e+00 -2.641421e-02  4.445697e-01
 0.00000e+00 -2.00000e+00       6.223e+09  5.112063e-01  0.000000e+00  3.212076e-15  4.887937e-01
 7.00000e-01 -2.00000e+00       6.755e+09  5.554303e-01  0.000000e+00  2.641421e-02  4.445697e-01
 1.40000e+00 -2.00000e+00       5.674e+09  5.863414e-01  0.000000e+00  5.191687e-02  4.136586e-01
 2.10000e+00 -2.00000e+00       3.430e+09  5.782518e-01  0.000000e+00  1.140497e-01  4.217482e-01
 2.80000e+00 -2.00000e+00       2.018e+09  5.546761e-01  0.000000e+00  2.224063e-01  4.453239e-01
 3.50000e+00 -2.00000e+00       1.064e+09  5.039336e-01  0.000000e+00  3.367578e-01  4.960664e-01
 4.20000e+00 -2.00000e+00       3.685e+08  4.287629e-01  0.000000e+00  4.277986e-01  5.712371e-01
 4.90000e+00 -2.00000e+00       6.608e+07  3.459911e-01  0.000000e+00  4.945782e-01  6.540089e-01
 5.60000e+00 -2.00000e+00       5.199e+06  2.805046e-01  0.000000e+00  5.374079e-01  7.194954e-01
 6.30000e+00 -2.00000e+00       1.538e+05  2.423611e-01  0.000000e+00  5.593589e-01  7.576389e-01
 7.00000e+00 -2.00000e+00       1.542e+03  2.137338e-01  0.000000e+00  5.462054e-01  7.862662e-01
-7.00000e+00 -1.60000e+00       2.190e+03  2.598925e-01  0.000000e+00 -5.322143e-01  7.401075e-01
-6.30000e+00 -1.60000e+00       1.778e+05  2.948072e-01  0.000000e+00 -5.380321e-01  7.051928e-01
-5.60000e+00 -1.60000e+00       5.214e+06  3.568596e-01  0.000000e+00 -4.974045e-01  6.431404e-01
-4.90000e+00 -1.60000e+00       6.632e+07  4.546770e-01  0.000000e+00 -4.172491e-01  5.453230e-01
-4.20000e+00 -1.60000e+00       4.571e+08  5.440109e-01  0.000000e+00 -3.066739e-01  4.559891e-01
-3.50000e+00 -1.60000e+00       1.971e+09  5.822736e-01  0.000000e+00 -1.869836e-01  4.177264e-01
-2.80000e+00 -1.60000e+00       6.135e+09  5.831600e-01  0.000000e+00 -9.729494e-02  4.168400e-01
-2.10000e+00 -1.60000e+00       1.546e+10  5.987463e-01  0.000000e+00 -1.068586e-01  4.012537e-01
-1.40000e+00 -1.60000e+00       3.093e+10  6.498814e-01  0.000000e+00 -1.776889e-01  3.501186e-01
-7.00000e-01 -1.60000e+00       4.305e+10  6.881262e-01  0.000000e+00 -1.638855e-01  3.118738e-01
 0.00000e+00 -1.60000e+00       4.475e+10  6.961230e-01  0.000000e+00 -4.229722e-15  3.038770e-01
 7.00000e-01 -1.60000e+00       4.305e+10  6.881262e-01  0.000000e+00  1.638855e-01  3.118738e-01
 1.40000e+00 -1.60000e+00       3.093e+10  6.498814e-01  0.000000e+00  1.776889e-01  3.501186e-01
 2.10000e+00 -1.60000e+00       1.546e+10  5.987463e-01  0.000000e+00  1.068586e-01  4.012537e-01
 2.80000e+00 -1.60000e+00       6.135e+09  5.831600e-01  0.000000e+00  9.729494e-02  4.168400e-01
 3.50000e+00 -1.60000e+00       1.971e+09  5.822736e-01  0.000000e+00  1.869836e-01  4.177264e-01
 4.20000e+00 -1.60000e+00       4.571e+08  5.440109e-01  0.000000e+00  3.066739e-01  4.559891e-01
 4.90000e+00 -1.60000e+00       6.632e+07  4.546770e-01  0.000000e+00  4.172491e-01  5.453230e-01
 5.60000e+00 -1.60000e+00       5.214e+06  3.568596e-01  0.000000e+00  4.974045e-01  6.431404e-01
 6.30000e+00 -1.60000e+00       1.778e+05  2.948072e-01  0.000000e+00  5.380321e-01  7.051928e-01
 7.00000e+00 -1.60000e+00       2.190e+03  2.598925e-01  0.000000e+00  5.322143e-01  7.401075e-01
-7.00000e+00 -1.20000e+00       2.275e+03  6.554172e-01  0.000000e+00 -1.460446e-01  3.445828e-01
-6.30000e+00 -1.20000e+00       2.627e+05  6.728405e-01  0.000000e+00 -7.446191e-02  3.271595e-01
-5.60000e+00 -1.20000e+00       1.332e+07  6.542517e-01  0.000000e+00 -3.468061e-02  3.457483e-01
-4.90000e+00 -1.20000e+00       3.206e+08  6.543067e-01  0.000000e+00 -1.385848e-02  3.456933e-01
-4.20000e+00 -1.20000e+00       3.928e+09  6.604058e-01  0.000000e+00  1.135638e-02  3.395942e-01
-3.50000e+00 -1.20000e+00       2.691e+10  6.579444e-01  0.000000e+00  2.586936e-02  3.420556e-01
-2.80000e+00 -1.20000e+00       1.158e+11  6.712326e-01  0.000000e+00  2.223013e-02  3.287674e-01
-2.10000e+00 -1.20000e+00       3.463e+11  7.173194e-01  0.000000e+00 -5.383592e-03  2.826806e-01
-1.40000e+00 -1.20000e+00       7.562e+11  7.477799e-01  0.000000e+00 -2.880698e-02  2.522201e-01
-7.00000e-01 -1.20000e+00       1.191e+12  6.897770e-01  0.000000e+00 -1.550883e-02  3.102230e-01
 0.00000e+00 -1.20000e+00       1.377e+12  6.337720e-01  0.000000e+00 -1.484474e-15  3.662280e-01
 7.00000e-01 -1.20000e+00       1.191e+12  6.897770e-01  0.000000e+00  1.550883e-02  3.102230e-01
 1.40000e+00 -1.20000e+00       7.562e+11  7.477799e-01  0.000000e+00  2.880698e-02  2.522201e-01
 2.10000e+00 -1.20000e+00       3.463e+11  7.173194e-01  0.000000e+00  5.383592e-03  2.826806e-01
 2.80000e+00 -1.20000e+00       1.158e+11  6.712326e-01  0.000000e+00 -2.223013e-02  3.287674e-01
 3.50000e+00 -1.20000e+00       2.691e+10  6.579444e-01  0.000000e+00 -2.586936e-02  3.420556e-01
 4.20000e+00 -1.20000e+00       3.928e+09  6.604058e-01  0.000000e+00 -1.135638e-02  3.395942e-01
 4.90000e+00 -1.20000e+00       3.206e+08  6.543067e-01  0.000000e+00  1.385848e-02  3.456933e-01
 5.60000e+00 -1.20000e+00       1.332e+07  6.542517e-01  0.000000e+00  3.468061e-02  3.457483e-01
 6.30000e+00 -1.20000e+00       2.627e+05  6.728405e-01  0.000000e+00  7.446191e-02  3.271595e-01
 7.00000e+00 -1.20000e+00       2.275e+03  6.554172e-01  0.000000e+00  1.460446e-01  3.445828e-01
-7.00000e+00 -8.00000e-01       4.804e+04  7.201244e-01  0.000000e+00  9.417646e-02  2.798756e-01
-6.30000e+00 -8.00000e-01       4.435e+06  7.255071e-01  0.000000e+00 -3.753330e-02  2.744929e-01
-5.60000e+00 -8.00000e-01       2.042e+08  7.738757e-01  0.000000e+00 -6.913661e-02  2.261243e-01
-4.90000e+00 -8.00000e-01       4.397e+09  7.908359e-01  0.000000e+00 -3.035613e-02  2.091641e-01
-4.20000e+00 -8.00000e-01       4.911e+10  7.867995e-01  0.000000e+00 -2.441834e-04  2.132005e-01
-3.50000e+00 -8.00000e-01       3.235e+11  7.945762e-01  0.000000e+00  1.009692e-02  2.054238e-01
-2.80000e+00 -8.00000e-01       1.280e+12  8.085250e-01  0.000000e+00  1.934327e-02  1.914750e-01
-2.10000e+00 -8.00000e-01       3.355e+12  8.277869e-01  0.000000e+00  5.569128e-02  1.722131e-01
-1.40000e+00 -8.00000e-01       6.922e+12  8.426685e-01  0.000000e+00  1.025409e-01  1.573315e-01
-7.00000e-01 -8.00000e-01       1.203e+13  8.328638e-01  0.000000e+00  6.883502e-02  1.671362e-01
 0.00000e+00 -8.00000e-01       1.526e+13  8.249286e-01  0.000000e+00  4.963600e-15  1.750714e-01
 7.00000e-01 -8.00000e-01       1.203e+13  8.328638e-01  0.000000e+00 -6.883502e-02  1.671362e-01
 1.40000e+00 -8.00000e-01       6.922e+12  8.426685e-01  0.000000e+00 -1.025409e-01  1.573315e-01
 2.10000e+00 -8.00000e-01       3.355e+12  8.277869e-01  0.000000e+00 -5.569128e-02  1.722131e-01
 2.80000e+00 -8.00000e-01       1.280e+12  8.085250e-01  0.000000e+00 -1.934327e-02  1.914750e-01
 3.50000e+00 -8.00000e-01       3.235e+11  7.945762e-01  0.000000e+00 -1.009692e-02  2.054238e-01
 4.20000e+00 -8.00000e-01       4.911e+10  7.867995e-01  0.000000e+00  2.441834e-04  2.132005e-01
 4.90000e+00 -8.00000e-01       4.397e+09  7.908359e-01  0.000000e+00  3.035613e-02  2.091641e-01
 5.60000e+00 -8.00000e-01       2.042e+08  7.738757e-01  0.000000e+00  6.913661e-02  2.261243e-01
 6.30000e+00 -8.00000e-01       4.435e+06  7.255071e-01  0.000000e+00  3.753330e-02  2.744929e-01
 7.00000e+00 -8.00000e-01       4.804e+04  7.201244e-01  0.000000e+00 -9.417646e-02  2.798756e-01
-7.00000e+00 -4.00000e-01       4.401e+05  9.624668e-01  0.000000e+00  3.852609e-02  3.753317e-02
-6.30000e+00 -4.00000e-01       3.019e+07  9.398644e-01  0.000000e+00  5.771314e-02  6.013561e-02
-5.60000e+00 -4.00000e-01       1.074e+09  9.263550e-01  0.000000e+00  1.455449e-02  7.364499e-02
-4.90000e+00 -4.00000e-01       2.185e+10  9.328726e-01  0.000000e+00 -1.649876e-02  6.712744e-02
-4.20000e+00 -4.00000e-01       2.322e+11  9.384560e-01  0.000000e+00 -1.109842e-02  6.154403e-02
-3.50000e+00 -4.00000e-01       1.339e+12  9.381888e-01  0.000000e+00 -4.876441e-03  6.181118e-02
-2.80000e+00 -4.00000e-01       4.685e+12  9.356691e-01  0.000000e+00 -4.075714e-03  6.433093e-02
-2.10000e+00 -4.00000e-01       1.022e+13  9.220369e-01  0.000000e+00 -1.196817e-03  7.796310e-02
-1.40000e+00 -4.00000e-01       1.413e+13  8.819004e-01  0.000000e+00 -4.876974e-04  1.180996e-01
-7.00000e-01 -4.00000e-01       1.605e+13  8.468502e-01  0.000000e+00 -2.093660e-02  1.531498e-01
 0.00000e+00 -4.00000e-01       1.751e+13  8.493179e-01  0.000000e+00  3.016307e-16  1.506821e-01
 7.00000e-01 -4.00000e-01       1.605e+13  8.468502e-01  0.000000e+00  2.093660e-02  1.531498e-01
 1.40000e+00 -4.00000e-01       1.413e+13  8.819004e-01  0.000000e+00  4.876974e-04  1.180996e-01
 2.10000e+00 -4.00000e-01       1.022e+13  9.220369e-01  0.000000e+00  1.196817e-03  7.796310e-02
 2.80000e+00 -4.00000e-01       4.685e+12  9.356691e-01  0.000000e+00  4.075714e-03  6.433093e-02
 3.50000e+00 -4.00000e-01       1.339e+12  9.381888e-01  0.000000e+00  4.876441e-03  6.181118e-02
 4.20000e+00 -4.00000e-01       2.322e+11  9.384560e-01  0.000000e+00  1.109842e-02  6.154403e-02
 4.90000e+00 -4.00000e-01       2.185e+10  9.328726e-01  0.000000e+00  1.649876e-02  6.712744e-02
 5.60000e+00 -4.00000e-01       1.074e+09  9.263550e-01  0.000000e+00 -1.455449e-02  7.364499e-02
 6.30000e+00 -4.00000e-01       3.019e+07  9.398644e-01  0.000000e+00 -5.771314e-02  6.013561e-02
 7.00000e+00 -4.00000e-01       4.401e+05  9.624668e-01  0.000000e+00 -3.852609e-02  3.753317e-02
-7.00000e+00  0.00000e+00       1.203e+06  9.999837e-01  0.000000e+00 -6.815694e-14  1.633401e-05
-6.30000e+00  0.00000e+00       6.247e+07  9.999677e-01  0.000000e+00  7.465050e-16  3.225831e-05
-5.60000e+00  0.00000e+00       1.964e+09  9.999535e-01  0.000000e+00  5.202692e-16  4.646817e-05
-4.90000e+00  0.00000e+00       3.655e+10  9.999527e-01  0.000000e+00 -2.642398e-14  4.734430e-05
-4.20000e+00  0.00000e+00       3.802e+11  9.999573e-01  0.000000e+00 -2.552616e-13  4.271618e-05
-3.50000e+00  0.00000e+00       2.153e+12  9.999584e-01  0.000000e+00 -1.348691e-12  4.157556e-05
-2.80000e+00  0.00000e+00       7.533e+12  9.999603e-01  0.000000e+00 -3.554676e-12  3.971215e-05
-2.10000e+00  0.00000e+00       1.847e+13  9.999719e-01  0.000000e+00 -4.195477e-12  2.808824e-05
-1.40000e+00  0.00000e+00       3.106e+13  9.999947e-01  0.000000e+00 -2.268795e-12  5.279293e-06
-7.00000e-01  0.00000e+00       2.933e+13  9.999767e-01  0.000000e+00 -5.745063e-13  2.327909e-05
 0.00000e+00  0.00000e+00       2.114e+13  9.999459e-01  0.000000e+00  1.094730e-18  5.412499e-05
 7.00000e-01  0.00000e+00       2.933e+13  9.999767e-01  0.000000e+00  5.745186e-13  2.327909e-05
 1.40000e+00  0.00000e+00       3.106e+13  9.999947e-01  0.000000e+00  2.268809e-12  5.279293e-06
 2.10000e+00  0.00000e+00       1.847e+13  9.999719e-01  0.000000e+00  4.195485e-12  2.808824e-05
 2.80000e+00  0.00000e+00       7.533e+12  9.999603e-01  0.000000e+00  3.554681e-12  3.971215e-05
 3.50000e+00  0.00000e+00       2.153e+12  9.999584e-01  0.000000e+00  1.348699e-12  4.157556e-05
 4.20000e+00  0.00000e+00       3.802e+11  9.999573e-01  0.000000e+00  2.552751e-13  4.271618e-05
 4.90000e+00  0.00000e+00       3.655e+10  9.999527e-01  0.000000e+00  2.642267e-14  4.734430e-05
 5.60000e+00  0.00000e+00       1.964e+09  9.999535e-01  0.000000e+00 -5.898828e-16  4.646817e-05
 6.30000e+00  0.00000e+00       6.247e+07  9.999677e-01  0.000000e+00 -6.957044e-16  3.225831e-05
 7.00000e+00  0.00000e+00       1.203e+06  9.999837e-01  0.000000e+00  1.244449e-13  1.633401e-05
-7.00000e+00  4.00000e-01       4.401e+05  9.624668e-01  0.000000e+00 -3.852609e-02  3.753317e-02
-6.30000e+00  4.00000e-01       3.019e+07  9.398644e-01  0.000000e+00 -5.771314e-02  6.013561e-02
-5.60000e+00  4.00000e-01       1.074e+09  9.263550e-01  0.000000e+00 -1.455449e-02  7.364499e-02
-4.90000e+00  4.00000e-01       2.185e+10  9.328726e-01  0.000000e+00  1.649876e-02  6.712744e-02
-4.20000e+00  4.00000e-01       2.322e+11  9.384560e-01  0.000000e+00  1.109842e-02  6.154403e-02
-3.50000e+00  4.00000e-01       1.339e+12  9.381888e-01  0.000000e+00  4.876441e-03  6.181118e-02
-2.80000e+00  4.00000e-01       4.685e+12  9.356691e-01  0.000000e+00  4.075714e-03  6.433093e-02
-2.10000e+00  4.00000e-01       1.022e+13  9.220369e-01  0.000000e+00  1.196817e-03  7.796310e-02
-1.40000e+00  4.00000e-01       1.413e+13  8.819004e-01  0.000000e+00  4.876974e-04  1.180996e-01
-7.00000e-01  4.00000e-01       1.605e+13  8.468502e-01  0.000000e+00  2.093660e-02  1.531498e-01
 0.00000e+00  4.00000e-01       1.751e+13  8.493179e-01  0.000000e+00 -3.055405e-16  1.506821e-01
 7.00000e-01  4.00000e-01       1.605e+13  8.468502e-01  0.000000e+00 -2.093660e-02  1.531498e-01
 1.40000e+00  4.00000e-01       1.413e+13  8.819004e-01  0.000000e+00 -4.876974e-04  1.180996e-01
 2.10000e+00  4.00000e-01       1.022e+13  9.220369e-01  0.000000e+00 -1.196817e-03  7.796310e-02
 2.80000e+00  4.00000e-01       4.685e+12  9.356691e-01  0.000000e+00 -4.075714e-03  6.433093e-02
 3.50000e+00  4.00000e-01       1.339e+12  9.381888e-01  0.000000e+00 -4.876441e-03  6.181118e-02
 4.20000e+00  4.00000e-01       2.322e+11  9.384560e-01  0.000000e+00 -1.109842e-02  6.154403e-02
 4.90000e+00  4.00000e-01       2.185e+10  9.328726e-01  0.000000e+00 -1.649876e-02  6.712744e-02
 5.60000e+00  4.00000e-01       1.074e+09  9.263550e-01  0.000000e+00  1.455449e-02  7.364499e-02
 6.30000e+00  4.00000e-01       3.019e+07  9.398644e-01  0.000000e+00  5.771314e-02  6.013561e-02
 7.00000e+00  4.00000e-01       4.401e+05  9.624668e-01  0.000000e+00  3.852609e-02  3.753317e-02
-7.00000e+00  8.00000e-01       4.804e+04  7.201244e-01  0.000000e+00 -9.417646e-02  2.798756e-01
-6.30000e+00  8.00000e-01       4.435e+06  7.255071e-01  0.000000e+00  3.753330e-02  2.744929e-01
-5.60000e+00  8.00000e-01       2.042e+08  7.738757e-01  0.000000e+00  6.913661e-02  2.261243e-01
-4.90000e+00  8.00000e-01       4.397e+09  7.908359e-01  0.000000e+00  3.035613e-02  2.091641e-01
-4.20000e+00  8.00000e-01       4.911e+10  7.867995e-01  0.000000e+00  2.441834e-04  2.132005e-01
-3.50000e+00  8.00000e-01       3.235e+11  7.945762e-01  0.000000e+00 -1.009692e-02  2.054238e-01
-2.80000e+00  8.00000e-01       1.280e+12  8.085250e-01  0.000000e+00 -1.934327e-02  1.914750e-01
-2.10000e+00  8.00000e-01       3.355e+12  8.277869e-01  0.000000e+00 -5.569128e-02  1.722131e-01
-1.40000e+00  8.00000e-01       6.922e+12  8.426685e-01  0.000000e+00 -1.025409e-01  1.573315e-01
-7.00000e-01  8.00000e-01       1.203e+13  8.328638e-01  0.000000e+00 -6.883502e-02  1.671362e-01
 0.00000e+00  8.00000e-01       1.526e+13  8.249286e-01  0.000000e+00 -1.767239e-15  1.750714e-01
 7.00000e-01  8.00000e-01       1.203e+13  8.328638e-01  0.000000e+00  6.883502e-02  1.671362e-01
 1.40000e+00  8.00000e-01       6.922e+12  8.426685e-01  0.000000e+00  1.025409e-01  1.573315e-01
 2.10000e+00  8.00000e-01       3.355e+12  8.277869e-01  0.000000e+00  5.569128e-02  1.722131e-01
 2.80000e+00  8.00000e-01       1.280e+12  8.085250e-01  0.000000e+00  1.934327e-02  1.914750e-01
 3.50000e+00  8.00000e-01       3.235e+11  7.945762e-01  0.000000e+00  1.009692e-02  2.054238e-01
 4.20000e+00  8.00000e-01       4.911e+10  7.867995e-01  0.000000e+00 -2.441834e-04  2.132005e-01
 4.90000e+00  8.00000e-01       4.397e+09  7.908359e-01  0.000000e+00 -3.035613e-02  2.091641e-01
 5.60000e+00  8.00000e-01       2.042e+08  7.738757e-01  0.000000e+00 -6.913661e-02  2.261243e-01
 6.30000e+00  8.00000e-01       4.435e+06  7.255071e-01  0.000000e+00 -3.753330e-02  2.744929e-01
 7.00000e+00  8.00000e-01       4.804e+04  7.201244e-01  0.000000e+00  9.417646e-02  2.798756e-01
-7.00000e+00  1.20000e+00       2.275e+03  6.554172e-01  0.000000e+00  1.460446e-01  3.445828e-01
-6.30000e+00  1.20000e+00       2.627e+05  6.728405e-01  0.000000e+00  7.446191e-02  3.271595e-01
-5.60000e+00  1.20000e+00       1.332e+07  6.542517e-01  0.000000e+00  3.468061e-02  3.457483e-01
-4.90000e+00  1.20000e+00       3.206e+08  6.543067e-01  0.000000e+00  1.385848e-02  3.456933e-01
-4.20000e+00  1.20000e+00       3.928e+09  6.604058e-01  0.000000e+00 -1.135638e-02  3.395942e-01
-3.50000e+00  1.20000e+00       2.691e+10  6.579444e-01  0.000000e+00 -2.586936e-02  3.420556e-01
-2.80000e+00  1.20000e+00       1.158e+11  6.712326e-01  0.000000e+00 -2.223013e-02  3.287674e-01
-2.10000e+00  1.20000e+00       3.463e+11  7.173194e-01  0.000000e+00  5.383592e-03  2.826806e-01
-1.40000e+00  1.20000e+00       7.562e+11  7.477799e-01  0.000000e+00  2.880698e-02  2.522201e-01
-7.00000e-01  1.20000e+00       1.191e+12  6.897770e-01  0.000000e+00  1.550883e-02  3.102230e-01
 0.00000e+00  1.20000e+00       1.377e+12  6.337720e-01  0.000000e+00  2.402578e-15  3.662280e-01
 7.00000e-01  1.20000e+00       1.191e+12  6.897770e-01  0.000000e+00 -1.550883e-02  3.102230e-01
 1.40000e+00  1.20000e+00       7.562e+11  7.477799e-01  0.000000e+00 -2.880698e-02  2.522201e-01
 2.10000e+00  1.20000e+00       3.463e+11  7.173194e-01  0.000000e+00 -5.383592e-03  2.826806e-01
 2.80000e+00  1.20000e+00       1.158e+11  6.712326e-01  0.000000e+00  2.223013e-02  3.287674e-01
 3.50000e+00  1.20000e+00       2.691e+10  6.579444e-01  0.000000e+00  2.586936e-02  3.420556e-01
 4.20000e+00  1.20000e+00       3.928e+09  6.604058e-01  0.000000e+00  1.135638e-02  3.395942e-01
 4.90000e+00  1.20000e+00       3.206e+08  6.543067e-01  0.000000e+00 -1.385848e-02  3.456933e-01
 5.60000e+00  1.20000e+00       1.332e+07  6.542517e-01  0.000000e+00 -3.468061e-02  3.457483e-01
 6.30000e+00  1.20000e+00       2.627e+05  6.728405e-01  0.000000e+00 -7.446191e-02  3.271595e-01
 7.00000e+00  1.20000e+00       2.275e+03  6.554172e-01  0.000000e+00 -1.460446e-01  3.445828e-01
-7.00000e+00  1.60000e+00       2.190e+03  2.598925e-01  0.000000e+00  5.322143e-01  7.401075e-01
-6.30000e+00  1.60000e+00       1.778e+05  2.948072e-01  0.000000e+00  5.380321e-01  7.051928e-01
-5.60000e+00  1.60000e+00       5.214e+06  3.568596e-01  0.000000e+00  4.974045e-01  6.431404e-01
-4.90000e+00  1.60000e+00       6.632e+07  4.546770e-01  0.000000e+00  4.172491e-01  5.453230e-01
-4.20000e+00  1.60000e+00       4.571e+08  5.440109e-01  0.000000e+00  3.066739e-01  4.559891e-01
-3.50000e+00  1.60000e+00       1.971e+09  5.822736e-01  0.000000e+00  1.869836e-01  4.177264e-01
-2.80000e+00  1.60000e+00       6.135e+09  5.831600e-01  0.000000e+00  9.729493e-02  4.168400e-01
-2.10000e+00  1.60000e+00       1.546e+10  5.987463e-01  0.000000e+00  1.068586e-01  4.012537e-01
-1.40000e+00  1.60000e+00       3.093e+10  6.498814e-01  0.000000e+00  1.776889e-01  3.501186e-01
-7.00000e-01  1.60000e+00       4.305e+10  6.881262e-01  0.000000e+00  1.638855e-01  3.118738e-01
 0.00000e+00  1.60000e+00       4.475e+10  6.961230e-01  0.000000e+00  3.845783e-15  3.038770e-01
 7.00000e-01  1.60000e+00       4.305e+10  6.881262e-01  0.000000e+00 -1.638855e-01  3.118738e-01
 1.40000e+00  1.60000e+00       3.093e+10  6.498814e-01  0.000000e+00 -1.776889e-01  3.501186e-01
 2.10000e+00  1.60000e+00       1.546e+10  5.987463e-01  0.000000e+00 -1.068586e-01  4.012537e-01
 2.80000e+00  1.60000e+00       6.135e+09  5.831600e-01  0.000000e+00 -9.729493e-02  4.168400e-01
 3.50000e+00  1.60000e+00       1.971e+09  5.822736e-01  0.000000e+00 -1.869836e-01  4.177264e-01
 4.20000e+00  1.60000e+00       4.571e+08  5.440109e-01  0.000000e+00 -3.066739e-01  4.559891e-01
 4.90000e+00  1.60000e+00       6.632e+07  4.546770e-01  0.000000e+00 -4.172491e-01  5.453230e-01
 5.60000e+00  1.60000e+00       5.214e+06  3.568596e-01  0.000000e+00 -4.974045e-01  6.431404e-01
 6.30000e+00  1.60000e+00       1.778e+05  2.948072e-01  0.000000e+00 -5.380321e-01  7.051928e-01
 7.00000e+00  1.60000e+00       2.190e+03  2.598925e-01  0.000000e+00 -5.322143e-01  7.401075e-01
-7.00000e+00  2.00000e+00       1.542e+03  2.137338e-01  0.000000e+00  5.462054e-01  7.862662e-01
-6.30000e+00  2.00000e+00       1.538e+05  2.423611e-01  0.000000e+00  5.593589e-01  7.576389e-01
-5.60000e+00  2.00000e+00       5.199e+06  2.805046e-01  0.000000e+00  5.374079e-01  7.194954e-01
-4.90000e+00  2.00000e+00       6.608e+07  3.459911e-01  0.000000e+00  4.945782e-01  6.540089e-01
-4.20000e+00  2.00000e+00       3.685e+08  4.287629e-01  0.000000e+00  4.277986e-01  5.712371e-01
-3.50000e+00  2.00000e+00       1.064e+09  5.039336e-01  0.000000e+00  3.367578e-01  4.960664e-01
-2.80000e+00  2.00000e+00       2.018e+09  5.546761e-01  0.000000e+00  2.224063e-01  4.453239e-01
-2.10000e+00  2.00000e+00       3.430e+09  5.782518e-01  0.000000e+00  1.140497e-01  4.217482e-01
-1.40000e+00  2.00000e+00       5.674e+09  5.863414e-01  0.000000e+00  5.191683e-02  4.136586e-01
-7.00000e-01  2.00000e+00       6.755e+09  5.554303e-01  0.000000e+00  2.641421e-02  4.445697e-01
 0.00000e+00  2.00000e+00       6.223e+09  5.112063e-01  0.000000e+00 -4.136122e-15  4.887937e-01
 7.00000e-01  2.00000e+00       6.755e+09  5.554303e-01  0.000000e+00 -2.641421e-02  4.445697e-01
 1.40000e+00  2.00000e+00       5.674e+09  5.863414e-01  0.000000e+00 -5.191683e-02  4.136586e-01
 2.10000e+00  2.00000e+00       3.430e+09  5.782518e-01  0.000000e+00 -1.140497e-01  4.217482e-01
 2.80000e+00  2.00000e+00       2.018e+09  5.546761e-01  0.000000e+00 -2.224063e-01  4.453239e-01
 3.50000e+00  2.00000e+00       1.064e+09  5.039336e-01  0.000000e+00 -3.367578e-01  4.960664e-01
 4.20000e+00  2.00000e+00       3.685e+08  4.287629e-01  0.000000e+00 -4.277986e-01  5.712371e-01
 4.90000e+00  2.00000e+00       6.608e+07  3.459911e-01  0.000000e+00 -4.945782e-01  6.540089e-01
 5.60000e+00  2.00000e+00       5.199e+06  2.805046e-01  0.000000e+00 -5.374079e-01  7.194954e-01
 6.30000e+00  2.00000e+00       1.538e+05  2.423611e-01  0.000000e+00 -5.593589e-01  7.576389e-01
 7.00000e+00  2.00000e+00       1.542e+03  2.137338e-01  0.000000e+00 -5.462054e-01  7.862662e-01
-7.00000e+00  2.40000e+00       5.444e+01 -2.196460e-02  0.000000e+00 -1.491530e-01  9.780354e-01
-6.30000e+00  2.40000e+00       7.590e+03  3.490072e-01  0.000000e+00  4.831230e-01  6.509928e-01
-5.60000e+00  2.40000e+00       5.506e+05  3.695090e-01  0.000000e+00  4.768672e-01  6.304910e-01
-4.90000e+00  2.40000e+00       1.326e+07  3.881388e-01  0.000000e+00  4.575844e-01  6.118612e-01
-4.20000e+00  2.40000e+00       1.139e+08  4.158350e-01  0.000000e+00  4.231652e-01  5.841650e-01
-3.50000e+00  2.40000e+00       4.132e+08  4.566093e-01  0.000000e+00  3.572807e-01  5.433907e-01
-2.80000e+00  2.40000e+00       8.866e+08  5.035281e-01  0.000000e+00  2.498722e-01  4.964719e-01
-2.10000e+00  2.40000e+00       1.626e+09  5.444193e-01  0.000000e+00  1.383330e-01  4.555807e-01
-1.40000e+00  2.40000e+00       2.758e+09  5.735393e-01  0.000000e+00  6.684040e-02  4.264607e-01
-7.00000e-01  2.40000e+00       3.687e+09  5.397113e-01  0.000000e+00  3.083726e-02  4.602887e-01
 0.00000e+00  2.40000e+00       3.926e+09  4.919656e-01  0.000000e+00  1.511462e-16  5.080344e-01
 7.00000e-01  2.40000e+00       3.687e+09  5.397113e-01  0.000000e+00 -3.083726e-02  4.602887e-01
 1.40000e+00  2.40000e+00       2.758e+09  5.735393e-01  0.000000e+00 -6.684040e-02  4.264607e-01
 2.10000e+00  2.40000e+00       1.626e+09  5.444193e-01  0.000000e+00 -1.383330e-01  4.555807e-01
 2.80000e+00  2.40000e+00       8.866e+08  5.035281e-01  0.000000e+00 -2.498722e-01  4.964719e-01
 3.50000e+00  2.40000e+00       4.132e+08  4.566093e-01  0.000000e+00 -3.572807e-01  5.433907e-01
 4.20000e+00  2.40000e+00       1.139e+08  4.158350e-01  0.000000e+00 -4.231652e-01  5.841650e-01
 4.90000e+00  2.40000e+00       1.326e+07  3.881388e-01  0.000000e+00 -4.575844e-01  6.118612e-01
 5.60000e+00  2.40000e+00       5.506e+05  3.695090e-01  0.000000e+00 -4.768672e-01  6.304910e-01
 6.30000e+00  2.40000e+00       7.590e+03  3.490072e-01  0.000000e+00 -4.831230e-01  6.509928e-01
 7.00000e+00  2.40000e+00       5.444e+01 -2.196459e-02  0.000000e+00  1.491530e-01  9.780354e-01
-7.00000e+00  2.80000e+00       1.656e+01 -6.904090e-01  0.000000e+00 -1.158793e+00  3.095910e-01
-6.30000e+00  2.80000e+00       4.338e+01  4.146213e-02  0.000000e+00 -7.517430e-01  9.585379e-01
-5.60000e+00  2.80000e+00       9.244e+02  6.577345e-01  0.000000e+00  3.449057e-02  3.422655e-01
-4.90000e+00  2.80000e+00       1.393e+05  5.090670e-01  0.000000e+00  2.825148e-01  4.909330e-01
-4.20000e+00  2.80000e+00       4.518e+06  4.868610e-01  0.000000e+00  2.851369e-01  5.131390e-01
-3.50000e+00  2.80000e+00       5.454e+07  4.864937e-01  0.000000e+00  2.532988e-01  5.135063e-01
-2.80000e+00  2.80000e+00       2.991e+08  4.993157e-01  0.000000e+00  2.018831e-01  5.006843e-01
-2.10000e+00  2.80000e+00       8.710e+08  5.326498e-01  0.000000e+00  1.406431e-01  4.673502e-01
-1.40000e+00  2.80000e+00       1.583e+09  5.734610e-01  0.000000e+00  8.146669e-02  4.265390e-01
-7.00000e-01  2.80000e+00       1.976e+09  5.349468e-01  0.000000e+00  3.954833e-02  4.650532e-01
 0.00000e+00  2.80000e+00       1.999e+09  4.655497e-01  0.000000e+00 -1.203394e-16  5.344503e-01
 7.00000e-01  2.80000e+00       1.976e+09  5.349468e-01  0.000000e+00 -3.954833e-02  4.650532e-01
 1.40000e+00  2.80000e+00       1.583e+09  5.734610e-01  0.000000e+00 -8.146669e-02  4.265390e-01
 2.10000e+00  2.80000e+00       8.710e+08  5.326498e-01  0.000000e+00 -1.406431e-01  4.673502e-01
 2.80000e+00  2.80000e+00       2.991e+08  4.993157e-01  0.000000e+00 -2.018831e-01  5.006843e-01
 3.50000e+00  2.80000e+00       5.454e+07  4.864937e-01  0.000000e+00 -2.532988e-01  5.135063e-01
 4.20000e+00  2.80000e+00       4.518e+06  4.868610e-01  0.000000e+00 -2.851369e-01  5.131390e-01
 4.90000e+00  2.80000e+00       1.393e+05  5.090670e-01  0.000000e+00 -2.825148e-01  4.909330e-01
 5.60000e+00  2.80000e+00       9.244e+02  6.577345e-01  0.000000e+00 -3.449057e-02  3.422655e-01
 6.30000e+00  2.80000e+00       4.338e+01  4.146213e-02  0.000000e+00  7.517430e-01  9.585379e-01
 7.00000e+00  2.80000e+00       1.656e+01 -6.904089e-01  0.000000e+00  1.158793e+00  3.095911e-01
-7.00000e+00  3.20000e+00       1.406e+01 -7.972980e-01  0.000000e+00 -1.115994e+00  2.027020e-01
-6.30000e+00  3.20000e+00       3.204e+01  4.437873e-03  0.000000e+00 -6.465819e-01  9.955621e-01
-5.60000e+00  3.20000e+00       1.488e+02 -1.477323e-01  0.000000e+00 -1.132638e+00  8.522677e-01
-4.90000e+00  3.20000e+00       5.716e+03  9.181892e-01  0.000000e+00 -5.306190e-02  8.181083e-02
-4.20000e+00  3.20000e+00       2.475e+05  5.770555e-01  0.000000e+00  2.723042e-01  4.229445e-01
-3.50000e+00  3.20000e+00       3.523e+06  4.620066e-01  0.000000e+00  3.102544e-01  5.379934e-01
-2.80000e+00  3.20000e+00       2.126e+07  5.198229e-01  0.000000e+00  2.451670e-01  4.801771e-01
-2.10000e+00  3.20000e+00       8.246e+07  7.745692e-01  0.000000e+00  9.343192e-02  2.254308e-01
-1.40000e+00  3.20000e+00       2.408e+08  9.016164e-01  0.000000e+00  1.818977e-02  9.838362e-02
-7.00000e-01  3.20000e+00       3.156e+08  7.161711e-01  0.000000e+00  1.399069e-02  2.838289e-01
 0.00000e+00  3.20000e+00       2.517e+08  3.526638e-01  0.000000e+00 -1.767075e-15  6.473362e-01
 7.00000e-01  3.20000e+00       3.156e+08  7.161711e-01  0.000000e+00 -1.399069e-02  2.838289e-01
 1.40000e+00  3.20000e+00       2.408e+08  9.016164e-01  0.000000e+00 -1.818977e-02  9.838362e-02
 2.10000e+00  3.20000e+00       8.246e+07  7.745692e-01  0.000000e+00 -9.343192e-02  2.254308e-01
 2.80000e+00  3.20000e+00       2.126e+07  5.198229e-01  0.000000e+00 -2.451670e-01  4.801771e-01
 3.50000e+00  3.20000e+00       3.523e+06  4.620066e-01  0.000000e+00 -3.102544e-01  5.379934e-01
 4.20000e+00  3.20000e+00       2.475e+05  5.770555e-01  0.000000e+00 -2.723042e-01  4.229445e-01
 4.90000e+00  3.20000e+00       5.716e+03  9.181892e-01  0.000000e+00  5.306190e-02  8.181083e-02
 5.60000e+00  3.20000e+00       1.488e+02 -1.477323e-01  0.000000e+00  1.132638e+00  8.522677e-01
 6.30000e+00  3.20000e+00       3.204e+01  4.437868e-03  0.000000e+00  6.465819e-01  9.955621e-01
 7.00000e+00  3.20000e+00       1.406e+01 -7.972980e-01  0.000000e+00  1.115994e+00  2.027020e-01
-7.00000e+00  3.60000e+00       1.148e+01 -9.025408e-01  0.000000e+00 -8.876721e-01  9.745923e-02
-6.30000e+00  3.60000e+00       3.289e+01 -2.488521e-01  0.000000e+00 -4.991306e-01  7.511479e-01
-5.60000e+00  3.60000e+00       3.952e+01 -4.790129e-01  0.000000e+00 -2.312275e+00  5.209871e-01
-4.90000e+00  3.60000e+00       3.153e+03  5.148093e-01  0.000000e+00 -2.249414e-01  4.851907e-01
-4.20000e+00  3.60000e+00       2.617e+04  4.942375e-01  0.000000e+00  1.274213e-01  5.057625e-01
-3.50000e+00  3.60000e+00       2.095e+05  6.276002e-01  0.000000e+00  2.847047e-01  3.723998e-01
-2.80000e+00  3.60000e+00       1.553e+06  9.915165e-01  0.000000e+00  9.432388e-02  8.483458e-03
-2.10000e+00  3.60000e+00       4.326e+07  9.546202e-01  0.000000e+00 -4.708557e-03  4.537977e-02
-1.40000e+00  3.60000e+00       2.101e+08  8.890312e-01  0.000000e+00  3.656049e-03  1.109688e-01
-7.00000e-01  3.60000e+00       3.564e+08  6.668551e-01  0.000000e+00  1.255549e-02  3.331449e-01
 0.00000e+00  3.60000e+00       3.539e+08  4.239103e-01  0.000000e+00 -6.976389e-16  5.760897e-01
 7.00000e-01  3.60000e+00       3.564e+08  6.668551e-01  0.000000e+00 -1.255549e-02  3.331449e-01
 1.40000e+00  3.60000e+00       2.101e+08  8.890312e-01  0.000000e+00 -3.656049e-03  1.109688e-01
 2.10000e+00  3.60000e+00       4.326e+07  9.546202e-01  0.000000e+00  4.708557e-03  4.537977e-02
 2.80000e+00  3.60000e+00       1.553e+06  9.915165e-01  0.000000e+00 -9.432388e-02  8.483458e-03
 3.50000e+00  3.60000e+00       2.095e+05  6.276002e-01  0.000000e+00 -2.847047e-01  3.723998e-01
 4.20000e+00  3.60000e+00       2.617e+04  4.942375e-01  0.000000e+00 -1.274213e-01  5.057625e-01
 4.90000e+00  3.60000e+00       3.153e+03  5.148093e-01  0.000000e+00  2.249414e-01  4.851907e-01
 5.60000e+00  3.60000e+00       3.952e+01 -4.790129e-01  0.000000e+00  2.312275e+00  5.209871e-01
 6.30000e+00  3.60000e+00       3.289e+01 -2.488521e-01  0.000000e+00  4.991306e-01  7.511479e-01
 7.00000e+00  3.60000e+00       1.148e+01 -9.025408e-01  0.000000e+00  8.876721e-01  9.745921e-02
-7.00000e+00  4.00000e+00       7.612e+00 -4.974153e-01  0.000000e+00 -5.607345e-01  5.025847e-01
-6.30000e+00  4.00000e+00       2.432e+01 -1.006849e-01  0.000000e+00 -3.866139e-01  8.993151e-01
-5.60000e+00  4.00000e+00       2.695e+01  4.971949e-02  0.000000e+00 -1.855650e+00  9.502805e-01
-4.90000e+00  4.00000e+00       2.784e+03  6.546004e-01  0.000000e+00 -1.343737e-01  3.453996e-01
-4.20000e+00  4.00000e+00       2.265e+04  5.776293e-01  0.000000e+00  1.249561e-01  4.223707e-01
-3.50000e+00  4.00000e+00       1.690e+05  6.381641e-01  0.000000e+00  2.498212e-01  3.618359e-01
-2.80000e+00  4.00000e+00       1.435e+06  9.822239e-01  0.000000e+00  7.432170e-02  1.777605e-02
-2.10000e+00  4.00000e+00       3.899e+07  9.386483e-01  0.000000e+00  2.445051e-04  6.135168e-02
-1.40000e+00  4.00000e+00       1.898e+08  8.774495e-01  0.000000e+00  9.675897e-03  1.225505e-01
-7.00000e-01  4.00000e+00       3.018e+08  6.857148e-01  0.000000e+00  1.986361e-02  3.142852e-01
 0.00000e+00  4.00000e+00       2.681e+08  4.424578e-01  0.000000e+00 -1.370721e-15  5.575422e-01
 7.00000e-01  4.00000e+00       3.018e+08  6.857148e-01  0.000000e+00 -1.986361e-02  3.142852e-01
 1.40000e+00  4.00000e+00       1.898e+08  8.774495e-01  0.000000e+00 -9.675897e-03  1.225505e-01
 2.10000e+00  4.00000e+00       3.899e+07  9.386483e-01  0.000000e+00 -2.445051e-04  6.135168e-02
 2.80000e+00  4.00000e+00       1.435e+06  9.822239e-01  0.000000e+00 -7.432170e-02  1.777605e-02
 3.50000e+00  4.00000e+00       1.690e+05  6.381641e-01  0.000000e+00 -2.498212e-01  3.618359e-01
 4.20000e+00  4.00000e+00       2.265e+04  5.776293e-01  0.000000e+00 -1.249561e-01  4.223707e-01
 4.90000e+00  4.00000e+00       2.784e+03  6.546004e-01  0.000000e+00  1.343737e-01  3.453996e-01
 5.60000e+00  4.00000e+00       2.695e+01  4.971949e-02  0.000000e+00  1.855650e+00  9.502805e-01
 6.30000e+00  4.00000e+00       2.432e+01 -1.006849e-01  0.000000e+00  3.866139e-01  8.993151e-01
 7.00000e+00  4.00000e+00       7.612e+00 -4.974188e-01  0.000000e+00  5.607392e-01  5.025812e-01
