 EB(GeV)    EMITTANCEx EMITTANCEy SIZEx(m)   SIZEy(m)   DIVx(rad)  DIVy(rad)
 2.411e+00  5.499e-09  1.017e-12  8.711e-05  1.009e-06  6.313e-05  1.009e-06
 betax      alphax     betay      alphay     eta        deta       E_spread  
 1.380e+00  0.000e+00  1.000e+00  0.000e+00  0.000e+00  0.000e+00  8.600e-04
 Ibeam(A)   period(cm) #periods   Kx         Ky         Energy(eV)
 4.005e-01  1.900e+00         96  0.000e+00  1.780e+00  2.930e+04


           x            y       F.Density            PL            PC          PL45        1-|PL|
          mm           mm  ph/s/mr^2/0.1%             -             -             -             -
-7.00000e+00 -4.00000e+00       7.908e+00 -6.352514e-01  0.000000e+00  4.973182e-01  3.647486e-01
-6.30000e+00 -4.00000e+00       6.250e+01  1.194635e-01  0.000000e+00  1.079089e-02  8.805365e-01
-5.60000e+00 -4.00000e+00       2.638e+03  8.438402e-01  0.000000e+00 -9.730012e-02  1.561598e-01
-4.90000e+00 -4.00000e+00       5.587e+04  9.097512e-01  0.000000e+00 -1.001881e-01  9.024877e-02
-4.20000e+00 -4.00000e+00       2.219e+05  8.998335e-01  0.000000e+00 -1.984820e-01  1.001665e-01
-3.50000e+00 -4.00000e+00       7.355e+05  9.160498e-01  0.000000e+00 -2.012256e-01  8.395019e-02
-2.80000e+00 -4.00000e+00       2.609e+06  8.000419e-01  0.000000e+00 -1.551591e-01  1.999581e-01
-2.10000e+00 -4.00000e+00       7.137e+07  9.685253e-01  0.000000e+00 -1.584067e-02  3.147474e-02
-1.40000e+00 -4.00000e+00       3.033e+08  9.336326e-01  0.000000e+00 -5.364207e-03  6.636738e-02
-7.00000e-01 -4.00000e+00       5.503e+08  7.017366e-01  0.000000e+00  2.722777e-03  2.982634e-01
 0.00000e+00 -4.00000e+00       6.345e+08  5.322373e-01  0.000000e+00 -4.536151e-16  4.677627e-01
 7.00000e-01 -4.00000e+00       5.503e+08  7.017366e-01  0.000000e+00 -2.722777e-03  2.982634e-01
 1.40000e+00 -4.00000e+00       3.033e+08  9.336326e-01  0.000000e+00  5.364207e-03  6.636738e-02
 2.10000e+00 -4.00000e+00       7.137e+07  9.685253e-01  0.000000e+00  1.584067e-02  3.147474e-02
 2.80000e+00 -4.00000e+00       2.609e+06  8.000419e-01  0.000000e+00  1.551591e-01  1.999581e-01
 3.50000e+00 -4.00000e+00       7.355e+05  9.160498e-01  0.000000e+00  2.012256e-01  8.395019e-02
 4.20000e+00 -4.00000e+00       2.219e+05  8.998335e-01  0.000000e+00  1.984820e-01  1.001665e-01
 4.90000e+00 -4.00000e+00       5.587e+04  9.097512e-01  0.000000e+00  1.001881e-01  9.024877e-02
 5.60000e+00 -4.00000e+00       2.638e+03  8.438402e-01  0.000000e+00  9.730012e-02  1.561598e-01
 6.30000e+00 -4.00000e+00       6.250e+01  1.194635e-01  0.000000e+00 -1.079089e-02  8.805365e-01
 7.00000e+00 -4.00000e+00       7.908e+00 -6.352492e-01  0.000000e+00 -4.973217e-01  3.647508e-01
-7.00000e+00 -3.60000e+00       1.506e+01 -5.519538e-01  0.000000e+00  6.617060e-01  4.480462e-01
-6.30000e+00 -3.60000e+00       7.992e+01  1.122572e-01  0.000000e+00  3.311721e-02  8.877428e-01
-5.60000e+00 -3.60000e+00       3.167e+03  8.314478e-01  0.000000e+00 -1.241425e-01  1.685522e-01
-4.90000e+00 -3.60000e+00       6.622e+04  9.029185e-01  0.000000e+00 -1.244043e-01  9.708153e-02
-4.20000e+00 -3.60000e+00       2.618e+05  8.932346e-01  0.000000e+00 -2.440103e-01  1.067654e-01
-3.50000e+00 -3.60000e+00       8.789e+05  9.164233e-01  0.000000e+00 -2.408052e-01  8.357671e-02
-2.80000e+00 -3.60000e+00       2.932e+06  7.692852e-01  0.000000e+00 -1.926220e-01  2.307148e-01
-2.10000e+00 -3.60000e+00       8.224e+07  9.540033e-01  0.000000e+00 -1.627412e-02  4.599673e-02
-1.40000e+00 -3.60000e+00       3.440e+08  9.462021e-01  0.000000e+00 -1.688761e-04  5.379785e-02
-7.00000e-01 -3.60000e+00       6.579e+08  6.938632e-01  0.000000e+00  1.081102e-02  3.061368e-01
 0.00000e+00 -3.60000e+00       8.051e+08  5.245890e-01  0.000000e+00 -5.856304e-16  4.754110e-01
 7.00000e-01 -3.60000e+00       6.579e+08  6.938632e-01  0.000000e+00 -1.081102e-02  3.061368e-01
 1.40000e+00 -3.60000e+00       3.440e+08  9.462021e-01  0.000000e+00  1.688761e-04  5.379785e-02
 2.10000e+00 -3.60000e+00       8.224e+07  9.540033e-01  0.000000e+00  1.627412e-02  4.599673e-02
 2.80000e+00 -3.60000e+00       2.932e+06  7.692852e-01  0.000000e+00  1.926220e-01  2.307148e-01
 3.50000e+00 -3.60000e+00       8.789e+05  9.164233e-01  0.000000e+00  2.408052e-01  8.357671e-02
 4.20000e+00 -3.60000e+00       2.618e+05  8.932346e-01  0.000000e+00  2.440103e-01  1.067654e-01
 4.90000e+00 -3.60000e+00       6.622e+04  9.029185e-01  0.000000e+00  1.244043e-01  9.708153e-02
 5.60000e+00 -3.60000e+00       3.167e+03  8.314478e-01  0.000000e+00  1.241425e-01  1.685522e-01
 6.30000e+00 -3.60000e+00       7.992e+01  1.122572e-01  0.000000e+00 -3.311721e-02  8.877428e-01
 7.00000e+00 -3.60000e+00       1.506e+01 -5.519538e-01  0.000000e+00 -6.617060e-01  4.480462e-01
-7.00000e+00 -3.20000e+00       1.791e+01 -3.478369e-01  0.000000e+00  7.503546e-01  6.521631e-01
-6.30000e+00 -3.20000e+00       9.927e+01  1.944307e-01  0.000000e+00 -7.829274e-02  8.055693e-01
-5.60000e+00 -3.20000e+00       4.080e+03  7.965562e-01  0.000000e+00 -1.652524e-01  2.034438e-01
-4.90000e+00 -3.20000e+00       8.473e+04  8.768793e-01  0.000000e+00 -1.581329e-01  1.231207e-01
-4.20000e+00 -3.20000e+00       4.719e+05  7.541524e-01  0.000000e+00 -2.770567e-01  2.458476e-01
-3.50000e+00 -3.20000e+00       2.341e+06  2.768721e-01  0.000000e+00 -4.596100e-01  7.231279e-01
-2.80000e+00 -3.20000e+00       3.124e+07  5.529122e-01  0.000000e+00 -2.055439e-01  4.470878e-01
-2.10000e+00 -3.20000e+00       2.205e+08  7.282182e-01  0.000000e+00 -8.524911e-02  2.717818e-01
-1.40000e+00 -3.20000e+00       7.577e+08  7.401645e-01  0.000000e+00 -4.059996e-02  2.598355e-01
-7.00000e-01 -3.20000e+00       1.164e+09  6.303939e-01  0.000000e+00 -1.621152e-02  3.696061e-01
 0.00000e+00 -3.20000e+00       1.161e+09  5.216362e-01  0.000000e+00 -1.404571e-16  4.783638e-01
 7.00000e-01 -3.20000e+00       1.164e+09  6.303939e-01  0.000000e+00  1.621152e-02  3.696061e-01
 1.40000e+00 -3.20000e+00       7.577e+08  7.401645e-01  0.000000e+00  4.059996e-02  2.598355e-01
 2.10000e+00 -3.20000e+00       2.205e+08  7.282182e-01  0.000000e+00  8.524911e-02  2.717818e-01
 2.80000e+00 -3.20000e+00       3.124e+07  5.529122e-01  0.000000e+00  2.055439e-01  4.470878e-01
 3.50000e+00 -3.20000e+00       2.341e+06  2.768721e-01  0.000000e+00  4.596100e-01  7.231279e-01
 4.20000e+00 -3.20000e+00       4.719e+05  7.541524e-01  0.000000e+00  2.770567e-01  2.458476e-01
 4.90000e+00 -3.20000e+00       8.473e+04  8.768793e-01  0.000000e+00  1.581329e-01  1.231207e-01
 5.60000e+00 -3.20000e+00       4.080e+03  7.965562e-01  0.000000e+00  1.652524e-01  2.034438e-01
 6.30000e+00 -3.20000e+00       9.927e+01  1.944307e-01  0.000000e+00  7.829274e-02  8.055693e-01
 7.00000e+00 -3.20000e+00       1.791e+01 -3.478369e-01  0.000000e+00 -7.503546e-01  6.521631e-01
-7.00000e+00 -2.80000e+00       2.344e+01 -2.739324e-01  0.000000e+00  7.014372e-01  7.260676e-01
-6.30000e+00 -2.80000e+00       2.683e+02  2.258399e-01  0.000000e+00 -2.556796e-01  7.741601e-01
-5.60000e+00 -2.80000e+00       2.356e+04  5.042289e-01  0.000000e+00 -3.372334e-01  4.957711e-01
-4.90000e+00 -2.80000e+00       1.190e+06  4.838005e-01  0.000000e+00 -3.427581e-01  5.161995e-01
-4.20000e+00 -2.80000e+00       2.318e+07  4.633049e-01  0.000000e+00 -3.362671e-01  5.366951e-01
-3.50000e+00 -2.80000e+00       1.768e+08  4.649818e-01  0.000000e+00 -3.070627e-01  5.350182e-01
-2.80000e+00 -2.80000e+00       6.094e+08  4.878201e-01  0.000000e+00 -2.487591e-01  5.121799e-01
-2.10000e+00 -2.80000e+00       1.286e+09  5.468864e-01  0.000000e+00 -1.601733e-01  4.531136e-01
-1.40000e+00 -2.80000e+00       2.111e+09  6.113697e-01  0.000000e+00 -7.957427e-02  3.886303e-01
-7.00000e-01 -2.80000e+00       2.513e+09  5.797630e-01  0.000000e+00 -2.736348e-02  4.202370e-01
 0.00000e+00 -2.80000e+00       2.499e+09  5.161942e-01  0.000000e+00 -6.846098e-17  4.838058e-01
 7.00000e-01 -2.80000e+00       2.513e+09  5.797630e-01  0.000000e+00  2.736348e-02  4.202370e-01
 1.40000e+00 -2.80000e+00       2.111e+09  6.113697e-01  0.000000e+00  7.957427e-02  3.886303e-01
 2.10000e+00 -2.80000e+00       1.286e+09  5.468864e-01  0.000000e+00  1.601733e-01  4.531136e-01
 2.80000e+00 -2.80000e+00       6.094e+08  4.878201e-01  0.000000e+00  2.487591e-01  5.121799e-01
 3.50000e+00 -2.80000e+00       1.768e+08  4.649818e-01  0.000000e+00  3.070627e-01  5.350182e-01
 4.20000e+00 -2.80000e+00       2.318e+07  4.633049e-01  0.000000e+00  3.362671e-01  5.366951e-01
 4.90000e+00 -2.80000e+00       1.190e+06  4.838005e-01  0.000000e+00  3.427581e-01  5.161995e-01
 5.60000e+00 -2.80000e+00       2.356e+04  5.042289e-01  0.000000e+00  3.372334e-01  4.957711e-01
 6.30000e+00 -2.80000e+00       2.683e+02  2.258399e-01  0.000000e+00  2.556796e-01  7.741601e-01
 7.00000e+00 -2.80000e+00       2.344e+01 -2.739324e-01  0.000000e+00 -7.014372e-01  7.260676e-01
-7.00000e+00 -2.40000e+00       8.231e+02  1.344543e-01  0.000000e+00 -5.311823e-01  8.655457e-01
-6.30000e+00 -2.40000e+00       8.149e+04  1.755312e-01  0.000000e+00 -5.739857e-01  8.244688e-01
-5.60000e+00 -2.40000e+00       2.865e+06  2.174952e-01  0.000000e+00 -5.554066e-01  7.825048e-01
-4.90000e+00 -2.40000e+00       3.754e+07  2.777184e-01  0.000000e+00 -5.209463e-01  7.222816e-01
-4.20000e+00 -2.40000e+00       2.100e+08  3.553127e-01  0.000000e+00 -4.613079e-01  6.446873e-01
-3.50000e+00 -2.40000e+00       6.296e+08  4.387971e-01  0.000000e+00 -3.645032e-01  5.612029e-01
-2.80000e+00 -2.40000e+00       1.352e+09  5.048275e-01  0.000000e+00 -2.446263e-01  4.951725e-01
-2.10000e+00 -2.40000e+00       2.448e+09  5.584534e-01  0.000000e+00 -1.414591e-01  4.415466e-01
-1.40000e+00 -2.40000e+00       3.687e+09  6.077299e-01  0.000000e+00 -6.956730e-02  3.922701e-01
-7.00000e-01 -2.40000e+00       3.982e+09  5.899312e-01  0.000000e+00 -2.415192e-02  4.100688e-01
 0.00000e+00 -2.40000e+00       3.591e+09  5.407899e-01  0.000000e+00  1.140062e-16  4.592101e-01
 7.00000e-01 -2.40000e+00       3.982e+09  5.899312e-01  0.000000e+00  2.415192e-02  4.100688e-01
 1.40000e+00 -2.40000e+00       3.687e+09  6.077299e-01  0.000000e+00  6.956730e-02  3.922701e-01
 2.10000e+00 -2.40000e+00       2.448e+09  5.584534e-01  0.000000e+00  1.414591e-01  4.415466e-01
 2.80000e+00 -2.40000e+00       1.352e+09  5.048275e-01  0.000000e+00  2.446263e-01  4.951725e-01
 3.50000e+00 -2.40000e+00       6.296e+08  4.387971e-01  0.000000e+00  3.645032e-01  5.612029e-01
 4.20000e+00 -2.40000e+00       2.100e+08  3.553127e-01  0.000000e+00  4.613079e-01  6.446873e-01
 4.90000e+00 -2.40000e+00       3.754e+07  2.777184e-01  0.000000e+00  5.209463e-01  7.222816e-01
 5.60000e+00 -2.40000e+00       2.865e+06  2.174952e-01  0.000000e+00  5.554066e-01  7.825048e-01
 6.30000e+00 -2.40000e+00       8.149e+04  1.755312e-01  0.000000e+00  5.739857e-01  8.244688e-01
 7.00000e+00 -2.40000e+00       8.231e+02  1.344543e-01  0.000000e+00  5.311823e-01  8.655457e-01
-7.00000e+00 -2.00000e+00       7.476e+03 -9.762189e-02  0.000000e+00 -5.626887e-01  9.023781e-01
-6.30000e+00 -2.00000e+00       3.230e+05 -3.711560e-02  0.000000e+00 -5.614332e-01  9.628844e-01
-5.60000e+00 -2.00000e+00       5.730e+06  1.138244e-01  0.000000e+00 -5.359451e-01  8.861756e-01
-4.90000e+00 -2.00000e+00       5.555e+07  3.100211e-01  0.000000e+00 -4.825880e-01  6.899789e-01
-4.20000e+00 -2.00000e+00       3.112e+08  4.376435e-01  0.000000e+00 -4.105561e-01  5.623565e-01
-3.50000e+00 -2.00000e+00       9.913e+08  5.096908e-01  0.000000e+00 -3.149955e-01  4.903092e-01
-2.80000e+00 -2.00000e+00       2.218e+09  5.515086e-01  0.000000e+00 -2.004300e-01  4.484914e-01
-2.10000e+00 -2.00000e+00       4.330e+09  5.766905e-01  0.000000e+00 -1.119412e-01  4.233095e-01
-1.40000e+00 -2.00000e+00       7.257e+09  5.969091e-01  0.000000e+00 -5.989947e-02  4.030909e-01
-7.00000e-01 -2.00000e+00       9.241e+09  5.747205e-01  0.000000e+00 -2.148911e-02  4.252795e-01
 0.00000e+00 -2.00000e+00       9.550e+09  5.409570e-01  0.000000e+00  6.026995e-15  4.590430e-01
 7.00000e-01 -2.00000e+00       9.241e+09  5.747205e-01  0.000000e+00  2.148911e-02  4.252795e-01
 1.40000e+00 -2.00000e+00       7.257e+09  5.969091e-01  0.000000e+00  5.989947e-02  4.030909e-01
 2.10000e+00 -2.00000e+00       4.330e+09  5.766905e-01  0.000000e+00  1.119412e-01  4.233095e-01
 2.80000e+00 -2.00000e+00       2.218e+09  5.515086e-01  0.000000e+00  2.004300e-01  4.484914e-01
 3.50000e+00 -2.00000e+00       9.913e+08  5.096908e-01  0.000000e+00  3.149955e-01  4.903092e-01
 4.20000e+00 -2.00000e+00       3.112e+08  4.376435e-01  0.000000e+00  4.105561e-01  5.623565e-01
 4.90000e+00 -2.00000e+00       5.555e+07  3.100211e-01  0.000000e+00  4.825880e-01  6.899789e-01
 5.60000e+00 -2.00000e+00       5.730e+06  1.138244e-01  0.000000e+00  5.359451e-01  8.861756e-01
 6.30000e+00 -2.00000e+00       3.230e+05 -3.711560e-02  0.000000e+00  5.614332e-01  9.628844e-01
 7.00000e+00 -2.00000e+00       7.476e+03 -9.762189e-02  0.000000e+00  5.626887e-01  9.023781e-01
-7.00000e+00 -1.60000e+00       4.840e+03  2.308229e-01  0.000000e+00 -5.298917e-01  7.691771e-01
-6.30000e+00 -1.60000e+00       3.572e+05  2.737111e-01  0.000000e+00 -5.241021e-01  7.262889e-01
-5.60000e+00 -1.60000e+00       9.503e+06  3.324250e-01  0.000000e+00 -4.853453e-01  6.675750e-01
-4.90000e+00 -1.60000e+00       1.035e+08  4.107377e-01  0.000000e+00 -3.910599e-01  5.892623e-01
-4.20000e+00 -1.60000e+00       6.519e+08  4.908085e-01  0.000000e+00 -2.302481e-01  5.091915e-01
-3.50000e+00 -1.60000e+00       3.371e+09  5.193006e-01  0.000000e+00 -1.146656e-01  4.806994e-01
-2.80000e+00 -1.60000e+00       1.359e+10  5.344081e-01  0.000000e+00 -5.392818e-02  4.655919e-01
-2.10000e+00 -1.60000e+00       4.051e+10  6.017638e-01  0.000000e+00 -1.441864e-03  3.982362e-01
-1.40000e+00 -1.60000e+00       8.894e+10  6.479981e-01  0.000000e+00  3.768978e-02  3.520019e-01
-7.00000e-01 -1.60000e+00       1.387e+11  5.590043e-01  0.000000e+00  4.361658e-02  4.409957e-01
 0.00000e+00 -1.60000e+00       1.588e+11  4.761178e-01  0.000000e+00  8.362062e-15  5.238822e-01
 7.00000e-01 -1.60000e+00       1.387e+11  5.590043e-01  0.000000e+00 -4.361658e-02  4.409957e-01
 1.40000e+00 -1.60000e+00       8.894e+10  6.479981e-01  0.000000e+00 -3.768978e-02  3.520019e-01
 2.10000e+00 -1.60000e+00       4.051e+10  6.017638e-01  0.000000e+00  1.441864e-03  3.982362e-01
 2.80000e+00 -1.60000e+00       1.359e+10  5.344081e-01  0.000000e+00  5.392818e-02  4.655919e-01
 3.50000e+00 -1.60000e+00       3.371e+09  5.193006e-01  0.000000e+00  1.146656e-01  4.806994e-01
 4.20000e+00 -1.60000e+00       6.519e+08  4.908085e-01  0.000000e+00  2.302481e-01  5.091915e-01
 4.90000e+00 -1.60000e+00       1.035e+08  4.107377e-01  0.000000e+00  3.910599e-01  5.892623e-01
 5.60000e+00 -1.60000e+00       9.503e+06  3.324250e-01  0.000000e+00  4.853453e-01  6.675750e-01
 6.30000e+00 -1.60000e+00       3.572e+05  2.737111e-01  0.000000e+00  5.241021e-01  7.262889e-01
 7.00000e+00 -1.60000e+00       4.840e+03  2.308229e-01  0.000000e+00  5.298917e-01  7.691771e-01
-7.00000e+00 -1.20000e+00       2.436e+04  3.620473e-01  0.000000e+00 -3.736373e-01  6.379527e-01
-6.30000e+00 -1.20000e+00       1.703e+06  4.729506e-01  0.000000e+00 -3.132305e-01  5.270494e-01
-5.60000e+00 -1.20000e+00       5.418e+07  5.982312e-01  0.000000e+00 -1.620356e-01  4.017688e-01
-4.90000e+00 -1.20000e+00       9.865e+08  6.570202e-01  0.000000e+00 -4.902238e-02  3.429798e-01
-4.20000e+00 -1.20000e+00       1.146e+10  6.679910e-01  0.000000e+00 -3.234498e-02  3.320090e-01
-3.50000e+00 -1.20000e+00       8.007e+10  6.674567e-01  0.000000e+00 -2.981413e-02  3.325433e-01
-2.80000e+00 -1.20000e+00       3.260e+11  6.469220e-01  0.000000e+00 -2.838934e-03  3.530780e-01
-2.10000e+00 -1.20000e+00       8.141e+11  5.936022e-01  0.000000e+00  5.138899e-02  4.063978e-01
-1.40000e+00 -1.20000e+00       1.381e+12  5.638425e-01  0.000000e+00  8.863607e-02  4.361575e-01
-7.00000e-01 -1.20000e+00       1.635e+12  6.418445e-01  0.000000e+00  3.583831e-02  3.581555e-01
 0.00000e+00 -1.20000e+00       1.531e+12  7.200500e-01  0.000000e+00 -3.635035e-15  2.799500e-01
 7.00000e-01 -1.20000e+00       1.635e+12  6.418445e-01  0.000000e+00 -3.583831e-02  3.581555e-01
 1.40000e+00 -1.20000e+00       1.381e+12  5.638425e-01  0.000000e+00 -8.863607e-02  4.361575e-01
 2.10000e+00 -1.20000e+00       8.141e+11  5.936022e-01  0.000000e+00 -5.138899e-02  4.063978e-01
 2.80000e+00 -1.20000e+00       3.260e+11  6.469220e-01  0.000000e+00  2.838934e-03  3.530780e-01
 3.50000e+00 -1.20000e+00       8.007e+10  6.674567e-01  0.000000e+00  2.981413e-02  3.325433e-01
 4.20000e+00 -1.20000e+00       1.146e+10  6.679910e-01  0.000000e+00  3.234498e-02  3.320090e-01
 4.90000e+00 -1.20000e+00       9.865e+08  6.570202e-01  0.000000e+00  4.902238e-02  3.429798e-01
 5.60000e+00 -1.20000e+00       5.418e+07  5.982312e-01  0.000000e+00  1.620356e-01  4.017688e-01
 6.30000e+00 -1.20000e+00       1.703e+06  4.729506e-01  0.000000e+00  3.132305e-01  5.270494e-01
 7.00000e+00 -1.20000e+00       2.436e+04  3.620473e-01  0.000000e+00  3.736373e-01  6.379527e-01
-7.00000e+00 -8.00000e-01       2.477e+05  8.451223e-01  0.000000e+00  1.116482e-01  1.548777e-01
-6.30000e+00 -8.00000e-01       1.676e+07  7.659498e-01  0.000000e+00  9.171718e-02  2.340502e-01
-5.60000e+00 -8.00000e-01       6.192e+08  7.494520e-01  0.000000e+00 -9.032660e-03  2.505480e-01
-4.90000e+00 -8.00000e-01       1.259e+10  7.829597e-01  0.000000e+00 -3.884195e-02  2.170403e-01
-4.20000e+00 -8.00000e-01       1.310e+11  7.958835e-01  0.000000e+00 -1.644070e-02  2.041165e-01
-3.50000e+00 -8.00000e-01       7.590e+11  7.933832e-01  0.000000e+00 -7.866252e-03  2.066168e-01
-2.80000e+00 -8.00000e-01       2.774e+12  7.971201e-01  0.000000e+00 -1.631690e-02  2.028799e-01
-2.10000e+00 -8.00000e-01       6.951e+12  8.083902e-01  0.000000e+00 -6.326246e-02  1.916098e-01
-1.40000e+00 -8.00000e-01       1.173e+13  7.964390e-01  0.000000e+00 -1.545529e-01  2.035610e-01
-7.00000e-01 -8.00000e-01       1.180e+13  7.132050e-01  0.000000e+00 -1.914787e-01  2.867950e-01
 0.00000e+00 -8.00000e-01       9.483e+12  6.168668e-01  0.000000e+00 -5.669437e-15  3.831332e-01
 7.00000e-01 -8.00000e-01       1.180e+13  7.132050e-01  0.000000e+00  1.914787e-01  2.867950e-01
 1.40000e+00 -8.00000e-01       1.173e+13  7.964390e-01  0.000000e+00  1.545529e-01  2.035610e-01
 2.10000e+00 -8.00000e-01       6.951e+12  8.083902e-01  0.000000e+00  6.326246e-02  1.916098e-01
 2.80000e+00 -8.00000e-01       2.774e+12  7.971201e-01  0.000000e+00  1.631690e-02  2.028799e-01
 3.50000e+00 -8.00000e-01       7.590e+11  7.933832e-01  0.000000e+00  7.866252e-03  2.066168e-01
 4.20000e+00 -8.00000e-01       1.310e+11  7.958835e-01  0.000000e+00  1.644070e-02  2.041165e-01
 4.90000e+00 -8.00000e-01       1.259e+10  7.829597e-01  0.000000e+00  3.884195e-02  2.170403e-01
 5.60000e+00 -8.00000e-01       6.192e+08  7.494520e-01  0.000000e+00  9.032660e-03  2.505480e-01
 6.30000e+00 -8.00000e-01       1.676e+07  7.659498e-01  0.000000e+00 -9.171718e-02  2.340502e-01
 7.00000e+00 -8.00000e-01       2.477e+05  8.451223e-01  0.000000e+00 -1.116482e-01  1.548777e-01
-7.00000e+00 -4.00000e-01       1.688e+06  9.678574e-01  0.000000e+00 -5.499593e-02  3.214259e-02
-6.30000e+00 -4.00000e-01       1.157e+08  9.615272e-01  0.000000e+00  1.698392e-02  3.847278e-02
-5.60000e+00 -4.00000e-01       3.406e+09  9.421150e-01  0.000000e+00  4.022584e-02  5.788503e-02
-4.90000e+00 -4.00000e-01       5.494e+10  9.313402e-01  0.000000e+00  7.640517e-03  6.865980e-02
-4.20000e+00 -4.00000e-01       5.310e+11  9.359883e-01  0.000000e+00 -1.136937e-02  6.401171e-02
-3.50000e+00 -4.00000e-01       2.900e+12  9.386851e-01  0.000000e+00 -6.465666e-03  6.131487e-02
-2.80000e+00 -4.00000e-01       9.624e+12  9.377526e-01  0.000000e+00  7.253325e-04  6.224737e-02
-2.10000e+00 -4.00000e-01       2.166e+13  9.361396e-01  0.000000e+00  2.412018e-02  6.386036e-02
-1.40000e+00 -4.00000e-01       3.630e+13  9.400574e-01  0.000000e+00  4.930118e-02  5.994256e-02
-7.00000e-01 -4.00000e-01       4.426e+13  9.520344e-01  0.000000e+00  2.267902e-02  4.796564e-02
 0.00000e+00 -4.00000e-01       4.249e+13  9.597990e-01  0.000000e+00 -1.973234e-15  4.020104e-02
 7.00000e-01 -4.00000e-01       4.426e+13  9.520344e-01  0.000000e+00 -2.267902e-02  4.796564e-02
 1.40000e+00 -4.00000e-01       3.630e+13  9.400574e-01  0.000000e+00 -4.930118e-02  5.994256e-02
 2.10000e+00 -4.00000e-01       2.166e+13  9.361396e-01  0.000000e+00 -2.412018e-02  6.386036e-02
 2.80000e+00 -4.00000e-01       9.624e+12  9.377526e-01  0.000000e+00 -7.253325e-04  6.224737e-02
 3.50000e+00 -4.00000e-01       2.900e+12  9.386851e-01  0.000000e+00  6.465666e-03  6.131487e-02
 4.20000e+00 -4.00000e-01       5.310e+11  9.359883e-01  0.000000e+00  1.136937e-02  6.401171e-02
 4.90000e+00 -4.00000e-01       5.494e+10  9.313402e-01  0.000000e+00 -7.640517e-03  6.865980e-02
 5.60000e+00 -4.00000e-01       3.406e+09  9.421150e-01  0.000000e+00 -4.022584e-02  5.788503e-02
 6.30000e+00 -4.00000e-01       1.157e+08  9.615272e-01  0.000000e+00 -1.698392e-02  3.847278e-02
 7.00000e+00 -4.00000e-01       1.688e+06  9.678574e-01  0.000000e+00  5.499593e-02  3.214259e-02
-7.00000e+00  0.00000e+00       2.917e+06  9.999537e-01  0.000000e+00 -2.538136e-13  4.634148e-05
-6.30000e+00  0.00000e+00       2.111e+08  9.999724e-01  0.000000e+00 -4.420727e-15  2.763000e-05
-5.60000e+00  0.00000e+00       6.212e+09  9.999654e-01  0.000000e+00  8.065374e-16  3.462103e-05
-4.90000e+00  0.00000e+00       9.199e+10  9.999542e-01  0.000000e+00  2.657148e-16  4.575568e-05
-4.20000e+00  0.00000e+00       8.324e+11  9.999548e-01  0.000000e+00 -2.826794e-15  4.520791e-05
-3.50000e+00  0.00000e+00       4.453e+12  9.999584e-01  0.000000e+00 -3.629073e-14  4.158511e-05
-2.80000e+00  0.00000e+00       1.464e+13  9.999607e-01  0.000000e+00 -2.155487e-13  3.930155e-05
-2.10000e+00  0.00000e+00       3.386e+13  9.999704e-01  0.000000e+00 -5.226558e-13  2.964931e-05
-1.40000e+00  0.00000e+00       5.980e+13  9.999847e-01  0.000000e+00 -4.299492e-13  1.529409e-05
-7.00000e-01  0.00000e+00       8.140e+13  9.999803e-01  0.000000e+00 -5.214735e-14  1.967729e-05
 0.00000e+00  0.00000e+00       8.884e+13  9.999691e-01  0.000000e+00  4.574602e-18  3.091820e-05
 7.00000e-01  0.00000e+00       8.140e+13  9.999803e-01  0.000000e+00  5.216253e-14  1.967729e-05
 1.40000e+00  0.00000e+00       5.980e+13  9.999847e-01  0.000000e+00  4.299638e-13  1.529409e-05
 2.10000e+00  0.00000e+00       3.386e+13  9.999704e-01  0.000000e+00  5.226639e-13  2.964931e-05
 2.80000e+00  0.00000e+00       1.464e+13  9.999607e-01  0.000000e+00  2.155517e-13  3.930155e-05
 3.50000e+00  0.00000e+00       4.453e+12  9.999584e-01  0.000000e+00  3.629770e-14  4.158511e-05
 4.20000e+00  0.00000e+00       8.324e+11  9.999548e-01  0.000000e+00  2.831790e-15  4.520791e-05
 4.90000e+00  0.00000e+00       9.199e+10  9.999542e-01  0.000000e+00 -2.885445e-16  4.575568e-05
 5.60000e+00  0.00000e+00       6.212e+09  9.999654e-01  0.000000e+00 -8.335517e-16  3.462103e-05
 6.30000e+00  0.00000e+00       2.111e+08  9.999724e-01  0.000000e+00  3.628374e-15  2.763000e-05
 7.00000e+00  0.00000e+00       2.917e+06  9.999537e-01  0.000000e+00  1.344393e-13  4.634148e-05
-7.00000e+00  4.00000e-01       1.688e+06  9.678574e-01  0.000000e+00  5.499593e-02  3.214259e-02
-6.30000e+00  4.00000e-01       1.157e+08  9.615272e-01  0.000000e+00 -1.698392e-02  3.847278e-02
-5.60000e+00  4.00000e-01       3.406e+09  9.421150e-01  0.000000e+00 -4.022584e-02  5.788503e-02
-4.90000e+00  4.00000e-01       5.494e+10  9.313402e-01  0.000000e+00 -7.640517e-03  6.865980e-02
-4.20000e+00  4.00000e-01       5.310e+11  9.359883e-01  0.000000e+00  1.136937e-02  6.401171e-02
-3.50000e+00  4.00000e-01       2.900e+12  9.386851e-01  0.000000e+00  6.465666e-03  6.131487e-02
-2.80000e+00  4.00000e-01       9.624e+12  9.377526e-01  0.000000e+00 -7.253325e-04  6.224737e-02
-2.10000e+00  4.00000e-01       2.166e+13  9.361396e-01  0.000000e+00 -2.412018e-02  6.386036e-02
-1.40000e+00  4.00000e-01       3.630e+13  9.400574e-01  0.000000e+00 -4.930118e-02  5.994256e-02
-7.00000e-01  4.00000e-01       4.426e+13  9.520344e-01  0.000000e+00 -2.267902e-02  4.796564e-02
 0.00000e+00  4.00000e-01       4.249e+13  9.597990e-01  0.000000e+00  1.969237e-15  4.020104e-02
 7.00000e-01  4.00000e-01       4.426e+13  9.520344e-01  0.000000e+00  2.267902e-02  4.796564e-02
 1.40000e+00  4.00000e-01       3.630e+13  9.400574e-01  0.000000e+00  4.930118e-02  5.994256e-02
 2.10000e+00  4.00000e-01       2.166e+13  9.361396e-01  0.000000e+00  2.412018e-02  6.386036e-02
 2.80000e+00  4.00000e-01       9.624e+12  9.377526e-01  0.000000e+00  7.253325e-04  6.224737e-02
 3.50000e+00  4.00000e-01       2.900e+12  9.386851e-01  0.000000e+00 -6.465666e-03  6.131487e-02
 4.20000e+00  4.00000e-01       5.310e+11  9.359883e-01  0.000000e+00 -1.136937e-02  6.401171e-02
 4.90000e+00  4.00000e-01       5.494e+10  9.313402e-01  0.000000e+00  7.640517e-03  6.865980e-02
 5.60000e+00  4.00000e-01       3.406e+09  9.421150e-01  0.000000e+00  4.022584e-02  5.788503e-02
 6.30000e+00  4.00000e-01       1.157e+08  9.615272e-01  0.000000e+00  1.698392e-02  3.847278e-02
 7.00000e+00  4.00000e-01       1.688e+06  9.678574e-01  0.000000e+00 -5.499593e-02  3.214259e-02
-7.00000e+00  8.00000e-01       2.477e+05  8.451223e-01  0.000000e+00 -1.116482e-01  1.548777e-01
-6.30000e+00  8.00000e-01       1.676e+07  7.659498e-01  0.000000e+00 -9.171718e-02  2.340502e-01
-5.60000e+00  8.00000e-01       6.192e+08  7.494520e-01  0.000000e+00  9.032660e-03  2.505480e-01
-4.90000e+00  8.00000e-01       1.259e+10  7.829597e-01  0.000000e+00  3.884195e-02  2.170403e-01
-4.20000e+00  8.00000e-01       1.310e+11  7.958835e-01  0.000000e+00  1.644070e-02  2.041165e-01
-3.50000e+00  8.00000e-01       7.590e+11  7.933832e-01  0.000000e+00  7.866252e-03  2.066168e-01
-2.80000e+00  8.00000e-01       2.774e+12  7.971201e-01  0.000000e+00  1.631690e-02  2.028799e-01
-2.10000e+00  8.00000e-01       6.951e+12  8.083902e-01  0.000000e+00  6.326246e-02  1.916098e-01
-1.40000e+00  8.00000e-01       1.173e+13  7.964390e-01  0.000000e+00  1.545529e-01  2.035610e-01
-7.00000e-01  8.00000e-01       1.180e+13  7.132050e-01  0.000000e+00  1.914787e-01  2.867950e-01
 0.00000e+00  8.00000e-01       9.483e+12  6.168668e-01  0.000000e+00  6.607066e-15  3.831332e-01
 7.00000e-01  8.00000e-01       1.180e+13  7.132050e-01  0.000000e+00 -1.914787e-01  2.867950e-01
 1.40000e+00  8.00000e-01       1.173e+13  7.964390e-01  0.000000e+00 -1.545529e-01  2.035610e-01
 2.10000e+00  8.00000e-01       6.951e+12  8.083902e-01  0.000000e+00 -6.326246e-02  1.916098e-01
 2.80000e+00  8.00000e-01       2.774e+12  7.971201e-01  0.000000e+00 -1.631690e-02  2.028799e-01
 3.50000e+00  8.00000e-01       7.590e+11  7.933832e-01  0.000000e+00 -7.866252e-03  2.066168e-01
 4.20000e+00  8.00000e-01       1.310e+11  7.958835e-01  0.000000e+00 -1.644070e-02  2.041165e-01
 4.90000e+00  8.00000e-01       1.259e+10  7.829597e-01  0.000000e+00 -3.884195e-02  2.170403e-01
 5.60000e+00  8.00000e-01       6.192e+08  7.494520e-01  0.000000e+00 -9.032660e-03  2.505480e-01
 6.30000e+00  8.00000e-01       1.676e+07  7.659498e-01  0.000000e+00  9.171718e-02  2.340502e-01
 7.00000e+00  8.00000e-01       2.477e+05  8.451223e-01  0.000000e+00  1.116482e-01  1.548777e-01
-7.00000e+00  1.20000e+00       2.436e+04  3.620473e-01  0.000000e+00  3.736373e-01  6.379527e-01
-6.30000e+00  1.20000e+00       1.703e+06  4.729506e-01  0.000000e+00  3.132305e-01  5.270494e-01
-5.60000e+00  1.20000e+00       5.418e+07  5.982312e-01  0.000000e+00  1.620356e-01  4.017688e-01
-4.90000e+00  1.20000e+00       9.865e+08  6.570202e-01  0.000000e+00  4.902238e-02  3.429798e-01
-4.20000e+00  1.20000e+00       1.146e+10  6.679910e-01  0.000000e+00  3.234498e-02  3.320090e-01
-3.50000e+00  1.20000e+00       8.007e+10  6.674567e-01  0.000000e+00  2.981413e-02  3.325433e-01
-2.80000e+00  1.20000e+00       3.260e+11  6.469220e-01  0.000000e+00  2.838934e-03  3.530780e-01
-2.10000e+00  1.20000e+00       8.141e+11  5.936022e-01  0.000000e+00 -5.138899e-02  4.063978e-01
-1.40000e+00  1.20000e+00       1.381e+12  5.638425e-01  0.000000e+00 -8.863607e-02  4.361575e-01
-7.00000e-01  1.20000e+00       1.635e+12  6.418445e-01  0.000000e+00 -3.583831e-02  3.581555e-01
 0.00000e+00  1.20000e+00       1.531e+12  7.200500e-01  0.000000e+00 -3.825402e-15  2.799500e-01
 7.00000e-01  1.20000e+00       1.635e+12  6.418445e-01  0.000000e+00  3.583831e-02  3.581555e-01
 1.40000e+00  1.20000e+00       1.381e+12  5.638425e-01  0.000000e+00  8.863607e-02  4.361575e-01
 2.10000e+00  1.20000e+00       8.141e+11  5.936022e-01  0.000000e+00  5.138899e-02  4.063978e-01
 2.80000e+00  1.20000e+00       3.260e+11  6.469220e-01  0.000000e+00 -2.838934e-03  3.530780e-01
 3.50000e+00  1.20000e+00       8.007e+10  6.674567e-01  0.000000e+00 -2.981413e-02  3.325433e-01
 4.20000e+00  1.20000e+00       1.146e+10  6.679910e-01  0.000000e+00 -3.234498e-02  3.320090e-01
 4.90000e+00  1.20000e+00       9.865e+08  6.570202e-01  0.000000e+00 -4.902238e-02  3.429798e-01
 5.60000e+00  1.20000e+00       5.418e+07  5.982312e-01  0.000000e+00 -1.620356e-01  4.017688e-01
 6.30000e+00  1.20000e+00       1.703e+06  4.729506e-01  0.000000e+00 -3.132305e-01  5.270494e-01
 7.00000e+00  1.20000e+00       2.436e+04  3.620473e-01  0.000000e+00 -3.736373e-01  6.379527e-01
-7.00000e+00  1.60000e+00       4.840e+03  2.308229e-01  0.000000e+00  5.298917e-01  7.691771e-01
-6.30000e+00  1.60000e+00       3.572e+05  2.737111e-01  0.000000e+00  5.241021e-01  7.262889e-01
-5.60000e+00  1.60000e+00       9.503e+06  3.324250e-01  0.000000e+00  4.853453e-01  6.675750e-01
-4.90000e+00  1.60000e+00       1.035e+08  4.107377e-01  0.000000e+00  3.910599e-01  5.892623e-01
-4.20000e+00  1.60000e+00       6.519e+08  4.908085e-01  0.000000e+00  2.302481e-01  5.091915e-01
-3.50000e+00  1.60000e+00       3.371e+09  5.193006e-01  0.000000e+00  1.146656e-01  4.806994e-01
-2.80000e+00  1.60000e+00       1.359e+10  5.344081e-01  0.000000e+00  5.392818e-02  4.655919e-01
-2.10000e+00  1.60000e+00       4.051e+10  6.017638e-01  0.000000e+00  1.441863e-03  3.982362e-01
-1.40000e+00  1.60000e+00       8.894e+10  6.479981e-01  0.000000e+00 -3.768978e-02  3.520019e-01
-7.00000e-01  1.60000e+00       1.387e+11  5.590043e-01  0.000000e+00 -4.361658e-02  4.409957e-01
 0.00000e+00  1.60000e+00       1.588e+11  4.761178e-01  0.000000e+00 -8.344575e-15  5.238822e-01
 7.00000e-01  1.60000e+00       1.387e+11  5.590043e-01  0.000000e+00  4.361658e-02  4.409957e-01
 1.40000e+00  1.60000e+00       8.894e+10  6.479981e-01  0.000000e+00  3.768978e-02  3.520019e-01
 2.10000e+00  1.60000e+00       4.051e+10  6.017638e-01  0.000000e+00 -1.441863e-03  3.982362e-01
 2.80000e+00  1.60000e+00       1.359e+10  5.344081e-01  0.000000e+00 -5.392818e-02  4.655919e-01
 3.50000e+00  1.60000e+00       3.371e+09  5.193006e-01  0.000000e+00 -1.146656e-01  4.806994e-01
 4.20000e+00  1.60000e+00       6.519e+08  4.908085e-01  0.000000e+00 -2.302481e-01  5.091915e-01
 4.90000e+00  1.60000e+00       1.035e+08  4.107377e-01  0.000000e+00 -3.910599e-01  5.892623e-01
 5.60000e+00  1.60000e+00       9.503e+06  3.324250e-01  0.000000e+00 -4.853453e-01  6.675750e-01
 6.30000e+00  1.60000e+00       3.572e+05  2.737111e-01  0.000000e+00 -5.241021e-01  7.262889e-01
 7.00000e+00  1.60000e+00       4.840e+03  2.308229e-01  0.000000e+00 -5.298917e-01  7.691771e-01
-7.00000e+00  2.00000e+00       7.476e+03 -9.762189e-02  0.000000e+00  5.626887e-01  9.023781e-01
-6.30000e+00  2.00000e+00       3.230e+05 -3.711560e-02  0.000000e+00  5.614332e-01  9.628844e-01
-5.60000e+00  2.00000e+00       5.730e+06  1.138244e-01  0.000000e+00  5.359451e-01  8.861756e-01
-4.90000e+00  2.00000e+00       5.555e+07  3.100211e-01  0.000000e+00  4.825880e-01  6.899789e-01
-4.20000e+00  2.00000e+00       3.112e+08  4.376435e-01  0.000000e+00  4.105561e-01  5.623565e-01
-3.50000e+00  2.00000e+00       9.913e+08  5.096908e-01  0.000000e+00  3.149955e-01  4.903092e-01
-2.80000e+00  2.00000e+00       2.218e+09  5.515086e-01  0.000000e+00  2.004300e-01  4.484914e-01
-2.10000e+00  2.00000e+00       4.330e+09  5.766905e-01  0.000000e+00  1.119412e-01  4.233095e-01
-1.40000e+00  2.00000e+00       7.257e+09  5.969091e-01  0.000000e+00  5.989946e-02  4.030909e-01
-7.00000e-01  2.00000e+00       9.241e+09  5.747205e-01  0.000000e+00  2.148911e-02  4.252795e-01
 0.00000e+00  2.00000e+00       9.550e+09  5.409570e-01  0.000000e+00 -6.167515e-15  4.590430e-01
 7.00000e-01  2.00000e+00       9.241e+09  5.747205e-01  0.000000e+00 -2.148911e-02  4.252795e-01
 1.40000e+00  2.00000e+00       7.257e+09  5.969091e-01  0.000000e+00 -5.989946e-02  4.030909e-01
 2.10000e+00  2.00000e+00       4.330e+09  5.766905e-01  0.000000e+00 -1.119412e-01  4.233095e-01
 2.80000e+00  2.00000e+00       2.218e+09  5.515086e-01  0.000000e+00 -2.004300e-01  4.484914e-01
 3.50000e+00  2.00000e+00       9.913e+08  5.096908e-01  0.000000e+00 -3.149955e-01  4.903092e-01
 4.20000e+00  2.00000e+00       3.112e+08  4.376435e-01  0.000000e+00 -4.105561e-01  5.623565e-01
 4.90000e+00  2.00000e+00       5.555e+07  3.100211e-01  0.000000e+00 -4.825880e-01  6.899789e-01
 5.60000e+00  2.00000e+00       5.730e+06  1.138244e-01  0.000000e+00 -5.359451e-01  8.861756e-01
 6.30000e+00  2.00000e+00       3.230e+05 -3.711560e-02  0.000000e+00 -5.614332e-01  9.628844e-01
 7.00000e+00  2.00000e+00       7.476e+03 -9.762189e-02  0.000000e+00 -5.626887e-01  9.023781e-01
-7.00000e+00  2.40000e+00       8.231e+02  1.344543e-01  0.000000e+00  5.311823e-01  8.655457e-01
-6.30000e+00  2.40000e+00       8.149e+04  1.755312e-01  0.000000e+00  5.739857e-01  8.244688e-01
-5.60000e+00  2.40000e+00       2.865e+06  2.174952e-01  0.000000e+00  5.554066e-01  7.825048e-01
-4.90000e+00  2.40000e+00       3.754e+07  2.777184e-01  0.000000e+00  5.209463e-01  7.222816e-01
-4.20000e+00  2.40000e+00       2.100e+08  3.553127e-01  0.000000e+00  4.613079e-01  6.446873e-01
-3.50000e+00  2.40000e+00       6.296e+08  4.387971e-01  0.000000e+00  3.645032e-01  5.612029e-01
-2.80000e+00  2.40000e+00       1.352e+09  5.048275e-01  0.000000e+00  2.446263e-01  4.951725e-01
-2.10000e+00  2.40000e+00       2.448e+09  5.584534e-01  0.000000e+00  1.414591e-01  4.415466e-01
-1.40000e+00  2.40000e+00       3.687e+09  6.077299e-01  0.000000e+00  6.956728e-02  3.922701e-01
-7.00000e-01  2.40000e+00       3.982e+09  5.899312e-01  0.000000e+00  2.415191e-02  4.100688e-01
 0.00000e+00  2.40000e+00       3.591e+09  5.407899e-01  0.000000e+00 -6.074262e-16  4.592101e-01
 7.00000e-01  2.40000e+00       3.982e+09  5.899312e-01  0.000000e+00 -2.415191e-02  4.100688e-01
 1.40000e+00  2.40000e+00       3.687e+09  6.077299e-01  0.000000e+00 -6.956728e-02  3.922701e-01
 2.10000e+00  2.40000e+00       2.448e+09  5.584534e-01  0.000000e+00 -1.414591e-01  4.415466e-01
 2.80000e+00  2.40000e+00       1.352e+09  5.048275e-01  0.000000e+00 -2.446263e-01  4.951725e-01
 3.50000e+00  2.40000e+00       6.296e+08  4.387971e-01  0.000000e+00 -3.645032e-01  5.612029e-01
 4.20000e+00  2.40000e+00       2.100e+08  3.553127e-01  0.000000e+00 -4.613079e-01  6.446873e-01
 4.90000e+00  2.40000e+00       3.754e+07  2.777184e-01  0.000000e+00 -5.209463e-01  7.222816e-01
 5.60000e+00  2.40000e+00       2.865e+06  2.174952e-01  0.000000e+00 -5.554066e-01  7.825048e-01
 6.30000e+00  2.40000e+00       8.149e+04  1.755312e-01  0.000000e+00 -5.739857e-01  8.244688e-01
 7.00000e+00  2.40000e+00       8.231e+02  1.344543e-01  0.000000e+00 -5.311823e-01  8.655457e-01
-7.00000e+00  2.80000e+00       2.344e+01 -2.739325e-01  0.000000e+00 -7.014371e-01  7.260675e-01
-6.30000e+00  2.80000e+00       2.683e+02  2.258397e-01  0.000000e+00  2.556796e-01  7.741603e-01
-5.60000e+00  2.80000e+00       2.356e+04  5.042289e-01  0.000000e+00  3.372334e-01  4.957711e-01
-4.90000e+00  2.80000e+00       1.190e+06  4.838005e-01  0.000000e+00  3.427581e-01  5.161995e-01
-4.20000e+00  2.80000e+00       2.318e+07  4.633049e-01  0.000000e+00  3.362671e-01  5.366951e-01
-3.50000e+00  2.80000e+00       1.768e+08  4.649818e-01  0.000000e+00  3.070627e-01  5.350182e-01
-2.80000e+00  2.80000e+00       6.094e+08  4.878201e-01  0.000000e+00  2.487590e-01  5.121799e-01
-2.10000e+00  2.80000e+00       1.286e+09  5.468864e-01  0.000000e+00  1.601733e-01  4.531136e-01
-1.40000e+00  2.80000e+00       2.111e+09  6.113697e-01  0.000000e+00  7.957422e-02  3.886303e-01
-7.00000e-01  2.80000e+00       2.513e+09  5.797629e-01  0.000000e+00  2.736347e-02  4.202371e-01
 0.00000e+00  2.80000e+00       2.499e+09  5.161942e-01  0.000000e+00 -5.331459e-16  4.838058e-01
 7.00000e-01  2.80000e+00       2.513e+09  5.797629e-01  0.000000e+00 -2.736347e-02  4.202371e-01
 1.40000e+00  2.80000e+00       2.111e+09  6.113697e-01  0.000000e+00 -7.957422e-02  3.886303e-01
 2.10000e+00  2.80000e+00       1.286e+09  5.468864e-01  0.000000e+00 -1.601733e-01  4.531136e-01
 2.80000e+00  2.80000e+00       6.094e+08  4.878201e-01  0.000000e+00 -2.487590e-01  5.121799e-01
 3.50000e+00  2.80000e+00       1.768e+08  4.649818e-01  0.000000e+00 -3.070627e-01  5.350182e-01
 4.20000e+00  2.80000e+00       2.318e+07  4.633049e-01  0.000000e+00 -3.362671e-01  5.366951e-01
 4.90000e+00  2.80000e+00       1.190e+06  4.838005e-01  0.000000e+00 -3.427581e-01  5.161995e-01
 5.60000e+00  2.80000e+00       2.356e+04  5.042289e-01  0.000000e+00 -3.372334e-01  4.957711e-01
 6.30000e+00  2.80000e+00       2.683e+02  2.258397e-01  0.000000e+00 -2.556796e-01  7.741603e-01
 7.00000e+00  2.80000e+00       2.344e+01 -2.739325e-01  0.000000e+00  7.014372e-01  7.260675e-01
-7.00000e+00  3.20000e+00       1.791e+01 -3.478371e-01  0.000000e+00 -7.503544e-01  6.521629e-01
-6.30000e+00  3.20000e+00       9.927e+01  1.944300e-01  0.000000e+00  7.829262e-02  8.055700e-01
-5.60000e+00  3.20000e+00       4.080e+03  7.965561e-01  0.000000e+00  1.652524e-01  2.034439e-01
-4.90000e+00  3.20000e+00       8.473e+04  8.768793e-01  0.000000e+00  1.581329e-01  1.231207e-01
-4.20000e+00  3.20000e+00       4.719e+05  7.541524e-01  0.000000e+00  2.770567e-01  2.458476e-01
-3.50000e+00  3.20000e+00       2.341e+06  2.768718e-01  0.000000e+00  4.596101e-01  7.231282e-01
-2.80000e+00  3.20000e+00       3.124e+07  5.529122e-01  0.000000e+00  2.055436e-01  4.470878e-01
-2.10000e+00  3.20000e+00       2.205e+08  7.282183e-01  0.000000e+00  8.524872e-02  2.717817e-01
-1.40000e+00  3.20000e+00       7.577e+08  7.401642e-01  0.000000e+00  4.059981e-02  2.598358e-01
-7.00000e-01  3.20000e+00       1.164e+09  6.303935e-01  0.000000e+00  1.621154e-02  3.696065e-01
 0.00000e+00  3.20000e+00       1.161e+09  5.216361e-01  0.000000e+00 -9.047547e-16  4.783639e-01
 7.00000e-01  3.20000e+00       1.164e+09  6.303935e-01  0.000000e+00 -1.621154e-02  3.696065e-01
 1.40000e+00  3.20000e+00       7.577e+08  7.401642e-01  0.000000e+00 -4.059981e-02  2.598358e-01
 2.10000e+00  3.20000e+00       2.205e+08  7.282183e-01  0.000000e+00 -8.524872e-02  2.717817e-01
 2.80000e+00  3.20000e+00       3.124e+07  5.529122e-01  0.000000e+00 -2.055436e-01  4.470878e-01
 3.50000e+00  3.20000e+00       2.341e+06  2.768718e-01  0.000000e+00 -4.596101e-01  7.231282e-01
 4.20000e+00  3.20000e+00       4.719e+05  7.541524e-01  0.000000e+00 -2.770567e-01  2.458476e-01
 4.90000e+00  3.20000e+00       8.473e+04  8.768793e-01  0.000000e+00 -1.581329e-01  1.231207e-01
 5.60000e+00  3.20000e+00       4.080e+03  7.965561e-01  0.000000e+00 -1.652524e-01  2.034439e-01
 6.30000e+00  3.20000e+00       9.927e+01  1.944300e-01  0.000000e+00 -7.829262e-02  8.055700e-01
 7.00000e+00  3.20000e+00       1.791e+01 -3.478371e-01  0.000000e+00  7.503544e-01  6.521629e-01
-7.00000e+00  3.60000e+00       1.506e+01 -5.519542e-01  0.000000e+00 -6.617056e-01  4.480458e-01
-6.30000e+00  3.60000e+00       7.992e+01  1.122556e-01  0.000000e+00 -3.311731e-02  8.877444e-01
-5.60000e+00  3.60000e+00       3.167e+03  8.314475e-01  0.000000e+00  1.241425e-01  1.685525e-01
-4.90000e+00  3.60000e+00       6.622e+04  9.029184e-01  0.000000e+00  1.244044e-01  9.708157e-02
-4.20000e+00  3.60000e+00       2.618e+05  8.932347e-01  0.000000e+00  2.440103e-01  1.067653e-01
-3.50000e+00  3.60000e+00       8.789e+05  9.164213e-01  0.000000e+00  2.408022e-01  8.357872e-02
-2.80000e+00  3.60000e+00       2.932e+06  7.692723e-01  0.000000e+00  1.926150e-01  2.307277e-01
-2.10000e+00  3.60000e+00       8.224e+07  9.540033e-01  0.000000e+00  1.627267e-02  4.599670e-02
-1.40000e+00  3.60000e+00       3.440e+08  9.461991e-01  0.000000e+00  1.687868e-04  5.380091e-02
-7.00000e-01  3.60000e+00       6.579e+08  6.938609e-01  0.000000e+00 -1.081048e-02  3.061391e-01
 0.00000e+00  3.60000e+00       8.051e+08  5.245888e-01  0.000000e+00 -8.183530e-16  4.754112e-01
 7.00000e-01  3.60000e+00       6.579e+08  6.938609e-01  0.000000e+00  1.081048e-02  3.061391e-01
 1.40000e+00  3.60000e+00       3.440e+08  9.461991e-01  0.000000e+00 -1.687868e-04  5.380091e-02
 2.10000e+00  3.60000e+00       8.224e+07  9.540033e-01  0.000000e+00 -1.627267e-02  4.599670e-02
 2.80000e+00  3.60000e+00       2.932e+06  7.692723e-01  0.000000e+00 -1.926150e-01  2.307277e-01
 3.50000e+00  3.60000e+00       8.789e+05  9.164213e-01  0.000000e+00 -2.408022e-01  8.357872e-02
 4.20000e+00  3.60000e+00       2.618e+05  8.932347e-01  0.000000e+00 -2.440103e-01  1.067653e-01
 4.90000e+00  3.60000e+00       6.622e+04  9.029184e-01  0.000000e+00 -1.244044e-01  9.708157e-02
 5.60000e+00  3.60000e+00       3.167e+03  8.314475e-01  0.000000e+00 -1.241425e-01  1.685525e-01
 6.30000e+00  3.60000e+00       7.992e+01  1.122556e-01  0.000000e+00  3.311731e-02  8.877444e-01
 7.00000e+00  3.60000e+00       1.506e+01 -5.519542e-01  0.000000e+00  6.617056e-01  4.480458e-01
-7.00000e+00  4.00000e+00       7.908e+00 -6.352531e-01  0.000000e+00 -4.973168e-01  3.647469e-01
-6.30000e+00  4.00000e+00       6.250e+01  1.194575e-01  0.000000e+00 -1.079134e-02  8.805425e-01
-5.60000e+00  4.00000e+00       2.638e+03  8.438391e-01  0.000000e+00  9.730014e-02  1.561609e-01
-4.90000e+00  4.00000e+00       5.587e+04  9.097511e-01  0.000000e+00  1.001882e-01  9.024891e-02
-4.20000e+00  4.00000e+00       2.219e+05  8.998337e-01  0.000000e+00  1.984819e-01  1.001663e-01
-3.50000e+00  4.00000e+00       7.355e+05  9.160459e-01  0.000000e+00  2.012201e-01  8.395414e-02
-2.80000e+00  4.00000e+00       2.609e+06  8.000297e-01  0.000000e+00  1.551462e-01  1.999703e-01
-2.10000e+00  4.00000e+00       7.137e+07  9.685323e-01  0.000000e+00  1.583942e-02  3.146775e-02
-1.40000e+00  4.00000e+00       3.033e+08  9.336186e-01  0.000000e+00  5.365655e-03  6.638137e-02
-7.00000e-01  4.00000e+00       5.503e+08  7.017262e-01  0.000000e+00 -2.720427e-03  2.982738e-01
 0.00000e+00  4.00000e+00       6.346e+08  5.322363e-01  0.000000e+00 -1.036134e-15  4.677637e-01
 7.00000e-01  4.00000e+00       5.503e+08  7.017262e-01  0.000000e+00  2.720427e-03  2.982738e-01
 1.40000e+00  4.00000e+00       3.033e+08  9.336186e-01  0.000000e+00 -5.365655e-03  6.638137e-02
 2.10000e+00  4.00000e+00       7.137e+07  9.685323e-01  0.000000e+00 -1.583942e-02  3.146775e-02
 2.80000e+00  4.00000e+00       2.609e+06  8.000297e-01  0.000000e+00 -1.551462e-01  1.999703e-01
 3.50000e+00  4.00000e+00       7.355e+05  9.160459e-01  0.000000e+00 -2.012201e-01  8.395414e-02
 4.20000e+00  4.00000e+00       2.219e+05  8.998337e-01  0.000000e+00 -1.984819e-01  1.001663e-01
 4.90000e+00  4.00000e+00       5.587e+04  9.097511e-01  0.000000e+00 -1.001882e-01  9.024891e-02
 5.60000e+00  4.00000e+00       2.638e+03  8.438391e-01  0.000000e+00 -9.730014e-02  1.561609e-01
 6.30000e+00  4.00000e+00       6.250e+01  1.194575e-01  0.000000e+00  1.079134e-02  8.805425e-01
 7.00000e+00  4.00000e+00       7.908e+00 -6.352509e-01  0.000000e+00  4.973203e-01  3.647491e-01
