 EB(GeV)    EMITTANCEx EMITTANCEy SIZEx(m)   SIZEy(m)   DIVx(rad)  DIVy(rad)
 2.411e+00  5.499e-09  1.017e-12  8.711e-05  1.009e-06  6.313e-05  1.009e-06
 betax      alphax     betay      alphay     eta        deta       E_spread  
 1.380e+00  0.000e+00  1.000e+00  0.000e+00  0.000e+00  0.000e+00  8.600e-04
 Ibeam(A)   period(cm) #periods   Kx         Ky         Energy(eV)
 4.005e-01  1.900e+00         96  0.000e+00  1.780e+00  1.415e+04


           x            y       F.Density            PL            PC          PL45        1-|PL|
          mm           mm  ph/s/mr^2/0.1%             -             -             -             -
-7.00000e+00 -4.00000e+00       1.767e+03  5.068135e-01  0.000000e+00 -4.952248e-02  4.931865e-01
-6.30000e+00 -4.00000e+00       7.669e+04  9.736212e-01  0.000000e+00 -3.713469e-01  2.637875e-02
-5.60000e+00 -4.00000e+00       1.274e+06  1.917543e-01  0.000000e+00 -9.153942e-01  8.082457e-01
-4.90000e+00 -4.00000e+00       1.749e+07 -3.119524e-01  0.000000e+00 -9.780803e-01  6.880476e-01
-4.20000e+00 -4.00000e+00       1.474e+08 -2.139915e-02  0.000000e+00 -6.906585e-01  9.786009e-01
-3.50000e+00 -4.00000e+00       4.031e+08  5.997276e-02  0.000000e+00 -7.070143e-01  9.400272e-01
-2.80000e+00 -4.00000e+00       8.674e+08  3.706717e-01  0.000000e+00 -5.675280e-01  6.293283e-01
-2.10000e+00 -4.00000e+00       1.295e+09  7.089686e-02  0.000000e+00 -7.555742e-01  9.291031e-01
-1.40000e+00 -4.00000e+00       4.024e+09 -1.040137e-01  0.000000e+00 -5.218863e-01  8.959863e-01
-7.00000e-01 -4.00000e+00       3.566e+10  6.552844e-01  0.000000e+00 -5.612161e-02  3.447156e-01
 0.00000e+00 -4.00000e+00       6.991e+10  7.422745e-01  0.000000e+00  1.449938e-16  2.577255e-01
 7.00000e-01 -4.00000e+00       3.566e+10  6.552844e-01  0.000000e+00  5.612161e-02  3.447156e-01
 1.40000e+00 -4.00000e+00       4.024e+09 -1.040137e-01  0.000000e+00  5.218863e-01  8.959863e-01
 2.10000e+00 -4.00000e+00       1.295e+09  7.089686e-02  0.000000e+00  7.555742e-01  9.291031e-01
 2.80000e+00 -4.00000e+00       8.674e+08  3.706717e-01  0.000000e+00  5.675280e-01  6.293283e-01
 3.50000e+00 -4.00000e+00       4.031e+08  5.997276e-02  0.000000e+00  7.070143e-01  9.400272e-01
 4.20000e+00 -4.00000e+00       1.474e+08 -2.139915e-02  0.000000e+00  6.906585e-01  9.786009e-01
 4.90000e+00 -4.00000e+00       1.749e+07 -3.119524e-01  0.000000e+00  9.780803e-01  6.880476e-01
 5.60000e+00 -4.00000e+00       1.274e+06  1.917543e-01  0.000000e+00  9.153942e-01  8.082457e-01
 6.30000e+00 -4.00000e+00       7.669e+04  9.736212e-01  0.000000e+00  3.713469e-01  2.637875e-02
 7.00000e+00 -4.00000e+00       1.767e+03  5.068135e-01  0.000000e+00  4.952242e-02  4.931865e-01
-7.00000e+00 -3.60000e+00       2.738e+05 -3.147916e-01  0.000000e+00 -6.004218e-01  6.852084e-01
-6.30000e+00 -3.60000e+00       6.759e+06 -2.866868e-01  0.000000e+00 -6.179454e-01  7.133132e-01
-5.60000e+00 -3.60000e+00       6.193e+07 -2.218914e-01  0.000000e+00 -6.378585e-01  7.781086e-01
-4.90000e+00 -3.60000e+00       2.665e+08 -9.287383e-02  0.000000e+00 -6.413037e-01  9.071262e-01
-4.20000e+00 -3.60000e+00       6.916e+08  5.763895e-02  0.000000e+00 -6.089730e-01  9.423611e-01
-3.50000e+00 -3.60000e+00       1.191e+09  1.760815e-01  0.000000e+00 -5.791732e-01  8.239185e-01
-2.80000e+00 -3.60000e+00       1.872e+09  3.803266e-01  0.000000e+00 -4.743712e-01  6.196734e-01
-2.10000e+00 -3.60000e+00       2.589e+09  2.217281e-01  0.000000e+00 -5.853991e-01  7.782719e-01
-1.40000e+00 -3.60000e+00       6.145e+09  6.445719e-03  0.000000e+00 -5.054628e-01  9.935543e-01
-7.00000e-01 -3.60000e+00       4.433e+10  6.395059e-01  0.000000e+00 -6.624481e-02  3.604941e-01
 0.00000e+00 -3.60000e+00       8.548e+10  7.287353e-01  0.000000e+00  1.638338e-16  2.712647e-01
 7.00000e-01 -3.60000e+00       4.433e+10  6.395059e-01  0.000000e+00  6.624481e-02  3.604941e-01
 1.40000e+00 -3.60000e+00       6.145e+09  6.445719e-03  0.000000e+00  5.054628e-01  9.935543e-01
 2.10000e+00 -3.60000e+00       2.589e+09  2.217281e-01  0.000000e+00  5.853991e-01  7.782719e-01
 2.80000e+00 -3.60000e+00       1.872e+09  3.803266e-01  0.000000e+00  4.743712e-01  6.196734e-01
 3.50000e+00 -3.60000e+00       1.191e+09  1.760815e-01  0.000000e+00  5.791732e-01  8.239185e-01
 4.20000e+00 -3.60000e+00       6.916e+08  5.763895e-02  0.000000e+00  6.089730e-01  9.423611e-01
 4.90000e+00 -3.60000e+00       2.665e+08 -9.287383e-02  0.000000e+00  6.413037e-01  9.071262e-01
 5.60000e+00 -3.60000e+00       6.193e+07 -2.218914e-01  0.000000e+00  6.378585e-01  7.781086e-01
 6.30000e+00 -3.60000e+00       6.759e+06 -2.866868e-01  0.000000e+00  6.179454e-01  7.133132e-01
 7.00000e+00 -3.60000e+00       2.738e+05 -3.147916e-01  0.000000e+00  6.004218e-01  6.852084e-01
-7.00000e+00 -3.20000e+00       3.460e+06 -5.316366e-01  0.000000e+00 -4.307382e-01  4.683634e-01
-6.30000e+00 -3.20000e+00       3.975e+07 -4.709758e-01  0.000000e+00 -4.725024e-01  5.290242e-01
-5.60000e+00 -3.20000e+00       1.917e+08 -3.513996e-01  0.000000e+00 -5.353003e-01  6.486004e-01
-4.90000e+00 -3.20000e+00       5.308e+08 -1.420765e-01  0.000000e+00 -5.903215e-01  8.579235e-01
-4.20000e+00 -3.20000e+00       1.147e+09  8.023951e-02  0.000000e+00 -5.760105e-01  9.197605e-01
-3.50000e+00 -3.20000e+00       1.960e+09  2.320721e-01  0.000000e+00 -5.211265e-01  7.679279e-01
-2.80000e+00 -3.20000e+00       3.198e+09  4.078137e-01  0.000000e+00 -4.064981e-01  5.921863e-01
-2.10000e+00 -3.20000e+00       4.671e+09  2.974835e-01  0.000000e+00 -4.839348e-01  7.025165e-01
-1.40000e+00 -3.20000e+00       9.432e+09  7.104343e-02  0.000000e+00 -4.976949e-01  9.289566e-01
-7.00000e-01 -3.20000e+00       5.637e+10  6.215724e-01  0.000000e+00 -7.858681e-02  3.784276e-01
 0.00000e+00 -3.20000e+00       1.069e+11  7.161553e-01  0.000000e+00  2.152039e-16  2.838447e-01
 7.00000e-01 -3.20000e+00       5.637e+10  6.215724e-01  0.000000e+00  7.858681e-02  3.784276e-01
 1.40000e+00 -3.20000e+00       9.432e+09  7.104343e-02  0.000000e+00  4.976949e-01  9.289566e-01
 2.10000e+00 -3.20000e+00       4.671e+09  2.974835e-01  0.000000e+00  4.839348e-01  7.025165e-01
 2.80000e+00 -3.20000e+00       3.198e+09  4.078137e-01  0.000000e+00  4.064981e-01  5.921863e-01
 3.50000e+00 -3.20000e+00       1.960e+09  2.320721e-01  0.000000e+00  5.211265e-01  7.679279e-01
 4.20000e+00 -3.20000e+00       1.147e+09  8.023951e-02  0.000000e+00  5.760105e-01  9.197605e-01
 4.90000e+00 -3.20000e+00       5.308e+08 -1.420765e-01  0.000000e+00  5.903215e-01  8.579235e-01
 5.60000e+00 -3.20000e+00       1.917e+08 -3.513996e-01  0.000000e+00  5.353003e-01  6.486004e-01
 6.30000e+00 -3.20000e+00       3.975e+07 -4.709758e-01  0.000000e+00  4.725024e-01  5.290242e-01
 7.00000e+00 -3.20000e+00       3.460e+06 -5.316366e-01  0.000000e+00  4.307382e-01  4.683634e-01
-7.00000e+00 -2.80000e+00       2.547e+07 -7.037925e-01  0.000000e+00 -3.274457e-02  2.962075e-01
-6.30000e+00 -2.80000e+00       1.174e+08 -6.059308e-01  0.000000e+00 -2.104149e-01  3.940692e-01
-5.60000e+00 -2.80000e+00       3.452e+08 -4.017111e-01  0.000000e+00 -4.220729e-01  5.982889e-01
-4.90000e+00 -2.80000e+00       8.491e+08 -1.134662e-01  0.000000e+00 -5.453593e-01  8.865338e-01
-4.20000e+00 -2.80000e+00       1.951e+09  1.434913e-01  0.000000e+00 -5.112641e-01  8.565087e-01
-3.50000e+00 -2.80000e+00       4.054e+09  2.939242e-01  0.000000e+00 -3.864408e-01  7.060758e-01
-2.80000e+00 -2.80000e+00       8.459e+09  3.830171e-01  0.000000e+00 -2.196853e-01  6.169829e-01
-2.10000e+00 -2.80000e+00       1.571e+10  3.303590e-01  0.000000e+00 -1.001146e-01  6.696410e-01
-1.40000e+00 -2.80000e+00       2.770e+10  2.532304e-01  0.000000e+00 -4.316161e-02  7.467696e-01
-7.00000e-01 -2.80000e+00       8.748e+10  5.845756e-01  0.000000e+00 -1.039158e-02  4.154244e-01
 0.00000e+00 -2.80000e+00       1.490e+11  6.895332e-01  0.000000e+00 -3.619119e-17  3.104668e-01
 7.00000e-01 -2.80000e+00       8.748e+10  5.845756e-01  0.000000e+00  1.039158e-02  4.154244e-01
 1.40000e+00 -2.80000e+00       2.770e+10  2.532304e-01  0.000000e+00  4.316161e-02  7.467696e-01
 2.10000e+00 -2.80000e+00       1.571e+10  3.303590e-01  0.000000e+00  1.001146e-01  6.696410e-01
 2.80000e+00 -2.80000e+00       8.459e+09  3.830171e-01  0.000000e+00  2.196853e-01  6.169829e-01
 3.50000e+00 -2.80000e+00       4.054e+09  2.939242e-01  0.000000e+00  3.864408e-01  7.060758e-01
 4.20000e+00 -2.80000e+00       1.951e+09  1.434913e-01  0.000000e+00  5.112641e-01  8.565087e-01
 4.90000e+00 -2.80000e+00       8.491e+08 -1.134662e-01  0.000000e+00  5.453593e-01  8.865338e-01
 5.60000e+00 -2.80000e+00       3.452e+08 -4.017111e-01  0.000000e+00  4.220729e-01  5.982889e-01
 6.30000e+00 -2.80000e+00       1.174e+08 -6.059308e-01  0.000000e+00  2.104149e-01  3.940692e-01
 7.00000e+00 -2.80000e+00       2.547e+07 -7.037925e-01  0.000000e+00  3.274457e-02  2.962075e-01
-7.00000e+00 -2.40000e+00       4.150e+07 -6.570427e-01  0.000000e+00  2.096604e-01  3.429573e-01
-6.30000e+00 -2.40000e+00       1.545e+08 -5.702622e-01  0.000000e+00 -7.771256e-02  4.297378e-01
-5.60000e+00 -2.40000e+00       5.087e+08 -2.835708e-01  0.000000e+00 -3.574405e-01  7.164292e-01
-4.90000e+00 -2.40000e+00       2.069e+09  1.079018e-01  0.000000e+00 -3.464900e-01  8.920982e-01
-4.20000e+00 -2.40000e+00       9.670e+09  2.573778e-01  0.000000e+00 -1.540458e-01  7.426222e-01
-3.50000e+00 -2.40000e+00       3.972e+10  2.665660e-01  0.000000e+00 -6.918603e-02  7.334340e-01
-2.80000e+00 -2.40000e+00       1.287e+11  3.264021e-01  0.000000e+00 -2.967078e-02  6.735979e-01
-2.10000e+00 -2.40000e+00       3.203e+11  4.450541e-01  0.000000e+00 -6.874435e-02  5.549459e-01
-1.40000e+00 -2.40000e+00       6.269e+11  4.293313e-01  0.000000e+00 -2.415659e-01  5.706687e-01
-7.00000e-01 -2.40000e+00       1.033e+12  2.225059e-01  0.000000e+00 -2.801822e-01  7.774941e-01
 0.00000e+00 -2.40000e+00       1.272e+12  1.378698e-01  0.000000e+00 -7.876766e-15  8.621302e-01
 7.00000e-01 -2.40000e+00       1.033e+12  2.225059e-01  0.000000e+00  2.801822e-01  7.774941e-01
 1.40000e+00 -2.40000e+00       6.269e+11  4.293313e-01  0.000000e+00  2.415659e-01  5.706687e-01
 2.10000e+00 -2.40000e+00       3.203e+11  4.450541e-01  0.000000e+00  6.874435e-02  5.549459e-01
 2.80000e+00 -2.40000e+00       1.287e+11  3.264021e-01  0.000000e+00  2.967078e-02  6.735979e-01
 3.50000e+00 -2.40000e+00       3.972e+10  2.665660e-01  0.000000e+00  6.918603e-02  7.334340e-01
 4.20000e+00 -2.40000e+00       9.670e+09  2.573778e-01  0.000000e+00  1.540458e-01  7.426222e-01
 4.90000e+00 -2.40000e+00       2.069e+09  1.079018e-01  0.000000e+00  3.464900e-01  8.920982e-01
 5.60000e+00 -2.40000e+00       5.087e+08 -2.835708e-01  0.000000e+00  3.574405e-01  7.164292e-01
 6.30000e+00 -2.40000e+00       1.545e+08 -5.702622e-01  0.000000e+00  7.771256e-02  4.297378e-01
 7.00000e+00 -2.40000e+00       4.150e+07 -6.570427e-01  0.000000e+00 -2.096604e-01  3.429573e-01
-7.00000e+00 -2.00000e+00       6.060e+07 -4.868305e-01  0.000000e+00  3.533680e-01  5.131695e-01
-6.30000e+00 -2.00000e+00       3.151e+08 -5.011380e-02  0.000000e+00 -9.605248e-03  9.498862e-01
-5.60000e+00 -2.00000e+00       2.840e+09  3.558844e-01  0.000000e+00  3.968067e-02  6.441156e-01
-4.90000e+00 -2.00000e+00       2.534e+10  2.972970e-01  0.000000e+00  5.519105e-02  7.027030e-01
-4.20000e+00 -2.00000e+00       1.716e+11  3.284235e-01  0.000000e+00 -4.311107e-02  6.715765e-01
-3.50000e+00 -2.00000e+00       7.942e+11  3.964973e-01  0.000000e+00 -1.828239e-02  6.035027e-01
-2.80000e+00 -2.00000e+00       2.434e+12  3.982385e-01  0.000000e+00  2.178414e-02  6.017615e-01
-2.10000e+00 -2.00000e+00       5.390e+12  4.131781e-01  0.000000e+00  1.482911e-01  5.868219e-01
-1.40000e+00 -2.00000e+00       1.114e+13  5.358805e-01  0.000000e+00  3.017827e-01  4.641195e-01
-7.00000e-01 -2.00000e+00       2.446e+13  6.259448e-01  0.000000e+00  1.897372e-01  3.740552e-01
 0.00000e+00 -2.00000e+00       3.486e+13  6.314988e-01  0.000000e+00 -6.761249e-15  3.685012e-01
 7.00000e-01 -2.00000e+00       2.446e+13  6.259448e-01  0.000000e+00 -1.897372e-01  3.740552e-01
 1.40000e+00 -2.00000e+00       1.114e+13  5.358805e-01  0.000000e+00 -3.017827e-01  4.641195e-01
 2.10000e+00 -2.00000e+00       5.390e+12  4.131781e-01  0.000000e+00 -1.482911e-01  5.868219e-01
 2.80000e+00 -2.00000e+00       2.434e+12  3.982385e-01  0.000000e+00 -2.178414e-02  6.017615e-01
 3.50000e+00 -2.00000e+00       7.942e+11  3.964973e-01  0.000000e+00  1.828239e-02  6.035027e-01
 4.20000e+00 -2.00000e+00       1.716e+11  3.284235e-01  0.000000e+00  4.311107e-02  6.715765e-01
 4.90000e+00 -2.00000e+00       2.534e+10  2.972970e-01  0.000000e+00 -5.519105e-02  7.027030e-01
 5.60000e+00 -2.00000e+00       2.840e+09  3.558844e-01  0.000000e+00 -3.968067e-02  6.441156e-01
 6.30000e+00 -2.00000e+00       3.151e+08 -5.011380e-02  0.000000e+00  9.605248e-03  9.498862e-01
 7.00000e+00 -2.00000e+00       6.060e+07 -4.868305e-01  0.000000e+00 -3.533680e-01  5.131695e-01
-7.00000e+00 -1.60000e+00       1.088e+08 -2.879352e-01  0.000000e+00  3.071233e-01  7.120648e-01
-6.30000e+00 -1.60000e+00       1.936e+09  6.548865e-02  0.000000e+00 -3.363528e-01  9.345114e-01
-5.60000e+00 -1.60000e+00       3.831e+10  4.860477e-01  0.000000e+00 -3.578731e-01  5.139523e-01
-4.90000e+00 -1.60000e+00       4.143e+11  6.428689e-01  0.000000e+00 -1.184319e-01  3.571311e-01
-4.20000e+00 -1.60000e+00       2.331e+12  5.674056e-01  0.000000e+00  4.838228e-02  4.325944e-01
-3.50000e+00 -1.60000e+00       8.491e+12  4.827054e-01  0.000000e+00  1.399520e-02  5.172946e-01
-2.80000e+00 -1.60000e+00       2.313e+13  5.164507e-01  0.000000e+00 -5.907260e-03  4.835493e-01
-2.10000e+00 -1.60000e+00       4.886e+13  6.234738e-01  0.000000e+00  4.504136e-02  3.765262e-01
-1.40000e+00 -1.60000e+00       8.100e+13  8.002796e-01  0.000000e+00  7.363209e-02  1.997204e-01
-7.00000e-01 -1.60000e+00       8.107e+13  9.145071e-01  0.000000e+00  6.831173e-02  8.549287e-02
 0.00000e+00 -1.60000e+00       6.020e+13  9.487183e-01  0.000000e+00  1.968096e-16  5.128171e-02
 7.00000e-01 -1.60000e+00       8.107e+13  9.145071e-01  0.000000e+00 -6.831173e-02  8.549287e-02
 1.40000e+00 -1.60000e+00       8.100e+13  8.002796e-01  0.000000e+00 -7.363209e-02  1.997204e-01
 2.10000e+00 -1.60000e+00       4.886e+13  6.234738e-01  0.000000e+00 -4.504136e-02  3.765262e-01
 2.80000e+00 -1.60000e+00       2.313e+13  5.164507e-01  0.000000e+00  5.907260e-03  4.835493e-01
 3.50000e+00 -1.60000e+00       8.491e+12  4.827054e-01  0.000000e+00 -1.399520e-02  5.172946e-01
 4.20000e+00 -1.60000e+00       2.331e+12  5.674056e-01  0.000000e+00 -4.838228e-02  4.325944e-01
 4.90000e+00 -1.60000e+00       4.143e+11  6.428689e-01  0.000000e+00  1.184319e-01  3.571311e-01
 5.60000e+00 -1.60000e+00       3.831e+10  4.860477e-01  0.000000e+00  3.578731e-01  5.139523e-01
 6.30000e+00 -1.60000e+00       1.936e+09  6.548865e-02  0.000000e+00  3.363528e-01  9.345114e-01
 7.00000e+00 -1.60000e+00       1.088e+08 -2.879352e-01  0.000000e+00 -3.071233e-01  7.120648e-01
-7.00000e+00 -1.20000e+00       7.449e+08  5.968017e-01  0.000000e+00  5.402056e-01  4.031983e-01
-6.30000e+00 -1.20000e+00       1.500e+10  3.805676e-01  0.000000e+00  4.929624e-01  6.194324e-01
-5.60000e+00 -1.20000e+00       2.064e+11  2.296604e-01  0.000000e+00  1.020375e-01  7.703396e-01
-4.90000e+00 -1.20000e+00       2.215e+12  4.528966e-01  0.000000e+00 -2.259116e-01  5.471034e-01
-4.20000e+00 -1.20000e+00       1.462e+13  6.678030e-01  0.000000e+00 -1.602830e-01  3.321970e-01
-3.50000e+00 -1.20000e+00       5.096e+13  6.874277e-01  0.000000e+00 -1.661672e-02  3.125723e-01
-2.80000e+00 -1.20000e+00       1.147e+14  6.357408e-01  0.000000e+00  1.314108e-02  3.642592e-01
-2.10000e+00 -1.20000e+00       1.988e+14  6.129483e-01  0.000000e+00  9.104407e-02  3.870517e-01
-1.40000e+00 -1.20000e+00       2.546e+14  6.158106e-01  0.000000e+00  3.194884e-01  3.841894e-01
-7.00000e-01 -1.20000e+00       2.024e+14  6.635318e-01  0.000000e+00  4.663695e-01  3.364682e-01
 0.00000e+00 -1.20000e+00       1.288e+14  7.045119e-01  0.000000e+00 -4.767397e-15  2.954881e-01
 7.00000e-01 -1.20000e+00       2.024e+14  6.635318e-01  0.000000e+00 -4.663695e-01  3.364682e-01
 1.40000e+00 -1.20000e+00       2.546e+14  6.158106e-01  0.000000e+00 -3.194884e-01  3.841894e-01
 2.10000e+00 -1.20000e+00       1.988e+14  6.129483e-01  0.000000e+00 -9.104407e-02  3.870517e-01
 2.80000e+00 -1.20000e+00       1.147e+14  6.357408e-01  0.000000e+00 -1.314108e-02  3.642592e-01
 3.50000e+00 -1.20000e+00       5.096e+13  6.874277e-01  0.000000e+00  1.661672e-02  3.125723e-01
 4.20000e+00 -1.20000e+00       1.462e+13  6.678030e-01  0.000000e+00  1.602830e-01  3.321970e-01
 4.90000e+00 -1.20000e+00       2.215e+12  4.528966e-01  0.000000e+00  2.259116e-01  5.471034e-01
 5.60000e+00 -1.20000e+00       2.064e+11  2.296604e-01  0.000000e+00 -1.020375e-01  7.703396e-01
 6.30000e+00 -1.20000e+00       1.500e+10  3.805676e-01  0.000000e+00 -4.929624e-01  6.194324e-01
 7.00000e+00 -1.20000e+00       7.449e+08  5.968017e-01  0.000000e+00 -5.402056e-01  4.031983e-01
-7.00000e+00 -8.00000e-01       5.333e+09  9.564384e-01  0.000000e+00  1.230467e-01  4.356156e-02
-6.30000e+00 -8.00000e-01       1.182e+11  9.088021e-01  0.000000e+00  2.612606e-01  9.119795e-02
-5.60000e+00 -8.00000e-01       1.255e+12  7.984947e-01  0.000000e+00  3.709033e-01  2.015053e-01
-4.90000e+00 -8.00000e-01       7.580e+12  6.778252e-01  0.000000e+00  2.527031e-01  3.221748e-01
-4.20000e+00 -8.00000e-01       4.042e+13  7.368515e-01  0.000000e+00 -3.427469e-02  2.631485e-01
-3.50000e+00 -8.00000e-01       1.611e+14  8.182929e-01  0.000000e+00 -4.675497e-02  1.817071e-01
-2.80000e+00 -8.00000e-01       3.577e+14  8.116384e-01  0.000000e+00  2.237942e-02  1.883616e-01
-2.10000e+00 -8.00000e-01       5.967e+14  8.348412e-01  0.000000e+00  4.057884e-02  1.651588e-01
-1.40000e+00 -8.00000e-01       9.178e+14  9.163997e-01  0.000000e+00  4.080051e-02  8.360030e-02
-7.00000e-01 -8.00000e-01       8.863e+14  9.660645e-01  0.000000e+00  2.160973e-02  3.393545e-02
 0.00000e+00 -8.00000e-01       6.287e+14  9.808962e-01  0.000000e+00 -6.019111e-16  1.910380e-02
 7.00000e-01 -8.00000e-01       8.863e+14  9.660645e-01  0.000000e+00 -2.160973e-02  3.393545e-02
 1.40000e+00 -8.00000e-01       9.178e+14  9.163997e-01  0.000000e+00 -4.080051e-02  8.360030e-02
 2.10000e+00 -8.00000e-01       5.967e+14  8.348412e-01  0.000000e+00 -4.057884e-02  1.651588e-01
 2.80000e+00 -8.00000e-01       3.577e+14  8.116384e-01  0.000000e+00 -2.237942e-02  1.883616e-01
 3.50000e+00 -8.00000e-01       1.611e+14  8.182929e-01  0.000000e+00  4.675497e-02  1.817071e-01
 4.20000e+00 -8.00000e-01       4.042e+13  7.368515e-01  0.000000e+00  3.427469e-02  2.631485e-01
 4.90000e+00 -8.00000e-01       7.580e+12  6.778252e-01  0.000000e+00 -2.527031e-01  3.221748e-01
 5.60000e+00 -8.00000e-01       1.255e+12  7.984947e-01  0.000000e+00 -3.709033e-01  2.015053e-01
 6.30000e+00 -8.00000e-01       1.182e+11  9.088021e-01  0.000000e+00 -2.612606e-01  9.119795e-02
 7.00000e+00 -8.00000e-01       5.333e+09  9.564384e-01  0.000000e+00 -1.230467e-01  4.356156e-02
-7.00000e+00 -4.00000e-01       1.503e+10  9.931609e-01  0.000000e+00 -3.741243e-02  6.839135e-03
-6.30000e+00 -4.00000e-01       3.503e+11  9.905772e-01  0.000000e+00  3.342579e-02  9.422844e-03
-5.60000e+00 -4.00000e-01       3.792e+12  9.750619e-01  0.000000e+00  1.117939e-01  2.493813e-02
-4.90000e+00 -4.00000e-01       1.985e+13  9.364621e-01  0.000000e+00  1.552053e-01  6.353787e-02
-4.20000e+00 -4.00000e-01       7.240e+13  9.028287e-01  0.000000e+00  4.590201e-02  9.717133e-02
-3.50000e+00 -4.00000e-01       2.602e+14  9.293080e-01  0.000000e+00 -4.737725e-02  7.069204e-02
-2.80000e+00 -4.00000e-01       6.128e+14  9.444230e-01  0.000000e+00 -1.926134e-02  5.557696e-02
-2.10000e+00 -4.00000e-01       9.054e+14  9.341446e-01  0.000000e+00  1.562967e-02  6.585539e-02
-1.40000e+00 -4.00000e-01       9.919e+14  9.008553e-01  0.000000e+00  4.344170e-02  9.914469e-02
-7.00000e-01 -4.00000e-01       8.041e+14  8.164599e-01  0.000000e+00 -8.570394e-03  1.835401e-01
 0.00000e+00 -4.00000e-01       6.356e+14  7.360871e-01  0.000000e+00  9.453981e-16  2.639129e-01
 7.00000e-01 -4.00000e-01       8.041e+14  8.164599e-01  0.000000e+00  8.570394e-03  1.835401e-01
 1.40000e+00 -4.00000e-01       9.919e+14  9.008553e-01  0.000000e+00 -4.344170e-02  9.914469e-02
 2.10000e+00 -4.00000e-01       9.054e+14  9.341446e-01  0.000000e+00 -1.562967e-02  6.585539e-02
 2.80000e+00 -4.00000e-01       6.128e+14  9.444230e-01  0.000000e+00  1.926134e-02  5.557696e-02
 3.50000e+00 -4.00000e-01       2.602e+14  9.293080e-01  0.000000e+00  4.737725e-02  7.069204e-02
 4.20000e+00 -4.00000e-01       7.240e+13  9.028287e-01  0.000000e+00 -4.590201e-02  9.717133e-02
 4.90000e+00 -4.00000e-01       1.985e+13  9.364621e-01  0.000000e+00 -1.552053e-01  6.353787e-02
 5.60000e+00 -4.00000e-01       3.792e+12  9.750619e-01  0.000000e+00 -1.117939e-01  2.493813e-02
 6.30000e+00 -4.00000e-01       3.503e+11  9.905772e-01  0.000000e+00 -3.342579e-02  9.422844e-03
 7.00000e+00 -4.00000e-01       1.503e+10  9.931609e-01  0.000000e+00  3.741243e-02  6.839135e-03
-7.00000e+00  0.00000e+00       2.057e+10  9.999949e-01  0.000000e+00  1.871891e-14  5.122807e-06
-6.30000e+00  0.00000e+00       4.920e+11  9.999953e-01  0.000000e+00  9.775061e-14  4.697200e-06
-5.60000e+00  0.00000e+00       5.477e+12  9.999880e-01  0.000000e+00  3.833670e-13  1.196703e-05
-4.90000e+00  0.00000e+00       2.862e+13  9.999645e-01  0.000000e+00  1.053735e-12  3.551391e-05
-4.20000e+00  0.00000e+00       9.255e+13  9.999328e-01  0.000000e+00  1.575829e-12  6.723230e-05
-3.50000e+00  0.00000e+00       3.042e+14  9.999474e-01  0.000000e+00  9.047703e-13  5.257520e-05
-2.80000e+00  0.00000e+00       7.428e+14  9.999648e-01  0.000000e+00  4.843694e-13  3.516321e-05
-2.10000e+00  0.00000e+00       1.264e+15  9.999649e-01  0.000000e+00  3.042630e-13  3.510341e-05
-1.40000e+00  0.00000e+00       2.014e+15  9.999548e-01  0.000000e+00  1.440313e-13  4.519794e-05
-7.00000e-01  0.00000e+00       2.361e+15  9.998965e-01  0.000000e+00  6.828507e-14  1.035193e-04
 0.00000e+00  0.00000e+00       2.093e+15  9.998147e-01  0.000000e+00 -1.182878e-17  1.853226e-04
 7.00000e-01  0.00000e+00       2.361e+15  9.998965e-01  0.000000e+00 -6.830489e-14  1.035193e-04
 1.40000e+00  0.00000e+00       2.014e+15  9.999548e-01  0.000000e+00 -1.440497e-13  4.519794e-05
 2.10000e+00  0.00000e+00       1.264e+15  9.999649e-01  0.000000e+00 -3.042685e-13  3.510341e-05
 2.80000e+00  0.00000e+00       7.428e+14  9.999648e-01  0.000000e+00 -4.843466e-13  3.516321e-05
 3.50000e+00  0.00000e+00       3.042e+14  9.999474e-01  0.000000e+00 -9.047460e-13  5.257520e-05
 4.20000e+00  0.00000e+00       9.255e+13  9.999328e-01  0.000000e+00 -1.575948e-12  6.723230e-05
 4.90000e+00  0.00000e+00       2.862e+13  9.999645e-01  0.000000e+00 -1.053916e-12  3.551391e-05
 5.60000e+00  0.00000e+00       5.477e+12  9.999880e-01  0.000000e+00 -3.834727e-13  1.196703e-05
 6.30000e+00  0.00000e+00       4.920e+11  9.999953e-01  0.000000e+00 -9.770991e-14  4.697200e-06
 7.00000e+00  0.00000e+00       2.057e+10  9.999949e-01  0.000000e+00 -1.680449e-14  5.122807e-06
-7.00000e+00  4.00000e-01       1.503e+10  9.931609e-01  0.000000e+00  3.741243e-02  6.839135e-03
-6.30000e+00  4.00000e-01       3.503e+11  9.905772e-01  0.000000e+00 -3.342579e-02  9.422844e-03
-5.60000e+00  4.00000e-01       3.792e+12  9.750619e-01  0.000000e+00 -1.117939e-01  2.493813e-02
-4.90000e+00  4.00000e-01       1.985e+13  9.364621e-01  0.000000e+00 -1.552053e-01  6.353787e-02
-4.20000e+00  4.00000e-01       7.240e+13  9.028287e-01  0.000000e+00 -4.590201e-02  9.717133e-02
-3.50000e+00  4.00000e-01       2.602e+14  9.293080e-01  0.000000e+00  4.737725e-02  7.069204e-02
-2.80000e+00  4.00000e-01       6.128e+14  9.444230e-01  0.000000e+00  1.926134e-02  5.557696e-02
-2.10000e+00  4.00000e-01       9.054e+14  9.341446e-01  0.000000e+00 -1.562967e-02  6.585539e-02
-1.40000e+00  4.00000e-01       9.919e+14  9.008553e-01  0.000000e+00 -4.344170e-02  9.914469e-02
-7.00000e-01  4.00000e-01       8.041e+14  8.164599e-01  0.000000e+00  8.570394e-03  1.835401e-01
 0.00000e+00  4.00000e-01       6.356e+14  7.360871e-01  0.000000e+00 -9.424984e-16  2.639129e-01
 7.00000e-01  4.00000e-01       8.041e+14  8.164599e-01  0.000000e+00 -8.570394e-03  1.835401e-01
 1.40000e+00  4.00000e-01       9.919e+14  9.008553e-01  0.000000e+00  4.344170e-02  9.914469e-02
 2.10000e+00  4.00000e-01       9.054e+14  9.341446e-01  0.000000e+00  1.562967e-02  6.585539e-02
 2.80000e+00  4.00000e-01       6.128e+14  9.444230e-01  0.000000e+00 -1.926134e-02  5.557696e-02
 3.50000e+00  4.00000e-01       2.602e+14  9.293080e-01  0.000000e+00 -4.737725e-02  7.069204e-02
 4.20000e+00  4.00000e-01       7.240e+13  9.028287e-01  0.000000e+00  4.590201e-02  9.717133e-02
 4.90000e+00  4.00000e-01       1.985e+13  9.364621e-01  0.000000e+00  1.552053e-01  6.353787e-02
 5.60000e+00  4.00000e-01       3.792e+12  9.750619e-01  0.000000e+00  1.117939e-01  2.493813e-02
 6.30000e+00  4.00000e-01       3.503e+11  9.905772e-01  0.000000e+00  3.342579e-02  9.422844e-03
 7.00000e+00  4.00000e-01       1.503e+10  9.931609e-01  0.000000e+00 -3.741243e-02  6.839135e-03
-7.00000e+00  8.00000e-01       5.333e+09  9.564384e-01  0.000000e+00 -1.230467e-01  4.356156e-02
-6.30000e+00  8.00000e-01       1.182e+11  9.088021e-01  0.000000e+00 -2.612606e-01  9.119795e-02
-5.60000e+00  8.00000e-01       1.255e+12  7.984947e-01  0.000000e+00 -3.709033e-01  2.015053e-01
-4.90000e+00  8.00000e-01       7.580e+12  6.778252e-01  0.000000e+00 -2.527031e-01  3.221748e-01
-4.20000e+00  8.00000e-01       4.042e+13  7.368515e-01  0.000000e+00  3.427469e-02  2.631485e-01
-3.50000e+00  8.00000e-01       1.611e+14  8.182929e-01  0.000000e+00  4.675497e-02  1.817071e-01
-2.80000e+00  8.00000e-01       3.577e+14  8.116384e-01  0.000000e+00 -2.237942e-02  1.883616e-01
-2.10000e+00  8.00000e-01       5.967e+14  8.348412e-01  0.000000e+00 -4.057884e-02  1.651588e-01
-1.40000e+00  8.00000e-01       9.178e+14  9.163997e-01  0.000000e+00 -4.080051e-02  8.360030e-02
-7.00000e-01  8.00000e-01       8.863e+14  9.660645e-01  0.000000e+00 -2.160973e-02  3.393545e-02
 0.00000e+00  8.00000e-01       6.287e+14  9.808962e-01  0.000000e+00  5.012257e-16  1.910380e-02
 7.00000e-01  8.00000e-01       8.863e+14  9.660645e-01  0.000000e+00  2.160973e-02  3.393545e-02
 1.40000e+00  8.00000e-01       9.178e+14  9.163997e-01  0.000000e+00  4.080051e-02  8.360030e-02
 2.10000e+00  8.00000e-01       5.967e+14  8.348412e-01  0.000000e+00  4.057884e-02  1.651588e-01
 2.80000e+00  8.00000e-01       3.577e+14  8.116384e-01  0.000000e+00  2.237942e-02  1.883616e-01
 3.50000e+00  8.00000e-01       1.611e+14  8.182929e-01  0.000000e+00 -4.675497e-02  1.817071e-01
 4.20000e+00  8.00000e-01       4.042e+13  7.368515e-01  0.000000e+00 -3.427469e-02  2.631485e-01
 4.90000e+00  8.00000e-01       7.580e+12  6.778252e-01  0.000000e+00  2.527031e-01  3.221748e-01
 5.60000e+00  8.00000e-01       1.255e+12  7.984947e-01  0.000000e+00  3.709033e-01  2.015053e-01
 6.30000e+00  8.00000e-01       1.182e+11  9.088021e-01  0.000000e+00  2.612606e-01  9.119795e-02
 7.00000e+00  8.00000e-01       5.333e+09  9.564384e-01  0.000000e+00  1.230467e-01  4.356156e-02
-7.00000e+00  1.20000e+00       7.449e+08  5.968017e-01  0.000000e+00 -5.402056e-01  4.031983e-01
-6.30000e+00  1.20000e+00       1.500e+10  3.805676e-01  0.000000e+00 -4.929624e-01  6.194324e-01
-5.60000e+00  1.20000e+00       2.064e+11  2.296604e-01  0.000000e+00 -1.020375e-01  7.703396e-01
-4.90000e+00  1.20000e+00       2.215e+12  4.528966e-01  0.000000e+00  2.259116e-01  5.471034e-01
-4.20000e+00  1.20000e+00       1.462e+13  6.678030e-01  0.000000e+00  1.602830e-01  3.321970e-01
-3.50000e+00  1.20000e+00       5.096e+13  6.874277e-01  0.000000e+00  1.661672e-02  3.125723e-01
-2.80000e+00  1.20000e+00       1.147e+14  6.357408e-01  0.000000e+00 -1.314108e-02  3.642592e-01
-2.10000e+00  1.20000e+00       1.988e+14  6.129483e-01  0.000000e+00 -9.104407e-02  3.870517e-01
-1.40000e+00  1.20000e+00       2.546e+14  6.158106e-01  0.000000e+00 -3.194884e-01  3.841894e-01
-7.00000e-01  1.20000e+00       2.024e+14  6.635318e-01  0.000000e+00 -4.663695e-01  3.364682e-01
 0.00000e+00  1.20000e+00       1.288e+14  7.045119e-01  0.000000e+00  5.801376e-15  2.954881e-01
 7.00000e-01  1.20000e+00       2.024e+14  6.635318e-01  0.000000e+00  4.663695e-01  3.364682e-01
 1.40000e+00  1.20000e+00       2.546e+14  6.158106e-01  0.000000e+00  3.194884e-01  3.841894e-01
 2.10000e+00  1.20000e+00       1.988e+14  6.129483e-01  0.000000e+00  9.104407e-02  3.870517e-01
 2.80000e+00  1.20000e+00       1.147e+14  6.357408e-01  0.000000e+00  1.314108e-02  3.642592e-01
 3.50000e+00  1.20000e+00       5.096e+13  6.874277e-01  0.000000e+00 -1.661672e-02  3.125723e-01
 4.20000e+00  1.20000e+00       1.462e+13  6.678030e-01  0.000000e+00 -1.602830e-01  3.321970e-01
 4.90000e+00  1.20000e+00       2.215e+12  4.528966e-01  0.000000e+00 -2.259116e-01  5.471034e-01
 5.60000e+00  1.20000e+00       2.064e+11  2.296604e-01  0.000000e+00  1.020375e-01  7.703396e-01
 6.30000e+00  1.20000e+00       1.500e+10  3.805676e-01  0.000000e+00  4.929624e-01  6.194324e-01
 7.00000e+00  1.20000e+00       7.449e+08  5.968017e-01  0.000000e+00  5.402056e-01  4.031983e-01
-7.00000e+00  1.60000e+00       1.088e+08 -2.879352e-01  0.000000e+00 -3.071233e-01  7.120648e-01
-6.30000e+00  1.60000e+00       1.936e+09  6.548865e-02  0.000000e+00  3.363528e-01  9.345114e-01
-5.60000e+00  1.60000e+00       3.831e+10  4.860477e-01  0.000000e+00  3.578731e-01  5.139523e-01
-4.90000e+00  1.60000e+00       4.143e+11  6.428689e-01  0.000000e+00  1.184319e-01  3.571311e-01
-4.20000e+00  1.60000e+00       2.331e+12  5.674056e-01  0.000000e+00 -4.838228e-02  4.325944e-01
-3.50000e+00  1.60000e+00       8.491e+12  4.827054e-01  0.000000e+00 -1.399520e-02  5.172946e-01
-2.80000e+00  1.60000e+00       2.313e+13  5.164507e-01  0.000000e+00  5.907260e-03  4.835493e-01
-2.10000e+00  1.60000e+00       4.886e+13  6.234738e-01  0.000000e+00 -4.504136e-02  3.765262e-01
-1.40000e+00  1.60000e+00       8.100e+13  8.002796e-01  0.000000e+00 -7.363209e-02  1.997204e-01
-7.00000e-01  1.60000e+00       8.107e+13  9.145071e-01  0.000000e+00 -6.831173e-02  8.549287e-02
 0.00000e+00  1.60000e+00       6.020e+13  9.487183e-01  0.000000e+00 -2.236466e-16  5.128171e-02
 7.00000e-01  1.60000e+00       8.107e+13  9.145071e-01  0.000000e+00  6.831173e-02  8.549287e-02
 1.40000e+00  1.60000e+00       8.100e+13  8.002796e-01  0.000000e+00  7.363209e-02  1.997204e-01
 2.10000e+00  1.60000e+00       4.886e+13  6.234738e-01  0.000000e+00  4.504136e-02  3.765262e-01
 2.80000e+00  1.60000e+00       2.313e+13  5.164507e-01  0.000000e+00 -5.907260e-03  4.835493e-01
 3.50000e+00  1.60000e+00       8.491e+12  4.827054e-01  0.000000e+00  1.399520e-02  5.172946e-01
 4.20000e+00  1.60000e+00       2.331e+12  5.674056e-01  0.000000e+00  4.838228e-02  4.325944e-01
 4.90000e+00  1.60000e+00       4.143e+11  6.428689e-01  0.000000e+00 -1.184319e-01  3.571311e-01
 5.60000e+00  1.60000e+00       3.831e+10  4.860477e-01  0.000000e+00 -3.578731e-01  5.139523e-01
 6.30000e+00  1.60000e+00       1.936e+09  6.548865e-02  0.000000e+00 -3.363528e-01  9.345114e-01
 7.00000e+00  1.60000e+00       1.088e+08 -2.879352e-01  0.000000e+00  3.071233e-01  7.120648e-01
-7.00000e+00  2.00000e+00       6.060e+07 -4.868305e-01  0.000000e+00 -3.533680e-01  5.131695e-01
-6.30000e+00  2.00000e+00       3.151e+08 -5.011380e-02  0.000000e+00  9.605248e-03  9.498862e-01
-5.60000e+00  2.00000e+00       2.840e+09  3.558844e-01  0.000000e+00 -3.968067e-02  6.441156e-01
-4.90000e+00  2.00000e+00       2.534e+10  2.972970e-01  0.000000e+00 -5.519104e-02  7.027030e-01
-4.20000e+00  2.00000e+00       1.716e+11  3.284235e-01  0.000000e+00  4.311108e-02  6.715765e-01
-3.50000e+00  2.00000e+00       7.942e+11  3.964973e-01  0.000000e+00  1.828239e-02  6.035027e-01
-2.80000e+00  2.00000e+00       2.434e+12  3.982385e-01  0.000000e+00 -2.178414e-02  6.017615e-01
-2.10000e+00  2.00000e+00       5.390e+12  4.131781e-01  0.000000e+00 -1.482911e-01  5.868219e-01
-1.40000e+00  2.00000e+00       1.114e+13  5.358805e-01  0.000000e+00 -3.017827e-01  4.641195e-01
-7.00000e-01  2.00000e+00       2.446e+13  6.259448e-01  0.000000e+00 -1.897372e-01  3.740552e-01
 0.00000e+00  2.00000e+00       3.486e+13  6.314988e-01  0.000000e+00  6.755331e-15  3.685012e-01
 7.00000e-01  2.00000e+00       2.446e+13  6.259448e-01  0.000000e+00  1.897372e-01  3.740552e-01
 1.40000e+00  2.00000e+00       1.114e+13  5.358805e-01  0.000000e+00  3.017827e-01  4.641195e-01
 2.10000e+00  2.00000e+00       5.390e+12  4.131781e-01  0.000000e+00  1.482911e-01  5.868219e-01
 2.80000e+00  2.00000e+00       2.434e+12  3.982385e-01  0.000000e+00  2.178414e-02  6.017615e-01
 3.50000e+00  2.00000e+00       7.942e+11  3.964973e-01  0.000000e+00 -1.828239e-02  6.035027e-01
 4.20000e+00  2.00000e+00       1.716e+11  3.284235e-01  0.000000e+00 -4.311108e-02  6.715765e-01
 4.90000e+00  2.00000e+00       2.534e+10  2.972970e-01  0.000000e+00  5.519104e-02  7.027030e-01
 5.60000e+00  2.00000e+00       2.840e+09  3.558844e-01  0.000000e+00  3.968067e-02  6.441156e-01
 6.30000e+00  2.00000e+00       3.151e+08 -5.011380e-02  0.000000e+00 -9.605248e-03  9.498862e-01
 7.00000e+00  2.00000e+00       6.060e+07 -4.868305e-01  0.000000e+00  3.533680e-01  5.131695e-01
-7.00000e+00  2.40000e+00       4.150e+07 -6.570427e-01  0.000000e+00 -2.096604e-01  3.429573e-01
-6.30000e+00  2.40000e+00       1.545e+08 -5.702622e-01  0.000000e+00  7.771256e-02  4.297378e-01
-5.60000e+00  2.40000e+00       5.087e+08 -2.835708e-01  0.000000e+00  3.574405e-01  7.164292e-01
-4.90000e+00  2.40000e+00       2.069e+09  1.079018e-01  0.000000e+00  3.464900e-01  8.920982e-01
-4.20000e+00  2.40000e+00       9.670e+09  2.573778e-01  0.000000e+00  1.540459e-01  7.426222e-01
-3.50000e+00  2.40000e+00       3.972e+10  2.665660e-01  0.000000e+00  6.918606e-02  7.334340e-01
-2.80000e+00  2.40000e+00       1.287e+11  3.264021e-01  0.000000e+00  2.967079e-02  6.735979e-01
-2.10000e+00  2.40000e+00       3.203e+11  4.450541e-01  0.000000e+00  6.874435e-02  5.549459e-01
-1.40000e+00  2.40000e+00       6.269e+11  4.293313e-01  0.000000e+00  2.415659e-01  5.706687e-01
-7.00000e-01  2.40000e+00       1.033e+12  2.225060e-01  0.000000e+00  2.801822e-01  7.774940e-01
 0.00000e+00  2.40000e+00       1.272e+12  1.378698e-01  0.000000e+00  7.849338e-15  8.621302e-01
 7.00000e-01  2.40000e+00       1.033e+12  2.225060e-01  0.000000e+00 -2.801822e-01  7.774940e-01
 1.40000e+00  2.40000e+00       6.269e+11  4.293313e-01  0.000000e+00 -2.415659e-01  5.706687e-01
 2.10000e+00  2.40000e+00       3.203e+11  4.450541e-01  0.000000e+00 -6.874435e-02  5.549459e-01
 2.80000e+00  2.40000e+00       1.287e+11  3.264021e-01  0.000000e+00 -2.967079e-02  6.735979e-01
 3.50000e+00  2.40000e+00       3.972e+10  2.665660e-01  0.000000e+00 -6.918606e-02  7.334340e-01
 4.20000e+00  2.40000e+00       9.670e+09  2.573778e-01  0.000000e+00 -1.540459e-01  7.426222e-01
 4.90000e+00  2.40000e+00       2.069e+09  1.079018e-01  0.000000e+00 -3.464900e-01  8.920982e-01
 5.60000e+00  2.40000e+00       5.087e+08 -2.835708e-01  0.000000e+00 -3.574405e-01  7.164292e-01
 6.30000e+00  2.40000e+00       1.545e+08 -5.702622e-01  0.000000e+00 -7.771256e-02  4.297378e-01
 7.00000e+00  2.40000e+00       4.150e+07 -6.570427e-01  0.000000e+00  2.096604e-01  3.429573e-01
-7.00000e+00  2.80000e+00       2.547e+07 -7.037925e-01  0.000000e+00  3.274457e-02  2.962075e-01
-6.30000e+00  2.80000e+00       1.174e+08 -6.059308e-01  0.000000e+00  2.104149e-01  3.940692e-01
-5.60000e+00  2.80000e+00       3.452e+08 -4.017111e-01  0.000000e+00  4.220729e-01  5.982889e-01
-4.90000e+00  2.80000e+00       8.491e+08 -1.134662e-01  0.000000e+00  5.453594e-01  8.865338e-01
-4.20000e+00  2.80000e+00       1.951e+09  1.434913e-01  0.000000e+00  5.112642e-01  8.565087e-01
-3.50000e+00  2.80000e+00       4.054e+09  2.939242e-01  0.000000e+00  3.864410e-01  7.060758e-01
-2.80000e+00  2.80000e+00       8.459e+09  3.830171e-01  0.000000e+00  2.196854e-01  6.169829e-01
-2.10000e+00  2.80000e+00       1.571e+10  3.303591e-01  0.000000e+00  1.001147e-01  6.696409e-01
-1.40000e+00  2.80000e+00       2.770e+10  2.532305e-01  0.000000e+00  4.316166e-02  7.467695e-01
-7.00000e-01  2.80000e+00       8.748e+10  5.845756e-01  0.000000e+00  1.039159e-02  4.154244e-01
 0.00000e+00  2.80000e+00       1.490e+11  6.895332e-01  0.000000e+00 -1.052782e-16  3.104668e-01
 7.00000e-01  2.80000e+00       8.748e+10  5.845756e-01  0.000000e+00 -1.039159e-02  4.154244e-01
 1.40000e+00  2.80000e+00       2.770e+10  2.532305e-01  0.000000e+00 -4.316166e-02  7.467695e-01
 2.10000e+00  2.80000e+00       1.571e+10  3.303591e-01  0.000000e+00 -1.001147e-01  6.696409e-01
 2.80000e+00  2.80000e+00       8.459e+09  3.830171e-01  0.000000e+00 -2.196854e-01  6.169829e-01
 3.50000e+00  2.80000e+00       4.054e+09  2.939242e-01  0.000000e+00 -3.864410e-01  7.060758e-01
 4.20000e+00  2.80000e+00       1.951e+09  1.434913e-01  0.000000e+00 -5.112642e-01  8.565087e-01
 4.90000e+00  2.80000e+00       8.491e+08 -1.134662e-01  0.000000e+00 -5.453594e-01  8.865338e-01
 5.60000e+00  2.80000e+00       3.452e+08 -4.017111e-01  0.000000e+00 -4.220729e-01  5.982889e-01
 6.30000e+00  2.80000e+00       1.174e+08 -6.059308e-01  0.000000e+00 -2.104149e-01  3.940692e-01
 7.00000e+00  2.80000e+00       2.547e+07 -7.037925e-01  0.000000e+00 -3.274457e-02  2.962075e-01
-7.00000e+00  3.20000e+00       3.460e+06 -5.316366e-01  0.000000e+00  4.307382e-01  4.683634e-01
-6.30000e+00  3.20000e+00       3.975e+07 -4.709758e-01  0.000000e+00  4.725024e-01  5.290242e-01
-5.60000e+00  3.20000e+00       1.917e+08 -3.513995e-01  0.000000e+00  5.353003e-01  6.486005e-01
-4.90000e+00  3.20000e+00       5.308e+08 -1.420763e-01  0.000000e+00  5.903216e-01  8.579237e-01
-4.20000e+00  3.20000e+00       1.147e+09  8.023966e-02  0.000000e+00  5.760107e-01  9.197603e-01
-3.50000e+00  3.20000e+00       1.960e+09  2.320722e-01  0.000000e+00  5.211267e-01  7.679278e-01
-2.80000e+00  3.20000e+00       3.198e+09  4.078137e-01  0.000000e+00  4.064983e-01  5.921863e-01
-2.10000e+00  3.20000e+00       4.671e+09  2.974839e-01  0.000000e+00  4.839345e-01  7.025161e-01
-1.40000e+00  3.20000e+00       9.432e+09  7.104415e-02  0.000000e+00  4.976944e-01  9.289559e-01
-7.00000e-01  3.20000e+00       5.637e+10  6.215724e-01  0.000000e+00  7.858682e-02  3.784276e-01
 0.00000e+00  3.20000e+00       1.069e+11  7.161553e-01  0.000000e+00 -3.470362e-16  2.838447e-01
 7.00000e-01  3.20000e+00       5.637e+10  6.215724e-01  0.000000e+00 -7.858682e-02  3.784276e-01
 1.40000e+00  3.20000e+00       9.432e+09  7.104415e-02  0.000000e+00 -4.976944e-01  9.289559e-01
 2.10000e+00  3.20000e+00       4.671e+09  2.974839e-01  0.000000e+00 -4.839345e-01  7.025161e-01
 2.80000e+00  3.20000e+00       3.198e+09  4.078137e-01  0.000000e+00 -4.064983e-01  5.921863e-01
 3.50000e+00  3.20000e+00       1.960e+09  2.320722e-01  0.000000e+00 -5.211267e-01  7.679278e-01
 4.20000e+00  3.20000e+00       1.147e+09  8.023966e-02  0.000000e+00 -5.760107e-01  9.197603e-01
 4.90000e+00  3.20000e+00       5.308e+08 -1.420763e-01  0.000000e+00 -5.903216e-01  8.579237e-01
 5.60000e+00  3.20000e+00       1.917e+08 -3.513995e-01  0.000000e+00 -5.353003e-01  6.486005e-01
 6.30000e+00  3.20000e+00       3.975e+07 -4.709758e-01  0.000000e+00 -4.725024e-01  5.290242e-01
 7.00000e+00  3.20000e+00       3.460e+06 -5.316366e-01  0.000000e+00 -4.307382e-01  4.683634e-01
-7.00000e+00  3.60000e+00       2.738e+05 -3.147916e-01  0.000000e+00  6.004218e-01  6.852084e-01
-6.30000e+00  3.60000e+00       6.759e+06 -2.866867e-01  0.000000e+00  6.179454e-01  7.133133e-01
-5.60000e+00  3.60000e+00       6.193e+07 -2.218911e-01  0.000000e+00  6.378586e-01  7.781089e-01
-4.90000e+00  3.60000e+00       2.665e+08 -9.287323e-02  0.000000e+00  6.413039e-01  9.071268e-01
-4.20000e+00  3.60000e+00       6.916e+08  5.763959e-02  0.000000e+00  6.089734e-01  9.423604e-01
-3.50000e+00  3.60000e+00       1.191e+09  1.760822e-01  0.000000e+00  5.791734e-01  8.239178e-01
-2.80000e+00  3.60000e+00       1.872e+09  3.803267e-01  0.000000e+00  4.743711e-01  6.196733e-01
-2.10000e+00  3.60000e+00       2.589e+09  2.217301e-01  0.000000e+00  5.853967e-01  7.782699e-01
-1.40000e+00  3.60000e+00       6.145e+09  6.448567e-03  0.000000e+00  5.054609e-01  9.935514e-01
-7.00000e-01  3.60000e+00       4.433e+10  6.395057e-01  0.000000e+00  6.624483e-02  3.604943e-01
 0.00000e+00  3.60000e+00       8.548e+10  7.287352e-01  0.000000e+00 -2.443171e-16  2.712648e-01
 7.00000e-01  3.60000e+00       4.433e+10  6.395057e-01  0.000000e+00 -6.624483e-02  3.604943e-01
 1.40000e+00  3.60000e+00       6.145e+09  6.448567e-03  0.000000e+00 -5.054609e-01  9.935514e-01
 2.10000e+00  3.60000e+00       2.589e+09  2.217301e-01  0.000000e+00 -5.853967e-01  7.782699e-01
 2.80000e+00  3.60000e+00       1.872e+09  3.803267e-01  0.000000e+00 -4.743711e-01  6.196733e-01
 3.50000e+00  3.60000e+00       1.191e+09  1.760822e-01  0.000000e+00 -5.791734e-01  8.239178e-01
 4.20000e+00  3.60000e+00       6.916e+08  5.763959e-02  0.000000e+00 -6.089734e-01  9.423604e-01
 4.90000e+00  3.60000e+00       2.665e+08 -9.287323e-02  0.000000e+00 -6.413039e-01  9.071268e-01
 5.60000e+00  3.60000e+00       6.193e+07 -2.218911e-01  0.000000e+00 -6.378586e-01  7.781089e-01
 6.30000e+00  3.60000e+00       6.759e+06 -2.866867e-01  0.000000e+00 -6.179454e-01  7.133133e-01
 7.00000e+00  3.60000e+00       2.738e+05 -3.147916e-01  0.000000e+00 -6.004218e-01  6.852084e-01
-7.00000e+00  4.00000e+00       1.767e+03  5.068005e-01  0.000000e+00  4.952942e-02  4.931995e-01
-6.30000e+00  4.00000e+00       7.669e+04  9.735890e-01  0.000000e+00  3.713731e-01  2.641100e-02
-5.60000e+00  4.00000e+00       1.274e+06  1.916594e-01  0.000000e+00  9.154713e-01  8.083406e-01
-4.90000e+00  4.00000e+00       1.749e+07 -3.119024e-01  0.000000e+00  9.780459e-01  6.880976e-01
-4.20000e+00  4.00000e+00       1.475e+08 -2.138476e-02  0.000000e+00  6.906543e-01  9.786152e-01
-3.50000e+00  4.00000e+00       4.032e+08  5.998528e-02  0.000000e+00  7.070053e-01  9.400147e-01
-2.80000e+00  4.00000e+00       8.675e+08  3.706728e-01  0.000000e+00  5.675210e-01  6.293272e-01
-2.10000e+00  4.00000e+00       1.295e+09  7.091834e-02  0.000000e+00  7.555484e-01  9.290817e-01
-1.40000e+00  4.00000e+00       4.024e+09 -1.039957e-01  0.000000e+00  5.218756e-01  8.960043e-01
-7.00000e-01  4.00000e+00       3.566e+10  6.552837e-01  0.000000e+00  5.612172e-02  3.447163e-01
 0.00000e+00  4.00000e+00       6.991e+10  7.422738e-01  0.000000e+00 -2.041452e-16  2.577262e-01
 7.00000e-01  4.00000e+00       3.566e+10  6.552837e-01  0.000000e+00 -5.612172e-02  3.447163e-01
 1.40000e+00  4.00000e+00       4.024e+09 -1.039957e-01  0.000000e+00 -5.218756e-01  8.960043e-01
 2.10000e+00  4.00000e+00       1.295e+09  7.091834e-02  0.000000e+00 -7.555484e-01  9.290817e-01
 2.80000e+00  4.00000e+00       8.675e+08  3.706728e-01  0.000000e+00 -5.675210e-01  6.293272e-01
 3.50000e+00  4.00000e+00       4.032e+08  5.998528e-02  0.000000e+00 -7.070053e-01  9.400147e-01
 4.20000e+00  4.00000e+00       1.475e+08 -2.138476e-02  0.000000e+00 -6.906543e-01  9.786152e-01
 4.90000e+00  4.00000e+00       1.749e+07 -3.119024e-01  0.000000e+00 -9.780459e-01  6.880976e-01
 5.60000e+00  4.00000e+00       1.274e+06  1.916594e-01  0.000000e+00 -9.154713e-01  8.083406e-01
 6.30000e+00  4.00000e+00       7.669e+04  9.735890e-01  0.000000e+00 -3.713731e-01  2.641100e-02
 7.00000e+00  4.00000e+00       1.767e+03  5.068004e-01  0.000000e+00 -4.952936e-02  4.931996e-01
