 EB(GeV)    EMITTANCEx EMITTANCEy SIZEx(m)   SIZEy(m)   DIVx(rad)  DIVy(rad)
 2.411e+00  5.499e-09  1.017e-12  8.711e-05  1.009e-06  6.313e-05  1.009e-06
 betax      alphax     betay      alphay     eta        deta       E_spread  
 1.380e+00  0.000e+00  1.000e+00  0.000e+00  0.000e+00  0.000e+00  8.600e-04
 Ibeam(A)   period(cm) #periods   Kx         Ky         Energy(eV)
 4.005e-01  1.900e+00         96  0.000e+00  1.780e+00  1.718e+04


           x            y       F.Density            PL            PC          PL45        1-|PL|
          mm           mm  ph/s/mr^2/0.1%             -             -             -             -
-7.00000e+00 -4.00000e+00       2.775e+02 -5.999941e-01  0.000000e+00  3.990687e-02  4.000059e-01
-6.30000e+00 -4.00000e+00       1.843e+03 -2.890123e-01  0.000000e+00 -8.920863e-02  7.109877e-01
-5.60000e+00 -4.00000e+00       4.689e+04  1.393214e-02  0.000000e+00 -4.258063e-01  9.860679e-01
-4.90000e+00 -4.00000e+00       2.274e+06  2.877748e-01  0.000000e+00 -4.294092e-01  7.122252e-01
-4.20000e+00 -4.00000e+00       2.832e+07  3.286535e-01  0.000000e+00 -4.549982e-01  6.713465e-01
-3.50000e+00 -4.00000e+00       1.203e+08  3.645983e-01  0.000000e+00 -4.586476e-01  6.354017e-01
-2.80000e+00 -4.00000e+00       2.245e+08  2.860721e-01  0.000000e+00 -4.959770e-01  7.139279e-01
-2.10000e+00 -4.00000e+00       3.610e+08 -1.926720e-01  0.000000e+00 -6.671404e-01  8.073280e-01
-1.40000e+00 -4.00000e+00       1.494e+09  2.179132e-01  0.000000e+00 -3.444802e-01  7.820868e-01
-7.00000e-01 -4.00000e+00       1.147e+10  8.309652e-01  0.000000e+00 -4.777260e-02  1.690348e-01
 0.00000e+00 -4.00000e+00       1.952e+10  8.840674e-01  0.000000e+00 -1.470352e-16  1.159326e-01
 7.00000e-01 -4.00000e+00       1.147e+10  8.309652e-01  0.000000e+00  4.777260e-02  1.690348e-01
 1.40000e+00 -4.00000e+00       1.494e+09  2.179132e-01  0.000000e+00  3.444802e-01  7.820868e-01
 2.10000e+00 -4.00000e+00       3.610e+08 -1.926720e-01  0.000000e+00  6.671404e-01  8.073280e-01
 2.80000e+00 -4.00000e+00       2.245e+08  2.860721e-01  0.000000e+00  4.959770e-01  7.139279e-01
 3.50000e+00 -4.00000e+00       1.203e+08  3.645983e-01  0.000000e+00  4.586476e-01  6.354017e-01
 4.20000e+00 -4.00000e+00       2.832e+07  3.286535e-01  0.000000e+00  4.549982e-01  6.713465e-01
 4.90000e+00 -4.00000e+00       2.274e+06  2.877748e-01  0.000000e+00  4.294092e-01  7.122252e-01
 5.60000e+00 -4.00000e+00       4.689e+04  1.393214e-02  0.000000e+00  4.258063e-01  9.860679e-01
 6.30000e+00 -4.00000e+00       1.843e+03 -2.890122e-01  0.000000e+00  8.920863e-02  7.109878e-01
 7.00000e+00 -4.00000e+00       2.775e+02 -5.999939e-01  0.000000e+00 -3.990731e-02  4.000061e-01
-7.00000e+00 -3.60000e+00       5.096e+02 -5.980049e-01  0.000000e+00 -2.480727e-02  4.019951e-01
-6.30000e+00 -3.60000e+00       5.864e+03 -2.708336e-01  0.000000e+00 -4.366580e-01  7.291664e-01
-5.60000e+00 -3.60000e+00       4.095e+05  2.268385e-01  0.000000e+00 -5.108814e-01  7.731615e-01
-4.90000e+00 -3.60000e+00       1.152e+07  2.835145e-01  0.000000e+00 -4.884481e-01  7.164855e-01
-4.20000e+00 -3.60000e+00       1.169e+08  3.260707e-01  0.000000e+00 -4.623777e-01  6.739293e-01
-3.50000e+00 -3.60000e+00       5.019e+08  3.741342e-01  0.000000e+00 -4.208949e-01  6.258658e-01
-2.80000e+00 -3.60000e+00       1.091e+09  3.898001e-01  0.000000e+00 -3.730247e-01  6.101999e-01
-2.10000e+00 -3.60000e+00       1.257e+09  8.613281e-02  0.000000e+00 -4.734326e-01  9.138672e-01
-1.40000e+00 -3.60000e+00       2.985e+09  3.211739e-01  0.000000e+00 -2.927113e-01  6.788261e-01
-7.00000e-01 -3.60000e+00       1.484e+10  7.988961e-01  0.000000e+00 -5.482570e-02  2.011039e-01
 0.00000e+00 -3.60000e+00       2.448e+10  8.590979e-01  0.000000e+00 -1.669870e-16  1.409021e-01
 7.00000e-01 -3.60000e+00       1.484e+10  7.988961e-01  0.000000e+00  5.482570e-02  2.011039e-01
 1.40000e+00 -3.60000e+00       2.985e+09  3.211739e-01  0.000000e+00  2.927113e-01  6.788261e-01
 2.10000e+00 -3.60000e+00       1.257e+09  8.613281e-02  0.000000e+00  4.734326e-01  9.138672e-01
 2.80000e+00 -3.60000e+00       1.091e+09  3.898001e-01  0.000000e+00  3.730247e-01  6.101999e-01
 3.50000e+00 -3.60000e+00       5.019e+08  3.741342e-01  0.000000e+00  4.208949e-01  6.258658e-01
 4.20000e+00 -3.60000e+00       1.169e+08  3.260707e-01  0.000000e+00  4.623777e-01  6.739293e-01
 4.90000e+00 -3.60000e+00       1.152e+07  2.835145e-01  0.000000e+00  4.884481e-01  7.164855e-01
 5.60000e+00 -3.60000e+00       4.095e+05  2.268385e-01  0.000000e+00  5.108814e-01  7.731615e-01
 6.30000e+00 -3.60000e+00       5.864e+03 -2.708336e-01  0.000000e+00  4.366580e-01  7.291664e-01
 7.00000e+00 -3.60000e+00       5.096e+02 -5.980049e-01  0.000000e+00  2.480727e-02  4.019951e-01
-7.00000e+00 -3.20000e+00       2.512e+05 -3.293553e-01  0.000000e+00 -5.642881e-01  6.706447e-01
-6.30000e+00 -3.20000e+00       6.268e+06 -2.741713e-01  0.000000e+00 -5.796567e-01  7.258287e-01
-5.60000e+00 -3.20000e+00       6.032e+07 -1.813907e-01  0.000000e+00 -5.931382e-01  8.186093e-01
-4.90000e+00 -3.20000e+00       2.662e+08 -3.837046e-02  0.000000e+00 -5.908353e-01  9.616295e-01
-4.20000e+00 -3.20000e+00       6.811e+08  1.425014e-01  0.000000e+00 -5.466592e-01  8.574986e-01
-3.50000e+00 -3.20000e+00       1.274e+09  3.124979e-01  0.000000e+00 -4.521975e-01  6.875021e-01
-2.80000e+00 -3.20000e+00       1.988e+09  3.992610e-01  0.000000e+00 -3.507738e-01  6.007390e-01
-2.10000e+00 -3.20000e+00       2.294e+09  2.177283e-01  0.000000e+00 -3.796161e-01  7.822717e-01
-1.40000e+00 -3.20000e+00       4.528e+09  3.547021e-01  0.000000e+00 -2.742575e-01  6.452979e-01
-7.00000e-01 -3.20000e+00       1.892e+10  7.877668e-01  0.000000e+00 -5.991912e-02  2.122332e-01
 0.00000e+00 -3.20000e+00       3.052e+10  8.533220e-01  0.000000e+00 -1.004566e-16  1.466780e-01
 7.00000e-01 -3.20000e+00       1.892e+10  7.877668e-01  0.000000e+00  5.991912e-02  2.122332e-01
 1.40000e+00 -3.20000e+00       4.528e+09  3.547021e-01  0.000000e+00  2.742575e-01  6.452979e-01
 2.10000e+00 -3.20000e+00       2.294e+09  2.177283e-01  0.000000e+00  3.796161e-01  7.822717e-01
 2.80000e+00 -3.20000e+00       1.988e+09  3.992610e-01  0.000000e+00  3.507738e-01  6.007390e-01
 3.50000e+00 -3.20000e+00       1.274e+09  3.124979e-01  0.000000e+00  4.521975e-01  6.875021e-01
 4.20000e+00 -3.20000e+00       6.811e+08  1.425014e-01  0.000000e+00  5.466592e-01  8.574986e-01
 4.90000e+00 -3.20000e+00       2.662e+08 -3.837046e-02  0.000000e+00  5.908353e-01  9.616295e-01
 5.60000e+00 -3.20000e+00       6.032e+07 -1.813907e-01  0.000000e+00  5.931382e-01  8.186093e-01
 6.30000e+00 -3.20000e+00       6.268e+06 -2.741713e-01  0.000000e+00  5.796567e-01  7.258287e-01
 7.00000e+00 -3.20000e+00       2.512e+05 -3.293553e-01  0.000000e+00  5.642881e-01  6.706447e-01
-7.00000e+00 -2.80000e+00       8.178e+05 -4.606369e-01  0.000000e+00 -4.687986e-01  5.393631e-01
-6.30000e+00 -2.80000e+00       1.234e+07 -4.531295e-01  0.000000e+00 -4.725837e-01  5.468705e-01
-5.60000e+00 -2.80000e+00       6.098e+07 -3.881224e-01  0.000000e+00 -4.770103e-01  6.118776e-01
-4.90000e+00 -2.80000e+00       1.838e+08 -6.160490e-03  0.000000e+00 -4.844736e-01  9.938395e-01
-4.20000e+00 -2.80000e+00       7.830e+08  3.100023e-01  0.000000e+00 -4.540438e-01  6.899977e-01
-3.50000e+00 -2.80000e+00       2.382e+09  3.990978e-01  0.000000e+00 -3.790455e-01  6.009022e-01
-2.80000e+00 -2.80000e+00       4.681e+09  4.445314e-01  0.000000e+00 -2.860899e-01  5.554686e-01
-2.10000e+00 -2.80000e+00       6.157e+09  3.515165e-01  0.000000e+00 -2.520465e-01  6.484835e-01
-1.40000e+00 -2.80000e+00       9.675e+09  3.802380e-01  0.000000e+00 -1.615351e-01  6.197620e-01
-7.00000e-01 -2.80000e+00       2.991e+10  7.225374e-01  0.000000e+00 -3.131550e-02  2.774626e-01
 0.00000e+00 -2.80000e+00       4.611e+10  7.956580e-01  0.000000e+00  9.162593e-16  2.043420e-01
 7.00000e-01 -2.80000e+00       2.991e+10  7.225374e-01  0.000000e+00  3.131550e-02  2.774626e-01
 1.40000e+00 -2.80000e+00       9.675e+09  3.802380e-01  0.000000e+00  1.615351e-01  6.197620e-01
 2.10000e+00 -2.80000e+00       6.157e+09  3.515165e-01  0.000000e+00  2.520465e-01  6.484835e-01
 2.80000e+00 -2.80000e+00       4.681e+09  4.445314e-01  0.000000e+00  2.860899e-01  5.554686e-01
 3.50000e+00 -2.80000e+00       2.382e+09  3.990978e-01  0.000000e+00  3.790455e-01  6.009022e-01
 4.20000e+00 -2.80000e+00       7.830e+08  3.100023e-01  0.000000e+00  4.540438e-01  6.899977e-01
 4.90000e+00 -2.80000e+00       1.838e+08 -6.160490e-03  0.000000e+00  4.844736e-01  9.938395e-01
 5.60000e+00 -2.80000e+00       6.098e+07 -3.881224e-01  0.000000e+00  4.770103e-01  6.118776e-01
 6.30000e+00 -2.80000e+00       1.234e+07 -4.531295e-01  0.000000e+00  4.725837e-01  5.468705e-01
 7.00000e+00 -2.80000e+00       8.178e+05 -4.606369e-01  0.000000e+00  4.687986e-01  5.393631e-01
-7.00000e+00 -2.40000e+00       1.291e+07 -6.661597e-01  0.000000e+00 -9.725126e-03  3.338403e-01
-6.30000e+00 -2.40000e+00       7.663e+07 -5.681792e-01  0.000000e+00 -1.772865e-01  4.318208e-01
-5.60000e+00 -2.40000e+00       2.702e+08 -3.439041e-01  0.000000e+00 -3.862861e-01  6.560959e-01
-4.90000e+00 -2.40000e+00       7.750e+08 -2.766768e-02  0.000000e+00 -4.928340e-01  9.723323e-01
-4.20000e+00 -2.40000e+00       2.063e+09  2.364357e-01  0.000000e+00 -4.109101e-01  7.635643e-01
-3.50000e+00 -2.40000e+00       5.540e+09  3.641000e-01  0.000000e+00 -2.365615e-01  6.359000e-01
-2.80000e+00 -2.40000e+00       1.442e+10  3.607333e-01  0.000000e+00 -1.462320e-01  6.392667e-01
-2.10000e+00 -2.40000e+00       3.085e+10  2.195293e-01  0.000000e+00 -2.174653e-01  7.804707e-01
-1.40000e+00 -2.40000e+00       6.065e+10  7.378020e-02  0.000000e+00 -3.182370e-01  9.262198e-01
-7.00000e-01 -2.40000e+00       1.282e+11  2.213166e-01  0.000000e+00 -1.936837e-01  7.786834e-01
 0.00000e+00 -2.40000e+00       1.767e+11  3.086654e-01  0.000000e+00  1.212156e-15  6.913346e-01
 7.00000e-01 -2.40000e+00       1.282e+11  2.213166e-01  0.000000e+00  1.936837e-01  7.786834e-01
 1.40000e+00 -2.40000e+00       6.065e+10  7.378020e-02  0.000000e+00  3.182370e-01  9.262198e-01
 2.10000e+00 -2.40000e+00       3.085e+10  2.195293e-01  0.000000e+00  2.174653e-01  7.804707e-01
 2.80000e+00 -2.40000e+00       1.442e+10  3.607333e-01  0.000000e+00  1.462320e-01  6.392667e-01
 3.50000e+00 -2.40000e+00       5.540e+09  3.641000e-01  0.000000e+00  2.365615e-01  6.359000e-01
 4.20000e+00 -2.40000e+00       2.063e+09  2.364357e-01  0.000000e+00  4.109101e-01  7.635643e-01
 4.90000e+00 -2.40000e+00       7.750e+08 -2.766768e-02  0.000000e+00  4.928340e-01  9.723323e-01
 5.60000e+00 -2.40000e+00       2.702e+08 -3.439041e-01  0.000000e+00  3.862861e-01  6.560959e-01
 6.30000e+00 -2.40000e+00       7.663e+07 -5.681792e-01  0.000000e+00  1.772865e-01  4.318208e-01
 7.00000e+00 -2.40000e+00       1.291e+07 -6.661597e-01  0.000000e+00  9.725126e-03  3.338403e-01
-7.00000e+00 -2.00000e+00       1.589e+07 -5.821578e-01  0.000000e+00  2.185992e-01  4.178422e-01
-6.30000e+00 -2.00000e+00       8.676e+07 -4.689887e-01  0.000000e+00 -6.347360e-02  5.310113e-01
-5.60000e+00 -2.00000e+00       4.317e+08 -1.083582e-01  0.000000e+00 -2.819768e-01  8.916418e-01
-4.90000e+00 -2.00000e+00       2.927e+09  2.946656e-01  0.000000e+00 -2.119116e-01  7.053344e-01
-4.20000e+00 -2.00000e+00       1.957e+10  3.984292e-01  0.000000e+00 -6.580512e-02  6.015708e-01
-3.50000e+00 -2.00000e+00       9.532e+10  3.891922e-01  0.000000e+00 -2.629397e-02  6.108078e-01
-2.80000e+00 -2.00000e+00       3.213e+11  3.667504e-01  0.000000e+00  1.614389e-03  6.332496e-01
-2.10000e+00 -2.00000e+00       7.519e+11  2.848421e-01  0.000000e+00  8.006589e-02  7.151579e-01
-1.40000e+00 -2.00000e+00       1.262e+12  1.566618e-01  0.000000e+00  8.981238e-02  8.433382e-01
-7.00000e-01 -2.00000e+00       1.454e+12  5.207064e-02  0.000000e+00 -7.280930e-02  9.479294e-01
 0.00000e+00 -2.00000e+00       1.330e+12  1.330488e-02  0.000000e+00 -8.176013e-15  9.866951e-01
 7.00000e-01 -2.00000e+00       1.454e+12  5.207064e-02  0.000000e+00  7.280930e-02  9.479294e-01
 1.40000e+00 -2.00000e+00       1.262e+12  1.566618e-01  0.000000e+00 -8.981238e-02  8.433382e-01
 2.10000e+00 -2.00000e+00       7.519e+11  2.848421e-01  0.000000e+00 -8.006589e-02  7.151579e-01
 2.80000e+00 -2.00000e+00       3.213e+11  3.667504e-01  0.000000e+00 -1.614389e-03  6.332496e-01
 3.50000e+00 -2.00000e+00       9.532e+10  3.891922e-01  0.000000e+00  2.629397e-02  6.108078e-01
 4.20000e+00 -2.00000e+00       1.957e+10  3.984292e-01  0.000000e+00  6.580512e-02  6.015708e-01
 4.90000e+00 -2.00000e+00       2.927e+09  2.946656e-01  0.000000e+00  2.119116e-01  7.053344e-01
 5.60000e+00 -2.00000e+00       4.317e+08 -1.083582e-01  0.000000e+00  2.819768e-01  8.916418e-01
 6.30000e+00 -2.00000e+00       8.676e+07 -4.689887e-01  0.000000e+00  6.347360e-02  5.310113e-01
 7.00000e+00 -2.00000e+00       1.589e+07 -5.821578e-01  0.000000e+00 -2.185992e-01  4.178422e-01
-7.00000e+00 -1.60000e+00       2.747e+07 -2.952899e-01  0.000000e+00  3.073965e-01  7.047101e-01
-6.30000e+00 -1.60000e+00       2.888e+08  3.206994e-01  0.000000e+00 -2.815739e-02  6.793006e-01
-5.60000e+00 -1.60000e+00       4.393e+09  5.791022e-01  0.000000e+00  7.299675e-02  4.208978e-01
-4.90000e+00 -1.60000e+00       4.777e+10  4.673990e-01  0.000000e+00  8.307102e-02  5.326010e-01
-4.20000e+00 -1.60000e+00       3.465e+11  4.539790e-01  0.000000e+00 -2.529042e-02  5.460210e-01
-3.50000e+00 -1.60000e+00       1.631e+12  4.999722e-01  0.000000e+00 -3.268783e-02  5.000278e-01
-2.80000e+00 -1.60000e+00       4.960e+12  4.950787e-01  0.000000e+00 -3.247699e-02  5.049213e-01
-2.10000e+00 -1.60000e+00       1.063e+13  4.603551e-01  0.000000e+00 -1.002595e-01  5.396449e-01
-1.40000e+00 -1.60000e+00       1.823e+13  4.950835e-01  0.000000e+00 -1.509011e-01  5.049165e-01
-7.00000e-01 -1.60000e+00       2.609e+13  6.944722e-01  0.000000e+00 -8.745527e-02  3.055278e-01
 0.00000e+00 -1.60000e+00       2.831e+13  8.139353e-01  0.000000e+00 -1.684176e-16  1.860647e-01
 7.00000e-01 -1.60000e+00       2.609e+13  6.944722e-01  0.000000e+00  8.745527e-02  3.055278e-01
 1.40000e+00 -1.60000e+00       1.823e+13  4.950835e-01  0.000000e+00  1.509011e-01  5.049165e-01
 2.10000e+00 -1.60000e+00       1.063e+13  4.603551e-01  0.000000e+00  1.002595e-01  5.396449e-01
 2.80000e+00 -1.60000e+00       4.960e+12  4.950787e-01  0.000000e+00  3.247699e-02  5.049213e-01
 3.50000e+00 -1.60000e+00       1.631e+12  4.999722e-01  0.000000e+00  3.268783e-02  5.000278e-01
 4.20000e+00 -1.60000e+00       3.465e+11  4.539790e-01  0.000000e+00  2.529042e-02  5.460210e-01
 4.90000e+00 -1.60000e+00       4.777e+10  4.673990e-01  0.000000e+00 -8.307102e-02  5.326010e-01
 5.60000e+00 -1.60000e+00       4.393e+09  5.791022e-01  0.000000e+00 -7.299675e-02  4.208978e-01
 6.30000e+00 -1.60000e+00       2.888e+08  3.206994e-01  0.000000e+00  2.815739e-02  6.793006e-01
 7.00000e+00 -1.60000e+00       2.747e+07 -2.952899e-01  0.000000e+00 -3.073965e-01  7.047101e-01
-7.00000e+00 -1.20000e+00       6.051e+07 -3.812538e-02  0.000000e+00  2.461318e-01  9.618746e-01
-6.30000e+00 -1.20000e+00       1.812e+09  2.881024e-01  0.000000e+00 -3.069954e-01  7.118976e-01
-5.60000e+00 -1.20000e+00       4.587e+10  6.154834e-01  0.000000e+00 -3.007157e-01  3.845166e-01
-4.90000e+00 -1.20000e+00       5.686e+11  7.316477e-01  0.000000e+00 -1.047661e-01  2.683523e-01
-4.20000e+00 -1.20000e+00       3.447e+12  6.848077e-01  0.000000e+00  2.692071e-02  3.151923e-01
-3.50000e+00 -1.20000e+00       1.303e+13  6.275571e-01  0.000000e+00  6.204275e-03  3.724429e-01
-2.80000e+00 -1.20000e+00       3.524e+13  6.240282e-01  0.000000e+00 -2.557400e-02  3.759718e-01
-2.10000e+00 -1.20000e+00       6.359e+13  5.458028e-01  0.000000e+00 -4.140422e-02  4.541972e-01
-1.40000e+00 -1.20000e+00       7.017e+13  2.824137e-01  0.000000e+00 -4.492114e-02  7.175863e-01
-7.00000e-01 -1.20000e+00       4.470e+13 -1.178806e-01  0.000000e+00 -3.995018e-04  8.821194e-01
 0.00000e+00 -1.20000e+00       2.620e+13 -3.590246e-01  0.000000e+00 -3.737935e-15  6.409754e-01
 7.00000e-01 -1.20000e+00       4.470e+13 -1.178806e-01  0.000000e+00  3.995018e-04  8.821194e-01
 1.40000e+00 -1.20000e+00       7.017e+13  2.824137e-01  0.000000e+00  4.492114e-02  7.175863e-01
 2.10000e+00 -1.20000e+00       6.359e+13  5.458028e-01  0.000000e+00  4.140422e-02  4.541972e-01
 2.80000e+00 -1.20000e+00       3.524e+13  6.240282e-01  0.000000e+00  2.557400e-02  3.759718e-01
 3.50000e+00 -1.20000e+00       1.303e+13  6.275571e-01  0.000000e+00 -6.204275e-03  3.724429e-01
 4.20000e+00 -1.20000e+00       3.447e+12  6.848077e-01  0.000000e+00 -2.692071e-02  3.151923e-01
 4.90000e+00 -1.20000e+00       5.686e+11  7.316477e-01  0.000000e+00  1.047661e-01  2.683523e-01
 5.60000e+00 -1.20000e+00       4.587e+10  6.154834e-01  0.000000e+00  3.007157e-01  3.845166e-01
 6.30000e+00 -1.20000e+00       1.812e+09  2.881024e-01  0.000000e+00  3.069954e-01  7.118976e-01
 7.00000e+00 -1.20000e+00       6.051e+07 -3.812538e-02  0.000000e+00 -2.461318e-01  9.618746e-01
-7.00000e+00 -8.00000e-01       3.682e+08  7.337135e-01  0.000000e+00  4.462510e-01  2.662865e-01
-6.30000e+00 -8.00000e-01       9.095e+09  5.716704e-01  0.000000e+00  3.540896e-01  4.283296e-01
-5.60000e+00 -8.00000e-01       1.604e+11  5.419970e-01  0.000000e+00 -1.516340e-02  4.580030e-01
-4.90000e+00 -8.00000e-01       2.156e+12  7.196811e-01  0.000000e+00 -1.845128e-01  2.803189e-01
-4.20000e+00 -8.00000e-01       1.546e+13  8.221209e-01  0.000000e+00 -9.544112e-02  1.778791e-01
-3.50000e+00 -8.00000e-01       5.555e+13  8.196695e-01  0.000000e+00 -5.541517e-03  1.803305e-01
-2.80000e+00 -8.00000e-01       1.325e+14  8.046886e-01  0.000000e+00  1.467452e-03  1.953114e-01
-2.10000e+00 -8.00000e-01       2.610e+14  8.410583e-01  0.000000e+00  3.546206e-03  1.589417e-01
-1.40000e+00 -8.00000e-01       4.089e+14  9.093147e-01  0.000000e+00 -8.996749e-03  9.068527e-02
-7.00000e-01 -8.00000e-01       3.774e+14  9.570119e-01  0.000000e+00 -3.643213e-02  4.298808e-02
 0.00000e+00 -8.00000e-01       2.587e+14  9.735730e-01  0.000000e+00  8.988617e-17  2.642701e-02
 7.00000e-01 -8.00000e-01       3.774e+14  9.570119e-01  0.000000e+00  3.643213e-02  4.298808e-02
 1.40000e+00 -8.00000e-01       4.089e+14  9.093147e-01  0.000000e+00  8.996749e-03  9.068527e-02
 2.10000e+00 -8.00000e-01       2.610e+14  8.410583e-01  0.000000e+00 -3.546206e-03  1.589417e-01
 2.80000e+00 -8.00000e-01       1.325e+14  8.046886e-01  0.000000e+00 -1.467452e-03  1.953114e-01
 3.50000e+00 -8.00000e-01       5.555e+13  8.196695e-01  0.000000e+00  5.541517e-03  1.803305e-01
 4.20000e+00 -8.00000e-01       1.546e+13  8.221209e-01  0.000000e+00  9.544112e-02  1.778791e-01
 4.90000e+00 -8.00000e-01       2.156e+12  7.196811e-01  0.000000e+00  1.845128e-01  2.803189e-01
 5.60000e+00 -8.00000e-01       1.604e+11  5.419970e-01  0.000000e+00  1.516340e-02  4.580030e-01
 6.30000e+00 -8.00000e-01       9.095e+09  5.716704e-01  0.000000e+00 -3.540896e-01  4.283296e-01
 7.00000e+00 -8.00000e-01       3.682e+08  7.337135e-01  0.000000e+00 -4.462510e-01  2.662865e-01
-7.00000e+00 -4.00000e-01       1.653e+09  9.757331e-01  0.000000e+00  1.360778e-01  2.426686e-02
-6.30000e+00 -4.00000e-01       3.968e+10  9.462891e-01  0.000000e+00  1.993854e-01  5.371095e-02
-5.60000e+00 -4.00000e-01       4.677e+11  8.917120e-01  0.000000e+00  1.807139e-01  1.082880e-01
-4.90000e+00 -4.00000e-01       4.183e+12  8.806948e-01  0.000000e+00 -5.575531e-03  1.193052e-01
-4.20000e+00 -4.00000e-01       3.086e+13  9.275460e-01  0.000000e+00 -7.297762e-02  7.245396e-02
-3.50000e+00 -4.00000e-01       1.220e+14  9.467290e-01  0.000000e+00 -2.777834e-02  5.327095e-02
-2.80000e+00 -4.00000e-01       2.759e+14  9.437759e-01  0.000000e+00  1.704585e-03  5.622413e-02
-2.10000e+00 -4.00000e-01       4.961e+14  9.476915e-01  0.000000e+00  2.851507e-02  5.230846e-02
-1.40000e+00 -4.00000e-01       7.656e+14  9.610957e-01  0.000000e+00  9.016326e-02  3.890426e-02
-7.00000e-01 -4.00000e-01       8.027e+14  9.679271e-01  0.000000e+00  1.283517e-01  3.207289e-02
 0.00000e+00 -4.00000e-01       6.553e+14  9.672491e-01  0.000000e+00 -3.545949e-15  3.275088e-02
 7.00000e-01 -4.00000e-01       8.027e+14  9.679271e-01  0.000000e+00 -1.283517e-01  3.207289e-02
 1.40000e+00 -4.00000e-01       7.656e+14  9.610957e-01  0.000000e+00 -9.016326e-02  3.890426e-02
 2.10000e+00 -4.00000e-01       4.961e+14  9.476915e-01  0.000000e+00 -2.851507e-02  5.230846e-02
 2.80000e+00 -4.00000e-01       2.759e+14  9.437759e-01  0.000000e+00 -1.704585e-03  5.622413e-02
 3.50000e+00 -4.00000e-01       1.220e+14  9.467290e-01  0.000000e+00  2.777834e-02  5.327095e-02
 4.20000e+00 -4.00000e-01       3.086e+13  9.275460e-01  0.000000e+00  7.297762e-02  7.245396e-02
 4.90000e+00 -4.00000e-01       4.183e+12  8.806948e-01  0.000000e+00  5.575531e-03  1.193052e-01
 5.60000e+00 -4.00000e-01       4.677e+11  8.917120e-01  0.000000e+00 -1.807139e-01  1.082880e-01
 6.30000e+00 -4.00000e-01       3.968e+10  9.462891e-01  0.000000e+00 -1.993854e-01  5.371095e-02
 7.00000e+00 -4.00000e-01       1.653e+09  9.757331e-01  0.000000e+00 -1.360778e-01  2.426686e-02
-7.00000e+00  0.00000e+00       2.661e+09  9.999896e-01  0.000000e+00 -1.572457e-14  1.041700e-05
-6.30000e+00  0.00000e+00       6.570e+10  9.999751e-01  0.000000e+00 -1.005943e-15  2.485685e-05
-5.60000e+00  0.00000e+00       7.400e+11  9.999427e-01  0.000000e+00 -3.094786e-16  5.731993e-05
-4.90000e+00  0.00000e+00       5.477e+12  9.999176e-01  0.000000e+00 -1.521585e-16  8.237498e-05
-4.20000e+00  0.00000e+00       3.757e+13  9.999440e-01  0.000000e+00 -6.417252e-16  5.597031e-05
-3.50000e+00  0.00000e+00       1.543e+14  9.999623e-01  0.000000e+00 -4.894058e-15  3.772248e-05
-2.80000e+00  0.00000e+00       3.519e+14  9.999622e-01  0.000000e+00 -1.438820e-14  3.778979e-05
-2.10000e+00  0.00000e+00       6.154e+14  9.999606e-01  0.000000e+00 -1.761958e-15  3.944985e-05
-1.40000e+00  0.00000e+00       8.626e+14  9.999605e-01  0.000000e+00  2.670766e-14  3.951505e-05
-7.00000e-01  0.00000e+00       7.627e+14  9.999650e-01  0.000000e+00  3.013214e-14  3.499486e-05
 0.00000e+00  0.00000e+00       5.403e+14  9.999700e-01  0.000000e+00  2.647381e-17  2.998110e-05
 7.00000e-01  0.00000e+00       7.627e+14  9.999650e-01  0.000000e+00 -3.009107e-14  3.499486e-05
 1.40000e+00  0.00000e+00       8.626e+14  9.999605e-01  0.000000e+00 -2.667884e-14  3.951505e-05
 2.10000e+00  0.00000e+00       6.154e+14  9.999606e-01  0.000000e+00  1.774191e-15  3.944985e-05
 2.80000e+00  0.00000e+00       3.519e+14  9.999622e-01  0.000000e+00  1.439655e-14  3.778979e-05
 3.50000e+00  0.00000e+00       1.543e+14  9.999623e-01  0.000000e+00  4.936736e-15  3.772248e-05
 4.20000e+00  0.00000e+00       3.757e+13  9.999440e-01  0.000000e+00  7.028169e-16  5.597031e-05
 4.90000e+00  0.00000e+00       5.477e+12  9.999176e-01  0.000000e+00  5.145468e-17  8.237498e-05
 5.60000e+00  0.00000e+00       7.400e+11  9.999427e-01  0.000000e+00  4.182892e-17  5.731993e-05
 6.30000e+00  0.00000e+00       6.570e+10  9.999751e-01  0.000000e+00  9.595109e-16  2.485685e-05
 7.00000e+00  0.00000e+00       2.661e+09  9.999896e-01  0.000000e+00  1.478623e-14  1.041700e-05
-7.00000e+00  4.00000e-01       1.653e+09  9.757331e-01  0.000000e+00 -1.360778e-01  2.426686e-02
-6.30000e+00  4.00000e-01       3.968e+10  9.462891e-01  0.000000e+00 -1.993854e-01  5.371095e-02
-5.60000e+00  4.00000e-01       4.677e+11  8.917120e-01  0.000000e+00 -1.807139e-01  1.082880e-01
-4.90000e+00  4.00000e-01       4.183e+12  8.806948e-01  0.000000e+00  5.575531e-03  1.193052e-01
-4.20000e+00  4.00000e-01       3.086e+13  9.275460e-01  0.000000e+00  7.297762e-02  7.245396e-02
-3.50000e+00  4.00000e-01       1.220e+14  9.467290e-01  0.000000e+00  2.777834e-02  5.327095e-02
-2.80000e+00  4.00000e-01       2.759e+14  9.437759e-01  0.000000e+00 -1.704585e-03  5.622413e-02
-2.10000e+00  4.00000e-01       4.961e+14  9.476915e-01  0.000000e+00 -2.851507e-02  5.230846e-02
-1.40000e+00  4.00000e-01       7.656e+14  9.610957e-01  0.000000e+00 -9.016326e-02  3.890426e-02
-7.00000e-01  4.00000e-01       8.027e+14  9.679271e-01  0.000000e+00 -1.283517e-01  3.207289e-02
 0.00000e+00  4.00000e-01       6.553e+14  9.672491e-01  0.000000e+00  3.543988e-15  3.275088e-02
 7.00000e-01  4.00000e-01       8.027e+14  9.679271e-01  0.000000e+00  1.283517e-01  3.207289e-02
 1.40000e+00  4.00000e-01       7.656e+14  9.610957e-01  0.000000e+00  9.016326e-02  3.890426e-02
 2.10000e+00  4.00000e-01       4.961e+14  9.476915e-01  0.000000e+00  2.851507e-02  5.230846e-02
 2.80000e+00  4.00000e-01       2.759e+14  9.437759e-01  0.000000e+00  1.704585e-03  5.622413e-02
 3.50000e+00  4.00000e-01       1.220e+14  9.467290e-01  0.000000e+00 -2.777834e-02  5.327095e-02
 4.20000e+00  4.00000e-01       3.086e+13  9.275460e-01  0.000000e+00 -7.297762e-02  7.245396e-02
 4.90000e+00  4.00000e-01       4.183e+12  8.806948e-01  0.000000e+00 -5.575531e-03  1.193052e-01
 5.60000e+00  4.00000e-01       4.677e+11  8.917120e-01  0.000000e+00  1.807139e-01  1.082880e-01
 6.30000e+00  4.00000e-01       3.968e+10  9.462891e-01  0.000000e+00  1.993854e-01  5.371095e-02
 7.00000e+00  4.00000e-01       1.653e+09  9.757331e-01  0.000000e+00  1.360778e-01  2.426686e-02
-7.00000e+00  8.00000e-01       3.682e+08  7.337135e-01  0.000000e+00 -4.462510e-01  2.662865e-01
-6.30000e+00  8.00000e-01       9.095e+09  5.716704e-01  0.000000e+00 -3.540896e-01  4.283296e-01
-5.60000e+00  8.00000e-01       1.604e+11  5.419970e-01  0.000000e+00  1.516340e-02  4.580030e-01
-4.90000e+00  8.00000e-01       2.156e+12  7.196811e-01  0.000000e+00  1.845128e-01  2.803189e-01
-4.20000e+00  8.00000e-01       1.546e+13  8.221209e-01  0.000000e+00  9.544112e-02  1.778791e-01
-3.50000e+00  8.00000e-01       5.555e+13  8.196695e-01  0.000000e+00  5.541517e-03  1.803305e-01
-2.80000e+00  8.00000e-01       1.325e+14  8.046886e-01  0.000000e+00 -1.467452e-03  1.953114e-01
-2.10000e+00  8.00000e-01       2.610e+14  8.410583e-01  0.000000e+00 -3.546206e-03  1.589417e-01
-1.40000e+00  8.00000e-01       4.089e+14  9.093147e-01  0.000000e+00  8.996749e-03  9.068527e-02
-7.00000e-01  8.00000e-01       3.774e+14  9.570119e-01  0.000000e+00  3.643213e-02  4.298808e-02
 0.00000e+00  8.00000e-01       2.587e+14  9.735730e-01  0.000000e+00 -9.258541e-16  2.642701e-02
 7.00000e-01  8.00000e-01       3.774e+14  9.570119e-01  0.000000e+00 -3.643213e-02  4.298808e-02
 1.40000e+00  8.00000e-01       4.089e+14  9.093147e-01  0.000000e+00 -8.996749e-03  9.068527e-02
 2.10000e+00  8.00000e-01       2.610e+14  8.410583e-01  0.000000e+00  3.546206e-03  1.589417e-01
 2.80000e+00  8.00000e-01       1.325e+14  8.046886e-01  0.000000e+00  1.467452e-03  1.953114e-01
 3.50000e+00  8.00000e-01       5.555e+13  8.196695e-01  0.000000e+00 -5.541517e-03  1.803305e-01
 4.20000e+00  8.00000e-01       1.546e+13  8.221209e-01  0.000000e+00 -9.544112e-02  1.778791e-01
 4.90000e+00  8.00000e-01       2.156e+12  7.196811e-01  0.000000e+00 -1.845128e-01  2.803189e-01
 5.60000e+00  8.00000e-01       1.604e+11  5.419970e-01  0.000000e+00 -1.516340e-02  4.580030e-01
 6.30000e+00  8.00000e-01       9.095e+09  5.716704e-01  0.000000e+00  3.540896e-01  4.283296e-01
 7.00000e+00  8.00000e-01       3.682e+08  7.337135e-01  0.000000e+00  4.462510e-01  2.662865e-01
-7.00000e+00  1.20000e+00       6.051e+07 -3.812538e-02  0.000000e+00 -2.461318e-01  9.618746e-01
-6.30000e+00  1.20000e+00       1.812e+09  2.881024e-01  0.000000e+00  3.069954e-01  7.118976e-01
-5.60000e+00  1.20000e+00       4.587e+10  6.154834e-01  0.000000e+00  3.007157e-01  3.845166e-01
-4.90000e+00  1.20000e+00       5.686e+11  7.316477e-01  0.000000e+00  1.047661e-01  2.683523e-01
-4.20000e+00  1.20000e+00       3.447e+12  6.848077e-01  0.000000e+00 -2.692071e-02  3.151923e-01
-3.50000e+00  1.20000e+00       1.303e+13  6.275571e-01  0.000000e+00 -6.204275e-03  3.724429e-01
-2.80000e+00  1.20000e+00       3.524e+13  6.240282e-01  0.000000e+00  2.557400e-02  3.759718e-01
-2.10000e+00  1.20000e+00       6.359e+13  5.458028e-01  0.000000e+00  4.140422e-02  4.541972e-01
-1.40000e+00  1.20000e+00       7.017e+13  2.824137e-01  0.000000e+00  4.492114e-02  7.175863e-01
-7.00000e-01  1.20000e+00       4.470e+13 -1.178806e-01  0.000000e+00  3.995018e-04  8.821194e-01
 0.00000e+00  1.20000e+00       2.620e+13 -3.590246e-01  0.000000e+00  3.287706e-15  6.409754e-01
 7.00000e-01  1.20000e+00       4.470e+13 -1.178806e-01  0.000000e+00 -3.995018e-04  8.821194e-01
 1.40000e+00  1.20000e+00       7.017e+13  2.824137e-01  0.000000e+00 -4.492114e-02  7.175863e-01
 2.10000e+00  1.20000e+00       6.359e+13  5.458028e-01  0.000000e+00 -4.140422e-02  4.541972e-01
 2.80000e+00  1.20000e+00       3.524e+13  6.240282e-01  0.000000e+00 -2.557400e-02  3.759718e-01
 3.50000e+00  1.20000e+00       1.303e+13  6.275571e-01  0.000000e+00  6.204275e-03  3.724429e-01
 4.20000e+00  1.20000e+00       3.447e+12  6.848077e-01  0.000000e+00  2.692071e-02  3.151923e-01
 4.90000e+00  1.20000e+00       5.686e+11  7.316477e-01  0.000000e+00 -1.047661e-01  2.683523e-01
 5.60000e+00  1.20000e+00       4.587e+10  6.154834e-01  0.000000e+00 -3.007157e-01  3.845166e-01
 6.30000e+00  1.20000e+00       1.812e+09  2.881024e-01  0.000000e+00 -3.069954e-01  7.118976e-01
 7.00000e+00  1.20000e+00       6.051e+07 -3.812538e-02  0.000000e+00  2.461318e-01  9.618746e-01
-7.00000e+00  1.60000e+00       2.747e+07 -2.952899e-01  0.000000e+00 -3.073965e-01  7.047101e-01
-6.30000e+00  1.60000e+00       2.888e+08  3.206994e-01  0.000000e+00  2.815739e-02  6.793006e-01
-5.60000e+00  1.60000e+00       4.393e+09  5.791022e-01  0.000000e+00 -7.299675e-02  4.208978e-01
-4.90000e+00  1.60000e+00       4.777e+10  4.673990e-01  0.000000e+00 -8.307102e-02  5.326010e-01
-4.20000e+00  1.60000e+00       3.465e+11  4.539790e-01  0.000000e+00  2.529042e-02  5.460210e-01
-3.50000e+00  1.60000e+00       1.631e+12  4.999722e-01  0.000000e+00  3.268783e-02  5.000278e-01
-2.80000e+00  1.60000e+00       4.960e+12  4.950787e-01  0.000000e+00  3.247699e-02  5.049213e-01
-2.10000e+00  1.60000e+00       1.063e+13  4.603551e-01  0.000000e+00  1.002595e-01  5.396449e-01
-1.40000e+00  1.60000e+00       1.823e+13  4.950835e-01  0.000000e+00  1.509011e-01  5.049165e-01
-7.00000e-01  1.60000e+00       2.609e+13  6.944722e-01  0.000000e+00  8.745527e-02  3.055278e-01
 0.00000e+00  1.60000e+00       2.831e+13  8.139353e-01  0.000000e+00  1.676537e-16  1.860647e-01
 7.00000e-01  1.60000e+00       2.609e+13  6.944722e-01  0.000000e+00 -8.745527e-02  3.055278e-01
 1.40000e+00  1.60000e+00       1.823e+13  4.950835e-01  0.000000e+00 -1.509011e-01  5.049165e-01
 2.10000e+00  1.60000e+00       1.063e+13  4.603551e-01  0.000000e+00 -1.002595e-01  5.396449e-01
 2.80000e+00  1.60000e+00       4.960e+12  4.950787e-01  0.000000e+00 -3.247699e-02  5.049213e-01
 3.50000e+00  1.60000e+00       1.631e+12  4.999722e-01  0.000000e+00 -3.268783e-02  5.000278e-01
 4.20000e+00  1.60000e+00       3.465e+11  4.539790e-01  0.000000e+00 -2.529042e-02  5.460210e-01
 4.90000e+00  1.60000e+00       4.777e+10  4.673990e-01  0.000000e+00  8.307102e-02  5.326010e-01
 5.60000e+00  1.60000e+00       4.393e+09  5.791022e-01  0.000000e+00  7.299675e-02  4.208978e-01
 6.30000e+00  1.60000e+00       2.888e+08  3.206994e-01  0.000000e+00 -2.815739e-02  6.793006e-01
 7.00000e+00  1.60000e+00       2.747e+07 -2.952899e-01  0.000000e+00  3.073965e-01  7.047101e-01
-7.00000e+00  2.00000e+00       1.589e+07 -5.821578e-01  0.000000e+00 -2.185992e-01  4.178422e-01
-6.30000e+00  2.00000e+00       8.676e+07 -4.689887e-01  0.000000e+00  6.347360e-02  5.310113e-01
-5.60000e+00  2.00000e+00       4.317e+08 -1.083582e-01  0.000000e+00  2.819768e-01  8.916418e-01
-4.90000e+00  2.00000e+00       2.927e+09  2.946656e-01  0.000000e+00  2.119116e-01  7.053344e-01
-4.20000e+00  2.00000e+00       1.957e+10  3.984292e-01  0.000000e+00  6.580512e-02  6.015708e-01
-3.50000e+00  2.00000e+00       9.532e+10  3.891922e-01  0.000000e+00  2.629397e-02  6.108078e-01
-2.80000e+00  2.00000e+00       3.213e+11  3.667504e-01  0.000000e+00 -1.614390e-03  6.332496e-01
-2.10000e+00  2.00000e+00       7.519e+11  2.848421e-01  0.000000e+00 -8.006589e-02  7.151579e-01
-1.40000e+00  2.00000e+00       1.262e+12  1.566618e-01  0.000000e+00 -8.981238e-02  8.433382e-01
-7.00000e-01  2.00000e+00       1.454e+12  5.207064e-02  0.000000e+00  7.280930e-02  9.479294e-01
 0.00000e+00  2.00000e+00       1.330e+12  1.330488e-02  0.000000e+00  8.142227e-15  9.866951e-01
 7.00000e-01  2.00000e+00       1.454e+12  5.207064e-02  0.000000e+00 -7.280930e-02  9.479294e-01
 1.40000e+00  2.00000e+00       1.262e+12  1.566618e-01  0.000000e+00  8.981238e-02  8.433382e-01
 2.10000e+00  2.00000e+00       7.519e+11  2.848421e-01  0.000000e+00  8.006589e-02  7.151579e-01
 2.80000e+00  2.00000e+00       3.213e+11  3.667504e-01  0.000000e+00  1.614390e-03  6.332496e-01
 3.50000e+00  2.00000e+00       9.532e+10  3.891922e-01  0.000000e+00 -2.629397e-02  6.108078e-01
 4.20000e+00  2.00000e+00       1.957e+10  3.984292e-01  0.000000e+00 -6.580512e-02  6.015708e-01
 4.90000e+00  2.00000e+00       2.927e+09  2.946656e-01  0.000000e+00 -2.119116e-01  7.053344e-01
 5.60000e+00  2.00000e+00       4.317e+08 -1.083582e-01  0.000000e+00 -2.819768e-01  8.916418e-01
 6.30000e+00  2.00000e+00       8.676e+07 -4.689887e-01  0.000000e+00 -6.347360e-02  5.310113e-01
 7.00000e+00  2.00000e+00       1.589e+07 -5.821578e-01  0.000000e+00  2.185992e-01  4.178422e-01
-7.00000e+00  2.40000e+00       1.291e+07 -6.661597e-01  0.000000e+00  9.725126e-03  3.338403e-01
-6.30000e+00  2.40000e+00       7.663e+07 -5.681792e-01  0.000000e+00  1.772865e-01  4.318208e-01
-5.60000e+00  2.40000e+00       2.702e+08 -3.439041e-01  0.000000e+00  3.862861e-01  6.560959e-01
-4.90000e+00  2.40000e+00       7.750e+08 -2.766768e-02  0.000000e+00  4.928340e-01  9.723323e-01
-4.20000e+00  2.40000e+00       2.063e+09  2.364357e-01  0.000000e+00  4.109101e-01  7.635643e-01
-3.50000e+00  2.40000e+00       5.540e+09  3.641000e-01  0.000000e+00  2.365615e-01  6.359000e-01
-2.80000e+00  2.40000e+00       1.442e+10  3.607333e-01  0.000000e+00  1.462320e-01  6.392667e-01
-2.10000e+00  2.40000e+00       3.085e+10  2.195293e-01  0.000000e+00  2.174653e-01  7.804707e-01
-1.40000e+00  2.40000e+00       6.065e+10  7.378020e-02  0.000000e+00  3.182370e-01  9.262198e-01
-7.00000e-01  2.40000e+00       1.282e+11  2.213166e-01  0.000000e+00  1.936837e-01  7.786834e-01
 0.00000e+00  2.40000e+00       1.767e+11  3.086654e-01  0.000000e+00 -1.323835e-15  6.913346e-01
 7.00000e-01  2.40000e+00       1.282e+11  2.213166e-01  0.000000e+00 -1.936837e-01  7.786834e-01
 1.40000e+00  2.40000e+00       6.065e+10  7.378020e-02  0.000000e+00 -3.182370e-01  9.262198e-01
 2.10000e+00  2.40000e+00       3.085e+10  2.195293e-01  0.000000e+00 -2.174653e-01  7.804707e-01
 2.80000e+00  2.40000e+00       1.442e+10  3.607333e-01  0.000000e+00 -1.462320e-01  6.392667e-01
 3.50000e+00  2.40000e+00       5.540e+09  3.641000e-01  0.000000e+00 -2.365615e-01  6.359000e-01
 4.20000e+00  2.40000e+00       2.063e+09  2.364357e-01  0.000000e+00 -4.109101e-01  7.635643e-01
 4.90000e+00  2.40000e+00       7.750e+08 -2.766768e-02  0.000000e+00 -4.928340e-01  9.723323e-01
 5.60000e+00  2.40000e+00       2.702e+08 -3.439041e-01  0.000000e+00 -3.862861e-01  6.560959e-01
 6.30000e+00  2.40000e+00       7.663e+07 -5.681792e-01  0.000000e+00 -1.772865e-01  4.318208e-01
 7.00000e+00  2.40000e+00       1.291e+07 -6.661597e-01  0.000000e+00 -9.725126e-03  3.338403e-01
-7.00000e+00  2.80000e+00       8.178e+05 -4.606369e-01  0.000000e+00  4.687986e-01  5.393631e-01
-6.30000e+00  2.80000e+00       1.234e+07 -4.531295e-01  0.000000e+00  4.725837e-01  5.468705e-01
-5.60000e+00  2.80000e+00       6.098e+07 -3.881224e-01  0.000000e+00  4.770103e-01  6.118776e-01
-4.90000e+00  2.80000e+00       1.838e+08 -6.160490e-03  0.000000e+00  4.844736e-01  9.938395e-01
-4.20000e+00  2.80000e+00       7.830e+08  3.100023e-01  0.000000e+00  4.540438e-01  6.899977e-01
-3.50000e+00  2.80000e+00       2.382e+09  3.990978e-01  0.000000e+00  3.790455e-01  6.009022e-01
-2.80000e+00  2.80000e+00       4.681e+09  4.445314e-01  0.000000e+00  2.860899e-01  5.554686e-01
-2.10000e+00  2.80000e+00       6.157e+09  3.515165e-01  0.000000e+00  2.520465e-01  6.484835e-01
-1.40000e+00  2.80000e+00       9.675e+09  3.802380e-01  0.000000e+00  1.615351e-01  6.197620e-01
-7.00000e-01  2.80000e+00       2.991e+10  7.225374e-01  0.000000e+00  3.131550e-02  2.774626e-01
 0.00000e+00  2.80000e+00       4.611e+10  7.956580e-01  0.000000e+00 -1.114665e-15  2.043420e-01
 7.00000e-01  2.80000e+00       2.991e+10  7.225374e-01  0.000000e+00 -3.131550e-02  2.774626e-01
 1.40000e+00  2.80000e+00       9.675e+09  3.802380e-01  0.000000e+00 -1.615351e-01  6.197620e-01
 2.10000e+00  2.80000e+00       6.157e+09  3.515165e-01  0.000000e+00 -2.520465e-01  6.484835e-01
 2.80000e+00  2.80000e+00       4.681e+09  4.445314e-01  0.000000e+00 -2.860899e-01  5.554686e-01
 3.50000e+00  2.80000e+00       2.382e+09  3.990978e-01  0.000000e+00 -3.790455e-01  6.009022e-01
 4.20000e+00  2.80000e+00       7.830e+08  3.100023e-01  0.000000e+00 -4.540438e-01  6.899977e-01
 4.90000e+00  2.80000e+00       1.838e+08 -6.160490e-03  0.000000e+00 -4.844736e-01  9.938395e-01
 5.60000e+00  2.80000e+00       6.098e+07 -3.881224e-01  0.000000e+00 -4.770103e-01  6.118776e-01
 6.30000e+00  2.80000e+00       1.234e+07 -4.531295e-01  0.000000e+00 -4.725837e-01  5.468705e-01
 7.00000e+00  2.80000e+00       8.178e+05 -4.606369e-01  0.000000e+00 -4.687986e-01  5.393631e-01
-7.00000e+00  3.20000e+00       2.512e+05 -3.293553e-01  0.000000e+00  5.642881e-01  6.706447e-01
-6.30000e+00  3.20000e+00       6.268e+06 -2.741713e-01  0.000000e+00  5.796567e-01  7.258287e-01
-5.60000e+00  3.20000e+00       6.032e+07 -1.813907e-01  0.000000e+00  5.931382e-01  8.186093e-01
-4.90000e+00  3.20000e+00       2.662e+08 -3.837046e-02  0.000000e+00  5.908353e-01  9.616295e-01
-4.20000e+00  3.20000e+00       6.811e+08  1.425014e-01  0.000000e+00  5.466592e-01  8.574986e-01
-3.50000e+00  3.20000e+00       1.274e+09  3.124979e-01  0.000000e+00  4.521975e-01  6.875021e-01
-2.80000e+00  3.20000e+00       1.988e+09  3.992610e-01  0.000000e+00  3.507737e-01  6.007390e-01
-2.10000e+00  3.20000e+00       2.294e+09  2.177284e-01  0.000000e+00  3.796160e-01  7.822716e-01
-1.40000e+00  3.20000e+00       4.528e+09  3.547022e-01  0.000000e+00  2.742574e-01  6.452978e-01
-7.00000e-01  3.20000e+00       1.892e+10  7.877667e-01  0.000000e+00  5.991911e-02  2.122333e-01
 0.00000e+00  3.20000e+00       3.052e+10  8.533219e-01  0.000000e+00 -1.108463e-16  1.466781e-01
 7.00000e-01  3.20000e+00       1.892e+10  7.877667e-01  0.000000e+00 -5.991911e-02  2.122333e-01
 1.40000e+00  3.20000e+00       4.528e+09  3.547022e-01  0.000000e+00 -2.742574e-01  6.452978e-01
 2.10000e+00  3.20000e+00       2.294e+09  2.177284e-01  0.000000e+00 -3.796160e-01  7.822716e-01
 2.80000e+00  3.20000e+00       1.988e+09  3.992610e-01  0.000000e+00 -3.507737e-01  6.007390e-01
 3.50000e+00  3.20000e+00       1.274e+09  3.124979e-01  0.000000e+00 -4.521975e-01  6.875021e-01
 4.20000e+00  3.20000e+00       6.811e+08  1.425014e-01  0.000000e+00 -5.466592e-01  8.574986e-01
 4.90000e+00  3.20000e+00       2.662e+08 -3.837046e-02  0.000000e+00 -5.908353e-01  9.616295e-01
 5.60000e+00  3.20000e+00       6.032e+07 -1.813907e-01  0.000000e+00 -5.931382e-01  8.186093e-01
 6.30000e+00  3.20000e+00       6.268e+06 -2.741713e-01  0.000000e+00 -5.796567e-01  7.258287e-01
 7.00000e+00  3.20000e+00       2.512e+05 -3.293553e-01  0.000000e+00 -5.642881e-01  6.706447e-01
-7.00000e+00  3.60000e+00       5.096e+02 -5.980056e-01  0.000000e+00  2.480588e-02  4.019944e-01
-6.30000e+00  3.60000e+00       5.864e+03 -2.708338e-01  0.000000e+00  4.366577e-01  7.291662e-01
-5.60000e+00  3.60000e+00       4.095e+05  2.268385e-01  0.000000e+00  5.108814e-01  7.731615e-01
-4.90000e+00  3.60000e+00       1.152e+07  2.835145e-01  0.000000e+00  4.884481e-01  7.164855e-01
-4.20000e+00  3.60000e+00       1.169e+08  3.260707e-01  0.000000e+00  4.623777e-01  6.739293e-01
-3.50000e+00  3.60000e+00       5.019e+08  3.741342e-01  0.000000e+00  4.208949e-01  6.258658e-01
-2.80000e+00  3.60000e+00       1.091e+09  3.898001e-01  0.000000e+00  3.730247e-01  6.101999e-01
-2.10000e+00  3.60000e+00       1.257e+09  8.613331e-02  0.000000e+00  4.734322e-01  9.138667e-01
-1.40000e+00  3.60000e+00       2.985e+09  3.211742e-01  0.000000e+00  2.927110e-01  6.788258e-01
-7.00000e-01  3.60000e+00       1.484e+10  7.988957e-01  0.000000e+00  5.482568e-02  2.011043e-01
 0.00000e+00  3.60000e+00       2.448e+10  8.590975e-01  0.000000e+00 -8.438364e-17  1.409025e-01
 7.00000e-01  3.60000e+00       1.484e+10  7.988957e-01  0.000000e+00 -5.482568e-02  2.011043e-01
 1.40000e+00  3.60000e+00       2.985e+09  3.211742e-01  0.000000e+00 -2.927110e-01  6.788258e-01
 2.10000e+00  3.60000e+00       1.257e+09  8.613331e-02  0.000000e+00 -4.734322e-01  9.138667e-01
 2.80000e+00  3.60000e+00       1.091e+09  3.898001e-01  0.000000e+00 -3.730247e-01  6.101999e-01
 3.50000e+00  3.60000e+00       5.019e+08  3.741342e-01  0.000000e+00 -4.208949e-01  6.258658e-01
 4.20000e+00  3.60000e+00       1.169e+08  3.260707e-01  0.000000e+00 -4.623777e-01  6.739293e-01
 4.90000e+00  3.60000e+00       1.152e+07  2.835145e-01  0.000000e+00 -4.884481e-01  7.164855e-01
 5.60000e+00  3.60000e+00       4.095e+05  2.268385e-01  0.000000e+00 -5.108814e-01  7.731615e-01
 6.30000e+00  3.60000e+00       5.864e+03 -2.708338e-01  0.000000e+00 -4.366577e-01  7.291662e-01
 7.00000e+00  3.60000e+00       5.096e+02 -5.980056e-01  0.000000e+00 -2.480588e-02  4.019944e-01
-7.00000e+00  4.00000e+00       2.775e+02 -5.999979e-01  0.000000e+00 -3.991290e-02  4.000021e-01
-6.30000e+00  4.00000e+00       1.843e+03 -2.890146e-01  0.000000e+00  8.920712e-02  7.109854e-01
-5.60000e+00  4.00000e+00       4.689e+04  1.393205e-02  0.000000e+00  4.258063e-01  9.860679e-01
-4.90000e+00  4.00000e+00       2.274e+06  2.877748e-01  0.000000e+00  4.294092e-01  7.122252e-01
-4.20000e+00  4.00000e+00       2.832e+07  3.286535e-01  0.000000e+00  4.549982e-01  6.713465e-01
-3.50000e+00  4.00000e+00       1.203e+08  3.645983e-01  0.000000e+00  4.586475e-01  6.354017e-01
-2.80000e+00  4.00000e+00       2.245e+08  2.860728e-01  0.000000e+00  4.959758e-01  7.139272e-01
-2.10000e+00  4.00000e+00       3.610e+08 -1.926888e-01  0.000000e+00  6.671480e-01  8.073112e-01
-1.40000e+00  4.00000e+00       1.494e+09  2.179171e-01  0.000000e+00  3.444771e-01  7.820829e-01
-7.00000e-01  4.00000e+00       1.147e+10  8.309635e-01  0.000000e+00  4.777250e-02  1.690365e-01
 0.00000e+00  4.00000e+00       1.952e+10  8.840656e-01  0.000000e+00 -1.147909e-16  1.159344e-01
 7.00000e-01  4.00000e+00       1.147e+10  8.309635e-01  0.000000e+00 -4.777250e-02  1.690365e-01
 1.40000e+00  4.00000e+00       1.494e+09  2.179171e-01  0.000000e+00 -3.444771e-01  7.820829e-01
 2.10000e+00  4.00000e+00       3.610e+08 -1.926888e-01  0.000000e+00 -6.671480e-01  8.073112e-01
 2.80000e+00  4.00000e+00       2.245e+08  2.860728e-01  0.000000e+00 -4.959758e-01  7.139272e-01
 3.50000e+00  4.00000e+00       1.203e+08  3.645983e-01  0.000000e+00 -4.586475e-01  6.354017e-01
 4.20000e+00  4.00000e+00       2.832e+07  3.286535e-01  0.000000e+00 -4.549982e-01  6.713465e-01
 4.90000e+00  4.00000e+00       2.274e+06  2.877748e-01  0.000000e+00 -4.294092e-01  7.122252e-01
 5.60000e+00  4.00000e+00       4.689e+04  1.393205e-02  0.000000e+00 -4.258063e-01  9.860679e-01
 6.30000e+00  4.00000e+00       1.843e+03 -2.890146e-01  0.000000e+00 -8.920712e-02  7.109854e-01
 7.00000e+00  4.00000e+00       2.775e+02 -5.999977e-01  0.000000e+00  3.991334e-02  4.000023e-01
