
 Z=74  Tungsten (W)                    Atomic Weight (nat)=183.850
 Photo-Atomic Cross Sections           (1 cm2/gm=305.2906 barn/atom)
 NP= 332                               Data from EPDL97

Column definitions:
  EMeV   Incident photon energy (MeV)
  XXXba  Cross Section for process XXX, barn/atom
  XXXcg  Cross Section for process XXX, cm2/gm
  XXX    Tot: Total cross section (Coh+Inc+ppT+PE)
          PE: Photo-electric ionization     (W K-edge= 6.9689E-02 MeV)
         Coh: Coherent  (Rayleigh) scattering
         Inc: Incoherent (Compton) scattering
         ppn: Pair production from nucleus
         ppe: Pair production from electrons
         ppT: Total pair prod (=ppn+ppe)

   EMeV       Totba     PEba      Cohba     Incba     ppnba     ppeba     ppTba       Totcg     PEcg      Cohcg     Inccg     ppncg     ppecg     ppTcg
 1.0000E-04 3.934E+06 3.934E+06 1.050E+02 1.788E-02 0.000E+00 0.000E+00 0.000E+00   1.289E+04 1.289E+04 3.438E-01 5.855E-05 0.000E+00 0.000E+00 0.000E+00
 1.1000E-04 4.358E+06 4.358E+06 1.007E+02 2.162E-02 0.000E+00 0.000E+00 0.000E+00   1.427E+04 1.427E+04 3.299E-01 7.080E-05 0.000E+00 0.000E+00 0.000E+00
 1.2000E-04 4.864E+06 4.864E+06 1.079E+02 2.571E-02 0.000E+00 0.000E+00 0.000E+00   1.593E+04 1.593E+04 3.536E-01 8.421E-05 0.000E+00 0.000E+00 0.000E+00
 1.3000E-04 5.349E+06 5.349E+06 1.241E+02 3.015E-02 0.000E+00 0.000E+00 0.000E+00   1.752E+04 1.752E+04 4.066E-01 9.875E-05 0.000E+00 0.000E+00 0.000E+00
 1.4000E-04 5.759E+06 5.759E+06 1.472E+02 3.492E-02 0.000E+00 0.000E+00 0.000E+00   1.886E+04 1.886E+04 4.822E-01 1.144E-04 0.000E+00 0.000E+00 0.000E+00
 1.5000E-04 6.080E+06 6.080E+06 1.758E+02 4.005E-02 0.000E+00 0.000E+00 0.000E+00   1.992E+04 1.992E+04 5.757E-01 1.312E-04 0.000E+00 0.000E+00 0.000E+00
 1.6000E-04 6.337E+06 6.336E+06 2.083E+02 4.552E-02 0.000E+00 0.000E+00 0.000E+00   2.076E+04 2.076E+04 6.824E-01 1.491E-04 0.000E+00 0.000E+00 0.000E+00
 1.7000E-04 6.524E+06 6.524E+06 2.444E+02 5.133E-02 0.000E+00 0.000E+00 0.000E+00   2.137E+04 2.137E+04 8.006E-01 1.681E-04 0.000E+00 0.000E+00 0.000E+00
 1.8000E-04 6.651E+06 6.651E+06 2.836E+02 5.748E-02 0.000E+00 0.000E+00 0.000E+00   2.179E+04 2.179E+04 9.288E-01 1.883E-04 0.000E+00 0.000E+00 0.000E+00
 1.9000E-04 6.716E+06 6.715E+06 3.240E+02 6.397E-02 0.000E+00 0.000E+00 0.000E+00   2.200E+04 2.200E+04 1.061E+00 2.095E-04 0.000E+00 0.000E+00 0.000E+00
 2.0000E-04 6.723E+06 6.722E+06 3.644E+02 7.080E-02 0.000E+00 0.000E+00 0.000E+00   2.202E+04 2.202E+04 1.194E+00 2.319E-04 0.000E+00 0.000E+00 0.000E+00
 2.2000E-04 6.607E+06 6.606E+06 4.414E+02 8.541E-02 0.000E+00 0.000E+00 0.000E+00   2.164E+04 2.164E+04 1.446E+00 2.798E-04 0.000E+00 0.000E+00 0.000E+00
 2.4000E-04 6.385E+06 6.385E+06 5.069E+02 1.014E-01 0.000E+00 0.000E+00 0.000E+00   2.092E+04 2.091E+04 1.660E+00 3.320E-04 0.000E+00 0.000E+00 0.000E+00
 2.4734E-04 6.285E+06 6.285E+06 5.603E+02 1.076E-01 0.000E+00 0.000E+00 0.000E+00   2.059E+04 2.059E+04 1.835E+00 3.523E-04 0.000E+00 0.000E+00 0.000E+00
 2.4734E-04 6.537E+06 6.536E+06 5.603E+02 1.076E-01 0.000E+00 0.000E+00 0.000E+00   2.141E+04 2.141E+04 1.835E+00 3.523E-04 0.000E+00 0.000E+00 0.000E+00
 2.6005E-04 6.348E+06 6.347E+06 6.432E+02 1.186E-01 0.000E+00 0.000E+00 0.000E+00   2.079E+04 2.079E+04 2.107E+00 3.885E-04 0.000E+00 0.000E+00 0.000E+00
 2.6005E-04 6.518E+06 6.518E+06 6.432E+02 1.186E-01 0.000E+00 0.000E+00 0.000E+00   2.135E+04 2.135E+04 2.107E+00 3.885E-04 0.000E+00 0.000E+00 0.000E+00
 2.8000E-04 6.138E+06 6.138E+06 7.187E+02 1.370E-01 0.000E+00 0.000E+00 0.000E+00   2.011E+04 2.010E+04 2.354E+00 4.487E-04 0.000E+00 0.000E+00 0.000E+00
 3.0000E-04 5.730E+06 5.729E+06 7.791E+02 1.567E-01 0.000E+00 0.000E+00 0.000E+00   1.877E+04 1.877E+04 2.552E+00 5.132E-04 0.000E+00 0.000E+00 0.000E+00
 3.2000E-04 5.367E+06 5.366E+06 8.307E+02 1.776E-01 0.000E+00 0.000E+00 0.000E+00   1.758E+04 1.758E+04 2.721E+00 5.818E-04 0.000E+00 0.000E+00 0.000E+00
 3.4000E-04 5.050E+06 5.049E+06 8.779E+02 1.995E-01 0.000E+00 0.000E+00 0.000E+00   1.654E+04 1.654E+04 2.875E+00 6.536E-04 0.000E+00 0.000E+00 0.000E+00
 3.6000E-04 4.763E+06 4.762E+06 9.217E+02 2.227E-01 0.000E+00 0.000E+00 0.000E+00   1.560E+04 1.560E+04 3.019E+00 7.294E-04 0.000E+00 0.000E+00 0.000E+00
 3.8000E-04 4.496E+06 4.495E+06 9.588E+02 2.470E-01 0.000E+00 0.000E+00 0.000E+00   1.473E+04 1.472E+04 3.141E+00 8.091E-04 0.000E+00 0.000E+00 0.000E+00
 4.0000E-04 4.243E+06 4.242E+06 9.768E+02 2.725E-01 0.000E+00 0.000E+00 0.000E+00   1.390E+04 1.390E+04 3.200E+00 8.926E-04 0.000E+00 0.000E+00 0.000E+00
 4.1962E-04 4.010E+06 4.009E+06 1.078E+03 2.981E-01 0.000E+00 0.000E+00 0.000E+00   1.314E+04 1.313E+04 3.532E+00 9.764E-04 0.000E+00 0.000E+00 0.000E+00
 4.1962E-04 4.252E+06 4.251E+06 1.078E+03 2.981E-01 0.000E+00 0.000E+00 0.000E+00   1.393E+04 1.392E+04 3.532E+00 9.764E-04 0.000E+00 0.000E+00 0.000E+00
 4.2500E-04 4.188E+06 4.187E+06 1.091E+03 3.053E-01 0.000E+00 0.000E+00 0.000E+00   1.372E+04 1.372E+04 3.573E+00 9.999E-04 0.000E+00 0.000E+00 0.000E+00
 4.5000E-04 3.910E+06 3.909E+06 1.153E+03 3.397E-01 0.000E+00 0.000E+00 0.000E+00   1.281E+04 1.280E+04 3.776E+00 1.113E-03 0.000E+00 0.000E+00 0.000E+00
 4.7500E-04 3.651E+06 3.650E+06 1.201E+03 3.759E-01 0.000E+00 0.000E+00 0.000E+00   1.196E+04 1.196E+04 3.934E+00 1.231E-03 0.000E+00 0.000E+00 0.000E+00
 4.8861E-04 3.517E+06 3.516E+06 1.230E+03 3.964E-01 0.000E+00 0.000E+00 0.000E+00   1.152E+04 1.152E+04 4.030E+00 1.298E-03 0.000E+00 0.000E+00 0.000E+00
 4.8861E-04 3.570E+06 3.569E+06 1.230E+03 3.964E-01 0.000E+00 0.000E+00 0.000E+00   1.169E+04 1.169E+04 4.030E+00 1.298E-03 0.000E+00 0.000E+00 0.000E+00
 5.0000E-04 3.463E+06 3.461E+06 1.258E+03 4.138E-01 0.000E+00 0.000E+00 0.000E+00   1.134E+04 1.134E+04 4.120E+00 1.356E-03 0.000E+00 0.000E+00 0.000E+00
 5.3333E-04 3.164E+06 3.162E+06 1.317E+03 4.646E-01 0.000E+00 0.000E+00 0.000E+00   1.036E+04 1.036E+04 4.315E+00 1.522E-03 0.000E+00 0.000E+00 0.000E+00
 5.6667E-04 2.896E+06 2.894E+06 1.360E+03 5.179E-01 0.000E+00 0.000E+00 0.000E+00   9.485E+03 9.481E+03 4.456E+00 1.697E-03 0.000E+00 0.000E+00 0.000E+00
 5.8470E-04 2.761E+06 2.760E+06 1.386E+03 5.478E-01 0.000E+00 0.000E+00 0.000E+00   9.045E+03 9.040E+03 4.539E+00 1.794E-03 0.000E+00 0.000E+00 0.000E+00
 5.8470E-04 2.827E+06 2.826E+06 1.386E+03 5.478E-01 0.000E+00 0.000E+00 0.000E+00   9.261E+03 9.257E+03 4.539E+00 1.794E-03 0.000E+00 0.000E+00 0.000E+00
 6.0000E-04 2.719E+06 2.717E+06 1.415E+03 5.738E-01 0.000E+00 0.000E+00 0.000E+00   8.905E+03 8.901E+03 4.635E+00 1.879E-03 0.000E+00 0.000E+00 0.000E+00
 6.5000E-04 2.399E+06 2.398E+06 1.479E+03 6.602E-01 0.000E+00 0.000E+00 0.000E+00   7.860E+03 7.855E+03 4.845E+00 2.163E-03 0.000E+00 0.000E+00 0.000E+00
 7.0000E-04 2.125E+06 2.124E+06 1.521E+03 7.482E-01 0.000E+00 0.000E+00 0.000E+00   6.961E+03 6.956E+03 4.981E+00 2.451E-03 0.000E+00 0.000E+00 0.000E+00
 7.5000E-04 1.891E+06 1.890E+06 1.550E+03 8.406E-01 0.000E+00 0.000E+00 0.000E+00   6.195E+03 6.190E+03 5.077E+00 2.753E-03 0.000E+00 0.000E+00 0.000E+00
 8.0000E-04 1.691E+06 1.689E+06 1.571E+03 9.365E-01 0.000E+00 0.000E+00 0.000E+00   5.538E+03 5.532E+03 5.145E+00 3.068E-03 0.000E+00 0.000E+00 0.000E+00
 8.5000E-04 1.517E+06 1.515E+06 1.584E+03 1.029E+00 0.000E+00 0.000E+00 0.000E+00   4.969E+03 4.964E+03 5.190E+00 3.371E-03 0.000E+00 0.000E+00 0.000E+00
 9.0000E-04 1.367E+06 1.365E+06 1.591E+03 1.125E+00 0.000E+00 0.000E+00 0.000E+00   4.478E+03 4.472E+03 5.211E+00 3.685E-03 0.000E+00 0.000E+00 0.000E+00
 1.0000E-03 1.122E+06 1.121E+06 1.588E+03 1.326E+00 0.000E+00 0.000E+00 0.000E+00   3.676E+03 3.670E+03 5.202E+00 4.343E-03 0.000E+00 0.000E+00 0.000E+00
 1.1000E-03 9.340E+05 9.324E+05 1.561E+03 1.517E+00 0.000E+00 0.000E+00 0.000E+00   3.059E+03 3.054E+03 5.112E+00 4.968E-03 0.000E+00 0.000E+00 0.000E+00
 1.2000E-03 7.869E+05 7.854E+05 1.513E+03 1.714E+00 0.000E+00 0.000E+00 0.000E+00   2.578E+03 2.573E+03 4.956E+00 5.616E-03 0.000E+00 0.000E+00 0.000E+00
 1.3000E-03 6.702E+05 6.687E+05 1.454E+03 1.911E+00 0.000E+00 0.000E+00 0.000E+00   2.195E+03 2.190E+03 4.762E+00 6.258E-03 0.000E+00 0.000E+00 0.000E+00
 1.4000E-03 5.762E+05 5.748E+05 1.374E+03 2.099E+00 0.000E+00 0.000E+00 0.000E+00   1.887E+03 1.883E+03 4.502E+00 6.875E-03 0.000E+00 0.000E+00 0.000E+00
 1.5000E-03 4.995E+05 4.983E+05 1.270E+03 2.291E+00 0.000E+00 0.000E+00 0.000E+00   1.636E+03 1.632E+03 4.159E+00 7.503E-03 0.000E+00 0.000E+00 0.000E+00
 1.6000E-03 4.363E+05 4.352E+05 1.127E+03 2.483E+00 0.000E+00 0.000E+00 0.000E+00   1.429E+03 1.425E+03 3.691E+00 8.135E-03 0.000E+00 0.000E+00 0.000E+00
 1.7000E-03 3.836E+05 3.827E+05 9.126E+02 2.665E+00 0.000E+00 0.000E+00 0.000E+00   1.257E+03 1.254E+03 2.989E+00 8.729E-03 0.000E+00 0.000E+00 0.000E+00
 1.8000E-03 3.391E+05 3.386E+05 4.847E+02 2.848E+00 0.000E+00 0.000E+00 0.000E+00   1.111E+03 1.109E+03 1.588E+00 9.330E-03 0.000E+00 0.000E+00 0.000E+00
 1.8162E-03 3.326E+05 3.321E+05 5.122E+02 2.878E+00 0.000E+00 0.000E+00 0.000E+00   1.089E+03 1.088E+03 1.678E+00 9.427E-03 0.000E+00 0.000E+00 0.000E+00
 1.8162E-03 9.637E+05 9.632E+05 5.122E+02 2.878E+00 0.000E+00 0.000E+00 0.000E+00   3.157E+03 3.155E+03 1.678E+00 9.427E-03 0.000E+00 0.000E+00 0.000E+00
 1.8811E-03 9.145E+05 9.136E+05 9.744E+02 2.998E+00 0.000E+00 0.000E+00 0.000E+00   2.996E+03 2.992E+03 3.192E+00 9.820E-03 0.000E+00 0.000E+00 0.000E+00
 1.8811E-03 1.162E+06 1.161E+06 9.744E+02 2.998E+00 0.000E+00 0.000E+00 0.000E+00   3.805E+03 3.802E+03 3.192E+00 9.820E-03 0.000E+00 0.000E+00 0.000E+00
 1.9000E-03 1.167E+06 1.166E+06 1.129E+03 3.033E+00 0.000E+00 0.000E+00 0.000E+00   3.822E+03 3.818E+03 3.699E+00 9.935E-03 0.000E+00 0.000E+00 0.000E+00
 2.0000E-03 1.163E+06 1.162E+06 1.665E+03 3.219E+00 0.000E+00 0.000E+00 0.000E+00   3.811E+03 3.805E+03 5.454E+00 1.054E-02 0.000E+00 0.000E+00 0.000E+00
 2.2000E-03 9.454E+05 9.435E+05 1.958E+03 3.576E+00 0.000E+00 0.000E+00 0.000E+00   3.097E+03 3.090E+03 6.413E+00 1.171E-02 0.000E+00 0.000E+00 0.000E+00
 2.2712E-03 8.735E+05 8.714E+05 2.018E+03 3.704E+00 0.000E+00 0.000E+00 0.000E+00   2.861E+03 2.854E+03 6.610E+00 1.213E-02 0.000E+00 0.000E+00 0.000E+00
 2.2712E-03 1.009E+06 1.007E+06 2.018E+03 3.704E+00 0.000E+00 0.000E+00 0.000E+00   3.304E+03 3.298E+03 6.610E+00 1.213E-02 0.000E+00 0.000E+00 0.000E+00
 2.4000E-03 8.863E+05 8.840E+05 2.266E+03 3.936E+00 0.000E+00 0.000E+00 0.000E+00   2.903E+03 2.896E+03 7.421E+00 1.289E-02 0.000E+00 0.000E+00 0.000E+00
 2.5678E-03 7.545E+05 7.522E+05 2.328E+03 4.237E+00 0.000E+00 0.000E+00 0.000E+00   2.471E+03 2.464E+03 7.627E+00 1.388E-02 0.000E+00 0.000E+00 0.000E+00
 2.5678E-03 8.001E+05 7.978E+05 2.328E+03 4.237E+00 0.000E+00 0.000E+00 0.000E+00   2.621E+03 2.613E+03 7.627E+00 1.388E-02 0.000E+00 0.000E+00 0.000E+00
 2.6000E-03 7.773E+05 7.749E+05 2.361E+03 4.293E+00 0.000E+00 0.000E+00 0.000E+00   2.546E+03 2.538E+03 7.732E+00 1.406E-02 0.000E+00 0.000E+00 0.000E+00
 2.7965E-03 6.553E+05 6.529E+05 2.437E+03 4.637E+00 0.000E+00 0.000E+00 0.000E+00   2.147E+03 2.139E+03 7.983E+00 1.519E-02 0.000E+00 0.000E+00 0.000E+00
 2.7965E-03 6.833E+05 6.809E+05 2.437E+03 4.637E+00 0.000E+00 0.000E+00 0.000E+00   2.238E+03 2.230E+03 7.983E+00 1.519E-02 0.000E+00 0.000E+00 0.000E+00
 3.0000E-03 5.803E+05 5.778E+05 2.534E+03 4.995E+00 0.000E+00 0.000E+00 0.000E+00   1.901E+03 1.893E+03 8.299E+00 1.636E-02 0.000E+00 0.000E+00 0.000E+00
 3.2000E-03 4.984E+05 4.959E+05 2.542E+03 5.346E+00 0.000E+00 0.000E+00 0.000E+00   1.633E+03 1.624E+03 8.326E+00 1.751E-02 0.000E+00 0.000E+00 0.000E+00
 3.4000E-03 4.317E+05 4.292E+05 2.524E+03 5.685E+00 0.000E+00 0.000E+00 0.000E+00   1.414E+03 1.406E+03 8.267E+00 1.862E-02 0.000E+00 0.000E+00 0.000E+00
 3.6000E-03 3.764E+05 3.739E+05 2.488E+03 6.024E+00 0.000E+00 0.000E+00 0.000E+00   1.233E+03 1.225E+03 8.148E+00 1.973E-02 0.000E+00 0.000E+00 0.000E+00
 3.8000E-03 3.306E+05 3.282E+05 2.448E+03 6.364E+00 0.000E+00 0.000E+00 0.000E+00   1.083E+03 1.075E+03 8.017E+00 2.085E-02 0.000E+00 0.000E+00 0.000E+00
 4.0000E-03 2.919E+05 2.895E+05 2.395E+03 6.702E+00 0.000E+00 0.000E+00 0.000E+00   9.562E+02 9.483E+02 7.845E+00 2.195E-02 0.000E+00 0.000E+00 0.000E+00
 4.2500E-03 2.516E+05 2.492E+05 2.330E+03 7.107E+00 0.000E+00 0.000E+00 0.000E+00   8.240E+02 8.164E+02 7.631E+00 2.328E-02 0.000E+00 0.000E+00 0.000E+00
 4.5000E-03 2.187E+05 2.164E+05 2.263E+03 7.511E+00 0.000E+00 0.000E+00 0.000E+00   7.163E+02 7.089E+02 7.413E+00 2.460E-02 0.000E+00 0.000E+00 0.000E+00
 4.7500E-03 1.916E+05 1.894E+05 2.192E+03 7.914E+00 0.000E+00 0.000E+00 0.000E+00   6.275E+02 6.203E+02 7.181E+00 2.592E-02 0.000E+00 0.000E+00 0.000E+00
 5.0000E-03 1.687E+05 1.666E+05 2.123E+03 8.317E+00 0.000E+00 0.000E+00 0.000E+00   5.526E+02 5.456E+02 6.955E+00 2.724E-02 0.000E+00 0.000E+00 0.000E+00
 5.3333E-03 1.437E+05 1.416E+05 2.031E+03 8.820E+00 0.000E+00 0.000E+00 0.000E+00   4.706E+02 4.639E+02 6.654E+00 2.889E-02 0.000E+00 0.000E+00 0.000E+00
 5.6667E-03 1.235E+05 1.215E+05 1.942E+03 9.320E+00 0.000E+00 0.000E+00 0.000E+00   4.045E+02 3.981E+02 6.362E+00 3.053E-02 0.000E+00 0.000E+00 0.000E+00
 6.0000E-03 1.071E+05 1.052E+05 1.856E+03 9.817E+00 0.000E+00 0.000E+00 0.000E+00   3.508E+02 3.447E+02 6.078E+00 3.216E-02 0.000E+00 0.000E+00 0.000E+00
 6.5000E-03 8.755E+04 8.581E+04 1.734E+03 1.053E+01 0.000E+00 0.000E+00 0.000E+00   2.868E+02 2.811E+02 5.680E+00 3.450E-02 0.000E+00 0.000E+00 0.000E+00
 7.0000E-03 7.263E+04 7.101E+04 1.616E+03 1.120E+01 0.000E+00 0.000E+00 0.000E+00   2.379E+02 2.326E+02 5.294E+00 3.668E-02 0.000E+00 0.000E+00 0.000E+00
 7.5000E-03 6.100E+04 5.948E+04 1.504E+03 1.186E+01 0.000E+00 0.000E+00 0.000E+00   1.998E+02 1.948E+02 4.928E+00 3.884E-02 0.000E+00 0.000E+00 0.000E+00
 8.0000E-03 5.176E+04 5.035E+04 1.398E+03 1.250E+01 0.000E+00 0.000E+00 0.000E+00   1.696E+02 1.649E+02 4.579E+00 4.094E-02 0.000E+00 0.000E+00 0.000E+00
 8.5000E-03 4.436E+04 4.305E+04 1.293E+03 1.307E+01 0.000E+00 0.000E+00 0.000E+00   1.453E+02 1.410E+02 4.235E+00 4.281E-02 0.000E+00 0.000E+00 0.000E+00
 9.0000E-03 3.831E+04 3.711E+04 1.186E+03 1.363E+01 0.000E+00 0.000E+00 0.000E+00   1.255E+02 1.215E+02 3.886E+00 4.466E-02 0.000E+00 0.000E+00 0.000E+00
 1.0000E-02 2.911E+04 2.820E+04 8.923E+02 1.473E+01 0.000E+00 0.000E+00 0.000E+00   9.534E+01 9.237E+01 2.923E+00 4.827E-02 0.000E+00 0.000E+00 0.000E+00
 1.0206E-02 2.756E+04 2.673E+04 8.186E+02 1.494E+01 0.000E+00 0.000E+00 0.000E+00   9.029E+01 8.756E+01 2.681E+00 4.892E-02 0.000E+00 0.000E+00 0.000E+00
 1.0206E-02 7.105E+04 7.021E+04 8.186E+02 1.494E+01 0.000E+00 0.000E+00 0.000E+00   2.327E+02 2.300E+02 2.681E+00 4.892E-02 0.000E+00 0.000E+00 0.000E+00
 1.1000E-02 5.856E+04 5.761E+04 9.359E+02 1.570E+01 0.000E+00 0.000E+00 0.000E+00   1.918E+02 1.887E+02 3.066E+00 5.141E-02 0.000E+00 0.000E+00 0.000E+00
 1.1573E-02 5.113E+04 5.026E+04 8.549E+02 1.623E+01 0.000E+00 0.000E+00 0.000E+00   1.675E+02 1.646E+02 2.800E+00 5.317E-02 0.000E+00 0.000E+00 0.000E+00
 1.1573E-02 7.033E+04 6.946E+04 8.549E+02 1.623E+01 0.000E+00 0.000E+00 0.000E+00   2.304E+02 2.275E+02 2.800E+00 5.317E-02 0.000E+00 0.000E+00 0.000E+00
 1.2000E-02 6.415E+04 6.325E+04 8.918E+02 1.663E+01 0.000E+00 0.000E+00 0.000E+00   2.101E+02 2.072E+02 2.921E+00 5.446E-02 0.000E+00 0.000E+00 0.000E+00
 1.2077E-02 6.309E+04 6.218E+04 8.975E+02 1.670E+01 0.000E+00 0.000E+00 0.000E+00   2.067E+02 2.037E+02 2.940E+00 5.470E-02 0.000E+00 0.000E+00 0.000E+00
 1.2077E-02 7.284E+04 7.193E+04 8.975E+02 1.670E+01 0.000E+00 0.000E+00 0.000E+00   2.386E+02 2.356E+02 2.940E+00 5.470E-02 0.000E+00 0.000E+00 0.000E+00
 1.3000E-02 6.061E+04 5.965E+04 9.450E+02 1.750E+01 0.000E+00 0.000E+00 0.000E+00   1.985E+02 1.954E+02 3.095E+00 5.732E-02 0.000E+00 0.000E+00 0.000E+00
 1.4000E-02 5.025E+04 4.932E+04 9.119E+02 1.829E+01 0.000E+00 0.000E+00 0.000E+00   1.646E+02 1.616E+02 2.987E+00 5.993E-02 0.000E+00 0.000E+00 0.000E+00
 1.5000E-02 4.217E+04 4.128E+04 8.627E+02 1.907E+01 0.000E+00 0.000E+00 0.000E+00   1.381E+02 1.352E+02 2.826E+00 6.246E-02 0.000E+00 0.000E+00 0.000E+00
 1.6000E-02 3.574E+04 3.490E+04 8.111E+02 1.981E+01 0.000E+00 0.000E+00 0.000E+00   1.171E+02 1.143E+02 2.657E+00 6.489E-02 0.000E+00 0.000E+00 0.000E+00
 1.7000E-02 3.056E+04 2.978E+04 7.608E+02 2.046E+01 0.000E+00 0.000E+00 0.000E+00   1.001E+02 9.755E+01 2.492E+00 6.703E-02 0.000E+00 0.000E+00 0.000E+00
 1.8000E-02 2.636E+04 2.563E+04 7.135E+02 2.110E+01 0.000E+00 0.000E+00 0.000E+00   8.635E+01 8.394E+01 2.337E+00 6.912E-02 0.000E+00 0.000E+00 0.000E+00
 1.9000E-02 2.292E+04 2.223E+04 6.691E+02 2.172E+01 0.000E+00 0.000E+00 0.000E+00   7.508E+01 7.282E+01 2.192E+00 7.115E-02 0.000E+00 0.000E+00 0.000E+00
 2.0000E-02 2.007E+04 1.941E+04 6.291E+02 2.232E+01 0.000E+00 0.000E+00 0.000E+00   6.573E+01 6.359E+01 2.061E+00 7.312E-02 0.000E+00 0.000E+00 0.000E+00
 2.2000E-02 1.564E+04 1.506E+04 5.578E+02 2.337E+01 0.000E+00 0.000E+00 0.000E+00   5.124E+01 4.934E+01 1.827E+00 7.654E-02 0.000E+00 0.000E+00 0.000E+00
 2.4000E-02 1.246E+04 1.194E+04 4.974E+02 2.436E+01 0.000E+00 0.000E+00 0.000E+00   4.082E+01 3.911E+01 1.629E+00 7.980E-02 0.000E+00 0.000E+00 0.000E+00
 2.6000E-02 1.010E+04 9.628E+03 4.460E+02 2.523E+01 0.000E+00 0.000E+00 0.000E+00   3.308E+01 3.154E+01 1.461E+00 8.266E-02 0.000E+00 0.000E+00 0.000E+00
 2.8000E-02 8.310E+03 7.883E+03 4.016E+02 2.596E+01 0.000E+00 0.000E+00 0.000E+00   2.722E+01 2.582E+01 1.316E+00 8.504E-02 0.000E+00 0.000E+00 0.000E+00
 3.0000E-02 6.931E+03 6.541E+03 3.632E+02 2.666E+01 0.000E+00 0.000E+00 0.000E+00   2.270E+01 2.143E+01 1.190E+00 8.733E-02 0.000E+00 0.000E+00 0.000E+00
 3.2000E-02 5.846E+03 5.489E+03 3.298E+02 2.730E+01 0.000E+00 0.000E+00 0.000E+00   1.915E+01 1.798E+01 1.080E+00 8.942E-02 0.000E+00 0.000E+00 0.000E+00
 3.4000E-02 4.981E+03 4.653E+03 3.009E+02 2.778E+01 0.000E+00 0.000E+00 0.000E+00   1.632E+01 1.524E+01 9.857E-01 9.101E-02 0.000E+00 0.000E+00 0.000E+00
 3.6000E-02 4.285E+03 3.982E+03 2.753E+02 2.825E+01 0.000E+00 0.000E+00 0.000E+00   1.404E+01 1.304E+01 9.018E-01 9.253E-02 0.000E+00 0.000E+00 0.000E+00
 3.8000E-02 3.715E+03 3.434E+03 2.526E+02 2.869E+01 0.000E+00 0.000E+00 0.000E+00   1.217E+01 1.125E+01 8.275E-01 9.399E-02 0.000E+00 0.000E+00 0.000E+00
 4.0000E-02 3.245E+03 2.983E+03 2.323E+02 2.911E+01 0.000E+00 0.000E+00 0.000E+00   1.063E+01 9.772E+00 7.610E-01 9.536E-02 0.000E+00 0.000E+00 0.000E+00
 4.2500E-02 2.764E+03 2.525E+03 2.096E+02 2.947E+01 0.000E+00 0.000E+00 0.000E+00   9.055E+00 8.272E+00 6.866E-01 9.653E-02 0.000E+00 0.000E+00 0.000E+00
 4.5000E-02 2.378E+03 2.158E+03 1.901E+02 2.981E+01 0.000E+00 0.000E+00 0.000E+00   7.789E+00 7.068E+00 6.228E-01 9.764E-02 0.000E+00 0.000E+00 0.000E+00
 4.7500E-02 2.063E+03 1.859E+03 1.731E+02 3.013E+01 0.000E+00 0.000E+00 0.000E+00   6.756E+00 6.090E+00 5.671E-01 9.870E-02 0.000E+00 0.000E+00 0.000E+00
 5.0000E-02 1.802E+03 1.613E+03 1.584E+02 3.044E+01 0.000E+00 0.000E+00 0.000E+00   5.902E+00 5.283E+00 5.187E-01 9.972E-02 0.000E+00 0.000E+00 0.000E+00
 5.3333E-02 1.521E+03 1.349E+03 1.412E+02 3.069E+01 0.000E+00 0.000E+00 0.000E+00   4.983E+00 4.420E+00 4.625E-01 1.005E-01 0.000E+00 0.000E+00 0.000E+00
 5.6667E-02 1.298E+03 1.141E+03 1.262E+02 3.091E+01 0.000E+00 0.000E+00 0.000E+00   4.252E+00 3.737E+00 4.135E-01 1.012E-01 0.000E+00 0.000E+00 0.000E+00
 6.0000E-02 1.117E+03 9.730E+02 1.130E+02 3.112E+01 0.000E+00 0.000E+00 0.000E+00   3.659E+00 3.187E+00 3.701E-01 1.019E-01 0.000E+00 0.000E+00 0.000E+00
 6.5000E-02 9.051E+02 7.790E+02 9.474E+01 3.135E+01 0.000E+00 0.000E+00 0.000E+00   2.965E+00 2.552E+00 3.103E-01 1.027E-01 0.000E+00 0.000E+00 0.000E+00
 6.9689E-02 7.465E+02 6.416E+02 7.342E+01 3.145E+01 0.000E+00 0.000E+00 0.000E+00   2.445E+00 2.102E+00 2.405E-01 1.030E-01 0.000E+00 0.000E+00 0.000E+00
 6.9689E-02 3.367E+03 3.262E+03 7.342E+01 3.145E+01 0.000E+00 0.000E+00 0.000E+00   1.103E+01 1.069E+01 2.405E-01 1.030E-01 0.000E+00 0.000E+00 0.000E+00
 7.5000E-02 2.805E+03 2.695E+03 7.854E+01 3.156E+01 0.000E+00 0.000E+00 0.000E+00   9.187E+00 8.826E+00 2.573E-01 1.034E-01 0.000E+00 0.000E+00 0.000E+00
 8.0000E-02 2.387E+03 2.281E+03 7.368E+01 3.164E+01 0.000E+00 0.000E+00 0.000E+00   7.817E+00 7.472E+00 2.413E-01 1.036E-01 0.000E+00 0.000E+00 0.000E+00
 8.5000E-02 2.043E+03 1.944E+03 6.805E+01 3.158E+01 0.000E+00 0.000E+00 0.000E+00   6.693E+00 6.367E+00 2.229E-01 1.035E-01 0.000E+00 0.000E+00 0.000E+00
 9.0000E-02 1.767E+03 1.673E+03 6.257E+01 3.153E+01 0.000E+00 0.000E+00 0.000E+00   5.788E+00 5.480E+00 2.049E-01 1.033E-01 0.000E+00 0.000E+00 0.000E+00
 1.0000E-01 1.352E+03 1.268E+03 5.310E+01 3.144E+01 0.000E+00 0.000E+00 0.000E+00   4.430E+00 4.153E+00 1.739E-01 1.030E-01 0.000E+00 0.000E+00 0.000E+00
 1.1000E-01 1.059E+03 9.821E+02 4.529E+01 3.115E+01 0.000E+00 0.000E+00 0.000E+00   3.467E+00 3.217E+00 1.483E-01 1.020E-01 0.000E+00 0.000E+00 0.000E+00
 1.2000E-01 8.477E+02 7.779E+02 3.895E+01 3.089E+01 0.000E+00 0.000E+00 0.000E+00   2.777E+00 2.548E+00 1.276E-01 1.012E-01 0.000E+00 0.000E+00 0.000E+00
 1.3000E-01 6.914E+02 6.271E+02 3.378E+01 3.058E+01 0.000E+00 0.000E+00 0.000E+00   2.265E+00 2.054E+00 1.106E-01 1.002E-01 0.000E+00 0.000E+00 0.000E+00
 1.4000E-01 5.728E+02 5.130E+02 2.958E+01 3.022E+01 0.000E+00 0.000E+00 0.000E+00   1.876E+00 1.680E+00 9.690E-02 9.898E-02 0.000E+00 0.000E+00 0.000E+00
 1.5000E-01 4.816E+02 4.256E+02 2.610E+01 2.988E+01 0.000E+00 0.000E+00 0.000E+00   1.577E+00 1.394E+00 8.549E-02 9.789E-02 0.000E+00 0.000E+00 0.000E+00
 1.6000E-01 4.101E+02 3.574E+02 2.321E+01 2.956E+01 0.000E+00 0.000E+00 0.000E+00   1.343E+00 1.171E+00 7.603E-02 9.682E-02 0.000E+00 0.000E+00 0.000E+00
 1.7000E-01 3.532E+02 3.033E+02 2.079E+01 2.917E+01 0.000E+00 0.000E+00 0.000E+00   1.157E+00 9.934E-01 6.811E-02 9.556E-02 0.000E+00 0.000E+00 0.000E+00
 1.8000E-01 3.074E+02 2.598E+02 1.874E+01 2.882E+01 0.000E+00 0.000E+00 0.000E+00   1.007E+00 8.511E-01 6.139E-02 9.439E-02 0.000E+00 0.000E+00 0.000E+00
 1.9000E-01 2.700E+02 2.245E+02 1.698E+01 2.848E+01 0.000E+00 0.000E+00 0.000E+00   8.843E-01 7.354E-01 5.563E-02 9.330E-02 0.000E+00 0.000E+00 0.000E+00
 2.0000E-01 2.391E+02 1.954E+02 1.545E+01 2.817E+01 0.000E+00 0.000E+00 0.000E+00   7.830E-01 6.402E-01 5.060E-02 9.226E-02 0.000E+00 0.000E+00 0.000E+00
 2.2000E-01 1.915E+02 1.511E+02 1.295E+01 2.747E+01 0.000E+00 0.000E+00 0.000E+00   6.273E-01 4.949E-01 4.243E-02 8.997E-02 0.000E+00 0.000E+00 0.000E+00
 2.4000E-01 1.574E+02 1.196E+02 1.100E+01 2.684E+01 0.000E+00 0.000E+00 0.000E+00   5.157E-01 3.918E-01 3.604E-02 8.793E-02 0.000E+00 0.000E+00 0.000E+00
 2.6000E-01 1.323E+02 9.660E+01 9.464E+00 2.624E+01 0.000E+00 0.000E+00 0.000E+00   4.334E-01 3.164E-01 3.100E-02 8.596E-02 0.000E+00 0.000E+00 0.000E+00
 2.8000E-01 1.132E+02 7.930E+01 8.222E+00 2.566E+01 0.000E+00 0.000E+00 0.000E+00   3.707E-01 2.598E-01 2.693E-02 8.404E-02 0.000E+00 0.000E+00 0.000E+00
 3.0000E-01 9.847E+01 6.614E+01 7.206E+00 2.512E+01 0.000E+00 0.000E+00 0.000E+00   3.225E-01 2.166E-01 2.360E-02 8.229E-02 0.000E+00 0.000E+00 0.000E+00
 3.2000E-01 8.688E+01 5.589E+01 6.369E+00 2.462E+01 0.000E+00 0.000E+00 0.000E+00   2.846E-01 1.831E-01 2.086E-02 8.064E-02 0.000E+00 0.000E+00 0.000E+00
 3.4000E-01 7.755E+01 4.777E+01 5.671E+00 2.411E+01 0.000E+00 0.000E+00 0.000E+00   2.540E-01 1.565E-01 1.858E-02 7.899E-02 0.000E+00 0.000E+00 0.000E+00
 3.6000E-01 6.993E+01 4.121E+01 5.078E+00 2.365E+01 0.000E+00 0.000E+00 0.000E+00   2.291E-01 1.350E-01 1.663E-02 7.745E-02 0.000E+00 0.000E+00 0.000E+00
 3.8000E-01 6.371E+01 3.592E+01 4.573E+00 2.321E+01 0.000E+00 0.000E+00 0.000E+00   2.087E-01 1.177E-01 1.498E-02 7.603E-02 0.000E+00 0.000E+00 0.000E+00
 4.0000E-01 5.849E+01 3.155E+01 4.141E+00 2.280E+01 0.000E+00 0.000E+00 0.000E+00   1.916E-01 1.033E-01 1.356E-02 7.470E-02 0.000E+00 0.000E+00 0.000E+00
 4.2500E-01 5.309E+01 2.711E+01 3.682E+00 2.229E+01 0.000E+00 0.000E+00 0.000E+00   1.739E-01 8.881E-02 1.206E-02 7.302E-02 0.000E+00 0.000E+00 0.000E+00
 4.5000E-01 4.865E+01 2.353E+01 3.296E+00 2.182E+01 0.000E+00 0.000E+00 0.000E+00   1.593E-01 7.709E-02 1.079E-02 7.146E-02 0.000E+00 0.000E+00 0.000E+00
 4.7500E-01 4.496E+01 2.062E+01 2.968E+00 2.138E+01 0.000E+00 0.000E+00 0.000E+00   1.473E-01 6.753E-02 9.721E-03 7.003E-02 0.000E+00 0.000E+00 0.000E+00
 5.0000E-01 4.187E+01 1.821E+01 2.685E+00 2.097E+01 0.000E+00 0.000E+00 0.000E+00   1.371E-01 5.965E-02 8.795E-03 6.869E-02 0.000E+00 0.000E+00 0.000E+00
 5.3333E-01 3.840E+01 1.560E+01 2.366E+00 2.043E+01 0.000E+00 0.000E+00 0.000E+00   1.258E-01 5.110E-02 7.752E-03 6.692E-02 0.000E+00 0.000E+00 0.000E+00
 5.6667E-01 3.556E+01 1.352E+01 2.102E+00 1.993E+01 0.000E+00 0.000E+00 0.000E+00   1.165E-01 4.430E-02 6.884E-03 6.529E-02 0.000E+00 0.000E+00 0.000E+00
 6.0000E-01 3.319E+01 1.184E+01 1.879E+00 1.947E+01 0.000E+00 0.000E+00 0.000E+00   1.087E-01 3.878E-02 6.155E-03 6.379E-02 0.000E+00 0.000E+00 0.000E+00
 6.5000E-01 3.030E+01 9.856E+00 1.607E+00 1.883E+01 0.000E+00 0.000E+00 0.000E+00   9.924E-02 3.228E-02 5.263E-03 6.169E-02 0.000E+00 0.000E+00 0.000E+00
 7.0000E-01 2.797E+01 8.348E+00 1.390E+00 1.823E+01 0.000E+00 0.000E+00 0.000E+00   9.162E-02 2.734E-02 4.552E-03 5.973E-02 0.000E+00 0.000E+00 0.000E+00
 7.5000E-01 2.607E+01 7.165E+00 1.214E+00 1.769E+01 0.000E+00 0.000E+00 0.000E+00   8.540E-02 2.347E-02 3.975E-03 5.796E-02 0.000E+00 0.000E+00 0.000E+00
 8.0000E-01 2.450E+01 6.230E+00 1.069E+00 1.720E+01 0.000E+00 0.000E+00 0.000E+00   8.024E-02 2.041E-02 3.500E-03 5.633E-02 0.000E+00 0.000E+00 0.000E+00
 8.5000E-01 2.314E+01 5.475E+00 9.480E-01 1.672E+01 0.000E+00 0.000E+00 0.000E+00   7.580E-02 1.794E-02 3.105E-03 5.476E-02 0.000E+00 0.000E+00 0.000E+00
 9.0000E-01 2.198E+01 4.856E+00 8.469E-01 1.628E+01 0.000E+00 0.000E+00 0.000E+00   7.200E-02 1.591E-02 2.774E-03 5.332E-02 0.000E+00 0.000E+00 0.000E+00
 1.0000E+00 2.010E+01 3.918E+00 6.879E-01 1.550E+01 0.000E+00 0.000E+00 0.000E+00   6.585E-02 1.283E-02 2.253E-03 5.076E-02 0.000E+00 0.000E+00 0.000E+00
 1.1000E+00 1.861E+01 3.247E+00 5.700E-01 1.479E+01 5.768E-03 0.000E+00 5.768E-03   6.097E-02 1.064E-02 1.867E-03 4.844E-02 1.889E-05 0.000E+00 1.889E-05
 1.2000E+00 1.744E+01 2.741E+00 4.800E-01 1.417E+01 5.290E-02 0.000E+00 5.290E-02   5.714E-02 8.978E-03 1.572E-03 4.642E-02 1.733E-04 0.000E+00 1.733E-04
 1.3000E+00 1.653E+01 2.353E+00 4.095E-01 1.361E+01 1.562E-01 0.000E+00 1.562E-01   5.414E-02 7.706E-03 1.341E-03 4.458E-02 5.116E-04 0.000E+00 5.116E-04
 1.4000E+00 1.579E+01 2.048E+00 3.534E-01 1.309E+01 2.982E-01 0.000E+00 2.982E-01   5.174E-02 6.710E-03 1.158E-03 4.289E-02 9.768E-04 0.000E+00 9.768E-04
 1.5000E+00 1.520E+01 1.803E+00 3.081E-01 1.263E+01 4.611E-01 0.000E+00 4.611E-01   4.980E-02 5.906E-03 1.009E-03 4.138E-02 1.510E-03 0.000E+00 1.510E-03
 1.6000E+00 1.472E+01 1.605E+00 2.710E-01 1.221E+01 6.388E-01 0.000E+00 6.388E-01   4.823E-02 5.256E-03 8.877E-04 3.999E-02 2.092E-03 0.000E+00 2.092E-03
 1.7000E+00 1.432E+01 1.439E+00 2.402E-01 1.181E+01 8.290E-01 0.000E+00 8.290E-01   4.690E-02 4.714E-03 7.869E-04 3.868E-02 2.716E-03 0.000E+00 2.716E-03
 1.8000E+00 1.399E+01 1.304E+00 2.144E-01 1.144E+01 1.024E+00 0.000E+00 1.024E+00   4.581E-02 4.271E-03 7.024E-04 3.748E-02 3.355E-03 0.000E+00 3.355E-03
 1.9000E+00 1.371E+01 1.188E+00 1.926E-01 1.111E+01 1.226E+00 0.000E+00 1.226E+00   4.492E-02 3.893E-03 6.308E-04 3.638E-02 4.017E-03 0.000E+00 4.017E-03
 2.0000E+00 1.349E+01 1.092E+00 1.739E-01 1.080E+01 1.430E+00 0.000E+00 1.430E+00   4.420E-02 3.576E-03 5.696E-04 3.537E-02 4.684E-03 0.000E+00 4.684E-03
 2.2000E+00 1.311E+01 9.351E-01 1.439E-01 1.022E+01 1.817E+00 3.276E-05 1.817E+00   4.296E-02 3.063E-03 4.713E-04 3.347E-02 5.952E-03 1.073E-07 5.952E-03
 2.4000E+00 1.285E+01 8.130E-01 1.210E-01 9.716E+00 2.197E+00 2.998E-04 2.197E+00   4.208E-02 2.663E-03 3.963E-04 3.183E-02 7.196E-03 9.819E-07 7.197E-03
 2.6000E+00 1.264E+01 7.156E-01 1.031E-01 9.267E+00 2.557E+00 8.975E-04 2.558E+00   4.142E-02 2.344E-03 3.378E-04 3.036E-02 8.375E-03 2.940E-06 8.378E-03
 2.8000E+00 1.250E+01 6.373E-01 8.893E-02 8.860E+00 2.911E+00 1.803E-03 2.913E+00   4.094E-02 2.088E-03 2.913E-04 2.902E-02 9.535E-03 5.906E-06 9.540E-03
 3.0000E+00 1.241E+01 5.729E-01 7.748E-02 8.497E+00 3.258E+00 2.978E-03 3.261E+00   4.065E-02 1.877E-03 2.538E-04 2.783E-02 1.067E-02 9.755E-06 1.068E-02
 3.2000E+00 1.233E+01 5.201E-01 6.811E-02 8.169E+00 3.570E+00 4.396E-03 3.574E+00   4.039E-02 1.704E-03 2.231E-04 2.676E-02 1.169E-02 1.440E-05 1.171E-02
 3.4000E+00 1.229E+01 4.752E-01 6.034E-02 7.862E+00 3.889E+00 6.049E-03 3.896E+00   4.027E-02 1.557E-03 1.976E-04 2.575E-02 1.274E-02 1.981E-05 1.276E-02
 3.6000E+00 1.228E+01 4.375E-01 5.383E-02 7.583E+00 4.196E+00 7.912E-03 4.204E+00   4.022E-02 1.433E-03 1.763E-04 2.484E-02 1.374E-02 2.591E-05 1.377E-02
 3.8000E+00 1.228E+01 4.046E-01 4.832E-02 7.328E+00 4.485E+00 9.956E-03 4.495E+00   4.021E-02 1.325E-03 1.583E-04 2.400E-02 1.469E-02 3.261E-05 1.472E-02
 4.0000E+00 1.230E+01 3.761E-01 4.361E-02 7.093E+00 4.778E+00 1.214E-02 4.790E+00   4.030E-02 1.232E-03 1.429E-04 2.323E-02 1.565E-02 3.977E-05 1.569E-02
 4.2500E+00 1.232E+01 3.455E-01 3.864E-02 6.816E+00 5.102E+00 1.500E-02 5.117E+00   4.035E-02 1.132E-03 1.266E-04 2.233E-02 1.671E-02 4.913E-05 1.676E-02
 4.5000E+00 1.236E+01 3.190E-01 3.447E-02 6.565E+00 5.427E+00 1.790E-02 5.445E+00   4.050E-02 1.045E-03 1.129E-04 2.151E-02 1.778E-02 5.864E-05 1.783E-02
 4.7500E+00 1.244E+01 2.962E-01 3.094E-02 6.336E+00 5.753E+00 2.097E-02 5.774E+00   4.074E-02 9.702E-04 1.013E-04 2.076E-02 1.885E-02 6.869E-05 1.891E-02
 5.0000E+00 1.251E+01 2.763E-01 2.793E-02 6.127E+00 6.053E+00 2.415E-02 6.077E+00   4.097E-02 9.052E-04 9.148E-05 2.007E-02 1.983E-02 7.910E-05 1.991E-02
 5.3333E+00 1.259E+01 2.533E-01 2.455E-02 5.864E+00 6.420E+00 2.831E-02 6.449E+00   4.124E-02 8.297E-04 8.041E-05 1.921E-02 2.103E-02 9.274E-05 2.112E-02
 5.6667E+00 1.270E+01 2.337E-01 2.175E-02 5.627E+00 6.786E+00 3.263E-02 6.818E+00   4.160E-02 7.656E-04 7.124E-05 1.843E-02 2.223E-02 1.069E-04 2.233E-02
 6.0000E+00 1.284E+01 2.169E-01 1.940E-02 5.413E+00 7.149E+00 3.702E-02 7.186E+00   4.204E-02 7.104E-04 6.355E-05 1.773E-02 2.342E-02 1.213E-04 2.354E-02
 6.5000E+00 1.301E+01 1.954E-01 1.654E-02 5.123E+00 7.636E+00 4.333E-02 7.679E+00   4.263E-02 6.400E-04 5.416E-05 1.678E-02 2.501E-02 1.419E-04 2.515E-02
 7.0000E+00 1.322E+01 1.779E-01 1.426E-02 4.864E+00 8.116E+00 4.983E-02 8.166E+00   4.331E-02 5.826E-04 4.671E-05 1.593E-02 2.658E-02 1.632E-04 2.675E-02
 7.5000E+00 1.342E+01 1.630E-01 1.242E-02 4.634E+00 8.554E+00 5.588E-02 8.610E+00   4.396E-02 5.339E-04 4.069E-05 1.518E-02 2.802E-02 1.830E-04 2.820E-02
 8.0000E+00 1.364E+01 1.504E-01 1.092E-02 4.429E+00 8.985E+00 6.221E-02 9.047E+00   4.467E-02 4.925E-04 3.576E-05 1.451E-02 2.943E-02 2.038E-04 2.963E-02
 8.5000E+00 1.384E+01 1.396E-01 9.672E-03 4.240E+00 9.384E+00 6.804E-02 9.452E+00   4.534E-02 4.572E-04 3.168E-05 1.389E-02 3.074E-02 2.229E-04 3.096E-02
 9.0000E+00 1.406E+01 1.301E-01 8.627E-03 4.069E+00 9.776E+00 7.403E-02 9.850E+00   4.605E-02 4.262E-04 2.826E-05 1.333E-02 3.202E-02 2.425E-04 3.226E-02
 1.0000E+01 1.448E+01 1.145E-01 6.988E-03 3.772E+00 1.050E+01 8.524E-02 1.059E+01   4.743E-02 3.749E-04 2.289E-05 1.235E-02 3.439E-02 2.792E-04 3.467E-02
 1.1000E+01 1.489E+01 1.022E-01 5.775E-03 3.516E+00 1.117E+01 9.584E-02 1.127E+01   4.877E-02 3.347E-04 1.892E-05 1.152E-02 3.659E-02 3.139E-04 3.690E-02
 1.2000E+01 1.530E+01 9.219E-02 4.853E-03 3.297E+00 1.180E+01 1.058E-01 1.191E+01   5.012E-02 3.020E-04 1.590E-05 1.080E-02 3.865E-02 3.466E-04 3.900E-02
 1.3000E+01 1.569E+01 8.403E-02 4.135E-03 3.107E+00 1.238E+01 1.152E-01 1.250E+01   5.139E-02 2.753E-04 1.355E-05 1.018E-02 4.055E-02 3.773E-04 4.093E-02
 1.4000E+01 1.607E+01 7.713E-02 3.566E-03 2.938E+00 1.293E+01 1.241E-01 1.305E+01   5.265E-02 2.526E-04 1.168E-05 9.624E-03 4.235E-02 4.065E-04 4.276E-02
 1.5000E+01 1.643E+01 7.123E-02 3.106E-03 2.789E+00 1.343E+01 1.325E-01 1.356E+01   5.380E-02 2.333E-04 1.017E-05 9.136E-03 4.399E-02 4.340E-04 4.442E-02
 1.6000E+01 1.678E+01 6.622E-02 2.730E-03 2.656E+00 1.391E+01 1.405E-01 1.405E+01   5.495E-02 2.169E-04 8.942E-06 8.702E-03 4.556E-02 4.602E-04 4.602E-02
 1.7000E+01 1.709E+01 6.185E-02 2.418E-03 2.536E+00 1.434E+01 1.479E-01 1.449E+01   5.598E-02 2.026E-04 7.921E-06 8.306E-03 4.698E-02 4.846E-04 4.746E-02
 1.8000E+01 1.740E+01 5.800E-02 2.157E-03 2.427E+00 1.476E+01 1.553E-01 1.492E+01   5.700E-02 1.900E-04 7.066E-06 7.949E-03 4.835E-02 5.087E-04 4.886E-02
 1.9000E+01 1.769E+01 5.458E-02 1.936E-03 2.328E+00 1.515E+01 1.620E-01 1.531E+01   5.795E-02 1.788E-04 6.342E-06 7.626E-03 4.961E-02 5.308E-04 5.014E-02
 2.0000E+01 1.798E+01 5.154E-02 1.747E-03 2.238E+00 1.552E+01 1.687E-01 1.569E+01   5.890E-02 1.688E-04 5.723E-06 7.331E-03 5.084E-02 5.526E-04 5.139E-02
 2.2000E+01 1.852E+01 4.642E-02 1.444E-03 2.078E+00 1.621E+01 1.810E-01 1.639E+01   6.065E-02 1.521E-04 4.730E-06 6.805E-03 5.310E-02 5.929E-04 5.369E-02
 2.4000E+01 1.902E+01 4.219E-02 1.213E-03 1.941E+00 1.684E+01 1.922E-01 1.703E+01   6.229E-02 1.382E-04 3.975E-06 6.358E-03 5.516E-02 6.296E-04 5.579E-02
 2.6000E+01 1.947E+01 3.865E-02 1.034E-03 1.823E+00 1.741E+01 2.025E-01 1.761E+01   6.379E-02 1.266E-04 3.387E-06 5.971E-03 5.703E-02 6.633E-04 5.769E-02
 2.8000E+01 1.991E+01 3.568E-02 8.915E-04 1.719E+00 1.794E+01 2.121E-01 1.815E+01   6.521E-02 1.169E-04 2.920E-06 5.630E-03 5.876E-02 6.947E-04 5.946E-02
 3.0000E+01 2.030E+01 3.313E-02 7.766E-04 1.627E+00 1.842E+01 2.210E-01 1.864E+01   6.650E-02 1.085E-04 2.544E-06 5.331E-03 6.034E-02 7.239E-04 6.106E-02
 3.2000E+01 2.065E+01 3.091E-02 6.826E-04 1.546E+00 1.885E+01 2.287E-01 1.908E+01   6.765E-02 1.013E-04 2.236E-06 5.064E-03 6.173E-02 7.492E-04 6.248E-02
 3.4000E+01 2.100E+01 2.896E-02 6.046E-04 1.473E+00 1.926E+01 2.362E-01 1.949E+01   6.877E-02 9.488E-05 1.980E-06 4.823E-03 6.308E-02 7.737E-04 6.385E-02
 3.6000E+01 2.133E+01 2.724E-02 5.393E-04 1.406E+00 1.965E+01 2.435E-01 1.989E+01   6.986E-02 8.924E-05 1.767E-06 4.607E-03 6.437E-02 7.975E-04 6.517E-02
 3.8000E+01 2.166E+01 2.573E-02 4.840E-04 1.347E+00 2.003E+01 2.506E-01 2.028E+01   7.093E-02 8.428E-05 1.585E-06 4.411E-03 6.562E-02 8.208E-04 6.644E-02
 4.0000E+01 2.197E+01 2.438E-02 4.368E-04 1.292E+00 2.040E+01 2.575E-01 2.066E+01   7.198E-02 7.985E-05 1.431E-06 4.233E-03 6.682E-02 8.435E-04 6.767E-02
 4.2500E+01 2.231E+01 2.287E-02 3.870E-04 1.230E+00 2.079E+01 2.647E-01 2.105E+01   7.307E-02 7.492E-05 1.268E-06 4.029E-03 6.810E-02 8.670E-04 6.896E-02
 4.5000E+01 2.263E+01 2.154E-02 3.452E-04 1.174E+00 2.116E+01 2.717E-01 2.143E+01   7.413E-02 7.055E-05 1.131E-06 3.846E-03 6.932E-02 8.899E-04 7.021E-02
 4.7500E+01 2.295E+01 2.035E-02 3.098E-04 1.124E+00 2.152E+01 2.784E-01 2.180E+01   7.516E-02 6.665E-05 1.015E-06 3.681E-03 7.050E-02 9.120E-04 7.141E-02
 5.0000E+01 2.325E+01 1.928E-02 2.796E-04 1.078E+00 2.187E+01 2.850E-01 2.216E+01   7.616E-02 6.316E-05 9.158E-07 3.531E-03 7.164E-02 9.335E-04 7.257E-02
 5.3333E+01 2.360E+01 1.802E-02 2.457E-04 1.022E+00 2.227E+01 2.925E-01 2.256E+01   7.730E-02 5.903E-05 8.049E-07 3.348E-03 7.294E-02 9.581E-04 7.389E-02
 5.6667E+01 2.394E+01 1.691E-02 2.177E-04 9.726E-01 2.265E+01 2.997E-01 2.295E+01   7.840E-02 5.539E-05 7.130E-07 3.186E-03 7.418E-02 9.818E-04 7.516E-02
 6.0000E+01 2.426E+01 1.594E-02 1.942E-04 9.280E-01 2.301E+01 3.067E-01 2.332E+01   7.947E-02 5.221E-05 6.360E-07 3.040E-03 7.537E-02 1.005E-03 7.638E-02
 6.5000E+01 2.466E+01 1.467E-02 1.654E-04 8.687E-01 2.347E+01 3.154E-01 2.378E+01   8.079E-02 4.806E-05 5.419E-07 2.846E-03 7.686E-02 1.033E-03 7.790E-02
 7.0000E+01 2.505E+01 1.359E-02 1.426E-04 8.169E-01 2.390E+01 3.236E-01 2.422E+01   8.205E-02 4.451E-05 4.672E-07 2.676E-03 7.827E-02 1.060E-03 7.933E-02
 7.5000E+01 2.542E+01 1.265E-02 1.243E-04 7.715E-01 2.430E+01 3.315E-01 2.463E+01   8.326E-02 4.145E-05 4.070E-07 2.527E-03 7.961E-02 1.086E-03 8.069E-02
 8.0000E+01 2.577E+01 1.184E-02 1.092E-04 7.312E-01 2.469E+01 3.390E-01 2.503E+01   8.442E-02 3.878E-05 3.577E-07 2.395E-03 8.087E-02 1.110E-03 8.198E-02
 8.5000E+01 2.606E+01 1.112E-02 9.674E-05 6.951E-01 2.501E+01 3.452E-01 2.535E+01   8.535E-02 3.642E-05 3.169E-07 2.277E-03 8.191E-02 1.131E-03 8.304E-02
 9.0000E+01 2.633E+01 1.048E-02 8.629E-05 6.626E-01 2.531E+01 3.511E-01 2.566E+01   8.625E-02 3.434E-05 2.827E-07 2.170E-03 8.289E-02 1.150E-03 8.404E-02
 1.0000E+02 2.685E+01 9.416E-03 6.990E-05 6.067E-01 2.587E+01 3.623E-01 2.623E+01   8.794E-02 3.084E-05 2.289E-07 1.987E-03 8.474E-02 1.187E-03 8.593E-02
 1.1000E+02 2.724E+01 8.544E-03 5.777E-05 5.598E-01 2.630E+01 3.709E-01 2.667E+01   8.922E-02 2.799E-05 1.892E-07 1.834E-03 8.614E-02 1.215E-03 8.736E-02
 1.2000E+02 2.760E+01 7.818E-03 4.854E-05 5.202E-01 2.669E+01 3.790E-01 2.707E+01   9.041E-02 2.561E-05 1.590E-07 1.704E-03 8.744E-02 1.241E-03 8.868E-02
 1.3000E+02 2.795E+01 7.205E-03 4.136E-05 4.862E-01 2.707E+01 3.866E-01 2.745E+01   9.154E-02 2.360E-05 1.355E-07 1.593E-03 8.865E-02 1.266E-03 8.992E-02
 1.4000E+02 2.827E+01 6.682E-03 3.566E-05 4.565E-01 2.741E+01 3.937E-01 2.781E+01   9.260E-02 2.189E-05 1.168E-07 1.495E-03 8.979E-02 1.290E-03 9.108E-02
 1.5000E+02 2.858E+01 6.228E-03 3.106E-05 4.305E-01 2.774E+01 4.005E-01 2.814E+01   9.361E-02 2.040E-05 1.018E-07 1.410E-03 9.086E-02 1.312E-03 9.218E-02
 1.6000E+02 2.880E+01 5.832E-03 2.730E-05 4.076E-01 2.799E+01 4.057E-01 2.839E+01   9.435E-02 1.910E-05 8.943E-08 1.335E-03 9.167E-02 1.329E-03 9.300E-02
 1.7000E+02 2.902E+01 5.483E-03 2.419E-05 3.870E-01 2.822E+01 4.106E-01 2.863E+01   9.506E-02 1.796E-05 7.922E-08 1.268E-03 9.243E-02 1.345E-03 9.377E-02
 1.8000E+02 2.923E+01 5.173E-03 2.157E-05 3.685E-01 2.844E+01 4.153E-01 2.885E+01   9.574E-02 1.695E-05 7.066E-08 1.207E-03 9.315E-02 1.360E-03 9.451E-02
 1.9000E+02 2.943E+01 4.898E-03 1.936E-05 3.519E-01 2.865E+01 4.198E-01 2.907E+01   9.639E-02 1.605E-05 6.342E-08 1.153E-03 9.384E-02 1.375E-03 9.522E-02
 2.0000E+02 2.962E+01 4.651E-03 1.747E-05 3.368E-01 2.885E+01 4.241E-01 2.927E+01   9.701E-02 1.524E-05 5.724E-08 1.103E-03 9.450E-02 1.389E-03 9.589E-02
 2.2000E+02 2.989E+01 4.224E-03 1.444E-05 3.103E-01 2.915E+01 4.307E-01 2.958E+01   9.791E-02 1.384E-05 4.730E-08 1.016E-03 9.547E-02 1.411E-03 9.688E-02
 2.4000E+02 3.015E+01 3.869E-03 1.213E-05 2.879E-01 2.942E+01 4.367E-01 2.986E+01   9.875E-02 1.267E-05 3.975E-08 9.431E-04 9.636E-02 1.431E-03 9.779E-02
 2.6000E+02 3.039E+01 3.568E-03 1.034E-05 2.687E-01 2.967E+01 4.424E-01 3.011E+01   9.953E-02 1.169E-05 3.387E-08 8.802E-04 9.719E-02 1.449E-03 9.864E-02
 2.8000E+02 3.061E+01 3.311E-03 8.915E-06 2.520E-01 2.991E+01 4.477E-01 3.036E+01   1.003E-01 1.085E-05 2.920E-08 8.256E-04 9.797E-02 1.466E-03 9.943E-02
 3.0000E+02 3.082E+01 3.088E-03 7.766E-06 2.375E-01 3.013E+01 4.527E-01 3.058E+01   1.010E-01 1.012E-05 2.544E-08 7.778E-04 9.869E-02 1.483E-03 1.002E-01
 3.2000E+02 3.098E+01 2.894E-03 6.826E-06 2.246E-01 3.029E+01 4.565E-01 3.075E+01   1.015E-01 9.479E-06 2.236E-08 7.355E-04 9.923E-02 1.495E-03 1.007E-01
 3.4000E+02 3.113E+01 2.722E-03 6.046E-06 2.130E-01 3.045E+01 4.601E-01 3.091E+01   1.020E-01 8.916E-06 1.981E-08 6.978E-04 9.974E-02 1.507E-03 1.012E-01
 3.6000E+02 3.127E+01 2.570E-03 5.393E-06 2.027E-01 3.060E+01 4.635E-01 3.106E+01   1.024E-01 8.417E-06 1.767E-08 6.640E-04 1.002E-01 1.518E-03 1.017E-01
 3.8000E+02 3.140E+01 2.434E-03 4.840E-06 1.934E-01 3.074E+01 4.667E-01 3.120E+01   1.029E-01 7.972E-06 1.586E-08 6.335E-04 1.007E-01 1.529E-03 1.022E-01
 4.0000E+02 3.153E+01 2.312E-03 4.369E-06 1.850E-01 3.087E+01 4.698E-01 3.134E+01   1.033E-01 7.572E-06 1.431E-08 6.059E-04 1.011E-01 1.539E-03 1.027E-01
 4.2500E+02 3.165E+01 2.175E-03 3.870E-06 1.754E-01 3.100E+01 4.729E-01 3.147E+01   1.037E-01 7.125E-06 1.268E-08 5.746E-04 1.015E-01 1.549E-03 1.031E-01
 4.5000E+02 3.177E+01 2.054E-03 3.452E-06 1.669E-01 3.112E+01 4.759E-01 3.160E+01   1.041E-01 6.727E-06 1.131E-08 5.467E-04 1.019E-01 1.559E-03 1.035E-01
 4.7500E+02 3.188E+01 1.945E-03 3.098E-06 1.592E-01 3.124E+01 4.787E-01 3.172E+01   1.044E-01 6.372E-06 1.015E-08 5.215E-04 1.023E-01 1.568E-03 1.039E-01
 5.0000E+02 3.199E+01 1.848E-03 2.796E-06 1.522E-01 3.135E+01 4.814E-01 3.183E+01   1.048E-01 6.052E-06 9.158E-09 4.986E-04 1.027E-01 1.577E-03 1.043E-01
 5.3333E+02 3.210E+01 1.732E-03 2.457E-06 1.439E-01 3.147E+01 4.844E-01 3.195E+01   1.051E-01 5.672E-06 8.049E-09 4.712E-04 1.031E-01 1.587E-03 1.047E-01
 5.6667E+02 3.221E+01 1.629E-03 2.177E-06 1.364E-01 3.158E+01 4.872E-01 3.207E+01   1.055E-01 5.337E-06 7.130E-09 4.468E-04 1.035E-01 1.596E-03 1.050E-01
 6.0000E+02 3.231E+01 1.539E-03 1.942E-06 1.297E-01 3.169E+01 4.898E-01 3.218E+01   1.058E-01 5.040E-06 6.360E-09 4.250E-04 1.038E-01 1.604E-03 1.054E-01
 6.5000E+02 3.243E+01 1.420E-03 1.654E-06 1.209E-01 3.182E+01 4.930E-01 3.231E+01   1.062E-01 4.651E-06 5.419E-09 3.961E-04 1.042E-01 1.615E-03 1.058E-01
 7.0000E+02 3.255E+01 1.318E-03 1.426E-06 1.133E-01 3.194E+01 4.960E-01 3.243E+01   1.066E-01 4.318E-06 4.672E-09 3.711E-04 1.046E-01 1.625E-03 1.062E-01
 7.5000E+02 3.265E+01 1.230E-03 1.243E-06 1.066E-01 3.205E+01 4.989E-01 3.255E+01   1.070E-01 4.029E-06 4.070E-09 3.492E-04 1.050E-01 1.634E-03 1.066E-01
 8.0000E+02 3.275E+01 1.153E-03 1.092E-06 1.007E-01 3.215E+01 5.015E-01 3.265E+01   1.073E-01 3.776E-06 3.577E-09 3.299E-04 1.053E-01 1.643E-03 1.070E-01
 8.5000E+02 3.283E+01 1.085E-03 9.674E-07 9.547E-02 3.223E+01 5.036E-01 3.273E+01   1.075E-01 3.553E-06 3.169E-09 3.127E-04 1.056E-01 1.650E-03 1.072E-01
 9.0000E+02 3.291E+01 1.024E-03 8.629E-07 9.077E-02 3.231E+01 5.055E-01 3.281E+01   1.078E-01 3.355E-06 2.827E-09 2.973E-04 1.058E-01 1.656E-03 1.075E-01
 1.0000E+03 3.304E+01 9.215E-04 6.990E-07 8.270E-02 3.245E+01 5.092E-01 3.296E+01   1.082E-01 3.019E-06 2.289E-09 2.709E-04 1.063E-01 1.668E-03 1.080E-01
 1.1000E+03 3.314E+01 8.375E-04 5.777E-07 7.599E-02 3.255E+01 5.119E-01 3.306E+01   1.085E-01 2.743E-06 1.892E-09 2.489E-04 1.066E-01 1.677E-03 1.083E-01
 1.2000E+03 3.322E+01 7.675E-04 4.854E-07 7.035E-02 3.264E+01 5.143E-01 3.315E+01   1.088E-01 2.514E-06 1.590E-09 2.304E-04 1.069E-01 1.685E-03 1.086E-01
 1.3000E+03 3.330E+01 7.082E-04 4.136E-07 6.552E-02 3.272E+01 5.165E-01 3.324E+01   1.091E-01 2.320E-06 1.355E-09 2.146E-04 1.072E-01 1.692E-03 1.089E-01
 1.4000E+03 3.338E+01 6.575E-04 3.566E-07 6.134E-02 3.280E+01 5.186E-01 3.332E+01   1.093E-01 2.154E-06 1.168E-09 2.009E-04 1.074E-01 1.699E-03 1.091E-01
 1.5000E+03 3.345E+01 6.136E-04 3.106E-07 5.769E-02 3.287E+01 5.206E-01 3.339E+01   1.096E-01 2.010E-06 1.018E-09 1.890E-04 1.077E-01 1.705E-03 1.094E-01
 1.6000E+03 3.350E+01 5.752E-04 2.730E-07 5.447E-02 3.292E+01 5.221E-01 3.344E+01   1.097E-01 1.884E-06 8.943E-10 1.784E-04 1.078E-01 1.710E-03 1.095E-01
 1.7000E+03 3.355E+01 5.414E-04 2.419E-07 5.160E-02 3.297E+01 5.234E-01 3.349E+01   1.099E-01 1.773E-06 7.922E-10 1.690E-04 1.080E-01 1.714E-03 1.097E-01
 1.8000E+03 3.359E+01 5.113E-04 2.157E-07 4.903E-02 3.302E+01 5.247E-01 3.354E+01   1.100E-01 1.675E-06 7.066E-10 1.606E-04 1.081E-01 1.719E-03 1.099E-01
 1.9000E+03 3.363E+01 4.843E-04 1.936E-07 4.672E-02 3.306E+01 5.259E-01 3.358E+01   1.102E-01 1.587E-06 6.342E-10 1.530E-04 1.083E-01 1.723E-03 1.100E-01
 2.0000E+03 3.367E+01 4.601E-04 1.747E-07 4.463E-02 3.310E+01 5.271E-01 3.363E+01   1.103E-01 1.507E-06 5.724E-10 1.462E-04 1.084E-01 1.727E-03 1.101E-01
 2.2000E+03 3.373E+01 4.183E-04 1.444E-07 4.098E-02 3.316E+01 5.287E-01 3.369E+01   1.105E-01 1.370E-06 4.730E-10 1.342E-04 1.086E-01 1.732E-03 1.104E-01
 2.4000E+03 3.379E+01 3.834E-04 1.213E-07 3.791E-02 3.322E+01 5.302E-01 3.375E+01   1.107E-01 1.256E-06 3.975E-10 1.242E-04 1.088E-01 1.737E-03 1.105E-01
 2.6000E+03 3.384E+01 3.539E-04 1.034E-07 3.528E-02 3.327E+01 5.316E-01 3.380E+01   1.108E-01 1.159E-06 3.387E-10 1.156E-04 1.090E-01 1.741E-03 1.107E-01
 2.8000E+03 3.388E+01 3.286E-04 8.915E-08 3.301E-02 3.332E+01 5.329E-01 3.385E+01   1.110E-01 1.076E-06 2.920E-10 1.081E-04 1.091E-01 1.746E-03 1.109E-01
 3.0000E+03 3.393E+01 3.067E-04 7.766E-08 3.103E-02 3.336E+01 5.341E-01 3.389E+01   1.111E-01 1.005E-06 2.544E-10 1.016E-04 1.093E-01 1.749E-03 1.110E-01
 3.2000E+03 3.395E+01 2.875E-04 6.826E-08 2.928E-02 3.339E+01 5.350E-01 3.392E+01   1.112E-01 9.417E-07 2.236E-10 9.592E-05 1.094E-01 1.753E-03 1.111E-01
 3.4000E+03 3.398E+01 2.706E-04 6.046E-08 2.773E-02 3.342E+01 5.359E-01 3.395E+01   1.113E-01 8.863E-07 1.981E-10 9.082E-05 1.095E-01 1.755E-03 1.112E-01
 3.6000E+03 3.401E+01 2.555E-04 5.393E-08 2.634E-02 3.344E+01 5.368E-01 3.398E+01   1.114E-01 8.370E-07 1.767E-10 8.627E-05 1.095E-01 1.758E-03 1.113E-01
 3.8000E+03 3.403E+01 2.421E-04 4.840E-08 2.509E-02 3.347E+01 5.375E-01 3.400E+01   1.115E-01 7.929E-07 1.586E-10 8.217E-05 1.096E-01 1.761E-03 1.114E-01
 4.0000E+03 3.405E+01 2.300E-04 4.369E-08 2.395E-02 3.349E+01 5.383E-01 3.403E+01   1.115E-01 7.532E-07 1.431E-10 7.846E-05 1.097E-01 1.763E-03 1.115E-01
 4.2500E+03 3.408E+01 2.164E-04 3.870E-08 2.268E-02 3.351E+01 5.390E-01 3.405E+01   1.116E-01 7.089E-07 1.268E-10 7.428E-05 1.098E-01 1.765E-03 1.115E-01
 4.5000E+03 3.410E+01 2.044E-04 3.452E-08 2.154E-02 3.354E+01 5.396E-01 3.408E+01   1.117E-01 6.695E-07 1.131E-10 7.055E-05 1.099E-01 1.768E-03 1.116E-01
 4.7500E+03 3.412E+01 1.936E-04 3.098E-08 2.051E-02 3.356E+01 5.402E-01 3.410E+01   1.118E-01 6.343E-07 1.015E-10 6.719E-05 1.099E-01 1.770E-03 1.117E-01
 5.0000E+03 3.414E+01 1.839E-04 2.796E-08 1.958E-02 3.358E+01 5.408E-01 3.412E+01   1.118E-01 6.025E-07 9.158E-11 6.415E-05 1.100E-01 1.771E-03 1.118E-01
 5.3333E+03 3.416E+01 1.724E-04 2.457E-08 1.847E-02 3.360E+01 5.414E-01 3.414E+01   1.119E-01 5.649E-07 8.049E-11 6.051E-05 1.101E-01 1.774E-03 1.118E-01
 5.6667E+03 3.417E+01 1.623E-04 2.177E-08 1.749E-02 3.361E+01 5.420E-01 3.416E+01   1.119E-01 5.316E-07 7.130E-11 5.728E-05 1.101E-01 1.775E-03 1.119E-01
 6.0000E+03 3.419E+01 1.533E-04 1.942E-08 1.661E-02 3.363E+01 5.426E-01 3.417E+01   1.120E-01 5.021E-07 6.360E-11 5.440E-05 1.102E-01 1.777E-03 1.119E-01
 6.5000E+03 3.421E+01 1.415E-04 1.654E-08 1.545E-02 3.365E+01 5.433E-01 3.420E+01   1.121E-01 4.634E-07 5.419E-11 5.059E-05 1.102E-01 1.780E-03 1.120E-01
 7.0000E+03 3.423E+01 1.314E-04 1.426E-08 1.444E-02 3.367E+01 5.439E-01 3.422E+01   1.121E-01 4.303E-07 4.672E-11 4.731E-05 1.103E-01 1.782E-03 1.121E-01
 7.5000E+03 3.425E+01 1.226E-04 1.243E-08 1.357E-02 3.369E+01 5.445E-01 3.424E+01   1.122E-01 4.016E-07 4.070E-11 4.444E-05 1.104E-01 1.783E-03 1.121E-01
 8.0000E+03 3.427E+01 1.149E-04 1.092E-08 1.280E-02 3.371E+01 5.450E-01 3.426E+01   1.122E-01 3.765E-07 3.577E-11 4.191E-05 1.104E-01 1.785E-03 1.122E-01
 8.5000E+03 3.428E+01 1.082E-04 9.674E-09 1.211E-02 3.372E+01 5.454E-01 3.427E+01   1.123E-01 3.544E-07 3.169E-11 3.966E-05 1.105E-01 1.787E-03 1.123E-01
 9.0000E+03 3.429E+01 1.022E-04 8.629E-09 1.150E-02 3.374E+01 5.458E-01 3.428E+01   1.123E-01 3.347E-07 2.827E-11 3.766E-05 1.105E-01 1.788E-03 1.123E-01
 1.0000E+04 3.432E+01 9.195E-05 6.990E-09 1.045E-02 3.376E+01 5.465E-01 3.431E+01   1.124E-01 3.012E-07 2.289E-11 3.422E-05 1.106E-01 1.790E-03 1.124E-01
 1.1000E+04 3.433E+01 8.359E-05 5.777E-09 9.578E-03 3.378E+01 5.470E-01 3.432E+01   1.125E-01 2.738E-07 1.892E-11 3.137E-05 1.106E-01 1.792E-03 1.124E-01
 1.2000E+04 3.435E+01 7.662E-05 4.854E-09 8.849E-03 3.379E+01 5.474E-01 3.434E+01   1.125E-01 2.510E-07 1.590E-11 2.898E-05 1.107E-01 1.793E-03 1.125E-01
 1.3000E+04 3.436E+01 7.072E-05 4.136E-09 8.226E-03 3.381E+01 5.478E-01 3.435E+01   1.126E-01 2.317E-07 1.355E-11 2.694E-05 1.107E-01 1.794E-03 1.125E-01
 1.4000E+04 3.437E+01 6.567E-05 3.566E-09 7.688E-03 3.382E+01 5.482E-01 3.437E+01   1.126E-01 2.151E-07 1.168E-11 2.518E-05 1.108E-01 1.796E-03 1.126E-01
 1.5000E+04 3.439E+01 6.129E-05 3.106E-09 7.219E-03 3.383E+01 5.485E-01 3.438E+01   1.126E-01 2.008E-07 1.018E-11 2.365E-05 1.108E-01 1.797E-03 1.126E-01
 1.6000E+04 3.439E+01 5.746E-05 2.730E-09 6.806E-03 3.384E+01 5.488E-01 3.439E+01   1.127E-01 1.882E-07 8.943E-12 2.229E-05 1.108E-01 1.798E-03 1.126E-01
 1.7000E+04 3.440E+01 5.408E-05 2.419E-09 6.439E-03 3.385E+01 5.490E-01 3.440E+01   1.127E-01 1.771E-07 7.922E-12 2.109E-05 1.109E-01 1.798E-03 1.127E-01
 1.8000E+04 3.441E+01 5.107E-05 2.157E-09 6.112E-03 3.386E+01 5.493E-01 3.440E+01   1.127E-01 1.673E-07 7.066E-12 2.002E-05 1.109E-01 1.799E-03 1.127E-01
 1.9000E+04 3.442E+01 4.838E-05 1.936E-09 5.817E-03 3.386E+01 5.495E-01 3.441E+01   1.127E-01 1.585E-07 6.342E-12 1.905E-05 1.109E-01 1.800E-03 1.127E-01
 2.0000E+04 3.443E+01 4.596E-05 1.747E-09 5.550E-03 3.387E+01 5.497E-01 3.442E+01   1.128E-01 1.506E-07 5.724E-12 1.818E-05 1.109E-01 1.801E-03 1.127E-01
 2.2000E+04 3.443E+01 4.178E-05 1.444E-09 5.086E-03 3.388E+01 5.500E-01 3.443E+01   1.128E-01 1.369E-07 4.730E-12 1.666E-05 1.110E-01 1.801E-03 1.128E-01
 2.4000E+04 3.444E+01 3.830E-05 1.213E-09 4.697E-03 3.388E+01 5.502E-01 3.443E+01   1.128E-01 1.255E-07 3.975E-12 1.538E-05 1.110E-01 1.802E-03 1.128E-01
 2.6000E+04 3.444E+01 3.535E-05 1.034E-09 4.365E-03 3.389E+01 5.504E-01 3.444E+01   1.128E-01 1.158E-07 3.387E-12 1.430E-05 1.110E-01 1.803E-03 1.128E-01
 2.8000E+04 3.445E+01 3.283E-05 8.915E-10 4.078E-03 3.389E+01 5.506E-01 3.445E+01   1.128E-01 1.075E-07 2.920E-12 1.336E-05 1.110E-01 1.804E-03 1.128E-01
 3.0000E+04 3.445E+01 3.064E-05 7.766E-10 3.828E-03 3.390E+01 5.508E-01 3.445E+01   1.129E-01 1.004E-07 2.544E-12 1.254E-05 1.110E-01 1.804E-03 1.128E-01
 3.2000E+04 3.446E+01 2.872E-05 6.826E-10 3.607E-03 3.390E+01 5.510E-01 3.446E+01   1.129E-01 9.408E-08 2.236E-12 1.182E-05 1.111E-01 1.805E-03 1.129E-01
 3.4000E+04 3.446E+01 2.703E-05 6.046E-10 3.412E-03 3.391E+01 5.511E-01 3.446E+01   1.129E-01 8.854E-08 1.981E-12 1.118E-05 1.111E-01 1.805E-03 1.129E-01
 3.6000E+04 3.447E+01 2.553E-05 5.393E-10 3.237E-03 3.391E+01 5.512E-01 3.446E+01   1.129E-01 8.362E-08 1.767E-12 1.060E-05 1.111E-01 1.806E-03 1.129E-01
 3.8000E+04 3.447E+01 2.418E-05 4.840E-10 3.081E-03 3.392E+01 5.514E-01 3.447E+01   1.129E-01 7.922E-08 1.586E-12 1.009E-05 1.111E-01 1.806E-03 1.129E-01
 4.0000E+04 3.447E+01 2.298E-05 4.368E-10 2.939E-03 3.392E+01 5.515E-01 3.447E+01   1.129E-01 7.526E-08 1.431E-12 9.626E-06 1.111E-01 1.806E-03 1.129E-01
 4.2500E+04 3.448E+01 2.162E-05 3.870E-10 2.779E-03 3.393E+01 5.516E-01 3.448E+01   1.129E-01 7.083E-08 1.268E-12 9.103E-06 1.111E-01 1.807E-03 1.129E-01
 4.5000E+04 3.448E+01 2.042E-05 3.452E-10 2.637E-03 3.393E+01 5.518E-01 3.448E+01   1.130E-01 6.689E-08 1.131E-12 8.637E-06 1.111E-01 1.807E-03 1.129E-01
 4.7500E+04 3.449E+01 1.935E-05 3.098E-10 2.509E-03 3.394E+01 5.519E-01 3.449E+01   1.130E-01 6.337E-08 1.015E-12 8.217E-06 1.112E-01 1.808E-03 1.130E-01
 5.0000E+04 3.449E+01 1.838E-05 2.796E-10 2.393E-03 3.394E+01 5.520E-01 3.449E+01   1.130E-01 6.020E-08 9.158E-13 7.838E-06 1.112E-01 1.808E-03 1.130E-01
 5.3333E+04 3.449E+01 1.723E-05 2.457E-10 2.255E-03 3.394E+01 5.521E-01 3.449E+01   1.130E-01 5.644E-08 8.049E-13 7.385E-06 1.112E-01 1.808E-03 1.130E-01
 5.6667E+04 3.449E+01 1.622E-05 2.177E-10 2.132E-03 3.394E+01 5.521E-01 3.449E+01   1.130E-01 5.312E-08 7.130E-13 6.984E-06 1.112E-01 1.809E-03 1.130E-01
 6.0000E+04 3.449E+01 1.531E-05 1.942E-10 2.023E-03 3.394E+01 5.522E-01 3.449E+01   1.130E-01 5.016E-08 6.360E-13 6.625E-06 1.112E-01 1.809E-03 1.130E-01
 6.5000E+04 3.450E+01 1.414E-05 1.654E-10 1.879E-03 3.395E+01 5.523E-01 3.450E+01   1.130E-01 4.630E-08 5.419E-13 6.154E-06 1.112E-01 1.809E-03 1.130E-01
 7.0000E+04 3.450E+01 1.313E-05 1.426E-10 1.754E-03 3.395E+01 5.524E-01 3.450E+01   1.130E-01 4.300E-08 4.672E-13 5.747E-06 1.112E-01 1.809E-03 1.130E-01
 7.5000E+04 3.451E+01 1.225E-05 1.243E-10 1.646E-03 3.396E+01 5.524E-01 3.451E+01   1.130E-01 4.013E-08 4.070E-13 5.392E-06 1.112E-01 1.810E-03 1.130E-01
 8.0000E+04 3.451E+01 1.148E-05 1.092E-10 1.551E-03 3.396E+01 5.525E-01 3.451E+01   1.131E-01 3.762E-08 3.577E-13 5.080E-06 1.112E-01 1.810E-03 1.130E-01
 8.5000E+04 3.451E+01 1.081E-05 9.674E-11 1.466E-03 3.396E+01 5.526E-01 3.451E+01   1.131E-01 3.541E-08 3.169E-13 4.803E-06 1.112E-01 1.810E-03 1.130E-01
 9.0000E+04 3.451E+01 1.021E-05 8.629E-11 1.391E-03 3.396E+01 5.527E-01 3.451E+01   1.131E-01 3.344E-08 2.827E-13 4.556E-06 1.112E-01 1.810E-03 1.130E-01
 1.0000E+05 3.451E+01 9.187E-06 6.990E-11 1.262E-03 3.396E+01 5.528E-01 3.451E+01   1.131E-01 3.009E-08 2.289E-13 4.133E-06 1.112E-01 1.811E-03 1.130E-01
